data/05_metadata_exports/SeabirdData/202305_SeabirdData/83149_stn71.cnv
* Sea-Bird SBE 9 Data File:
* FileName = J:\01_Sensor_Data\Rosette Data\Seabird\2023\CSMI 2023 Lake Ontario - May Lake Ontario Plankton Survey\stn71.hex
* Software Version Seasave V 7.26.6.26
* Temperature SN = 5270
* Conductivity SN = 1168
* Number of Bytes Per Scan = 40
* Number of Voltage Words = 5
* Number of Scans Averaged by the Deck Unit = 1
* NMEA Latitude = 43 28.67 N
* NMEA Longitude = 076 31.57 W
* NMEA UTC (Time) = Sep 29 2003  17:34:33
* NMEA baud rate = 4800
** Ship: Lake Guardian
** Cruise: Summer Survey 2022
** Station:  stn71
# nquan = 14                                
# nvalues = 20897                       
# units = specified
# name 0 = prDM: Pressure, Digiquartz [db]
# name 1 = t090C: Temperature [ITS-90, deg C]
# name 2 = c0uS/cm: Conductivity [uS/cm]
# name 3 = sbeox0V: Oxygen raw, SBE 43 [V]
# name 4 = par: PAR/Irradiance, Biospherical/Licor
# name 5 = bat: Beam Attenuation, Chelsea/Seatech [1/m]
# name 6 = xmiss: Beam Transmission, Chelsea/Seatech [%]
# name 7 = flSP: Fluorescence, Seapoint
# name 8 = spar: SPAR, Biospherical/Licor
# name 9 = upoly0: Upoly 0, Suna Nitrate
# name 10 = depFM: Depth [fresh water, m], lat = 43.4778
# name 11 = sbeox0Mg/L: Oxygen, SBE 43 [mg/l], WS = 2
# name 12 = specc: Specific Conductance [uS/cm]
# name 13 = flag: flag
# span 0 =     -0.405,      9.385       
# span 1 =     9.7839,    18.8559       
# span 2 = -1.176e+03, 450.699577       
# span 3 =     1.7497,     2.4994       
# span 4 = 3.2898e+01, 4.1213e+03       
# span 5 =    -0.0606,     2.8975       
# span 6 =    48.4625,   101.5256       
# span 7 = 0.0000e+00, 1.3040e+00       
# span 8 = 1.6678e+03, 1.9219e+03       
# span 9 =  0.0745862,  0.3755983       
# span 10 =     -0.413,      9.570      
# span 11 =     6.9634,    13.2460      
# span 12 =  -1424.767,    544.682      
# span 13 = 0.0000e+00, 0.0000e+00      
# interval = seconds: 0.0416667
# start_time = Sep 29 2003 17:34:33 [NMEA time, header]
# bad_flag = -9.990e-29
*END*
[from data line 12078]
      1.823    10.8952 235.424407     2.4921 1.4040e+03     0.8919    80.0128 2.6984e-01 1.8608e+03  0.3323590      1.859    13.1328    327.909 -9.990e-29
      1.827    10.8971 235.532512     2.4921 1.5756e+03     0.8919    80.0128 2.7106e-01 1.8608e+03  0.3323590      1.863    13.1309    328.042 -9.990e-29
      1.831    10.8994 235.520499     2.4921 1.6342e+03     0.8932    79.9867 2.7350e-01 1.8588e+03  0.3323590      1.867    13.1289    328.005 -9.990e-29
      1.835    10.8995 235.544520     2.4933 1.5845e+03     0.8932    79.9867 2.7595e-01 1.8588e+03  0.3323590      1.871    13.1363    328.037 -9.990e-29
      1.839    10.8994 235.520500     2.4933 1.3460e+03     0.8919    80.0128 2.7839e-01 1.8588e+03  0.3323590      1.875    13.1359    328.005 -9.990e-29
      1.842    10.9004 235.544521     2.4933 1.2617e+03     0.8919    80.0128 2.7961e-01 1.8608e+03  0.3340220      1.878    13.1351    328.029 -9.990e-29
      1.845    10.9015 235.544522     2.4933 1.2868e+03     0.8919    80.0128 2.8083e-01 1.8608e+03  0.3410900      1.881    13.1334    328.019 -9.990e-29
      1.848    10.9018 235.568544     2.4933 1.6205e+03     0.8932    79.9867 2.7717e-01 1.8608e+03  0.3489895      1.884    13.1337    328.050 -9.990e-29
      1.850    10.9014 235.472451     2.4933 1.8083e+03     0.8945    79.9605 2.7473e-01 1.8608e+03  0.3514841      1.886    13.1342    327.919 -9.990e-29
      1.851    10.9018 235.520498     2.4933 1.8185e+03     0.8985    79.8821 2.8449e-01 1.8628e+03  0.3514841      1.887    13.1353    327.983 -9.990e-29
      1.851    10.9028 235.544519     2.4933 1.6761e+03     0.8998    79.8560 2.9304e-01 1.8628e+03  0.3510683      1.887    13.1354    328.007 -9.990e-29
      1.851    10.9033 235.508485     2.4933 1.5979e+03     0.8998    79.8560 2.9548e-01 1.8647e+03  0.3510683      1.887    13.1356    327.952 -9.990e-29
      1.851    10.9040 235.544519     2.4933 1.5889e+03     0.8998    79.8560 2.9792e-01 1.8647e+03  0.3510683      1.887    13.1348    327.996 -9.990e-29
      1.850    10.9042 235.508484     2.4933 1.3124e+03     0.8998    79.8560 2.9792e-01 1.8628e+03  0.3510683      1.886    13.1342    327.944 -9.990e-29
      1.848    10.9045 235.568542     2.4933 1.1087e+03     0.8985    79.8821 2.9670e-01 1.8628e+03  0.3510683      1.884    13.1334    328.025 -9.990e-29
      1.847    10.9047 235.496472     2.4921 1.0779e+03     0.8998    79.8560 2.9060e-01 1.8628e+03  0.3510683      1.883    13.1258    327.923 -9.990e-29
      1.845    10.9047 235.448423     2.4921 1.0901e+03     0.8985    79.8821 2.8571e-01 1.8628e+03  0.3510683      1.881    13.1252    327.856 -9.990e-29
      1.842    10.9050 235.496471     2.4921 1.0994e+03     0.8998    79.8560 2.8694e-01 1.8628e+03  0.3510683      1.878    13.1253    327.920 -9.990e-29
      1.838    10.9053 235.460436     2.4933 1.0994e+03     0.8985    79.8821 2.9060e-01 1.8608e+03  0.3510683      1.874    13.1332    327.867 -9.990e-29
      1.833    10.9056 235.484457     2.4933 1.1118e+03     0.8985    79.8821 2.8816e-01 1.8608e+03  0.3510683      1.869    13.1333    327.898 -9.990e-29
      1.829    10.9058 235.592564     2.4933 1.1339e+03     0.8985    79.8821 2.7961e-01 1.8608e+03  0.3506525      1.865    13.1326    328.046 -9.990e-29
      1.826    10.9059 235.544517     2.4933 1.1371e+03     0.8998    79.8560 2.7350e-01 1.8608e+03  0.3506525      1.862    13.1318    327.979 -9.990e-29
      1.824    10.9063 235.460434     2.4933 1.2062e+03     0.8985    79.8821 2.7350e-01 1.8628e+03  0.3506525      1.860    13.1327    327.858 -9.990e-29
      1.822    10.9065 235.496470     2.4933 1.3961e+03     0.8985    79.8821 2.7473e-01 1.8647e+03  0.3506525      1.858    13.1327    327.906 -9.990e-29
      1.817    10.9066 235.484457     2.4945 1.4645e+03     0.8985    79.8821 2.7717e-01 1.8647e+03  0.3506525      1.853    13.1415    327.889 -9.990e-29
      1.812    10.9061 235.484456     2.4933 1.4686e+03     0.8985    79.8821 2.7717e-01 1.8647e+03  0.3510683      1.848    13.1331    327.893 -9.990e-29
      1.808    10.9059 235.532505     2.4933 1.4936e+03     0.8985    79.8821 2.7839e-01 1.8647e+03  0.3510683      1.844    13.1332    327.962 -9.990e-29
      1.805    10.9054 235.568541     2.4933 1.5063e+03     0.8985    79.8821 2.7717e-01 1.8667e+03  0.3510683      1.841    13.1325    328.017 -9.990e-29
      1.800    10.9054 235.508480     2.4933 1.5233e+03     0.8998    79.8560 2.7595e-01 1.8667e+03  0.3506525      1.835    13.1325    327.933 -9.990e-29
      1.796    10.9051 235.532505     2.4933 1.6714e+03     0.8945    79.9605 2.7839e-01 1.8667e+03  0.3506525      1.831    13.1326    327.969 -9.990e-29
      1.792    10.9053 235.496469     2.4921 1.7385e+03     0.8932    79.9867 2.8083e-01 1.8667e+03  0.3510683      1.827    13.1247    327.917 -9.990e-29
      1.788    10.9051 235.532505     2.4933 1.7336e+03     0.8932    79.9867 2.8083e-01 1.8647e+03  0.3506525      1.823    13.1317    327.969 -9.990e-29
      1.784    10.9050 235.556528     2.4933 1.4686e+03     0.8932    79.9867 2.7839e-01 1.8647e+03  0.3510683      1.819    13.1318    328.004 -9.990e-29
      1.780    10.9051 235.532504     2.4945 1.3385e+03     0.8932    79.9867 2.7839e-01 1.8647e+03  0.3510683      1.815    13.1396    327.969 -9.990e-29
      1.779    10.9054 235.532503     2.4933 1.3235e+03     0.8932    79.9867 2.7839e-01 1.8628e+03  0.3510683      1.814    13.1317    327.966 -9.990e-29
      1.779    10.9053 235.544517     2.4933 1.2302e+03     0.8932    79.9867 2.7350e-01 1.8628e+03  0.3510683      1.814    13.1318    327.984 -9.990e-29
      1.778    10.9053 235.544517     2.4933 1.1629e+03     0.8932    79.9867 2.6862e-01 1.8608e+03  0.3510683      1.813    13.1318    327.984 -9.990e-29
      1.775    10.9054 235.592564     2.4933 1.1532e+03     0.8932    79.9867 2.7106e-01 1.8608e+03  0.3510683      1.810    13.1318    328.050 -9.990e-29
      1.772    10.9056 235.508480     2.4933 1.2337e+03     0.8945    79.9605 2.7717e-01 1.8588e+03  0.3510683      1.807    13.1318    327.931 -9.990e-29
      1.769    10.9058 235.484456     2.4933 1.3235e+03     0.8919    80.0128 2.7595e-01 1.8569e+03  0.3502368      1.804    13.1317    327.896 -9.990e-29
      1.768    10.9054 235.532503     2.4933 1.3423e+03     0.8932    79.9867 2.7595e-01 1.8569e+03  0.3498210      1.803    13.1301    327.966 -9.990e-29
      1.768    10.9051 235.508482     2.4933 1.4199e+03     0.8932    79.9867 2.7839e-01 1.8569e+03  0.3494052      1.803    13.1285    327.936 -9.990e-29
      1.768    10.9054 235.532503     2.4933 1.5319e+03     0.8932    79.9867 2.8083e-01 1.8569e+03  0.3494052      1.803    13.1267    327.966 -9.990e-29
      1.768    10.9050 235.544516     2.4933 1.5623e+03     0.8932    79.9867 2.8327e-01 1.8569e+03  0.3498210      1.803    13.1260    327.987 -9.990e-29
      1.769    10.9051 235.508482     2.4933 1.4159e+03     0.8932    79.9867 2.8327e-01 1.8549e+03  0.3498210      1.804    13.1252    327.936 -9.990e-29
      1.770    10.9054 235.496467     2.4933 1.1564e+03     0.8945    79.9605 2.8449e-01 1.8529e+03  0.3498210      1.805    13.1244    327.916 -9.990e-29
      1.770    10.9054 235.508482     2.4945 1.0901e+03     0.8945    79.9605 2.8449e-01 1.8510e+03  0.3498210      1.805    13.1314    327.933 -9.990e-29
      1.770    10.9056 235.532504     2.4933 1.1728e+03     0.8932    79.9867 2.8449e-01 1.8490e+03  0.3498210      1.805    13.1229    327.965 -9.990e-29
      1.770    10.9056 235.508480     2.4933 1.4563e+03     0.8945    79.9605 2.8327e-01 1.8490e+03  0.3502368      1.805    13.1222    327.931 -9.990e-29
      1.772    10.9051 235.568538     2.4933 1.5623e+03     0.8919    80.0128 2.8449e-01 1.8470e+03  0.3502368      1.807    13.1236    328.019 -9.990e-29
      1.775    10.9051 235.520495     2.4945 1.5492e+03     0.8906    80.0390 2.8327e-01 1.8470e+03  0.3502368      1.810    13.1316    327.952 -9.990e-29
      1.778    10.9042 235.532505     2.4933 1.4686e+03     0.8906    80.0390 2.8083e-01 1.8490e+03  0.3502368      1.813    13.1236    327.977 -9.990e-29
      1.779    10.9028 235.508482     2.4933 1.4360e+03     0.8880    80.0912 2.7595e-01 1.8490e+03  0.3498210      1.814    13.1235    327.957 -9.990e-29
      1.781    10.9025 235.592566     2.4933 1.4279e+03     0.8893    80.0651 2.7350e-01 1.8490e+03  0.3502368      1.816    13.1222    328.077 -9.990e-29
      1.783    10.9026 235.496472     2.4933 1.3574e+03     0.8893    80.0651 2.7717e-01 1.8510e+03  0.3498210      1.818    13.1217    327.942 -9.990e-29
      1.785    10.9025 235.520494     2.4921 1.3198e+03     0.8880    80.0912 2.8205e-01 1.8510e+03  0.3498210      1.820    13.1117    327.976 -9.990e-29
      1.786    10.9025 235.544519     2.4933 1.3198e+03     0.8893    80.0651 2.8816e-01 1.8510e+03  0.3498210      1.821    13.1192    328.010 -9.990e-29
      1.786    10.9033 235.592565     2.4933 1.5536e+03     0.8893    80.0651 2.9670e-01 1.8510e+03  0.3498210      1.821    13.1186    328.069 -9.990e-29
      1.787    10.9030 235.604577     2.4933 1.7191e+03     0.8893    80.0651 3.0769e-01 1.8510e+03  0.3498210      1.822    13.1193    328.089 -9.990e-29
      1.789    10.9025 235.712686     2.4933 1.7385e+03     0.8906    80.0390 3.1136e-01 1.8510e+03  0.3498210      1.824    13.1193    328.244 -9.990e-29
      1.792    10.9018 235.736712     2.4933 1.5934e+03     0.8893    80.0651 3.0159e-01 1.8510e+03  0.3498210      1.827    13.1193    328.284 -9.990e-29
      1.795    10.9012 235.784761     2.4933 1.4728e+03     0.8893    80.0651 2.9426e-01 1.8510e+03  0.3498210      1.830    13.1194    328.356 -9.990e-29
      1.796    10.9015 235.748723     2.4933 1.4522e+03     0.8906    80.0390 2.9304e-01 1.8510e+03  0.3498210      1.831    13.1192    328.303 -9.990e-29
      1.798    10.9015 235.772749     2.4933 1.3460e+03     0.8906    80.0390 2.9182e-01 1.8510e+03  0.3498210      1.833    13.1191    328.337 -9.990e-29
      1.800    10.9012 235.784760     2.4921 1.2199e+03     0.8906    80.0390 2.8938e-01 1.8510e+03  0.3502368      1.835    13.1114    328.356 -9.990e-29
      1.802    10.9007 235.796774     2.4921 1.1927e+03     0.8906    80.0390 2.8938e-01 1.8510e+03  0.3502368      1.838    13.1116    328.377 -9.990e-29
      1.804    10.9005 235.796774     2.4921 1.1995e+03     0.8893    80.0651 2.8449e-01 1.8510e+03  0.3506525      1.840    13.1107    328.379 -9.990e-29
      1.804    10.9005 235.784761     2.4921 1.2029e+03     0.8893    80.0651 2.8205e-01 1.8529e+03  0.3502368      1.840    13.1109    328.363 -9.990e-29
      1.806    10.9004 235.760738     2.4921 1.2029e+03     0.8906    80.0390 2.8327e-01 1.8529e+03  0.3502368      1.842    13.1111    328.330 -9.990e-29
      1.808    10.9000 235.796774     2.4921 1.3014e+03     0.8919    80.0128 2.8327e-01 1.8529e+03  0.3502368      1.844    13.1104    328.384 -9.990e-29
      1.809    10.8999 235.748726     2.4921 1.5889e+03     0.8919    80.0128 2.7961e-01 1.8549e+03  0.3506525      1.845    13.1098    328.318 -9.990e-29
      1.810    10.8997 235.784762     2.4921 1.6903e+03     0.8932    79.9867 2.7717e-01 1.8549e+03  0.3502368      1.846    13.1102    328.370 -9.990e-29
      1.810    10.8995 235.796774     2.4921 1.6481e+03     0.8932    79.9867 2.7473e-01 1.8549e+03  0.3506525      1.846    13.1098    328.388 -9.990e-29
      1.812    10.8994 235.844824     2.4933 1.4686e+03     0.8932    79.9867 2.7595e-01 1.8569e+03  0.3506525      1.848    13.1181    328.456 -9.990e-29
      1.814    10.8995 235.880861     2.4933 1.4040e+03     0.8932    79.9867 2.7961e-01 1.8569e+03  0.3510683      1.850    13.1177    328.506 -9.990e-29
      1.815    10.8995 235.892873     2.4921 1.3922e+03     0.8932    79.9867 2.7839e-01 1.8588e+03  0.3510683      1.851    13.1114    328.522 -9.990e-29
      1.816    10.8995 235.904886     2.4921 1.3198e+03     0.8932    79.9867 2.7839e-01 1.8588e+03  0.3510683      1.852    13.1121    328.539 -9.990e-29
      1.817    10.8992 235.856836     2.4908 1.2868e+03     0.8919    80.0128 2.7961e-01 1.8588e+03  0.3506525      1.853    13.1045    328.475 -9.990e-29
      1.818    10.8994 235.844824     2.4921 1.2796e+03     0.8919    80.0128 2.8205e-01 1.8588e+03  0.3506525      1.854    13.1137    328.456 -9.990e-29
      1.820    10.8995 235.796775     2.4908 1.1499e+03     0.8919    80.0128 2.8205e-01 1.8569e+03  0.3506525      1.856    13.1051    328.388 -9.990e-29
      1.820    10.8995 235.832812     2.4921 1.0779e+03     0.8932    79.9867 2.8571e-01 1.8569e+03  0.3502368      1.856    13.1126    328.439 -9.990e-29
      1.821    10.8992 235.796775     2.4921 1.0689e+03     0.8945    79.9605 2.9304e-01 1.8549e+03  0.3506525      1.857    13.1127    328.391 -9.990e-29
      1.820    10.8992 235.820800     2.4921 1.1728e+03     0.8945    79.9605 2.9426e-01 1.8529e+03  0.3506525      1.856    13.1128    328.425 -9.990e-29
      1.820    10.8992 235.904886     2.4921 1.2547e+03     0.8932    79.9867 2.8938e-01 1.8510e+03  0.3506525      1.856    13.1129    328.542 -9.990e-29
      1.820    10.8990 235.820800     2.4921 1.2689e+03     0.8932    79.9867 2.8327e-01 1.8490e+03  0.3502368      1.856    13.1141    328.426 -9.990e-29
      1.821    10.8992 235.832812     2.4921 1.2724e+03     0.8945    79.9605 2.7961e-01 1.8470e+03  0.3506525      1.857    13.1153    328.441 -9.990e-29
      1.821    10.8992 235.808787     2.4921 1.2760e+03     0.8945    79.9605 2.7961e-01 1.8470e+03  0.3506525      1.857    13.1155    328.408 -9.990e-29
      1.822    10.8994 235.868849     2.4921 1.2760e+03     0.8945    79.9605 2.7595e-01 1.8470e+03  0.3506525      1.858    13.1168    328.490 -9.990e-29
      1.821    10.8994 235.868849     2.4921 1.3844e+03     0.8932    79.9867 2.7106e-01 1.8490e+03  0.3506525      1.857    13.1181    328.490 -9.990e-29
      1.821    10.8995 235.856836     2.4921 1.5579e+03     0.8959    79.9344 2.7595e-01 1.8490e+03  0.3506525      1.857    13.1185    328.472 -9.990e-29
      1.821    10.8994 235.856836     2.4908 1.6024e+03     0.8985    79.8821 2.8083e-01 1.8490e+03  0.3506525      1.857    13.1106    328.473 -9.990e-29
      1.820    10.8995 235.856838     2.4921 1.5667e+03     0.8998    79.8560 2.8327e-01 1.8490e+03  0.3510683      1.856    13.1186    328.472 -9.990e-29
      1.816    10.8994 235.904886     2.4921 1.4936e+03     0.8985    79.8821 2.7961e-01 1.8490e+03  0.3502368      1.852    13.1191    328.540 -9.990e-29
      1.813    10.8994 235.904884     2.4908 1.4728e+03     0.8985    79.8821 2.7473e-01 1.8490e+03  0.3498210      1.849    13.1102    328.540 -9.990e-29
      1.809    10.8997 235.892874     2.4908 1.5105e+03     0.8985    79.8821 2.6984e-01 1.8490e+03  0.3498210      1.845    13.1097    328.520 -9.990e-29
      1.805    10.8999 235.856835     2.4908 1.6481e+03     0.8985    79.8821 2.6740e-01 1.8490e+03  0.3498210      1.841    13.1093    328.468 -9.990e-29
      1.801    10.8995 235.916897     2.4908 1.6998e+03     0.8985    79.8821 2.6618e-01 1.8490e+03  0.3498210      1.837    13.1091    328.556 -9.990e-29
      1.798    10.8995 235.916898     2.4921 1.6434e+03     0.8985    79.8821 2.6862e-01 1.8490e+03  0.3498210      1.833    13.1173    328.556 -9.990e-29
      1.795    10.8999 235.892873     2.4908 1.3050e+03     0.8985    79.8821 2.6862e-01 1.8490e+03  0.3498210      1.830    13.1094    328.519 -9.990e-29
      1.792    10.9000 235.820798     2.4921 1.1761e+03     0.8985    79.8821 2.6740e-01 1.8490e+03  0.3502368      1.827    13.1195    328.417 -9.990e-29
      1.788    10.9010 235.796774     2.4921 1.1761e+03     0.8998    79.8560 2.6740e-01 1.8510e+03  0.3502368      1.823    13.1200    328.375 -9.990e-29
      1.784    10.9010 235.796772     2.4921 1.3050e+03     0.8985    79.8821 2.6618e-01 1.8510e+03  0.3502368      1.819    13.1208    328.375 -9.990e-29
