data/05_metadata_exports/SeabirdData/202305_SeabirdData/83149_stn71.cnv
* Sea-Bird SBE 9 Data File:
* FileName = J:\01_Sensor_Data\Rosette Data\Seabird\2023\CSMI 2023 Lake Ontario - May Lake Ontario Plankton Survey\stn71.hex
* Software Version Seasave V 7.26.6.26
* Temperature SN = 5270
* Conductivity SN = 1168
* Number of Bytes Per Scan = 40
* Number of Voltage Words = 5
* Number of Scans Averaged by the Deck Unit = 1
* NMEA Latitude = 43 28.67 N
* NMEA Longitude = 076 31.57 W
* NMEA UTC (Time) = Sep 29 2003  17:34:33
* NMEA baud rate = 4800
** Ship: Lake Guardian
** Cruise: Summer Survey 2022
** Station:  stn71
# nquan = 14                                
# nvalues = 20897                       
# units = specified
# name 0 = prDM: Pressure, Digiquartz [db]
# name 1 = t090C: Temperature [ITS-90, deg C]
# name 2 = c0uS/cm: Conductivity [uS/cm]
# name 3 = sbeox0V: Oxygen raw, SBE 43 [V]
# name 4 = par: PAR/Irradiance, Biospherical/Licor
# name 5 = bat: Beam Attenuation, Chelsea/Seatech [1/m]
# name 6 = xmiss: Beam Transmission, Chelsea/Seatech [%]
# name 7 = flSP: Fluorescence, Seapoint
# name 8 = spar: SPAR, Biospherical/Licor
# name 9 = upoly0: Upoly 0, Suna Nitrate
# name 10 = depFM: Depth [fresh water, m], lat = 43.4778
# name 11 = sbeox0Mg/L: Oxygen, SBE 43 [mg/l], WS = 2
# name 12 = specc: Specific Conductance [uS/cm]
# name 13 = flag: flag
# span 0 =     -0.405,      9.385       
# span 1 =     9.7839,    18.8559       
# span 2 = -1.176e+03, 450.699577       
# span 3 =     1.7497,     2.4994       
# span 4 = 3.2898e+01, 4.1213e+03       
# span 5 =    -0.0606,     2.8975       
# span 6 =    48.4625,   101.5256       
# span 7 = 0.0000e+00, 1.3040e+00       
# span 8 = 1.6678e+03, 1.9219e+03       
# span 9 =  0.0745862,  0.3755983       
# span 10 =     -0.413,      9.570      
# span 11 =     6.9634,    13.2460      
# span 12 =  -1424.767,    544.682      
# span 13 = 0.0000e+00, 0.0000e+00      
# interval = seconds: 0.0416667
# start_time = Sep 29 2003 17:34:33 [NMEA time, header]
# bad_flag = -9.990e-29
*END*
[from data line 4130]
     -0.379    16.4445   9.635655     1.7619 3.8308e+03    -0.0585   101.4733 3.5409e-02 1.8746e+03  0.0949585     -0.386     7.3616     11.624 -9.990e-29
     -0.377    16.4458   9.542082     1.7607 3.8308e+03    -0.0585   101.4733 3.5409e-02 1.8746e+03  0.0949585     -0.384     7.3543     11.510 -9.990e-29
     -0.376    16.4472   9.471903     1.7607 3.8308e+03    -0.0585   101.4733 3.5409e-02 1.8746e+03  0.0953743     -0.383     7.3537     11.425 -9.990e-29
     -0.376    16.4480   9.483600     1.7607 3.8416e+03    -0.0585   101.4733 3.5409e-02 1.8746e+03  0.0953743     -0.383     7.3532     11.439 -9.990e-29
     -0.376    16.4484   9.495296     1.7607 3.8416e+03    -0.0585   101.4733 3.4188e-02 1.8746e+03  0.0953743     -0.383     7.3534     11.453 -9.990e-29
     -0.377    16.4489   9.495296     1.7607 3.8416e+03    -0.0585   101.4733 3.4188e-02 1.8746e+03  0.0953743     -0.384     7.3529     11.453 -9.990e-29
     -0.378    16.4491   9.495296     1.7607 3.8416e+03    -0.0585   101.4733 3.5409e-02 1.8746e+03  0.0949585     -0.385     7.3531     11.453 -9.990e-29
     -0.379    16.4494   9.495296     1.7607 3.8416e+03    -0.0585   101.4733 3.5409e-02 1.8766e+03  0.0949585     -0.386     7.3533     11.453 -9.990e-29
     -0.378    16.4499   9.460207     1.7619 3.8416e+03    -0.0585   101.4733 3.6630e-02 1.8766e+03  0.0949585     -0.385     7.3596     11.411 -9.990e-29
     -0.378    16.4504   9.390029     1.7619 3.8308e+03    -0.0585   101.4733 3.6630e-02 1.8766e+03  0.0949585     -0.385     7.3591     11.326 -9.990e-29
     -0.379    16.4508   9.436814     1.7619 3.8308e+03    -0.0585   101.4733 3.7851e-02 1.8766e+03  0.0949585     -0.386     7.3587     11.382 -9.990e-29
     -0.379    16.4514   9.436814     1.7607 3.8308e+03    -0.0595   101.4994 3.6630e-02 1.8766e+03  0.0949585     -0.386     7.3519     11.382 -9.990e-29
     -0.379    16.4523   9.436814     1.7607 3.8308e+03    -0.0575   101.4472 3.4188e-02 1.8766e+03  0.0949585     -0.386     7.3519     11.382 -9.990e-29
     -0.378    16.4528   9.436814     1.7619 3.8416e+03    -0.0575   101.4472 3.1746e-02 1.8766e+03  0.0949585     -0.385     7.3594     11.382 -9.990e-29
     -0.377    16.4537   9.448510     1.7619 3.8416e+03    -0.0595   101.4994 3.0525e-02 1.8766e+03  0.0949585     -0.384     7.3595     11.395 -9.990e-29
     -0.377    16.4540   9.436814     1.7607 3.8308e+03    -0.0595   101.4994 3.6630e-02 1.8766e+03  0.0949585     -0.384     7.3528     11.381 -9.990e-29
     -0.377    16.4543   9.390028     1.7607 3.8308e+03    -0.0595   101.4994 4.3956e-02 1.8766e+03  0.0949585     -0.384     7.3530     11.325 -9.990e-29
     -0.377    16.4542   9.378332     1.7607 3.8308e+03    -0.0585   101.4733 4.3956e-02 1.8766e+03  0.0953743     -0.384     7.3533     11.311 -9.990e-29
     -0.377    16.4538   9.378332     1.7619 3.8308e+03    -0.0585   101.4733 3.6630e-02 1.8766e+03  0.0953743     -0.384     7.3611     11.311 -9.990e-29
     -0.379    16.4535   9.413421     1.7607 3.8416e+03    -0.0585   101.4733 2.6862e-02 1.8766e+03  0.0953743     -0.386     7.3546     11.353 -9.990e-29
     -0.379    16.4540   9.448510     1.7607 3.8524e+03    -0.0585   101.4733 2.4420e-02 1.8766e+03  0.0953743     -0.386     7.3541     11.395 -9.990e-29
     -0.378    16.4545   9.390028     1.7607 3.8524e+03    -0.0585   101.4733 3.0525e-02 1.8766e+03  0.0953743     -0.385     7.3543     11.325 -9.990e-29
     -0.377    16.4556   9.331547     1.7607 3.8524e+03    -0.0585   101.4733 3.7851e-02 1.8766e+03  0.0949585     -0.384     7.3538     11.254 -9.990e-29
     -0.377    16.4567   9.390028     1.7607 3.8524e+03    -0.0585   101.4733 3.9072e-02 1.8766e+03  0.0949585     -0.384     7.3532     11.324 -9.990e-29
     -0.378    16.4576   9.425117     1.7607 3.8524e+03    -0.0585   101.4733 4.0293e-02 1.8766e+03  0.0949585     -0.385     7.3527     11.366 -9.990e-29
     -0.377    16.4588   9.390028     1.7607 3.8524e+03    -0.0585   101.4733 4.2735e-02 1.8766e+03  0.0949585     -0.384     7.3527     11.323 -9.990e-29
     -0.376    16.4598   9.460206     1.7607 3.8524e+03    -0.0585   101.4733 4.5177e-02 1.8766e+03  0.0949585     -0.383     7.3522     11.408 -9.990e-29
     -0.376    16.4607   9.448510     1.7607 3.8524e+03    -0.0585   101.4733 4.1514e-02 1.8766e+03  0.0949585     -0.383     7.3523     11.393 -9.990e-29
     -0.377    16.4619   9.436814     1.7619 3.8524e+03    -0.0585   101.4733 3.9072e-02 1.8785e+03  0.0953743     -0.384     7.3592     11.379 -9.990e-29
     -0.378    16.4624   9.413421     1.7607 3.8524e+03    -0.0595   101.4994 3.7851e-02 1.8766e+03  0.0953743     -0.385     7.3525     11.351 -9.990e-29
     -0.378    16.4636   9.413421     1.7619 3.8416e+03    -0.0595   101.4994 3.9072e-02 1.8766e+03  0.0953743     -0.385     7.3587     11.350 -9.990e-29
     -0.378    16.4643   9.425117     1.7619 3.8416e+03    -0.0585   101.4733 3.6630e-02 1.8766e+03  0.0949585     -0.385     7.3588     11.364 -9.990e-29
     -0.378    16.4653   9.343243     1.7607 3.8416e+03    -0.0585   101.4733 3.0525e-02 1.8766e+03  0.0953743     -0.385     7.3513     11.265 -9.990e-29
     -0.377    16.4663   9.401724     1.7607 3.8416e+03    -0.0585   101.4733 2.5641e-02 1.8766e+03  0.0949585     -0.384     7.3519     11.336 -9.990e-29
     -0.376    16.4670   9.413421     1.7607 3.8416e+03    -0.0585   101.4733 2.6862e-02 1.8766e+03  0.0949585     -0.383     7.3520     11.349 -9.990e-29
     -0.376    16.4680   9.413421     1.7619 3.8416e+03    -0.0585   101.4733 3.1746e-02 1.8766e+03  0.0949585     -0.383     7.3594     11.349 -9.990e-29
     -0.378    16.4685   9.425117     1.7607 3.8416e+03    -0.0595   101.4994 3.5409e-02 1.8766e+03  0.0949585     -0.385     7.3527     11.363 -9.990e-29
     -0.379    16.4696   9.366635     1.7619 3.8416e+03    -0.0575   101.4472 3.7851e-02 1.8766e+03  0.0949585     -0.386     7.3595     11.292 -9.990e-29
     -0.379    16.4699   9.425117     1.7607 3.8416e+03    -0.0585   101.4733 3.9072e-02 1.8766e+03  0.0949585     -0.386     7.3533     11.363 -9.990e-29
     -0.380    16.4706   9.378332     1.7607 3.8416e+03    -0.0585   101.4733 3.9072e-02 1.8766e+03  0.0949585     -0.387     7.3539     11.306 -9.990e-29
     -0.380    16.4711   9.413421     1.7607 3.8308e+03    -0.0585   101.4733 3.6630e-02 1.8766e+03  0.0949585     -0.387     7.3534     11.348 -9.990e-29
     -0.380    16.4718   9.343243     1.7607 3.8308e+03    -0.0585   101.4733 3.6630e-02 1.8766e+03  0.0949585     -0.387     7.3528     11.264 -9.990e-29
     -0.380    16.4723   9.296458     1.7619 3.8308e+03    -0.0585   101.4733 3.6630e-02 1.8766e+03  0.0949585     -0.387     7.3591     11.207 -9.990e-29
     -0.379    16.4730   9.378332     1.7619 3.8308e+03    -0.0585   101.4733 3.6630e-02 1.8766e+03  0.0949585     -0.386     7.3591     11.305 -9.990e-29
     -0.379    16.4734   9.378332     1.7607 3.8416e+03    -0.0585   101.4733 3.6630e-02 1.8766e+03  0.0953743     -0.386     7.3518     11.305 -9.990e-29
     -0.379    16.4737   9.331547     1.7619 3.8416e+03    -0.0585   101.4733 3.5409e-02 1.8766e+03  0.0953743     -0.386     7.3581     11.249 -9.990e-29
     -0.378    16.4744   9.343243     1.7607 3.8416e+03    -0.0595   101.4994 3.5409e-02 1.8766e+03  0.0953743     -0.385     7.3507     11.263 -9.990e-29
     -0.378    16.4749   9.308154     1.7607 3.8416e+03    -0.0595   101.4994 3.5409e-02 1.8766e+03  0.0953743     -0.385     7.3502     11.220 -9.990e-29
     -0.379    16.4749   9.249673     1.7607 3.8416e+03    -0.0575   101.4472 3.6630e-02 1.8766e+03  0.0953743     -0.386     7.3498     11.150 -9.990e-29
     -0.380    16.4754  63.450287     1.7607 3.8416e+03    -0.0595   101.4994 3.6630e-02 1.8785e+03  0.0949585     -0.387     7.3481     76.484 -9.990e-29
     -0.380    16.4754  27.210939     1.7607 3.8416e+03    -0.0575   101.4472 3.6630e-02 1.8785e+03  0.0949585     -0.387     7.3485     32.801 -9.990e-29
     -0.379    16.4757   9.296458     1.7619 3.8416e+03    -0.0575   101.4472 3.6630e-02 1.8785e+03  0.0949585     -0.386     7.3552     11.206 -9.990e-29
     -0.379    16.4763   9.331547     1.7619 3.8416e+03    -0.0575   101.4472 3.5409e-02 1.8785e+03  0.0949585     -0.386     7.3547     11.248 -9.990e-29
     -0.380    16.4762   9.284762     1.7619 3.8416e+03    -0.0575   101.4472 3.5409e-02 1.8785e+03  0.0949585     -0.387     7.3548     11.192 -9.990e-29
     -0.380    16.4766   9.284762     1.7607 3.8416e+03    -0.0575   101.4472 3.4188e-02 1.8785e+03  0.0949585     -0.387     7.3481     11.192 -9.990e-29
     -0.380    16.4766   9.261369     1.7619 3.8416e+03    -0.0585   101.4733 3.6630e-02 1.8785e+03  0.0953743     -0.387     7.3557     11.164 -9.990e-29
     -0.380    16.4768   9.296458     1.7607 3.8416e+03    -0.0585   101.4733 4.0293e-02 1.8785e+03  0.0953743     -0.387     7.3496     11.206 -9.990e-29
     -0.380    16.4766   9.319850     1.7619 3.8416e+03    -0.0585   101.4733 3.9072e-02 1.8785e+03  0.0953743     -0.387     7.3560     11.234 -9.990e-29
     -0.379    16.4766   9.226281     1.7607 3.8416e+03    -0.0585   101.4733 3.9072e-02 1.8785e+03  0.0953743     -0.386     7.3487     11.121 -9.990e-29
     -0.379    16.4767   9.273066     1.7619 3.8416e+03    -0.0585   101.4733 3.6630e-02 1.8785e+03  0.0949585     -0.386     7.3551     11.178 -9.990e-29
     -0.379    16.4766   9.261369     1.7619 3.8416e+03    -0.0585   101.4733 3.5409e-02 1.8785e+03  0.0949585     -0.386     7.3553     11.164 -9.990e-29
     -0.379    16.4763   9.261370     1.7619 3.8416e+03    -0.0585   101.4733 3.5409e-02 1.8785e+03  0.0949585     -0.386     7.3549     11.164 -9.990e-29
     -0.379    16.4761   9.261369     1.7619 3.8308e+03    -0.0585   101.4733 3.5409e-02 1.8785e+03  0.0949585     -0.386     7.3552     11.164 -9.990e-29
     -0.380    16.4759   9.331547     1.7619 3.8308e+03    -0.0585   101.4733 3.5409e-02 1.8785e+03  0.0949585     -0.387     7.3554     11.248 -9.990e-29
     -0.380    16.4754   9.354939     1.7607 3.8308e+03    -0.0575   101.4472 3.4188e-02 1.8785e+03  0.0949585     -0.387     7.3482     11.277 -9.990e-29
     -0.381    16.4750   9.308154     1.7607 3.8416e+03    -0.0575   101.4472 3.4188e-02 1.8785e+03  0.0949585     -0.389     7.3479     11.220 -9.990e-29
     -0.381    16.4745   9.296458     1.7607 3.8416e+03    -0.0585   101.4733 3.5409e-02 1.8785e+03  0.0949585     -0.389     7.3476     11.206 -9.990e-29
     -0.381    16.4740   9.308154     1.7607 3.8524e+03    -0.0575   101.4472 3.5409e-02 1.8785e+03  0.0949585     -0.389     7.3484     11.221 -9.990e-29
     -0.380    16.4739   9.249673     1.7607 3.8416e+03    -0.0595   101.4994 3.4188e-02 1.8785e+03  0.0949585     -0.387     7.3486     11.150 -9.990e-29
     -0.381    16.4740   9.296458     1.7607 3.8416e+03    -0.0575   101.4472 3.5409e-02 1.8785e+03  0.0949585     -0.389     7.3482     11.207 -9.990e-29
     -0.380    16.4735   9.343243     1.7607 3.8416e+03    -0.0585   101.4733 3.5409e-02 1.8785e+03  0.0953743     -0.387     7.3485     11.263 -9.990e-29
     -0.380    16.4735   9.284762     1.7607 3.8416e+03    -0.0585   101.4733 3.5409e-02 1.8785e+03  0.0953743     -0.387     7.3487     11.193 -9.990e-29
     -0.381    16.4735   9.343243     1.7607 3.8416e+03    -0.0585   101.4733 3.4188e-02 1.8785e+03  0.0953743     -0.389     7.3483     11.263 -9.990e-29
     -0.382    16.4734   9.273066     1.7607 3.8416e+03    -0.0585   101.4733 3.1746e-02 1.8785e+03  0.0953743     -0.390     7.3480     11.178 -9.990e-29
     -0.382    16.4737   9.273066     1.7607 3.8416e+03    -0.0575   101.4472 3.1746e-02 1.8785e+03  0.0953743     -0.390     7.3481     11.178 -9.990e-29
     -0.382    16.4735   9.261370     1.7607 3.8416e+03    -0.0585   101.4733 3.2967e-02 1.8785e+03  0.0949585     -0.390     7.3477     11.164 -9.990e-29
     -0.381    16.4739   9.214585     1.7607 3.8416e+03    -0.0585   101.4733 3.6630e-02 1.8785e+03  0.0949585     -0.389     7.3479     11.108 -9.990e-29
     -0.380    16.4740   9.226281     1.7607 3.8416e+03    -0.0585   101.4733 3.5409e-02 1.8785e+03  0.0949585     -0.387     7.3481     11.122 -9.990e-29
     -0.380    16.4740   9.273066     1.7619 3.8308e+03    -0.0585   101.4733 3.4188e-02 1.8785e+03  0.0949585     -0.387     7.3552     11.178 -9.990e-29
     -0.380    16.4742   9.308154     1.7619 3.8308e+03    -0.0585   101.4733 3.1746e-02 1.8785e+03  0.0949585     -0.387     7.3548     11.221 -9.990e-29
     -0.380    16.4744   9.343243     1.7619 3.8308e+03    -0.0585   101.4733 3.0525e-02 1.8785e+03  0.0949585     -0.387     7.3556     11.263 -9.990e-29
     -0.380    16.4744   9.319850     1.7607 3.8308e+03    -0.0585   101.4733 3.4188e-02 1.8785e+03  0.0953743     -0.387     7.3484     11.235 -9.990e-29
     -0.379    16.4749   9.319850     1.7607 3.8308e+03    -0.0595   101.4994 3.9072e-02 1.8785e+03  0.0953743     -0.386     7.3486     11.234 -9.990e-29
     -0.379    16.4752   9.273066     1.7607 3.8308e+03    -0.0595   101.4994 4.1514e-02 1.8785e+03  0.0953743     -0.386     7.3482     11.178 -9.990e-29
     -0.379    16.4752   9.237977     1.7607 3.8308e+03    -0.0585   101.4733 4.1514e-02 1.8785e+03  0.0953743     -0.386     7.3485     11.136 -9.990e-29
     -0.378    16.4752   9.273066     1.7607 3.8308e+03    -0.0585   101.4733 3.9072e-02 1.8785e+03  0.0949585     -0.385     7.3488     11.178 -9.990e-29
     -0.377    16.4757   9.296458     1.7607 3.8308e+03    -0.0585   101.4733 3.9072e-02 1.8785e+03  0.0949585     -0.384     7.3491     11.206 -9.990e-29
     -0.378    16.4757   9.354939     1.7619 3.8308e+03    -0.0585   101.4733 3.9072e-02 1.8785e+03  0.0949585     -0.385     7.3569     11.277 -9.990e-29
     -0.378    16.4757   9.284762     1.7607 3.8308e+03    -0.0585   101.4733 3.7851e-02 1.8766e+03  0.0949585     -0.385     7.3510     11.192 -9.990e-29
     -0.378    16.4756   9.331547     1.7607 3.8308e+03    -0.0585   101.4733 3.7851e-02 1.8766e+03  0.0949585     -0.385     7.3508     11.248 -9.990e-29
     -0.376    16.4761   9.319850     1.7607 3.8308e+03    -0.0585   101.4733 3.6630e-02 1.8766e+03  0.0949585     -0.383     7.3510     11.234 -9.990e-29
     -0.376    16.4757   9.343243     1.7619 3.8308e+03    -0.0585   101.4733 3.7851e-02 1.8766e+03  0.0949585     -0.383     7.3582     11.262 -9.990e-29
     -0.377    16.4759   9.319850     1.7607 3.8308e+03    -0.0585   101.4733 3.6630e-02 1.8766e+03  0.0949585     -0.384     7.3511     11.234 -9.990e-29
     -0.377    16.4759   9.390028     1.7607 3.8308e+03    -0.0585   101.4733 3.6630e-02 1.8766e+03  0.0949585     -0.384     7.3508     11.319 -9.990e-29
     -0.378    16.4759   9.366635     1.7607 3.8416e+03    -0.0585   101.4733 3.6630e-02 1.8766e+03  0.0949585     -0.385     7.3505     11.291 -9.990e-29
     -0.379    16.4756   9.319850     1.7619 3.8416e+03    -0.0585   101.4733 3.6630e-02 1.8766e+03  0.0949585     -0.386     7.3571     11.234 -9.990e-29
     -0.379    16.4761   9.390028     1.7607 3.8416e+03    -0.0585   101.4733 3.5409e-02 1.8766e+03  0.0953743     -0.386     7.3499     11.319 -9.990e-29
     -0.378    16.4767   9.366635     1.7607 3.8416e+03    -0.0585   101.4733 3.5409e-02 1.8766e+03  0.0949585     -0.385     7.3495     11.290 -9.990e-29
     -0.377    16.4769   9.366635     1.7619 3.8416e+03    -0.0585   101.4733 3.6630e-02 1.8766e+03  0.0953743     -0.384     7.3560     11.290 -9.990e-29
     -0.377    16.4774   9.331546     1.7607 3.8308e+03    -0.0595   101.4994 3.6630e-02 1.8766e+03  0.0953743     -0.384     7.3494     11.248 -9.990e-29
     -0.377    16.4776   9.296458     1.7607 3.8308e+03    -0.0585   101.4733 3.5409e-02 1.8766e+03  0.0953743     -0.384     7.3490     11.206 -9.990e-29
     -0.377    16.4779   9.354939     1.7607 3.8308e+03    -0.0595   101.4994 3.5409e-02 1.8766e+03  0.0949585     -0.384     7.3487     11.276 -9.990e-29
