data/05_metadata_exports/SeabirdData/202305_SeabirdData/83149_stn71.cnv
* Sea-Bird SBE 9 Data File:
* FileName = J:\01_Sensor_Data\Rosette Data\Seabird\2023\CSMI 2023 Lake Ontario - May Lake Ontario Plankton Survey\stn71.hex
* Software Version Seasave V 7.26.6.26
* Temperature SN = 5270
* Conductivity SN = 1168
* Number of Bytes Per Scan = 40
* Number of Voltage Words = 5
* Number of Scans Averaged by the Deck Unit = 1
* NMEA Latitude = 43 28.67 N
* NMEA Longitude = 076 31.57 W
* NMEA UTC (Time) = Sep 29 2003  17:34:33
* NMEA baud rate = 4800
** Ship: Lake Guardian
** Cruise: Summer Survey 2022
** Station:  stn71
# nquan = 14                                
# nvalues = 20897                       
# units = specified
# name 0 = prDM: Pressure, Digiquartz [db]
# name 1 = t090C: Temperature [ITS-90, deg C]
# name 2 = c0uS/cm: Conductivity [uS/cm]
# name 3 = sbeox0V: Oxygen raw, SBE 43 [V]
# name 4 = par: PAR/Irradiance, Biospherical/Licor
# name 5 = bat: Beam Attenuation, Chelsea/Seatech [1/m]
# name 6 = xmiss: Beam Transmission, Chelsea/Seatech [%]
# name 7 = flSP: Fluorescence, Seapoint
# name 8 = spar: SPAR, Biospherical/Licor
# name 9 = upoly0: Upoly 0, Suna Nitrate
# name 10 = depFM: Depth [fresh water, m], lat = 43.4778
# name 11 = sbeox0Mg/L: Oxygen, SBE 43 [mg/l], WS = 2
# name 12 = specc: Specific Conductance [uS/cm]
# name 13 = flag: flag
# span 0 =     -0.405,      9.385       
# span 1 =     9.7839,    18.8559       
# span 2 = -1.176e+03, 450.699577       
# span 3 =     1.7497,     2.4994       
# span 4 = 3.2898e+01, 4.1213e+03       
# span 5 =    -0.0606,     2.8975       
# span 6 =    48.4625,   101.5256       
# span 7 = 0.0000e+00, 1.3040e+00       
# span 8 = 1.6678e+03, 1.9219e+03       
# span 9 =  0.0745862,  0.3755983       
# span 10 =     -0.413,      9.570      
# span 11 =     6.9634,    13.2460      
# span 12 =  -1424.767,    544.682      
# span 13 = 0.0000e+00, 0.0000e+00      
# interval = seconds: 0.0416667
# start_time = Sep 29 2003 17:34:33 [NMEA time, header]
# bad_flag = -9.990e-29
*END*
[from data line 17239]
      9.369    10.5446 238.668618     2.4603 3.3272e+01     0.8854    80.1435 8.6081e-01 1.6993e+03  0.3614624      9.554    13.0424    335.707 -9.990e-29
      9.369    10.5460 238.608536     2.4615 3.3272e+01     0.8854    80.1435 9.1819e-01 1.6993e+03  0.3610466      9.554    13.0495    335.610 -9.990e-29
      9.370    10.5459 238.728697     2.4603 3.3272e+01     0.8880    80.0912 9.3407e-01 1.6993e+03  0.3606308      9.555    13.0414    335.780 -9.990e-29
      9.371    10.5433 238.896930     2.4603 3.3272e+01     0.8906    80.0390 9.1331e-01 1.6993e+03  0.3606308      9.556    13.0420    336.041 -9.990e-29
      9.372    10.5416 238.944998     2.4603 3.3272e+01     0.8919    80.0128 8.8767e-01 1.6993e+03  0.3606308      9.557    13.0415    336.124 -9.990e-29
      9.372    10.5411 238.932981     2.4603 3.3272e+01     0.8919    80.0128 8.6691e-01 1.6993e+03  0.3606308      9.557    13.0415    336.112 -9.990e-29
      9.372    10.5407 238.908947     2.4615 3.3272e+01     0.8906    80.0390 8.5226e-01 1.6993e+03  0.3606308      9.557    13.0495    336.082 -9.990e-29
      9.374    10.5408 238.981048     2.4615 3.3272e+01     0.8906    80.0390 8.4493e-01 1.6993e+03  0.3606308      9.559    13.0494    336.183 -9.990e-29
      9.375    10.5403 239.065165     2.4615 3.3272e+01     0.8906    80.0390 8.3516e-01 1.6993e+03  0.3610466      9.560    13.0487    336.306 -9.990e-29
      9.376    10.5400 239.053149     2.4615 3.3272e+01     0.8919    80.0128 8.3639e-01 1.6993e+03  0.3610466      9.561    13.0480    336.292 -9.990e-29
      9.376    10.5385 239.125251     2.4615 3.3272e+01     0.8919    80.0128 8.5348e-01 1.6993e+03  0.3606308      9.561    13.0468    336.407 -9.990e-29
      9.375    10.5373 239.113235     2.4615 3.3272e+01     0.8919    80.0128 8.5348e-01 1.6993e+03  0.3610466      9.560    13.0465    336.402 -9.990e-29
      9.375    10.5362 239.161302     2.4603 3.3178e+01     0.8906    80.0390 8.3394e-01 1.6993e+03  0.3610466      9.560    13.0383    336.480 -9.990e-29
      9.376    10.5350 239.149287     2.4603 3.3178e+01     0.8919    80.0128 8.0098e-01 1.6993e+03  0.3610466      9.561    13.0382    336.474 -9.990e-29
      9.377    10.5339 239.257440     2.4603 3.3178e+01     0.8906    80.0390 7.7534e-01 1.6993e+03  0.3610466      9.562    13.0381    336.637 -9.990e-29
      9.378    10.5327 239.293492     2.4615 3.3178e+01     0.8906    80.0390 7.5214e-01 1.6993e+03  0.3610466      9.563    13.0450    336.699 -9.990e-29
      9.378    10.5316 239.269459     2.4615 3.3178e+01     0.8906    80.0390 7.5580e-01 1.6993e+03  0.3610466      9.563    13.0441    336.676 -9.990e-29
      9.378    10.5303 239.305511     2.4615 3.3178e+01     0.8906    80.0390 7.8755e-01 1.6993e+03  0.3606308      9.563    13.0442    336.739 -9.990e-29
      9.377    10.5295 239.389632     2.4615 3.3178e+01     0.8919    80.0128 8.1319e-01 1.6993e+03  0.3606308      9.562    13.0442    336.865 -9.990e-29
      9.375    10.5288 239.281478     2.4615 3.3178e+01     0.8906    80.0390 8.3639e-01 1.6993e+03  0.3606308      9.560    13.0433    336.719 -9.990e-29
      9.373    10.5290 239.233410     2.4591 3.3178e+01     0.8906    80.0390 8.3394e-01 1.6993e+03  0.3606308      9.558    13.0274    336.649 -9.990e-29
      9.371    10.5303 239.209374     2.4603 3.3178e+01     0.8919    80.0128 8.0708e-01 1.6993e+03  0.3606308      9.556    13.0349    336.603 -9.990e-29
      9.370    10.5309 239.149290     2.4615 3.3178e+01     0.8919    80.0128 7.9609e-01 1.6993e+03  0.3610466      9.555    13.0426    336.513 -9.990e-29
      9.370    10.5314 239.137273     2.4615 3.3178e+01     0.8906    80.0390 8.0220e-01 1.6993e+03  0.3610466      9.555    13.0417    336.491 -9.990e-29
      9.369    10.5342 238.836855     2.4615 3.3178e+01     0.8893    80.0651 8.0708e-01 1.6993e+03  0.3610466      9.554    13.0401    336.042 -9.990e-29
      9.368    10.5384 238.536445     2.4603 3.3178e+01     0.8906    80.0390 8.0708e-01 1.7013e+03  0.3610466      9.553    13.0301    335.580 -9.990e-29
      9.368    10.5390 238.668623     2.4603 3.3178e+01     0.8893    80.0651 8.0708e-01 1.7013e+03  0.3610466      9.553    13.0302    335.760 -9.990e-29
      9.368    10.5398 238.680638     2.4603 3.3178e+01     0.8906    80.0390 8.0464e-01 1.7013e+03  0.3635412      9.553    13.0293    335.770 -9.990e-29
      9.367    10.5423 238.608539     2.4591 3.3178e+01     0.8893    80.0651 8.0220e-01 1.7013e+03  0.3664515      9.552    13.0201    335.645 -9.990e-29
      9.365    10.5443 238.500392     2.4603 3.3178e+01     0.8906    80.0390 7.9121e-01 1.7013e+03  0.3668673      9.550    13.0277    335.473 -9.990e-29
      9.364    10.5455 238.440313     2.4603 3.3272e+01     0.8893    80.0651 7.6801e-01 1.7013e+03  0.3664515      9.549    13.0268    335.378 -9.990e-29
      9.363    10.5464 238.368216     2.4603 3.3272e+01     0.8893    80.0651 7.6923e-01 1.7013e+03  0.3664515      9.548    13.0269    335.268 -9.990e-29
      9.363    10.5469 238.356201     2.4591 3.3272e+01     0.8893    80.0651 7.9121e-01 1.7013e+03  0.3664515      9.548    13.0194    335.246 -9.990e-29
      9.362    10.5466 238.464344     2.4591 3.3272e+01     0.8893    80.0651 8.1929e-01 1.7013e+03  0.3664515      9.547    13.0192    335.401 -9.990e-29
      9.360    10.5466 238.548454     2.4591 3.3272e+01     0.8906    80.0390 8.3028e-01 1.7013e+03  0.3668673      9.545    13.0199    335.519 -9.990e-29
      9.358    10.5456 238.584504     2.4591 3.3366e+01     0.8906    80.0390 8.4493e-01 1.7013e+03  0.3664515      9.543    13.0210    335.580 -9.990e-29
      9.357    10.5467 238.272090     2.4591 3.3366e+01     0.8919    80.0128 8.4982e-01 1.7013e+03  0.3664515      9.541    13.0215    335.130 -9.990e-29
      9.355    10.5491 237.983718     2.4591 3.3366e+01     0.8906    80.0390 8.3516e-01 1.7013e+03  0.3668673      9.539    13.0207    334.702 -9.990e-29
      9.354    10.5510 237.815503     2.4591 3.3366e+01     0.8893    80.0651 8.1807e-01 1.7013e+03  0.3668673      9.538    13.0201    334.447 -9.990e-29
      9.353    10.5522 237.935653     2.4591 3.3366e+01     0.8906    80.0390 8.1197e-01 1.7013e+03  0.3672830      9.537    13.0189    334.605 -9.990e-29
      9.352    10.5522 238.055807     2.4591 3.3460e+01     0.8906    80.0390 8.0952e-01 1.7013e+03  0.3668673      9.536    13.0191    334.774 -9.990e-29
      9.352    10.5528 238.212007     2.4591 3.3460e+01     0.8906    80.0390 8.0464e-01 1.7013e+03  0.3668673      9.536    13.0201    334.988 -9.990e-29
      9.351    10.5523 238.356197     2.4591 3.3460e+01     0.8893    80.0651 7.9243e-01 1.7013e+03  0.3668673      9.535    13.0215    335.195 -9.990e-29
      9.349    10.5509 238.464339     2.4579 3.3460e+01     0.8880    80.0912 7.8999e-01 1.7013e+03  0.3664515      9.533    13.0154    335.361 -9.990e-29
      9.348    10.5496 238.476356     2.4591 3.3460e+01     0.8880    80.0912 7.8632e-01 1.7013e+03  0.3664515      9.532    13.0242    335.390 -9.990e-29
      9.347    10.5479 238.620551     2.4591 3.3460e+01     0.8880    80.0912 7.7656e-01 1.7013e+03  0.3664515      9.531    13.0235    335.609 -9.990e-29
      9.345    10.5438 238.872895     2.4591 3.3460e+01     0.8880    80.0912 7.6190e-01 1.7013e+03  0.3664515      9.529    13.0255    336.002 -9.990e-29
      9.344    10.5385 239.221385     2.4591 3.3460e+01     0.8867    80.1174 7.4359e-01 1.7013e+03  0.3664515      9.528    13.0279    336.543 -9.990e-29
      9.343    10.5344 239.461730     2.4591 3.3554e+01     0.8854    80.1435 7.2283e-01 1.7013e+03  0.3668673      9.527    13.0300    336.920 -9.990e-29
      9.344    10.5319 239.221390     2.4591 3.3460e+01     0.8854    80.1435 7.1673e-01 1.7013e+03  0.3668673      9.528    13.0318    336.605 -9.990e-29
      9.345    10.5309 239.113240     2.4591 3.3554e+01     0.8854    80.1435 7.1306e-01 1.7013e+03  0.3668673      9.529    13.0322    336.462 -9.990e-29
      9.345    10.5319 238.920971     2.4591 3.3460e+01     0.8854    80.1435 7.1062e-01 1.7013e+03  0.3668673      9.529    13.0321    336.182 -9.990e-29
      9.344    10.5359 238.704672     2.4591 3.3460e+01     0.8854    80.1435 7.0818e-01 1.7013e+03  0.3668673      9.528    13.0311    335.840 -9.990e-29
      9.344    10.5400 238.584509     2.4603 3.3460e+01     0.8854    80.1435 7.0940e-01 1.7033e+03  0.3668673      9.528    13.0370    335.632 -9.990e-29
      9.343    10.5390 238.788784     2.4591 3.3366e+01     0.8841    80.1697 7.2039e-01 1.7033e+03  0.3668673      9.527    13.0298    335.929 -9.990e-29
      9.342    10.5350 239.101218     2.4591 3.3272e+01     0.8867    80.1174 7.3748e-01 1.7033e+03  0.3668673      9.526    13.0316    336.407 -9.990e-29
      9.341    10.5326 239.281474     2.4591 3.3272e+01     0.8867    80.1174 7.6679e-01 1.7033e+03  0.3668673      9.525    13.0337    336.683 -9.990e-29
      9.342    10.5324 239.173322     2.4579 3.3178e+01     0.8867    80.1174 7.7900e-01 1.7033e+03  0.3668673      9.526    13.0264    336.533 -9.990e-29
      9.342    10.5344 238.981053     2.4591 3.3178e+01     0.8867    80.1174 7.7289e-01 1.7033e+03  0.3668673      9.526    13.0333    336.243 -9.990e-29
      9.342    10.5364 238.776770     2.4591 3.3178e+01     0.8867    80.1174 7.5702e-01 1.7033e+03  0.3668673      9.526    13.0323    335.937 -9.990e-29
      9.340    10.5385 238.644589     2.4591 3.3178e+01     0.8867    80.1174 7.4969e-01 1.7033e+03  0.3668673      9.524    13.0313    335.731 -9.990e-29
      9.340    10.5408 238.584508     2.4591 3.3084e+01     0.8867    80.1174 7.6435e-01 1.7033e+03  0.3668673      9.524    13.0303    335.625 -9.990e-29
      9.338    10.5426 238.428298     2.4591 3.3178e+01     0.8880    80.0912 7.7900e-01 1.7033e+03  0.3668673      9.522    13.0295    335.388 -9.990e-29
      9.338    10.5448 238.224027     2.4579 3.3084e+01     0.8906    80.0390 7.8510e-01 1.7033e+03  0.3668673      9.522    13.0208    335.080 -9.990e-29
      9.340    10.5472 238.139919     2.4579 3.3084e+01     0.8932    79.9867 7.9121e-01 1.7033e+03  0.3672830      9.524    13.0199    334.939 -9.990e-29
      9.342    10.5479 238.091856     2.4591 3.3084e+01     0.8932    79.9867 7.9609e-01 1.7033e+03  0.3672830      9.526    13.0274    334.865 -9.990e-29
      9.344    10.5496 238.055808     2.4591 3.3084e+01     0.8932    79.9867 8.1074e-01 1.7033e+03  0.3672830      9.528    13.0276    334.798 -9.990e-29
      9.346    10.5500 238.187979     2.4591 3.2991e+01     0.8932    79.9867 8.3028e-01 1.7033e+03  0.3672830      9.530    13.0283    334.980 -9.990e-29
      9.347    10.5487 238.320151     2.4579 3.2991e+01     0.8932    79.9867 8.3394e-01 1.7033e+03  0.3668673      9.531    13.0208    335.178 -9.990e-29
      9.347    10.5489 238.356199     2.4579 3.2991e+01     0.8932    79.9867 8.2173e-01 1.7033e+03  0.3668673      9.531    13.0206    335.227 -9.990e-29
      9.346    10.5499 238.091854     2.4591 3.2898e+01     0.8945    79.9605 8.0952e-01 1.7033e+03  0.3668673      9.530    13.0281    334.846 -9.990e-29
      9.345    10.5515 238.043791     2.4579 3.2898e+01     0.8932    79.9867 8.1319e-01 1.7033e+03  0.3668673      9.529    13.0196    334.763 -9.990e-29
      9.346    10.5522 238.067822     2.4579 3.2898e+01     0.8932    79.9867 8.3394e-01 1.7033e+03  0.3668673      9.530    13.0194    334.791 -9.990e-29
      9.348    10.5515 238.151930     2.4579 3.2898e+01     0.8932    79.9867 8.3394e-01 1.7033e+03  0.3668673      9.532    13.0197    334.915 -9.990e-29
      9.350    10.5517 238.127900     2.4579 3.2898e+01     0.8932    79.9867 8.1807e-01 1.7033e+03  0.3668673      9.534    13.0197    334.880 -9.990e-29
      9.351    10.5528 237.947668     2.4579 3.2898e+01     0.8932    79.9867 7.9365e-01 1.7033e+03  0.3668673      9.535    13.0194    334.616 -9.990e-29
      9.352    10.5546 237.707367     2.4579 3.2898e+01     0.8932    79.9867 7.6923e-01 1.7033e+03  0.3668673      9.536    13.0190    334.261 -9.990e-29
      9.353    10.5565 237.611246     2.4579 3.2898e+01     0.8919    80.0128 7.4725e-01 1.7033e+03  0.3672830      9.537    13.0186    334.108 -9.990e-29
      9.354    10.5583 237.683334     2.4579 3.2898e+01     0.8919    80.0128 7.4115e-01 1.7033e+03  0.3672830      9.538    13.0191    334.193 -9.990e-29
      9.354    10.5593 237.755422     2.4579 3.2991e+01     0.8932    79.9867 7.4725e-01 1.7033e+03  0.3672830      9.538    13.0200    334.285 -9.990e-29
      9.355    10.5606 237.803481     2.4591 3.2898e+01     0.8932    79.9867 7.5458e-01 1.7033e+03  0.3676988      9.539    13.0277    334.340 -9.990e-29
      9.356    10.5611 237.743407     2.4591 3.2898e+01     0.8919    80.0128 7.5824e-01 1.7033e+03  0.3685303      9.540    13.0288    334.251 -9.990e-29
      9.358    10.5605 237.803481     2.4579 3.2991e+01     0.8932    79.9867 7.6679e-01 1.7033e+03  0.3685303      9.543    13.0214    334.341 -9.990e-29
      9.360    10.5594 237.995725     2.4579 3.2991e+01     0.8919    80.0128 7.7411e-01 1.7033e+03  0.3685303      9.545    13.0229    334.621 -9.990e-29
      9.361    10.5576 238.115880     2.4579 3.2991e+01     0.8906    80.0390 7.7900e-01 1.7033e+03  0.3685303      9.546    13.0247    334.807 -9.990e-29
      9.361    10.5563 238.067818     2.4579 3.3084e+01     0.8893    80.0651 7.8755e-01 1.7033e+03  0.3685303      9.546    13.0263    334.752 -9.990e-29
      9.361    10.5553 238.091851     2.4579 3.3084e+01     0.8906    80.0390 7.8877e-01 1.7033e+03  0.3685303      9.546    13.0269    334.795 -9.990e-29
      9.362    10.5543 238.151928     2.4579 3.3084e+01     0.8906    80.0390 7.9365e-01 1.7033e+03  0.3689461      9.547    13.0276    334.889 -9.990e-29
      9.363    10.5533 238.187977     2.4579 3.3084e+01     0.8919    80.0128 8.0708e-01 1.7033e+03  0.3689461      9.548    13.0274    334.949 -9.990e-29
      9.363    10.5535 238.103868     2.4579 3.3084e+01     0.8906    80.0390 8.2418e-01 1.7033e+03  0.3685303      9.548    13.0267    334.829 -9.990e-29
      9.363    10.5538 238.079836     2.4591 3.3084e+01     0.8906    80.0390 8.1563e-01 1.7033e+03  0.3689461      9.548    13.0349    334.792 -9.990e-29
      9.363    10.5545 237.983714     2.4591 3.3084e+01     0.8906    80.0390 8.0586e-01 1.7033e+03  0.3689461      9.548    13.0351    334.651 -9.990e-29
      9.364    10.5560 237.815499     2.4591 3.3178e+01     0.8906    80.0390 8.1441e-01 1.7052e+03  0.3689461      9.549    13.0359    334.400 -9.990e-29
      9.365    10.5565 237.863560     2.4579 3.3178e+01     0.8906    80.0390 8.0952e-01 1.7033e+03  0.3689461      9.550    13.0283    334.463 -9.990e-29
      9.365    10.5558 238.079835     2.4579 3.3178e+01     0.8906    80.0390 7.9731e-01 1.7052e+03  0.3689461      9.550    13.0289    334.774 -9.990e-29
      9.365    10.5553 238.115881     2.4579 3.3272e+01     0.8906    80.0390 7.9487e-01 1.7033e+03  0.3689461      9.550    13.0303    334.829 -9.990e-29
      9.366    10.5548 238.019759     2.4579 3.3272e+01     0.8919    80.0128 7.9853e-01 1.7052e+03  0.3685303      9.551    13.0308    334.699 -9.990e-29
      9.367    10.5548 238.031775     2.4579 3.3272e+01     0.8906    80.0390 7.8388e-01 1.7052e+03  0.3685303      9.552    13.0311    334.715 -9.990e-29
      9.365    10.5546 238.091852     2.4579 3.3272e+01     0.8906    80.0390 7.7778e-01 1.7052e+03  0.3685303      9.550    13.0314    334.802 -9.990e-29
      9.365    10.5545 238.115880     2.4579 3.3272e+01     0.8906    80.0390 7.8144e-01 1.7052e+03  0.3685303      9.550    13.0316    334.837 -9.990e-29
      9.367    10.5542 238.043791     2.4579 3.3272e+01     0.8919    80.0128 7.9121e-01 1.7052e+03  0.3685303      9.552    13.0311    334.738 -9.990e-29
      9.369    10.5538 238.103868     2.4579 3.3272e+01     0.8906    80.0390 8.0342e-01 1.7052e+03  0.3685303      9.554    13.0314    334.826 -9.990e-29
