data/05_metadata_exports/SeabirdData/202305_SeabirdData/83149_stn71.cnv
* Sea-Bird SBE 9 Data File:
* FileName = J:\01_Sensor_Data\Rosette Data\Seabird\2023\CSMI 2023 Lake Ontario - May Lake Ontario Plankton Survey\stn71.hex
* Software Version Seasave V 7.26.6.26
* Temperature SN = 5270
* Conductivity SN = 1168
* Number of Bytes Per Scan = 40
* Number of Voltage Words = 5
* Number of Scans Averaged by the Deck Unit = 1
* NMEA Latitude = 43 28.67 N
* NMEA Longitude = 076 31.57 W
* NMEA UTC (Time) = Sep 29 2003  17:34:33
* NMEA baud rate = 4800
** Ship: Lake Guardian
** Cruise: Summer Survey 2022
** Station:  stn71
# nquan = 14                                
# nvalues = 20897                       
# units = specified
# name 0 = prDM: Pressure, Digiquartz [db]
# name 1 = t090C: Temperature [ITS-90, deg C]
# name 2 = c0uS/cm: Conductivity [uS/cm]
# name 3 = sbeox0V: Oxygen raw, SBE 43 [V]
# name 4 = par: PAR/Irradiance, Biospherical/Licor
# name 5 = bat: Beam Attenuation, Chelsea/Seatech [1/m]
# name 6 = xmiss: Beam Transmission, Chelsea/Seatech [%]
# name 7 = flSP: Fluorescence, Seapoint
# name 8 = spar: SPAR, Biospherical/Licor
# name 9 = upoly0: Upoly 0, Suna Nitrate
# name 10 = depFM: Depth [fresh water, m], lat = 43.4778
# name 11 = sbeox0Mg/L: Oxygen, SBE 43 [mg/l], WS = 2
# name 12 = specc: Specific Conductance [uS/cm]
# name 13 = flag: flag
# span 0 =     -0.405,      9.385       
# span 1 =     9.7839,    18.8559       
# span 2 = -1.176e+03, 450.699577       
# span 3 =     1.7497,     2.4994       
# span 4 = 3.2898e+01, 4.1213e+03       
# span 5 =    -0.0606,     2.8975       
# span 6 =    48.4625,   101.5256       
# span 7 = 0.0000e+00, 1.3040e+00       
# span 8 = 1.6678e+03, 1.9219e+03       
# span 9 =  0.0745862,  0.3755983       
# span 10 =     -0.413,      9.570      
# span 11 =     6.9634,    13.2460      
# span 12 =  -1424.767,    544.682      
# span 13 = 0.0000e+00, 0.0000e+00      
# interval = seconds: 0.0416667
# start_time = Sep 29 2003 17:34:33 [NMEA time, header]
# bad_flag = -9.990e-29
*END*
[from data line 6607]
      1.865    10.8586 242.514227     2.2686 1.0749e+03     0.9024    79.8037 2.7350e-01 1.8667e+03  0.3477422      1.902    11.5242    338.129 0.0000e+00
      1.870    10.8562 242.369974     2.2674 1.1307e+03     0.9076    79.6991 2.7595e-01 1.8667e+03  0.3477422      1.907    11.5031    337.950 0.0000e+00
      1.876    10.8550 242.285825     2.2662 1.2406e+03     0.9116    79.6207 2.7717e-01 1.8647e+03  0.3477422      1.913    11.4840    337.844 0.0000e+00
      1.882    10.8541 242.141575     2.2650 1.2724e+03     0.9142    79.5685 2.7595e-01 1.8647e+03  0.3477422      1.919    11.4654    337.652 0.0000e+00
      1.888    10.8531 242.021367     2.2637 1.3536e+03     0.9129    79.5946 2.6862e-01 1.8647e+03  0.3477422      1.925    11.4477    337.494 0.0000e+00
      1.893    10.8518 241.817016     2.2625 1.6114e+03     0.9116    79.6207 2.6496e-01 1.8647e+03  0.3481580      1.930    11.4323    337.221 -9.990e-29
      1.897    10.8505 241.696813     2.2613 1.7094e+03     0.9129    79.5946 2.6618e-01 1.8647e+03  0.3485737      1.934    11.4176    337.065 -9.990e-29
      1.901    10.8493 241.588632     2.2601 1.7239e+03     0.9129    79.5946 2.6496e-01 1.8647e+03  0.3477422      1.938    11.4054    336.926 -9.990e-29
      1.905    10.8487 241.468432     2.2589 1.7831e+03     0.9129    79.5946 2.6618e-01 1.8647e+03  0.3477422      1.943    11.3940    336.764 -9.990e-29
      1.907    10.8492 241.396311     2.2576 1.8083e+03     0.9129    79.5946 2.6740e-01 1.8647e+03  0.3477422      1.945    11.3824    336.659 -9.990e-29
      1.908    10.8515 241.396310     2.2564 1.7831e+03     0.9129    79.5946 2.7473e-01 1.8647e+03  0.3477422      1.946    11.3720    336.637 -9.990e-29
      1.907    10.8536 241.336208     2.2564 1.4769e+03     0.9129    79.5946 2.7839e-01 1.8647e+03  0.3477422      1.945    11.3712    336.533 -9.990e-29
      1.906    10.8553 241.276108     2.2552 1.3498e+03     0.9129    79.5946 2.7717e-01 1.8647e+03  0.3477422      1.944    11.3636    336.434 -9.990e-29
      1.905    10.8562 241.324186     2.2527 1.3347e+03     0.9116    79.6207 2.7717e-01 1.8647e+03  0.3477422      1.943    11.3479    336.492 -9.990e-29
      1.904    10.8569 241.384286     2.2515 1.1403e+03     0.9129    79.5946 2.7839e-01 1.8647e+03  0.3481580      1.942    11.3407    336.569 -9.990e-29
      1.900    10.8579 241.336204     2.2515 1.0305e+03     0.9142    79.5685 2.7717e-01 1.8628e+03  0.3481580      1.937    11.3432    336.493 -9.990e-29
      1.896    10.8589 241.384283     2.2503 1.0161e+03     0.9129    79.5946 2.7595e-01 1.8628e+03  0.3481580      1.933    11.3372    336.551 -9.990e-29
      1.892    10.8595 241.480442     2.2503 9.6597e+02     0.9129    79.5946 2.7595e-01 1.8628e+03  0.3481580      1.929    11.3402    336.679 -9.990e-29
      1.888    10.8609 241.576602     2.2503 9.2088e+02     0.9129    79.5946 2.7595e-01 1.8628e+03  0.3485737      1.925    11.3424    336.800 -9.990e-29
      1.883    10.8619 241.540541     2.2491 9.1315e+02     0.9129    79.5946 2.7717e-01 1.8628e+03  0.3489895      1.920    11.3362    336.740 -9.990e-29
      1.877    10.8629 241.732864     2.2491 1.2372e+03     0.9129    79.5946 2.7717e-01 1.8628e+03  0.3485737      1.914    11.3389    336.999 -9.990e-29
      1.871    10.8642 241.804986     2.2479 1.7191e+03     0.9011    79.8298 2.8083e-01 1.8608e+03  0.3485737      1.908    11.3348    337.087 -9.990e-29
      1.865    10.8648 241.913171     2.2479 1.8391e+03     0.8854    80.1435 2.9426e-01 1.8608e+03  0.3485737      1.902    11.3381    337.233 -9.990e-29
      1.857    10.8660 241.997313     2.2466 1.8185e+03     0.8802    80.2481 3.0159e-01 1.8608e+03  0.3489895      1.894    11.3331    337.339 -9.990e-29
      1.849    10.8665 242.165605     2.2454 1.8134e+03     0.8815    80.2219 3.0281e-01 1.8588e+03  0.3489895      1.885    11.3291    337.568 -9.990e-29
      1.841    10.8673 242.369965     2.2454 1.8134e+03     0.8815    80.2219 3.0281e-01 1.8588e+03  0.3494052      1.877    11.3322    337.846 -9.990e-29
      1.832    10.8678 242.550283     2.2454 1.8704e+03     0.8815    80.2219 2.9792e-01 1.8588e+03  0.3494052      1.868    11.3356    338.092 -9.990e-29
      1.824    10.8680 242.838806     2.2442 2.0179e+03     0.8828    80.1958 2.9426e-01 1.8588e+03  0.3489895      1.860    11.3315    338.493 -9.990e-29
      1.816    10.8685 243.043179     2.2442 2.0638e+03     0.8828    80.1958 2.9182e-01 1.8588e+03  0.3489895      1.852    11.3343    338.773 -9.990e-29
      1.808    10.8685 243.283628     2.2442 1.8704e+03     0.8828    80.1958 2.9060e-01 1.8588e+03  0.3489895      1.844    11.3365    339.108 -9.990e-29
      1.800    10.8688 243.536103     2.2430 1.2724e+03     0.8815    80.2219 2.9060e-01 1.8569e+03  0.3489895      1.835    11.3310    339.457 -9.990e-29
      1.792    10.8690 243.776564     2.2442 1.1024e+03     0.8815    80.2219 2.9426e-01 1.8569e+03  0.3489895      1.827    11.3412    339.790 -9.990e-29
      1.786    10.8690 244.017031     2.2430 1.1024e+03     0.8815    80.2219 2.9915e-01 1.8569e+03  0.3489895      1.821    11.3351    340.126 -9.990e-29
      1.780    10.8691 244.113220     2.2418 1.1275e+03     0.8815    80.2219 2.9915e-01 1.8569e+03  0.3485737      1.815    11.3291    340.259 -9.990e-29
      1.773    10.8695 244.269529     2.2418 1.1339e+03     0.8828    80.1958 2.9304e-01 1.8569e+03  0.3489895      1.808    11.3308    340.473 -9.990e-29
      1.768    10.8701 244.425839     2.2418 1.1403e+03     0.8815    80.2219 2.8816e-01 1.8569e+03  0.3489895      1.803    11.3324    340.685 -9.990e-29
      1.762    10.8701 244.510009     2.2418 1.2904e+03     0.8815    80.2219 2.8571e-01 1.8569e+03  0.3489895      1.797    11.3342    340.802 -9.990e-29
      1.758    10.8708 244.666324     2.2405 1.3844e+03     0.8815    80.2219 2.8816e-01 1.8569e+03  0.3489895      1.793    11.3283    341.013 -9.990e-29
      1.753    10.8706 244.750497     2.2393 1.3961e+03     0.8815    80.2219 2.9304e-01 1.8569e+03  0.3489895      1.788    11.3214    341.133 -9.990e-29
      1.749    10.8706 244.810618     2.2393 1.7142e+03     0.8815    80.2219 2.9670e-01 1.8569e+03  0.3489895      1.783    11.3221    341.217 -9.990e-29
      1.745    10.8709 244.834667     2.2381 1.9785e+03     0.8828    80.1958 3.0037e-01 1.8569e+03  0.3489895      1.779    11.3165    341.247 -9.990e-29
      1.742    10.8713 244.918841     2.2369 2.0235e+03     0.8828    80.1958 3.0647e-01 1.8569e+03  0.3489895      1.776    11.3099    341.361 -9.990e-29
      1.738    10.8711 244.906814     2.2357 1.9730e+03     0.8828    80.1958 3.0891e-01 1.8569e+03  0.3489895      1.772    11.3034    341.346 -9.990e-29
      1.736    10.8713 244.930865     2.2344 1.9345e+03     0.8802    80.2481 3.0403e-01 1.8569e+03  0.3494052      1.770    11.2968    341.377 -9.990e-29
      1.734    10.8716 244.798594     2.2344 1.9291e+03     0.8815    80.2219 2.9915e-01 1.8549e+03  0.3494052      1.768    11.2994    341.190 -9.990e-29
      1.731    10.8721 244.786568     2.2344 1.5449e+03     0.8815    80.2219 2.9426e-01 1.8549e+03  0.3489895      1.765    11.3027    341.169 -9.990e-29
      1.728    10.8729 244.690371     2.2332 1.1339e+03     0.8815    80.2219 2.9060e-01 1.8549e+03  0.3489895      1.762    11.2978    341.027 -9.990e-29
      1.725    10.8743 244.582149     2.2320 1.0510e+03     0.8815    80.2219 2.8938e-01 1.8549e+03  0.3489895      1.759    11.2935    340.863 -9.990e-29
      1.725    10.8749 244.413811     2.2320 1.0480e+03     0.8815    80.2219 2.9182e-01 1.8549e+03  0.3489895      1.759    11.2960    340.623 -9.990e-29
      1.727    10.8761 244.185355     2.2308 1.0334e+03     0.8815    80.2219 2.9670e-01 1.8549e+03  0.3494052      1.761    11.2912    340.293 -9.990e-29
      1.728    10.8767 244.113213     2.2308 1.0276e+03     0.8815    80.2219 3.0037e-01 1.8549e+03  0.3494052      1.762    11.2957    340.187 -9.990e-29
      1.728    10.8777 244.029047     2.2308 1.1244e+03     0.8815    80.2219 2.9670e-01 1.8549e+03  0.3498210      1.762    11.2999    340.060 -9.990e-29
      1.729    10.8783 243.932858     2.2295 1.4728e+03     0.8815    80.2219 2.9182e-01 1.8529e+03  0.3494052      1.763    11.2953    339.920 -9.990e-29
      1.729    10.8788 243.932858     2.2283 1.6114e+03     0.8815    80.2219 2.9304e-01 1.8529e+03  0.3494052      1.763    11.2929    339.915 -9.990e-29
      1.730    10.8793 243.872740     2.2283 1.5979e+03     0.8828    80.1958 2.9426e-01 1.8529e+03  0.3494052      1.764    11.2988    339.827 -9.990e-29
      1.731    10.8793 243.764531     2.2283 1.5405e+03     0.8828    80.1958 3.0159e-01 1.8510e+03  0.3494052      1.765    11.3044    339.676 -9.990e-29
      1.733    10.8797 243.740484     2.2271 1.5190e+03     0.8815    80.2219 3.0525e-01 1.8529e+03  0.3489895      1.767    11.3035    339.639 -9.990e-29
      1.735    10.8800 243.692392     2.2271 1.5233e+03     0.8815    80.2219 3.0037e-01 1.8529e+03  0.3489895      1.769    11.3100    339.569 -9.990e-29
      1.737    10.8804 243.644299     2.2271 1.5756e+03     0.8815    80.2219 2.9548e-01 1.8510e+03  0.3489895      1.771    11.3170    339.498 -9.990e-29
      1.739    10.8807 243.668345     2.2271 1.5979e+03     0.8815    80.2219 2.9060e-01 1.8510e+03  0.3489895      1.773    11.3244    339.529 -9.990e-29
      1.742    10.8805 243.632277     2.2259 1.6024e+03     0.8815    80.2219 2.9426e-01 1.8510e+03  0.3489895      1.776    11.3254    339.480 -9.990e-29
      1.743    10.8805 243.632276     2.2271 1.7780e+03     0.8815    80.2219 2.9426e-01 1.8510e+03  0.3489895      1.777    11.3422    339.480 -9.990e-29
      1.745    10.8799 243.572162     2.2259 1.8968e+03     0.8815    80.2219 2.9060e-01 1.8510e+03  0.3489895      1.779    11.3431    339.402 -9.990e-29
      1.748    10.8797 243.451935     2.2259 1.9129e+03     0.8815    80.2219 2.8938e-01 1.8510e+03  0.3489895      1.782    11.3520    339.237 -9.990e-29
      1.749    10.8802 243.343729     2.2271 1.3844e+03     0.8815    80.2219 2.9304e-01 1.8510e+03  0.3494052      1.783    11.3688    339.081 -9.990e-29
      1.752    10.8805 243.175414     2.2259 1.0480e+03     0.8815    80.2219 2.9792e-01 1.8510e+03  0.3494052      1.787    11.3694    338.844 -9.990e-29
      1.755    10.8781 243.079238     2.2247 9.9912e+02     0.8802    80.2481 3.0159e-01 1.8510e+03  0.3494052      1.790    11.3709    338.732 -9.990e-29
      1.757    10.8731 242.910931     2.2247 1.0510e+03     0.8802    80.2481 2.9915e-01 1.8510e+03  0.3498210      1.792    11.3802    338.545 -9.990e-29
      1.760    10.8673 242.754652     2.2259 1.1118e+03     0.8815    80.2219 2.9426e-01 1.8510e+03  0.3494052      1.795    11.3967    338.382 -9.990e-29
      1.763    10.8619 242.766678     2.2259 1.1244e+03     0.8815    80.2219 2.9182e-01 1.8510e+03  0.3494052      1.798    11.4054    338.450 -9.990e-29
      1.764    10.8567 242.682530     2.2259 1.3498e+03     0.8802    80.2481 2.9182e-01 1.8490e+03  0.3494052      1.799    11.4140    338.382 -9.990e-29
      1.765    10.8528 242.586359     2.2259 1.8134e+03     0.8815    80.2219 2.9060e-01 1.8490e+03  0.3502368      1.800    11.4215    338.284 -9.990e-29
      1.766    10.8500 242.490190     2.2247 1.9509e+03     0.8802    80.2481 2.8816e-01 1.8490e+03  0.3502368      1.801    11.4209    338.177 -9.990e-29
      1.768    10.8476 242.285828     2.2259 1.7982e+03     0.8802    80.2481 2.8694e-01 1.8490e+03  0.3498210      1.803    11.4357    337.914 -9.990e-29
      1.771    10.8460 242.201683     2.2271 1.4894e+03     0.8802    80.2481 2.8571e-01 1.8490e+03  0.3502368      1.806    11.4494    337.812 -9.990e-29
      1.774    10.8450 242.153600     2.2259 1.4040e+03     0.8815    80.2219 2.8571e-01 1.8490e+03  0.3502368      1.809    11.4472    337.754 -9.990e-29
      1.776    10.8442 242.069454     2.2259 1.3728e+03     0.8815    80.2219 2.8449e-01 1.8490e+03  0.3502368      1.811    11.4535    337.644 -9.990e-29
      1.778    10.8432 241.997330     2.2271 1.2441e+03     0.8815    80.2219 2.8449e-01 1.8490e+03  0.3506525      1.813    11.4658    337.553 -9.990e-29
      1.780    10.8430 241.949247     2.2271 1.1995e+03     0.8815    80.2219 2.8816e-01 1.8490e+03  0.3506525      1.815    11.4690    337.488 -9.990e-29
      1.782    10.8431 241.877123     2.2271 1.2062e+03     0.8815    80.2219 2.9304e-01 1.8490e+03  0.3506525      1.817    11.4720    337.387 -9.990e-29
      1.784    10.8427 241.865103     2.2271 1.2724e+03     0.8802    80.2481 2.9548e-01 1.8490e+03  0.3502368      1.819    11.4750    337.374 -9.990e-29
      1.786    10.8429 241.768939     2.2271 1.3014e+03     0.8815    80.2219 2.9670e-01 1.8490e+03  0.3502368      1.821    11.4759    337.237 -9.990e-29
      1.787    10.8434 241.780959     2.2283 1.3087e+03     0.8867    80.1174 3.0281e-01 1.8490e+03  0.3502368      1.822    11.4844    337.250 -9.990e-29
      1.790    10.8439 241.804999     2.2283 1.4279e+03     0.8867    80.1174 3.0525e-01 1.8490e+03  0.3502368      1.825    11.4849    337.278 -9.990e-29
      1.793    10.8450 241.732876     2.2295 1.5020e+03     0.8880    80.0912 3.0525e-01 1.8490e+03  0.3502368      1.828    11.4920    337.167 -9.990e-29
      1.796    10.8460 241.804999     2.2295 1.5063e+03     0.8880    80.0912 3.0281e-01 1.8490e+03  0.3502368      1.831    11.4904    337.259 -9.990e-29
      1.798    10.8473 241.841058     2.2295 1.3922e+03     0.8880    80.0912 3.0037e-01 1.8490e+03  0.3502368      1.833    11.4885    337.297 -9.990e-29
      1.800    10.8485 241.925202     2.2308 1.3161e+03     0.8880    80.0912 2.9548e-01 1.8490e+03  0.3498210      1.835    11.4940    337.403 -9.990e-29
      1.802    10.8499 242.021368     2.2308 1.3050e+03     0.8880    80.0912 2.9792e-01 1.8490e+03  0.3502368      1.838    11.4901    337.524 -9.990e-29
      1.804    10.8510 242.009345     2.2308 1.3423e+03     0.8880    80.0912 3.0281e-01 1.8490e+03  0.3502368      1.840    11.4872    337.497 -9.990e-29
      1.806    10.8526 242.057427     2.2320 1.3805e+03     0.8880    80.0912 3.0281e-01 1.8490e+03  0.3502368      1.842    11.4909    337.549 -9.990e-29
      1.809    10.8539 242.117531     2.2320 1.3883e+03     0.8880    80.0912 3.0281e-01 1.8490e+03  0.3502368      1.845    11.4851    337.620 -9.990e-29
      1.811    10.8550 242.297846     2.2320 1.3613e+03     0.8867    80.1174 3.0403e-01 1.8490e+03  0.3502368      1.847    11.4793    337.861 -9.990e-29
      1.812    10.8562 242.430078     2.2320 1.3272e+03     0.8867    80.1174 3.0281e-01 1.8490e+03  0.3506525      1.848    11.4734    338.034 -9.990e-29
      1.814    10.8574 242.610401     2.2320 1.3198e+03     0.8880    80.0912 3.0525e-01 1.8490e+03  0.3506525      1.850    11.4667    338.274 -9.990e-29
      1.816    10.8584 242.850834     2.2320 1.2868e+03     0.8867    80.1174 3.1013e-01 1.8490e+03  0.3506525      1.852    11.4591    338.600 -9.990e-29
      1.817    10.8595 243.055210     2.2332 1.2268e+03     0.8880    80.0912 3.1013e-01 1.8490e+03  0.3506525      1.853    11.4593    338.875 -9.990e-29
      1.820    10.8602 243.295656     2.2332 1.2096e+03     0.8867    80.1174 3.0647e-01 1.8490e+03  0.3494052      1.856    11.4511    339.203 -9.990e-29
      1.823    10.8607 243.536111     2.2332 1.1307e+03     0.8880    80.0912 3.0647e-01 1.8490e+03  0.3485737      1.859    11.4430    339.534 -9.990e-29
      1.826    10.8615 243.740501     2.2332 9.1315e+02     0.8880    80.0912 3.1013e-01 1.8490e+03  0.3481580      1.862    11.4358    339.811 -9.990e-29
      1.829    10.8625 243.956920     2.2344 8.4877e+02     0.8880    80.0912 3.1258e-01 1.8490e+03  0.3485737      1.865    11.4356    340.103 -9.990e-29
      1.831    10.8632 244.197392     2.2332 8.6565e+02     0.8880    80.0912 3.0769e-01 1.8490e+03  0.3485737      1.867    11.4191    340.432 -9.990e-29
