data/05_metadata_exports/SeabirdData/202305_SeabirdData/83198_stn74.cnv
* Sea-Bird SBE 9 Data File:
* FileName = J:\01_Sensor_Data\Rosette Data\Seabird\2023\CSMI 2023 Lake Ontario - May Lake Ontario Plankton Survey\stn74.hex
* Software Version Seasave V 7.26.6.26
* Temperature SN = 5270
* Conductivity SN = 1168
* Number of Bytes Per Scan = 40
* Number of Voltage Words = 5
* Number of Scans Averaged by the Deck Unit = 1
* NMEA Latitude = 43 44.96 N
* NMEA Longitude = 076 31.01 W
* NMEA UTC (Time) = Sep 29 2003  20:18:22
* NMEA baud rate = 4800
** Ship: Lake Guardian
** Cruise: Summer Survey 2022
** Station:  stn74
# nquan = 14                                
# nvalues = 25926                       
# units = specified
# name 0 = prDM: Pressure, Digiquartz [db]
# name 1 = t090C: Temperature [ITS-90, deg C]
# name 2 = c0uS/cm: Conductivity [uS/cm]
# name 3 = sbeox0V: Oxygen raw, SBE 43 [V]
# name 4 = par: PAR/Irradiance, Biospherical/Licor
# name 5 = bat: Beam Attenuation, Chelsea/Seatech [1/m]
# name 6 = xmiss: Beam Transmission, Chelsea/Seatech [%]
# name 7 = flSP: Fluorescence, Seapoint
# name 8 = spar: SPAR, Biospherical/Licor
# name 9 = upoly0: Upoly 0, Suna Nitrate
# name 10 = depFM: Depth [fresh water, m], lat = 43.7493
# name 11 = sbeox0Mg/L: Oxygen, SBE 43 [mg/l], WS = 2
# name 12 = specc: Specific Conductance [uS/cm]
# name 13 = flag: flag
# span 0 =     -0.261,     64.984       
# span 1 =     4.8556,    11.5115       
# span 2 = -11.018369, 538.559792       
# span 3 =     2.0659,     2.5079       
# span 4 = 1.0000e-12, 4.6772e+03       
# span 5 =     0.0682,     8.4212       
# span 6 =    12.1810,    98.3104       
# span 7 = 0.0000e+00, 2.4799e+00       
# span 8 = 1.6816e+03, 1.8096e+03       
# span 9 =  0.0745862,  0.4109381       
# span 10 =     -0.266,     66.265      
# span 11 =    10.9422,    13.9552      
# span 12 =    -15.187,    740.858      
# span 13 = 0.0000e+00, 0.0000e+00      
# interval = seconds: 0.0416667
# start_time = Sep 29 2003 20:18:22 [NMEA time, header]
# bad_flag = -9.990e-29
*END*
[from data line 19613]
     31.887     5.2442 192.675917     2.1319 9.6758e-01     0.1913    95.3305 1.6606e-01 1.7505e+03  0.4067805     32.516    12.5960    318.520 0.0000e+00
     31.871     5.2442 192.652011     2.1319 9.6758e-01     0.1913    95.3305 1.5629e-01 1.7505e+03  0.4067805     32.499    12.5949    318.481 0.0000e+00
     31.857     5.2442 192.640058     2.1331 9.8280e-01     0.1902    95.3567 1.5263e-01 1.7505e+03  0.4067805     32.485    12.6042    318.461 0.0000e+00
     31.844     5.2442 192.640057     2.1331 9.8895e-01     0.1902    95.3567 1.5385e-01 1.7505e+03  0.4067805     32.472    12.6057    318.461 0.0000e+00
     31.832     5.2439 192.616153     2.1331 9.8895e-01     0.1902    95.3567 1.6117e-01 1.7505e+03  0.4067805     32.460    12.6060    318.425 0.0000e+00
     31.818     5.2439 192.580294     2.1319 9.9513e-01     0.1902    95.3567 1.6728e-01 1.7505e+03  0.4067805     32.445    12.5970    318.365 0.0000e+00
     31.803     5.2439 192.580293     2.1319 9.9823e-01     0.1913    95.3305 1.6361e-01 1.7505e+03  0.4067805     32.430    12.5984    318.365 0.0000e+00
     31.788     5.2434 192.616151     2.1319 9.9823e-01     0.1902    95.3567 1.5995e-01 1.7505e+03  0.4067805     32.415    12.5972    318.430 0.0000e+00
     31.774     5.2436 192.616152     2.1331 9.9823e-01     0.1902    95.3567 1.5995e-01 1.7505e+03  0.4067805     32.400    12.6050    318.428 0.0000e+00
     31.761     5.2439 192.628103     2.1331 1.0013e+00     0.1902    95.3567 1.6361e-01 1.7505e+03  0.4067805     32.387    12.6050    318.445 0.0000e+00
     31.747     5.2436 192.616151     2.1331 1.0013e+00     0.1902    95.3567 1.7094e-01 1.7505e+03  0.4067805     32.373    12.6065    318.428 0.0000e+00
     31.733     5.2436 192.592245     2.1319 1.0045e+00     0.1891    95.3828 1.7705e-01 1.7505e+03  0.4067805     32.359    12.5975    318.388 0.0000e+00
     31.720     5.2436 192.628103     2.1319 1.0076e+00     0.1902    95.3567 1.8193e-01 1.7505e+03  0.4067805     32.345    12.5962    318.448 0.0000e+00
     31.707     5.2434 192.616151     2.1331 1.0076e+00     0.1913    95.3305 2.0513e-01 1.7505e+03  0.4067805     32.332    12.6041    318.430 0.0000e+00
     31.695     5.2432 192.628102     2.1331 1.0170e+00     0.1902    95.3567 2.3565e-01 1.7505e+03  0.4067805     32.320    12.6042    318.452 0.0000e+00
     31.683     5.2436 192.616150     2.1331 1.0298e+00     0.1902    95.3567 2.3687e-01 1.7505e+03  0.4067805     32.308    12.6054    318.428 0.0000e+00
     31.671     5.2434 192.616149     2.1331 1.0362e+00     0.1913    95.3305 2.2466e-01 1.7505e+03  0.4067805     32.295    12.6055    318.430 0.0000e+00
     31.659     5.2436 192.628102     2.1331 1.0362e+00     0.1902    95.3567 2.1734e-01 1.7505e+03  0.4067805     32.283    12.6053    318.448 0.0000e+00
     31.646     5.2436 192.592243     2.1331 1.0394e+00     0.1913    95.3305 2.2589e-01 1.7505e+03  0.4067805     32.270    12.6039    318.388 0.0000e+00
     31.634     5.2436 192.604196     2.1319 1.0394e+00     0.1913    95.3305 2.2466e-01 1.7505e+03  0.4067805     32.258    12.5934    318.408 0.0000e+00
     31.621     5.2436 192.628102     2.1319 1.0394e+00     0.1913    95.3305 2.2100e-01 1.7505e+03  0.4067805     32.244    12.5919    318.448 0.0000e+00
     31.609     5.2439 192.616147     2.1319 1.0459e+00     0.1902    95.3567 2.1245e-01 1.7505e+03  0.4067805     32.232    12.5904    318.425 0.0000e+00
     31.597     5.2440 192.640054     2.1319 1.0459e+00     0.1913    95.3305 1.9658e-01 1.7505e+03  0.4071962     32.220    12.5903    318.463 0.0000e+00
     31.585     5.2436 192.640053     2.1331 1.0459e+00     0.1902    95.3567 1.7949e-01 1.7505e+03  0.4067805     32.208    12.5995    318.467 0.0000e+00
     31.573     5.2434 192.592242     2.1319 1.0491e+00     0.1902    95.3567 1.6972e-01 1.7505e+03  0.4067805     32.195    12.5877    318.391 0.0000e+00
     31.561     5.2437 192.604194     2.1319 1.0491e+00     0.1913    95.3305 1.6484e-01 1.7505e+03  0.4067805     32.183    12.5849    318.407 0.0000e+00
     31.550     5.2438 192.628099     2.1331 1.0491e+00     0.1913    95.3305 1.6239e-01 1.7505e+03  0.4067805     32.172    12.5913    318.446 0.0000e+00
     31.538     5.2437 192.592241     2.1331 1.0524e+00     0.1913    95.3305 1.5873e-01 1.7505e+03  0.4067805     32.160    12.5916    318.387 0.0000e+00
     31.527     5.2440 192.580288     2.1331 1.0524e+00     0.1924    95.3044 1.5873e-01 1.7505e+03  0.4067805     32.149    12.5917    318.364 0.0000e+00
     31.515     5.2440 192.604193     2.1331 1.0524e+00     0.1924    95.3044 1.6361e-01 1.7505e+03  0.4067805     32.136    12.5921    318.404 0.0000e+00
     31.503     5.2437 192.675911     2.1331 1.0556e+00     0.1924    95.3044 1.7094e-01 1.7505e+03  0.4067805     32.124    12.5912    318.526 0.0000e+00
     31.491     5.2437 192.652004     2.1319 1.0589e+00     0.1924    95.3044 1.8315e-01 1.7505e+03  0.4067805     32.112    12.5811    318.486 0.0000e+00
     31.479     5.2434 192.592241     2.1319 1.0622e+00     0.1924    95.3044 1.9048e-01 1.7486e+03  0.4067805     32.100    12.5802    318.391 0.0000e+00
     31.467     5.2436 192.616146     2.1319 1.0655e+00     0.1935    95.2783 1.8681e-01 1.7505e+03  0.4067805     32.087    12.5805    318.428 0.0000e+00
     31.454     5.2436 192.628098     2.1331 1.0688e+00     0.1935    95.2783 1.7827e-01 1.7505e+03  0.4067805     32.074    12.5900    318.448 0.0000e+00
     31.442     5.2436 192.568333     2.1331 1.0721e+00     0.1935    95.2783 1.7216e-01 1.7505e+03  0.4067805     32.062    12.5905    318.349 0.0000e+00
     31.431     5.2434 192.592240     2.1319 1.0787e+00     0.1924    95.3044 1.6728e-01 1.7505e+03  0.4067805     32.051    12.5807    318.391 0.0000e+00
     31.420     5.2432 192.616145     2.1319 1.0854e+00     0.1935    95.2783 1.6728e-01 1.7505e+03  0.4067805     32.039    12.5799    318.432 0.0000e+00
     31.408     5.2439 192.580286     2.1331 1.0888e+00     0.1935    95.2783 1.7338e-01 1.7505e+03  0.4067805     32.027    12.5893    318.365 0.0000e+00
     31.395     5.2436 192.604190     2.1331 1.0888e+00     0.1935    95.2783 1.7216e-01 1.7486e+03  0.4071962     32.014    12.5900    318.408 0.0000e+00
     31.383     5.2439 192.628097     2.1331 1.0888e+00     0.1935    95.2783 1.6728e-01 1.7486e+03  0.4067805     32.002    12.5905    318.445 0.0000e+00
     31.371     5.2439 192.663955     2.1331 1.0888e+00     0.1935    95.2783 1.6972e-01 1.7486e+03  0.4067805     31.990    12.5913    318.504 0.0000e+00
     31.360     5.2444 192.687861     2.1319 1.0922e+00     0.1935    95.2783 1.8193e-01 1.7486e+03  0.4067805     31.978    12.5827    318.538 0.0000e+00
     31.347     5.2442 192.640049     2.1319 1.0989e+00     0.1924    95.3044 1.9658e-01 1.7486e+03  0.4067805     31.965    12.5836    318.461 0.0000e+00
     31.334     5.2444 192.616143     2.1319 1.1023e+00     0.1935    95.2783 2.0391e-01 1.7486e+03  0.4067805     31.952    12.5831    318.419 0.0000e+00
     31.320     5.2447 192.616142     2.1319 1.1023e+00     0.1935    95.2783 2.1123e-01 1.7486e+03  0.4067805     31.938    12.5824    318.416 0.0000e+00
     31.307     5.2445 192.616142     2.1319 1.1057e+00     0.1935    95.2783 2.0879e-01 1.7486e+03  0.4071962     31.924    12.5820    318.418 0.0000e+00
     31.293     5.2447 192.628095     2.1319 1.1091e+00     0.1968    95.1998 2.0024e-01 1.7486e+03  0.4067805     31.910    12.5814    318.436 0.0000e+00
     31.278     5.2447 192.616141     2.1306 1.1091e+00     0.2001    95.1214 1.9414e-01 1.7486e+03  0.4071962     31.895    12.5725    318.416 0.0000e+00
     31.264     5.2445 192.651999     2.1306 1.1091e+00     0.2023    95.0691 1.9292e-01 1.7486e+03  0.4067805     31.880    12.5721    318.478 0.0000e+00
     31.251     5.2447 192.687859     2.1306 1.1126e+00     0.2023    95.0691 1.9780e-01 1.7486e+03  0.4067805     31.867    12.5716    318.535 0.0000e+00
     31.237     5.2448 192.651999     2.1319 1.1091e+00     0.2023    95.0691 2.0635e-01 1.7486e+03  0.4063647     31.853    12.5823    318.475 0.0000e+00
     31.223     5.2448 192.640046     2.1319 1.1160e+00     0.2023    95.0691 2.0391e-01 1.7486e+03  0.4063647     31.839    12.5833    318.455 0.0000e+00
     31.208     5.2451 192.616140     2.1319 1.1229e+00     0.2023    95.0691 2.0024e-01 1.7486e+03  0.4063647     31.823    12.5842    318.412 0.0000e+00
     31.194     5.2455 192.687857     2.1319 1.1229e+00     0.2012    95.0953 1.9902e-01 1.7486e+03  0.4063647     31.809    12.5851    318.526 0.0000e+00
     31.179     5.2458 192.675904     2.1319 1.1264e+00     0.2012    95.0953 1.8681e-01 1.7486e+03  0.4067805     31.794    12.5862    318.504 0.0000e+00
     31.163     5.2458 192.687855     2.1319 1.1264e+00     0.2012    95.0953 1.7460e-01 1.7505e+03  0.4067805     31.777    12.5860    318.523 0.0000e+00
     31.148     5.2460 192.651997     2.1319 1.1298e+00     0.2012    95.0953 1.6484e-01 1.7505e+03  0.4063647     31.762    12.5857    318.462 0.0000e+00
     31.133     5.2463 192.640043     2.1319 1.1368e+00     0.2023    95.0691 1.5751e-01 1.7505e+03  0.4063647     31.747    12.5840    318.439 0.0000e+00
     31.118     5.2463 192.640044     2.1319 1.1438e+00     0.2001    95.1214 1.5629e-01 1.7505e+03  0.4063647     31.732    12.5839    318.439 0.0000e+00
     31.101     5.2465 192.663948     2.1319 1.1474e+00     0.2001    95.1214 1.5629e-01 1.7505e+03  0.4067805     31.714    12.5852    318.476 0.0000e+00
     31.085     5.2468 192.687854     2.1319 1.1474e+00     0.2012    95.0953 1.6117e-01 1.7505e+03  0.4067805     31.698    12.5837    318.513 0.0000e+00
     31.069     5.2468 192.651995     2.1319 1.1544e+00     0.2001    95.1214 1.7705e-01 1.7525e+03  0.4063647     31.682    12.5838    318.453 0.0000e+00
     31.053     5.2471 192.675900     2.1319 1.1544e+00     0.2012    95.0953 1.9536e-01 1.7525e+03  0.4067805     31.665    12.5852    318.490 0.0000e+00
     31.036     5.2469 192.675901     2.1319 1.1580e+00     0.2012    95.0953 1.9292e-01 1.7525e+03  0.4067805     31.648    12.5868    318.492 0.0000e+00
     31.018     5.2472 192.675899     2.1319 1.1615e+00     0.2012    95.0953 1.8315e-01 1.7525e+03  0.4063647     31.630    12.5882    318.489 0.0000e+00
     31.001     5.2471 192.628088     2.1319 1.1651e+00     0.2012    95.0953 1.7827e-01 1.7525e+03  0.4067805     31.612    12.5899    318.411 0.0000e+00
     30.984     5.2474 192.651993     2.1319 1.1651e+00     0.2012    95.0953 1.7460e-01 1.7525e+03  0.4063647     31.595    12.5901    318.447 0.0000e+00
     30.966     5.2474 192.675898     2.1319 1.1723e+00     0.1968    95.1998 1.7460e-01 1.7525e+03  0.4063647     31.577    12.5890    318.487 0.0000e+00
     30.948     5.2475 192.675899     2.1319 1.1723e+00     0.1946    95.2521 1.7705e-01 1.7525e+03  0.4063647     31.558    12.5894    318.486 0.0000e+00
     30.929     5.2482 192.687850     2.1319 1.1723e+00     0.1946    95.2521 1.7460e-01 1.7525e+03  0.4067805     31.539    12.5895    318.498 0.0000e+00
     30.909     5.2487 192.699802     2.1319 1.1759e+00     0.1946    95.2521 1.6850e-01 1.7545e+03  0.4067805     31.518    12.5897    318.512 0.0000e+00
     30.889     5.2496 192.699802     2.1319 1.1759e+00     0.1935    95.2783 1.6239e-01 1.7545e+03  0.4067805     31.498    12.5884    318.503 0.0000e+00
     30.870     5.2501 192.723708     2.1319 1.1759e+00     0.1946    95.2521 1.5751e-01 1.7545e+03  0.4063647     31.479    12.5871    318.537 0.0000e+00
     30.850     5.2503 192.747613     2.1319 1.1831e+00     0.1946    95.2521 1.6361e-01 1.7525e+03  0.4067805     31.458    12.5860    318.575 0.0000e+00
     30.829     5.2519 192.759564     2.1319 1.1941e+00     0.1946    95.2521 1.7216e-01 1.7525e+03  0.4067805     31.437    12.5842    318.578 0.0000e+00
     30.809     5.2538 192.795422     2.1319 1.1941e+00     0.1957    95.2260 1.6850e-01 1.7525e+03  0.4067805     31.416    12.5851    318.617 0.0000e+00
     30.790     5.2552 192.843234     2.1319 1.1941e+00     0.1946    95.2521 1.6484e-01 1.7525e+03  0.4067805     31.397    12.5848    318.681 0.0000e+00
     30.771     5.2570 192.819327     2.1319 1.1977e+00     0.1946    95.2521 1.6728e-01 1.7525e+03  0.4067805     31.378    12.5844    318.623 0.0000e+00
     30.751     5.2586 192.843231     2.1319 1.1977e+00     0.1957    95.2260 1.6972e-01 1.7525e+03  0.4067805     31.357    12.5853    318.645 0.0000e+00
     30.730     5.2603 192.867137     2.1319 1.2014e+00     0.1946    95.2521 1.6972e-01 1.7525e+03  0.4067805     31.336    12.5849    318.667 0.0000e+00
     30.710     5.2621 192.950807     2.1319 1.2088e+00     0.1946    95.2521 1.6972e-01 1.7525e+03  0.4067805     31.315    12.5844    318.786 0.0000e+00
     30.691     5.2632 192.926900     2.1306 1.2088e+00     0.1946    95.2521 1.6972e-01 1.7525e+03  0.4071962     31.296    12.5743    318.735 0.0000e+00
     30.672     5.2643 192.950806     2.1306 1.2162e+00     0.1946    95.2521 1.7827e-01 1.7525e+03  0.4067805     31.277    12.5741    318.763 0.0000e+00
     30.651     5.2650 192.926898     2.1319 1.2237e+00     0.1957    95.2260 1.8071e-01 1.7525e+03  0.4067805     31.255    12.5824    318.716 0.0000e+00
     30.629     5.2659 192.950803     2.1306 1.2274e+00     0.1935    95.2783 1.7949e-01 1.7525e+03  0.4067805     31.233    12.5710    318.746 0.0000e+00
     30.610     5.2675 193.058383     2.1319 1.2274e+00     0.1957    95.2260 1.7216e-01 1.7525e+03  0.4067805     31.214    12.5806    318.907 0.0000e+00
     30.591     5.2696 193.082289     2.1319 1.2349e+00     0.1957    95.2260 1.6728e-01 1.7545e+03  0.4067805     31.194    12.5801    318.924 0.0000e+00
     30.571     5.2710 193.046428     2.1319 1.2349e+00     0.1990    95.1476 1.6361e-01 1.7545e+03  0.4067805     31.174    12.5812    318.850 0.0000e+00
     30.550     5.2723 193.070333     2.1319 1.2387e+00     0.2001    95.1214 1.5873e-01 1.7545e+03  0.4067805     31.152    12.5822    318.876 0.0000e+00
     30.530     5.2743 193.106191     2.1319 1.2463e+00     0.2001    95.1214 1.5629e-01 1.7545e+03  0.4067805     31.132    12.5830    318.914 0.0000e+00
     30.512     5.2763 193.189866     2.1319 1.2501e+00     0.2001    95.1214 1.6728e-01 1.7545e+03  0.4067805     31.114    12.5824    319.031 0.0000e+00
     30.494     5.2779 193.165957     2.1306 1.2501e+00     0.2001    95.1214 1.7216e-01 1.7545e+03  0.4067805     31.095    12.5721    318.975 0.0000e+00
     30.475     5.2789 193.213771     2.1319 1.2578e+00     0.1990    95.1476 1.6606e-01 1.7545e+03  0.4067805     31.076    12.5816    319.043 0.0000e+00
     30.457     5.2795 193.165955     2.1319 1.2616e+00     0.2001    95.1214 1.6361e-01 1.7545e+03  0.4067805     31.057    12.5815    318.958 0.0000e+00
     30.439     5.2797 193.213770     2.1319 1.2616e+00     0.2001    95.1214 1.6361e-01 1.7545e+03  0.4067805     31.039    12.5816    319.035 0.0000e+00
     30.421     5.2797 193.261584     2.1306 1.2732e+00     0.1990    95.1476 1.6361e-01 1.7545e+03  0.4067805     31.021    12.5718    319.114 0.0000e+00
     30.402     5.2803 193.237676     2.1319 1.2849e+00     0.2001    95.1214 1.6239e-01 1.7545e+03  0.4067805     31.001    12.5816    319.068 0.0000e+00
     30.383     5.2812 193.189861     2.1319 1.2849e+00     0.2012    95.0953 1.5873e-01 1.7545e+03  0.4067805     30.982    12.5814    318.980 0.0000e+00
     30.364     5.2832 193.249626     2.1319 1.2888e+00     0.2001    95.1214 1.6361e-01 1.7545e+03  0.4067805     30.963    12.5821    319.057 0.0000e+00
     30.346     5.2848 193.333303     2.1331 1.2928e+00     0.2001    95.1214 1.6728e-01 1.7545e+03  0.4067805     30.944    12.5906    319.179 0.0000e+00
     30.330     5.2863 193.357209     2.1319 1.2967e+00     0.2001    95.1214 1.6606e-01 1.7545e+03  0.4071962     30.928    12.5811    319.202 0.0000e+00
     30.313     5.2872 193.357208     2.1319 1.3007e+00     0.2001    95.1214 1.6728e-01 1.7545e+03  0.4076120     30.911    12.5821    319.193 0.0000e+00
