data/05_metadata_exports/SeabirdData/202305_SeabirdData/83198_stn74.cnv
* Sea-Bird SBE 9 Data File:
* FileName = J:\01_Sensor_Data\Rosette Data\Seabird\2023\CSMI 2023 Lake Ontario - May Lake Ontario Plankton Survey\stn74.hex
* Software Version Seasave V 7.26.6.26
* Temperature SN = 5270
* Conductivity SN = 1168
* Number of Bytes Per Scan = 40
* Number of Voltage Words = 5
* Number of Scans Averaged by the Deck Unit = 1
* NMEA Latitude = 43 44.96 N
* NMEA Longitude = 076 31.01 W
* NMEA UTC (Time) = Sep 29 2003  20:18:22
* NMEA baud rate = 4800
** Ship: Lake Guardian
** Cruise: Summer Survey 2022
** Station:  stn74
# nquan = 14                                
# nvalues = 25926                       
# units = specified
# name 0 = prDM: Pressure, Digiquartz [db]
# name 1 = t090C: Temperature [ITS-90, deg C]
# name 2 = c0uS/cm: Conductivity [uS/cm]
# name 3 = sbeox0V: Oxygen raw, SBE 43 [V]
# name 4 = par: PAR/Irradiance, Biospherical/Licor
# name 5 = bat: Beam Attenuation, Chelsea/Seatech [1/m]
# name 6 = xmiss: Beam Transmission, Chelsea/Seatech [%]
# name 7 = flSP: Fluorescence, Seapoint
# name 8 = spar: SPAR, Biospherical/Licor
# name 9 = upoly0: Upoly 0, Suna Nitrate
# name 10 = depFM: Depth [fresh water, m], lat = 43.7493
# name 11 = sbeox0Mg/L: Oxygen, SBE 43 [mg/l], WS = 2
# name 12 = specc: Specific Conductance [uS/cm]
# name 13 = flag: flag
# span 0 =     -0.261,     64.984       
# span 1 =     4.8556,    11.5115       
# span 2 = -11.018369, 538.559792       
# span 3 =     2.0659,     2.5079       
# span 4 = 1.0000e-12, 4.6772e+03       
# span 5 =     0.0682,     8.4212       
# span 6 =    12.1810,    98.3104       
# span 7 = 0.0000e+00, 2.4799e+00       
# span 8 = 1.6816e+03, 1.8096e+03       
# span 9 =  0.0745862,  0.4109381       
# span 10 =     -0.266,     66.265      
# span 11 =    10.9422,    13.9552      
# span 12 =    -15.187,    740.858      
# span 13 = 0.0000e+00, 0.0000e+00      
# interval = seconds: 0.0416667
# start_time = Sep 29 2003 20:18:22 [NMEA time, header]
# bad_flag = -9.990e-29
*END*
[from data line 6504]
     23.844     5.4295 194.361186     2.1563 4.3516e+00     0.3422    91.8017 4.7375e-01 1.7761e+03  0.3968022     24.314    12.6658    319.349 0.0000e+00
     23.853     5.4302 194.420963     2.1575 4.3516e+00     0.3410    91.8278 4.8840e-01 1.7761e+03  0.3968022     24.323    12.6742    319.440 0.0000e+00
     23.862     5.4310 194.480740     2.1575 4.3516e+00     0.3433    91.7756 4.9939e-01 1.7761e+03  0.3968022     24.332    12.6737    319.530 0.0000e+00
     23.868     5.4320 194.504651     2.1575 4.3391e+00     0.3399    91.8540 5.1282e-01 1.7761e+03  0.3976337     24.339    12.6733    319.559 0.0000e+00
     23.873     5.4321 194.432917     2.1575 4.3266e+00     0.3365    91.9324 5.2259e-01 1.7761e+03  0.3980495     24.344    12.6720    319.440 0.0000e+00
     23.879     5.4323 194.385095     2.1563 4.3266e+00     0.3331    92.0108 5.1526e-01 1.7761e+03  0.3984652     24.350    12.6605    319.359 0.0000e+00
     23.886     5.4324 194.397052     2.1563 4.3266e+00     0.3342    91.9847 4.9328e-01 1.7761e+03  0.3984652     24.357    12.6595    319.378 0.0000e+00
     23.893     5.4331 194.492695     2.1575 4.3141e+00     0.3353    91.9585 4.9084e-01 1.7761e+03  0.3984652     24.364    12.6676    319.528 0.0000e+00
     23.899     5.4342 194.600294     2.1563 4.3141e+00     0.3353    91.9585 5.5067e-01 1.7781e+03  0.3984652     24.370    12.6577    319.693 0.0000e+00
     23.905     5.4355 194.636160     2.1575 4.3141e+00     0.3365    91.9324 6.3004e-01 1.7781e+03  0.3984652     24.376    12.6661    319.738 0.0000e+00
     23.912     5.4364 194.695938     2.1563 4.3017e+00     0.3376    91.9063 6.3858e-01 1.7781e+03  0.3984652     24.383    12.6567    319.827 0.0000e+00
     23.917     5.4372 194.683983     2.1563 4.3017e+00     0.3376    91.9063 5.9829e-01 1.7781e+03  0.3984652     24.389    12.6566    319.799 0.0000e+00
     23.922     5.4376 194.719849     2.1563 4.3017e+00     0.3353    91.9585 5.4945e-01 1.7781e+03  0.3984652     24.394    12.6555    319.854 0.0000e+00
     23.927     5.4380 194.779628     2.1563 4.3017e+00     0.3353    91.9585 5.1648e-01 1.7781e+03  0.3984652     24.399    12.6546    319.948 0.0000e+00
     23.933     5.4390 194.803540     2.1563 4.3017e+00     0.3353    91.9585 5.1526e-01 1.7781e+03  0.3984652     24.405    12.6537    319.976 -9.990e-29
     23.937     5.4392 194.779628     2.1563 4.3017e+00     0.3342    91.9847 5.0549e-01 1.7781e+03  0.3984652     24.409    12.6532    319.935 -9.990e-29
     23.941     5.4393 194.743760     2.1563 4.2893e+00     0.3331    92.0108 4.9084e-01 1.7781e+03  0.3984652     24.413    12.6516    319.875 -9.990e-29
     23.945     5.4393 194.672026     2.1551 4.2893e+00     0.3331    92.0108 4.8840e-01 1.7781e+03  0.3988810     24.417    12.6412    319.757 -9.990e-29
     23.949     5.4390 194.600292     2.1551 4.2893e+00     0.3342    91.9847 4.8596e-01 1.7781e+03  0.3988810     24.421    12.6401    319.642 -9.990e-29
     23.953     5.4392 194.612247     2.1551 4.2770e+00     0.3353    91.9585 4.8474e-01 1.7781e+03  0.3984652     24.425    12.6390    319.660 -9.990e-29
     23.959     5.4396 194.695937     2.1563 4.2770e+00     0.3342    91.9847 4.8962e-01 1.7781e+03  0.3984652     24.431    12.6471    319.793 0.0000e+00
     23.964     5.4399 194.755717     2.1563 4.2770e+00     0.3342    91.9847 4.8596e-01 1.7801e+03  0.3984652     24.436    12.6464    319.888 0.0000e+00
     23.969     5.4406 194.791582     2.1551 4.2770e+00     0.3353    91.9585 4.7253e-01 1.7801e+03  0.3984652     24.442    12.6381    319.940 0.0000e+00
     23.975     5.4413 194.839408     2.1551 4.2770e+00     0.3331    92.0108 4.7741e-01 1.7801e+03  0.3984652     24.448    12.6377    320.011 0.0000e+00
     23.981     5.4417 194.839406     2.1551 4.2770e+00     0.3296    92.0892 5.0061e-01 1.7801e+03  0.3984652     24.454    12.6376    320.007 0.0000e+00
     23.986     5.4415 194.791584     2.1551 4.2647e+00     0.3274    92.1415 5.1160e-01 1.7801e+03  0.3984652     24.459    12.6366    319.930 0.0000e+00
     23.991     5.4404 194.660070     2.1551 4.2524e+00     0.3274    92.1415 5.1404e-01 1.7801e+03  0.3984652     24.464    12.6387    319.726 -9.990e-29
     23.995     5.4396 194.624204     2.1551 4.2524e+00     0.3285    92.1154 5.0061e-01 1.7801e+03  0.3984652     24.468    12.6396    319.675 -9.990e-29
     24.000     5.4399 194.755716     2.1538 4.2524e+00     0.3262    92.1677 5.0183e-01 1.7801e+03  0.3984652     24.473    12.6305    319.888 0.0000e+00
     24.005     5.4403 194.827453     2.1538 4.2402e+00     0.3274    92.1415 5.2137e-01 1.7781e+03  0.3984652     24.478    12.6314    320.002 0.0000e+00
     24.011     5.4410 194.851364     2.1538 4.2280e+00     0.3285    92.1154 5.3114e-01 1.7801e+03  0.3980495     24.484    12.6310    320.034 0.0000e+00
     24.016     5.4412 194.839408     2.1538 4.2280e+00     0.3285    92.1154 5.1160e-01 1.7801e+03  0.3976337     24.489    12.6310    320.012 0.0000e+00
     24.021     5.4415 194.875275     2.1538 4.2280e+00     0.3274    92.1415 5.0183e-01 1.7801e+03  0.3976337     24.495    12.6312    320.068 0.0000e+00
     24.028     5.4417 194.851364     2.1538 4.2280e+00     0.3274    92.1415 5.2137e-01 1.7801e+03  0.3976337     24.502    12.6304    320.026 0.0000e+00
     24.035     5.4422 194.851363     2.1538 4.2280e+00     0.3285    92.1154 5.4701e-01 1.7801e+03  0.3976337     24.509    12.6310    320.021 0.0000e+00
     24.041     5.4418 194.839408     2.1538 4.2158e+00     0.3285    92.1154 5.4945e-01 1.7801e+03  0.3976337     24.515    12.6309    320.006 0.0000e+00
     24.048     5.4415 194.672027     2.1538 4.2158e+00     0.3285    92.1154 5.6899e-01 1.7801e+03  0.3976337     24.522    12.6309    319.734 0.0000e+00
     24.054     5.4410 194.636159     2.1538 4.2036e+00     0.3285    92.1154 6.1050e-01 1.7801e+03  0.3976337     24.528    12.6325    319.680 0.0000e+00
     24.062     5.4407 194.743762     2.1538 4.1915e+00     0.3296    92.0892 6.0073e-01 1.7801e+03  0.3976337     24.536    12.6330    319.860 0.0000e+00
     24.069     5.4406 194.839409     2.1538 4.1915e+00     0.3285    92.1154 5.5311e-01 1.7801e+03  0.3976337     24.544    12.6335    320.018 0.0000e+00
     24.075     5.4404 194.839409     2.1526 4.1795e+00     0.3285    92.1154 5.1893e-01 1.7801e+03  0.3976337     24.550    12.6253    320.021 0.0000e+00
     24.082     5.4399 194.672027     2.1538 4.1674e+00     0.3285    92.1154 5.0916e-01 1.7801e+03  0.3976337     24.557    12.6355    319.751 0.0000e+00
     24.090     5.4395 194.576384     2.1526 4.1674e+00     0.3296    92.0892 4.9451e-01 1.7801e+03  0.3980495     24.565    12.6265    319.598 0.0000e+00
     24.099     5.4379 194.576384     2.1526 4.1674e+00     0.3274    92.1415 4.7497e-01 1.7801e+03  0.3980495     24.574    12.6271    319.615 0.0000e+00
     24.108     5.4369 194.540518     2.1526 4.1435e+00     0.3274    92.1415 4.6886e-01 1.7801e+03  0.3980495     24.583    12.6264    319.566 0.0000e+00
     24.118     5.4364 194.636164     2.1526 4.1435e+00     0.3274    92.1415 4.8352e-01 1.7801e+03  0.3980495     24.594    12.6270    319.729 0.0000e+00
     24.129     5.4363 194.707898     2.1538 4.1315e+00     0.3274    92.1415 4.9084e-01 1.7801e+03  0.3976337     24.605    12.6381    319.848 0.0000e+00
     24.138     5.4361 194.719855     2.1526 4.1315e+00     0.3274    92.1415 4.8230e-01 1.7801e+03  0.3976337     24.614    12.6301    319.869 0.0000e+00
     24.148     5.4361 194.648120     2.1526 4.1078e+00     0.3274    92.1415 4.7009e-01 1.7781e+03  0.3976337     24.624    12.6311    319.752 0.0000e+00
     24.158     5.4353 194.636165     2.1526 4.1078e+00     0.3274    92.1415 4.8230e-01 1.7781e+03  0.3976337     24.634    12.6314    319.740 0.0000e+00
     24.168     5.4350 194.695944     2.1538 4.0959e+00     0.3274    92.1415 4.8962e-01 1.7781e+03  0.3976337     24.644    12.6407    319.842 0.0000e+00
     24.178     5.4350 194.660077     2.1526 4.0841e+00     0.3274    92.1415 4.7741e-01 1.7781e+03  0.3976337     24.655    12.6333    319.783 0.0000e+00
     24.188     5.4349 194.695944     2.1526 4.0841e+00     0.3274    92.1415 4.6276e-01 1.7781e+03  0.3976337     24.665    12.6339    319.843 0.0000e+00
     24.199     5.4348 194.683988     2.1526 4.0724e+00     0.3262    92.1677 4.4933e-01 1.7781e+03  0.3980495     24.676    12.6333    319.824 0.0000e+00
     24.212     5.4348 194.612256     2.1526 4.0724e+00     0.3262    92.1677 4.3223e-01 1.7761e+03  0.3980495     24.689    12.6341    319.706 0.0000e+00
     24.226     5.4346 194.695945     2.1526 4.0606e+00     0.3262    92.1677 4.1270e-01 1.7781e+03  0.3980495     24.704    12.6337    319.846 0.0000e+00
     24.239     5.4342 194.719858     2.1514 4.0606e+00     0.3262    92.1677 4.1026e-01 1.7761e+03  0.3984652     24.717    12.6246    319.889 0.0000e+00
     24.254     5.4342 194.731813     2.1514 4.0373e+00     0.3251    92.1938 4.2735e-01 1.7761e+03  0.3984652     24.732    12.6245    319.909 0.0000e+00
     24.267     5.4337 194.779638     2.1514 4.0256e+00     0.3262    92.1677 4.3590e-01 1.7761e+03  0.3984652     24.745    12.6247    319.993 0.0000e+00
     24.282     5.4337 194.755724     2.1514 4.0256e+00     0.3262    92.1677 4.6276e-01 1.7761e+03  0.3984652     24.761    12.6250    319.954 0.0000e+00
     24.298     5.4334 194.695949     2.1514 4.0024e+00     0.3262    92.1677 4.7741e-01 1.7761e+03  0.3984652     24.777    12.6268    319.858 0.0000e+00
     24.313     5.4334 194.719859     2.1526 3.9909e+00     0.3262    92.1677 4.7741e-01 1.7761e+03  0.3984652     24.792    12.6376    319.898 0.0000e+00
     24.328     5.4329 194.767683     2.1514 3.9909e+00     0.3251    92.1938 4.5665e-01 1.7761e+03  0.3984652     24.808    12.6294    319.982 0.0000e+00
     24.345     5.4332 194.779639     2.1514 3.9565e+00     0.3262    92.1677 4.4200e-01 1.7761e+03  0.3984652     24.825    12.6300    319.998 0.0000e+00
     24.363     5.4328 194.731816     2.1514 3.9451e+00     0.3251    92.1938 4.3468e-01 1.7761e+03  0.3984652     24.843    12.6311    319.924 0.0000e+00
     24.381     5.4328 194.660083     2.1514 3.9451e+00     0.3251    92.1938 4.1758e-01 1.7761e+03  0.3984652     24.862    12.6309    319.806 0.0000e+00
     24.399     5.4321 194.648127     2.1514 3.9224e+00     0.3262    92.1677 4.1026e-01 1.7761e+03  0.3984652     24.880    12.6324    319.794 0.0000e+00
     24.416     5.4302 194.504662     2.1514 3.9110e+00     0.3251    92.1938 4.1758e-01 1.7761e+03  0.3984652     24.897    12.6331    319.578 0.0000e+00
     24.435     5.4279 194.361198     2.1502 3.8998e+00     0.3251    92.1938 4.1758e-01 1.7761e+03  0.3984652     24.917    12.6250    319.366 0.0000e+00
     24.454     5.4264 194.325335     2.1502 3.8998e+00     0.3262    92.1677 4.0659e-01 1.7761e+03  0.3988810     24.936    12.6245    319.323 0.0000e+00
     24.471     5.4253 194.385111     2.1514 3.8773e+00     0.3251    92.1938 4.1026e-01 1.7761e+03  0.3988810     24.953    12.6330    319.433 0.0000e+00
     24.488     5.4246 194.432933     2.1514 3.8773e+00     0.3251    92.1938 4.1758e-01 1.7761e+03  0.3984652     24.971    12.6352    319.519 0.0000e+00
     24.507     5.4243 194.480755     2.1514 3.8549e+00     0.3262    92.1677 4.1270e-01 1.7761e+03  0.3984652     24.990    12.6360    319.601 0.0000e+00
     24.528     5.4243 194.564446     2.1502 3.8327e+00     0.3251    92.1938 4.1392e-01 1.7761e+03  0.3984652     25.012    12.6278    319.738 0.0000e+00
     24.548     5.4241 194.540534     2.1502 3.8217e+00     0.3262    92.1677 4.2125e-01 1.7761e+03  0.3984652     25.032    12.6289    319.701 0.0000e+00
     24.568     5.4241 194.528580     2.1514 3.8106e+00     0.3262    92.1677 4.1636e-01 1.7761e+03  0.3984652     25.052    12.6403    319.681 0.0000e+00
     24.586     5.4233 194.504668     2.1502 3.7996e+00     0.3262    92.1677 4.1392e-01 1.7761e+03  0.3984652     25.071    12.6328    319.650 0.0000e+00
     24.607     5.4227 194.432937     2.1502 3.7887e+00     0.3262    92.1677 4.2002e-01 1.7761e+03  0.3984652     25.092    12.6343    319.539 0.0000e+00
     24.628     5.4214 194.409028     2.1514 3.7777e+00     0.3262    92.1677 4.3956e-01 1.7742e+03  0.3984652     25.114    12.6440    319.513 0.0000e+00
     24.649     5.4205 194.432939     2.1502 3.7668e+00     0.3274    92.1415 4.3590e-01 1.7742e+03  0.3984652     25.135    12.6355    319.562 0.0000e+00
     24.669     5.4198 194.397073     2.1502 3.7559e+00     0.3274    92.1415 4.2002e-01 1.7742e+03  0.3984652     25.155    12.6363    319.510 0.0000e+00
     24.692     5.4184 194.337298     2.1502 3.7451e+00     0.3274    92.1415 4.0904e-01 1.7742e+03  0.3984652     25.179    12.6361    319.427 0.0000e+00
     24.715     5.4171 194.361211     2.1502 3.7127e+00     0.3262    92.1677 3.9927e-01 1.7742e+03  0.3984652     25.202    12.6359    319.480 0.0000e+00
     24.738     5.4162 194.349256     2.1502 3.7020e+00     0.3274    92.1415 4.0049e-01 1.7742e+03  0.3980495     25.226    12.6357    319.469 0.0000e+00
     24.760     5.4147 194.241661     2.1514 3.7020e+00     0.3251    92.1938 4.0781e-01 1.7742e+03  0.3976337     25.248    12.6462    319.308 0.0000e+00
     24.783     5.4127 194.157976     2.1514 3.6807e+00     0.3217    92.2722 4.1026e-01 1.7742e+03  0.3976337     25.272    12.6466    319.192 0.0000e+00
     24.806     5.4114 194.157979     2.1502 3.6700e+00     0.3217    92.2722 4.0171e-01 1.7742e+03  0.3976337     25.295    12.6391    319.205 0.0000e+00
     24.829     5.4098 194.134069     2.1502 3.6700e+00     0.3217    92.2722 4.0171e-01 1.7742e+03  0.3976337     25.319    12.6396    319.183 0.0000e+00
     24.851     5.4101 194.110160     2.1502 3.6383e+00     0.3217    92.2722 3.9805e-01 1.7742e+03  0.3976337     25.341    12.6396    319.140 0.0000e+00
     24.874     5.4103 194.134069     2.1502 3.6173e+00     0.3217    92.2722 3.9927e-01 1.7742e+03  0.3976337     25.364    12.6382    319.178 0.0000e+00
     24.896     5.4093 194.098207     2.1502 3.6173e+00     0.3217    92.2722 3.9927e-01 1.7742e+03  0.3976337     25.387    12.6389    319.129 0.0000e+00
     24.920     5.4075 194.098207     2.1502 3.5860e+00     0.3206    92.2984 3.9927e-01 1.7742e+03  0.3976337     25.411    12.6400    319.148 0.0000e+00
     24.942     5.4057 194.038436     2.1502 3.5653e+00     0.3206    92.2984 3.9927e-01 1.7742e+03  0.3976337     25.434    12.6397    319.069 0.0000e+00
     24.964     5.4046 194.026480     2.1490 3.5653e+00     0.3206    92.2984 3.9927e-01 1.7742e+03  0.3976337     25.456    12.6304    319.061 0.0000e+00
     24.986     5.4034 194.026482     2.1490 3.5447e+00     0.3217    92.2722 4.0293e-01 1.7742e+03  0.3980495     25.479    12.6289    319.073 0.0000e+00
     25.008     5.4028 194.038438     2.1502 3.5242e+00     0.3217    92.2722 3.9560e-01 1.7742e+03  0.3980495     25.501    12.6376    319.099 0.0000e+00
     25.029     5.4021 194.086259     2.1502 3.5242e+00     0.3217    92.2722 3.9072e-01 1.7742e+03  0.3980495     25.522    12.6362    319.185 0.0000e+00
     25.050     5.4010 194.062349     2.1502 3.5039e+00     0.3217    92.2722 3.9072e-01 1.7742e+03  0.3980495     25.544    12.6364    319.157 0.0000e+00
     25.071     5.4004 194.050395     2.1502 3.4836e+00     0.3217    92.2722 4.0049e-01 1.7742e+03  0.3976337     25.565    12.6353    319.144 0.0000e+00
     25.092     5.3998 194.002577     2.1502 3.4735e+00     0.3217    92.2722 4.1026e-01 1.7742e+03  0.3976337     25.587    12.6342    319.072 0.0000e+00
     25.113     5.4002 194.062351     2.1502 3.4635e+00     0.3217    92.2722 4.0659e-01 1.7761e+03  0.3976337     25.608    12.6343    319.166 0.0000e+00
     25.134     5.4008 194.122126     2.1502 3.4435e+00     0.3217    92.2722 3.9805e-01 1.7761e+03  0.3976337     25.630    12.6332    319.258 0.0000e+00
