data/05_metadata_exports/SeabirdData/202305_SeabirdData/83198_stn74.cnv
* Sea-Bird SBE 9 Data File:
* FileName = J:\01_Sensor_Data\Rosette Data\Seabird\2023\CSMI 2023 Lake Ontario - May Lake Ontario Plankton Survey\stn74.hex
* Software Version Seasave V 7.26.6.26
* Temperature SN = 5270
* Conductivity SN = 1168
* Number of Bytes Per Scan = 40
* Number of Voltage Words = 5
* Number of Scans Averaged by the Deck Unit = 1
* NMEA Latitude = 43 44.96 N
* NMEA Longitude = 076 31.01 W
* NMEA UTC (Time) = Sep 29 2003  20:18:22
* NMEA baud rate = 4800
** Ship: Lake Guardian
** Cruise: Summer Survey 2022
** Station:  stn74
# nquan = 14                                
# nvalues = 25926                       
# units = specified
# name 0 = prDM: Pressure, Digiquartz [db]
# name 1 = t090C: Temperature [ITS-90, deg C]
# name 2 = c0uS/cm: Conductivity [uS/cm]
# name 3 = sbeox0V: Oxygen raw, SBE 43 [V]
# name 4 = par: PAR/Irradiance, Biospherical/Licor
# name 5 = bat: Beam Attenuation, Chelsea/Seatech [1/m]
# name 6 = xmiss: Beam Transmission, Chelsea/Seatech [%]
# name 7 = flSP: Fluorescence, Seapoint
# name 8 = spar: SPAR, Biospherical/Licor
# name 9 = upoly0: Upoly 0, Suna Nitrate
# name 10 = depFM: Depth [fresh water, m], lat = 43.7493
# name 11 = sbeox0Mg/L: Oxygen, SBE 43 [mg/l], WS = 2
# name 12 = specc: Specific Conductance [uS/cm]
# name 13 = flag: flag
# span 0 =     -0.261,     64.984       
# span 1 =     4.8556,    11.5115       
# span 2 = -11.018369, 538.559792       
# span 3 =     2.0659,     2.5079       
# span 4 = 1.0000e-12, 4.6772e+03       
# span 5 =     0.0682,     8.4212       
# span 6 =    12.1810,    98.3104       
# span 7 = 0.0000e+00, 2.4799e+00       
# span 8 = 1.6816e+03, 1.8096e+03       
# span 9 =  0.0745862,  0.4109381       
# span 10 =     -0.266,     66.265      
# span 11 =    10.9422,    13.9552      
# span 12 =    -15.187,    740.858      
# span 13 = 0.0000e+00, 0.0000e+00      
# interval = seconds: 0.0416667
# start_time = Sep 29 2003 20:18:22 [NMEA time, header]
# bad_flag = -9.990e-29
*END*
[from data line 5988]
     16.785     6.4041 198.940516     2.3284 1.8336e+01     0.6609    84.7702 9.7802e-01 1.7840e+03  0.3714407     17.116    13.4035    316.727 0.0000e+00
     16.808     6.3941 198.952484     2.3284 1.8336e+01     0.6609    84.7702 9.8168e-01 1.7840e+03  0.3714407     17.139    13.4036    316.847 0.0000e+00
     16.829     6.3866 198.844835     2.3272 1.8130e+01     0.6609    84.7702 9.8901e-01 1.7840e+03  0.3714407     17.161    13.3938    316.752 0.0000e+00
     16.851     6.3803 198.844839     2.3260 1.8028e+01     0.6609    84.7702 9.9267e-01 1.7840e+03  0.3714407     17.183    13.3835    316.815 0.0000e+00
     16.873     6.3735 198.820922     2.3260 1.7977e+01     0.6609    84.7702 9.7680e-01 1.7840e+03  0.3718564     17.206    13.3819    316.846 0.0000e+00
     16.894     6.3624 198.761122     2.3260 1.7825e+01     0.6621    84.7441 9.8657e-01 1.7860e+03  0.3718564     17.227    13.3818    316.863 0.0000e+00
     16.915     6.3499 198.677401     2.3248 1.7624e+01     0.6609    84.7702 9.9512e-01 1.7860e+03  0.3722722     17.248    13.3730    316.855 0.0000e+00
     16.936     6.3419 198.677408     2.3260 1.7624e+01     0.6621    84.7441 1.0147e+00 1.7860e+03  0.3726880     17.270    13.3826    316.936 0.0000e+00
     16.957     6.3369 198.641527     2.3260 1.7475e+01     0.6621    84.7441 1.0379e+00 1.7860e+03  0.3726880     17.291    13.3821    316.930 0.0000e+00
     16.977     6.3253 198.486041     2.3248 1.7377e+01     0.6621    84.7441 1.0391e+00 1.7860e+03  0.3722722     17.312    13.3752    316.799 0.0000e+00
     16.999     6.3096 198.486052     2.3248 1.7328e+01     0.6621    84.7441 1.0269e+00 1.7860e+03  0.3722722     17.334    13.3797    316.958 0.0000e+00
     17.020     6.2992 198.438216     2.3236 1.7230e+01     0.6621    84.7441 1.0244e+00 1.7860e+03  0.3722722     17.356    13.3734    316.987 0.0000e+00
     17.039     6.2920 198.378416     2.3236 1.7084e+01     0.6621    84.7441 1.0525e+00 1.7860e+03  0.3722722     17.375    13.3735    316.964 0.0000e+00
     17.058     6.2891 198.414301     2.3223 1.7036e+01     0.6646    84.6918 1.1050e+00 1.7860e+03  0.3722722     17.394    13.3622    317.051 0.0000e+00
     17.076     6.2865 198.342538     2.3211 1.6988e+01     0.6560    84.8748 1.1184e+00 1.7860e+03  0.3722722     17.413    13.3515    316.963 0.0000e+00
     17.095     6.2809 198.402346     2.3211 1.6844e+01     0.6474    85.0577 1.0781e+00 1.7860e+03  0.3726880     17.432    13.3519    317.115 0.0000e+00
     17.113     6.2806 198.390386     2.3199 1.6797e+01     0.6461    85.0839 1.0354e+00 1.7860e+03  0.3722722     17.450    13.3401    317.099 0.0000e+00
     17.130     6.2820 198.402346     2.3187 1.6797e+01     0.6449    85.1100 1.0330e+00 1.7860e+03  0.3722722     17.468    13.3277    317.104 0.0000e+00
     17.148     6.2781 198.366466     2.3175 1.6655e+01     0.6449    85.1100 1.0476e+00 1.7860e+03  0.3726880     17.486    13.3160    317.086 0.0000e+00
     17.165     6.2641 198.234908     2.3175 1.6608e+01     0.6449    85.1100 1.0549e+00 1.7860e+03  0.3726880     17.503    13.3179    317.018 0.0000e+00
     17.182     6.2511 198.127272     2.3175 1.6608e+01     0.6461    85.0839 1.0635e+00 1.7860e+03  0.3739352     17.521    13.3208    316.977 0.0000e+00
     17.198     6.2455 198.175118     2.3162 1.6514e+01     0.6461    85.0839 1.0672e+00 1.7860e+03  0.3751825     17.537    13.3115    317.111 0.0000e+00
     17.212     6.2458 198.270803     2.3162 1.6467e+01     0.6461    85.0839 1.0586e+00 1.7860e+03  0.3755983     17.551    13.3109    317.261 0.0000e+00
     17.224     6.2463 198.199039     2.3150 1.6467e+01     0.6461    85.0839 1.0696e+00 1.7860e+03  0.3755983     17.564    13.3015    317.141 0.0000e+00
     17.237     6.2402 198.175121     2.3150 1.6374e+01     0.6461    85.0839 1.0757e+00 1.7860e+03  0.3751825     17.577    13.3032    317.164 0.0000e+00
     17.249     6.2344 198.103363     2.3138 1.6374e+01     0.6474    85.0577 1.0940e+00 1.7860e+03  0.3743510     17.589    13.2946    317.108 0.0000e+00
     17.261     6.2297 198.103365     2.3126 1.6374e+01     0.6474    85.0577 1.1197e+00 1.7860e+03  0.3743510     17.601    13.2869    317.156 0.0000e+00
     17.273     6.2262 198.079448     2.3114 1.6282e+01     0.6474    85.0577 1.1343e+00 1.7860e+03  0.3747668     17.614    13.2776    317.153 0.0000e+00
     17.284     6.2254 198.103369     2.3114 1.6236e+01     0.6474    85.0577 1.1404e+00 1.7860e+03  0.3747668     17.625    13.2762    317.200 0.0000e+00
     17.295     6.2292 198.199051     2.3114 1.6236e+01     0.6474    85.0577 1.1099e+00 1.7860e+03  0.3747668     17.636    13.2744    317.315 0.0000e+00
     17.305     6.2322 198.199049     2.3101 1.6190e+01     0.6474    85.0577 1.0769e+00 1.7860e+03  0.3747668     17.646    13.2633    317.284 0.0000e+00
     17.315     6.2367 198.199046     2.3101 1.6144e+01     0.6461    85.0839 1.0745e+00 1.7860e+03  0.3747668     17.656    13.2600    317.238 0.0000e+00
     17.325     6.2398 198.127283     2.3089 1.6144e+01     0.6461    85.0839 1.0818e+00 1.7860e+03  0.3747668     17.667    13.2510    317.092 0.0000e+00
     17.333     6.2389 198.151202     2.3089 1.6099e+01     0.6461    85.0839 1.0696e+00 1.7860e+03  0.3751825     17.675    13.2536    317.139 0.0000e+00
     17.341     6.2350 198.175127     2.3089 1.6099e+01     0.6351    85.3191 1.0537e+00 1.7860e+03  0.3747668     17.683    13.2560    317.217 0.0000e+00
     17.348     6.2323 198.139248     2.3077 1.6099e+01     0.6180    85.6851 1.0525e+00 1.7860e+03  0.3751825     17.690    13.2504    317.187 0.0000e+00
     17.355     6.2292 198.115328     2.3065 1.6008e+01     0.6143    85.7635 1.0513e+00 1.7860e+03  0.3747668     17.697    13.2439    317.180 0.0000e+00
     17.361     6.2264 198.043568     2.3065 1.5963e+01     0.6143    85.7635 1.0574e+00 1.7860e+03  0.3751825     17.703    13.2462    317.094 0.0000e+00
     17.368     6.2204 198.019651     2.3053 1.5963e+01     0.6155    85.7374 1.0672e+00 1.7860e+03  0.3751825     17.710    13.2409    317.117 0.0000e+00
     17.376     6.2043 197.947901     2.3053 1.5963e+01     0.6155    85.7374 1.0769e+00 1.7860e+03  0.3751825     17.719    13.2481    317.165 0.0000e+00
     17.382     6.1880 197.888110     2.3040 1.5963e+01     0.6155    85.7374 1.1062e+00 1.7860e+03  0.3751825     17.725    13.2458    317.235 0.0000e+00
     17.388     6.1754 197.828318     2.3028 1.5917e+01     0.6167    85.7112 1.1074e+00 1.7840e+03  0.3755983     17.731    13.2418    317.268 0.0000e+00
     17.393     6.1664 197.816364     2.3016 1.5917e+01     0.6167    85.7112 1.0806e+00 1.7840e+03  0.3755983     17.736    13.2353    317.340 0.0000e+00
     17.399     6.1597 197.768527     2.3016 1.5917e+01     0.6143    85.7635 1.0623e+00 1.7840e+03  0.3751825     17.742    13.2369    317.332 0.0000e+00
     17.405     6.1565 197.864210     2.3004 1.5917e+01     0.6143    85.7635 1.0574e+00 1.7840e+03  0.3751825     17.748    13.2296    317.518 0.0000e+00
     17.412     6.1558 197.852251     2.3004 1.5917e+01     0.6143    85.7635 1.0415e+00 1.7840e+03  0.3755983     17.755    13.2304    317.506 0.0000e+00
     17.419     6.1549 197.792451     2.3004 1.5917e+01     0.6155    85.7374 1.0379e+00 1.7840e+03  0.3760141     17.762    13.2313    317.419 0.0000e+00
     17.425     6.1560 197.816370     2.3004 1.5917e+01     0.6155    85.7374 1.0549e+00 1.7840e+03  0.3776771     17.769    13.2327    317.446 0.0000e+00
     17.432     6.1602 197.876169     2.2991 1.5872e+01     0.6155    85.7374 1.0696e+00 1.7840e+03  0.3776771     17.776    13.2234    317.499 0.0000e+00
     17.438     6.1636 197.876167     2.2979 1.5872e+01     0.6155    85.7374 1.0720e+00 1.7840e+03  0.3776771     17.782    13.2152    317.465 -9.990e-29
     17.442     6.1626 197.816366     2.2979 1.5872e+01     0.6155    85.7374 1.0672e+00 1.7840e+03  0.3776771     17.786    13.2162    317.379 -9.990e-29
     17.447     6.1606 197.804408     2.2967 1.5872e+01     0.6155    85.7374 1.0464e+00 1.7840e+03  0.3776771     17.791    13.2088    317.380 0.0000e+00
     17.452     6.1605 197.900089     2.2967 1.5872e+01     0.6155    85.7374 1.0232e+00 1.7840e+03  0.3768456     17.796    13.2095    317.535 0.0000e+00
     17.458     6.1617 197.888128     2.2967 1.5872e+01     0.6155    85.7374 1.0195e+00 1.7840e+03  0.3785086     17.802    13.2096    317.503 0.0000e+00
     17.463     6.1626 197.840286     2.2955 1.5963e+01     0.6070    85.9203 1.0476e+00 1.7820e+03  0.3772613     17.807    13.2010    317.417 0.0000e+00
     17.469     6.1618 197.816369     2.2943 1.5917e+01     0.5827    86.4431 1.0611e+00 1.7820e+03  0.3768456     17.813    13.1929    317.387 0.0000e+00
     17.476     6.1570 197.816370     2.2943 1.5872e+01     0.5743    86.6261 1.0379e+00 1.7820e+03  0.3772613     17.821    13.1963    317.436 0.0000e+00
     17.482     6.1563 197.816371     2.2943 1.5872e+01     0.5743    86.6261 1.0110e+00 1.7820e+03  0.3772613     17.827    13.1970    317.443 0.0000e+00
     17.490     6.1589 197.816371     2.2930 1.5872e+01     0.5743    86.6261 9.9267e-01 1.7820e+03  0.3772613     17.835    13.1882    317.417 0.0000e+00
     17.497     6.1595 197.780489     2.2930 1.5872e+01     0.5743    86.6261 9.9634e-01 1.7820e+03  0.3772613     17.842    13.1897    317.353 0.0000e+00
     17.504     6.1583 197.852251     2.2918 1.5872e+01     0.5755    86.6000 1.0061e+00 1.7820e+03  0.3776771     17.849    13.1830    317.480 0.0000e+00
     17.512     6.1600 197.828329     2.2906 1.5828e+01     0.5755    86.6000 1.0220e+00 1.7820e+03  0.3776771     17.857    13.1740    317.424 0.0000e+00
     17.521     6.1631 197.852249     2.2906 1.5783e+01     0.5767    86.5738 1.0195e+00 1.7820e+03  0.3772613     17.866    13.1747    317.431 0.0000e+00
     17.529     6.1654 197.840287     2.2906 1.5783e+01     0.5755    86.6000 1.0220e+00 1.7820e+03  0.3772613     17.875    13.1755    317.389 0.0000e+00
     17.537     6.1661 197.864206     2.2894 1.5738e+01     0.5755    86.6000 1.0513e+00 1.7820e+03  0.3772613     17.883    13.1680    317.420 0.0000e+00
     17.547     6.1666 197.912047     2.2882 1.5694e+01     0.5767    86.5738 1.0696e+00 1.7820e+03  0.3772613     17.893    13.1604    317.492 0.0000e+00
     17.557     6.1664 197.840287     2.2869 1.5649e+01     0.5755    86.6000 1.0549e+00 1.7820e+03  0.3780929     17.903    13.1510    317.378 0.0000e+00
     17.567     6.1652 197.852247     2.2869 1.5649e+01     0.5767    86.5738 1.0330e+00 1.7820e+03  0.3768456     17.913    13.1515    317.410 0.0000e+00
     17.578     6.1640 197.840289     2.2869 1.5561e+01     0.5755    86.6000 9.9634e-01 1.7801e+03  0.3768456     17.925    13.1531    317.403 0.0000e+00
     17.590     6.1628 197.840289     2.2857 1.5561e+01     0.5731    86.6522 9.4994e-01 1.7801e+03  0.3768456     17.937    13.1446    317.415 0.0000e+00
     17.601     6.1594 197.816373     2.2857 1.5517e+01     0.5743    86.6261 9.3773e-01 1.7801e+03  0.3768456     17.948    13.1455    317.411 0.0000e+00
     17.611     6.1528 197.768536     2.2857 1.5429e+01     0.5743    86.6261 9.3651e-01 1.7820e+03  0.3768456     17.958    13.1501    317.402 0.0000e+00
     17.622     6.1480 197.720699     2.2857 1.5386e+01     0.5743    86.6261 9.5360e-01 1.7801e+03  0.3776771     17.969    13.1539    317.374 0.0000e+00
     17.634     6.1457 197.720702     2.2845 1.5429e+01     0.5743    86.6261 9.8046e-01 1.7801e+03  0.3780929     17.982    13.1478    317.397 0.0000e+00
     17.647     6.1438 197.720703     2.2833 1.5299e+01     0.5743    86.6261 1.0012e+00 1.7801e+03  0.3785086     17.995    13.1401    317.417 0.0000e+00
     17.659     6.1426 197.720704     2.2833 1.5256e+01     0.5622    86.8875 1.0171e+00 1.7801e+03  0.3780929     18.007    13.1423    317.429 0.0000e+00
     17.673     6.1423 197.720705     2.2833 1.5256e+01     0.5574    86.9921 1.0501e+00 1.7801e+03  0.3785086     18.021    13.1439    317.432 0.0000e+00
     17.686     6.1409 197.720705     2.2821 1.5170e+01     0.5562    87.0182 1.0672e+00 1.7801e+03  0.3780929     18.035    13.1369    317.446 0.0000e+00
     17.700     6.1385 197.720707     2.2808 1.5084e+01     0.5562    87.0182 1.0501e+00 1.7801e+03  0.3780929     18.049    13.1294    317.471 0.0000e+00
     17.715     6.1388 197.720707     2.2808 1.5084e+01     0.5574    86.9921 1.0110e+00 1.7801e+03  0.3785086     18.064    13.1305    317.468 0.0000e+00
     17.730     6.1394 197.744627     2.2808 1.4999e+01     0.5550    87.0443 9.7436e-01 1.7801e+03  0.3785086     18.080    13.1313    317.500 0.0000e+00
     17.745     6.1374 197.684829     2.2796 1.4914e+01     0.5562    87.0182 9.4994e-01 1.7801e+03  0.3793402     18.095    13.1253    317.425 0.0000e+00
     17.760     6.1387 197.744628     2.2796 1.4914e+01     0.5550    87.0443 9.3651e-01 1.7801e+03  0.3793402     18.110    13.1268    317.507 0.0000e+00
     17.775     6.1403 197.732668     2.2784 1.4872e+01     0.5550    87.0443 9.1575e-01 1.7801e+03  0.3785086     18.125    13.1191    317.472 0.0000e+00
     17.789     6.1414 197.744627     2.2784 1.4788e+01     0.5538    87.0705 9.2186e-01 1.7801e+03  0.3785086     18.140    13.1216    317.480 0.0000e+00
     17.804     6.1358 197.684830     2.2772 1.4746e+01     0.5550    87.0443 9.5482e-01 1.7801e+03  0.3785086     18.155    13.1161    317.441 0.0000e+00
     17.819     6.1280 197.636998     2.2772 1.4704e+01     0.5562    87.0182 9.6581e-01 1.7801e+03  0.3789244     18.170    13.1202    317.444 0.0000e+00
     17.834     6.1211 197.529364     2.2772 1.4580e+01     0.5562    87.0182 9.4139e-01 1.7801e+03  0.3789244     18.186    13.1237    317.341 0.0000e+00
     17.849     6.1132 197.433693     2.2759 1.4539e+01     0.5550    87.0443 9.2430e-01 1.7801e+03  0.3785086     18.201    13.1191    317.268 0.0000e+00
     17.865     6.1055 197.433698     2.2759 1.4498e+01     0.5550    87.0443 9.4017e-01 1.7801e+03  0.3785086     18.217    13.1224    317.346 0.0000e+00
     17.882     6.1010 197.421742     2.2747 1.4375e+01     0.5550    87.0443 9.5726e-01 1.7801e+03  0.3785086     18.235    13.1144    317.373 0.0000e+00
     17.899     6.0959 197.421745     2.2747 1.4334e+01     0.5550    87.0443 9.5604e-01 1.7801e+03  0.3785086     18.252    13.1152    317.425 0.0000e+00
     17.918     6.0858 197.373916     2.2747 1.4334e+01     0.5550    87.0443 9.2918e-01 1.7801e+03  0.3785086     18.271    13.1188    317.451 0.0000e+00
     17.935     6.0736 197.290206     2.2735 1.4213e+01     0.5538    87.0705 9.1209e-01 1.7801e+03  0.3785086     18.289    13.1140    317.441 0.0000e+00
     17.951     6.0610 197.170624     2.2723 1.4173e+01     0.5562    87.0182 9.1575e-01 1.7801e+03  0.3785086     18.305    13.1080    317.378 0.0000e+00
     17.968     6.0484 197.098876     2.2735 1.4173e+01     0.5466    87.2273 9.3040e-01 1.7801e+03  0.3785086     18.322    13.1209    317.391 0.0000e+00
     17.985     6.0376 197.063008     2.2723 1.4053e+01     0.5406    87.3580 9.3529e-01 1.7801e+03  0.3785086     18.340    13.1164    317.444 0.0000e+00
     18.001     6.0250 196.967344     2.2723 1.3973e+01     0.5394    87.3841 9.4383e-01 1.7801e+03  0.3789244     18.356    13.1213    317.418 0.0000e+00
     18.017     6.0138 196.847763     2.2711 1.3973e+01     0.5406    87.3580 9.4750e-01 1.7801e+03  0.3789244     18.372    13.1168    317.340 0.0000e+00
     18.034     6.0063 196.931480     2.2711 1.3855e+01     0.5406    87.3580 9.5116e-01 1.7801e+03  0.3797559     18.390    13.1195    317.552 0.0000e+00
     18.051     6.0001 196.859731     2.2711 1.3777e+01     0.5406    87.3580 9.6581e-01 1.7801e+03  0.3805874     18.407    13.1216    317.500 0.0000e+00
     18.068     5.9942 196.823860     2.2698 1.3777e+01     0.5418    87.3319 9.7436e-01 1.7801e+03  0.3805874     18.424    13.1137    317.503 0.0000e+00
