data/05_metadata_exports/SeabirdData/202305_SeabirdData/83198_stn74.cnv
* Sea-Bird SBE 9 Data File:
* FileName = J:\01_Sensor_Data\Rosette Data\Seabird\2023\CSMI 2023 Lake Ontario - May Lake Ontario Plankton Survey\stn74.hex
* Software Version Seasave V 7.26.6.26
* Temperature SN = 5270
* Conductivity SN = 1168
* Number of Bytes Per Scan = 40
* Number of Voltage Words = 5
* Number of Scans Averaged by the Deck Unit = 1
* NMEA Latitude = 43 44.96 N
* NMEA Longitude = 076 31.01 W
* NMEA UTC (Time) = Sep 29 2003  20:18:22
* NMEA baud rate = 4800
** Ship: Lake Guardian
** Cruise: Summer Survey 2022
** Station:  stn74
# nquan = 14                                
# nvalues = 25926                       
# units = specified
# name 0 = prDM: Pressure, Digiquartz [db]
# name 1 = t090C: Temperature [ITS-90, deg C]
# name 2 = c0uS/cm: Conductivity [uS/cm]
# name 3 = sbeox0V: Oxygen raw, SBE 43 [V]
# name 4 = par: PAR/Irradiance, Biospherical/Licor
# name 5 = bat: Beam Attenuation, Chelsea/Seatech [1/m]
# name 6 = xmiss: Beam Transmission, Chelsea/Seatech [%]
# name 7 = flSP: Fluorescence, Seapoint
# name 8 = spar: SPAR, Biospherical/Licor
# name 9 = upoly0: Upoly 0, Suna Nitrate
# name 10 = depFM: Depth [fresh water, m], lat = 43.7493
# name 11 = sbeox0Mg/L: Oxygen, SBE 43 [mg/l], WS = 2
# name 12 = specc: Specific Conductance [uS/cm]
# name 13 = flag: flag
# span 0 =     -0.261,     64.984       
# span 1 =     4.8556,    11.5115       
# span 2 = -11.018369, 538.559792       
# span 3 =     2.0659,     2.5079       
# span 4 = 1.0000e-12, 4.6772e+03       
# span 5 =     0.0682,     8.4212       
# span 6 =    12.1810,    98.3104       
# span 7 = 0.0000e+00, 2.4799e+00       
# span 8 = 1.6816e+03, 1.8096e+03       
# span 9 =  0.0745862,  0.4109381       
# span 10 =     -0.266,     66.265      
# span 11 =    10.9422,    13.9552      
# span 12 =    -15.187,    740.858      
# span 13 = 0.0000e+00, 0.0000e+00      
# interval = seconds: 0.0416667
# start_time = Sep 29 2003 20:18:22 [NMEA time, header]
# bad_flag = -9.990e-29
*END*
[from data line 11252]
     64.579     4.8633 190.334281     2.0684 1.0000e-12     0.0831    97.9445 4.2735e-02 1.6836e+03  0.3855766     65.852    12.2962    318.663 -9.990e-29
     64.579     4.8636 190.370130     2.0684 1.0000e-12     0.0831    97.9445 4.3956e-02 1.6836e+03  0.3855766     65.852    12.2962    318.720 -9.990e-29
     64.578     4.8636 190.322331     2.0684 1.0000e-12     0.0841    97.9183 4.2735e-02 1.6836e+03  0.3855766     65.851    12.2963    318.640 -9.990e-29
     64.577     4.8634 190.298430     2.0684 1.0000e-12     0.0831    97.9445 4.2735e-02 1.6836e+03  0.3855766     65.850    12.2965    318.602 -9.990e-29
     64.577     4.8636 190.322331     2.0684 1.0000e-12     0.0820    97.9706 4.1514e-02 1.6836e+03  0.3855766     65.850    12.2979    318.640 -9.990e-29
     64.577     4.8636 190.298431     2.0672 1.0000e-12     0.0820    97.9706 4.1514e-02 1.6836e+03  0.3851608     65.850    12.2888    318.600 -9.990e-29
     64.576     4.8636 190.310380     2.0684 1.0000e-12     0.0820    97.9706 4.1514e-02 1.6836e+03  0.3855766     65.849    12.2980    318.620 -9.990e-29
     64.575     4.8638 190.298431     2.0684 1.0000e-12     0.0820    97.9706 4.1514e-02 1.6836e+03  0.3855766     65.848    12.2980    318.598 -9.990e-29
     64.575     4.8636 190.334281     2.0684 1.0000e-12     0.0820    97.9706 4.1514e-02 1.6836e+03  0.3855766     65.848    12.2982    318.660 -9.990e-29
     64.574     4.8634 190.382079     2.0684 1.0000e-12     0.0831    97.9445 4.1514e-02 1.6836e+03  0.3855766     65.847    12.2983    318.742 -9.990e-29
     64.574     4.8636 190.346231     2.0684 1.0000e-12     0.0809    97.9968 4.0293e-02 1.6836e+03  0.3855766     65.847    12.2983    318.680 -9.990e-29
     64.574     4.8634 190.298432     2.0684 1.0000e-12     0.0820    97.9706 4.0293e-02 1.6856e+03  0.3855766     65.847    12.2956    318.602 -9.990e-29
     64.572     4.8636 190.334279     2.0684 1.0000e-12     0.0831    97.9445 4.0293e-02 1.6856e+03  0.3855766     65.845    12.2956    318.660 -9.990e-29
     64.572     4.8634 190.334281     2.0684 1.0000e-12     0.0820    97.9706 4.0293e-02 1.6856e+03  0.3855766     65.845    12.2957    318.662 -9.990e-29
     64.572     4.8634 190.322330     2.0696 1.0000e-12     0.0820    97.9706 4.0293e-02 1.6856e+03  0.3855766     65.845    12.3050    318.642 -9.990e-29
     64.573     4.8634 190.298432     2.0684 1.0000e-12     0.0820    97.9706 4.0293e-02 1.6856e+03  0.3855766     65.846    12.2958    318.602 -9.990e-29
     64.574     4.8633 190.334281     2.0684 1.0000e-12     0.0820    97.9706 4.1514e-02 1.6856e+03  0.3855766     65.847    12.2959    318.663 -9.990e-29
     64.573     4.8634 190.358179     2.0684 1.0000e-12     0.0820    97.9706 4.1514e-02 1.6856e+03  0.3855766     65.846    12.2959    318.702 -9.990e-29
     64.573     4.8634 190.382080     2.0684 1.0000e-12     0.0820    97.9706 4.1514e-02 1.6856e+03  0.3855766     65.846    12.2974    318.742 -9.990e-29
     64.573     4.8634 190.358180     2.0684 1.0000e-12     0.0820    97.9706 4.1514e-02 1.6856e+03  0.3855766     65.846    12.2974    318.702 -9.990e-29
     64.573     4.8633 190.358179     2.0684 1.0000e-12     0.0820    97.9706 4.1514e-02 1.6856e+03  0.3855766     65.846    12.2974    318.703 -9.990e-29
     64.573     4.8636 190.334281     2.0684 1.0000e-12     0.0809    97.9968 4.0293e-02 1.6875e+03  0.3855766     65.846    12.2973    318.660 -9.990e-29
     64.573     4.8633 190.370129     2.0672 1.0000e-12     0.0809    97.9968 4.0293e-02 1.6875e+03  0.3855766     65.846    12.2882    318.723 -9.990e-29
     64.574     4.8634 190.358180     2.0684 1.0000e-12     0.0831    97.9445 4.0293e-02 1.6875e+03  0.3855766     65.847    12.2974    318.702 -9.990e-29
     64.575     4.8633 190.310381     2.0684 1.0000e-12     0.0831    97.9445 4.1514e-02 1.6875e+03  0.3855766     65.848    12.2974    318.623 -9.990e-29
     64.575     4.8634 190.382080     2.0684 1.0000e-12     0.0820    97.9706 4.1514e-02 1.6875e+03  0.3855766     65.848    12.2974    318.742 -9.990e-29
     64.573     4.8634 190.346230     2.0684 1.0000e-12     0.0820    97.9706 4.0293e-02 1.6875e+03  0.3851608     65.846    12.2974    318.682 -9.990e-29
     64.573     4.8634 190.346231     2.0684 1.0000e-12     0.0820    97.9706 4.0293e-02 1.6875e+03  0.3855766     65.846    12.2987    318.682 -9.990e-29
     64.573     4.8628 190.310381     2.0696 1.0000e-12     0.0820    97.9706 3.9072e-02 1.6875e+03  0.3851608     65.846    12.3095    318.629 -9.990e-29
     64.573     4.8630 190.274532     2.0684 1.0000e-12     0.0820    97.9706 3.9072e-02 1.6875e+03  0.3855766     65.846    12.3014    318.567 -9.990e-29
     64.574     4.8628 190.322331     2.0684 1.0000e-12     0.0820    97.9706 3.9072e-02 1.6875e+03  0.3855766     65.847    12.3013    318.649 -9.990e-29
     64.573     4.8628 190.310381     2.0684 1.0000e-12     0.0820    97.9706 3.9072e-02 1.6875e+03  0.3855766     65.846    12.3024    318.629 -9.990e-29
     64.574     4.8631 190.298432     2.0684 1.0000e-12     0.0820    97.9706 4.0293e-02 1.6875e+03  0.3851608     65.847    12.3019    318.606 -9.990e-29
     64.574     4.8626 190.334281     2.0684 1.0000e-12     0.0820    97.9706 4.0293e-02 1.6875e+03  0.3855766     65.847    12.3018    318.671 -9.990e-29
     64.573     4.8625 190.382080     2.0684 1.0000e-12     0.0831    97.9445 3.9072e-02 1.6875e+03  0.3855766     65.846    12.3014    318.752 -9.990e-29
     64.572     4.8625 190.358181     2.0672 1.0000e-12     0.0820    97.9706 3.9072e-02 1.6875e+03  0.3855766     65.845    12.2919    318.712 -9.990e-29
     64.571     4.8625 190.334281     2.0684 1.0000e-12     0.0820    97.9706 4.0293e-02 1.6875e+03  0.3855766     65.844    12.3008    318.672 -9.990e-29
     64.570     4.8625 190.334280     2.0684 1.0000e-12     0.0831    97.9445 4.0293e-02 1.6875e+03  0.3855766     65.843    12.3004    318.672 -9.990e-29
     64.569     4.8623 190.322332     2.0684 1.0000e-12     0.0831    97.9445 4.1514e-02 1.6875e+03  0.3855766     65.842    12.3001    318.654 -9.990e-29
     64.568     4.8625 190.322331     2.0684 1.0000e-12     0.0831    97.9445 4.1514e-02 1.6875e+03  0.3855766     65.841    12.3025    318.652 -9.990e-29
     64.568     4.8621 190.334282     2.0684 1.0000e-12     0.0831    97.9445 4.1514e-02 1.6875e+03  0.3855766     65.841    12.3037    318.676 -9.990e-29
     64.567     4.8623 190.334280     2.0684 1.0000e-12     0.0820    97.9706 4.2735e-02 1.6875e+03  0.3855766     65.840    12.3032    318.674 -9.990e-29
     64.567     4.8620 190.298432     2.0696 1.0000e-12     0.0831    97.9445 4.3956e-02 1.6875e+03  0.3855766     65.840    12.3122    318.617 -9.990e-29
     64.567     4.8623 190.382080     2.0684 1.0000e-12     0.0841    97.9183 4.5177e-02 1.6895e+03  0.3855766     65.840    12.3024    318.754 -9.990e-29
     64.567     4.8623 190.370131     2.0684 1.0000e-12     0.0852    97.8922 4.3956e-02 1.6895e+03  0.3855766     65.840    12.3020    318.734 -9.990e-29
     64.566     4.8623 190.262583     2.0684 1.0000e-12     0.0841    97.9183 4.2735e-02 1.6895e+03  0.3855766     65.839    12.3016    318.554 -9.990e-29
     64.564     4.8623 190.298431     2.0684 1.0000e-12     0.0831    97.9445 4.3956e-02 1.6895e+03  0.3855766     65.837    12.3012    318.614 -9.990e-29
     64.562     4.8623 190.322332     2.0684 1.0000e-12     0.0831    97.9445 4.3956e-02 1.6895e+03  0.3855766     65.835    12.2994    318.654 -9.990e-29
     64.560     4.8625 190.370130     2.0684 1.0000e-12     0.0841    97.9183 4.5177e-02 1.6895e+03  0.3855766     65.833    12.2989    318.732 -9.990e-29
     64.558     4.8624 190.358180     2.0684 1.0000e-12     0.0831    97.9445 4.5177e-02 1.6895e+03  0.3855766     65.831    12.2984    318.713 -9.990e-29
     64.558     4.8623 190.358181     2.0684 1.0000e-12     0.0831    97.9445 4.3956e-02 1.6895e+03  0.3855766     65.831    12.2980    318.714 -9.990e-29
     64.557     4.8625 190.334280     2.0696 1.0000e-12     0.0831    97.9445 4.3956e-02 1.6895e+03  0.3901500     65.830    12.3067    318.672 -9.990e-29
     64.555     4.8623 190.346231     2.0696 1.0000e-12     0.0841    97.9183 4.3956e-02 1.6895e+03  0.3984652     65.828    12.3077    318.694 -9.990e-29
     64.552     4.8623 190.286481     2.0696 1.0000e-12     0.0831    97.9445 4.2735e-02 1.6895e+03  0.4034544     65.825    12.3100    318.594 -9.990e-29
     64.549     4.8623 190.310381     2.0696 1.0000e-12     0.0831    97.9445 4.2735e-02 1.6895e+03  0.4042859     65.822    12.3108    318.634 -9.990e-29
     64.548     4.8625 190.322331     2.0696 1.0000e-12     0.0841    97.9183 4.2735e-02 1.6895e+03  0.4038701     65.821    12.3102    318.652 -9.990e-29
     64.548     4.8623 190.334280     2.0684 1.0000e-12     0.0831    97.9445 4.2735e-02 1.6895e+03  0.4038701     65.821    12.3005    318.674 -9.990e-29
     64.548     4.8623 190.370131     2.0684 1.0000e-12     0.0831    97.9445 4.2735e-02 1.6895e+03  0.4038701     65.821    12.2999    318.734 -9.990e-29
     64.547     4.8623 190.358180     2.0684 1.0000e-12     0.0831    97.9445 4.2735e-02 1.6895e+03  0.4038701     65.820    12.2993    318.714 -9.990e-29
     64.546     4.8625 190.310380     2.0684 1.0000e-12     0.0820    97.9706 4.1514e-02 1.6895e+03  0.4038701     65.819    12.2987    318.632 -9.990e-29
     64.547     4.8623 190.322333     2.0684 1.0000e-12     0.0820    97.9706 4.0293e-02 1.6895e+03  0.4038701     65.820    12.2968    318.654 -9.990e-29
     64.545     4.8623 190.334280     2.0684 1.0000e-12     0.0820    97.9706 4.1514e-02 1.6895e+03  0.4038701     65.818    12.2961    318.674 -9.990e-29
     64.542     4.8621 190.334280     2.0684 1.0000e-12     0.0820    97.9706 4.2735e-02 1.6895e+03  0.4038701     65.815    12.2956    318.676 -9.990e-29
     64.541     4.8621 190.334282     2.0696 1.0000e-12     0.0841    97.9183 4.2735e-02 1.6895e+03  0.4038701     65.813    12.3028    318.676 -9.990e-29
     64.539     4.8621 190.262582     2.0696 1.0000e-12     0.0841    97.9183 4.3956e-02 1.6895e+03  0.4038701     65.811    12.3022    318.556 -9.990e-29
     64.537     4.8618 190.322331     2.0684 1.0000e-12     0.0841    97.9183 4.3956e-02 1.6895e+03  0.4034544     65.809    12.2925    318.659 -9.990e-29
     64.535     4.8621 190.382080     2.0684 1.0000e-12     0.0841    97.9183 4.2735e-02 1.6895e+03  0.4034544     65.807    12.2918    318.756 -9.990e-29
     64.533     4.8620 190.298431     2.0684 1.0000e-12     0.0841    97.9183 5.0061e-02 1.6895e+03  0.4034544     65.805    12.2941    318.617 -9.990e-29
     64.530     4.8621 190.310381     2.0684 1.0000e-12     0.0841    97.9183 5.4945e-02 1.6895e+03  0.4034544     65.802    12.2949    318.636 -9.990e-29
     64.529     4.8618 190.286481     2.0684 1.0000e-12     0.0831    97.9445 5.2503e-02 1.6895e+03  0.4034544     65.801    12.2943    318.599 -9.990e-29
     64.529     4.8621 190.322331     2.0684 1.0000e-12     0.0841    97.9183 4.8840e-02 1.6895e+03  0.4034544     65.801    12.2936    318.656 -9.990e-29
     64.528     4.8618 190.310382     2.0684 1.0000e-12     0.0841    97.9183 4.7619e-02 1.6895e+03  0.4034544     65.800    12.2931    318.639 -9.990e-29
     64.526     4.8621 190.298430     2.0684 1.0000e-12     0.0841    97.9183 4.6398e-02 1.6895e+03  0.4034544     65.798    12.2924    318.616 -9.990e-29
     64.524     4.8620 190.370130     2.0684 1.0000e-12     0.0831    97.9445 4.6398e-02 1.6895e+03  0.4038701     65.796    12.2918    318.737 -9.990e-29
     64.523     4.8621 190.358180     2.0684 1.0000e-12     0.0841    97.9183 4.6398e-02 1.6895e+03  0.4034544     65.795    12.2911    318.716 -9.990e-29
     64.521     4.8617 190.358179     2.0684 1.0000e-12     0.0831    97.9445 4.3956e-02 1.6895e+03  0.4038701     65.793    12.2906    318.721 -9.990e-29
     64.521     4.8620 190.358180     2.0696 1.0000e-12     0.0841    97.9183 4.1514e-02 1.6895e+03  0.4034544     65.793    12.3005    318.717 -9.990e-29
     64.521     4.8617 190.334281     2.0696 1.0000e-12     0.0841    97.9183 4.1514e-02 1.6895e+03  0.4038701     65.793    12.3015    318.681 -9.990e-29
     64.520     4.8618 190.274532     2.0696 1.0000e-12     0.0841    97.9183 4.1514e-02 1.6895e+03  0.4038701     65.792    12.3024    318.579 -9.990e-29
     64.519     4.8617 190.358179     2.0684 1.0000e-12     0.0831    97.9445 4.0293e-02 1.6895e+03  0.4038701     65.791    12.2941    318.721 -9.990e-29
     64.518     4.8618 190.346231     2.0684 1.0000e-12     0.0841    97.9183 4.0293e-02 1.6895e+03  0.4034544     65.790    12.2951    318.699 -9.990e-29
     64.518     4.8618 190.346231     2.0684 1.0000e-12     0.0841    97.9183 4.2735e-02 1.6895e+03  0.4038701     65.790    12.2948    318.699 -9.990e-29
     64.517     4.8618 190.286481     2.0684 1.0000e-12     0.0841    97.9183 4.2735e-02 1.6895e+03  0.4038701     65.789    12.2944    318.599 -9.990e-29
     64.517     4.8618 190.310381     2.0684 1.0000e-12     0.0841    97.9183 4.2735e-02 1.6915e+03  0.4038701     65.789    12.2941    318.639 -9.990e-29
     64.516     4.8618 190.298431     2.0684 1.0000e-12     0.0852    97.8922 4.1514e-02 1.6915e+03  0.4034544     65.788    12.2938    318.619 -9.990e-29
     64.516     4.8618 190.322330     2.0684 1.0000e-12     0.0831    97.9445 4.2735e-02 1.6915e+03  0.4026229     65.788    12.2934    318.659 -9.990e-29
     64.516     4.8618 190.334281     2.0684 1.0000e-12     0.0841    97.9183 4.3956e-02 1.6915e+03  0.4026229     65.788    12.2931    318.679 -9.990e-29
     64.516     4.8620 190.334281     2.0672 1.0000e-12     0.0831    97.9445 4.3956e-02 1.6895e+03  0.4026229     65.788    12.2834    318.677 -9.990e-29
     64.516     4.8620 190.346229     2.0684 1.0000e-12     0.0841    97.9183 4.3956e-02 1.6895e+03  0.4026229     65.788    12.2951    318.697 -9.990e-29
     64.516     4.8618 190.334281     2.0684 1.0000e-12     0.0831    97.9445 4.3956e-02 1.6895e+03  0.4026229     65.788    12.2963    318.679 -9.990e-29
     64.518     4.8618 190.298430     2.0684 1.0000e-12     0.0831    97.9445 4.3956e-02 1.6895e+03  0.4026229     65.790    12.2960    318.619 -9.990e-29
     64.520     4.8620 190.274532     2.0696 1.0000e-12     0.0831    97.9445 4.6398e-02 1.6895e+03  0.4026229     65.792    12.3049    318.577 -9.990e-29
     64.522     4.8618 190.334281     2.0696 1.0000e-12     0.0841    97.9183 4.7619e-02 1.6895e+03  0.4026229     65.794    12.3046    318.679 -9.990e-29
     64.523     4.8621 190.334281     2.0684 1.0000e-12     0.0841    97.9183 4.8840e-02 1.6895e+03  0.4026229     65.795    12.2950    318.676 -9.990e-29
     64.524     4.8621 190.298431     2.0684 1.0000e-12     0.0831    97.9445 4.7619e-02 1.6875e+03  0.4026229     65.796    12.2947    318.616 -9.990e-29
     64.523     4.8620 190.322331     2.0684 1.0000e-12     0.0831    97.9445 4.6398e-02 1.6875e+03  0.4026229     65.795    12.2931    318.657 -9.990e-29
     64.523     4.8620 190.346229     2.0684 1.0000e-12     0.0841    97.9183 4.6398e-02 1.6875e+03  0.4026229     65.795    12.2929    318.697 -9.990e-29
     64.525     4.8618 190.334281     2.0684 1.0000e-12     0.0841    97.9183 4.3956e-02 1.6875e+03  0.4026229     65.797    12.2927    318.679 -9.990e-29
     64.526     4.8620 190.334281     2.0684 1.0000e-12     0.0831    97.9445 4.2735e-02 1.6875e+03  0.4026229     65.798    12.2924    318.677 -9.990e-29
     64.528     4.8619 190.298430     2.0684 1.0000e-12     0.0820    97.9706 4.7619e-02 1.6875e+03  0.4026229     65.800    12.2909    318.618 -9.990e-29
     64.532     4.8618 190.298431     2.0684 1.0000e-12     0.0831    97.9445 4.8840e-02 1.6875e+03  0.4026229     65.804    12.2894    318.619 -9.990e-29
     64.536     4.8623 190.298431     2.0684 1.0000e-12     0.0831    97.9445 4.6398e-02 1.6875e+03  0.4026229     65.808    12.2905    318.614 -9.990e-29
