data/05_metadata_exports/SeabirdData/202305_SeabirdData/83205_stn63.cnv
* Sea-Bird SBE 9 Data File:
* FileName = J:\01_Sensor_Data\Rosette Data\Seabird\2023\CSMI 2023 Lake Ontario - May Lake Ontario Plankton Survey\stn63.hex
* Software Version Seasave V 7.26.6.26
* Temperature SN = 5270
* Conductivity SN = 1168
* Number of Bytes Per Scan = 40
* Number of Voltage Words = 5
* Number of Scans Averaged by the Deck Unit = 1
* NMEA Latitude = 43 43.89 N
* NMEA Longitude = 077 01.03 W
* NMEA UTC (Time) = Sep 29 2003  22:58:30
* NMEA baud rate = 4800
** Ship: Lake Guardian
** Cruise: Summer Survey 2022
** Station:  stn63
# nquan = 14                                
# nvalues = 22969                       
# units = specified
# name 0 = prDM: Pressure, Digiquartz [db]
# name 1 = t090C: Temperature [ITS-90, deg C]
# name 2 = c0uS/cm: Conductivity [uS/cm]
# name 3 = sbeox0V: Oxygen raw, SBE 43 [V]
# name 4 = par: PAR/Irradiance, Biospherical/Licor
# name 5 = bat: Beam Attenuation, Chelsea/Seatech [1/m]
# name 6 = xmiss: Beam Transmission, Chelsea/Seatech [%]
# name 7 = flSP: Fluorescence, Seapoint
# name 8 = spar: SPAR, Biospherical/Licor
# name 9 = upoly0: Upoly 0, Suna Nitrate
# name 10 = depFM: Depth [fresh water, m], lat = 43.7315
# name 11 = sbeox0Mg/L: Oxygen, SBE 43 [mg/l], WS = 2
# name 12 = specc: Specific Conductance [uS/cm]
# name 13 = flag: flag
# span 0 =     -0.332,     84.476       
# span 1 =     4.1491,    10.2202       
# span 2 = -3.353e+03, 313.959676       
# span 3 =     1.9805,     2.4591       
# span 4 = 1.0000e-12, 1.6527e+03       
# span 5 =     0.0522,     3.0560       
# span 6 =    46.5805,    98.7025       
# span 7 = 0.0000e+00, 1.4164e+00       
# span 8 = 3.6035e+02, 8.1324e+02       
# span 9 =  0.0741704,  0.4063647       
# span 10 =     -0.339,     86.142      
# span 11 =    10.4395,    14.1509      
# span 12 =  -4771.387,    447.680      
# span 13 = 0.0000e+00, 0.0000e+00      
# interval = seconds: 0.0416667
# start_time = Sep 29 2003 22:58:30 [NMEA time, header]
# bad_flag = -9.990e-29
*END*
[from data line 7226]
     17.142     5.1711 191.121945     2.2674 2.5732e+00     0.5490    87.1750 5.1282e-01 6.3011e+02  0.3685303     17.480    13.5251    316.717 0.0000e+00
     17.172     5.1724 191.121944     2.2674 2.5657e+00     0.5502    87.1489 5.1404e-01 6.3011e+02  0.3685303     17.511    13.5228    316.703 0.0000e+00
     17.202     5.1735 191.109994     2.2674 2.5284e+00     0.5502    87.1489 5.1038e-01 6.3011e+02  0.3685303     17.541    13.5210    316.672 0.0000e+00
     17.232     5.1744 191.038288     2.2674 2.5062e+00     0.5490    87.1750 5.0672e-01 6.3011e+02  0.3685303     17.572    13.5197    316.544 0.0000e+00
     17.263     5.1739 191.098043     2.2674 2.5062e+00     0.5502    87.1489 5.0794e-01 6.3011e+02  0.3685303     17.603    13.5195    316.648 0.0000e+00
     17.294     5.1711 191.109997     2.2662 2.4697e+00     0.5490    87.1750 5.0183e-01 6.3011e+02  0.3685303     17.635    13.5103    316.697 0.0000e+00
     17.325     5.1676 191.074147     2.2662 2.4481e+00     0.5502    87.1489 4.9695e-01 6.3011e+02  0.3685303     17.667    13.5108    316.675 0.0000e+00
     17.355     5.1665 191.026346     2.2662 2.4481e+00     0.5490    87.1750 5.0549e-01 6.3011e+02  0.3685303     17.697    13.5096    316.607 0.0000e+00
     17.385     5.1660 191.038297     2.2662 2.4195e+00     0.5466    87.2273 5.1770e-01 6.3011e+02  0.3689461     17.728    13.5100    316.632 0.0000e+00
     17.413     5.1639 191.050250     2.2662 2.3913e+00     0.5466    87.2273 5.3236e-01 6.3011e+02  0.3689461     17.756    13.5088    316.674 0.0000e+00
     17.441     5.1631 191.014398     2.2650 2.3842e+00     0.5478    87.2012 5.3236e-01 6.3011e+02  0.3689461     17.785    13.4987    316.623 0.0000e+00
     17.470     5.1639 190.966595     2.2650 2.3633e+00     0.5466    87.2273 5.1893e-01 6.3011e+02  0.3689461     17.814    13.4976    316.535 0.0000e+00
     17.499     5.1644 191.062202     2.2650 2.3426e+00     0.5454    87.2534 5.1038e-01 6.3011e+02  0.3689461     17.844    13.4984    316.688 0.0000e+00
     17.527     5.1647 191.062202     2.2662 2.3357e+00     0.5466    87.2273 5.2015e-01 6.3011e+02  0.3689461     17.873    13.5062    316.685 0.0000e+00
     17.553     5.1638 191.086105     2.2650 2.3220e+00     0.5466    87.2273 5.1893e-01 6.3011e+02  0.3689461     17.899    13.4982    316.734 0.0000e+00
     17.579     5.1623 191.014401     2.2650 2.2881e+00     0.5466    87.2273 5.2015e-01 6.3011e+02  0.3689461     17.926    13.4986    316.631 0.0000e+00
     17.604     5.1607 191.026354     2.2637 2.2813e+00     0.5466    87.2273 5.2625e-01 6.3011e+02  0.3689461     17.951    13.4884    316.668 0.0000e+00
     17.629     5.1596 191.002453     2.2637 2.2680e+00     0.5466    87.2273 5.2747e-01 6.3011e+02  0.3689461     17.977    13.4884    316.640 0.0000e+00
     17.653     5.1583 190.990504     2.2637 2.2480e+00     0.5478    87.2012 5.3358e-01 6.3011e+02  0.3689461     18.001    13.4877    316.634 0.0000e+00
     17.677     5.1574 191.002455     2.2625 2.2414e+00     0.5454    87.2534 5.2991e-01 6.3011e+02  0.3689461     18.026    13.4783    316.663 0.0000e+00
     17.702     5.1563 190.990507     2.2637 2.2282e+00     0.5478    87.2012 5.1526e-01 6.3011e+02  0.3689461     18.051    13.4892    316.655 0.0000e+00
     17.725     5.1555 190.990507     2.2625 2.2021e+00     0.5478    87.2012 5.1282e-01 6.3011e+02  0.3689461     18.074    13.4809    316.663 0.0000e+00
     17.747     5.1550 191.002459     2.2637 2.1892e+00     0.5478    87.2012 5.5067e-01 6.3011e+02  0.3689461     18.097    13.4886    316.688 0.0000e+00
     17.768     5.1548 191.014409     2.2625 2.1827e+00     0.5478    87.2012 5.6654e-01 6.2815e+02  0.3689461     18.118    13.4797    316.710 0.0000e+00
     17.788     5.1543 191.014410     2.2625 2.1635e+00     0.5478    87.2012 5.6410e-01 6.2815e+02  0.3689461     18.139    13.4807    316.715 0.0000e+00
     17.809     5.1545 191.014411     2.2613 2.1507e+00     0.5490    87.1750 5.7143e-01 6.2815e+02  0.3689461     18.160    13.4702    316.713 0.0000e+00
     17.828     5.1544 191.014410     2.2613 2.1507e+00     0.5490    87.1750 5.6654e-01 6.2815e+02  0.3689461     18.179    13.4681    316.714 0.0000e+00
     17.849     5.1547 190.990510     2.2613 2.1381e+00     0.5358    87.4626 5.6044e-01 6.2815e+02  0.3689461     18.201    13.4665    316.671 0.0000e+00
     17.868     5.1550 191.002461     2.2613 2.1255e+00     0.5203    87.8024 5.7021e-01 6.2815e+02  0.3689461     18.220    13.4668    316.688 0.0000e+00
     17.885     5.1556 191.050263     2.2613 2.1255e+00     0.5179    87.8547 5.6166e-01 6.2815e+02  0.3689461     18.238    13.4675    316.761 0.0000e+00
     17.903     5.1561 191.050263     2.2613 2.1067e+00     0.5179    87.8547 5.4212e-01 6.2815e+02  0.3689461     18.256    13.4662    316.756 0.0000e+00
     17.919     5.1558 190.978561     2.2601 2.0943e+00     0.5191    87.8285 5.3968e-01 6.2815e+02  0.3689461     18.272    13.4566    316.640 0.0000e+00
     17.935     5.1564 191.038312     2.2601 2.0943e+00     0.5191    87.8285 5.6166e-01 6.2815e+02  0.3689461     18.289    13.4549    316.733 0.0000e+00
     17.951     5.1569 191.050265     2.2589 2.0820e+00     0.5191    87.8285 5.7631e-01 6.2815e+02  0.3689461     18.305    13.4447    316.747 0.0000e+00
     17.965     5.1575 191.014411     2.2589 2.0758e+00     0.5191    87.8285 5.6288e-01 6.2815e+02  0.3710249     18.319    13.4430    316.682 0.0000e+00
     17.979     5.1575 190.990511     2.2589 2.0758e+00     0.5179    87.8547 5.5678e-01 6.2815e+02  0.3726880     18.333    13.4420    316.642 0.0000e+00
     17.992     5.1569 190.990511     2.2601 2.0636e+00     0.5191    87.8285 5.7143e-01 6.2815e+02  0.3731037     18.347    13.4510    316.648 0.0000e+00
     18.005     5.1561 191.074166     2.2589 2.0575e+00     0.5191    87.8285 5.8486e-01 6.2815e+02  0.3731037     18.360    13.4411    316.795 0.0000e+00
     18.018     5.1555 191.014414     2.2589 2.0514e+00     0.5191    87.8285 5.8364e-01 6.2618e+02  0.3731037     18.373    13.4421    316.703 0.0000e+00
     18.030     5.1541 191.002463     2.2576 2.0514e+00     0.5191    87.8285 5.7998e-01 6.2618e+02  0.3731037     18.385    13.4330    316.698 0.0000e+00
     18.041     5.1528 191.014416     2.2576 2.0514e+00     0.5191    87.8285 5.8852e-01 6.2618e+02  0.3726880     18.397    13.4329    316.731 0.0000e+00
     18.053     5.1507 190.966615     2.2576 2.0453e+00     0.5191    87.8285 5.9707e-01 6.2618e+02  0.3731037     18.409    13.4324    316.674 0.0000e+00
     18.063     5.1491 190.990517     2.2564 2.0453e+00     0.5191    87.8285 6.1172e-01 6.2618e+02  0.3731037     18.419    13.4231    316.730 0.0000e+00
     18.073     5.1478 190.942714     2.2564 2.0393e+00     0.5203    87.8024 6.4103e-01 6.2618e+02  0.3731037     18.429    13.4235    316.665 0.0000e+00
     18.084     5.1477 190.942717     2.2576 2.0333e+00     0.5203    87.8024 6.6789e-01 6.2618e+02  0.3731037     18.441    13.4317    316.666 0.0000e+00
     18.094     5.1467 191.026372     2.2576 2.0333e+00     0.5203    87.8024 6.8010e-01 6.2618e+02  0.3731037     18.451    13.4318    316.815 0.0000e+00
     18.104     5.1459 191.002470     2.2564 2.0273e+00     0.5203    87.8024 6.7643e-01 6.2618e+02  0.3731037     18.461    13.4220    316.784 0.0000e+00
     18.114     5.1448 190.990521     2.2564 2.0273e+00     0.5108    88.0115 6.6667e-01 6.2618e+02  0.3731037     18.471    13.4234    316.776 0.0000e+00
     18.123     5.1446 190.990521     2.2564 2.0273e+00     0.4859    88.5604 6.6545e-01 6.2618e+02  0.3731037     18.480    13.4238    316.778 0.0000e+00
     18.132     5.1435 190.918819     2.2552 2.0153e+00     0.4777    88.7434 6.6545e-01 6.2618e+02  0.3731037     18.489    13.4147    316.670 0.0000e+00
     18.138     5.1428 190.930769     2.2540 2.0153e+00     0.4800    88.6911 6.6545e-01 6.2618e+02  0.3731037     18.496    13.4048    316.697 0.0000e+00
     18.145     5.1437 190.990521     2.2540 2.0153e+00     0.4812    88.6650 6.7277e-01 6.2618e+02  0.3747668     18.503    13.4039    316.787 0.0000e+00
     18.153     5.1451 190.966620     2.2552 2.0153e+00     0.4800    88.6911 6.7033e-01 6.2618e+02  0.3747668     18.511    13.4126    316.733 0.0000e+00
     18.160     5.1456 190.930768     2.2552 2.0093e+00     0.4800    88.6911 6.5568e-01 6.2618e+02  0.3747668     18.518    13.4131    316.668 0.0000e+00
     18.167     5.1459 190.930768     2.2540 2.0153e+00     0.4800    88.6911 6.3004e-01 6.2618e+02  0.3747668     18.525    13.4052    316.665 0.0000e+00
     18.174     5.1464 190.894916     2.2540 2.0093e+00     0.4800    88.6911 6.1294e-01 6.2618e+02  0.3747668     18.532    13.4056    316.600 0.0000e+00
     18.181     5.1460 190.966620     2.2527 2.0034e+00     0.4789    88.7173 5.9951e-01 6.2618e+02  0.3747668     18.539    13.3957    316.723 0.0000e+00
     18.189     5.1460 190.918817     2.2527 2.0034e+00     0.4777    88.7434 6.0195e-01 6.2618e+02  0.3747668     18.548    13.3961    316.644 0.0000e+00
     18.196     5.1456 190.918818     2.2515 2.0093e+00     0.4789    88.7173 6.1416e-01 6.2618e+02  0.3747668     18.555    13.3868    316.648 0.0000e+00
     18.205     5.1459 190.942719     2.2527 2.0093e+00     0.4800    88.6911 6.2271e-01 6.2421e+02  0.3751825     18.564    13.3961    316.685 0.0000e+00
     18.214     5.1453 190.930769     2.2527 2.0093e+00     0.4800    88.6911 6.2882e-01 6.2421e+02  0.3755983     18.573    13.3971    316.671 0.0000e+00
     18.222     5.1451 190.942720     2.2515 2.0093e+00     0.4800    88.6911 6.3980e-01 6.2421e+02  0.3755983     18.581    13.3908    316.693 0.0000e+00
     18.230     5.1443 190.978572     2.2515 2.0093e+00     0.4800    88.6911 6.5690e-01 6.2421e+02  0.3755983     18.589    13.3918    316.761 0.0000e+00
     18.238     5.1448 190.942720     2.2515 2.0034e+00     0.4789    88.7173 6.6422e-01 6.2421e+02  0.3739352     18.598    13.3929    316.696 0.0000e+00
     18.247     5.1450 190.966623     2.2503 2.0034e+00     0.4789    88.7173 6.6667e-01 6.2421e+02  0.3747668     18.607    13.3828    316.734 0.0000e+00
     18.255     5.1445 190.942720     2.2503 2.0034e+00     0.4812    88.6650 6.5934e-01 6.2421e+02  0.3747668     18.615    13.3827    316.699 0.0000e+00
     18.264     5.1437 190.942721     2.2503 2.0034e+00     0.4800    88.6911 6.4103e-01 6.2421e+02  0.3747668     18.624    13.3834    316.708 0.0000e+00
     18.274     5.1430 190.978574     2.2503 2.0034e+00     0.4800    88.6911 6.3248e-01 6.2421e+02  0.3751825     18.634    13.3832    316.775 0.0000e+00
     18.285     5.1433 190.954672     2.2503 1.9916e+00     0.4730    88.8480 6.2637e-01 6.2421e+02  0.3751825     18.646    13.3832    316.732 0.0000e+00
     18.297     5.1437 190.930773     2.2491 1.9916e+00     0.4694    88.9264 6.1416e-01 6.2421e+02  0.3747668     18.658    13.3760    316.688 0.0000e+00
     18.306     5.1433 190.894920     2.2491 1.9916e+00     0.4694    88.9264 6.2759e-01 6.2421e+02  0.3751825     18.667    13.3776    316.633 0.0000e+00
     18.315     5.1426 190.894921     2.2491 1.9857e+00     0.4718    88.8741 7.4725e-01 6.2421e+02  0.3751825     18.676    13.3785    316.640 0.0000e+00
     18.325     5.1429 190.894921     2.2491 1.9857e+00     0.4718    88.8741 8.2540e-01 6.2421e+02  0.3751825     18.686    13.3783    316.637 0.0000e+00
     18.335     5.1432 190.918821     2.2479 1.9857e+00     0.4730    88.8480 7.8510e-01 6.2421e+02  0.3751825     18.696    13.3697    316.673 0.0000e+00
     18.345     5.1433 190.942724     2.2479 1.9798e+00     0.4706    88.9002 7.3016e-01 6.2421e+02  0.3751825     18.707    13.3709    316.712 0.0000e+00
     18.356     5.1435 190.906872     2.2479 1.9739e+00     0.4718    88.8741 7.0696e-01 6.2421e+02  0.3751825     18.718    13.3712    316.650 0.0000e+00
     18.367     5.1434 190.894921     2.2479 1.9739e+00     0.4706    88.9002 6.9841e-01 6.2421e+02  0.3751825     18.729    13.3709    316.632 0.0000e+00
     18.379     5.1454 190.966623     2.2479 1.9623e+00     0.4706    88.9002 6.7766e-01 6.2421e+02  0.3751825     18.741    13.3717    316.730 0.0000e+00
     18.393     5.1472 190.942722     2.2479 1.9564e+00     0.4706    88.9002 6.4591e-01 6.2421e+02  0.3747668     18.756    13.3731    316.671 0.0000e+00
     18.407     5.1470 190.966623     2.2466 1.9564e+00     0.4706    88.9002 6.1905e-01 6.2421e+02  0.3747668     18.770    13.3633    316.713 0.0000e+00
     18.422     5.1456 190.954675     2.2466 1.9449e+00     0.4694    88.9264 5.8242e-01 6.2421e+02  0.3743510     18.785    13.3644    316.708 0.0000e+00
     18.437     5.1442 190.930773     2.2466 1.9507e+00     0.4694    88.9264 5.4335e-01 6.2421e+02  0.3755983     18.801    13.3647    316.683 0.0000e+00
     18.452     5.1429 190.942726     2.2466 1.9391e+00     0.4694    88.9264 5.1648e-01 6.2421e+02  0.3739352     18.816    13.3668    316.716 0.0000e+00
     18.467     5.1421 190.906875     2.2466 1.9334e+00     0.4694    88.9264 5.1282e-01 6.2421e+02  0.3739352     18.831    13.3680    316.665 0.0000e+00
     18.481     5.1415 190.930776     2.2466 1.9219e+00     0.4683    88.9525 5.0672e-01 6.2421e+02  0.3743510     18.845    13.3694    316.711 0.0000e+00
     18.496     5.1415 190.859073     2.2466 1.9219e+00     0.4683    88.9525 4.9939e-01 6.2224e+02  0.3743510     18.861    13.3712    316.592 0.0000e+00
     18.512     5.1421 190.918826     2.2454 1.9219e+00     0.4683    88.9525 4.9573e-01 6.2224e+02  0.3739352     18.877    13.3628    316.685 0.0000e+00
     18.528     5.1426 190.954678     2.2454 1.9105e+00     0.4694    88.9264 4.9451e-01 6.2224e+02  0.3735195     18.893    13.3628    316.739 0.0000e+00
     18.545     5.1419 190.954678     2.2442 1.9049e+00     0.4612    89.1093 5.0794e-01 6.2224e+02  0.3731037     18.911    13.3546    316.747 0.0000e+00
     18.563     5.1419 190.906876     2.2442 1.8992e+00     0.4554    89.2400 5.1893e-01 6.2224e+02  0.3731037     18.929    13.3545    316.667 0.0000e+00
     18.582     5.1411 190.930778     2.2442 1.8824e+00     0.4565    89.2139 5.2381e-01 6.2224e+02  0.3735195     18.948    13.3552    316.715 0.0000e+00
     18.600     5.1411 190.906878     2.2442 1.8712e+00     0.4565    89.2139 5.1770e-01 6.2224e+02  0.3731037     18.967    13.3561    316.676 0.0000e+00
     18.618     5.1418 190.930778     2.2442 1.8657e+00     0.4554    89.2400 5.0427e-01 6.2224e+02  0.3735195     18.985    13.3560    316.708 0.0000e+00
     18.637     5.1417 190.906878     2.2442 1.8436e+00     0.4554    89.2400 4.9573e-01 6.2224e+02  0.3735195     19.004    13.3566    316.669 0.0000e+00
     18.656     5.1413 190.918829     2.2430 1.8381e+00     0.4554    89.2400 4.9328e-01 6.2224e+02  0.3735195     19.024    13.3475    316.693 0.0000e+00
     18.675     5.1402 190.894929     2.2430 1.8381e+00     0.4565    89.2139 4.9817e-01 6.2421e+02  0.3735195     19.043    13.3483    316.665 0.0000e+00
     18.694     5.1392 190.823226     2.2418 1.8218e+00     0.4554    89.2400 5.1526e-01 6.2421e+02  0.3735195     19.063    13.3391    316.557 0.0000e+00
     18.714     5.1386 190.906882     2.2418 1.8164e+00     0.4565    89.2139 5.0672e-01 6.2224e+02  0.3735195     19.083    13.3394    316.702 0.0000e+00
     18.734     5.1386 190.859079     2.2430 1.8164e+00     0.4554    89.2400 4.9573e-01 6.2224e+02  0.3735195     19.103    13.3491    316.623 0.0000e+00
     18.757     5.1394 190.906880     2.2430 1.7949e+00     0.4565    89.2139 4.9817e-01 6.2224e+02  0.3735195     19.127    13.3485    316.694 0.0000e+00
     18.781     5.1402 190.882983     2.2418 1.7789e+00     0.4554    89.2400 4.9817e-01 6.2224e+02  0.3735195     19.151    13.3393    316.645 0.0000e+00
     18.803     5.1397 190.871030     2.2418 1.7789e+00     0.4565    89.2139 4.9695e-01 6.2224e+02  0.3735195     19.174    13.3402    316.631 0.0000e+00
     18.824     5.1382 190.871033     2.2418 1.7630e+00     0.4565    89.2139 4.9817e-01 6.2224e+02  0.3735195     19.195    13.3420    316.647 0.0000e+00
