data/05_metadata_exports/SeabirdData/202305_SeabirdData/83205_stn63.cnv
* Sea-Bird SBE 9 Data File:
* FileName = J:\01_Sensor_Data\Rosette Data\Seabird\2023\CSMI 2023 Lake Ontario - May Lake Ontario Plankton Survey\stn63.hex
* Software Version Seasave V 7.26.6.26
* Temperature SN = 5270
* Conductivity SN = 1168
* Number of Bytes Per Scan = 40
* Number of Voltage Words = 5
* Number of Scans Averaged by the Deck Unit = 1
* NMEA Latitude = 43 43.89 N
* NMEA Longitude = 077 01.03 W
* NMEA UTC (Time) = Sep 29 2003  22:58:30
* NMEA baud rate = 4800
** Ship: Lake Guardian
** Cruise: Summer Survey 2022
** Station:  stn63
# nquan = 14                                
# nvalues = 22969                       
# units = specified
# name 0 = prDM: Pressure, Digiquartz [db]
# name 1 = t090C: Temperature [ITS-90, deg C]
# name 2 = c0uS/cm: Conductivity [uS/cm]
# name 3 = sbeox0V: Oxygen raw, SBE 43 [V]
# name 4 = par: PAR/Irradiance, Biospherical/Licor
# name 5 = bat: Beam Attenuation, Chelsea/Seatech [1/m]
# name 6 = xmiss: Beam Transmission, Chelsea/Seatech [%]
# name 7 = flSP: Fluorescence, Seapoint
# name 8 = spar: SPAR, Biospherical/Licor
# name 9 = upoly0: Upoly 0, Suna Nitrate
# name 10 = depFM: Depth [fresh water, m], lat = 43.7315
# name 11 = sbeox0Mg/L: Oxygen, SBE 43 [mg/l], WS = 2
# name 12 = specc: Specific Conductance [uS/cm]
# name 13 = flag: flag
# span 0 =     -0.332,     84.476       
# span 1 =     4.1491,    10.2202       
# span 2 = -3.353e+03, 313.959676       
# span 3 =     1.9805,     2.4591       
# span 4 = 1.0000e-12, 1.6527e+03       
# span 5 =     0.0522,     3.0560       
# span 6 =    46.5805,    98.7025       
# span 7 = 0.0000e+00, 1.4164e+00       
# span 8 = 3.6035e+02, 8.1324e+02       
# span 9 =  0.0741704,  0.4063647       
# span 10 =     -0.339,     86.142      
# span 11 =    10.4395,    14.1509      
# span 12 =  -4771.387,    447.680      
# span 13 = 0.0000e+00, 0.0000e+00      
# interval = seconds: 0.0416667
# start_time = Sep 29 2003 22:58:30 [NMEA time, header]
# bad_flag = -9.990e-29
*END*
[from data line 8052]
     33.222     4.6618 187.669446     2.1612 1.0000e-12     0.2688    93.5008 1.9292e-01 5.9861e+02  0.3872396     33.877    13.0192    316.337 0.0000e+00
     33.243     4.6619 187.693339     2.1600 1.0000e-12     0.2688    93.5008 1.9414e-01 5.9861e+02  0.3872396     33.898    13.0105    316.376 0.0000e+00
     33.262     4.6618 187.621663     2.1600 1.0000e-12     0.2688    93.5008 1.9780e-01 5.9861e+02  0.3872396     33.918    13.0112    316.256 0.0000e+00
     33.281     4.6616 187.621663     2.1600 1.0000e-12     0.2699    93.4746 1.9414e-01 5.9861e+02  0.3872396     33.937    13.0120    316.258 0.0000e+00
     33.300     4.6616 187.633609     2.1600 1.0000e-12     0.2699    93.4746 1.9048e-01 5.9861e+02  0.3872396     33.957    13.0113    316.279 0.0000e+00
     33.319     4.6616 187.645555     2.1600 1.0000e-12     0.2699    93.4746 2.0147e-01 5.9861e+02  0.3872396     33.976    13.0107    316.299 0.0000e+00
     33.340     4.6615 187.657502     2.1600 1.0000e-12     0.2699    93.4746 2.0635e-01 5.9861e+02  0.3872396     33.997    13.0089    316.320 0.0000e+00
     33.361     4.6613 187.609719     2.1600 1.0000e-12     0.2710    93.4485 2.0635e-01 5.9664e+02  0.3872396     34.019    13.0114    316.241 0.0000e+00
     33.382     4.6607 187.633612     2.1600 1.0000e-12     0.2699    93.4746 2.0635e-01 5.9664e+02  0.3872396     34.040    13.0127    316.288 0.0000e+00
     33.403     4.6608 187.633612     2.1600 1.0000e-12     0.2710    93.4485 2.0391e-01 5.9861e+02  0.3872396     34.062    13.0138    316.287 0.0000e+00
     33.423     4.6604 187.597774     2.1587 1.0000e-12     0.2710    93.4485 2.0024e-01 5.9861e+02  0.3872396     34.082    13.0052    316.231 0.0000e+00
     33.444     4.6597 187.669452     2.1600 1.0000e-12     0.2710    93.4485 2.0024e-01 5.9861e+02  0.3872396     34.103    13.0152    316.359 0.0000e+00
     33.464     4.6597 187.645559     2.1600 1.0000e-12     0.2710    93.4485 1.9780e-01 5.9861e+02  0.3872396     34.124    13.0137    316.319 0.0000e+00
     33.484     4.6596 187.669452     2.1600 1.0000e-12     0.2710    93.4485 1.9658e-01 5.9861e+02  0.3872396     34.144    13.0137    316.360 0.0000e+00
     33.504     4.6592 187.657507     2.1600 1.0000e-12     0.2699    93.4746 1.9902e-01 5.9861e+02  0.3872396     34.165    13.0125    316.344 0.0000e+00
     33.524     4.6591 187.633615     2.1600 1.0000e-12     0.2699    93.4746 1.9780e-01 5.9664e+02  0.3876554     34.185    13.0112    316.305 0.0000e+00
     33.543     4.6592 187.633616     2.1600 1.0000e-12     0.2699    93.4746 1.9414e-01 5.9861e+02  0.3884869     34.204    13.0114    316.304 0.0000e+00
     33.562     4.6591 187.645561     2.1600 1.0000e-12     0.2710    93.4485 1.8926e-01 5.9861e+02  0.3889027     34.224    13.0117    316.325 0.0000e+00
     33.582     4.6589 187.585832     2.1612 1.0000e-12     0.2699    93.4746 1.9292e-01 5.9664e+02  0.3889027     34.244    13.0201    316.227 0.0000e+00
     33.602     4.6589 187.657509     2.1600 1.0000e-12     0.2710    93.4485 1.9536e-01 5.9664e+02  0.3889027     34.264    13.0113    316.348 0.0000e+00
     33.621     4.6587 187.645563     2.1600 1.0000e-12     0.2699    93.4746 1.9658e-01 5.9664e+02  0.3884869     34.284    13.0120    316.330 0.0000e+00
     33.640     4.6589 187.633616     2.1600 1.0000e-12     0.2710    93.4485 1.9536e-01 5.9664e+02  0.3884869     34.303    13.0112    316.307 0.0000e+00
     33.660     4.6589 187.717241     2.1600 1.0000e-12     0.2710    93.4485 1.9292e-01 5.9664e+02  0.3884869     34.324    13.0121    316.448 0.0000e+00
     33.680     4.6592 187.705295     2.1600 1.0000e-12     0.2710    93.4485 1.8926e-01 5.9664e+02  0.3889027     34.344    13.0113    316.425 0.0000e+00
     33.699     4.6592 187.645564     2.1587 1.0000e-12     0.2710    93.4485 1.8559e-01 5.9664e+02  0.3889027     34.363    13.0007    316.324 0.0000e+00
     33.718     4.6586 187.633619     2.1600 1.0000e-12     0.2699    93.4746 1.8803e-01 5.9664e+02  0.3889027     34.383    13.0119    316.311 0.0000e+00
     33.737     4.6586 187.669456     2.1600 1.0000e-12     0.2699    93.4746 1.9536e-01 5.9664e+02  0.3889027     34.402    13.0115    316.371 0.0000e+00
     33.756     4.6578 187.621674     2.1600 1.0000e-12     0.2722    93.4224 2.0024e-01 5.9664e+02  0.3889027     34.422    13.0115    316.299 0.0000e+00
     33.777     4.6568 187.573891     2.1587 1.0000e-12     0.2710    93.4485 2.0024e-01 5.9664e+02  0.3889027     34.443    13.0016    316.229 0.0000e+00
     33.796     4.6559 187.538054     2.1587 1.0000e-12     0.2699    93.4746 2.0024e-01 5.9664e+02  0.3889027     34.462    13.0017    316.178 0.0000e+00
     33.814     4.6548 187.538055     2.1587 1.0000e-12     0.2654    93.5792 1.9780e-01 5.9664e+02  0.3889027     34.481    13.0020    316.190 0.0000e+00
     33.833     4.6543 187.609731     2.1612 1.0000e-12     0.2654    93.5792 1.9414e-01 5.9664e+02  0.3889027     34.500    13.0213    316.316 0.0000e+00
     33.852     4.6535 187.633624     2.1600 1.0000e-12     0.2654    93.5792 1.9292e-01 5.9664e+02  0.3889027     34.519    13.0124    316.365 0.0000e+00
     33.872     4.6529 187.645571     2.1600 1.0000e-12     0.2654    93.5792 1.9414e-01 5.9664e+02  0.3884869     34.540    13.0126    316.391 0.0000e+00
     33.892     4.6524 187.633625     2.1600 1.0000e-12     0.2643    93.6053 1.9170e-01 5.9664e+02  0.3884869     34.560    13.0129    316.377 0.0000e+00
     33.912     4.6521 187.597790     2.1587 1.0000e-12     0.2654    93.5792 1.8803e-01 5.9664e+02  0.3889027     34.581    13.0016    316.319 0.0000e+00
     33.931     4.6517 187.621680     2.1587 1.0000e-12     0.2643    93.6053 1.8803e-01 5.9664e+02  0.3889027     34.600    13.0006    316.364 0.0000e+00
     33.948     4.6511 187.633627     2.1587 1.0000e-12     0.2654    93.5792 1.9414e-01 5.9664e+02  0.3889027     34.617    12.9997    316.391 0.0000e+00
     33.967     4.6508 187.597790     2.1587 1.0000e-12     0.2654    93.5792 1.9170e-01 5.9664e+02  0.3889027     34.637    13.0002    316.333 0.0000e+00
     33.985     4.6500 187.621683     2.1587 1.0000e-12     0.2654    93.5792 1.8803e-01 5.9664e+02  0.3889027     34.655    13.0010    316.382 0.0000e+00
     34.002     4.6500 187.597791     2.1587 1.0000e-12     0.2654    93.5792 1.8681e-01 5.9664e+02  0.3889027     34.672    13.0015    316.342 0.0000e+00
     34.020     4.6493 187.597791     2.1587 1.0000e-12     0.2654    93.5792 1.8437e-01 5.9467e+02  0.3893185     34.691    13.0024    316.349 0.0000e+00
     34.038     4.6492 187.621684     2.1587 1.0000e-12     0.2654    93.5792 1.8193e-01 5.9467e+02  0.3889027     34.709    13.0031    316.391 0.0000e+00
     34.056     4.6490 187.669468     2.1587 1.0000e-12     0.2643    93.6053 1.8193e-01 5.9467e+02  0.3884869     34.727    13.0039    316.473 0.0000e+00
     34.075     4.6487 187.621686     2.1587 1.0000e-12     0.2654    93.5792 1.8803e-01 5.9467e+02  0.3884869     34.747    13.0035    316.396 0.0000e+00
     34.094     4.6481 187.597794     2.1587 1.0000e-12     0.2643    93.6053 1.8803e-01 5.9467e+02  0.3884869     34.766    13.0034    316.362 0.0000e+00
     34.113     4.6478 187.597794     2.1600 1.0000e-12     0.2654    93.5792 1.8559e-01 5.9467e+02  0.3884869     34.786    13.0147    316.365 0.0000e+00
     34.132     4.6473 187.573903     2.1587 1.0000e-12     0.2654    93.5792 1.8315e-01 5.9467e+02  0.3884869     34.805    13.0060    316.330 0.0000e+00
     34.150     4.6462 187.585850     2.1587 1.0000e-12     0.2654    93.5792 1.8559e-01 5.9467e+02  0.3884869     34.823    13.0077    316.362 0.0000e+00
     34.168     4.6451 187.550013     2.1587 1.0000e-12     0.2666    93.5530 1.8559e-01 5.9467e+02  0.3884869     34.842    13.0079    316.314 0.0000e+00
     34.186     4.6436 187.490286     2.1587 1.0000e-12     0.2654    93.5792 1.8315e-01 5.9467e+02  0.3884869     34.860    13.0097    316.229 0.0000e+00
     34.204     4.6420 187.514178     2.1587 1.0000e-12     0.2666    93.5530 1.8193e-01 5.9467e+02  0.3884869     34.878    13.0103    316.286 0.0000e+00
     34.221     4.6403 187.466396     2.1587 1.0000e-12     0.2666    93.5530 1.8071e-01 5.9467e+02  0.3884869     34.896    13.0111    316.224 0.0000e+00
     34.240     4.6386 187.538072     2.1587 1.0000e-12     0.2654    93.5792 1.8071e-01 5.9467e+02  0.3884869     34.915    13.0104    316.363 0.0000e+00
     34.260     4.6366 187.573912     2.1587 1.0000e-12     0.2666    93.5530 2.0269e-01 5.9467e+02  0.3884869     34.935    13.0113    316.445 0.0000e+00
     34.279     4.6342 187.538077     2.1587 1.0000e-12     0.2666    93.5530 2.0757e-01 5.9467e+02  0.3884869     34.955    13.0123    316.410 0.0000e+00
     34.298     4.6316 187.466402     2.1587 1.0000e-12     0.2666    93.5530 2.0024e-01 5.9467e+02  0.3889027     34.974    13.0164    316.317 0.0000e+00
     34.316     4.6296 187.466404     2.1587 1.0000e-12     0.2666    93.5530 1.9536e-01 5.9467e+02  0.3884869     34.993    13.0176    316.338 0.0000e+00
     34.335     4.6269 187.454460     2.1587 1.0000e-12     0.2654    93.5792 1.9536e-01 5.9467e+02  0.3884869     35.012    13.0192    316.347 0.0000e+00
     34.354     4.6245 187.454463     2.1587 1.0000e-12     0.2666    93.5530 1.9292e-01 5.9467e+02  0.3884869     35.031    13.0193    316.372 0.0000e+00
     34.373     4.6226 187.466409     2.1575 1.0000e-12     0.2654    93.5792 1.9170e-01 5.9467e+02  0.3884869     35.051    13.0101    316.413 0.0000e+00
     34.392     4.6203 187.454466     2.1575 1.0000e-12     0.2654    93.5792 1.9048e-01 5.9467e+02  0.3884869     35.070    13.0103    316.417 0.0000e+00
     34.410     4.6188 187.418629     2.1587 1.0000e-12     0.2666    93.5530 1.8437e-01 5.9467e+02  0.3884869     35.088    13.0195    316.373 0.0000e+00
     34.429     4.6170 187.442523     2.1587 1.0000e-12     0.2666    93.5530 1.7582e-01 5.9270e+02  0.3884869     35.108    13.0196    316.432 0.0000e+00
     34.447     4.6157 187.418632     2.1587 1.0000e-12     0.2666    93.5530 1.7827e-01 5.9467e+02  0.3884869     35.126    13.0183    316.406 0.0000e+00
     34.466     4.6141 187.382796     2.1587 1.0000e-12     0.2666    93.5530 1.7582e-01 5.9270e+02  0.3884869     35.146    13.0185    316.362 0.0000e+00
     34.487     4.6130 187.358906     2.1587 1.0000e-12     0.2654    93.5792 1.7216e-01 5.9270e+02  0.3884869     35.167    13.0172    316.334 0.0000e+00
     34.507     4.6119 187.370852     2.1575 1.0000e-12     0.2666    93.5530 1.7338e-01 5.9270e+02  0.3889027     35.187    13.0068    316.366 0.0000e+00
     34.528     4.6108 187.358908     2.1575 1.0000e-12     0.2677    93.5269 1.7582e-01 5.9270e+02  0.3880712     35.209    13.0057    316.357 0.0000e+00
     34.547     4.6100 187.430583     2.1575 1.0000e-12     0.2688    93.5008 1.7582e-01 5.9270e+02  0.3872396     35.228    13.0060    316.487 0.0000e+00
     34.565     4.6092 187.346964     2.1587 1.0000e-12     0.2666    93.5530 1.7216e-01 5.9270e+02  0.3872396     35.246    13.0157    316.354 0.0000e+00
     34.585     4.6085 187.323073     2.1587 1.0000e-12     0.2666    93.5530 1.6850e-01 5.9270e+02  0.3872396     35.267    13.0163    316.321 0.0000e+00
     34.604     4.6078 187.323075     2.1587 1.0000e-12     0.2666    93.5530 1.6728e-01 5.9270e+02  0.3872396     35.286    13.0169    316.329 0.0000e+00
     34.622     4.6071 187.346965     2.1587 1.0000e-12     0.2666    93.5530 1.6239e-01 5.9270e+02  0.3872396     35.305    13.0161    316.377 0.0000e+00
     34.642     4.6063 187.311130     2.1587 1.0000e-12     0.2666    93.5530 1.6239e-01 5.9270e+02  0.3872396     35.325    13.0155    316.325 0.0000e+00
     34.661     4.6057 187.335022     2.1575 1.0000e-12     0.2677    93.5269 1.6239e-01 5.9270e+02  0.3876554     35.344    13.0057    316.372 0.0000e+00
     34.681     4.6052 187.370859     2.1575 1.0000e-12     0.2654    93.5792 1.6117e-01 5.9270e+02  0.3872396     35.365    13.0053    316.437 0.0000e+00
     34.701     4.6048 187.358914     2.1575 1.0000e-12     0.2654    93.5792 1.6239e-01 5.9270e+02  0.3872396     35.385    13.0062    316.422 0.0000e+00
     34.723     4.6046 187.323078     2.1587 1.0000e-12     0.2666    93.5530 1.7216e-01 5.9270e+02  0.3872396     35.408    13.0165    316.363 0.0000e+00
     34.744     4.6043 187.346971     2.1587 1.0000e-12     0.2654    93.5792 1.7582e-01 5.9270e+02  0.3876554     35.429    13.0176    316.407 0.0000e+00
     34.765     4.6034 187.358916     2.1587 1.0000e-12     0.2654    93.5792 1.8071e-01 5.9270e+02  0.3876554     35.450    13.0189    316.436 0.0000e+00
     34.786     4.6028 187.323080     2.1575 1.0000e-12     0.2654    93.5792 1.8315e-01 5.9270e+02  0.3876554     35.472    13.0096    316.382 0.0000e+00
     34.807     4.6020 187.346973     2.1575 1.0000e-12     0.2666    93.5530 1.7827e-01 5.9270e+02  0.3876554     35.493    13.0097    316.431 0.0000e+00
     34.827     4.6008 187.370864     2.1563 1.0000e-12     0.2654    93.5792 1.7216e-01 5.9270e+02  0.3876554     35.514    13.0008    316.484 0.0000e+00
     34.849     4.5993 187.311138     2.1575 1.0000e-12     0.2666    93.5530 1.6728e-01 5.9270e+02  0.3872396     35.536    13.0106    316.400 0.0000e+00
     34.872     4.5974 187.263358     2.1575 1.0000e-12     0.2666    93.5530 1.6239e-01 5.9270e+02  0.3876554     35.560    13.0101    316.339 0.0000e+00
     34.894     4.5950 187.263360     2.1575 1.0000e-12     0.2666    93.5530 1.7094e-01 5.9270e+02  0.3872396     35.582    13.0097    316.365 0.0000e+00
     34.916     4.5923 187.215579     2.1575 1.0000e-12     0.2654    93.5792 1.7827e-01 5.9270e+02  0.3872396     35.604    13.0110    316.313 0.0000e+00
     34.938     4.5902 187.203636     2.1563 1.0000e-12     0.2666    93.5530 1.7216e-01 5.9270e+02  0.3872396     35.627    13.0029    316.315 0.0000e+00
     34.960     4.5882 187.179746     2.1575 1.0000e-12     0.2666    93.5530 1.6361e-01 5.9270e+02  0.3872396     35.649    13.0121    316.296 0.0000e+00
     34.982     4.5869 187.191693     2.1563 1.0000e-12     0.2654    93.5792 1.7582e-01 5.9270e+02  0.3872396     35.672    13.0026    316.330 0.0000e+00
     35.005     4.5858 187.179749     2.1563 1.0000e-12     0.2621    93.6576 1.8071e-01 5.9270e+02  0.3872396     35.695    13.0025    316.322 0.0000e+00
     35.028     4.5847 187.179750     2.1563 1.0000e-12     0.2632    93.6315 1.7460e-01 5.9270e+02  0.3876554     35.719    13.0011    316.334 0.0000e+00
     35.051     4.5844 187.215587     2.1575 1.0000e-12     0.2621    93.6576 1.7582e-01 5.9270e+02  0.3876554     35.742    13.0088    316.398 0.0000e+00
     35.074     4.5834 187.203642     2.1575 1.0000e-12     0.2621    93.6576 1.8559e-01 5.9270e+02  0.3880712     35.766    13.0076    316.388 0.0000e+00
     35.096     4.5829 187.179752     2.1563 1.0000e-12     0.2621    93.6576 1.8803e-01 5.9467e+02  0.3889027     35.788    12.9985    316.353 0.0000e+00
     35.119     4.5821 187.131971     2.1575 1.0000e-12     0.2621    93.6576 1.7827e-01 5.9270e+02  0.3889027     35.811    13.0082    316.281 0.0000e+00
     35.142     4.5815 187.203645     2.1563 1.0000e-12     0.2621    93.6576 1.6728e-01 5.9467e+02  0.3889027     35.835    12.9995    316.408 0.0000e+00
     35.163     4.5810 187.191699     2.1563 1.0000e-12     0.2621    93.6576 1.5751e-01 5.9467e+02  0.3889027     35.856    13.0001    316.394 0.0000e+00
     35.185     4.5804 187.108083     2.1563 1.0000e-12     0.2621    93.6576 1.5385e-01 5.9467e+02  0.3889027     35.879    13.0010    316.259 0.0000e+00
     35.208     4.5801 187.155864     2.1563 1.0000e-12     0.2610    93.6837 1.5507e-01 5.9467e+02  0.3889027     35.902    13.0006    316.343 0.0000e+00
     35.232     4.5796 187.179757     2.1575 1.0000e-12     0.2621    93.6576 1.5751e-01 5.9467e+02  0.3889027     35.927    13.0095    316.388 0.0000e+00
