data/05_metadata_exports/SeabirdData/202305_SeabirdData/83205_stn63.cnv
* Sea-Bird SBE 9 Data File:
* FileName = J:\01_Sensor_Data\Rosette Data\Seabird\2023\CSMI 2023 Lake Ontario - May Lake Ontario Plankton Survey\stn63.hex
* Software Version Seasave V 7.26.6.26
* Temperature SN = 5270
* Conductivity SN = 1168
* Number of Bytes Per Scan = 40
* Number of Voltage Words = 5
* Number of Scans Averaged by the Deck Unit = 1
* NMEA Latitude = 43 43.89 N
* NMEA Longitude = 077 01.03 W
* NMEA UTC (Time) = Sep 29 2003  22:58:30
* NMEA baud rate = 4800
** Ship: Lake Guardian
** Cruise: Summer Survey 2022
** Station:  stn63
# nquan = 14                                
# nvalues = 22969                       
# units = specified
# name 0 = prDM: Pressure, Digiquartz [db]
# name 1 = t090C: Temperature [ITS-90, deg C]
# name 2 = c0uS/cm: Conductivity [uS/cm]
# name 3 = sbeox0V: Oxygen raw, SBE 43 [V]
# name 4 = par: PAR/Irradiance, Biospherical/Licor
# name 5 = bat: Beam Attenuation, Chelsea/Seatech [1/m]
# name 6 = xmiss: Beam Transmission, Chelsea/Seatech [%]
# name 7 = flSP: Fluorescence, Seapoint
# name 8 = spar: SPAR, Biospherical/Licor
# name 9 = upoly0: Upoly 0, Suna Nitrate
# name 10 = depFM: Depth [fresh water, m], lat = 43.7315
# name 11 = sbeox0Mg/L: Oxygen, SBE 43 [mg/l], WS = 2
# name 12 = specc: Specific Conductance [uS/cm]
# name 13 = flag: flag
# span 0 =     -0.332,     84.476       
# span 1 =     4.1491,    10.2202       
# span 2 = -3.353e+03, 313.959676       
# span 3 =     1.9805,     2.4591       
# span 4 = 1.0000e-12, 1.6527e+03       
# span 5 =     0.0522,     3.0560       
# span 6 =    46.5805,    98.7025       
# span 7 = 0.0000e+00, 1.4164e+00       
# span 8 = 3.6035e+02, 8.1324e+02       
# span 9 =  0.0741704,  0.4063647       
# span 10 =     -0.339,     86.142      
# span 11 =    10.4395,    14.1509      
# span 12 =  -4771.387,    447.680      
# span 13 = 0.0000e+00, 0.0000e+00      
# interval = seconds: 0.0416667
# start_time = Sep 29 2003 22:58:30 [NMEA time, header]
# bad_flag = -9.990e-29
*END*
[from data line 22194]
      4.890     7.8207 204.251917     2.4505 5.1069e+01     0.7824    82.2347 1.0098e+00 3.8004e+02  0.3510683      4.986    13.9429    311.145 -9.990e-29
      4.891     7.8226 204.251915     2.4505 5.0925e+01     0.7811    82.2608 1.0281e+00 3.8004e+02  0.3514841      4.987    13.9417    311.127 -9.990e-29
      4.893     7.8248 204.263883     2.4505 5.0925e+01     0.7836    82.2085 1.0488e+00 3.8004e+02  0.3514841      4.989    13.9414    311.125 -9.990e-29
      4.896     7.8254 204.204039     2.4505 5.0639e+01     0.7836    82.2085 1.0733e+00 3.8004e+02  0.3514841      4.993    13.9404    311.028 -9.990e-29
      4.897     7.8234 204.299791     2.4518 5.0496e+01     0.7836    82.2085 1.0818e+00 3.8004e+02  0.3514841      4.994    13.9495    311.193 -9.990e-29
      4.899     7.8190 204.275856     2.4505 5.0354e+01     0.7836    82.2085 1.0952e+00 3.8004e+02  0.3514841      4.996    13.9412    311.198 -9.990e-29
      4.901     7.8179 204.275856     2.4505 5.0213e+01     0.7836    82.2085 1.1026e+00 3.8004e+02  0.3514841      4.998    13.9419    311.208 -9.990e-29
      4.903     7.8213 204.287824     2.4505 5.0213e+01     0.7836    82.2085 1.0940e+00 3.8004e+02  0.3514841      5.000    13.9408    311.194 -9.990e-29
      4.904     7.8223 204.287823     2.4505 5.0213e+01     0.7836    82.2085 1.0879e+00 3.8004e+02  0.3514841      5.001    13.9406    311.185 -9.990e-29
      4.904     7.8188 204.263887     2.4505 5.0213e+01     0.7836    82.2085 1.0867e+00 3.8004e+02  0.3514841      5.001    13.9408    311.182 -9.990e-29
      4.904     7.8190 204.275856     2.4505 5.0213e+01     0.7836    82.2085 1.1062e+00 3.8004e+02  0.3514841      5.001    13.9405    311.198 -9.990e-29
      4.906     7.8216 204.323731     2.4505 5.0213e+01     0.7862    82.1563 1.1172e+00 3.8004e+02  0.3514841      5.003    13.9382    311.246 -9.990e-29
      4.907     7.8223 204.323729     2.4505 5.0071e+01     0.7862    82.1563 1.1099e+00 3.7807e+02  0.3514841      5.004    13.9365    311.240 -9.990e-29
      4.909     7.8231 204.287823     2.4505 5.0071e+01     0.7862    82.1563 1.1160e+00 3.8004e+02  0.3514841      5.006    13.9358    311.177 -9.990e-29
      4.910     7.8224 204.287823     2.4505 5.0071e+01     0.7849    82.1824 1.1380e+00 3.7807e+02  0.3514841      5.007    13.9369    311.184 -9.990e-29
      4.910     7.8223 204.311760     2.4505 5.0071e+01     0.7862    82.1563 1.1490e+00 3.8004e+02  0.3502368      5.007    13.9366    311.221 -9.990e-29
      4.911     7.8211 204.359637     2.4505 4.9930e+01     0.7862    82.1563 1.1441e+00 3.7807e+02  0.3502368      5.008    13.9365    311.306 -9.990e-29
      4.912     7.8216 204.335700     2.4518 4.9930e+01     0.7849    82.1824 1.1355e+00 3.7807e+02  0.3498210      5.009    13.9450    311.265 -9.990e-29
      4.913     7.8242 204.287822     2.4505 4.9930e+01     0.7862    82.1563 1.1184e+00 3.7807e+02  0.3498210      5.010    13.9342    311.167 -9.990e-29
      4.911     7.8258 204.323728     2.4505 4.9790e+01     0.7849    82.1824 1.0855e+00 3.7807e+02  0.3498210      5.008    13.9328    311.206 -9.990e-29
      4.910     7.8273 204.275850     2.4493 4.9650e+01     0.7849    82.1824 1.0476e+00 3.7807e+02  0.3502368      5.007    13.9242    311.119 -9.990e-29
      4.909     7.8289 204.323725     2.4505 4.9650e+01     0.7849    82.1824 1.0391e+00 3.7807e+02  0.3502368      5.006    13.9313    311.177 -9.990e-29
      4.910     7.8296 204.311756     2.4518 4.9510e+01     0.7849    82.1824 1.0635e+00 3.7807e+02  0.3502368      5.007    13.9395    311.152 -9.990e-29
      4.910     7.8309 204.311756     2.4518 4.9510e+01     0.7849    82.1824 1.0818e+00 3.8004e+02  0.3498210      5.007    13.9383    311.140 -9.990e-29
      4.910     7.8307 204.323724     2.4518 4.9510e+01     0.7849    82.1824 1.0818e+00 3.7807e+02  0.3498210      5.007    13.9387    311.160 -9.990e-29
      4.910     7.8307 204.335694     2.4518 4.9650e+01     0.7836    82.2085 1.0647e+00 3.7807e+02  0.3498210      5.007    13.9390    311.178 -9.990e-29
      4.909     7.8315 204.299786     2.4518 4.9650e+01     0.7849    82.1824 1.0574e+00 3.8004e+02  0.3498210      5.006    13.9390    311.116 -9.990e-29
      4.908     7.8310 204.239940     2.4505 4.9650e+01     0.7836    82.2085 1.0501e+00 3.7807e+02  0.3502368      5.005    13.9302    311.030 -9.990e-29
      4.908     7.8298 204.263881     2.4505 4.9650e+01     0.7836    82.2085 1.0305e+00 3.7807e+02  0.3502368      5.005    13.9308    311.077 -9.990e-29
      4.909     7.8294 204.287819     2.4505 4.9650e+01     0.7836    82.2085 1.0256e+00 3.7807e+02  0.3502368      5.006    13.9322    311.118 -9.990e-29
      4.908     7.8299 204.311755     2.4518 4.9650e+01     0.7849    82.1824 1.0476e+00 3.7807e+02  0.3502368      5.005    13.9413    311.149 -9.990e-29
      4.908     7.8289 204.251912     2.4518 4.9650e+01     0.7849    82.1824 1.0562e+00 3.7807e+02  0.3502368      5.005    13.9417    311.068 -9.990e-29
      4.908     7.8285 204.263880     2.4518 4.9650e+01     0.7862    82.1563 1.0549e+00 3.7807e+02  0.3502368      5.005    13.9418    311.090 -9.990e-29
      4.907     7.8276 204.287820     2.4518 4.9650e+01     0.7849    82.1824 1.0525e+00 3.7807e+02  0.3502368      5.004    13.9421    311.135 -9.990e-29
      4.907     7.8276 204.287819     2.4518 4.9650e+01     0.7836    82.2085 1.0464e+00 3.7807e+02  0.3502368      5.004    13.9420    311.135 -9.990e-29
      4.907     7.8275 204.287820     2.4505 4.9650e+01     0.7836    82.2085 1.0293e+00 3.7807e+02  0.3502368      5.004    13.9328    311.136 -9.990e-29
      4.906     7.8278 204.311758     2.4505 4.9650e+01     0.7836    82.2085 1.0012e+00 3.7807e+02  0.3502368      5.003    13.9325    311.169 -9.990e-29
      4.904     7.8276 204.251912     2.4505 4.9650e+01     0.7849    82.1824 9.9267e-01 3.7807e+02  0.3502368      5.001    13.9323    311.080 -9.990e-29
      4.903     7.8286 204.251911     2.4518 4.9790e+01     0.7836    82.2085 1.0073e+00 3.7807e+02  0.3502368      5.000    13.9408    311.071 -9.990e-29
      4.904     7.8288 204.323727     2.4518 4.9790e+01     0.7836    82.2085 1.0256e+00 3.7807e+02  0.3502368      5.001    13.9403    311.178 -9.990e-29
      4.903     7.8289 204.251911     2.4518 4.9790e+01     0.7836    82.2085 1.0134e+00 3.7807e+02  0.3506525      5.000    13.9410    311.068 -9.990e-29
      4.901     7.8294 204.311755     2.4518 4.9650e+01     0.7836    82.2085 9.8779e-01 3.7807e+02  0.3506525      4.998    13.9414    311.154 -9.990e-29
      4.900     7.8296 204.347663     2.4518 4.9650e+01     0.7824    82.2347 1.0049e+00 3.7807e+02  0.3506525      4.997    13.9430    311.207 -9.990e-29
      4.898     7.8292 204.299787     2.4505 4.9650e+01     0.7824    82.2347 1.0330e+00 3.7807e+02  0.3506525      4.995    13.9334    311.138 -9.990e-29
      4.897     7.8291 204.311756     2.4505 4.9790e+01     0.7824    82.2347 1.0464e+00 3.7807e+02  0.3506525      4.994    13.9328    311.157 -9.990e-29
      4.896     7.8292 204.323726     2.4505 4.9790e+01     0.7824    82.2347 1.0598e+00 3.7807e+02  0.3502368      4.993    13.9309    311.174 -9.990e-29
      4.895     7.8294 204.275849     2.4505 4.9650e+01     0.7836    82.2085 1.0562e+00 3.7807e+02  0.3506525      4.992    13.9300    311.099 -9.990e-29
      4.893     7.8289 204.275849     2.4518 4.9510e+01     0.7849    82.1824 1.0501e+00 3.8004e+02  0.3502368      4.989    13.9397    311.104 -9.990e-29
      4.892     7.8283 204.311757     2.4518 4.9371e+01     0.7849    82.1824 1.0391e+00 3.7807e+02  0.3506525      4.988    13.9402    311.165 -9.990e-29
      4.891     7.8281 204.275848     2.4518 4.9371e+01     0.7836    82.2085 1.0195e+00 3.7807e+02  0.3506525      4.987    13.9407    311.112 -9.990e-29
      4.892     7.8271 204.275853     2.4518 4.9093e+01     0.7836    82.2085 1.0159e+00 3.7807e+02  0.3502368      4.988    13.9414    311.121 -9.990e-29
      4.890     7.8265 204.239944     2.4518 4.8955e+01     0.7836    82.2085 1.0305e+00 3.7807e+02  0.3506525      4.986    13.9420    311.072 -9.990e-29
      4.888     7.8252 204.251914     2.4518 4.8955e+01     0.7836    82.2085 1.0220e+00 3.7807e+02  0.3506525      4.984    13.9416    311.103 -9.990e-29
      4.886     7.8241 204.168133     2.4518 4.8818e+01     0.7824    82.2347 1.0073e+00 3.7807e+02  0.3506525      4.982    13.9411    310.986 -9.990e-29
      4.884     7.8232 204.156165     2.4518 4.8818e+01     0.7786    82.3131 1.0293e+00 3.7807e+02  0.3506525      4.980    13.9405    310.976 -9.990e-29
      4.883     7.8234 204.204040     2.4518 4.8818e+01     0.7798    82.2870 1.0562e+00 3.7807e+02  0.3506525      4.979    13.9406    311.047 -9.990e-29
      4.881     7.8226 204.263885     2.4518 4.8680e+01     0.7798    82.2870 1.0647e+00 3.7807e+02  0.3506525      4.977    13.9411    311.146 -9.990e-29
      4.878     7.8226 204.263883     2.4518 4.8680e+01     0.7798    82.2870 1.0464e+00 3.8004e+02  0.3518998      4.974    13.9424    311.146 -9.990e-29
      4.876     7.8228 204.227979     2.4518 4.8818e+01     0.7786    82.3131 1.0183e+00 3.8004e+02  0.3506525      4.972    13.9435    311.089 -9.990e-29
      4.873     7.8229 204.251914     2.4518 4.8818e+01     0.7786    82.3131 1.0134e+00 3.8004e+02  0.3502368      4.969    13.9436    311.125 -9.990e-29
      4.873     7.8231 204.263883     2.4518 4.8818e+01     0.7798    82.2870 1.0342e+00 3.8004e+02  0.3502368      4.969    13.9435    311.141 -9.990e-29
      4.873     7.8232 204.299792     2.4518 4.8818e+01     0.7798    82.2870 1.0488e+00 3.8004e+02  0.3502368      4.969    13.9433    311.195 -9.990e-29
      4.871     7.8239 204.335697     2.4518 4.8955e+01     0.7811    82.2608 1.0391e+00 3.8004e+02  0.3502368      4.967    13.9429    311.243 -9.990e-29
      4.868     7.8242 204.251914     2.4518 4.8955e+01     0.7786    82.3131 1.0208e+00 3.8004e+02  0.3506525      4.964    13.9426    311.112 -9.990e-29
      4.865     7.8248 204.263882     2.4530 4.8955e+01     0.7798    82.2870 1.0024e+00 3.8004e+02  0.3506525      4.961    13.9517    311.125 -9.990e-29
      4.863     7.8254 204.287820     2.4530 4.8955e+01     0.7798    82.2870 9.9878e-01 3.8004e+02  0.3506525      4.959    13.9523    311.156 -9.990e-29
      4.862     7.8254 204.239945     2.4530 4.9093e+01     0.7798    82.2870 1.0159e+00 3.8004e+02  0.3506525      4.958    13.9532    311.083 -9.990e-29
      4.860     7.8254 204.251912     2.4518 4.9093e+01     0.7798    82.2870 1.0317e+00 3.8004e+02  0.3510683      4.956    13.9444    311.101 -9.990e-29
      4.859     7.8251 204.192070     2.4518 4.9232e+01     0.7798    82.2870 1.0281e+00 3.8004e+02  0.3514841      4.955    13.9430    311.013 -9.990e-29
      4.858     7.8244 204.251914     2.4518 4.9650e+01     0.7786    82.3131 1.0440e+00 3.8004e+02  0.3514841      4.954    13.9417    311.110 -9.990e-29
      4.857     7.8239 204.239945     2.4518 4.9650e+01     0.7811    82.2608 1.0867e+00 3.8004e+02  0.3514841      4.953    13.9403    311.097 -9.990e-29
      4.856     7.8234 204.192071     2.4518 4.9790e+01     0.7811    82.2608 1.0916e+00 3.8004e+02  0.3514841      4.952    13.9388    311.029 -9.990e-29
      4.853     7.8232 204.299791     2.4518 5.0213e+01     0.7798    82.2870 1.0403e+00 3.8004e+02  0.3514841      4.949    13.9384    311.195 -9.990e-29
      4.849     7.8229 204.347665     2.4518 5.0354e+01     0.7824    82.2347 9.9023e-01 3.8004e+02  0.3514841      4.945    13.9380    311.270 -9.990e-29
      4.846     7.8224 204.251914     2.4518 5.0354e+01     0.7836    82.2085 9.8291e-01 3.8004e+02  0.3514841      4.942    13.9388    311.129 -9.990e-29
      4.845     7.8221 204.263883     2.4518 5.0639e+01     0.7836    82.2085 9.9267e-01 3.8004e+02  0.3514841      4.941    13.9394    311.150 -9.990e-29
      4.846     7.8220 204.263885     2.4518 5.0925e+01     0.7836    82.2085 9.9023e-01 3.8004e+02  0.3514841      4.942    13.9389    311.151 -9.990e-29
      4.845     7.8224 204.227978     2.4518 5.0925e+01     0.7836    82.2085 9.9145e-01 3.8004e+02  0.3514841      4.941    13.9381    311.093 -9.990e-29
      4.843     7.8224 204.227977     2.4518 5.0782e+01     0.7836    82.2085 9.9389e-01 3.8004e+02  0.3514841      4.938    13.9386    311.093 -9.990e-29
      4.841     7.8228 204.263883     2.4518 5.0782e+01     0.7836    82.2085 9.8168e-01 3.8004e+02  0.3514841      4.936    13.9389    311.144 -9.990e-29
      4.841     7.8228 204.263884     2.4518 5.0782e+01     0.7824    82.2347 9.5971e-01 3.8004e+02  0.3514841      4.936    13.9383    311.144 -9.990e-29
      4.840     7.8218 204.227977     2.4530 5.0782e+01     0.7824    82.2347 9.4994e-01 3.8004e+02  0.3514841      4.935    13.9464    311.099 -9.990e-29
      4.839     7.8215 204.251915     2.4530 5.0639e+01     0.7824    82.2347 9.6215e-01 3.8004e+02  0.3514841      4.934    13.9458    311.138 -9.990e-29
      4.838     7.8211 204.239946     2.4518 5.0782e+01     0.7836    82.2085 1.0000e+00 3.8004e+02  0.3514841      4.933    13.9379    311.123 -9.990e-29
      4.838     7.8203 204.251917     2.4530 5.0496e+01     0.7836    82.2085 1.0415e+00 3.8004e+02  0.3514841      4.933    13.9470    311.149 -9.990e-29
      4.837     7.8197 204.204041     2.4530 5.0496e+01     0.7836    82.2085 1.0708e+00 3.8004e+02  0.3514841      4.932    13.9465    311.082 -9.990e-29
      4.836     7.8192 204.239948     2.4530 5.0354e+01     0.7849    82.1824 1.0891e+00 3.8004e+02  0.3514841      4.931    13.9459    311.141 -9.990e-29
      4.835     7.8184 204.204043     2.4518 5.0496e+01     0.7849    82.1824 1.0928e+00 3.8004e+02  0.3514841      4.930    13.9370    311.094 -9.990e-29
      4.834     7.8184 204.168135     2.4530 5.0639e+01     0.7849    82.1824 1.0867e+00 3.8004e+02  0.3514841      4.929    13.9447    311.040 -9.990e-29
      4.833     7.8182 204.204042     2.4530 5.0639e+01     0.7862    82.1563 1.0647e+00 3.8004e+02  0.3514841      4.928    13.9451    311.096 -9.990e-29
      4.833     7.8181 204.251917     2.4530 5.0639e+01     0.7836    82.2085 1.0440e+00 3.8004e+02  0.3514841      4.928    13.9456    311.170 -9.990e-29
      4.833     7.8171 204.227981     2.4518 5.0496e+01     0.7836    82.2085 1.0147e+00 3.8004e+02  0.3514841      4.928    13.9380    311.143 -9.990e-29
      4.831     7.8161 204.227981     2.4518 5.0496e+01     0.7836    82.2085 9.7802e-01 3.8004e+02  0.3514841      4.926    13.9377    311.153 -9.990e-29
      4.830     7.8150 204.180106     2.4518 5.0496e+01     0.7836    82.2085 9.6703e-01 3.8004e+02  0.3510683      4.925    13.9375    311.090 -9.990e-29
      4.831     7.8137 204.180109     2.4518 5.0354e+01     0.7811    82.2608 9.7558e-01 3.8004e+02  0.3502368      4.926    13.9373    311.102 -9.990e-29
      4.830     7.8112 204.168140     2.4518 5.0354e+01     0.7811    82.2608 9.9267e-01 3.8004e+02  0.3502368      4.925    13.9376    311.108 -9.990e-29
      4.830     7.8087 204.204048     2.4518 5.0354e+01     0.7811    82.2608 1.0122e+00 3.8004e+02  0.3502368      4.925    13.9379    311.186 -9.990e-29
      4.830     7.8073 204.156174     2.4518 5.0354e+01     0.7824    82.2347 1.0110e+00 3.8004e+02  0.3502368      4.925    13.9378    311.127 -9.990e-29
      4.832     7.8085 204.156173     2.4530 5.0496e+01     0.7811    82.2608 9.9878e-01 3.8004e+02  0.3498210      4.927    13.9440    311.115 -9.990e-29
      4.833     7.8078 204.168144     2.4530 5.0496e+01     0.7811    82.2608 1.0098e+00 3.8004e+02  0.3498210      4.928    13.9437    311.140 -9.990e-29
      4.833     7.8064 204.144206     2.4518 5.0782e+01     0.7824    82.2347 1.0720e+00 3.8004e+02  0.3502368      4.928    13.9352    311.117 -9.990e-29
      4.834     7.8053 204.156175     2.4518 5.1069e+01     0.7836    82.2085 1.1038e+00 3.8004e+02  0.3502368      4.929    13.9339    311.146 -9.990e-29
