data/05_metadata_exports/SeabirdData/202305_SeabirdData/83205_stn63.cnv
* Sea-Bird SBE 9 Data File:
* FileName = J:\01_Sensor_Data\Rosette Data\Seabird\2023\CSMI 2023 Lake Ontario - May Lake Ontario Plankton Survey\stn63.hex
* Software Version Seasave V 7.26.6.26
* Temperature SN = 5270
* Conductivity SN = 1168
* Number of Bytes Per Scan = 40
* Number of Voltage Words = 5
* Number of Scans Averaged by the Deck Unit = 1
* NMEA Latitude = 43 43.89 N
* NMEA Longitude = 077 01.03 W
* NMEA UTC (Time) = Sep 29 2003  22:58:30
* NMEA baud rate = 4800
** Ship: Lake Guardian
** Cruise: Summer Survey 2022
** Station:  stn63
# nquan = 14                                
# nvalues = 22969                       
# units = specified
# name 0 = prDM: Pressure, Digiquartz [db]
# name 1 = t090C: Temperature [ITS-90, deg C]
# name 2 = c0uS/cm: Conductivity [uS/cm]
# name 3 = sbeox0V: Oxygen raw, SBE 43 [V]
# name 4 = par: PAR/Irradiance, Biospherical/Licor
# name 5 = bat: Beam Attenuation, Chelsea/Seatech [1/m]
# name 6 = xmiss: Beam Transmission, Chelsea/Seatech [%]
# name 7 = flSP: Fluorescence, Seapoint
# name 8 = spar: SPAR, Biospherical/Licor
# name 9 = upoly0: Upoly 0, Suna Nitrate
# name 10 = depFM: Depth [fresh water, m], lat = 43.7315
# name 11 = sbeox0Mg/L: Oxygen, SBE 43 [mg/l], WS = 2
# name 12 = specc: Specific Conductance [uS/cm]
# name 13 = flag: flag
# span 0 =     -0.332,     84.476       
# span 1 =     4.1491,    10.2202       
# span 2 = -3.353e+03, 313.959676       
# span 3 =     1.9805,     2.4591       
# span 4 = 1.0000e-12, 1.6527e+03       
# span 5 =     0.0522,     3.0560       
# span 6 =    46.5805,    98.7025       
# span 7 = 0.0000e+00, 1.4164e+00       
# span 8 = 3.6035e+02, 8.1324e+02       
# span 9 =  0.0741704,  0.4063647       
# span 10 =     -0.339,     86.142      
# span 11 =    10.4395,    14.1509      
# span 12 =  -4771.387,    447.680      
# span 13 = 0.0000e+00, 0.0000e+00      
# interval = seconds: 0.0416667
# start_time = Sep 29 2003 22:58:30 [NMEA time, header]
# bad_flag = -9.990e-29
*END*
[from data line 8259]
     37.188     4.5505 186.988685     2.1477 1.0000e-12     0.2343    94.3111 1.2821e-01 5.9073e+02  0.3718564     37.921    12.9450    316.377 0.0000e+00
     37.212     4.5498 186.988685     2.1490 1.0000e-12     0.2343    94.3111 1.3065e-01 5.9073e+02  0.3718564     37.946    12.9543    316.384 0.0000e+00
     37.235     4.5492 186.964796     2.1490 1.0000e-12     0.2354    94.2850 1.3187e-01 5.9073e+02  0.3718564     37.969    12.9537    316.350 0.0000e+00
     37.259     4.5492 186.940906     2.1490 1.0000e-12     0.2354    94.2850 1.3187e-01 5.9073e+02  0.3739352     37.994    12.9530    316.310 0.0000e+00
     37.282     4.5490 187.000633     2.1490 1.0000e-12     0.2354    94.2850 1.3065e-01 5.9073e+02  0.3722722     38.017    12.9539    316.413 0.0000e+00
     37.305     4.5490 187.024522     2.1490 1.0000e-12     0.2321    94.3634 1.3065e-01 5.9073e+02  0.3722722     38.041    12.9536    316.453 0.0000e+00
     37.328     4.5489 187.060360     2.1477 1.0000e-12     0.2321    94.3634 1.2943e-01 5.9073e+02  0.3722722     38.064    12.9447    316.515 0.0000e+00
     37.352     4.5490 187.036469     2.1477 1.0000e-12     0.2321    94.3634 1.2821e-01 5.9073e+02  0.3722722     38.088    12.9446    316.474 0.0000e+00
     37.376     4.5485 187.024526     2.1465 1.0000e-12     0.2321    94.3634 1.2698e-01 5.9073e+02  0.3722722     38.113    12.9356    316.459 0.0000e+00
     37.399     4.5484 187.024525     2.1477 1.0000e-12     0.2310    94.3895 1.2698e-01 5.8876e+02  0.3722722     38.136    12.9452    316.460 0.0000e+00
     37.422     4.5483 187.060362     2.1477 1.0000e-12     0.2310    94.3895 1.2943e-01 5.9073e+02  0.3722722     38.160    12.9456    316.522 0.0000e+00
     37.445     4.5487 186.988690     2.1490 1.0000e-12     0.2321    94.3634 1.2943e-01 5.9073e+02  0.3722722     38.183    12.9547    316.396 0.0000e+00
     37.469     4.5481 187.000637     2.1490 1.0000e-12     0.2321    94.3634 1.2821e-01 5.9073e+02  0.3722722     38.208    12.9557    316.423 0.0000e+00
     37.492     4.5479 187.024527     2.1490 1.0000e-12     0.2321    94.3634 1.2698e-01 5.9073e+02  0.3722722     38.231    12.9567    316.465 0.0000e+00
     37.514     4.5478 187.048419     2.1477 1.0000e-12     0.2321    94.3634 1.2821e-01 5.9073e+02  0.3722722     38.254    12.9491    316.507 0.0000e+00
     37.538     4.5478 187.024526     2.1477 1.0000e-12     0.2321    94.3634 1.2821e-01 5.9073e+02  0.3735195     38.278    12.9489    316.466 0.0000e+00
     37.563     4.5479 187.048421     2.1477 1.0000e-12     0.2332    94.3372 1.3065e-01 5.9073e+02  0.3722722     38.304    12.9488    316.506 0.0000e+00
     37.587     4.5479 187.060365     2.1477 1.0000e-12     0.2321    94.3634 1.3675e-01 5.8876e+02  0.3718564     38.328    12.9476    316.526 0.0000e+00
     37.608     4.5484 187.072310     2.1465 1.0000e-12     0.2310    94.3895 1.3431e-01 5.8876e+02  0.3718564     38.349    12.9384    316.541 0.0000e+00
     37.630     4.5483 187.060365     2.1490 1.0000e-12     0.2321    94.3634 1.3187e-01 5.8876e+02  0.3718564     38.372    12.9568    316.522 0.0000e+00
     37.653     4.5489 187.072310     2.1490 1.0000e-12     0.2321    94.3634 1.3065e-01 5.8876e+02  0.3718564     38.395    12.9587    316.535 0.0000e+00
     37.676     4.5490 187.012585     2.1477 1.0000e-12     0.2321    94.3634 1.2943e-01 5.8876e+02  0.3718564     38.419    12.9493    316.433 0.0000e+00
     37.698     4.5487 187.000639     2.1465 1.0000e-12     0.2310    94.3895 1.2821e-01 5.8876e+02  0.3718564     38.441    12.9411    316.416 0.0000e+00
     37.720     4.5484 187.036476     2.1465 1.0000e-12     0.2321    94.3634 1.2576e-01 5.8876e+02  0.3718564     38.464    12.9408    316.480 0.0000e+00
     37.743     4.5478 187.000642     2.1465 1.0000e-12     0.2332    94.3372 1.2454e-01 5.8876e+02  0.3718564     38.487    12.9409    316.426 0.0000e+00
     37.766     4.5466 186.988697     2.1465 1.0000e-12     0.2343    94.3111 1.2698e-01 5.8876e+02  0.3718564     38.511    12.9397    316.418 0.0000e+00
     37.788     4.5460 187.000643     2.1465 1.0000e-12     0.2354    94.2850 1.2821e-01 5.8876e+02  0.3718564     38.533    12.9401    316.445 0.0000e+00
     37.810     4.5455 187.036480     2.1465 1.0000e-12     0.2343    94.3111 1.2943e-01 5.8876e+02  0.3718564     38.555    12.9419    316.511 0.0000e+00
     37.832     4.5449 187.024535     2.1477 1.0000e-12     0.2343    94.3111 1.2821e-01 5.8876e+02  0.3718564     38.578    12.9533    316.497 0.0000e+00
     37.854     4.5444 186.976755     2.1465 1.0000e-12     0.2343    94.3111 1.3431e-01 5.8876e+02  0.3718564     38.600    12.9461    316.422 0.0000e+00
     37.876     4.5440 186.928976     2.1477 1.0000e-12     0.2332    94.3372 1.4408e-01 5.8876e+02  0.3718564     38.623    12.9575    316.345 0.0000e+00
     37.897     4.5436 186.976755     2.1465 1.0000e-12     0.2343    94.3111 1.5385e-01 5.8876e+02  0.3718564     38.644    12.9476    316.430 0.0000e+00
     37.918     4.5435 186.964812     2.1465 1.0000e-12     0.2343    94.3111 1.5385e-01 5.8876e+02  0.3718564     38.666    12.9470    316.411 0.0000e+00
     37.939     4.5435 186.964812     2.1465 1.0000e-12     0.2354    94.2850 1.4774e-01 5.8876e+02  0.3718564     38.687    12.9449    316.411 0.0000e+00
     37.960     4.5433 186.988703     2.1465 1.0000e-12     0.2354    94.2850 1.4286e-01 5.8876e+02  0.3718564     38.708    12.9459    316.454 0.0000e+00
     37.980     4.5433 186.964813     2.1465 1.0000e-12     0.2354    94.2850 1.3553e-01 5.8876e+02  0.3718564     38.729    12.9454    316.413 0.0000e+00
     38.000     4.5431 186.928978     2.1465 1.0000e-12     0.2343    94.3111 1.3675e-01 5.8876e+02  0.3718564     38.749    12.9468    316.355 0.0000e+00
     38.020     4.5435 186.905088     2.1465 1.0000e-12     0.2343    94.3111 1.3553e-01 5.8876e+02  0.3718564     38.770    12.9480    316.310 0.0000e+00
     38.040     4.5431 186.928979     2.1477 1.0000e-12     0.2354    94.2850 1.3187e-01 5.8876e+02  0.3718564     38.790    12.9590    316.355 0.0000e+00
     38.060     4.5431 186.940924     2.1465 1.0000e-12     0.2343    94.3111 1.2821e-01 5.8876e+02  0.3718564     38.810    12.9486    316.375 0.0000e+00
     38.079     4.5431 186.893144     2.1453 1.0000e-12     0.2343    94.3111 1.2821e-01 5.8876e+02  0.3718564     38.830    12.9396    316.294 0.0000e+00
     38.100     4.5435 186.940925     2.1453 1.0000e-12     0.2354    94.2850 1.2698e-01 5.8876e+02  0.3718564     38.851    12.9400    316.371 0.0000e+00
     38.119     4.5431 186.940925     2.1465 1.0000e-12     0.2343    94.3111 1.2698e-01 5.8876e+02  0.3714407     38.871    12.9500    316.375 0.0000e+00
     38.137     4.5436 186.952871     2.1453 1.0000e-12     0.2343    94.3111 1.2698e-01 5.8679e+02  0.3718564     38.889    12.9398    316.390 0.0000e+00
     38.155     4.5436 186.964815     2.1465 1.0000e-12     0.2354    94.2850 1.2943e-01 5.8679e+02  0.3718564     38.907    12.9514    316.410 0.0000e+00
     38.174     4.5435 186.917036     2.1465 1.0000e-12     0.2299    94.4157 1.2821e-01 5.8679e+02  0.3718564     38.927    12.9540    316.330 0.0000e+00
     38.193     4.5433 186.928981     2.1465 1.0000e-12     0.2265    94.4941 1.3187e-01 5.8679e+02  0.3718564     38.946    12.9552    316.353 0.0000e+00
     38.213     4.5433 186.928982     2.1453 1.0000e-12     0.2276    94.4679 1.3553e-01 5.8679e+02  0.3718564     38.966    12.9457    316.353 0.0000e+00
     38.233     4.5431 186.952872     2.1453 1.0000e-12     0.2276    94.4679 1.3309e-01 5.8679e+02  0.3718564     38.987    12.9456    316.395 0.0000e+00
     38.252     4.5435 186.917038     2.1453 1.0000e-12     0.2276    94.4679 1.3187e-01 5.8679e+02  0.3718564     39.006    12.9468    316.330 0.0000e+00
     38.270     4.5435 186.928982     2.1453 1.0000e-12     0.2276    94.4679 1.3675e-01 5.8679e+02  0.3718564     39.025    12.9467    316.351 0.0000e+00
     38.288     4.5435 186.940928     2.1465 1.0000e-12     0.2276    94.4679 1.4164e-01 5.8679e+02  0.3718564     39.043    12.9560    316.371 0.0000e+00
     38.307     4.5433 186.952874     2.1465 1.0000e-12     0.2276    94.4679 1.4286e-01 5.8679e+02  0.3718564     39.062    12.9547    316.393 0.0000e+00
     38.324     4.5433 186.964818     2.1465 1.0000e-12     0.2276    94.4679 1.3919e-01 5.8679e+02  0.3718564     39.080    12.9549    316.413 0.0000e+00
     38.342     4.5431 186.964820     2.1465 1.0000e-12     0.2276    94.4679 1.3309e-01 5.8679e+02  0.3718564     39.098    12.9539    316.416 0.0000e+00
     38.361     4.5433 186.917039     2.1453 1.0000e-12     0.2276    94.4679 1.2943e-01 5.8679e+02  0.3718564     39.117    12.9450    316.333 0.0000e+00
     38.379     4.5431 186.905095     2.1453 1.0000e-12     0.2276    94.4679 1.3065e-01 5.8679e+02  0.3718564     39.136    12.9443    316.314 0.0000e+00
     38.397     4.5430 186.905095     2.1453 1.0000e-12     0.2287    94.4418 1.3065e-01 5.8679e+02  0.3718564     39.154    12.9451    316.316 0.0000e+00
     38.415     4.5430 186.905095     2.1465 1.0000e-12     0.2276    94.4679 1.3431e-01 5.8679e+02  0.3718564     39.172    12.9552    316.316 0.0000e+00
     38.432     4.5428 186.964822     2.1453 1.0000e-12     0.2276    94.4679 1.4164e-01 5.8679e+02  0.3718564     39.190    12.9468    316.419 0.0000e+00
     38.449     4.5423 186.917041     2.1453 1.0000e-12     0.2276    94.4679 1.3919e-01 5.8679e+02  0.3718564     39.207    12.9465    316.343 0.0000e+00
     38.467     4.5419 186.928987     2.1453 1.0000e-12     0.2265    94.4941 1.3187e-01 5.8679e+02  0.3718564     39.225    12.9463    316.368 0.0000e+00
     38.487     4.5414 186.952879     2.1453 1.0000e-12     0.2265    94.4941 1.3309e-01 5.8679e+02  0.3718564     39.246    12.9462    316.414 0.0000e+00
     38.505     4.5412 186.940934     2.1441 1.0000e-12     0.2265    94.4941 1.4286e-01 5.8679e+02  0.3718564     39.264    12.9383    316.395 0.0000e+00
     38.522     4.5404 186.905099     2.1453 1.0000e-12     0.2287    94.4418 1.5629e-01 5.8679e+02  0.3718564     39.281    12.9479    316.343 0.0000e+00
     38.539     4.5398 186.869264     2.1453 1.0000e-12     0.2265    94.4941 1.5140e-01 5.8679e+02  0.3718564     39.299    12.9468    316.289 0.0000e+00
     38.556     4.5390 186.869266     2.1453 1.0000e-12     0.2243    94.5463 1.4164e-01 5.8679e+02  0.3718564     39.316    12.9473    316.298 0.0000e+00
     38.573     4.5382 186.893156     2.1453 1.0000e-12     0.2232    94.5725 1.3675e-01 5.8483e+02  0.3718564     39.334    12.9478    316.347 0.0000e+00
     38.590     4.5381 186.905101     2.1453 1.0000e-12     0.2243    94.5463 1.3553e-01 5.8483e+02  0.3718564     39.351    12.9467    316.368 0.0000e+00
     38.607     4.5369 186.905103     2.1453 1.0000e-12     0.2243    94.5463 1.3431e-01 5.8483e+02  0.3718564     39.368    12.9475    316.381 0.0000e+00
     38.624     4.5363 186.976773     2.1453 1.0000e-12     0.2232    94.5725 1.3309e-01 5.8483e+02  0.3718564     39.386    12.9482    316.509 0.0000e+00
     38.642     4.5357 186.964829     2.1453 1.0000e-12     0.2243    94.5463 1.3675e-01 5.8483e+02  0.3718564     39.404    12.9490    316.495 0.0000e+00
     38.661     4.5350 186.869270     2.1453 1.0000e-12     0.2243    94.5463 1.3675e-01 5.8483e+02  0.3718564     39.423    12.9486    316.341 0.0000e+00
     38.679     4.5345 186.952886     2.1465 1.0000e-12     0.2243    94.5463 1.3675e-01 5.8483e+02  0.3718564     39.442    12.9574    316.487 0.0000e+00
     38.696     4.5342 186.928996     2.1453 1.0000e-12     0.2243    94.5463 1.4042e-01 5.8483e+02  0.3718564     39.459    12.9476    316.450 0.0000e+00
     38.713     4.5341 186.928996     2.1453 1.0000e-12     0.2243    94.5463 1.4042e-01 5.8483e+02  0.3718564     39.476    12.9485    316.451 0.0000e+00
     38.731     4.5339 186.940942     2.1441 1.0000e-12     0.2232    94.5725 1.3675e-01 5.8483e+02  0.3718564     39.495    12.9416    316.474 0.0000e+00
     38.749     4.5338 186.928997     2.1441 1.0000e-12     0.2232    94.5725 1.3187e-01 5.8483e+02  0.3718564     39.513    12.9426    316.455 0.0000e+00
     38.767     4.5336 186.928997     2.1441 1.0000e-12     0.2243    94.5463 1.2821e-01 5.8483e+02  0.3718564     39.531    12.9437    316.457 0.0000e+00
     38.785     4.5333 186.940944     2.1441 1.0000e-12     0.2243    94.5463 1.2698e-01 5.8483e+02  0.3718564     39.550    12.9450    316.480 0.0000e+00
     38.802     4.5335 186.893163     2.1441 1.0000e-12     0.2232    94.5725 1.2454e-01 5.8483e+02  0.3718564     39.567    12.9448    316.397 0.0000e+00
     38.820     4.5330 186.893162     2.1453 1.0000e-12     0.2243    94.5463 1.2698e-01 5.8483e+02  0.3718564     39.585    12.9556    316.402 0.0000e+00
     38.839     4.5328 186.905111     2.1453 1.0000e-12     0.2232    94.5725 1.3065e-01 5.8483e+02  0.3718564     39.605    12.9569    316.425 0.0000e+00
     38.857     4.5330 186.917054     2.1453 1.0000e-12     0.2243    94.5463 1.3065e-01 5.8483e+02  0.3718564     39.623    12.9582    316.443 0.0000e+00
     38.875     4.5331 186.893165     2.1441 1.0000e-12     0.2243    94.5463 1.2821e-01 5.8483e+02  0.3718564     39.641    12.9489    316.401 0.0000e+00
     38.893     4.5331 186.940945     2.1441 1.0000e-12     0.2243    94.5463 1.2576e-01 5.8483e+02  0.3718564     39.660    12.9490    316.482 0.0000e+00
     38.911     4.5328 186.917056     2.1441 1.0000e-12     0.2243    94.5463 1.2332e-01 5.8483e+02  0.3718564     39.678    12.9493    316.445 0.0000e+00
     38.929     4.5322 186.905111     2.1441 1.0000e-12     0.2232    94.5725 1.2576e-01 5.8483e+02  0.3718564     39.697    12.9497    316.431 0.0000e+00
     38.948     4.5317 186.905112     2.1441 1.0000e-12     0.2232    94.5725 1.2943e-01 5.8483e+02  0.3718564     39.716    12.9487    316.437 0.0000e+00
     38.968     4.5311 186.929003     2.1441 1.0000e-12     0.2243    94.5463 1.2943e-01 5.8483e+02  0.3718564     39.736    12.9492    316.484 0.0000e+00
     38.988     4.5307 186.940948     2.1453 1.0000e-12     0.2243    94.5463 1.2698e-01 5.8483e+02  0.3718564     39.757    12.9590    316.508 0.0000e+00
     39.008     4.5301 186.905115     2.1441 1.0000e-12     0.2243    94.5463 1.6239e-01 5.8483e+02  0.3718564     39.777    12.9503    316.454 0.0000e+00
     39.026     4.5298 186.929005     2.1441 1.0000e-12     0.2254    94.5202 1.9048e-01 5.8483e+02  0.3718564     39.795    12.9508    316.497 0.0000e+00
     39.043     4.5293 186.905115     2.1441 1.0000e-12     0.2254    94.5202 1.7216e-01 5.8483e+02  0.3718564     39.813    12.9515    316.462 0.0000e+00
     39.061     4.5292 186.917060     2.1441 1.0000e-12     0.2254    94.5202 1.4530e-01 5.8483e+02  0.3722722     39.831    12.9507    316.484 0.0000e+00
     39.079     4.5288 186.929006     2.1441 1.0000e-12     0.2243    94.5463 1.2821e-01 5.8483e+02  0.3718564     39.849    12.9501    316.508 0.0000e+00
     39.098     4.5285 186.940952     2.1441 1.0000e-12     0.2232    94.5725 1.1966e-01 5.8483e+02  0.3718564     39.869    12.9510    316.532 0.0000e+00
     39.116     4.5283 186.905116     2.1441 1.0000e-12     0.2243    94.5463 1.1477e-01 5.8483e+02  0.3718564     39.887    12.9519    316.473 0.0000e+00
     39.136     4.5280 186.905118     2.1441 1.0000e-12     0.2254    94.5202 1.1233e-01 5.8483e+02  0.3718564     39.908    12.9544    316.476 0.0000e+00
     39.157     4.5280 186.940953     2.1453 1.0000e-12     0.2243    94.5463 1.0989e-01 5.8483e+02  0.3718564     39.929    12.9647    316.537 0.0000e+00
     39.176     4.5277 186.917064     2.1453 1.0000e-12     0.2232    94.5725 1.0745e-01 5.8286e+02  0.3718564     39.948    12.9659    316.500 0.0000e+00
     39.195     4.5276 186.976789     2.1441 1.0000e-12     0.2243    94.5463 1.0745e-01 5.8286e+02  0.3718564     39.968    12.9563    316.602 0.0000e+00
