data/05_metadata_exports/SeabirdData/202305_SeabirdData/83212_stn715.cnv
* Sea-Bird SBE 9 Data File:
* FileName = C:\Users\rosette\Rosette Data\2023\Ontario CSMI\stn715.hex
* Software Version Seasave V 7.26.6.26
* Temperature SN = 5270
* Conductivity SN = 1168
* Number of Bytes Per Scan = 40
* Number of Voltage Words = 5
* Number of Scans Averaged by the Deck Unit = 1
* NMEA Latitude = 43 38.17 N
* NMEA Longitude = 076 58.08 W
* NMEA UTC (Time) = Sep 30 2003  02:55:20
* NMEA baud rate = 4800
** Ship: Lake Guardian
** Cruise: Summer Survey 2022
** Station:  stn715
# nquan = 14                                
# nvalues = 19328                       
# units = specified
# name 0 = prDM: Pressure, Digiquartz [db]
# name 1 = t090C: Temperature [ITS-90, deg C]
# name 2 = c0uS/cm: Conductivity [uS/cm]
# name 3 = sbeox0V: Oxygen raw, SBE 43 [V]
# name 4 = par: PAR/Irradiance, Biospherical/Licor
# name 5 = bat: Beam Attenuation, Chelsea/Seatech [1/m]
# name 6 = xmiss: Beam Transmission, Chelsea/Seatech [%]
# name 7 = flSP: Fluorescence, Seapoint
# name 8 = spar: SPAR, Biospherical/Licor
# name 9 = upoly0: Upoly 0, Suna Nitrate
# name 10 = depFM: Depth [fresh water, m], lat = 43.6362
# name 11 = sbeox0Mg/L: Oxygen, SBE 43 [mg/l], WS = 2
# name 12 = specc: Specific Conductance [uS/cm]
# name 13 = flag: flag
# span 0 =     -0.250,    147.096       
# span 1 =     3.8125,     8.9651       
# span 2 = -2.234e+03, 292.607931       
# span 3 =     2.0195,     2.5665       
# span 4 = 1.0000e-12, 3.4836e+00       
# span 5 =     0.0258,     3.9812       
# span 6 =    36.9612,    99.3560       
# span 7 = 3.5409e-02, 2.3871e+00       
# span 8 = 0.0000e+00, 1.9691e+00       
# span 9 =  0.0741704,  0.4071962       
# span 10 =     -0.255,    149.996      
# span 11 =    11.5273,    14.7566      
# span 12 =  -3289.624,    431.119      
# span 13 = 0.0000e+00, 0.0000e+00      
# interval = seconds: 0.0416667
# start_time = Sep 30 2003 02:55:20 [NMEA time, header]
# bad_flag = -9.990e-29
*END*
[from data line 1549]
      2.813     7.8137 204.263850     2.1453 1.0000e-12     1.0046    77.7910 2.0928e+00 1.9691e+00  0.3045029      2.868    11.9209    311.230 -9.990e-29
      2.822     7.8137 204.263851     2.1453 1.0000e-12     0.9778    78.3138 2.1343e+00 1.9691e+00  0.3045029      2.878    11.9304    311.230 -9.990e-29
      2.830     7.8137 204.275819     2.1453 1.0000e-12     0.9618    78.6274 2.1184e+00 1.9691e+00  0.3049186      2.886    11.9381    311.248 -9.990e-29
      2.837     7.8137 204.263850     2.1453 1.0000e-12     0.9591    78.6797 2.0708e+00 1.9691e+00  0.3045029      2.893    11.9438    311.230 -9.990e-29
      2.844     7.8140 204.227944     2.1465 1.0000e-12     0.9591    78.6797 2.0354e+00 1.9691e+00  0.3045029      2.900    11.9593    311.172 -9.990e-29
      2.851     7.8140 204.251881     2.1477 1.0000e-12     0.9605    78.6536 2.0085e+00 1.9691e+00  0.3045029      2.907    11.9752    311.209 -9.990e-29
      2.858     7.8140 204.263851     2.1490 1.0000e-12     0.9605    78.6536 1.9719e+00 1.9691e+00  0.3045029      2.914    11.9898    311.227 -9.990e-29
      2.863     7.8141 204.299758     2.1490 1.0000e-12     0.9605    78.6536 1.9414e+00 1.9691e+00  0.3045029      2.919    11.9954    311.281 -9.990e-29
      2.868     7.8143 204.251882     2.1490 1.0000e-12     0.9605    78.6536 1.9133e+00 1.9691e+00  0.3045029      2.925    12.0023    311.206 -9.990e-29
      2.872     7.8147 204.299756     2.1502 1.0000e-12     0.9605    78.6536 1.8889e+00 1.9691e+00  0.3045029      2.929    12.0177    311.275 -9.990e-29
      2.878     7.8147 204.323696     2.1502 1.0000e-12     0.9605    78.6536 1.8767e+00 1.9691e+00  0.3045029      2.935    12.0259    311.312 -9.990e-29
      2.882     7.8148 204.359602     2.1502 1.0000e-12     0.9591    78.6797 1.8791e+00 1.9691e+00  0.3045029      2.939    12.0341    311.365 -9.990e-29
      2.884     7.8145 204.287790     2.1502 1.0000e-12     0.9591    78.6797 1.8803e+00 1.9691e+00  0.3049186      2.941    12.0413    311.259 -9.990e-29
      2.884     7.8149 204.299756     2.1514 1.0000e-12     0.9605    78.6536 1.8803e+00 1.9691e+00  0.3053344      2.941    12.0568    311.273 -9.990e-29
      2.885     7.8147 204.323696     2.1514 1.0000e-12     0.9605    78.6536 1.8840e+00 1.9691e+00  0.3032556      2.942    12.0639    311.312 -9.990e-29
      2.885     7.8148 204.335664     2.1526 1.0000e-12     0.9591    78.6797 1.8547e+00 1.9691e+00  0.3032556      2.942    12.0802    311.329 -9.990e-29
      2.884     7.8147 204.347633     2.1526 1.0000e-12     0.9591    78.6797 1.8364e+00 1.9691e+00  0.3032556      2.941    12.0879    311.348 -9.990e-29
      2.883     7.8147 204.371571     2.1538 1.0000e-12     0.9605    78.6536 1.8584e+00 1.9691e+00  0.3028398      2.940    12.1039    311.385 -9.990e-29
      2.882     7.8150 204.383541     2.1551 1.0000e-12     0.9605    78.6536 1.8791e+00 1.9691e+00  0.3032556      2.939    12.1213    311.400 -9.990e-29
      2.880     7.8148 204.419447     2.1551 1.0000e-12     0.9605    78.6536 1.8681e+00 1.9691e+00  0.3028398      2.937    12.1306    311.457 -9.990e-29
      2.875     7.8153 204.395509     2.1563 1.0000e-12     0.9591    78.6797 1.8584e+00 1.9691e+00  0.3028398      2.932    12.1477    311.415 -9.990e-29
      2.871     7.8150 204.395508     2.1575 1.0000e-12     0.9605    78.6536 1.8535e+00 1.9691e+00  0.3028398      2.928    12.1647    311.418 -9.990e-29
      2.867     7.8151 204.431417     2.1575 1.0000e-12     0.9618    78.6274 1.8388e+00 1.9691e+00  0.3032556      2.924    12.1737    311.472 -9.990e-29
      2.862     7.8150 204.479292     2.1587 1.0000e-12     0.9605    78.6536 1.8266e+00 1.9691e+00  0.3032556      2.918    12.1919    311.546 -9.990e-29
      2.857     7.8153 204.431416     2.1600 1.0000e-12     0.9605    78.6536 1.8352e+00 1.9691e+00  0.3028398      2.913    12.2102    311.470 -9.990e-29
      2.852     7.8151 204.443384     2.1612 1.0000e-12     0.9605    78.6536 1.8327e+00 1.9691e+00  0.3028398      2.908    12.2284    311.490 -9.990e-29
      2.848     7.8153 204.443385     2.1612 1.0000e-12     0.9605    78.6536 1.8120e+00 1.9691e+00  0.3032556      2.904    12.2374    311.488 -9.990e-29
      2.842     7.8154 204.455353     2.1612 1.0000e-12     0.9591    78.6797 1.8327e+00 1.9691e+00  0.3032556      2.898    12.2459    311.506 -9.990e-29
      2.837     7.8153 204.503230     2.1636 1.0000e-12     0.9605    78.6536 1.8486e+00 1.9691e+00  0.3032556      2.893    12.2705    311.580 -9.990e-29
      2.831     7.8148 204.503231     2.1636 1.0000e-12     0.9605    78.6536 1.8510e+00 1.9691e+00  0.3032556      2.887    12.2800    311.584 -9.990e-29
      2.824     7.8141 204.431416     2.1636 1.0000e-12     0.9605    78.6536 1.8266e+00 1.9691e+00  0.3032556      2.880    12.2899    311.482 -9.990e-29
      2.816     7.8140 204.491261     2.1648 1.0000e-12     0.9591    78.6797 1.8181e+00 1.9691e+00  0.3032556      2.872    12.3084    311.574 -9.990e-29
      2.808     7.8132 204.551108     2.1673 1.0000e-12     0.9605    78.6536 1.8107e+00 1.9691e+00  0.3028398      2.863    12.3366    311.672 -9.990e-29
      2.800     7.8130 204.515200     2.1685 1.0000e-12     0.9605    78.6536 1.8144e+00 1.9691e+00  0.3028398      2.855    12.3557    311.620 -9.990e-29
      2.793     7.8119 204.539139     2.1697 1.0000e-12     0.9605    78.6536 1.8217e+00 1.9691e+00  0.3028398      2.848    12.3753    311.667 -9.990e-29
      2.787     7.8112 204.515202     2.1709 1.0000e-12     0.9605    78.6536 1.8120e+00 1.9691e+00  0.3028398      2.842    12.3938    311.637 -9.990e-29
      2.780     7.8102 204.539140     2.1709 1.0000e-12     0.9605    78.6536 1.8059e+00 1.9691e+00  0.3032556      2.835    12.4029    311.683 -9.990e-29
      2.772     7.8096 204.491263     2.1734 1.0000e-12     0.9605    78.6536 1.8046e+00 1.9691e+00  0.3032556      2.827    12.4307    311.615 -9.990e-29
      2.765     7.8087 204.431418     2.1746 1.0000e-12     0.9605    78.6536 1.7985e+00 1.9691e+00  0.3032556      2.820    12.4482    311.533 -9.990e-29
      2.759     7.8083 204.479295     2.1758 1.0000e-12     0.9605    78.6536 1.7851e+00 1.9691e+00  0.3032556      2.813    12.4645    311.610 -9.990e-29
      2.751     7.8075 204.455358     2.1770 1.0000e-12     0.9605    78.6536 1.7705e+00 1.9691e+00  0.3032556      2.805    12.4808    311.581 -9.990e-29
      2.741     7.8072 204.443388     2.1783 1.0000e-12     0.9618    78.6274 1.7790e+00 1.9691e+00  0.3036714      2.795    12.4965    311.565 -9.990e-29
      2.730     7.8065 204.443388     2.1807 1.0000e-12     0.9618    78.6274 1.7863e+00 1.9691e+00  0.3032556      2.784    12.5221    311.572 -9.990e-29
      2.720     7.8057 204.455357     2.1819 1.0000e-12     0.9618    78.6274 1.7851e+00 1.9691e+00  0.3032556      2.774    12.5392    311.598 -9.990e-29
      2.711     7.8054 204.395512     2.1832 1.0000e-12     0.9618    78.6274 1.7705e+00 1.9691e+00  0.3032556      2.764    12.5544    311.509 -9.990e-29
      2.702     7.8044 204.419451     2.1844 1.0000e-12     0.9605    78.6536 1.7521e+00 1.9691e+00  0.3032556      2.755    12.5701    311.555 -9.990e-29
      2.693     7.8043 204.407482     2.1856 1.0000e-12     0.9605    78.6536 1.7375e+00 1.9691e+00  0.3032556      2.746    12.5863    311.538 -9.990e-29
      2.684     7.8036 204.383543     2.1880 1.0000e-12     0.9618    78.6274 1.7460e+00 1.9691e+00  0.3036714      2.737    12.6097    311.508 -9.990e-29
      2.675     7.8027 204.395514     2.1893 1.0000e-12     0.9618    78.6274 1.7570e+00 1.9691e+00  0.3036714      2.728    12.6251    311.535 -9.990e-29
      2.666     7.8023 204.407482     2.1905 1.0000e-12     0.9618    78.6274 1.7570e+00 1.9691e+00  0.3032556      2.719    12.6393    311.557 -9.990e-29
      2.656     7.8018 204.407482     2.1917 1.0000e-12     0.9605    78.6536 1.7558e+00 1.9691e+00  0.3032556      2.708    12.6522    311.562 -9.990e-29
      2.648     7.8010 204.407483     2.1929 1.0000e-12     0.9618    78.6274 1.7656e+00 1.9691e+00  0.3036714      2.700    12.6649    311.569 -9.990e-29
      2.639     7.8009 204.407483     2.1941 1.0000e-12     0.9618    78.6274 1.7643e+00 1.9691e+00  0.3032556      2.691    12.6758    311.570 -9.990e-29
      2.629     7.8005 204.431421     2.1966 1.0000e-12     0.9618    78.6274 1.7717e+00 1.9691e+00  0.3032556      2.681    12.6967    311.611 -9.990e-29
      2.620     7.8000 204.443391     2.1978 1.0000e-12     0.9605    78.6536 1.7753e+00 1.9691e+00  0.3036714      2.672    12.7058    311.634 -9.990e-29
      2.610     7.7999 204.443390     2.1990 1.0000e-12     0.9618    78.6274 1.7778e+00 1.9691e+00  0.3036714      2.661    12.7133    311.635 -9.990e-29
      2.601     7.7996 204.443390     2.2015 1.0000e-12     0.9618    78.6274 1.7705e+00 1.9691e+00  0.3036714      2.652    12.7307    311.638 -9.990e-29
      2.592     7.7989 204.455361     2.2039 1.0000e-12     0.9618    78.6274 1.7656e+00 1.9691e+00  0.3036714      2.643    12.7482    311.662 -9.990e-29
      2.580     7.7991 204.443390     2.2051 1.0000e-12     0.9605    78.6536 1.7668e+00 1.9691e+00  0.3032556      2.631    12.7566    311.642 -9.990e-29
      2.568     7.7987 204.443389     2.2063 1.0000e-12     0.9618    78.6274 1.7790e+00 1.9691e+00  0.3032556      2.619    12.7647    311.646 -9.990e-29
      2.557     7.7984 204.407483     2.2076 1.0000e-12     0.9605    78.6536 1.7888e+00 1.9691e+00  0.3032556      2.607    12.7731    311.594 -9.990e-29
      2.547     7.7986 204.443389     2.2112 1.0000e-12     0.9618    78.6274 1.7827e+00 1.9691e+00  0.3032556      2.597    12.7959    311.647 -9.990e-29
      2.537     7.7981 204.491267     2.2112 1.0000e-12     0.9631    78.6013 1.7912e+00 1.9691e+00  0.3032556      2.587    12.7934    311.725 -9.990e-29
      2.526     7.7980 204.515204     2.2125 1.0000e-12     0.9631    78.6013 1.8462e+00 1.9691e+00  0.3032556      2.576    12.7983    311.762 -9.990e-29
      2.516     7.7980 204.551113     2.2137 1.0000e-12     0.9645    78.5752 1.8926e+00 1.9691e+00  0.3032556      2.566    12.8021    311.817 -9.990e-29
      2.506     7.7974 204.527174     2.2149 1.0000e-12     0.9618    78.6274 1.9060e+00 1.9691e+00  0.3032556      2.555    12.8069    311.786 -9.990e-29
      2.494     7.7976 204.479296     2.2186 1.0000e-12     0.9631    78.6013 1.9072e+00 1.9691e+00  0.3036714      2.543    12.8276    311.711 -9.990e-29
      2.482     7.7976 204.575051     2.2198 1.0000e-12     0.9631    78.6013 1.9035e+00 1.9691e+00  0.3032556      2.531    12.8304    311.857 -9.990e-29
      2.470     7.7976 204.622927     2.2198 1.0000e-12     0.9631    78.6013 1.9255e+00 1.9691e+00  0.3028398      2.519    12.8235    311.930 -9.990e-29
      2.461     7.7980 204.575050     2.2222 1.0000e-12     0.9631    78.6013 1.9805e+00 1.9691e+00  0.3028398      2.510    12.8333    311.853 -9.990e-29
      2.452     7.7981 204.646865     2.2247 1.0000e-12     0.9631    78.6013 2.0208e+00 1.9691e+00  0.3024241      2.500    12.8436    311.962 -9.990e-29
      2.444     7.7983 204.682774     2.2259 1.0000e-12     0.9631    78.6013 2.0574e+00 1.9691e+00  0.3028398      2.492    12.8435    312.015 -9.990e-29
      2.435     7.7984 204.694742     2.2271 1.0000e-12     0.9631    78.6013 2.0940e+00 1.9691e+00  0.3024241      2.483    12.8433    312.032 -9.990e-29
      2.426     7.7987 204.730651     2.2283 1.0000e-12     0.9631    78.6013 2.1148e+00 1.9691e+00  0.3028398      2.474    12.8430    312.084 -9.990e-29
      2.417     7.7984 204.754590     2.2283 1.0000e-12     0.9631    78.6013 2.1392e+00 1.9691e+00  0.3028398      2.465    12.8334    312.123 -9.990e-29
      2.409     7.7987 204.850346     2.2308 1.0000e-12     0.9631    78.6013 2.1404e+00 1.9691e+00  0.3028398      2.456    12.8400    312.266 -9.990e-29
      2.401     7.7991 204.886256     2.2320 1.0000e-12     0.9631    78.6013 2.0952e+00 1.9691e+00  0.3024241      2.448    12.8363    312.317 -9.990e-29
      2.395     7.7996 204.838375     2.2332 1.0000e-12     0.9631    78.6013 2.0342e+00 1.9691e+00  0.3028398      2.442    12.8316    312.240 -9.990e-29
      2.391     7.7996 204.850345     2.2332 1.0000e-12     0.9645    78.5752 1.9731e+00 1.9691e+00  0.3028398      2.438    12.8189    312.258 -9.990e-29
      2.387     7.7997 204.898225     2.2344 1.0000e-12     0.9631    78.6013 1.9182e+00 1.9691e+00  0.3028398      2.434    12.8137    312.330 -9.990e-29
      2.383     7.8000 204.886254     2.2369 1.0000e-12     0.9631    78.6013 1.8840e+00 1.9691e+00  0.3028398      2.430    12.8178    312.309 -9.990e-29
      2.379     7.8004 204.862314     2.2381 1.0000e-12     0.9631    78.6013 1.8584e+00 1.9691e+00  0.3028398      2.426    12.8131    312.268 -9.990e-29
      2.376     7.8002 204.898224     2.2393 1.0000e-12     0.9645    78.5752 1.8535e+00 1.9691e+00  0.3028398      2.423    12.8089    312.325 -9.990e-29
      2.374     7.8004 204.874284     2.2405 1.0000e-12     0.9618    78.6274 1.8474e+00 1.9691e+00  0.3028398      2.421    12.8051    312.287 -9.990e-29
      2.373     7.8007 204.814435     2.2418 1.0000e-12     0.9605    78.6536 1.8462e+00 1.9691e+00  0.3028398      2.420    12.8013    312.193 -9.990e-29
      2.372     7.8007 204.766557     2.2430 1.0000e-12     0.9618    78.6274 1.8303e+00 1.9691e+00  0.3028398      2.419    12.7953    312.120 -9.990e-29
      2.372     7.8009 204.742618     2.2430 1.0000e-12     0.9618    78.6274 1.7973e+00 1.9691e+00  0.3028398      2.419    12.7825    312.081 -9.990e-29
      2.374     7.8010 204.694739     2.2430 1.0000e-12     0.9618    78.6274 1.7521e+00 1.9691e+00  0.3028398      2.421    12.7682    312.007 -9.990e-29
      2.378     7.8009 204.634893     2.2442 1.0000e-12     0.9605    78.6536 1.7204e+00 1.9691e+00  0.3028398      2.425    12.7621    311.917 -9.990e-29
      2.383     7.8010 204.634894     2.2466 1.0000e-12     0.9618    78.6274 1.7082e+00 1.9691e+00  0.3028398      2.430    12.7652    311.916 -9.990e-29
      2.387     7.8013 204.646862     2.2466 1.0000e-12     0.9618    78.6274 1.6996e+00 1.9691e+00  0.3028398      2.434    12.7510    311.932 -9.990e-29
      2.392     7.8012 204.598984     2.2466 1.0000e-12     0.9618    78.6274 1.7057e+00 1.9691e+00  0.3028398      2.439    12.7379    311.859 -9.990e-29
      2.400     7.8015 204.563076     2.2466 1.0000e-12     0.9618    78.6274 1.6923e+00 1.9691e+00  0.3028398      2.447    12.7245    311.802 -9.990e-29
      2.408     7.8018 204.575046     2.2479 1.0000e-12     0.9631    78.6013 1.6703e+00 1.9691e+00  0.3032556      2.455    12.7191    311.817 -9.990e-29
      2.417     7.8021 204.563077     2.2491 1.0000e-12     0.9631    78.6013 1.6545e+00 1.9691e+00  0.3036714      2.465    12.7151    311.796 -9.990e-29
      2.425     7.8020 204.563077     2.2491 1.0000e-12     0.9658    78.5490 1.6435e+00 1.9691e+00  0.3036714      2.473    12.7030    311.797 -9.990e-29
      2.434     7.8023 204.563077     2.2491 1.0000e-12     0.9791    78.2876 1.6471e+00 1.9691e+00  0.3057502      2.482    12.6919    311.794 -9.990e-29
      2.445     7.8023 204.563077     2.2503 1.0000e-12     1.0005    77.8694 1.6691e+00 1.9691e+00  0.3053344      2.493    12.6895    311.794 -9.990e-29
      2.456     7.8020 204.527170     2.2503 1.0000e-12     1.0113    77.6603 1.6801e+00 1.9691e+00  0.3053344      2.504    12.6789    311.742 -9.990e-29
      2.468     7.8018 204.527170     2.2503 1.0000e-12     1.0140    77.6080 1.6777e+00 1.9691e+00  0.3049186      2.517    12.6673    311.744 -9.990e-29
      2.480     7.8013 204.563079     2.2503 1.0000e-12     1.0140    77.6080 1.6667e+00 1.9691e+00  0.3053344      2.529    12.6573    311.804 -9.990e-29
      2.492     7.8012 204.539141     2.2503 1.0000e-12     1.0140    77.6080 1.6667e+00 1.9691e+00  0.3053344      2.541    12.6464    311.768 -9.990e-29
