data/05_metadata_exports/SeabirdData/202305_SeabirdData/83212_stn715.cnv
* Sea-Bird SBE 9 Data File:
* FileName = C:\Users\rosette\Rosette Data\2023\Ontario CSMI\stn715.hex
* Software Version Seasave V 7.26.6.26
* Temperature SN = 5270
* Conductivity SN = 1168
* Number of Bytes Per Scan = 40
* Number of Voltage Words = 5
* Number of Scans Averaged by the Deck Unit = 1
* NMEA Latitude = 43 38.17 N
* NMEA Longitude = 076 58.08 W
* NMEA UTC (Time) = Sep 30 2003  02:55:20
* NMEA baud rate = 4800
** Ship: Lake Guardian
** Cruise: Summer Survey 2022
** Station:  stn715
# nquan = 14                                
# nvalues = 19328                       
# units = specified
# name 0 = prDM: Pressure, Digiquartz [db]
# name 1 = t090C: Temperature [ITS-90, deg C]
# name 2 = c0uS/cm: Conductivity [uS/cm]
# name 3 = sbeox0V: Oxygen raw, SBE 43 [V]
# name 4 = par: PAR/Irradiance, Biospherical/Licor
# name 5 = bat: Beam Attenuation, Chelsea/Seatech [1/m]
# name 6 = xmiss: Beam Transmission, Chelsea/Seatech [%]
# name 7 = flSP: Fluorescence, Seapoint
# name 8 = spar: SPAR, Biospherical/Licor
# name 9 = upoly0: Upoly 0, Suna Nitrate
# name 10 = depFM: Depth [fresh water, m], lat = 43.6362
# name 11 = sbeox0Mg/L: Oxygen, SBE 43 [mg/l], WS = 2
# name 12 = specc: Specific Conductance [uS/cm]
# name 13 = flag: flag
# span 0 =     -0.250,    147.096       
# span 1 =     3.8125,     8.9651       
# span 2 = -2.234e+03, 292.607931       
# span 3 =     2.0195,     2.5665       
# span 4 = 1.0000e-12, 3.4836e+00       
# span 5 =     0.0258,     3.9812       
# span 6 =    36.9612,    99.3560       
# span 7 = 3.5409e-02, 2.3871e+00       
# span 8 = 0.0000e+00, 1.9691e+00       
# span 9 =  0.0741704,  0.4071962       
# span 10 =     -0.255,    149.996      
# span 11 =    11.5273,    14.7566      
# span 12 =  -3289.624,    431.119      
# span 13 = 0.0000e+00, 0.0000e+00      
# interval = seconds: 0.0416667
# start_time = Sep 30 2003 02:55:20 [NMEA time, header]
# bad_flag = -9.990e-29
*END*
[from data line 5678]
     30.327     4.4598 185.149260     2.1844 1.0000e-12     0.2199    94.6509 2.4298e-01 1.9691e+00  0.3822505     30.925    13.1785    314.229 0.0000e+00
     30.346     4.4598 185.101491     2.1832 1.0000e-12     0.1913    95.3305 2.3810e-01 1.9691e+00  0.3818347     30.944    13.1688    314.148 0.0000e+00
     30.363     4.4595 185.125376     2.1832 1.0000e-12     0.1792    95.6181 2.3077e-01 1.9691e+00  0.3818347     30.962    13.1675    314.192 0.0000e+00
     30.379     4.4585 185.161204     2.1832 1.0000e-12     0.1814    95.5658 2.2833e-01 1.9691e+00  0.3818347     30.978    13.1670    314.263 0.0000e+00
     30.396     4.4571 185.137320     2.1832 1.0000e-12     0.1979    95.1737 2.3565e-01 1.9691e+00  0.3822505     30.995    13.1674    314.238 0.0000e+00
     30.414     4.4553 185.113437     2.1832 1.0000e-12     0.2133    94.8077 2.4176e-01 1.9691e+00  0.3822505     31.014    13.1669    314.216 0.0000e+00
     30.431     4.4541 185.065668     2.1832 1.0000e-12     0.2177    94.7032 2.3932e-01 1.9691e+00  0.3822505     31.031    13.1667    314.148 0.0000e+00
     30.450     4.4525 185.053726     2.1819 1.0000e-12     0.2199    94.6509 2.3932e-01 1.9691e+00  0.3822505     31.050    13.1556    314.145 0.0000e+00
     30.468     4.4516 185.089556     2.1819 1.0000e-12     0.2199    94.6509 2.5031e-01 1.9691e+00  0.3822505     31.069    13.1563    314.215 0.0000e+00
     30.484     4.4512 185.041785     2.1819 1.0000e-12     0.2188    94.6770 2.6496e-01 1.9691e+00  0.3830820     31.085    13.1573    314.138 0.0000e+00
     30.501     4.4506 185.089556     2.1819 1.0000e-12     0.2188    94.6770 2.5763e-01 0.0000e+00  0.3843293     31.102    13.1576    314.226 0.0000e+00
     30.519     4.4502 185.077615     2.1807 1.0000e-12     0.2155    94.7555 2.4542e-01 0.0000e+00  0.3847451     31.121    13.1491    314.210 0.0000e+00
     30.537     4.4493 185.053730     2.1807 1.0000e-12     0.2100    94.8862 2.3810e-01 1.9691e+00  0.3843293     31.139    13.1492    314.179 0.0000e+00
     30.554     4.4493 185.053730     2.1807 1.0000e-12     0.2023    95.0691 2.3932e-01 0.0000e+00  0.3843293     31.156    13.1480    314.179 0.0000e+00
     30.571     4.4499 185.113444     2.1807 1.0000e-12     0.2001    95.1214 2.3687e-01 1.9691e+00  0.3843293     31.174    13.1487    314.274 0.0000e+00
     30.586     4.4513 185.089557     2.1807 1.0000e-12     0.1979    95.1737 2.3443e-01 1.9691e+00  0.3843293     31.189    13.1496    314.218 0.0000e+00
     30.602     4.4529 185.077613     2.1807 1.0000e-12     0.1968    95.1998 2.3321e-01 1.9691e+00  0.3843293     31.205    13.1481    314.181 0.0000e+00
     30.619     4.4545 185.113441     2.1807 1.0000e-12     0.1957    95.2260 2.3199e-01 1.9691e+00  0.3843293     31.223    13.1471    314.225 0.0000e+00
     30.636     4.4548 185.065672     2.1795 1.0000e-12     0.1957    95.2260 2.3077e-01 1.9691e+00  0.3843293     31.240    13.1364    314.141 0.0000e+00
     30.652     4.4547 185.089555     2.1795 1.0000e-12     0.1957    95.2260 2.2955e-01 1.9691e+00  0.3843293     31.256    13.1372    314.182 0.0000e+00
     30.669     4.4544 185.077614     2.1795 1.0000e-12     0.1968    95.1998 2.2955e-01 1.9691e+00  0.3843293     31.274    13.1386    314.165 0.0000e+00
     30.687     4.4538 185.113443     2.1807 1.0000e-12     0.1957    95.2260 2.2955e-01 1.9691e+00  0.3843293     31.292    13.1500    314.232 0.0000e+00
     30.704     4.4526 185.041789     2.1795 1.0000e-12     0.1957    95.2260 2.2711e-01 1.9691e+00  0.3847451     31.309    13.1406    314.123 0.0000e+00
     30.720     4.4518 185.041789     2.1795 1.0000e-12     0.1924    95.3044 2.2955e-01 1.9691e+00  0.3843293     31.326    13.1424    314.132 0.0000e+00
     30.736     4.4507 185.017905     2.1783 1.0000e-12     0.1902    95.3567 2.4054e-01 1.9691e+00  0.3843293     31.342    13.1342    314.103 0.0000e+00
     30.753     4.4495 185.089562     2.1783 1.0000e-12     0.1891    95.3828 2.4420e-01 1.9691e+00  0.3843293     31.359    13.1359    314.238 0.0000e+00
     30.770     4.4486 185.017907     2.1770 1.0000e-12     0.1847    95.4874 2.4542e-01 1.9691e+00  0.3843293     31.377    13.1251    314.126 0.0000e+00
     30.786     4.4480 185.029850     2.1770 1.0000e-12     0.1814    95.5658 2.4542e-01 1.9691e+00  0.3843293     31.393    13.1248    314.152 0.0000e+00
     30.804     4.4477 185.053735     2.1770 1.0000e-12     0.1781    95.6442 2.4298e-01 1.9691e+00  0.3843293     31.411    13.1250    314.196 0.0000e+00
     30.822     4.4472 185.065680     2.1770 1.0000e-12     0.1770    95.6703 2.4054e-01 1.9691e+00  0.3843293     31.430    13.1242    314.222 0.0000e+00
     30.839     4.4472 185.053737     2.1770 1.0000e-12     0.1781    95.6442 2.3565e-01 1.9691e+00  0.3843293     31.447    13.1268    314.201 0.0000e+00
     30.855     4.4469 185.053737     2.1770 1.0000e-12     0.1770    95.6703 2.3077e-01 1.9691e+00  0.3847451     31.463    13.1285    314.205 0.0000e+00
     30.872     4.4466 185.053738     2.1770 1.0000e-12     0.1781    95.6442 2.2955e-01 1.9691e+00  0.3843293     31.481    13.1292    314.208 0.0000e+00
     30.888     4.4465 184.982083     2.1770 1.0000e-12     0.1781    95.6442 2.4664e-01 1.9691e+00  0.3843293     31.497    13.1303    314.087 0.0000e+00
     30.905     4.4471 185.077623     2.1758 1.0000e-12     0.1781    95.6442 2.6007e-01 1.9691e+00  0.3843293     31.514    13.1208    314.243 0.0000e+00
     30.922     4.4474 185.065681     2.1758 1.0000e-12     0.1781    95.6442 2.5519e-01 1.9691e+00  0.3847451     31.532    13.1212    314.220 0.0000e+00
     30.939     4.4484 185.053737     2.1758 1.0000e-12     0.1781    95.6442 2.4786e-01 1.9691e+00  0.3851608     31.549    13.1204    314.189 0.0000e+00
     30.957     4.4487 185.005969     2.1746 1.0000e-12     0.1781    95.6442 2.3932e-01 1.9691e+00  0.3851608     31.567    13.1111    314.104 0.0000e+00
     30.974     4.4487 185.065681     2.1758 1.0000e-12     0.1781    95.6442 2.3687e-01 1.9691e+00  0.3851608     31.585    13.1210    314.206 0.0000e+00
     30.989     4.4475 185.029854     2.1758 1.0000e-12     0.1792    95.6181 2.3199e-01 1.9691e+00  0.3851608     31.600    13.1211    314.158 0.0000e+00
     31.006     4.4465 185.053740     2.1746 1.0000e-12     0.1781    95.6442 2.2711e-01 1.9691e+00  0.3851608     31.617    13.1124    314.209 0.0000e+00
     31.024     4.4455 185.029856     2.1746 1.0000e-12     0.1792    95.6181 2.2466e-01 1.9691e+00  0.3847451     31.636    13.1149    314.179 0.0000e+00
     31.042     4.4452 184.994030     2.1734 1.0000e-12     0.1781    95.6442 2.2466e-01 1.9691e+00  0.3851608     31.654    13.1069    314.121 0.0000e+00
     31.061     4.4460 185.017914     2.1746 1.0000e-12     0.1792    95.6181 2.2344e-01 1.9691e+00  0.3851608     31.673    13.1148    314.153 0.0000e+00
     31.079     4.4467 185.041798     2.1746 1.0000e-12     0.1781    95.6442 2.2100e-01 1.9691e+00  0.3851608     31.692    13.1153    314.186 0.0000e+00
     31.097     4.4474 185.065684     2.1746 1.0000e-12     0.1781    95.6442 2.1978e-01 1.9691e+00  0.3851608     31.710    13.1149    314.220 0.0000e+00
     31.115     4.4469 185.029857     2.1734 1.0000e-12     0.1792    95.6181 2.1856e-01 1.9691e+00  0.3847451     31.728    13.1077    314.164 0.0000e+00
     31.133     4.4459 184.970145     2.1734 1.0000e-12     0.1781    95.6442 2.2222e-01 1.9691e+00  0.3851608     31.747    13.1091    314.073 0.0000e+00
     31.152     4.4453 185.053744     2.1722 1.0000e-12     0.1781    95.6442 2.2222e-01 1.9691e+00  0.3851608     31.766    13.1016    314.222 0.0000e+00
     31.170     4.4449 185.017917     2.1734 1.0000e-12     0.1781    95.6442 2.2100e-01 1.9691e+00  0.3851608     31.785    13.1102    314.165 0.0000e+00
     31.187     4.4435 185.053745     2.1722 1.0000e-12     0.1792    95.6181 2.2100e-01 1.9691e+00  0.3851608     31.802    13.1012    314.241 0.0000e+00
     31.205     4.4412 185.005976     2.1722 1.0000e-12     0.1781    95.6442 2.3199e-01 1.9691e+00  0.3851608     31.820    13.1008    314.184 0.0000e+00
     31.225     4.4395 185.029864     2.1722 1.0000e-12     0.1792    95.6181 2.2955e-01 1.9691e+00  0.3851608     31.841    13.1006    314.243 0.0000e+00
     31.245     4.4374 184.958210     2.1709 1.0000e-12     0.1781    95.6442 2.2466e-01 1.9691e+00  0.3851608     31.861    13.0910    314.144 0.0000e+00
     31.265     4.4357 184.934328     2.1734 1.0000e-12     0.1781    95.6442 2.2833e-01 1.9691e+00  0.3851608     31.881    13.1112    314.121 0.0000e+00
     31.283     4.4349 184.934328     2.1722 1.0000e-12     0.1792    95.6181 2.2711e-01 1.9691e+00  0.3851608     31.900    13.1028    314.130 0.0000e+00
     31.302     4.4343 184.946271     2.1722 1.0000e-12     0.1770    95.6703 2.2589e-01 1.9691e+00  0.3851608     31.919    13.1027    314.157 0.0000e+00
     31.321     4.4336 184.958214     2.1722 1.0000e-12     0.1727    95.7749 2.2589e-01 1.9691e+00  0.3851608     31.939    13.1032    314.184 0.0000e+00
     31.341     4.4327 184.982100     2.1709 1.0000e-12     0.1716    95.8010 2.2589e-01 1.9691e+00  0.3851608     31.959    13.0941    314.235 0.0000e+00
     31.363     4.4311 184.946274     2.1709 1.0000e-12     0.1705    95.8272 2.2466e-01 1.9691e+00  0.3851608     31.981    13.0946    314.191 0.0000e+00
     31.384     4.4297 184.946275     2.1709 1.0000e-12     0.1716    95.8010 2.2100e-01 1.9691e+00  0.3851608     32.003    13.0954    314.206 0.0000e+00
     31.404     4.4282 184.958219     2.1709 1.0000e-12     0.1716    95.8010 2.1734e-01 1.9691e+00  0.3851608     32.023    13.0952    314.242 0.0000e+00
     31.425     4.4260 184.850740     2.1709 1.0000e-12     0.1716    95.8010 2.1612e-01 1.9691e+00  0.3859924     32.045    13.0943    314.083 0.0000e+00
     31.447     4.4219 184.850743     2.1697 1.0000e-12     0.1727    95.7749 2.1734e-01 1.9691e+00  0.3868239     32.067    13.0868    314.127 0.0000e+00
     31.470     4.4162 184.826863     2.1697 1.0000e-12     0.1727    95.7749 2.1612e-01 1.9691e+00  0.3868239     32.090    13.0913    314.147 0.0000e+00
     31.492     4.4107 184.779097     2.1709 1.0000e-12     0.1716    95.8010 2.1978e-01 1.9691e+00  0.3868239     32.113    13.1025    314.125 0.0000e+00
     31.515     4.4060 184.814927     2.1697 1.0000e-12     0.1716    95.8010 2.2344e-01 1.9691e+00  0.3868239     32.136    13.0952    314.236 0.0000e+00
     31.537     4.4024 184.767162     2.1685 1.0000e-12     0.1716    95.8010 2.1978e-01 1.9691e+00  0.3868239     32.159    13.0851    314.193 0.0000e+00
     31.559     4.3994 184.755221     2.1697 1.0000e-12     0.1716    95.8010 2.1734e-01 1.9691e+00  0.3868239     32.181    13.0954    314.205 0.0000e+00
     31.582     4.3960 184.719398     2.1685 1.0000e-12     0.1727    95.7749 2.1856e-01 1.9691e+00  0.3868239     32.205    13.0877    314.180 0.0000e+00
     31.606     4.3926 184.719401     2.1685 1.0000e-12     0.1705    95.8272 2.1734e-01 1.9691e+00  0.3868239     32.229    13.0899    314.216 0.0000e+00
     31.629     4.3881 184.743286     2.1685 1.0000e-12     0.1716    95.8010 2.1368e-01 1.9691e+00  0.3868239     32.253    13.0902    314.305 0.0000e+00
     31.654     4.3848 184.683581     2.1685 1.0000e-12     0.1716    95.8010 2.0879e-01 1.9691e+00  0.3868239     32.278    13.0919    314.239 0.0000e+00
     31.678     4.3811 184.635815     2.1673 1.0000e-12     0.1716    95.8010 2.0513e-01 1.9691e+00  0.3868239     32.303    13.0821    314.197 0.0000e+00
     31.702     4.3772 184.599991     2.1673 1.0000e-12     0.1727    95.7749 2.0269e-01 0.0000e+00  0.3868239     32.327    13.0837    314.178 0.0000e+00
     31.727     4.3733 184.623879     2.1673 1.0000e-12     0.1727    95.7749 2.0269e-01 0.0000e+00  0.3868239     32.353    13.0843    314.260 0.0000e+00
     31.753     4.3701 184.635823     2.1673 1.0000e-12     0.1727    95.7749 2.0269e-01 0.0000e+00  0.3868239     32.379    13.0851    314.315 0.0000e+00
     31.778     4.3662 184.635826     2.1673 1.0000e-12     0.1738    95.7488 2.0269e-01 1.9691e+00  0.3868239     32.405    13.0867    314.357 0.0000e+00
     31.802     4.3609 184.564178     2.1673 1.0000e-12     0.1749    95.7226 2.0269e-01 1.9691e+00  0.3868239     32.429    13.0876    314.291 0.0000e+00
     31.826     4.3528 184.492533     2.1673 1.0000e-12     0.1738    95.7488 2.0513e-01 1.9691e+00  0.3868239     32.453    13.0903    314.256 0.0000e+00
     31.851     4.3417 184.432832     2.1661 1.0000e-12     0.1727    95.7749 2.0513e-01 1.9691e+00  0.3868239     32.479    13.0854    314.273 0.0000e+00
     31.876     4.3334 184.420895     2.1661 1.0000e-12     0.1738    95.7488 2.0513e-01 1.9691e+00  0.3868239     32.504    13.0893    314.342 0.0000e+00
     31.900     4.3274 184.349251     2.1661 1.0000e-12     0.1738    95.7488 2.0757e-01 1.9691e+00  0.3868239     32.529    13.0915    314.284 0.0000e+00
     31.925     4.3207 184.301488     2.1661 1.0000e-12     0.1738    95.7488 2.1001e-01 1.9691e+00  0.3868239     32.554    13.0930    314.275 0.0000e+00
     31.952     4.3130 184.301494     2.1661 1.0000e-12     0.1738    95.7488 2.1123e-01 1.9691e+00  0.3868239     32.582    13.0953    314.357 0.0000e+00
     31.979     4.3067 184.253733     2.1648 1.0000e-12     0.1749    95.7226 2.0757e-01 1.9691e+00  0.3868239     32.609    13.0875    314.343 0.0000e+00
     32.005     4.3050 184.277617     2.1648 1.0000e-12     0.1749    95.7226 2.0269e-01 1.9691e+00  0.3868239     32.636    13.0887    314.402 0.0000e+00
     32.030     4.3051 184.325382     2.1648 1.0000e-12     0.1738    95.7488 2.0024e-01 1.9691e+00  0.3868239     32.662    13.0897    314.483 0.0000e+00
     32.057     4.3054 184.241794     2.1661 1.0000e-12     0.1738    95.7488 2.0391e-01 1.9691e+00  0.3868239     32.689    13.0998    314.337 0.0000e+00
     32.083     4.3029 184.205971     2.1648 1.0000e-12     0.1738    95.7488 2.0513e-01 1.9691e+00  0.3868239     32.716    13.0897    314.302 0.0000e+00
     32.110     4.3002 184.229857     2.1648 1.0000e-12     0.1738    95.7488 2.0391e-01 1.9691e+00  0.3868239     32.743    13.0918    314.372 0.0000e+00
     32.138     4.2991 184.277622     2.1636 1.0000e-12     0.1727    95.7749 2.0147e-01 1.9691e+00  0.3868239     32.772    13.0831    314.466 0.0000e+00
     32.165     4.3000 184.277624     2.1636 1.0000e-12     0.1749    95.7226 1.9780e-01 1.9691e+00  0.3868239     32.799    13.0820    314.456 0.0000e+00
     32.191     4.3027 184.289563     2.1636 1.0000e-12     0.1738    95.7488 1.9536e-01 1.9691e+00  0.3868239     32.826    13.0822    314.447 0.0000e+00
     32.216     4.3043 184.277621     2.1636 1.0000e-12     0.1738    95.7488 1.9292e-01 1.9691e+00  0.3868239     32.851    13.0805    314.410 0.0000e+00
     32.240     4.3042 184.241797     2.1624 1.0000e-12     0.1738    95.7488 1.9292e-01 1.9691e+00  0.3868239     32.876    13.0706    314.350 0.0000e+00
     32.266     4.3026 184.265682     2.1636 1.0000e-12     0.1738    95.7488 1.9048e-01 1.9691e+00  0.3868239     32.902    13.0805    314.408 0.0000e+00
     32.292     4.3012 184.277625     2.1624 1.0000e-12     0.1705    95.8272 1.8803e-01 1.9691e+00  0.3868239     32.929    13.0721    314.443 0.0000e+00
     32.318     4.2995 184.241801     2.1624 1.0000e-12     0.1672    95.9056 1.8803e-01 1.9691e+00  0.3868239     32.955    13.0723    314.400 0.0000e+00
     32.344     4.2981 184.265686     2.1624 1.0000e-12     0.1672    95.9056 1.8803e-01 1.9691e+00  0.3868239     32.982    13.0715    314.456 0.0000e+00
     32.371     4.2960 184.205980     2.1624 1.0000e-12     0.1672    95.9056 1.8681e-01 1.9691e+00  0.3868239     33.009    13.0714    314.377 0.0000e+00
     32.398     4.2925 184.182101     2.1624 1.0000e-12     0.1672    95.9056 1.8681e-01 1.9691e+00  0.3868239     33.037    13.0725    314.373 0.0000e+00
