data/05_metadata_exports/SeabirdData/202305_SeabirdData/83212_stn715.cnv
* Sea-Bird SBE 9 Data File:
* FileName = C:\Users\rosette\Rosette Data\2023\Ontario CSMI\stn715.hex
* Software Version Seasave V 7.26.6.26
* Temperature SN = 5270
* Conductivity SN = 1168
* Number of Bytes Per Scan = 40
* Number of Voltage Words = 5
* Number of Scans Averaged by the Deck Unit = 1
* NMEA Latitude = 43 38.17 N
* NMEA Longitude = 076 58.08 W
* NMEA UTC (Time) = Sep 30 2003  02:55:20
* NMEA baud rate = 4800
** Ship: Lake Guardian
** Cruise: Summer Survey 2022
** Station:  stn715
# nquan = 14                                
# nvalues = 19328                       
# units = specified
# name 0 = prDM: Pressure, Digiquartz [db]
# name 1 = t090C: Temperature [ITS-90, deg C]
# name 2 = c0uS/cm: Conductivity [uS/cm]
# name 3 = sbeox0V: Oxygen raw, SBE 43 [V]
# name 4 = par: PAR/Irradiance, Biospherical/Licor
# name 5 = bat: Beam Attenuation, Chelsea/Seatech [1/m]
# name 6 = xmiss: Beam Transmission, Chelsea/Seatech [%]
# name 7 = flSP: Fluorescence, Seapoint
# name 8 = spar: SPAR, Biospherical/Licor
# name 9 = upoly0: Upoly 0, Suna Nitrate
# name 10 = depFM: Depth [fresh water, m], lat = 43.6362
# name 11 = sbeox0Mg/L: Oxygen, SBE 43 [mg/l], WS = 2
# name 12 = specc: Specific Conductance [uS/cm]
# name 13 = flag: flag
# span 0 =     -0.250,    147.096       
# span 1 =     3.8125,     8.9651       
# span 2 = -2.234e+03, 292.607931       
# span 3 =     2.0195,     2.5665       
# span 4 = 1.0000e-12, 3.4836e+00       
# span 5 =     0.0258,     3.9812       
# span 6 =    36.9612,    99.3560       
# span 7 = 3.5409e-02, 2.3871e+00       
# span 8 = 0.0000e+00, 1.9691e+00       
# span 9 =  0.0741704,  0.4071962       
# span 10 =     -0.255,    149.996      
# span 11 =    11.5273,    14.7566      
# span 12 =  -3289.624,    431.119      
# span 13 = 0.0000e+00, 0.0000e+00      
# interval = seconds: 0.0416667
# start_time = Sep 30 2003 02:55:20 [NMEA time, header]
# bad_flag = -9.990e-29
*END*
[from data line 2891]
      2.573     7.7942 203.521820     2.2759 1.0000e-12     1.0410    77.0852 1.8694e+00 1.9691e+00  0.3032556      2.624    12.4740    310.284 -9.990e-29
      2.577     7.7944 203.509852     2.2759 1.0000e-12     1.0397    77.1113 1.8535e+00 1.9691e+00  0.3032556      2.628    12.5005    310.264 -9.990e-29
      2.580     7.7942 203.509851     2.2735 1.0000e-12     1.0383    77.1375 1.8193e+00 1.9691e+00  0.3036714      2.631    12.5118    310.266 -9.990e-29
      2.585     7.7945 203.509852     2.2723 1.0000e-12     1.0397    77.1113 1.8327e+00 1.9691e+00  0.3032556      2.636    12.5330    310.263 -9.990e-29
      2.590     7.7947 203.450013     2.2723 1.0000e-12     1.0397    77.1113 1.8315e+00 1.9691e+00  0.3032556      2.641    12.5638    310.170 -9.990e-29
      2.593     7.7945 203.485916     2.2711 1.0000e-12     1.0397    77.1113 1.8339e+00 1.9691e+00  0.3032556      2.644    12.5898    310.226 -9.990e-29
      2.598     7.7944 203.473948     2.2711 1.0000e-12     1.0397    77.1113 1.8535e+00 1.9691e+00  0.3036714      2.649    12.6262    310.209 -9.990e-29
      2.605     7.7947 203.473950     2.2698 1.0000e-12     1.0410    77.0852 1.8742e+00 1.9691e+00  0.3036714      2.656    12.6542    310.206 -9.990e-29
      2.611     7.7945 203.497884     2.2686 1.0000e-12     1.0397    77.1113 1.8694e+00 1.9691e+00  0.3036714      2.662    12.6839    310.245 -9.990e-29
      2.618     7.7945 203.509852     2.2686 1.0000e-12     1.0383    77.1375 1.8571e+00 1.9691e+00  0.3036714      2.670    12.7246    310.263 -9.990e-29
      2.625     7.7947 203.509853     2.2686 1.0000e-12     1.0410    77.0852 1.8779e+00 1.9691e+00  0.3032556      2.677    12.7668    310.261 -9.990e-29
      2.632     7.7947 203.509852     2.2686 1.0000e-12     1.0410    77.0852 1.8828e+00 1.9691e+00  0.3036714      2.684    12.8104    310.261 -9.990e-29
      2.639     7.7947 203.521821     2.2686 1.0000e-12     1.0397    77.1113 1.8803e+00 1.9691e+00  0.3036714      2.691    12.8563    310.279 -9.990e-29
      2.647     7.7949 203.485917     2.2686 1.0000e-12     1.0397    77.1113 1.8742e+00 1.9691e+00  0.3036714      2.699    12.9009    310.222 -9.990e-29
      2.654     7.7945 203.545757     2.2686 1.0000e-12     1.0424    77.0591 1.8474e+00 1.9691e+00  0.3036714      2.706    12.9465    310.318 -9.990e-29
      2.660     7.7947 203.533789     2.2711 1.0000e-12     1.0451    77.0068 1.8291e+00 1.9691e+00  0.3036714      2.712    13.0101    310.297 -9.990e-29
      2.667     7.7944 203.509854     2.2723 1.0000e-12     1.0451    77.0068 1.8254e+00 1.9691e+00  0.3036714      2.720    13.0664    310.264 -9.990e-29
      2.673     7.7947 203.521820     2.2723 1.0000e-12     1.0465    76.9806 1.8413e+00 1.9691e+00  0.3036714      2.726    13.1143    310.279 -9.990e-29
      2.680     7.7947 203.533790     2.2735 1.0000e-12     1.0465    76.9806 1.8364e+00 1.9691e+00  0.3036714      2.733    13.1697    310.297 -9.990e-29
      2.687     7.7945 203.485919     2.2759 1.0000e-12     1.0451    77.0068 1.8388e+00 1.9691e+00  0.3036714      2.740    13.2337    310.226 -9.990e-29
      2.693     7.7945 203.545758     2.2784 1.0000e-12     1.0465    76.9806 1.8510e+00 1.9691e+00  0.3036714      2.746    13.2969    310.318 -9.990e-29
      2.698     7.7947 203.521821     2.2808 1.0000e-12     1.0478    76.9545 1.8706e+00 1.9691e+00  0.3032556      2.751    13.3612    310.279 -9.990e-29
      2.704     7.7944 203.521822     2.2821 1.0000e-12     1.0478    76.9545 1.9011e+00 1.9691e+00  0.3036714      2.757    13.4151    310.282 -9.990e-29
      2.711     7.7945 203.509855     2.2845 1.0000e-12     1.0465    76.9806 1.9255e+00 1.9691e+00  0.3036714      2.764    13.4746    310.263 -9.990e-29
      2.716     7.7944 203.450017     2.2869 1.0000e-12     1.0492    76.9284 1.9768e+00 1.9691e+00  0.3036714      2.770    13.5322    310.172 -9.990e-29
      2.719     7.7940 203.509855     2.2894 1.0000e-12     1.0478    76.9545 2.0256e+00 1.9691e+00  0.3036714      2.773    13.5894    310.267 -9.990e-29
      2.722     7.7942 203.557726     2.2918 1.0000e-12     1.0478    76.9545 2.0488e+00 1.9691e+00  0.3036714      2.776    13.6456    310.339 -9.990e-29
      2.726     7.7944 203.521822     2.2943 1.0000e-12     1.0492    76.9284 2.0574e+00 1.9691e+00  0.3036714      2.780    13.6999    310.282 -9.990e-29
      2.731     7.7947 203.473952     2.2979 1.0000e-12     1.0505    76.9022 2.0427e+00 1.9691e+00  0.3028398      2.785    13.7592    310.206 -9.990e-29
      2.734     7.7945 203.497886     2.3004 1.0000e-12     1.0492    76.9284 2.0379e+00 1.9691e+00  0.3024241      2.788    13.8104    310.245 -9.990e-29
      2.737     7.7949 203.450017     2.3040 1.0000e-12     1.0478    76.9545 2.0574e+00 1.9691e+00  0.3024241      2.791    13.8660    310.168 -9.990e-29
      2.740     7.7949 203.485918     2.3065 1.0000e-12     1.0492    76.9284 2.0720e+00 1.9691e+00  0.3024241      2.794    13.9132    310.222 -9.990e-29
      2.742     7.7949 203.569695     2.3101 1.0000e-12     1.0492    76.9284 2.0794e+00 1.9691e+00  0.3024241      2.796    13.9658    310.350 -9.990e-29
      2.743     7.7949 203.521823     2.3138 1.0000e-12     1.0505    76.9022 2.0745e+00 1.9691e+00  0.3024241      2.797    14.0157    310.277 -9.990e-29
      2.744     7.7947 203.521822     2.3162 1.0000e-12     1.0478    76.9545 2.0379e+00 1.9691e+00  0.3024241      2.798    14.0551    310.279 -9.990e-29
      2.745     7.7949 203.533791     2.3199 1.0000e-12     1.0478    76.9545 1.9902e+00 1.9691e+00  0.3024241      2.799    14.1009    310.295 -9.990e-29
      2.746     7.7949 203.533791     2.3248 1.0000e-12     1.0451    77.0068 1.9548e+00 1.9691e+00  0.3024241      2.800    14.1536    310.295 -9.990e-29
      2.745     7.7947 203.533790     2.3272 1.0000e-12     1.0451    77.0068 1.9219e+00 1.9691e+00  0.3024241      2.799    14.1860    310.297 -9.990e-29
      2.744     7.7949 203.533791     2.3297 1.0000e-12     1.0451    77.0068 1.9072e+00 1.9691e+00  0.3024241      2.798    14.2160    310.295 -9.990e-29
      2.743     7.7949 203.485918     2.3333 1.0000e-12     1.0451    77.0068 1.8803e+00 1.9691e+00  0.3024241      2.797    14.2509    310.222 -9.990e-29
      2.743     7.7949 203.497887     2.3382 1.0000e-12     1.0451    77.0068 1.8596e+00 1.9691e+00  0.3024241      2.797    14.2941    310.241 -9.990e-29
      2.741     7.7950 203.545759     2.3419 1.0000e-12     1.0451    77.0068 1.8474e+00 1.9691e+00  0.3028398      2.795    14.3279    310.313 -9.990e-29
      2.739     7.7950 203.521822     2.3443 1.0000e-12     1.0437    77.0329 1.8254e+00 1.9691e+00  0.3028398      2.793    14.3494    310.276 -9.990e-29
      2.737     7.7950 203.509855     2.3480 1.0000e-12     1.0451    77.0068 1.8107e+00 1.9691e+00  0.3024241      2.791    14.3779    310.258 -9.990e-29
      2.734     7.7950 203.545758     2.3504 1.0000e-12     1.0437    77.0329 1.8083e+00 1.9691e+00  0.3024241      2.788    14.3961    310.313 -9.990e-29
      2.732     7.7949 203.569693     2.3565 1.0000e-12     1.0451    77.0068 1.8193e+00 1.9691e+00  0.3024241      2.786    14.4395    310.350 -9.990e-29
      2.729     7.7950 203.497887     2.3590 1.0000e-12     1.0451    77.0068 1.8242e+00 1.9691e+00  0.3024241      2.783    14.4574    310.240 -9.990e-29
      2.726     7.7949 203.497886     2.3614 1.0000e-12     1.0437    77.0329 1.8352e+00 1.9691e+00  0.3024241      2.780    14.4725    310.241 -9.990e-29
      2.722     7.7949 203.473952     2.3639 1.0000e-12     1.0451    77.0068 1.8571e+00 1.9691e+00  0.3028398      2.776    14.4871    310.204 -9.990e-29
      2.718     7.7952 203.557724     2.3675 1.0000e-12     1.0465    76.9806 1.8523e+00 1.9691e+00  0.3028398      2.772    14.5071    310.329 -9.990e-29
      2.714     7.7952 203.545759     2.3712 1.0000e-12     1.0451    77.0068 1.8645e+00 1.9691e+00  0.3028398      2.768    14.5268    310.311 -9.990e-29
      2.709     7.7951 203.569693     2.3748 1.0000e-12     1.0451    77.0068 1.8413e+00 1.9691e+00  0.3028398      2.762    14.5448    310.348 -9.990e-29
      2.702     7.7952 203.545757     2.3773 1.0000e-12     1.0451    77.0068 1.8193e+00 1.9691e+00  0.3024241      2.755    14.5538    310.311 -9.990e-29
      2.696     7.7955 203.557724     2.3810 1.0000e-12     1.0437    77.0329 1.8291e+00 1.9691e+00  0.3028398      2.749    14.5713    310.326 -9.990e-29
      2.691     7.7955 203.521821     2.3834 1.0000e-12     1.0437    77.0329 1.8327e+00 1.9691e+00  0.3032556      2.744    14.5787    310.272 -9.990e-29
      2.686     7.7955 203.509854     2.3871 1.0000e-12     1.0451    77.0068 1.8376e+00 1.9691e+00  0.3036714      2.739    14.5942    310.253 -9.990e-29
      2.681     7.7953 203.521821     2.3907 1.0000e-12     1.0437    77.0329 1.8400e+00 1.9691e+00  0.3036714      2.734    14.6093    310.273 -9.990e-29
      2.675     7.7952 203.509854     2.3932 1.0000e-12     1.0437    77.0329 1.8523e+00 1.9691e+00  0.3036714      2.728    14.6155    310.256 -9.990e-29
      2.668     7.7949 203.521821     2.3968 1.0000e-12     1.0451    77.0068 1.8620e+00 1.9691e+00  0.3036714      2.721    14.6287    310.277 -9.990e-29
      2.661     7.7949 203.533789     2.3993 1.0000e-12     1.0437    77.0329 1.8596e+00 1.9691e+00  0.3032556      2.713    14.6333    310.295 -9.990e-29
      2.655     7.7947 203.509853     2.4029 1.0000e-12     1.0437    77.0329 1.8462e+00 1.9691e+00  0.3036714      2.707    14.6460    310.261 -9.990e-29
      2.649     7.7947 203.545757     2.4054 1.0000e-12     1.0437    77.0329 1.8364e+00 1.9691e+00  0.3053344      2.701    14.6513    310.316 -9.990e-29
      2.642     7.7947 203.533789     2.4078 1.0000e-12     1.0437    77.0329 1.8498e+00 1.9691e+00  0.3049186      2.694    14.6552    310.297 -9.990e-29
      2.635     7.7949 203.485917     2.4103 1.0000e-12     1.0437    77.0329 1.8742e+00 1.9691e+00  0.3049186      2.687    14.6581    310.222 -9.990e-29
      2.627     7.7950 203.473949     2.4127 1.0000e-12     1.0451    77.0068 1.8791e+00 1.9691e+00  0.3049186      2.679    14.6607    310.203 -9.990e-29
      2.620     7.7950 203.545755     2.4164 1.0000e-12     1.0451    77.0068 1.8791e+00 1.9691e+00  0.3053344      2.672    14.6733    310.313 -9.990e-29
      2.614     7.7952 203.497885     2.4188 1.0000e-12     1.0451    77.0068 1.8742e+00 1.9691e+00  0.3049186      2.666    14.6763    310.238 -9.990e-29
      2.607     7.7950 203.545755     2.4212 1.0000e-12     1.0451    77.0068 1.8767e+00 1.9691e+00  0.3049186      2.658    14.6801    310.313 -9.990e-29
      2.602     7.7955 203.569690     2.4237 1.0000e-12     1.0451    77.0068 1.9231e+00 1.9691e+00  0.3053344      2.653    14.6841    310.345 -9.990e-29
      2.598     7.7953 203.569692     2.4261 1.0000e-12     1.0451    77.0068 1.9475e+00 1.9691e+00  0.3053344      2.649    14.6863    310.346 -9.990e-29
      2.593     7.7955 203.521820     2.4298 1.0000e-12     1.0451    77.0068 1.9328e+00 1.9691e+00  0.3053344      2.644    14.6996    310.272 -9.990e-29
      2.587     7.7955 203.450011     2.4322 1.0000e-12     1.0465    76.9806 1.9438e+00 1.9691e+00  0.3053344      2.638    14.7027    310.162 -9.990e-29
      2.583     7.7952 203.461980     2.4347 1.0000e-12     1.0451    77.0068 1.9988e+00 1.9691e+00  0.3049186      2.634    14.7066    310.183 -9.990e-29
      2.580     7.7952 203.497884     2.4359 1.0000e-12     1.0465    76.9806 2.0769e+00 1.9691e+00  0.3053344      2.631    14.7002    310.238 -9.990e-29
      2.577     7.7953 203.521818     2.4383 1.0000e-12     1.0478    76.9545 2.1160e+00 1.9691e+00  0.3049186      2.628    14.7022    310.273 -9.990e-29
      2.575     7.7958 203.533787     2.4408 1.0000e-12     1.0478    76.9545 2.1197e+00 1.9691e+00  0.3049186      2.626    14.7039    310.287 -9.990e-29
      2.573     7.7955 203.533787     2.4432 1.0000e-12     1.0465    76.9806 2.1282e+00 1.9691e+00  0.3049186      2.624    14.7066    310.290 -9.990e-29
      2.571     7.7958 203.557722     2.4457 1.0000e-12     1.0465    76.9806 2.0794e+00 1.9691e+00  0.3040871      2.622    14.7101    310.323 -9.990e-29
      2.569     7.7957 203.521818     2.4481 1.0000e-12     1.0451    77.0068 2.0281e+00 1.9691e+00  0.3053344      2.620    14.7134    310.270 -9.990e-29
      2.570     7.7960 203.509851     2.4493 1.0000e-12     1.0451    77.0068 1.9915e+00 1.9691e+00  0.3036714      2.621    14.7074    310.249 -9.990e-29
      2.569     7.7958 203.521819     2.4530 1.0000e-12     1.0451    77.0068 1.9658e+00 1.9691e+00  0.3045029      2.620    14.7198    310.269 -9.990e-29
      2.569     7.7955 203.533786     2.4542 1.0000e-12     1.0451    77.0068 1.9219e+00 1.9691e+00  0.3049186      2.620    14.7152    310.290 -9.990e-29
      2.568     7.7958 203.497883     2.4554 1.0000e-12     1.0437    77.0329 1.8755e+00 1.9691e+00  0.3045029      2.619    14.7099    310.232 -9.990e-29
      2.568     7.7957 203.557722     2.4579 1.0000e-12     1.0437    77.0329 1.8400e+00 1.9691e+00  0.3045029      2.619    14.7146    310.324 -9.990e-29
      2.570     7.7953 203.497883     2.4603 1.0000e-12     1.0424    77.0591 1.8120e+00 1.9691e+00  0.3045029      2.621    14.7173    310.237 -9.990e-29
      2.572     7.7953 203.509851     2.4615 1.0000e-12     1.0410    77.0852 1.7961e+00 1.9691e+00  0.3045029      2.623    14.7134    310.255 -9.990e-29
      2.574     7.7957 203.557723     2.4640 1.0000e-12     1.0424    77.0591 1.7912e+00 1.9691e+00  0.3045029      2.625    14.7184    310.324 -9.990e-29
      2.577     7.7953 203.569690     2.4652 1.0000e-12     1.0424    77.0591 1.7839e+00 1.9691e+00  0.3045029      2.628    14.7143    310.346 -9.990e-29
      2.580     7.7957 203.521819     2.4676 1.0000e-12     1.0424    77.0591 1.7668e+00 1.9691e+00  0.3045029      2.631    14.7195    310.270 -9.990e-29
      2.583     7.7955 203.569691     2.4689 1.0000e-12     1.0397    77.1113 1.7473e+00 1.9691e+00  0.3045029      2.634    14.7160    310.345 -9.990e-29
      2.587     7.7957 203.569690     2.4701 1.0000e-12     1.0424    77.0591 1.7473e+00 0.0000e+00  0.3045029      2.638    14.7127    310.343 -9.990e-29
      2.592     7.7955 203.533787     2.4737 1.0000e-12     1.0410    77.0852 1.7656e+00 1.9691e+00  0.3045029      2.643    14.7255    310.290 -9.990e-29
      2.599     7.7958 203.509851     2.4750 1.0000e-12     1.0424    77.0591 1.7631e+00 1.9691e+00  0.3045029      2.650    14.7220    310.250 -9.990e-29
      2.606     7.7955 203.473948     2.4762 1.0000e-12     1.0410    77.0852 1.7705e+00 1.9691e+00  0.3045029      2.657    14.7183    310.199 -9.990e-29
      2.613     7.7957 203.497885     2.4774 1.0000e-12     1.0410    77.0852 1.7729e+00 1.9691e+00  0.3045029      2.665    14.7146    310.233 -9.990e-29
      2.618     7.7957 203.509852     2.4786 1.0000e-12     1.0424    77.0591 1.7851e+00 1.9691e+00  0.3045029      2.670    14.7113    310.251 -9.990e-29
      2.622     7.7960 203.545755     2.4811 1.0000e-12     1.0451    77.0068 1.7790e+00 1.9691e+00  0.3045029      2.674    14.7176    310.303 -9.990e-29
      2.626     7.7958 203.521819     2.4823 1.0000e-12     1.0451    77.0068 1.7973e+00 1.9691e+00  0.3045029      2.678    14.7166    310.269 -9.990e-29
      2.632     7.7957 203.473949     2.4835 1.0000e-12     1.0437    77.0329 1.8303e+00 1.9691e+00  0.3045029      2.684    14.7149    310.197 -9.990e-29
      2.638     7.7958 203.497883     2.4835 1.0000e-12     1.0451    77.0068 1.8510e+00 1.9691e+00  0.3045029      2.690    14.7040    310.232 -9.990e-29
      2.644     7.7957 203.533789     2.4860 1.0000e-12     1.0437    77.0329 1.8730e+00 1.9691e+00  0.3045029      2.696    14.7103    310.288 -9.990e-29
      2.651     7.7957 203.533787     2.4884 1.0000e-12     1.0465    76.9806 1.9121e+00 1.9691e+00  0.3045029      2.703    14.7165    310.288 -9.990e-29
