data/05_metadata_exports/SeabirdData/202305_SeabirdData/83212_stn715.cnv
* Sea-Bird SBE 9 Data File:
* FileName = C:\Users\rosette\Rosette Data\2023\Ontario CSMI\stn715.hex
* Software Version Seasave V 7.26.6.26
* Temperature SN = 5270
* Conductivity SN = 1168
* Number of Bytes Per Scan = 40
* Number of Voltage Words = 5
* Number of Scans Averaged by the Deck Unit = 1
* NMEA Latitude = 43 38.17 N
* NMEA Longitude = 076 58.08 W
* NMEA UTC (Time) = Sep 30 2003  02:55:20
* NMEA baud rate = 4800
** Ship: Lake Guardian
** Cruise: Summer Survey 2022
** Station:  stn715
# nquan = 14                                
# nvalues = 19328                       
# units = specified
# name 0 = prDM: Pressure, Digiquartz [db]
# name 1 = t090C: Temperature [ITS-90, deg C]
# name 2 = c0uS/cm: Conductivity [uS/cm]
# name 3 = sbeox0V: Oxygen raw, SBE 43 [V]
# name 4 = par: PAR/Irradiance, Biospherical/Licor
# name 5 = bat: Beam Attenuation, Chelsea/Seatech [1/m]
# name 6 = xmiss: Beam Transmission, Chelsea/Seatech [%]
# name 7 = flSP: Fluorescence, Seapoint
# name 8 = spar: SPAR, Biospherical/Licor
# name 9 = upoly0: Upoly 0, Suna Nitrate
# name 10 = depFM: Depth [fresh water, m], lat = 43.6362
# name 11 = sbeox0Mg/L: Oxygen, SBE 43 [mg/l], WS = 2
# name 12 = specc: Specific Conductance [uS/cm]
# name 13 = flag: flag
# span 0 =     -0.250,    147.096       
# span 1 =     3.8125,     8.9651       
# span 2 = -2.234e+03, 292.607931       
# span 3 =     2.0195,     2.5665       
# span 4 = 1.0000e-12, 3.4836e+00       
# span 5 =     0.0258,     3.9812       
# span 6 =    36.9612,    99.3560       
# span 7 = 3.5409e-02, 2.3871e+00       
# span 8 = 0.0000e+00, 1.9691e+00       
# span 9 =  0.0741704,  0.4071962       
# span 10 =     -0.255,    149.996      
# span 11 =    11.5273,    14.7566      
# span 12 =  -3289.624,    431.119      
# span 13 = 0.0000e+00, 0.0000e+00      
# interval = seconds: 0.0416667
# start_time = Sep 30 2003 02:55:20 [NMEA time, header]
# bad_flag = -9.990e-29
*END*
[from data line 14452]
     95.776     3.8913 182.332746     2.0733 1.0000e-12     0.1152    97.1603 5.2503e-02 1.9691e+00  0.4038701     97.664    12.7350    315.539 0.0000e+00
     95.756     3.8913 182.344685     2.0733 1.0000e-12     0.1163    97.1342 5.1282e-02 0.0000e+00  0.4038701     97.644    12.7326    315.560 0.0000e+00
     95.734     3.8911 182.308867     2.0733 1.0000e-12     0.1163    97.1342 5.1282e-02 0.0000e+00  0.4038701     97.621    12.7303    315.500 0.0000e+00
     95.713     3.8911 182.332745     2.0720 1.0000e-12     0.1163    97.1342 5.1282e-02 0.0000e+00  0.4038701     97.600    12.7176    315.542 0.0000e+00
     95.692     3.8913 182.308866     2.0733 1.0000e-12     0.1152    97.1603 5.1282e-02 1.9691e+00  0.4038701     97.579    12.7288    315.498 0.0000e+00
     95.673     3.8908 182.296928     2.0733 1.0000e-12     0.1152    97.1603 5.0061e-02 0.0000e+00  0.4038701     97.559    12.7299    315.483 0.0000e+00
     95.654     3.8911 182.368560     2.0733 1.0000e-12     0.1152    97.1603 5.0061e-02 0.0000e+00  0.4038701     97.540    12.7307    315.604 0.0000e+00
     95.634     3.8912 182.356621     2.0733 1.0000e-12     0.1152    97.1603 5.0061e-02 0.0000e+00  0.4038701     97.520    12.7299    315.582 0.0000e+00
     95.613     3.8911 182.320804     2.0733 1.0000e-12     0.1152    97.1603 5.1282e-02 1.9691e+00  0.4038701     97.498    12.7294    315.521 0.0000e+00
     95.592     3.8911 182.356620     2.0720 1.0000e-12     0.1152    97.1603 5.0061e-02 1.9691e+00  0.4038701     97.477    12.7168    315.583 0.0000e+00
     95.571     3.8913 182.380497     2.0733 1.0000e-12     0.1163    97.1342 4.7619e-02 0.0000e+00  0.4038701     97.455    12.7281    315.622 0.0000e+00
     95.550     3.8911 182.356619     2.0720 1.0000e-12     0.1163    97.1342 4.6398e-02 0.0000e+00  0.4038701     97.434    12.7173    315.583 0.0000e+00
     95.528     3.8911 182.320803     2.0720 1.0000e-12     0.1152    97.1603 4.5177e-02 0.0000e+00  0.4034544     97.411    12.7184    315.521 0.0000e+00
     95.508     3.8913 182.320802     2.0733 1.0000e-12     0.1142    97.1864 4.5177e-02 1.9691e+00  0.4034544     97.391    12.7281    315.519 0.0000e+00
     95.488     3.8911 182.380496     2.0720 1.0000e-12     0.1142    97.1864 4.7619e-02 1.9691e+00  0.4034544     97.371    12.7174    315.624 0.0000e+00
     95.468     3.8911 182.332741     2.0720 1.0000e-12     0.1131    97.2126 4.8840e-02 0.0000e+00  0.4034544     97.350    12.7171    315.542 0.0000e+00
     95.446     3.8911 182.344678     2.0733 1.0000e-12     0.1131    97.2126 4.7619e-02 0.0000e+00  0.4034544     97.328    12.7287    315.562 0.0000e+00
     95.425     3.8910 182.320801     2.0720 1.0000e-12     0.1142    97.1864 4.5177e-02 0.0000e+00  0.4034544     97.306    12.7181    315.522 0.0000e+00
     95.404     3.8910 182.308862     2.0733 1.0000e-12     0.1142    97.1864 4.5177e-02 0.0000e+00  0.4034544     97.285    12.7282    315.501 0.0000e+00
     95.382     3.8906 182.296923     2.0720 1.0000e-12     0.1152    97.1603 4.5177e-02 0.0000e+00  0.4034544     97.263    12.7179    315.485 0.0000e+00
     95.361     3.8908 182.332738     2.0720 1.0000e-12     0.1142    97.1864 4.5177e-02 1.9691e+00  0.4034544     97.241    12.7177    315.545 0.0000e+00
     95.339     3.8910 182.356616     2.0720 1.0000e-12     0.1131    97.2126 4.6398e-02 0.0000e+00  0.4034544     97.219    12.7176    315.584 0.0000e+00
     95.318     3.8910 182.356615     2.0733 1.0000e-12     0.1142    97.1864 4.6398e-02 1.9691e+00  0.4034544     97.197    12.7311    315.584 0.0000e+00
     95.295     3.8907 182.380493     2.0733 1.0000e-12     0.1142    97.1864 4.6398e-02 1.9691e+00  0.4034544     97.174    12.7329    315.629 0.0000e+00
     95.274     3.8910 182.356614     2.0720 1.0000e-12     0.1142    97.1864 4.6398e-02 1.9691e+00  0.4034544     97.152    12.7242    315.584 0.0000e+00
     95.252     3.8908 182.380493     2.0720 1.0000e-12     0.1131    97.2126 4.6398e-02 1.9691e+00  0.4034544     97.130    12.7244    315.627 0.0000e+00
     95.231     3.8906 182.332736     2.0720 1.0000e-12     0.1131    97.2126 4.6398e-02 0.0000e+00  0.4034544     97.109    12.7246    315.547 0.0000e+00
     95.209     3.8908 182.332736     2.0720 1.0000e-12     0.1142    97.1864 4.5177e-02 1.9691e+00  0.4034544     97.086    12.7248    315.545 0.0000e+00
     95.189     3.8906 182.320797     2.0733 1.0000e-12     0.1142    97.1864 4.5177e-02 1.9691e+00  0.4034544     97.066    12.7338    315.526 0.0000e+00
     95.168     3.8911 182.368552     2.0733 1.0000e-12     0.1142    97.1864 4.3956e-02 0.0000e+00  0.4034544     97.044    12.7355    315.604 0.0000e+00
     95.147     3.8908 182.404368     2.0733 1.0000e-12     0.1131    97.2126 4.3956e-02 1.9691e+00  0.4034544     97.023    12.7376    315.669 0.0000e+00
     95.127     3.8906 182.308857     2.0720 1.0000e-12     0.1152    97.1603 4.3956e-02 0.0000e+00  0.4034544     97.003    12.7276    315.506 0.0000e+00
     95.105     3.8905 182.356613     2.0720 1.0000e-12     0.1152    97.1603 4.3956e-02 1.9691e+00  0.4034544     96.980    12.7280    315.589 0.0000e+00
     95.083     3.8906 182.332734     2.0720 1.0000e-12     0.1152    97.1603 4.6398e-02 0.0000e+00  0.4034544     96.958    12.7269    315.547 0.0000e+00
     95.059     3.8908 182.296917     2.0733 1.0000e-12     0.1142    97.1864 4.6398e-02 1.9691e+00  0.4034544     96.933    12.7361    315.483 0.0000e+00
     95.037     3.8905 182.344672     2.0720 1.0000e-12     0.1142    97.1864 4.7619e-02 0.0000e+00  0.4034544     96.911    12.7264    315.569 0.0000e+00
     95.015     3.8906 182.356611     2.0733 1.0000e-12     0.1142    97.1864 4.8840e-02 1.9691e+00  0.4034544     96.888    12.7356    315.588 0.0000e+00
     94.993     3.8906 182.392427     2.0720 1.0000e-12     0.1152    97.1603 4.8840e-02 1.9691e+00  0.4030386     96.866    12.7243    315.650 0.0000e+00
     94.970     3.8905 182.392426     2.0720 1.0000e-12     0.1152    97.1603 4.6398e-02 1.9691e+00  0.4022071     96.842    12.7249    315.651 0.0000e+00
     94.948     3.8905 182.356610     2.0720 1.0000e-12     0.1131    97.2126 4.5177e-02 1.9691e+00  0.4017913     96.820    12.7239    315.589 0.0000e+00
     94.926     3.8907 182.320792     2.0733 1.0000e-12     0.1142    97.1864 4.6398e-02 0.0000e+00  0.4017913     96.798    12.7332    315.525 0.0000e+00
     94.905     3.8906 182.296915     2.0720 1.0000e-12     0.1142    97.1864 4.7619e-02 1.9691e+00  0.4017913     96.776    12.7236    315.485 0.0000e+00
     94.884     3.8910 182.368546     2.0720 1.0000e-12     0.1152    97.1603 4.8840e-02 0.0000e+00  0.4017913     96.755    12.7226    315.605 0.0000e+00
     94.864     3.8913 182.356608     2.0720 1.0000e-12     0.1152    97.1603 5.0061e-02 0.0000e+00  0.4017913     96.734    12.7232    315.581 0.0000e+00
     94.844     3.8916 182.356607     2.0720 1.0000e-12     0.1152    97.1603 4.8840e-02 1.9691e+00  0.4017913     96.714    12.7223    315.577 0.0000e+00
     94.823     3.8917 182.332729     2.0720 1.0000e-12     0.1152    97.1603 4.7619e-02 1.9691e+00  0.4017913     96.693    12.7214    315.535 0.0000e+00
     94.801     3.8924 182.368544     2.0733 1.0000e-12     0.1142    97.1864 4.6398e-02 1.9691e+00  0.4017913     96.670    12.7306    315.589 0.0000e+00
     94.779     3.8929 182.332727     2.0733 1.0000e-12     0.1142    97.1864 4.6398e-02 1.9691e+00  0.4017913     96.648    12.7312    315.522 0.0000e+00
     94.758     3.8932 182.332727     2.0733 1.0000e-12     0.1142    97.1864 4.8840e-02 1.9691e+00  0.4017913     96.626    12.7320    315.519 0.0000e+00
     94.736     3.8938 182.320786     2.0720 1.0000e-12     0.1142    97.1864 5.0061e-02 1.9691e+00  0.4017913     96.604    12.7208    315.491 0.0000e+00
     94.716     3.8941 182.368542     2.0720 1.0000e-12     0.1142    97.1864 5.0061e-02 0.0000e+00  0.4017913     96.583    12.7199    315.571 0.0000e+00
     94.694     3.8943 182.356603     2.0720 1.0000e-12     0.1152    97.1603 5.0061e-02 1.9691e+00  0.4017913     96.561    12.7177    315.548 0.0000e+00
     94.672     3.8943 182.356602     2.0720 1.0000e-12     0.1152    97.1603 5.0061e-02 1.9691e+00  0.4017913     96.539    12.7155    315.548 0.0000e+00
     94.650     3.8946 182.308846     2.0733 1.0000e-12     0.1142    97.1864 4.8840e-02 0.0000e+00  0.4017913     96.516    12.7268    315.462 0.0000e+00
     94.629     3.8944 182.332724     2.0733 1.0000e-12     0.1142    97.1864 4.7619e-02 1.9691e+00  0.4017913     96.495    12.7281    315.505 0.0000e+00
     94.610     3.8948 182.380479     2.0720 1.0000e-12     0.1142    97.1864 4.6398e-02 1.9691e+00  0.4017913     96.475    12.7188    315.584 0.0000e+00
     94.590     3.8946 182.392417     2.0720 1.0000e-12     0.1142    97.1864 4.6398e-02 1.9691e+00  0.4017913     96.455    12.7170    315.607 0.0000e+00
     94.569     3.8946 182.320784     2.0708 1.0000e-12     0.1142    97.1864 4.7619e-02 1.9691e+00  0.4017913     96.434    12.7057    315.483 0.0000e+00
     94.549     3.8949 182.344661     2.0720 1.0000e-12     0.1152    97.1603 4.8840e-02 0.0000e+00  0.4017913     96.413    12.7134    315.521 0.0000e+00
     94.529     3.8957 182.392415     2.0720 1.0000e-12     0.1142    97.1864 5.0061e-02 1.9691e+00  0.4017913     96.393    12.7131    315.595 0.0000e+00
     94.509     3.8962 182.392415     2.0720 1.0000e-12     0.1142    97.1864 5.1282e-02 1.9691e+00  0.4017913     96.372    12.7128    315.589 0.0000e+00
     94.488     3.8963 182.368537     2.0720 1.0000e-12     0.1152    97.1603 4.8840e-02 0.0000e+00  0.4017913     96.351    12.7144    315.547 0.0000e+00
     94.467     3.8965 182.356597     2.0720 1.0000e-12     0.1142    97.1864 4.7619e-02 1.9691e+00  0.4017913     96.330    12.7128    315.524 0.0000e+00
     94.445     3.8968 182.380475     2.0720 1.0000e-12     0.1152    97.1603 4.7619e-02 1.9691e+00  0.4026229     96.307    12.7113    315.562 0.0000e+00
     94.424     3.8970 182.404351     2.0720 1.0000e-12     0.1142    97.1864 4.8840e-02 1.9691e+00  0.4034544     96.286    12.7098    315.601 0.0000e+00
     94.404     3.8971 182.380474     2.0720 1.0000e-12     0.1142    97.1864 4.7619e-02 1.9691e+00  0.4034544     96.265    12.7116    315.559 0.0000e+00
     94.384     3.8974 182.356595     2.0720 1.0000e-12     0.1152    97.1603 4.6398e-02 1.9691e+00  0.4034544     96.245    12.7118    315.514 0.0000e+00
     94.365     3.8974 182.380472     2.0720 1.0000e-12     0.1142    97.1864 4.6398e-02 1.9691e+00  0.4034544     96.226    12.7120    315.555 0.0000e+00
     94.345     3.8978 182.392412     2.0720 1.0000e-12     0.1152    97.1603 4.5177e-02 1.9691e+00  0.4034544     96.205    12.7121    315.572 0.0000e+00
     94.325     3.8976 182.392410     2.0720 1.0000e-12     0.1152    97.1603 4.3956e-02 0.0000e+00  0.4034544     96.185    12.7110    315.574 0.0000e+00
     94.306     3.8974 182.356594     2.0720 1.0000e-12     0.1142    97.1864 4.2735e-02 1.9691e+00  0.4034544     96.165    12.7099    315.514 0.0000e+00
     94.287     3.8978 182.344655     2.0720 1.0000e-12     0.1152    97.1603 4.2735e-02 1.9691e+00  0.4034544     96.146    12.7118    315.489 0.0000e+00
     94.267     3.8976 182.320777     2.0720 1.0000e-12     0.1152    97.1603 4.6398e-02 0.0000e+00  0.4034544     96.126    12.7140    315.450 0.0000e+00
     94.245     3.8979 182.416287     2.0720 1.0000e-12     0.1152    97.1603 5.1282e-02 1.9691e+00  0.4034544     96.103    12.7146    315.612 0.0000e+00
     94.223     3.8981 182.344653     2.0720 1.0000e-12     0.1163    97.1342 5.8608e-02 0.0000e+00  0.4034544     96.081    12.7151    315.486 0.0000e+00
     94.202     3.8979 182.368530     2.0708 1.0000e-12     0.1163    97.1342 6.1050e-02 1.9691e+00  0.4034544     96.059    12.7063    315.529 0.0000e+00
     94.183     3.8981 182.392408     2.0708 1.0000e-12     0.1142    97.1864 5.6166e-02 0.0000e+00  0.4034544     96.040    12.7068    315.568 0.0000e+00
     94.164     3.8978 182.428226     2.0720 1.0000e-12     0.1152    97.1603 5.3724e-02 1.9691e+00  0.4034544     96.021    12.7187    315.634 0.0000e+00
     94.143     3.8983 182.416284     2.0720 1.0000e-12     0.1152    97.1603 5.4945e-02 0.0000e+00  0.4034544     95.999    12.7224    315.607 0.0000e+00
     94.122     3.8985 182.404345     2.0720 1.0000e-12     0.1142    97.1864 5.3724e-02 1.9691e+00  0.4038701     95.978    12.7262    315.585 0.0000e+00
     94.103     3.8987 182.344651     2.0708 1.0000e-12     0.1152    97.1603 5.2503e-02 1.9691e+00  0.4042859     95.958    12.7171    315.479 0.0000e+00
     94.085     3.8987 182.392406     2.0708 1.0000e-12     0.1152    97.1603 5.2503e-02 1.9691e+00  0.4047017     95.940    12.7177    315.562 0.0000e+00
     94.065     3.8989 182.296895     2.0708 1.0000e-12     0.1163    97.1342 5.2503e-02 0.0000e+00  0.4042859     95.920    12.7167    315.394 0.0000e+00
     94.045     3.8985 182.368528     2.0708 1.0000e-12     0.1152    97.1603 5.1282e-02 1.9691e+00  0.4042859     95.899    12.7173    315.523 0.0000e+00
     94.025     3.8984 182.392405     2.0720 1.0000e-12     0.1152    97.1603 5.4945e-02 1.9691e+00  0.4042859     95.879    12.7274    315.565 0.0000e+00
     94.003     3.8987 182.356588     2.0720 1.0000e-12     0.1152    97.1603 5.6166e-02 1.9691e+00  0.4042859     95.856    12.7278    315.500 0.0000e+00
     93.983     3.8984 182.392404     2.0708 1.0000e-12     0.1142    97.1864 5.4945e-02 0.0000e+00  0.4042859     95.836    12.7189    315.565 0.0000e+00
     93.963     3.8983 182.380466     2.0708 1.0000e-12     0.1152    97.1603 5.1282e-02 1.9691e+00  0.4042859     95.816    12.7194    315.545 0.0000e+00
     93.942     3.8984 182.380465     2.0708 1.0000e-12     0.1142    97.1864 5.0061e-02 0.0000e+00  0.4042859     95.794    12.7199    315.544 0.0000e+00
     93.922     3.8984 182.392403     2.0720 1.0000e-12     0.1152    97.1603 4.8840e-02 0.0000e+00  0.4042859     95.774    12.7299    315.565 0.0000e+00
     93.901     3.8989 182.404341     2.0720 1.0000e-12     0.1152    97.1603 4.8840e-02 0.0000e+00  0.4042859     95.752    12.7319    315.580 0.0000e+00
     93.881     3.8992 182.416280     2.0720 1.0000e-12     0.1152    97.1603 4.8840e-02 1.9691e+00  0.4042859     95.732    12.7322    315.598 0.0000e+00
     93.861     3.8992 182.368524     2.0720 1.0000e-12     0.1152    97.1603 4.8840e-02 1.9691e+00  0.4042859     95.712    12.7326    315.515 0.0000e+00
     93.840     3.8994 182.380462     2.0708 1.0000e-12     0.1163    97.1342 4.6398e-02 0.0000e+00  0.4042859     95.690    12.7235    315.533 0.0000e+00
     93.821     3.8994 182.392401     2.0708 1.0000e-12     0.1152    97.1603 4.7619e-02 0.0000e+00  0.4042859     95.671    12.7239    315.554 0.0000e+00
     93.801     3.8998 182.416278     2.0720 1.0000e-12     0.1152    97.1603 4.8840e-02 1.9691e+00  0.4038701     95.650    12.7353    315.591 0.0000e+00
     93.780     3.9005 182.416277     2.0720 1.0000e-12     0.1152    97.1603 4.7619e-02 1.9691e+00  0.4051174     95.629    12.7370    315.583 0.0000e+00
     93.759     3.9011 182.440155     2.0708 1.0000e-12     0.1152    97.1603 4.6398e-02 1.9691e+00  0.4034544     95.608    12.7292    315.618 0.0000e+00
     93.737     3.9014 182.452093     2.0720 1.0000e-12     0.1152    97.1603 4.5177e-02 0.0000e+00  0.4034544     95.585    12.7389    315.636 0.0000e+00
     93.715     3.9019 182.416275     2.0720 1.0000e-12     0.1163    97.1342 4.5177e-02 0.0000e+00  0.4034544     95.563    12.7389    315.568 0.0000e+00
     93.693     3.9019 182.404336     2.0720 1.0000e-12     0.1152    97.1603 4.6398e-02 1.9691e+00  0.4034544     95.540    12.7376    315.547 0.0000e+00
     93.671     3.9017 182.332702     2.0733 1.0000e-12     0.1152    97.1603 4.6398e-02 0.0000e+00  0.4034544     95.518    12.7466    315.426 0.0000e+00
