data/05_metadata_exports/SeabirdData/202305_SeabirdData/83226_stn65-night.cnv
* Sea-Bird SBE 9 Data File:
* FileName = C:\Users\rosette\Rosette Data\2023\Ontario CSMI\stn65-night.hex
* Software Version Seasave V 7.26.6.26
* Temperature SN = 5270
* Conductivity SN = 1168
* Number of Bytes Per Scan = 40
* Number of Voltage Words = 5
* Number of Scans Averaged by the Deck Unit = 1
* NMEA Latitude = 43 25.39 N
* NMEA Longitude = 076 53.00 W
* NMEA UTC (Time) = Sep 30 2003  09:27:00
* NMEA baud rate = 4800
** Ship: Lake Guardian
** Cruise: Summer Survey 2022 Ontario CSMI LFWS
** Station:  stn65-night
# nquan = 14                                
# nvalues = 16934                       
# units = specified
# name 0 = prDM: Pressure, Digiquartz [db]
# name 1 = t090C: Temperature [ITS-90, deg C]
# name 2 = c0uS/cm: Conductivity [uS/cm]
# name 3 = sbeox0V: Oxygen raw, SBE 43 [V]
# name 4 = par: PAR/Irradiance, Biospherical/Licor
# name 5 = bat: Beam Attenuation, Chelsea/Seatech [1/m]
# name 6 = xmiss: Beam Transmission, Chelsea/Seatech [%]
# name 7 = flSP: Fluorescence, Seapoint
# name 8 = spar: SPAR, Biospherical/Licor
# name 9 = upoly0: Upoly 0, Suna Nitrate
# name 10 = depFM: Depth [fresh water, m], lat = 43.4232
# name 11 = sbeox0Mg/L: Oxygen, SBE 43 [mg/l], WS = 2
# name 12 = specc: Specific Conductance [uS/cm]
# name 13 = flag: flag
# span 0 =     -0.275,    139.180       
# span 1 =     3.9478,     8.5740       
# span 2 =   5.566366, 425.288352       
# span 3 =     2.0305,     2.5031       
# span 4 = 1.0000e-12, 2.2746e+00       
# span 5 =     0.0417,     6.7651       
# span 6 =    18.4283,    98.9639       
# span 7 = 3.1746e-02, 1.8742e+00       
# span 8 = 0.0000e+00, 5.9073e+00       
# span 9 =  0.0737546,  0.4017913       
# span 10 =     -0.280,    141.924      
# span 11 =    10.7225,    14.2048      
# span 12 =      8.306,    634.481      
# span 13 = 0.0000e+00, 0.0000e+00      
# interval = seconds: 0.0416667
# start_time = Sep 30 2003 09:27:00 [NMEA time, header]
# bad_flag = -9.990e-29
*END*
[from data line 12181]
    138.539     3.9674 183.312487     2.0391 1.0000e-12     0.0852    97.8922 3.4188e-02 3.9382e+00  0.3997125    141.270    12.5182    316.401 -9.990e-29
    138.522     3.9676 183.288607     2.0391 1.0000e-12     0.0895    97.7876 3.4188e-02 3.9382e+00  0.3997125    141.253    12.5179    316.358 -9.990e-29
    138.503     3.9674 183.252787     2.0403 1.0000e-12     0.0916    97.7354 3.4188e-02 3.9382e+00  0.3997125    141.234    12.5273    316.298 0.0000e+00
    138.485     3.9675 183.288605     2.0391 1.0000e-12     0.0916    97.7354 3.4188e-02 3.9382e+00  0.3997125    141.215    12.5175    316.359 0.0000e+00
    138.467     3.9674 183.288606     2.0379 1.0000e-12     0.0938    97.6831 3.4188e-02 3.9382e+00  0.3997125    141.197    12.5078    316.360 0.0000e+00
    138.451     3.9676 183.324425     2.0391 1.0000e-12     0.0927    97.7092 3.4188e-02 3.9382e+00  0.3997125    141.181    12.5170    316.420 0.0000e+00
    138.437     3.9677 183.312485     2.0403 1.0000e-12     0.0948    97.6569 3.4188e-02 3.9382e+00  0.4001283    141.166    12.5279    316.398 0.0000e+00
    138.422     3.9675 183.312486     2.0403 1.0000e-12     0.0959    97.6308 3.5409e-02 3.9382e+00  0.3992968    141.151    12.5292    316.400 0.0000e+00
    138.407     3.9674 183.264724     2.0391 1.0000e-12     0.0959    97.6308 3.5409e-02 3.9382e+00  0.3976337    141.136    12.5193    316.319 0.0000e+00
    138.393     3.9673 183.288604     2.0391 1.0000e-12     0.0970    97.6047 3.4188e-02 3.9382e+00  0.3968022    141.122    12.5174    316.361 0.0000e+00
    138.379     3.9679 183.336365     2.0391 1.0000e-12     0.0959    97.6308 3.4188e-02 3.9382e+00  0.3968022    141.107    12.5168    316.437 0.0000e+00
    138.365     3.9677 183.300544     2.0391 1.0000e-12     0.0970    97.6047 3.4188e-02 3.9382e+00  0.3968022    141.093    12.5165    316.377 0.0000e+00
    138.350     3.9674 183.300544     2.0403 1.0000e-12     0.0981    97.5785 3.4188e-02 3.9382e+00  0.3968022    141.078    12.5258    316.381 0.0000e+00
    138.335     3.9679 183.205022     2.0403 1.0000e-12     0.0991    97.5524 3.4188e-02 3.9382e+00  0.3972179    141.062    12.5267    316.210 0.0000e+00
    138.321     3.9675 183.300543     2.0391 1.0000e-12     0.0991    97.5524 3.4188e-02 3.9382e+00  0.3972179    141.048    12.5152    316.380 0.0000e+00
    138.308     3.9676 183.276663     2.0391 1.0000e-12     0.0981    97.5785 3.4188e-02 3.9382e+00  0.3972179    141.035    12.5147    316.337 0.0000e+00
    138.296     3.9677 183.252782     2.0391 1.0000e-12     0.0981    97.5785 3.4188e-02 3.9382e+00  0.3968022    141.023    12.5141    316.295 0.0000e+00
    138.283     3.9675 183.324424     2.0391 1.0000e-12     0.0991    97.5524 3.4188e-02 3.9382e+00  0.3968022    141.009    12.5137    316.421 0.0000e+00
    138.269     3.9677 183.252781     2.0403 1.0000e-12     0.0991    97.5524 3.4188e-02 3.9382e+00  0.3972179    140.995    12.5211    316.295 0.0000e+00
    138.256     3.9679 183.288602     2.0403 1.0000e-12     0.0991    97.5524 3.5409e-02 3.9382e+00  0.3968022    140.982    12.5219    316.355 0.0000e+00
    138.244     3.9677 183.264721     2.0391 1.0000e-12     0.0991    97.5524 3.5409e-02 3.9382e+00  0.3972179    140.970    12.5133    316.316 0.0000e+00
    138.232     3.9677 183.264721     2.0391 1.0000e-12     0.0991    97.5524 3.5409e-02 3.9382e+00  0.3972179    140.957    12.5141    316.316 0.0000e+00
    138.221     3.9676 183.205021     2.0391 1.0000e-12     0.0991    97.5524 3.5409e-02 3.9382e+00  0.3972179    140.946    12.5149    316.214 0.0000e+00
    138.211     3.9679 183.264720     2.0391 1.0000e-12     0.1002    97.5262 3.4188e-02 3.9382e+00  0.3968022    140.936    12.5139    316.313 0.0000e+00
    138.201     3.9675 183.300541     2.0403 1.0000e-12     0.1013    97.5001 3.4188e-02 3.9382e+00  0.3972179    140.926    12.5227    316.380 0.0000e+00
    138.191     3.9679 183.276661     2.0391 1.0000e-12     0.1002    97.5262 3.5409e-02 3.9382e+00  0.3972179    140.916    12.5136    316.334 0.0000e+00
    138.182     3.9677 183.276661     2.0391 1.0000e-12     0.0991    97.5524 3.4188e-02 3.9382e+00  0.3968022    140.906    12.5126    316.336 0.0000e+00
    138.173     3.9677 183.252779     2.0391 1.0000e-12     0.1002    97.5262 3.4188e-02 3.9382e+00  0.3968022    140.897    12.5147    316.295 0.0000e+00
    138.164     3.9676 183.288601     2.0391 1.0000e-12     0.1002    97.5262 3.5409e-02 3.9382e+00  0.3972179    140.888    12.5137    316.358 0.0000e+00
    138.155     3.9676 183.264721     2.0391 1.0000e-12     0.0991    97.5524 3.5409e-02 3.9382e+00  0.3972179    140.879    12.5111    316.317 0.0000e+00
    138.145     3.9679 183.288599     2.0403 1.0000e-12     0.1002    97.5262 3.5409e-02 3.9382e+00  0.3972179    140.869    12.5195    316.355 0.0000e+00
    138.138     3.9679 183.312480     2.0403 1.0000e-12     0.1013    97.5001 3.6630e-02 3.9382e+00  0.3972179    140.862    12.5215    316.396 0.0000e+00
    138.130     3.9677 183.288601     2.0391 1.0000e-12     0.1013    97.5001 3.6630e-02 3.9382e+00  0.3972179    140.853    12.5140    316.357 0.0000e+00
    138.122     3.9679 183.288599     2.0391 1.0000e-12     0.0991    97.5524 3.6630e-02 3.9382e+00  0.3972179    140.845    12.5143    316.355 0.0000e+00
    138.114     3.9677 183.288600     2.0391 1.0000e-12     0.0991    97.5524 3.6630e-02 3.9382e+00  0.3980495    140.837    12.5148    316.357 0.0000e+00
    138.106     3.9676 183.300539     2.0391 1.0000e-12     0.1013    97.5001 3.5409e-02 3.9382e+00  0.3988810    140.829    12.5151    316.378 0.0000e+00
    138.099     3.9676 183.288600     2.0391 1.0000e-12     0.1013    97.5001 3.5409e-02 3.9382e+00  0.3992968    140.822    12.5138    316.358 0.0000e+00
    138.092     3.9677 183.300539     2.0403 1.0000e-12     0.1002    97.5262 3.4188e-02 3.9382e+00  0.3992968    140.815    12.5252    316.377 0.0000e+00
    138.084     3.9679 183.288599     2.0391 1.0000e-12     0.1002    97.5262 3.4188e-02 3.9382e+00  0.3988810    140.806    12.5158    316.355 0.0000e+00
    138.078     3.9679 183.276659     2.0391 1.0000e-12     0.1002    97.5262 3.5409e-02 3.9382e+00  0.3988810    140.800    12.5146    316.334 0.0000e+00
    138.072     3.9679 183.252778     2.0391 1.0000e-12     0.1013    97.5001 3.6630e-02 3.9382e+00  0.3988810    140.794    12.5134    316.293 0.0000e+00
    138.066     3.9677 183.276659     2.0391 1.0000e-12     0.0991    97.5524 3.5409e-02 3.9382e+00  0.3992968    140.788    12.5123    316.336 0.0000e+00
    138.059     3.9677 183.288599     2.0391 1.0000e-12     0.1013    97.5001 3.4188e-02 3.9382e+00  0.3992968    140.781    12.5111    316.357 0.0000e+00
    138.052     3.9676 183.252777     2.0403 1.0000e-12     0.1013    97.5001 3.4188e-02 3.9382e+00  0.3988810    140.774    12.5226    316.296 0.0000e+00
    138.045     3.9677 183.252778     2.0403 1.0000e-12     0.1013    97.5001 3.4188e-02 3.9382e+00  0.3988810    140.767    12.5244    316.295 0.0000e+00
    138.039     3.9677 183.252777     2.0403 1.0000e-12     0.1002    97.5262 3.4188e-02 3.9382e+00  0.3992968    140.761    12.5247    316.295 0.0000e+00
    138.032     3.9679 183.276657     2.0403 1.0000e-12     0.1002    97.5262 3.5409e-02 3.9382e+00  0.3992968    140.753    12.5249    316.334 -9.990e-29
    138.028     3.9676 183.252777     2.0391 1.0000e-12     0.1002    97.5262 3.6630e-02 3.9382e+00  0.3992968    140.749    12.5156    316.296 -9.990e-29
    138.023     3.9679 183.288599     2.0403 1.0000e-12     0.1023    97.4740 3.5409e-02 3.9382e+00  0.3992968    140.744    12.5237    316.355 0.0000e+00
    138.017     3.9677 183.312478     2.0403 1.0000e-12     0.1013    97.5001 3.5409e-02 3.9382e+00  0.3992968    140.738    12.5254    316.398 0.0000e+00
    138.009     3.9679 183.288598     2.0391 1.0000e-12     0.1013    97.5001 3.5409e-02 3.9382e+00  0.3988810    140.730    12.5159    316.355 0.0000e+00
    138.003     3.9676 183.288597     2.0403 1.0000e-12     0.1023    97.4740 3.4188e-02 3.9382e+00  0.3992968    140.724    12.5256    316.358 0.0000e+00
    137.998     3.9679 183.288598     2.0391 1.0000e-12     0.1013    97.5001 3.4188e-02 3.9382e+00  0.3992968    140.719    12.5159    316.355 0.0000e+00
    137.992     3.9677 183.324418     2.0391 1.0000e-12     0.1002    97.5262 3.2967e-02 3.9382e+00  0.3988810    140.713    12.5144    316.419 0.0000e+00
    137.987     3.9677 183.312477     2.0391 1.0000e-12     0.0991    97.5524 3.2967e-02 3.9382e+00  0.3992968    140.708    12.5144    316.398 0.0000e+00
    137.981     3.9677 183.288598     2.0403 1.0000e-12     0.1002    97.5262 3.2967e-02 3.9382e+00  0.3992968    140.701    12.5254    316.357 0.0000e+00
    137.975     3.9677 183.324417     2.0403 1.0000e-12     0.1002    97.5262 3.2967e-02 3.9382e+00  0.3992968    140.695    12.5268    316.419 0.0000e+00
    137.969     3.9677 183.288597     2.0403 1.0000e-12     0.1002    97.5262 3.2967e-02 3.9382e+00  0.3992968    140.689    12.5267    316.357 0.0000e+00
    137.963     3.9679 183.300537     2.0403 1.0000e-12     0.1002    97.5262 3.4188e-02 3.9382e+00  0.3992968    140.683    12.5264    316.375 -9.990e-29
    137.959     3.9677 183.288597     2.0403 1.0000e-12     0.1002    97.5262 3.5409e-02 3.9382e+00  0.3992968    140.679    12.5262    316.357 -9.990e-29
    137.953     3.9679 183.252777     2.0391 1.0000e-12     0.1002    97.5262 3.5409e-02 3.9382e+00  0.3992968    140.673    12.5162    316.293 0.0000e+00
    137.945     3.9679 183.252775     2.0403 1.0000e-12     0.1002    97.5262 3.5409e-02 3.9382e+00  0.3992968    140.665    12.5254    316.293 0.0000e+00
    137.937     3.9677 183.264716     2.0391 1.0000e-12     0.1002    97.5262 3.5409e-02 3.9382e+00  0.3997125    140.657    12.5170    316.316 0.0000e+00
    137.930     3.9677 183.300536     2.0391 1.0000e-12     0.1002    97.5262 3.4188e-02 3.9382e+00  0.3992968    140.649    12.5166    316.377 0.0000e+00
    137.922     3.9677 183.336357     2.0391 1.0000e-12     0.1002    97.5262 3.2967e-02 3.9382e+00  0.3992968    140.641    12.5161    316.439 0.0000e+00
    137.914     3.9679 183.252775     2.0391 1.0000e-12     0.0991    97.5524 3.2967e-02 3.9382e+00  0.3992968    140.633    12.5139    316.293 0.0000e+00
    137.906     3.9680 183.288596     2.0391 1.0000e-12     0.0991    97.5524 3.2967e-02 3.9382e+00  0.3992968    140.625    12.5118    316.354 0.0000e+00
    137.897     3.9679 183.264715     2.0403 1.0000e-12     0.1013    97.5001 3.2967e-02 3.9382e+00  0.3992968    140.616    12.5209    316.313 0.0000e+00
    137.888     3.9679 183.252775     2.0403 1.0000e-12     0.1002    97.5262 3.2967e-02 3.9382e+00  0.3992968    140.607    12.5218    316.293 0.0000e+00
    137.878     3.9677 183.252775     2.0403 1.0000e-12     0.1002    97.5262 3.4188e-02 3.9382e+00  0.3992968    140.596    12.5213    316.295 0.0000e+00
    137.868     3.9679 183.276654     2.0403 1.0000e-12     0.1013    97.5001 3.5409e-02 3.9382e+00  0.3992968    140.586    12.5207    316.334 0.0000e+00
    137.857     3.9676 183.276655     2.0403 1.0000e-12     0.1013    97.5001 3.4188e-02 3.9382e+00  0.3992968    140.575    12.5218    316.337 0.0000e+00
    137.847     3.9679 183.276656     2.0391 1.0000e-12     0.1013    97.5001 3.4188e-02 3.9382e+00  0.3992968    140.565    12.5116    316.334 0.0000e+00
    137.837     3.9677 183.252773     2.0403 1.0000e-12     0.1013    97.5001 3.2967e-02 3.9382e+00  0.3992968    140.555    12.5238    316.295 0.0000e+00
    137.826     3.9679 183.252774     2.0403 1.0000e-12     0.1013    97.5001 3.2967e-02 3.9382e+00  0.3992968    140.543    12.5246    316.293 0.0000e+00
    137.816     3.9679 183.264714     2.0403 1.0000e-12     0.1002    97.5262 3.2967e-02 3.9382e+00  0.3992968    140.533    12.5240    316.313 0.0000e+00
    137.804     3.9679 183.324414     2.0403 1.0000e-12     0.1013    97.5001 3.4188e-02 3.9382e+00  0.3997125    140.521    12.5248    316.416 0.0000e+00
    137.792     3.9676 183.276654     2.0391 1.0000e-12     0.1013    97.5001 3.4188e-02 3.9382e+00  0.3997125    140.509    12.5132    316.337 0.0000e+00
    137.781     3.9680 183.252773     2.0403 1.0000e-12     0.1023    97.4740 3.5409e-02 3.9382e+00  0.3992968    140.497    12.5204    316.292 0.0000e+00
    137.769     3.9679 183.336354     2.0403 1.0000e-12     0.1013    97.5001 3.4188e-02 3.9382e+00  0.3997125    140.485    12.5197    316.437 0.0000e+00
    137.756     3.9679 183.276653     2.0403 1.0000e-12     0.1013    97.5001 3.4188e-02 3.9382e+00  0.3992968    140.472    12.5190    316.334 0.0000e+00
    137.743     3.9679 183.252771     2.0403 1.0000e-12     0.1013    97.5001 3.4188e-02 3.9382e+00  0.3992968    140.459    12.5199    316.293 0.0000e+00
    137.731     3.9679 183.288594     2.0403 1.0000e-12     0.1013    97.5001 3.4188e-02 3.9382e+00  0.3992968    140.447    12.5192    316.355 0.0000e+00
    137.717     3.9679 183.216952     2.0403 1.0000e-12     0.1023    97.4740 3.4188e-02 3.9382e+00  0.3997125    140.432    12.5201    316.231 0.0000e+00
    137.703     3.9677 183.264711     2.0403 1.0000e-12     0.1013    97.5001 3.4188e-02 3.9382e+00  0.3992968    140.418    12.5211    316.316 0.0000e+00
    137.689     3.9680 183.324413     2.0403 1.0000e-12     0.1013    97.5001 3.5409e-02 3.9382e+00  0.3997125    140.404    12.5204    316.415 0.0000e+00
    137.675     3.9677 183.360233     2.0403 1.0000e-12     0.1013    97.5001 3.4188e-02 3.9382e+00  0.3997125    140.389    12.5213    316.480 0.0000e+00
    137.659     3.9679 183.300532     2.0403 1.0000e-12     0.1013    97.5001 3.2967e-02 3.9382e+00  0.4005440    140.373    12.5190    316.375 0.0000e+00
    137.644     3.9677 183.288591     2.0403 1.0000e-12     0.1013    97.5001 3.2967e-02 3.9382e+00  0.4005440    140.358    12.5169    316.357 0.0000e+00
    137.630     3.9677 183.324411     2.0391 1.0000e-12     0.1023    97.4740 3.4188e-02 3.9382e+00  0.4005440    140.344    12.5066    316.419 0.0000e+00
    137.616     3.9677 183.312472     2.0391 1.0000e-12     0.1013    97.5001 3.4188e-02 3.9382e+00  0.4005440    140.329    12.5058    316.398 0.0000e+00
    137.599     3.9677 183.312471     2.0403 1.0000e-12     0.1023    97.4740 3.4188e-02 3.9382e+00  0.4005440    140.312    12.5146    316.398 0.0000e+00
    137.582     3.9677 183.264709     2.0403 1.0000e-12     0.1023    97.4740 3.4188e-02 3.9382e+00  0.4005440    140.295    12.5152    316.316 0.0000e+00
    137.566     3.9675 183.252769     2.0391 1.0000e-12     0.1034    97.4478 3.4188e-02 3.9382e+00  0.4005440    140.278    12.5064    316.297 0.0000e+00
    137.551     3.9676 183.264710     2.0391 1.0000e-12     0.1034    97.4478 3.5409e-02 3.9382e+00  0.4005440    140.263    12.5070    316.317 0.0000e+00
    137.536     3.9676 183.300530     2.0403 1.0000e-12     0.1034    97.4478 3.5409e-02 3.9382e+00  0.4005440    140.248    12.5173    316.378 0.0000e+00
    137.519     3.9674 183.288590     2.0403 1.0000e-12     0.1045    97.4217 3.4188e-02 3.9382e+00  0.4005440    140.230    12.5180    316.360 0.0000e+00
    137.502     3.9674 183.288588     2.0415 1.0000e-12     0.1045    97.4217 3.2967e-02 3.9382e+00  0.4005440    140.213    12.5267    316.360 0.0000e+00
    137.486     3.9673 183.300529     2.0403 1.0000e-12     0.1034    97.4478 3.2967e-02 3.9382e+00  0.4005440    140.197    12.5177    316.382 0.0000e+00
    137.470     3.9676 183.240828     2.0403 1.0000e-12     0.1045    97.4217 3.4188e-02 3.9382e+00  0.4005440    140.180    12.5182    316.275 0.0000e+00
    137.454     3.9672 183.312468     2.0403 1.0000e-12     0.1034    97.4478 3.4188e-02 3.9382e+00  0.4005440    140.164    12.5190    316.403 0.0000e+00
    137.437     3.9677 183.312468     2.0391 1.0000e-12     0.1034    97.4478 3.6630e-02 3.9382e+00  0.4005440    140.147    12.5098    316.398 0.0000e+00
