data/05_metadata_exports/SeabirdData/202305_SeabirdData/83226_stn65-night.cnv
* Sea-Bird SBE 9 Data File:
* FileName = C:\Users\rosette\Rosette Data\2023\Ontario CSMI\stn65-night.hex
* Software Version Seasave V 7.26.6.26
* Temperature SN = 5270
* Conductivity SN = 1168
* Number of Bytes Per Scan = 40
* Number of Voltage Words = 5
* Number of Scans Averaged by the Deck Unit = 1
* NMEA Latitude = 43 25.39 N
* NMEA Longitude = 076 53.00 W
* NMEA UTC (Time) = Sep 30 2003  09:27:00
* NMEA baud rate = 4800
** Ship: Lake Guardian
** Cruise: Summer Survey 2022 Ontario CSMI LFWS
** Station:  stn65-night
# nquan = 14                                
# nvalues = 16934                       
# units = specified
# name 0 = prDM: Pressure, Digiquartz [db]
# name 1 = t090C: Temperature [ITS-90, deg C]
# name 2 = c0uS/cm: Conductivity [uS/cm]
# name 3 = sbeox0V: Oxygen raw, SBE 43 [V]
# name 4 = par: PAR/Irradiance, Biospherical/Licor
# name 5 = bat: Beam Attenuation, Chelsea/Seatech [1/m]
# name 6 = xmiss: Beam Transmission, Chelsea/Seatech [%]
# name 7 = flSP: Fluorescence, Seapoint
# name 8 = spar: SPAR, Biospherical/Licor
# name 9 = upoly0: Upoly 0, Suna Nitrate
# name 10 = depFM: Depth [fresh water, m], lat = 43.4232
# name 11 = sbeox0Mg/L: Oxygen, SBE 43 [mg/l], WS = 2
# name 12 = specc: Specific Conductance [uS/cm]
# name 13 = flag: flag
# span 0 =     -0.275,    139.180       
# span 1 =     3.9478,     8.5740       
# span 2 =   5.566366, 425.288352       
# span 3 =     2.0305,     2.5031       
# span 4 = 1.0000e-12, 2.2746e+00       
# span 5 =     0.0417,     6.7651       
# span 6 =    18.4283,    98.9639       
# span 7 = 3.1746e-02, 1.8742e+00       
# span 8 = 0.0000e+00, 5.9073e+00       
# span 9 =  0.0737546,  0.4017913       
# span 10 =     -0.280,    141.924      
# span 11 =    10.7225,    14.2048      
# span 12 =      8.306,    634.481      
# span 13 = 0.0000e+00, 0.0000e+00      
# interval = seconds: 0.0416667
# start_time = Sep 30 2003 09:27:00 [NMEA time, header]
# bad_flag = -9.990e-29
*END*
[from data line 13317]
    107.114     3.9623 183.025380     2.0586 1.0000e-12     0.1056    97.3955 3.9072e-02 3.9382e+00  0.3972179    109.226    12.6202    315.961 0.0000e+00
    107.085     3.9620 183.037319     2.0586 1.0000e-12     0.1045    97.4217 4.0293e-02 3.9382e+00  0.3972179    109.196    12.6199    315.985 0.0000e+00
    107.057     3.9625 182.965680     2.0586 1.0000e-12     0.1056    97.3955 3.9072e-02 3.9382e+00  0.3972179    109.168    12.6192    315.856 0.0000e+00
    107.030     3.9625 182.977619     2.0586 1.0000e-12     0.1045    97.4217 4.0293e-02 3.9382e+00  0.3972179    109.140    12.6186    315.877 0.0000e+00
    107.003     3.9625 183.001499     2.0586 1.0000e-12     0.1056    97.3955 4.1514e-02 3.9382e+00  0.3968022    109.113    12.6194    315.918 0.0000e+00
    106.977     3.9625 182.965679     2.0586 1.0000e-12     0.1045    97.4217 4.0293e-02 3.9382e+00  0.3972179    109.086    12.6203    315.856 0.0000e+00
    106.950     3.9623 183.013438     2.0586 1.0000e-12     0.1056    97.3955 4.3956e-02 3.9382e+00  0.3972179    109.059    12.6213    315.941 0.0000e+00
    106.922     3.9623 183.001498     2.0586 1.0000e-12     0.1056    97.3955 4.3956e-02 3.9382e+00  0.3972179    109.030    12.6236    315.920 0.0000e+00
    106.894     3.9620 183.001496     2.0586 1.0000e-12     0.1056    97.3955 4.2735e-02 3.9382e+00  0.3968022    109.002    12.6261    315.923 0.0000e+00
    106.866     3.9623 182.965678     2.0586 1.0000e-12     0.1056    97.3955 4.0293e-02 3.9382e+00  0.3972179    108.973    12.6282    315.858 0.0000e+00
    106.837     3.9620 182.989556     2.0586 1.0000e-12     0.1056    97.3955 3.9072e-02 3.9382e+00  0.3972179    108.943    12.6289    315.903 0.0000e+00
    106.808     3.9623 182.941796     2.0574 1.0000e-12     0.1045    97.4217 4.0293e-02 3.9382e+00  0.3972179    108.914    12.6213    315.817 0.0000e+00
    106.779     3.9621 182.941797     2.0574 1.0000e-12     0.1034    97.4478 3.9072e-02 3.9382e+00  0.3972179    108.884    12.6204    315.819 0.0000e+00
    106.750     3.9621 183.025374     2.0586 1.0000e-12     0.1045    97.4217 4.5177e-02 3.9382e+00  0.3972179    108.855    12.6318    315.964 0.0000e+00
    106.721     3.9621 182.941796     2.0586 1.0000e-12     0.1056    97.3955 4.7619e-02 3.9382e+00  0.3976337    108.825    12.6337    315.819 0.0000e+00
    106.693     3.9623 182.965674     2.0586 1.0000e-12     0.1045    97.4217 4.5177e-02 3.9382e+00  0.3976337    108.797    12.6354    315.858 0.0000e+00
    106.664     3.9623 182.953734     2.0574 1.0000e-12     0.1045    97.4217 4.3956e-02 3.9382e+00  0.3976337    108.767    12.6261    315.838 0.0000e+00
    106.635     3.9623 182.989552     2.0574 1.0000e-12     0.1045    97.4217 4.2735e-02 3.9382e+00  0.3976337    108.737    12.6262    315.900 0.0000e+00
    106.606     3.9621 182.965673     2.0574 1.0000e-12     0.1066    97.3694 4.0293e-02 3.9382e+00  0.3976337    108.708    12.6247    315.860 0.0000e+00
    106.577     3.9623 182.989551     2.0586 1.0000e-12     0.1045    97.4217 3.9072e-02 3.9382e+00  0.3976337    108.678    12.6339    315.900 0.0000e+00
    106.549     3.9623 183.037310     2.0586 1.0000e-12     0.1056    97.3955 4.0293e-02 3.9382e+00  0.3976337    108.650    12.6335    315.982 0.0000e+00
    106.520     3.9621 182.953732     2.0586 1.0000e-12     0.1045    97.4217 3.9072e-02 3.9382e+00  0.3976337    108.620    12.6331    315.840 0.0000e+00
    106.490     3.9623 182.965670     2.0586 1.0000e-12     0.1056    97.3955 3.9072e-02 3.9382e+00  0.3976337    108.590    12.6324    315.858 0.0000e+00
    106.462     3.9621 182.953730     2.0586 1.0000e-12     0.1056    97.3955 4.0293e-02 3.9382e+00  0.3976337    108.561    12.6319    315.840 0.0000e+00
    106.435     3.9621 182.929851     2.0586 1.0000e-12     0.1056    97.3955 4.0293e-02 3.9382e+00  0.3976337    108.533    12.6327    315.799 0.0000e+00
    106.407     3.9625 182.965670     2.0586 1.0000e-12     0.1056    97.3955 4.1514e-02 3.9382e+00  0.3976337    108.505    12.6333    315.856 0.0000e+00
    106.378     3.9620 183.001488     2.0586 1.0000e-12     0.1056    97.3955 4.1514e-02 3.9382e+00  0.3976337    108.475    12.6342    315.923 0.0000e+00
    106.348     3.9625 182.989547     2.0586 1.0000e-12     0.1056    97.3955 4.1514e-02 3.9382e+00  0.3976337    108.445    12.6346    315.897 0.0000e+00
    106.319     3.9621 182.977607     2.0586 1.0000e-12     0.1056    97.3955 4.1514e-02 3.9382e+00  0.3976337    108.415    12.6353    315.881 0.0000e+00
    106.291     3.9623 182.953728     2.0586 1.0000e-12     0.1045    97.4217 4.0293e-02 3.9382e+00  0.3976337    108.387    12.6358    315.838 0.0000e+00
    106.263     3.9623 182.953727     2.0586 1.0000e-12     0.1056    97.3955 3.9072e-02 3.9382e+00  0.3976337    108.358    12.6362    315.838 0.0000e+00
    106.233     3.9625 182.989546     2.0598 1.0000e-12     0.1056    97.3955 4.0293e-02 3.9382e+00  0.3976337    108.327    12.6446    315.897 0.0000e+00
    106.202     3.9625 182.977604     2.0598 1.0000e-12     0.1056    97.3955 3.9072e-02 3.9382e+00  0.3976337    108.296    12.6466    315.877 0.0000e+00
    106.171     3.9628 182.977604     2.0598 1.0000e-12     0.1056    97.3955 3.9072e-02 3.9382e+00  0.3976337    108.264    12.6467    315.873 0.0000e+00
    106.142     3.9628 183.001484     2.0598 1.0000e-12     0.1045    97.4217 3.9072e-02 3.9382e+00  0.3976337    108.235    12.6469    315.915 0.0000e+00
    106.112     3.9628 182.989544     2.0598 1.0000e-12     0.1056    97.3955 3.9072e-02 3.9382e+00  0.3976337    108.204    12.6470    315.894 0.0000e+00
    106.081     3.9628 182.917904     2.0586 1.0000e-12     0.1034    97.4478 3.9072e-02 3.9382e+00  0.3976337    108.172    12.6345    315.770 0.0000e+00
    106.050     3.9625 182.953723     2.0598 1.0000e-12     0.1045    97.4217 3.9072e-02 3.9382e+00  0.3976337    108.141    12.6426    315.836 0.0000e+00
    106.021     3.9626 182.941782     2.0598 1.0000e-12     0.1045    97.4217 3.9072e-02 3.9382e+00  0.3976337    108.111    12.6441    315.814 0.0000e+00
    105.992     3.9625 182.894025     2.0598 1.0000e-12     0.1045    97.4217 3.7851e-02 3.9382e+00  0.3976337    108.082    12.6455    315.732 0.0000e+00
    105.962     3.9625 182.977601     2.0598 1.0000e-12     0.1056    97.3955 3.7851e-02 3.9382e+00  0.3976337    108.051    12.6451    315.877 0.0000e+00
    105.930     3.9623 182.953721     2.0598 1.0000e-12     0.1045    97.4217 3.7851e-02 3.9382e+00  0.3976337    108.019    12.6432    315.838 0.0000e+00
    105.898     3.9628 182.941781     2.0598 1.0000e-12     0.1045    97.4217 3.9072e-02 3.9382e+00  0.3976337    107.986    12.6409    315.812 0.0000e+00
    105.866     3.9626 182.929840     2.0598 1.0000e-12     0.1045    97.4217 3.9072e-02 3.9382e+00  0.3976337    107.953    12.6388    315.793 0.0000e+00
    105.834     3.9625 182.929841     2.0598 1.0000e-12     0.1045    97.4217 3.9072e-02 3.9382e+00  0.3972179    107.921    12.6380    315.794 0.0000e+00
    105.802     3.9621 182.894021     2.0598 1.0000e-12     0.1056    97.3955 3.9072e-02 3.9382e+00  0.3972179    107.888    12.6373    315.737 0.0000e+00
    105.769     3.9628 182.929838     2.0598 1.0000e-12     0.1056    97.3955 3.9072e-02 3.9382e+00  0.3972179    107.854    12.6377    315.791 0.0000e+00
    105.736     3.9625 182.905959     2.0586 1.0000e-12     0.1056    97.3955 4.0293e-02 3.9382e+00  0.3972179    107.821    12.6272    315.753 0.0000e+00
    105.703     3.9626 182.870140     2.0598 1.0000e-12     0.1066    97.3694 4.1514e-02 3.9382e+00  0.3976337    107.787    12.6356    315.690 0.0000e+00
    105.670     3.9628 182.929836     2.0598 1.0000e-12     0.1077    97.3433 4.1514e-02 3.9382e+00  0.3976337    107.753    12.6343    315.791 0.0000e+00
    105.638     3.9630 182.917898     2.0598 1.0000e-12     0.1066    97.3694 4.0293e-02 3.9382e+00  0.3976337    107.721    12.6346    315.768 0.0000e+00
    105.604     3.9630 182.894016     2.0598 1.0000e-12     0.1066    97.3694 4.0293e-02 3.9382e+00  0.3972179    107.686    12.6348    315.727 0.0000e+00
    105.571     3.9631 182.965654     2.0598 1.0000e-12     0.1066    97.3694 4.0293e-02 3.9382e+00  0.3976337    107.652    12.6349    315.850 0.0000e+00
    105.537     3.9631 182.989533     2.0598 1.0000e-12     0.1066    97.3694 4.0293e-02 3.9382e+00  0.3976337    107.618    12.6348    315.891 0.0000e+00
    105.504     3.9633 182.941774     2.0598 1.0000e-12     0.1077    97.3433 4.0293e-02 3.9382e+00  0.3972179    107.584    12.6346    315.806 0.0000e+00
    105.470     3.9634 182.929833     2.0586 1.0000e-12     0.1066    97.3694 3.9072e-02 3.9382e+00  0.3976337    107.549    12.6232    315.784 0.0000e+00
    105.435     3.9636 182.905954     2.0611 1.0000e-12     0.1066    97.3694 3.9072e-02 3.9382e+00  0.3976337    107.514    12.6441    315.741 0.0000e+00
    105.401     3.9637 182.965650     2.0598 1.0000e-12     0.1066    97.3694 3.9072e-02 3.9382e+00  0.3972179    107.479    12.6349    315.843 0.0000e+00
    105.367     3.9639 182.941771     2.0598 1.0000e-12     0.1066    97.3694 3.7851e-02 3.9382e+00  0.3976337    107.444    12.6359    315.800 0.0000e+00
    105.333     3.9639 182.894011     2.0598 1.0000e-12     0.1066    97.3694 3.9072e-02 3.9382e+00  0.3976337    107.410    12.6353    315.717 0.0000e+00
    105.301     3.9639 182.953709     2.0586 1.0000e-12     0.1066    97.3694 3.7851e-02 3.9382e+00  0.3972179    107.377    12.6251    315.820 0.0000e+00
    105.268     3.9639 182.953710     2.0598 1.0000e-12     0.1056    97.3955 3.7851e-02 3.9382e+00  0.3972179    107.343    12.6325    315.820 0.0000e+00
    105.233     3.9641 182.882069     2.0611 1.0000e-12     0.1066    97.3694 3.7851e-02 3.9382e+00  0.3976337    107.308    12.6437    315.694 0.0000e+00
    105.199     3.9641 182.870131     2.0611 1.0000e-12     0.1066    97.3694 3.7851e-02 3.9382e+00  0.3972179    107.273    12.6446    315.674 0.0000e+00
    105.164     3.9642 182.917888     2.0598 1.0000e-12     0.1066    97.3694 3.9072e-02 3.9382e+00  0.3976337    107.237    12.6350    315.755 0.0000e+00
    105.127     3.9642 182.941766     2.0598 1.0000e-12     0.1066    97.3694 3.9072e-02 3.9382e+00  0.3976337    107.200    12.6357    315.796 0.0000e+00
    105.092     3.9642 182.953705     2.0598 1.0000e-12     0.1066    97.3694 3.9072e-02 3.9382e+00  0.3976337    107.164    12.6364    315.817 0.0000e+00
    105.057     3.9642 182.953705     2.0598 1.0000e-12     0.1077    97.3433 4.0293e-02 3.9382e+00  0.3976337    107.128    12.6370    315.817 0.0000e+00
    105.023     3.9644 182.965643     2.0598 1.0000e-12     0.1077    97.3433 4.1514e-02 3.9382e+00  0.3963864    107.094    12.6374    315.835 0.0000e+00
    104.989     3.9642 182.953704     2.0598 1.0000e-12     0.1077    97.3433 4.1514e-02 3.9382e+00  0.3955549    107.059    12.6380    315.817 0.0000e+00
    104.954     3.9644 182.977583     2.0611 1.0000e-12     0.1066    97.3694 4.1514e-02 3.9382e+00  0.3955549    107.023    12.6486    315.856 0.0000e+00
    104.918     3.9642 182.941762     2.0598 1.0000e-12     0.1077    97.3433 4.2735e-02 3.9382e+00  0.3955549    106.987    12.6387    315.796 0.0000e+00
    104.881     3.9641 182.977581     2.0598 1.0000e-12     0.1077    97.3433 4.2735e-02 3.9382e+00  0.3955549    106.949    12.6374    315.859 0.0000e+00
    104.846     3.9644 182.941761     2.0598 1.0000e-12     0.1088    97.3171 4.1514e-02 3.9382e+00  0.3955549    106.913    12.6375    315.794 0.0000e+00
    104.810     3.9646 182.929821     2.0611 1.0000e-12     0.1088    97.3171 4.1514e-02 3.9382e+00  0.3955549    106.876    12.6478    315.771 0.0000e+00
    104.774     3.9644 182.965639     2.0611 1.0000e-12     0.1088    97.3171 4.0293e-02 3.9382e+00  0.3955549    106.840    12.6478    315.835 0.0000e+00
    104.738     3.9644 182.917880     2.0611 1.0000e-12     0.1077    97.3433 3.9072e-02 3.9382e+00  0.3955549    106.803    12.6478    315.753 0.0000e+00
    104.702     3.9647 182.905940     2.0611 1.0000e-12     0.1077    97.3433 3.9072e-02 3.9382e+00  0.3955549    106.766    12.6475    315.729 0.0000e+00
    104.666     3.9644 182.917879     2.0611 1.0000e-12     0.1066    97.3694 3.9072e-02 3.9382e+00  0.3955549    106.730    12.6474    315.753 0.0000e+00
    104.630     3.9646 182.929818     2.0598 1.0000e-12     0.1088    97.3171 3.9072e-02 3.9382e+00  0.3955549    106.693    12.6368    315.771 0.0000e+00
    104.593     3.9646 182.929817     2.0611 1.0000e-12     0.1077    97.3433 4.0293e-02 3.9382e+00  0.3955549    106.655    12.6452    315.771 0.0000e+00
    104.555     3.9646 182.929815     2.0611 1.0000e-12     0.1077    97.3433 4.0293e-02 3.9382e+00  0.3955549    106.616    12.6464    315.771 0.0000e+00
    104.520     3.9645 182.929816     2.0611 1.0000e-12     0.1066    97.3694 3.9072e-02 3.9382e+00  0.3955549    106.581    12.6460    315.772 0.0000e+00
    104.485     3.9644 182.965634     2.0598 1.0000e-12     0.1066    97.3694 3.9072e-02 3.9382e+00  0.3955549    106.545    12.6352    315.835 0.0000e+00
    104.448     3.9646 182.917876     2.0598 1.0000e-12     0.1066    97.3694 3.9072e-02 3.9382e+00  0.3955549    106.507    12.6345    315.751 0.0000e+00
    104.411     3.9647 182.929813     2.0598 1.0000e-12     0.1066    97.3694 3.9072e-02 3.9382e+00  0.3955549    106.470    12.6323    315.770 0.0000e+00
    104.374     3.9645 182.965633     2.0611 1.0000e-12     0.1077    97.3433 3.9072e-02 3.9382e+00  0.3955549    106.432    12.6419    315.834 0.0000e+00
    104.337     3.9646 182.905933     2.0611 1.0000e-12     0.1077    97.3433 3.9072e-02 3.9382e+00  0.3955549    106.394    12.6441    315.730 0.0000e+00
    104.299     3.9646 182.917873     2.0611 1.0000e-12     0.1088    97.3171 3.9072e-02 3.9382e+00  0.3955549    106.355    12.6449    315.751 0.0000e+00
    104.262     3.9647 182.929811     2.0611 1.0000e-12     0.1088    97.3171 3.9072e-02 3.9382e+00  0.3955549    106.318    12.6454    315.770 0.0000e+00
    104.225     3.9647 182.917870     2.0611 1.0000e-12     0.1088    97.3171 3.7851e-02 3.9382e+00  0.3955549    106.280    12.6443    315.750 0.0000e+00
    104.188     3.9646 182.941750     2.0611 1.0000e-12     0.1088    97.3171 3.6630e-02 3.9382e+00  0.3959707    106.242    12.6432    315.792 0.0000e+00
    104.152     3.9646 182.953688     2.0611 1.0000e-12     0.1088    97.3171 3.7851e-02 3.9382e+00  0.3955549    106.205    12.6420    315.813 0.0000e+00
    104.117     3.9645 182.905929     2.0611 1.0000e-12     0.1088    97.3171 3.7851e-02 3.9382e+00  0.3955549    106.170    12.6423    315.731 0.0000e+00
    104.083     3.9646 182.917869     2.0611 1.0000e-12     0.1088    97.3171 3.7851e-02 3.9382e+00  0.3951391    106.135    12.6424    315.751 0.0000e+00
    104.047     3.9647 182.917867     2.0611 1.0000e-12     0.1088    97.3171 3.9072e-02 3.9382e+00  0.3947234    106.098    12.6440    315.750 0.0000e+00
    104.011     3.9645 182.917868     2.0611 1.0000e-12     0.1088    97.3171 3.9072e-02 3.9382e+00  0.3947234    106.062    12.6440    315.752 0.0000e+00
    103.975     3.9647 182.941746     2.0611 1.0000e-12     0.1077    97.3433 3.9072e-02 3.9382e+00  0.3947234    106.025    12.6437    315.791 0.0000e+00
    103.940     3.9646 182.953684     2.0611 1.0000e-12     0.1077    97.3433 3.9072e-02 3.9382e+00  0.3947234    105.989    12.6434    315.813 0.0000e+00
    103.905     3.9647 182.965624     2.0611 1.0000e-12     0.1099    97.2910 3.9072e-02 3.9382e+00  0.3947234    105.954    12.6460    315.832 0.0000e+00
    103.871     3.9644 182.953684     2.0611 1.0000e-12     0.1099    97.2910 4.1514e-02 3.9382e+00  0.3947234    105.919    12.6472    315.815 0.0000e+00
    103.835     3.9647 182.905924     2.0611 1.0000e-12     0.1088    97.3171 4.2735e-02 3.9382e+00  0.3951391    105.882    12.6481    315.729 0.0000e+00
