data/05_metadata_exports/SeabirdData/202305_SeabirdData/83226_stn65-night.cnv
* Sea-Bird SBE 9 Data File:
* FileName = C:\Users\rosette\Rosette Data\2023\Ontario CSMI\stn65-night.hex
* Software Version Seasave V 7.26.6.26
* Temperature SN = 5270
* Conductivity SN = 1168
* Number of Bytes Per Scan = 40
* Number of Voltage Words = 5
* Number of Scans Averaged by the Deck Unit = 1
* NMEA Latitude = 43 25.39 N
* NMEA Longitude = 076 53.00 W
* NMEA UTC (Time) = Sep 30 2003  09:27:00
* NMEA baud rate = 4800
** Ship: Lake Guardian
** Cruise: Summer Survey 2022 Ontario CSMI LFWS
** Station:  stn65-night
# nquan = 14                                
# nvalues = 16934                       
# units = specified
# name 0 = prDM: Pressure, Digiquartz [db]
# name 1 = t090C: Temperature [ITS-90, deg C]
# name 2 = c0uS/cm: Conductivity [uS/cm]
# name 3 = sbeox0V: Oxygen raw, SBE 43 [V]
# name 4 = par: PAR/Irradiance, Biospherical/Licor
# name 5 = bat: Beam Attenuation, Chelsea/Seatech [1/m]
# name 6 = xmiss: Beam Transmission, Chelsea/Seatech [%]
# name 7 = flSP: Fluorescence, Seapoint
# name 8 = spar: SPAR, Biospherical/Licor
# name 9 = upoly0: Upoly 0, Suna Nitrate
# name 10 = depFM: Depth [fresh water, m], lat = 43.4232
# name 11 = sbeox0Mg/L: Oxygen, SBE 43 [mg/l], WS = 2
# name 12 = specc: Specific Conductance [uS/cm]
# name 13 = flag: flag
# span 0 =     -0.275,    139.180       
# span 1 =     3.9478,     8.5740       
# span 2 =   5.566366, 425.288352       
# span 3 =     2.0305,     2.5031       
# span 4 = 1.0000e-12, 2.2746e+00       
# span 5 =     0.0417,     6.7651       
# span 6 =    18.4283,    98.9639       
# span 7 = 3.1746e-02, 1.8742e+00       
# span 8 = 0.0000e+00, 5.9073e+00       
# span 9 =  0.0737546,  0.4017913       
# span 10 =     -0.280,    141.924      
# span 11 =    10.7225,    14.2048      
# span 12 =      8.306,    634.481      
# span 13 = 0.0000e+00, 0.0000e+00      
# interval = seconds: 0.0416667
# start_time = Sep 30 2003 09:27:00 [NMEA time, header]
# bad_flag = -9.990e-29
*END*
[from data line 3820]
      2.035     8.4505 205.053393     2.4969 6.8830e-01     0.8079    81.7119 1.3346e+00 1.9691e+00  0.3182230      2.075    14.0119    306.484 -9.990e-29
      2.037     8.4505 205.077332     2.4982 6.8607e-01     0.8092    81.6857 1.3443e+00 1.9691e+00  0.3182230      2.077    14.0199    306.520 -9.990e-29
      2.038     8.4507 205.101272     2.5006 6.6842e-01     0.8092    81.6857 1.3516e+00 1.9691e+00  0.3182230      2.078    14.0375    306.554 -9.990e-29
      2.039     8.4505 205.077332     2.4994 6.5544e-01     0.8092    81.6857 1.3492e+00 1.9691e+00  0.3182230      2.079    14.0314    306.520 -9.990e-29
      2.040     8.4509 205.089302     2.4994 6.5330e-01     0.8079    81.7119 1.3272e+00 1.9691e+00  0.3182230      2.080    14.0315    306.534 -9.990e-29
      2.041     8.4502 205.077332     2.4994 6.5116e-01     0.8079    81.7119 1.3199e+00 1.9691e+00  0.3186388      2.081    14.0309    306.523 -9.990e-29
      2.041     8.4504 205.041423     2.4994 6.4903e-01     0.8066    81.7380 1.3297e+00 1.9691e+00  0.3182230      2.081    14.0301    306.467 -9.990e-29
      2.040     8.4507 205.077332     2.5006 6.4691e-01     0.8028    81.8164 1.3394e+00 1.9691e+00  0.3182230      2.080    14.0374    306.518 -9.990e-29
      2.038     8.4505 205.077332     2.4994 6.4903e-01     0.8002    81.8687 1.3187e+00 1.9691e+00  0.3182230      2.078    14.0293    306.520 -9.990e-29
      2.036     8.4505 205.089302     2.4994 6.5116e-01     0.8002    81.8687 1.2918e+00 1.9691e+00  0.3186388      2.076    14.0305    306.538 -9.990e-29
      2.034     8.4503 205.101272     2.4982 6.5330e-01     0.8015    81.8426 1.3077e+00 1.9691e+00  0.3186388      2.074    14.0235    306.558 -9.990e-29
      2.032     8.4502 205.077332     2.4969 6.5974e-01     0.8028    81.8164 1.3407e+00 1.9691e+00  0.3186388      2.072    14.0135    306.523 -9.990e-29
      2.028     8.4505 205.077332     2.4982 6.6842e-01     0.8028    81.8164 1.3541e+00 1.9691e+00  0.3186388      2.068    14.0225    306.520 -9.990e-29
      2.025     8.4507 205.077332     2.5006 6.7060e-01     0.8015    81.8426 1.3358e+00 1.9691e+00  0.3186388      2.065    14.0390    306.518 -9.990e-29
      2.021     8.4513 205.077331     2.4994 6.7499e-01     0.8015    81.8426 1.3150e+00 1.9691e+00  0.3182230      2.061    14.0306    306.513 -9.990e-29
      2.016     8.4518 205.077331     2.4994 6.8162e-01     0.8015    81.8426 1.3077e+00 1.9691e+00  0.3182230      2.056    14.0304    306.508 -9.990e-29
      2.010     8.4520 205.089300     2.4994 6.8607e-01     0.8015    81.8426 1.3065e+00 1.9691e+00  0.3186388      2.050    14.0293    306.524 -9.990e-29
      2.005     8.4517 205.101271     2.4994 6.9054e-01     0.8002    81.8687 1.2979e+00 1.9691e+00  0.3186388      2.045    14.0295    306.545 -9.990e-29
      1.997     8.4515 205.053391     2.4994 7.1561e-01     0.8015    81.8426 1.3114e+00 1.9691e+00  0.3186388      2.036    14.0297    306.475 -9.990e-29
      1.988     8.4518 205.113240     2.4994 7.2491e-01     0.8015    81.8426 1.3126e+00 1.9691e+00  0.3182230      2.027    14.0297    306.562 -9.990e-29
      1.979     8.4517 205.089300     2.4994 7.2726e-01     0.8002    81.8687 1.2979e+00 1.9691e+00  0.3186388      2.018    14.0308    306.527 -9.990e-29
      1.970     8.4518 205.077330     2.5018 7.5106e-01     0.8002    81.8687 1.2857e+00 1.9691e+00  0.3186388      2.009    14.0474    306.508 -9.990e-29
      1.961     8.4523 205.041420     2.5006 7.6076e-01     0.8002    81.8687 1.2759e+00 1.9691e+00  0.3182230      2.000    14.0389    306.450 -9.990e-29
      1.952     8.4527 205.077328     2.4994 7.6321e-01     0.8015    81.8426 1.2869e+00 1.9691e+00  0.3186388      1.990    14.0305    306.500 -9.990e-29
      1.943     8.4528 205.077329     2.4994 7.7802e-01     0.8002    81.8687 1.3126e+00 1.9691e+00  0.3186388      1.981    14.0305    306.499 -9.990e-29
      1.934     8.4528 205.041418     2.4994 7.8803e-01     0.8002    81.8687 1.3101e+00 1.9691e+00  0.3186388      1.972    14.0283    306.445 -9.990e-29
      1.924     8.4524 205.065358     2.4994 7.9056e-01     0.8015    81.8426 1.3016e+00 1.9691e+00  0.3186388      1.962    14.0274    306.485 -9.990e-29
      1.916     8.4527 205.089298     2.4994 7.9056e-01     0.7989    81.8949 1.2882e+00 1.9691e+00  0.3186388      1.954    14.0282    306.518 -9.990e-29
      1.906     8.4533 205.125209     2.4982 7.9056e-01     0.7964    81.9471 1.2723e+00 1.9691e+00  0.3186388      1.944    14.0196    306.566 -9.990e-29
      1.895     8.4535 205.041416     2.4982 7.9056e-01     0.7977    81.9210 1.2747e+00 1.9691e+00  0.3186388      1.932    14.0195    306.439 -9.990e-29
      1.885     8.4535 205.077328     2.4994 7.8051e-01     0.7989    81.8949 1.2979e+00 1.9691e+00  0.3186388      1.922    14.0277    306.492 -9.990e-29
      1.874     8.4536 205.137178     2.4994 7.7058e-01     0.7977    81.9210 1.3150e+00 1.9691e+00  0.3186388      1.911    14.0287    306.581 -9.990e-29
      1.862     8.4536 205.065355     2.4994 7.6812e-01     0.7989    81.8949 1.3358e+00 1.9691e+00  0.3186388      1.899    14.0296    306.474 -9.990e-29
      1.852     8.4539 205.113236     2.5006 7.6812e-01     0.7977    81.9210 1.3431e+00 1.9691e+00  0.3186388      1.889    14.0378    306.542 -9.990e-29
      1.842     8.4539 205.137176     2.5006 7.6566e-01     0.7977    81.9210 1.3309e+00 1.9691e+00  0.3186388      1.878    14.0377    306.578 -9.990e-29
      1.831     8.4539 205.089295     2.4994 7.6321e-01     0.7977    81.9210 1.3101e+00 1.9691e+00  0.3186388      1.867    14.0283    306.507 -9.990e-29
      1.820     8.4539 205.041415     2.4994 7.6812e-01     0.7989    81.8949 1.3028e+00 1.9691e+00  0.3186388      1.856    14.0270    306.435 -9.990e-29
      1.811     8.4539 205.065355     2.4994 7.7802e-01     0.7977    81.9210 1.3077e+00 1.9691e+00  0.3190546      1.847    14.0257    306.471 -9.990e-29
      1.802     8.4538 205.113235     2.4994 7.8051e-01     0.7964    81.9471 1.3138e+00 1.9691e+00  0.3190546      1.838    14.0265    306.543 -9.990e-29
      1.793     8.4536 205.089295     2.4994 7.8803e-01     0.7977    81.9210 1.3199e+00 1.9691e+00  0.3186388      1.828    14.0264    306.509 -9.990e-29
      1.784     8.4535 205.029446     2.4982 8.1616e-01     0.7989    81.8949 1.3455e+00 1.9691e+00  0.3186388      1.819    14.0179    306.421 -9.990e-29
      1.774     8.4528 205.029445     2.4994 8.2923e-01     0.7977    81.9210 1.3797e+00 1.9691e+00  0.3186388      1.809    14.0262    306.427 -9.990e-29
      1.765     8.4530 204.993535     2.4994 8.3187e-01     0.7977    81.9210 1.4090e+00 1.9691e+00  0.3186388      1.800    14.0259    306.372 -9.990e-29
      1.757     8.4530 205.089295     2.4994 8.5594e-01     0.8002    81.8687 1.4237e+00 1.9691e+00  0.3186388      1.792    14.0257    306.515 -9.990e-29
      1.749     8.4530 205.065355     2.5006 8.6958e-01     0.8002    81.8687 1.4298e+00 1.9691e+00  0.3186388      1.783    14.0337    306.479 -9.990e-29
      1.742     8.4524 205.125205     2.4994 8.6958e-01     0.8002    81.8687 1.4420e+00 1.9691e+00  0.3186388      1.776    14.0254    306.574 -9.990e-29
      1.736     8.4524 205.065354     2.4994 8.8620e-01     0.8002    81.8687 1.4628e+00 1.9691e+00  0.3190546      1.770    14.0274    306.485 -9.990e-29
      1.730     8.4521 205.041415     2.4994 9.0027e-01     0.8015    81.8426 1.4933e+00 1.9691e+00  0.3190546      1.764    14.0274    306.452 -9.990e-29
      1.726     8.4524 205.113234     2.4994 9.0027e-01     0.8015    81.8426 1.5433e+00 1.9691e+00  0.3186388      1.760    14.0262    306.556 -9.990e-29
      1.722     8.4528 205.065355     2.4994 8.8900e-01     0.8015    81.8426 1.6044e+00 1.9691e+00  0.3190546      1.756    14.0281    306.481 -9.990e-29
      1.717     8.4530 205.041415     2.4994 8.8341e-01     0.8028    81.8164 1.6349e+00 1.9691e+00  0.3190546      1.751    14.0289    306.443 -9.990e-29
      1.711     8.4530 205.077323     2.4994 8.8063e-01     0.8028    81.8164 1.6459e+00 1.9691e+00  0.3186388      1.745    14.0267    306.497 -9.990e-29
      1.706     8.4528 205.053384     2.4994 8.8063e-01     0.8015    81.8426 1.6508e+00 1.9691e+00  0.3186388      1.740    14.0257    306.463 -9.990e-29
      1.702     8.4530 205.065353     2.4994 8.8063e-01     0.8015    81.8426 1.6288e+00 1.9691e+00  0.3182230      1.736    14.0245    306.479 -9.990e-29
      1.699     8.4530 205.077323     2.4994 8.8063e-01     0.8028    81.8164 1.5946e+00 1.9691e+00  0.3182230      1.732    14.0234    306.497 -9.990e-29
      1.696     8.4530 205.113233     2.5006 8.7509e-01     0.8015    81.8426 1.5482e+00 1.9691e+00  0.3186388      1.729    14.0316    306.551 -9.990e-29
      1.695     8.4528 205.137173     2.4994 8.6958e-01     0.8002    81.8687 1.4860e+00 1.9691e+00  0.3182230      1.728    14.0233    306.588 -9.990e-29
      1.695     8.4530 205.137173     2.4994 8.6684e-01     0.8002    81.8687 1.4335e+00 1.9691e+00  0.3186388      1.728    14.0231    306.586 -9.990e-29
      1.696     8.4530 205.089294     2.4994 8.6410e-01     0.8002    81.8687 1.4127e+00 1.9691e+00  0.3182230      1.729    14.0241    306.515 -9.990e-29
      1.697     8.4530 205.041413     2.4994 8.5324e-01     0.7977    81.9210 1.4200e+00 1.9691e+00  0.3182230      1.730    14.0252    306.443 -9.990e-29
      1.698     8.4531 205.065353     2.5006 8.5324e-01     0.7989    81.8949 1.4347e+00 1.9691e+00  0.3182230      1.731    14.0334    306.478 -9.990e-29
      1.700     8.4530 205.161114     2.4994 8.5324e-01     0.8002    81.8687 1.4298e+00 1.9691e+00  0.3186388      1.734    14.0252    306.622 -9.990e-29
      1.702     8.4531 205.053385     2.4994 8.6137e-01     0.8002    81.8687 1.4164e+00 1.9691e+00  0.3186388      1.736    14.0251    306.460 -9.990e-29
      1.705     8.4530 205.053382     2.4994 8.6410e-01     0.7989    81.8949 1.3968e+00 1.9691e+00  0.3186388      1.739    14.0252    306.461 -9.990e-29
      1.708     8.4524 205.089295     2.4994 8.6684e-01     0.7989    81.8949 1.3748e+00 1.9691e+00  0.3186388      1.742    14.0254    306.520 -9.990e-29
      1.712     8.4524 205.101264     2.4994 8.8900e-01     0.7977    81.9210 1.3529e+00 1.9691e+00  0.3186388      1.746    14.0244    306.538 -9.990e-29
      1.715     8.4524 205.077325     2.4994 8.9744e-01     0.8002    81.8687 1.3370e+00 1.9691e+00  0.3186388      1.749    14.0233    306.503 -9.990e-29
      1.718     8.4523 205.029444     2.4994 9.0027e-01     0.8015    81.8426 1.3309e+00 1.9691e+00  0.3186388      1.752    14.0244    306.432 -9.990e-29
      1.723     8.4523 205.053384     2.4994 9.1453e-01     0.8015    81.8426 1.3284e+00 1.9691e+00  0.3182230      1.757    14.0243    306.468 -9.990e-29
      1.729     8.4527 205.113235     2.4994 9.2319e-01     0.8015    81.8426 1.3394e+00 1.9691e+00  0.3186388      1.763    14.0252    306.553 -9.990e-29
      1.736     8.4524 205.065354     2.4994 9.2609e-01     0.8015    81.8426 1.3578e+00 1.9691e+00  0.3186388      1.770    14.0254    306.485 -9.990e-29
      1.744     8.4523 205.065355     2.4982 9.4072e-01     0.8028    81.8164 1.3834e+00 1.9691e+00  0.3186388      1.778    14.0161    306.486 -9.990e-29
      1.751     8.4521 205.041416     2.4982 9.5257e-01     0.8028    81.8164 1.3895e+00 1.9691e+00  0.3186388      1.786    14.0162    306.452 -9.990e-29
      1.757     8.4521 205.041415     2.5018 9.5257e-01     0.8015    81.8426 1.3919e+00 1.9691e+00  0.3186388      1.792    14.0412    306.452 -9.990e-29
      1.763     8.4520 205.077325     2.5006 9.5556e-01     0.8028    81.8164 1.3932e+00 1.9691e+00  0.3186388      1.798    14.0330    306.506 -9.990e-29
      1.770     8.4521 205.077325     2.4969 9.6155e-01     0.8028    81.8164 1.3907e+00 1.9691e+00  0.3186388      1.805    14.0074    306.505 -9.990e-29
      1.778     8.4520 205.077325     2.4982 9.6155e-01     0.8028    81.8164 1.4151e+00 1.9691e+00  0.3186388      1.813    14.0165    306.506 -9.990e-29
      1.787     8.4521 205.077326     2.4994 9.4367e-01     0.8028    81.8164 1.4493e+00 1.9691e+00  0.3182230      1.822    14.0258    306.505 -9.990e-29
      1.796     8.4521 205.077326     2.4994 9.2319e-01     0.8015    81.8426 1.4505e+00 1.9691e+00  0.3182230      1.831    14.0259    306.505 -9.990e-29
      1.805     8.4521 205.113236     2.4994 9.2029e-01     0.8028    81.8164 1.4383e+00 1.9691e+00  0.3182230      1.841    14.0237    306.559 -9.990e-29
      1.814     8.4520 205.101266     2.4994 9.1453e-01     0.8040    81.7903 1.4042e+00 1.9691e+00  0.3178073      1.850    14.0239    306.542 -9.990e-29
      1.824     8.4521 205.077326     2.4994 9.0595e-01     0.8028    81.8164 1.3748e+00 1.9691e+00  0.3182230      1.860    14.0241    306.505 -9.990e-29
      1.834     8.4520 205.029448     2.4994 9.0310e-01     0.8028    81.8164 1.3712e+00 1.9691e+00  0.3182230      1.870    14.0243    306.435 -9.990e-29
      1.843     8.4520 205.017478     2.4994 8.8900e-01     0.8028    81.8164 1.3553e+00 1.9691e+00  0.3182230      1.879    14.0256    306.417 -9.990e-29
      1.852     8.4520 205.077326     2.4994 8.5324e-01     0.8015    81.8426 1.3407e+00 1.9691e+00  0.3182230      1.889    14.0257    306.506 -9.990e-29
      1.862     8.4520 205.101267     2.4994 8.4249e-01     0.8002    81.8687 1.3431e+00 1.9691e+00  0.3182230      1.899    14.0248    306.542 -9.990e-29
      1.873     8.4521 205.101267     2.4994 8.3452e-01     0.8028    81.8164 1.3529e+00 1.9691e+00  0.3182230      1.910    14.0240    306.541 -9.990e-29
      1.884     8.4520 205.101269     2.4994 7.9562e-01     0.8015    81.8426 1.3565e+00 1.9691e+00  0.3182230      1.921    14.0244    306.542 -9.990e-29
      1.894     8.4521 205.077328     2.4994 7.7802e-01     0.8002    81.8687 1.3626e+00 1.9691e+00  0.3182230      1.931    14.0247    306.505 -9.990e-29
      1.904     8.4520 205.089297     2.4994 7.7553e-01     0.7989    81.8949 1.3748e+00 1.9691e+00  0.3182230      1.942    14.0250    306.524 -9.990e-29
      1.916     8.4521 205.125210     2.4982 7.4146e-01     0.8002    81.8687 1.3810e+00 1.9691e+00  0.3182230      1.954    14.0170    306.577 -9.990e-29
      1.927     8.4523 205.089298     2.5006 7.2726e-01     0.8015    81.8426 1.3993e+00 1.9691e+00  0.3182230      1.965    14.0339    306.521 -9.990e-29
      1.937     8.4520 205.077329     2.4994 7.2491e-01     0.8002    81.8687 1.3822e+00 1.9691e+00  0.3182230      1.975    14.0250    306.506 -9.990e-29
      1.948     8.4521 205.077330     2.4994 7.1099e-01     0.8002    81.8687 1.3419e+00 1.9691e+00  0.3182230      1.986    14.0243    306.505 -9.990e-29
      1.959     8.4523 205.113239     2.4994 7.0184e-01     0.8002    81.8687 1.3260e+00 1.9691e+00  0.3182230      1.998    14.0225    306.557 -9.990e-29
      1.970     8.4520 205.041420     2.4982 6.9957e-01     0.7989    81.8949 1.3284e+00 1.9691e+00  0.3182230      2.009    14.0148    306.453 -9.990e-29
      1.982     8.4517 205.077330     2.4994 6.8830e-01     0.8002    81.8687 1.3297e+00 1.9691e+00  0.3182230      2.021    14.0227    306.509 -9.990e-29
      1.994     8.4520 205.101271     2.4994 6.7940e-01     0.8002    81.8687 1.3162e+00 1.9691e+00  0.3182230      2.033    14.0220    306.542 -9.990e-29
      2.004     8.4517 205.029451     2.4994 6.7719e-01     0.8002    81.8687 1.3272e+00 1.9691e+00  0.3182230      2.044    14.0257    306.437 -9.990e-29
      2.013     8.4523 205.077329     2.4994 6.7499e-01     0.8002    81.8687 1.3407e+00 1.9691e+00  0.3182230      2.053    14.0280    306.503 -9.990e-29
      2.022     8.4520 205.053391     2.4994 6.7279e-01     0.8002    81.8687 1.3346e+00 1.9691e+00  0.3182230      2.062    14.0263    306.470 -9.990e-29
      2.031     8.4521 205.077331     2.5006 6.7279e-01     0.8002    81.8687 1.3211e+00 1.9691e+00  0.3182230      2.071    14.0339    306.505 -9.990e-29
