data/05_metadata_exports/SeabirdData/202305_SeabirdData/83226_stn65-night.cnv
* Sea-Bird SBE 9 Data File:
* FileName = C:\Users\rosette\Rosette Data\2023\Ontario CSMI\stn65-night.hex
* Software Version Seasave V 7.26.6.26
* Temperature SN = 5270
* Conductivity SN = 1168
* Number of Bytes Per Scan = 40
* Number of Voltage Words = 5
* Number of Scans Averaged by the Deck Unit = 1
* NMEA Latitude = 43 25.39 N
* NMEA Longitude = 076 53.00 W
* NMEA UTC (Time) = Sep 30 2003  09:27:00
* NMEA baud rate = 4800
** Ship: Lake Guardian
** Cruise: Summer Survey 2022 Ontario CSMI LFWS
** Station:  stn65-night
# nquan = 14                                
# nvalues = 16934                       
# units = specified
# name 0 = prDM: Pressure, Digiquartz [db]
# name 1 = t090C: Temperature [ITS-90, deg C]
# name 2 = c0uS/cm: Conductivity [uS/cm]
# name 3 = sbeox0V: Oxygen raw, SBE 43 [V]
# name 4 = par: PAR/Irradiance, Biospherical/Licor
# name 5 = bat: Beam Attenuation, Chelsea/Seatech [1/m]
# name 6 = xmiss: Beam Transmission, Chelsea/Seatech [%]
# name 7 = flSP: Fluorescence, Seapoint
# name 8 = spar: SPAR, Biospherical/Licor
# name 9 = upoly0: Upoly 0, Suna Nitrate
# name 10 = depFM: Depth [fresh water, m], lat = 43.4232
# name 11 = sbeox0Mg/L: Oxygen, SBE 43 [mg/l], WS = 2
# name 12 = specc: Specific Conductance [uS/cm]
# name 13 = flag: flag
# span 0 =     -0.275,    139.180       
# span 1 =     3.9478,     8.5740       
# span 2 =   5.566366, 425.288352       
# span 3 =     2.0305,     2.5031       
# span 4 = 1.0000e-12, 2.2746e+00       
# span 5 =     0.0417,     6.7651       
# span 6 =    18.4283,    98.9639       
# span 7 = 3.1746e-02, 1.8742e+00       
# span 8 = 0.0000e+00, 5.9073e+00       
# span 9 =  0.0737546,  0.4017913       
# span 10 =     -0.280,    141.924      
# span 11 =    10.7225,    14.2048      
# span 12 =      8.306,    634.481      
# span 13 = 0.0000e+00, 0.0000e+00      
# interval = seconds: 0.0416667
# start_time = Sep 30 2003 09:27:00 [NMEA time, header]
# bad_flag = -9.990e-29
*END*
[from data line 5368]
     23.253     5.8879 191.420387     2.3846 1.0000e-12     0.7545    82.8097 1.3016e+00 1.9691e+00  0.3385954     23.711    13.9057    309.849 0.0000e+00
     23.276     5.8821 191.444293     2.3846 1.0000e-12     0.7558    82.7836 1.2894e+00 1.9691e+00  0.3390112     23.735    13.9085    309.946 0.0000e+00
     23.299     5.8763 191.408443     2.3834 1.0000e-12     0.7558    82.7836 1.2735e+00 1.9691e+00  0.3390112     23.758    13.9015    309.946 0.0000e+00
     23.323     5.8704 191.384545     2.3822 1.0000e-12     0.7558    82.7836 1.2601e+00 1.9691e+00  0.3390112     23.783    13.8949    309.967 0.0000e+00
     23.347     5.8661 191.396500     2.3810 1.0000e-12     0.7558    82.7836 1.2393e+00 1.9691e+00  0.3390112     23.807    13.8880    310.029 0.0000e+00
     23.371     5.8625 191.408452     2.3797 1.0000e-12     0.7545    82.8097 1.2186e+00 1.9691e+00  0.3390112     23.832    13.8792    310.085 0.0000e+00
     23.395     5.8600 191.408456     2.3797 1.0000e-12     0.7570    82.7575 1.2088e+00 1.9691e+00  0.3390112     23.856    13.8787    310.110 0.0000e+00
     23.419     5.8582 191.408456     2.3797 1.0000e-12     0.7570    82.7575 1.2137e+00 1.9691e+00  0.3390112     23.881    13.8782    310.128 0.0000e+00
     23.442     5.8572 191.336751     2.3785 1.0000e-12     0.7570    82.7575 1.2259e+00 1.9691e+00  0.3390112     23.904    13.8688    310.022 0.0000e+00
     23.467     5.8563 191.360654     2.3773 1.0000e-12     0.7558    82.7836 1.2210e+00 1.9691e+00  0.3390112     23.930    13.8611    310.069 0.0000e+00
     23.493     5.8550 191.384558     2.3773 1.0000e-12     0.7570    82.7575 1.2173e+00 1.9691e+00  0.3390112     23.956    13.8615    310.121 0.0000e+00
     23.518     5.8540 191.384558     2.3773 1.0000e-12     0.7570    82.7575 1.1990e+00 1.9691e+00  0.3390112     23.982    13.8634    310.131 0.0000e+00
     23.545     5.8524 191.336756     2.3761 1.0000e-12     0.7570    82.7575 1.1856e+00 1.9691e+00  0.3390112     24.009    13.8544    310.070 0.0000e+00
     23.570     5.8500 191.336759     2.3748 1.0000e-12     0.7570    82.7575 1.1868e+00 1.9691e+00  0.3390112     24.035    13.8452    310.094 0.0000e+00
     23.594     5.8481 191.372612     2.3736 1.0000e-12     0.7570    82.7575 1.1880e+00 1.9691e+00  0.3390112     24.059    13.8355    310.171 0.0000e+00
     23.619     5.8462 191.420419     2.3724 1.0000e-12     0.7520    82.8620 1.1868e+00 1.9691e+00  0.3390112     24.085    13.8275    310.268 0.0000e+00
     23.644     5.8441 191.456275     2.3712 1.0000e-12     0.7482    82.9404 1.1844e+00 1.9691e+00  0.3390112     24.110    13.8187    310.347 0.0000e+00
     23.668     5.8407 191.420423     2.3712 1.0000e-12     0.7469    82.9666 1.1795e+00 1.9691e+00  0.3390112     24.135    13.8196    310.323 0.0000e+00
     23.691     5.8372 191.408474     2.3700 1.0000e-12     0.7469    82.9666 1.1709e+00 1.9691e+00  0.3390112     24.158    13.8105    310.339 0.0000e+00
     23.716     5.8332 191.384575     2.3687 1.0000e-12     0.7206    83.5155 1.1624e+00 1.9691e+00  0.3390112     24.184    13.7987    310.341 0.0000e+00
     23.741     5.8289 191.384579     2.3675 1.0000e-12     0.6856    84.2474 1.1587e+00 1.9691e+00  0.3394269     24.209    13.7906    310.384 0.0000e+00
     23.765     5.8234 191.396534     2.3675 1.0000e-12     0.6745    84.4827 1.1600e+00 1.9691e+00  0.3415058     24.234    13.7923    310.459 0.0000e+00
     23.789     5.8183 191.288977     2.3675 1.0000e-12     0.6770    84.4304 1.1685e+00 1.9691e+00  0.3431688     24.258    13.7954    310.336 0.0000e+00
     23.812     5.8122 191.288981     2.3663 1.0000e-12     0.6782    84.4042 1.1746e+00 1.9691e+00  0.3435846     24.281    13.7890    310.397 0.0000e+00
     23.836     5.8052 191.265084     2.3651 1.0000e-12     0.6782    84.4042 1.1758e+00 1.9691e+00  0.3435846     24.306    13.7820    310.429 0.0000e+00
     23.861     5.7995 191.277039     2.3651 1.0000e-12     0.6782    84.4042 1.1685e+00 1.9691e+00  0.3431688     24.331    13.7837    310.506 0.0000e+00
     23.885     5.7934 191.217289     2.3639 1.0000e-12     0.6794    84.3781 1.1600e+00 1.9691e+00  0.3431688     24.356    13.7771    310.470 0.0000e+00
     23.910     5.7876 191.169488     2.3626 1.0000e-12     0.6794    84.3781 1.1514e+00 1.9691e+00  0.3435846     24.381    13.7700    310.451 0.0000e+00
     23.933     5.7815 191.133641     2.3626 1.0000e-12     0.6782    84.4042 1.1563e+00 1.9691e+00  0.3435846     24.405    13.7732    310.454 0.0000e+00
     23.957     5.7759 191.109743     2.3614 1.0000e-12     0.6782    84.4042 1.1624e+00 1.9691e+00  0.3431688     24.429    13.7663    310.472 0.0000e+00
     23.980     5.7698 191.073894     2.3602 1.0000e-12     0.6782    84.4042 1.1819e+00 1.9691e+00  0.3431688     24.453    13.7586    310.475 0.0000e+00
     24.003     5.7635 191.049998     2.3602 1.0000e-12     0.6782    84.4042 1.1832e+00 1.9691e+00  0.3435846     24.476    13.7616    310.500 0.0000e+00
     24.026     5.7570 191.061952     2.3590 1.0000e-12     0.6770    84.4304 1.1697e+00 1.9691e+00  0.3435846     24.500    13.7561    310.585 0.0000e+00
     24.049     5.7510 191.002204     2.3590 1.0000e-12     0.6782    84.4042 1.1538e+00 1.9691e+00  0.3435846     24.523    13.7597    310.549 0.0000e+00
     24.070     5.7452 191.002207     2.3578 1.0000e-12     0.6782    84.4042 1.1380e+00 1.9691e+00  0.3435846     24.545    13.7533    310.607 0.0000e+00
     24.092     5.7396 191.014161     2.3578 1.0000e-12     0.6695    84.5872 1.1600e+00 1.9691e+00  0.3435846     24.567    13.7574    310.683 0.0000e+00
     24.114     5.7350 191.038067     2.3565 1.0000e-12     0.6597    84.7963 1.1758e+00 1.9691e+00  0.3431688     24.589    13.7506    310.769 0.0000e+00
     24.135     5.7312 191.014168     2.3553 1.0000e-12     0.6597    84.7963 1.1709e+00 1.9691e+00  0.3435846     24.611    13.7447    310.768 0.0000e+00
     24.155     5.7260 190.942468     2.3541 1.0000e-12     0.6597    84.7963 1.1697e+00 1.9691e+00  0.3435846     24.631    13.7395    310.704 0.0000e+00
     24.176     5.7211 190.822966     2.3541 1.0000e-12     0.6597    84.7963 1.1697e+00 1.9691e+00  0.3431688     24.653    13.7424    310.559 0.0000e+00
     24.197     5.7144 190.775170     2.3529 1.0000e-12     0.6597    84.7963 1.1697e+00 1.9691e+00  0.3435846     24.674    13.7360    310.549 0.0000e+00
     24.219     5.7089 190.703472     2.3529 1.0000e-12     0.6597    84.7963 1.1661e+00 1.9691e+00  0.3435846     24.697    13.7371    310.488 0.0000e+00
     24.239     5.7033 190.643724     2.3516 1.0000e-12     0.6597    84.7963 1.1526e+00 1.9691e+00  0.3435846     24.717    13.7302    310.447 0.0000e+00
     24.260     5.6967 190.595929     2.3492 1.0000e-12     0.6584    84.8225 1.1355e+00 1.9691e+00  0.3435846     24.738    13.7145    310.436 0.0000e+00
     24.280     5.6922 190.595932     2.3504 1.0000e-12     0.6597    84.7963 1.1282e+00 1.9691e+00  0.3435846     24.759    13.7239    310.482 0.0000e+00
     24.299     5.6884 190.572034     2.3492 1.0000e-12     0.6770    84.4304 1.1441e+00 1.9691e+00  0.3435846     24.778    13.7142    310.481 0.0000e+00
     24.318     5.6834 190.536188     2.3492 1.0000e-12     0.6981    83.9860 1.1538e+00 1.9691e+00  0.3435846     24.797    13.7141    310.474 0.0000e+00
     24.337     5.6785 190.464492     2.3480 1.0000e-12     0.6757    84.4565 1.1770e+00 1.9691e+00  0.3440003     24.817    13.7068    310.406 0.0000e+00
     24.355     5.6730 190.368896     2.3468 1.0000e-12     0.6597    84.7963 1.2186e+00 1.9691e+00  0.3444161     24.835    13.7002    310.306 0.0000e+00
     24.373     5.6675 190.333050     2.3455 1.0000e-12     0.6572    84.8486 1.2796e+00 1.9691e+00  0.3444161     24.854    13.6918    310.303 0.0000e+00
     24.391     5.6619 190.297205     2.3443 1.0000e-12     0.6597    84.7963 1.3101e+00 1.9691e+00  0.3444161     24.872    13.6859    310.302 0.0000e+00
     24.410     5.6566 190.321110     2.3443 1.0000e-12     0.6609    84.7702 1.3101e+00 1.9691e+00  0.3444161     24.891    13.6879    310.394 0.0000e+00
     24.427     5.6509 190.237465     2.3443 1.0000e-12     0.6609    84.7702 1.3089e+00 1.9691e+00  0.3444161     24.909    13.6891    310.316 0.0000e+00
     24.443     5.6465 190.165770     2.3431 1.0000e-12     0.6745    84.4827 1.2967e+00 1.9691e+00  0.3444161     24.925    13.6825    310.243 0.0000e+00
     24.460     5.6408 190.094078     2.3419 1.0000e-12     0.6733    84.5088 1.3126e+00 1.9691e+00  0.3444161     24.942    13.6754    310.184 0.0000e+00
     24.477     5.6341 189.938741     2.3419 1.0000e-12     0.6671    84.6395 1.3333e+00 1.9691e+00  0.3444161     24.960    13.6780    309.998 0.0000e+00
     24.493     5.6260 189.926798     2.3407 1.0000e-12     0.6757    84.4565 1.3309e+00 1.9691e+00  0.3444161     24.976    13.6724    310.061 0.0000e+00
     24.510     5.6195 189.902904     2.3407 1.0000e-12     0.6881    84.1951 1.3016e+00 1.9691e+00  0.3444161     24.993    13.6742    310.088 0.0000e+00
     24.526     5.6147 189.807314     2.3394 1.0000e-12     0.6931    84.0906 1.2808e+00 1.9691e+00  0.3444161     25.010    13.6661    309.980 0.0000e+00
     24.542     5.6101 189.807318     2.3394 1.0000e-12     0.6943    84.0644 1.2796e+00 1.9691e+00  0.3444161     25.026    13.6681    310.027 0.0000e+00
     24.558     5.6065 189.831217     2.3370 1.0000e-12     0.6981    83.9860 1.2967e+00 1.9691e+00  0.3444161     25.042    13.6533    310.102 0.0000e+00
     24.574     5.6033 189.795374     2.3370 1.0000e-12     0.6981    83.9860 1.3370e+00 1.9691e+00  0.3448319     25.059    13.6554    310.076 0.0000e+00
     24.587     5.5979 189.807326     2.3370 1.0000e-12     0.6993    83.9599 1.3602e+00 1.9691e+00  0.3448319     25.072    13.6574    310.150 0.0000e+00
     24.601     5.5931 189.819277     2.3358 1.0000e-12     0.7006    83.9337 1.3736e+00 1.9691e+00  0.3444161     25.086    13.6491    310.219 0.0000e+00
     24.616     5.5879 189.831231     2.3346 1.0000e-12     0.7006    83.9337 1.3541e+00 1.9691e+00  0.3444161     25.101    13.6426    310.291 0.0000e+00
     24.631     5.5830 189.914878     2.3333 1.0000e-12     0.7006    83.9337 1.3333e+00 1.9691e+00  0.3444161     25.117    13.6343    310.477 0.0000e+00
     24.645     5.5781 189.974627     2.3333 1.0000e-12     0.7006    83.9337 1.3492e+00 1.9691e+00  0.3444161     25.131    13.6362    310.625 0.0000e+00
     24.658     5.5730 189.962681     2.3321 1.0000e-12     0.7006    83.9337 1.4042e+00 1.9691e+00  0.3444161     25.144    13.6282    310.657 0.0000e+00
     24.671     5.5686 189.938786     2.3309 1.0000e-12     0.7006    83.9337 1.4274e+00 1.9691e+00  0.3444161     25.157    13.6189    310.663 0.0000e+00
     24.683     5.5646 189.974635     2.3297 1.0000e-12     0.7006    83.9337 1.4237e+00 1.9691e+00  0.3444161     25.170    13.6112    310.762 0.0000e+00
     24.695     5.5601 189.879045     2.3284 1.0000e-12     0.7006    83.9337 1.4286e+00 1.9691e+00  0.3444161     25.182    13.6034    310.651 0.0000e+00
     24.709     5.5574 189.902945     2.3284 1.0000e-12     0.6993    83.9599 1.4335e+00 1.9691e+00  0.3444161     25.196    13.6049    310.718 0.0000e+00
     24.722     5.5559 189.902947     2.3284 1.0000e-12     0.6943    84.0644 1.4408e+00 1.9691e+00  0.3448319     25.209    13.6051    310.733 0.0000e+00
     24.736     5.5529 189.926848     2.3272 1.0000e-12     0.6547    84.9009 1.4615e+00 1.9691e+00  0.3452476     25.224    13.5973    310.803 0.0000e+00
     24.749     5.5494 189.950748     2.3272 1.0000e-12     0.6339    85.3453 1.4811e+00 1.9691e+00  0.3460791     25.237    13.5976    310.878 0.0000e+00
     24.761     5.5471 190.034394     2.3260 1.0000e-12     0.6241    85.5544 1.4774e+00 1.9691e+00  0.3460791     25.249    13.5887    311.038 0.0000e+00
     24.773     5.5449 190.058295     2.3248 1.0000e-12     0.5985    86.1033 1.4518e+00 1.9691e+00  0.3460791     25.261    13.5802    311.099 0.0000e+00
     24.785     5.5431 190.022447     2.3248 1.0000e-12     0.5900    86.2863 1.4151e+00 1.9691e+00  0.3460791     25.274    13.5823    311.059 0.0000e+00
     24.798     5.5418 190.058297     2.3236 1.0000e-12     0.5900    86.2863 1.3956e+00 1.9691e+00  0.3460791     25.287    13.5742    311.131 0.0000e+00
     24.811     5.5406 190.058297     2.3236 1.0000e-12     0.5900    86.2863 1.3980e+00 1.9691e+00  0.3460791     25.300    13.5741    311.143 0.0000e+00
     24.824     5.5391 190.094148     2.3223 1.0000e-12     0.5900    86.2863 1.4347e+00 1.9691e+00  0.3460791     25.313    13.5647    311.217 0.0000e+00
     24.836     5.5372 190.118047     2.3211 1.0000e-12     0.5924    86.2340 1.5238e+00 1.9691e+00  0.3460791     25.326    13.5566    311.276 0.0000e+00
     24.848     5.5359 190.141947     2.3199 1.0000e-12     0.5900    86.2863 1.5702e+00 1.9691e+00  0.3460791     25.338    13.5487    311.328 0.0000e+00
     24.860     5.5340 190.046354     2.3199 1.0000e-12     0.5912    86.2601 1.5421e+00 1.9691e+00  0.3460791     25.350    13.5490    311.191 0.0000e+00
     24.872     5.5311 190.130001     2.3199 1.0000e-12     0.5912    86.2601 1.5287e+00 1.9691e+00  0.3460791     25.362    13.5501    311.357 0.0000e+00
     24.885     5.5274 190.106104     2.3187 1.0000e-12     0.5912    86.2601 1.4933e+00 1.9691e+00  0.3460791     25.376    13.5402    311.356 0.0000e+00
     24.899     5.5246 190.082209     2.3175 1.0000e-12     0.5912    86.2601 1.4200e+00 1.9691e+00  0.3460791     25.390    13.5331    311.346 0.0000e+00
     24.912     5.5214 190.058312     2.3162 1.0000e-12     0.5912    86.2601 1.3480e+00 1.9691e+00  0.3460791     25.403    13.5245    311.339 0.0000e+00
     24.925     5.5186 190.022465     2.3162 1.0000e-12     0.5912    86.2601 1.3236e+00 1.9691e+00  0.3460791     25.416    13.5259    311.309 0.0000e+00
     24.939     5.5166 189.974670     2.3150 1.0000e-12     0.5912    86.2601 1.2882e+00 1.9691e+00  0.3460791     25.431    13.5172    311.251 0.0000e+00
     24.953     5.5147 189.998571     2.3138 1.0000e-12     0.5900    86.2863 1.2308e+00 1.9691e+00  0.3460791     25.445    13.5087    311.310 0.0000e+00
     24.969     5.5126 189.974671     2.3126 1.0000e-12     0.5912    86.2601 1.1551e+00 1.9691e+00  0.3460791     25.461    13.5008    311.292 0.0000e+00
     24.985     5.5099 189.986626     2.3126 1.0000e-12     0.5900    86.2863 1.0940e+00 1.9691e+00  0.3460791     25.478    13.5037    311.339 0.0000e+00
     25.001     5.5068 189.962728     2.3114 1.0000e-12     0.5912    86.2601 1.0635e+00 1.9691e+00  0.3460791     25.494    13.4968    311.331 0.0000e+00
     25.015     5.5043 189.962730     2.3114 1.0000e-12     0.5912    86.2601 1.0488e+00 1.9691e+00  0.3460791     25.508    13.4962    311.357 0.0000e+00
     25.029     5.5021 189.914934     2.3101 1.0000e-12     0.5888    86.3124 1.0379e+00 1.9691e+00  0.3460791     25.522    13.4848    311.301 0.0000e+00
     25.043     5.5001 189.879089     2.3089 1.0000e-12     0.5490    87.1750 1.0586e+00 1.9691e+00  0.3460791     25.537    13.4757    311.263 0.0000e+00
     25.058     5.4987 189.879090     2.3089 1.0000e-12     0.5287    87.6194 1.0549e+00 1.9691e+00  0.3460791     25.552    13.4771    311.277 0.0000e+00
     25.073     5.4971 189.879091     2.3077 1.0000e-12     0.5263    87.6717 1.0269e+00 1.9691e+00  0.3460791     25.567    13.4699    311.293 0.0000e+00
     25.088     5.4958 189.914940     2.3077 1.0000e-12     0.5287    87.6194 9.8413e-01 1.9691e+00  0.3444161     25.583    13.4720    311.365 0.0000e+00
     25.103     5.4940 189.867144     2.3065 1.0000e-12     0.5299    87.5933 9.6215e-01 1.9691e+00  0.3365166     25.598    13.4643    311.305 0.0000e+00
     25.120     5.4924 189.843247     2.3065 1.0000e-12     0.5287    87.6194 9.5116e-01 1.9691e+00  0.3331905     25.615    13.4645    311.283 0.0000e+00
