data/05_metadata_exports/SeabirdData/202305_SeabirdData/83233_stn66.cnv
* Sea-Bird SBE 9 Data File:
* FileName = C:\Users\rosette\Rosette Data\2023\Ontario CSMI\stn66.hex
* Software Version Seasave V 7.26.6.26
* Temperature SN = 5270
* Conductivity SN = 1168
* Number of Bytes Per Scan = 40
* Number of Voltage Words = 5
* Number of Scans Averaged by the Deck Unit = 1
* NMEA Latitude = 43 20.07 N
* NMEA Longitude = 076 50.34 W
* NMEA UTC (Time) = Sep 30 2003  11:10:49
* NMEA baud rate = 4800
** Ship: Lake Guardian
** Cruise: Summer Survey 2022 Ontario CSMI LFWS
** Station:  stn66
# nquan = 14                                
# nvalues = 18420                       
# units = specified
# name 0 = prDM: Pressure, Digiquartz [db]
# name 1 = t090C: Temperature [ITS-90, deg C]
# name 2 = c0uS/cm: Conductivity [uS/cm]
# name 3 = sbeox0V: Oxygen raw, SBE 43 [V]
# name 4 = par: PAR/Irradiance, Biospherical/Licor
# name 5 = bat: Beam Attenuation, Chelsea/Seatech [1/m]
# name 6 = xmiss: Beam Transmission, Chelsea/Seatech [%]
# name 7 = flSP: Fluorescence, Seapoint
# name 8 = spar: SPAR, Biospherical/Licor
# name 9 = upoly0: Upoly 0, Suna Nitrate
# name 10 = depFM: Depth [fresh water, m], lat = 43.3345
# name 11 = sbeox0Mg/L: Oxygen, SBE 43 [mg/l], WS = 2
# name 12 = specc: Specific Conductance [uS/cm]
# name 13 = flag: flag
# span 0 =     -0.303,     17.112       
# span 1 =    10.5166,    12.3510       
# span 2 =  10.700310, 241.997535       
# span 3 =     2.0611,     2.6264       
# span 4 = 1.1298e+00, 3.9170e+02       
# span 5 =     0.1509,    15.6750       
# span 6 =     1.9866,    96.2977       
# span 7 = 2.0757e-02, 1.9829e+00       
# span 8 = 2.6189e+02, 3.7413e+02       
# span 9 =  0.0733389,  0.3602151       
# span 10 =     -0.309,     17.449      
# span 11 =     9.9891,    14.1844      
# span 12 =     14.897,    340.585      
# span 13 = 0.0000e+00, 0.0000e+00      
# interval = seconds: 0.0416667
# start_time = Sep 30 2003 11:10:49 [NMEA time, header]
# bad_flag = -9.990e-29
*END*
[from data line 8878]
     16.672    10.5972 218.720634     2.6032 1.4951e+00     0.8711    80.4311 1.4042e+00 2.9734e+02  0.2928615     17.001    13.9807    307.194 -9.990e-29
     16.677    10.5988 218.672678     2.6032 1.4906e+00     0.8724    80.4049 1.4371e+00 2.9734e+02  0.2928615     17.006    13.9799    307.113 -9.990e-29
     16.682    10.5975 218.672678     2.6032 1.4906e+00     0.8737    80.3788 1.4286e+00 2.9734e+02  0.2928615     17.011    13.9800    307.124 -9.990e-29
     16.689    10.5934 218.684672     2.6044 1.4727e+00     0.8906    80.0390 1.4164e+00 2.9734e+02  0.2928615     17.018    13.9890    307.176 -9.990e-29
     16.694    10.5901 218.648707     2.6044 1.4683e+00     0.9261    79.3332 1.4005e+00 2.9734e+02  0.2928615     17.023    13.9889    307.154 -9.990e-29
     16.699    10.5878 218.648709     2.6032 1.4638e+00     0.9366    79.1241 1.3736e+00 2.9734e+02  0.2928615     17.028    13.9807    307.174 -9.990e-29
     16.704    10.5860 218.624733     2.6032 1.4638e+00     0.9353    79.1502 1.3626e+00 2.9734e+02  0.2924458     17.033    13.9802    307.156 -9.990e-29
     16.711    10.5850 218.648711     2.6032 1.4594e+00     0.9340    79.1764 1.3626e+00 2.9734e+02  0.2928615     17.040    13.9811    307.198 -9.990e-29
     16.718    10.5840 218.624736     2.6032 1.4638e+00     0.9340    79.1764 1.3651e+00 2.9734e+02  0.2924458     17.048    13.9812    307.173 -9.990e-29
     16.723    10.5831 218.684678     2.6044 1.4506e+00     0.9340    79.1764 1.3846e+00 2.9734e+02  0.2928615     17.053    13.9899    307.265 -9.990e-29
     16.729    10.5833 218.636725     2.6044 1.4419e+00     0.9340    79.1764 1.4066e+00 2.9734e+02  0.2924458     17.059    13.9887    307.196 -9.990e-29
     16.735    10.5860 218.648710     2.6044 1.4419e+00     0.9340    79.1764 1.4298e+00 2.9734e+02  0.2928615     17.065    13.9866    307.190 -9.990e-29
     16.742    10.5894 218.648710     2.6032 1.4332e+00     0.9340    79.1764 1.4628e+00 2.9734e+02  0.2928615     17.072    13.9765    307.160 -9.990e-29
     16.746    10.5919 218.672685     2.6032 1.4246e+00     0.9366    79.1241 1.4908e+00 2.9734e+02  0.2928615     17.076    13.9754    307.173 -9.990e-29
     16.750    10.5957 218.684671     2.6032 1.4203e+00     0.9353    79.1502 1.4872e+00 2.9734e+02  0.2928615     17.080    13.9748    307.157 -9.990e-29
     16.754    10.5986 218.684668     2.6032 1.4203e+00     0.9353    79.1502 1.4530e+00 2.9734e+02  0.2920300     17.084    13.9728    307.132 -9.990e-29
     16.759    10.6016 218.684666     2.6044 1.4160e+00     0.9353    79.1502 1.4054e+00 2.9734e+02  0.2911985     17.089    13.9786    307.106 -9.990e-29
     16.765    10.6018 218.696656     2.6044 1.4117e+00     0.9340    79.1764 1.3675e+00 2.9734e+02  0.2907827     17.096    13.9776    307.121 -9.990e-29
     16.770    10.6005 218.636713     2.6044 1.4117e+00     0.9340    79.1764 1.3419e+00 2.9734e+02  0.2907827     17.101    13.9771    307.048 -9.990e-29
     16.774    10.6003 218.624725     2.6032 1.4074e+00     0.9340    79.1764 1.3346e+00 2.9734e+02  0.2907827     17.105    13.9685    307.033 -9.990e-29
     16.778    10.6018 218.576769     2.6032 1.4032e+00     0.9340    79.1764 1.3419e+00 2.9734e+02  0.2911985     17.109    13.9680    306.952 -9.990e-29
     16.782    10.6033 218.648700     2.6032 1.4032e+00     0.9353    79.1502 1.3553e+00 2.9734e+02  0.2907827     17.113    13.9666    307.040 -9.990e-29
     16.786    10.6036 218.660688     2.6032 1.3947e+00     0.9353    79.1502 1.3541e+00 2.9734e+02  0.2911985     17.117    13.9657    307.055 -9.990e-29
     16.789    10.6005 218.600748     2.6032 1.3905e+00     0.9261    79.3332 1.3370e+00 2.9734e+02  0.2911985     17.120    13.9660    306.997 -9.990e-29
     16.792    10.5960 218.660694     2.6032 1.3905e+00     0.8893    80.0651 1.3272e+00 2.9734e+02  0.2911985     17.123    13.9669    307.120 -9.990e-29
     16.795    10.5932 218.684672     2.6032 1.3821e+00     0.8737    80.3788 1.3248e+00 2.9734e+02  0.2911985     17.126    13.9672    307.178 -9.990e-29
     16.799    10.5916 218.684675     2.6032 1.3821e+00     0.8724    80.4049 1.3346e+00 2.9734e+02  0.2911985     17.130    13.9680    307.192 -9.990e-29
     16.803    10.5904 218.648711     2.6032 1.3821e+00     0.8737    80.3788 1.3492e+00 2.9734e+02  0.2911985     17.134    13.9686    307.152 -9.990e-29
     16.804    10.5894 218.672688     2.6020 1.3696e+00     0.8750    80.3526 1.3590e+00 2.9734e+02  0.2911985     17.135    13.9622    307.194 -9.990e-29
     16.805    10.5893 218.684676     2.6020 1.3654e+00     0.8737    80.3788 1.3736e+00 2.9734e+02  0.2911985     17.136    13.9634    307.212 -9.990e-29
     16.806    10.5893 218.636722     2.6032 1.3613e+00     0.8750    80.3526 1.3883e+00 2.9734e+02  0.2911985     17.137    13.9716    307.144 -9.990e-29
     16.809    10.5901 218.624733     2.6044 1.3572e+00     0.8750    80.3526 1.3858e+00 2.9734e+02  0.2911985     17.140    13.9786    307.121 -9.990e-29
     16.811    10.5906 218.660698     2.6032 1.3572e+00     0.8750    80.3526 1.3541e+00 2.9734e+02  0.2911985     17.142    13.9700    307.167 -9.990e-29
     16.813    10.5901 218.636722     2.6032 1.3572e+00     0.8750    80.3526 1.3223e+00 2.9734e+02  0.2911985     17.144    13.9706    307.138 -9.990e-29
     16.813    10.5917 218.624731     2.6020 1.3490e+00     0.8750    80.3526 1.2930e+00 2.9734e+02  0.2911985     17.144    13.9626    307.107 -9.990e-29
     16.813    10.5930 218.684674     2.6020 1.3449e+00     0.8737    80.3788 1.2711e+00 2.9734e+02  0.2911985     17.144    13.9635    307.180 -9.990e-29
     16.813    10.5939 218.636719     2.6020 1.3408e+00     0.8724    80.4049 1.2503e+00 2.9734e+02  0.2911985     17.144    13.9645    307.105 -9.990e-29
     16.812    10.5947 218.684673     2.6032 1.3408e+00     0.8737    80.3788 1.2540e+00 2.9734e+02  0.2911985     17.143    13.9718    307.165 -9.990e-29
     16.811    10.5952 218.708650     2.6032 1.3449e+00     0.8737    80.3788 1.2857e+00 2.9734e+02  0.2911985     17.142    13.9712    307.195 -9.990e-29
     16.810    10.5952 218.708650     2.6020 1.3408e+00     0.8737    80.3788 1.3053e+00 2.9734e+02  0.2911985     17.141    13.9631    307.195 -9.990e-29
     16.810    10.5950 218.660695     2.6020 1.3449e+00     0.8724    80.4049 1.2991e+00 2.9734e+02  0.2911985     17.141    13.9638    307.129 -9.990e-29
     16.809    10.5940 218.648708     2.6020 1.3531e+00     0.8737    80.3788 1.2747e+00 2.9734e+02  0.2911985     17.140    13.9657    307.121 -9.990e-29
     16.806    10.5930 218.648708     2.6020 1.3531e+00     0.8737    80.3788 1.2234e+00 2.9734e+02  0.2911985     17.137    13.9676    307.129 -9.990e-29
     16.803    10.5924 218.672685     2.6020 1.3531e+00     0.8724    80.4049 1.2027e+00 2.9734e+02  0.2907827     17.134    13.9685    307.168 -9.990e-29
     16.800    10.5921 218.696663     2.6032 1.3490e+00     0.8659    80.5356 1.2149e+00 2.9734e+02  0.2911985     17.131    13.9764    307.204 -9.990e-29
     16.798    10.5919 218.684674     2.6020 1.3490e+00     0.8607    80.6402 1.2332e+00 2.9734e+02  0.2907827     17.129    13.9685    307.189 -9.990e-29
     16.796    10.5930 218.684674     2.6020 1.3490e+00     0.8594    80.6663 1.2589e+00 2.9734e+02  0.2911985     17.127    13.9681    307.180 -9.990e-29
     16.792    10.5935 218.684673     2.6020 1.3531e+00     0.8620    80.6140 1.2613e+00 2.9734e+02  0.2911985     17.123    13.9688    307.176 -9.990e-29
     16.788    10.5935 218.648707     2.6020 1.3572e+00     0.8607    80.6402 1.2418e+00 2.9734e+02  0.2911985     17.119    13.9688    307.125 -9.990e-29
     16.783    10.5937 218.744616     2.6020 1.3572e+00     0.8607    80.6402 1.2295e+00 2.9734e+02  0.2911985     17.114    13.9696    307.258 -9.990e-29
     16.779    10.5927 218.636719     2.6032 1.3654e+00     0.8607    80.6402 1.2320e+00 2.9734e+02  0.2911985     17.110    13.9779    307.115 -9.990e-29
     16.776    10.5921 218.660697     2.6032 1.3654e+00     0.8607    80.6402 1.2186e+00 2.9734e+02  0.2911985     17.107    13.9782    307.154 -9.990e-29
     16.770    10.5977 218.684670     2.6032 1.3654e+00     0.8607    80.6402 1.1844e+00 2.9734e+02  0.2911985     17.101    13.9763    307.139 -9.990e-29
     16.763    10.6038 218.612733     2.6032 1.3696e+00     0.8594    80.6663 1.1429e+00 2.9734e+02  0.2911985     17.093    13.9724    306.986 -9.990e-29
     16.756    10.6054 218.636709     2.6032 1.3696e+00     0.8594    80.6663 1.1270e+00 2.9734e+02  0.2911985     17.086    13.9711    307.006 -9.990e-29
     16.750    10.6033 218.720631     2.6020 1.3696e+00     0.8581    80.6924 1.1184e+00 2.9734e+02  0.2911985     17.080    13.9641    307.141 -9.990e-29
     16.743    10.6008 218.756599     2.6020 1.3779e+00     0.8581    80.6924 1.1026e+00 2.9734e+02  0.2911985     17.073    13.9662    307.214 -9.990e-29
     16.737    10.5975 218.696657     2.6032 1.3821e+00     0.8594    80.6663 1.0891e+00 2.9734e+02  0.2911985     17.067    13.9755    307.158 -9.990e-29
     16.730    10.5952 218.684671     2.6020 1.3821e+00     0.8594    80.6663 1.0794e+00 2.9734e+02  0.2911985     17.060    13.9678    307.161 -9.990e-29
     16.723    10.5959 218.648705     2.6032 1.3863e+00     0.8581    80.6924 1.0769e+00 2.9734e+02  0.2911985     17.053    13.9739    307.104 -9.990e-29
     16.715    10.5975 218.648702     2.6032 1.3989e+00     0.8581    80.6924 1.0647e+00 2.9734e+02  0.2911985     17.045    13.9719    307.090 -9.990e-29
     16.707    10.5990 218.696657     2.6020 1.4032e+00     0.8581    80.6924 1.0647e+00 2.9734e+02  0.2911985     17.036    13.9621    307.145 -9.990e-29
     16.698    10.5990 218.732622     2.6020 1.4032e+00     0.8581    80.6924 1.0684e+00 2.9734e+02  0.2911985     17.027    13.9617    307.195 -9.990e-29
     16.688    10.5986 218.696656     2.6020 1.4117e+00     0.8581    80.6924 1.0708e+00 2.9734e+02  0.2911985     17.017    13.9624    307.148 -9.990e-29
     16.679    10.5998 218.660689     2.6032 1.4160e+00     0.8542    80.7709 1.0879e+00 2.9734e+02  0.2911985     17.008    13.9686    307.087 -9.990e-29
     16.671    10.6003 218.696655     2.6032 1.4160e+00     0.8503    80.8493 1.1123e+00 2.9734e+02  0.2911985     17.000    13.9672    307.134 -9.990e-29
     16.662    10.6001 218.684665     2.6032 1.4375e+00     0.8490    80.8754 1.1258e+00 2.9734e+02  0.2911985     16.991    13.9661    307.119 -9.990e-29
     16.655    10.5998 218.636711     2.6020 1.4463e+00     0.8490    80.8754 1.1477e+00 2.9930e+02  0.2916142     16.983    13.9572    307.054 -9.990e-29
     16.648    10.5995 218.648701     2.6020 1.4506e+00     0.8503    80.8493 1.1636e+00 2.9734e+02  0.2920300     16.976    13.9563    307.073 -9.990e-29
     16.640    10.6010 218.696653     2.6020 1.4683e+00     0.8490    80.8754 1.1575e+00 2.9734e+02  0.2924458     16.968    13.9556    307.128 -9.990e-29
     16.632    10.6025 218.684663     2.6020 1.4727e+00     0.8503    80.8493 1.1441e+00 2.9734e+02  0.2924458     16.960    13.9551    307.098 -9.990e-29
     16.624    10.6038 218.684662     2.6032 1.4727e+00     0.8503    80.8493 1.1673e+00 2.9734e+02  0.2924458     16.952    13.9615    307.087 -9.990e-29
     16.617    10.6071 218.684660     2.6020 1.4816e+00     0.8503    80.8493 1.1844e+00 2.9930e+02  0.2920300     16.945    13.9516    307.058 -9.990e-29
     16.609    10.6119 218.720623     2.6032 1.4861e+00     0.8503    80.8493 1.1819e+00 2.9734e+02  0.2920300     16.936    13.9569    307.067 -9.990e-29
     16.600    10.6160 218.696641     2.6020 1.4861e+00     0.8503    80.8493 1.1795e+00 2.9930e+02  0.2924458     16.927    13.9467    306.998 -9.990e-29
     16.592    10.6191 218.744594     2.6020 1.4951e+00     0.8503    80.8493 1.1832e+00 2.9734e+02  0.2924458     16.919    13.9467    307.039 -9.990e-29
     16.584    10.6192 218.768572     2.6020 1.5041e+00     0.8516    80.8231 1.1844e+00 2.9930e+02  0.2924458     16.911    13.9468    307.072 -9.990e-29
     16.578    10.6193 218.720616     2.6007 1.5041e+00     0.8490    80.8754 1.1734e+00 2.9930e+02  0.2924458     16.905    13.9394    307.003 -9.990e-29
     16.571    10.6203 218.732604     2.6020 1.5132e+00     0.8503    80.8493 1.1648e+00 2.9930e+02  0.2924458     16.898    13.9478    307.012 -9.990e-29
     16.564    10.6210 218.744592     2.6020 1.5223e+00     0.8503    80.8493 1.1770e+00 2.9930e+02  0.2924458     16.891    13.9479    307.022 -9.990e-29
     16.557    10.6206 218.720615     2.6020 1.5269e+00     0.8503    80.8493 1.1819e+00 2.9930e+02  0.2924458     16.883    13.9476    306.992 -9.990e-29
     16.550    10.6212 218.708625     2.6020 1.5315e+00     0.8503    80.8493 1.2076e+00 2.9930e+02  0.2924458     16.876    13.9469    306.970 -9.990e-29
     16.545    10.6188 218.684649     2.6007 1.5361e+00     0.8516    80.8231 1.2234e+00 2.9930e+02  0.2924458     16.871    13.9397    306.957 -9.990e-29
     16.541    10.6156 218.660676     2.6007 1.5361e+00     0.8516    80.8231 1.2125e+00 2.9930e+02  0.2924458     16.867    13.9415    306.951 -9.990e-29
     16.536    10.6130 218.672665     2.6007 1.5454e+00     0.8555    80.7447 1.2161e+00 2.9930e+02  0.2924458     16.862    13.9429    306.990 -9.990e-29
     16.532    10.6109 218.744599     2.6007 1.5594e+00     0.8646    80.5617 1.2234e+00 2.9930e+02  0.2924458     16.858    13.9443    307.110 -9.990e-29
     16.528    10.6100 218.660679     2.6007 1.5641e+00     0.8672    80.5095 1.2173e+00 2.9930e+02  0.2924458     16.854    13.9444    307.000 -9.990e-29
     16.524    10.6091 218.696645     2.6020 1.5641e+00     0.8659    80.5356 1.2100e+00 2.9930e+02  0.2924458     16.850    13.9531    307.058 -9.990e-29
     16.519    10.6094 218.612724     2.6007 1.5688e+00     0.8659    80.5356 1.2320e+00 2.9930e+02  0.2924458     16.845    13.9454    306.937 -9.990e-29
     16.515    10.6086 218.660679     2.6007 1.5688e+00     0.8672    80.5095 1.2674e+00 2.9930e+02  0.2924458     16.841    13.9464    307.012 -9.990e-29
     16.513    10.6086 218.648689     2.6007 1.5688e+00     0.8685    80.4833 1.2882e+00 2.9930e+02  0.2924458     16.839    13.9483    306.995 -9.990e-29
     16.511    10.6091 218.624713     2.6007 1.5782e+00     0.8685    80.4833 1.3089e+00 2.9930e+02  0.2924458     16.837    13.9500    306.957 -9.990e-29
     16.511    10.6094 218.636701     2.6007 1.5830e+00     0.8672    80.5095 1.3138e+00 2.9930e+02  0.2924458     16.837    13.9509    306.971 -9.990e-29
     16.511    10.6091 218.624713     2.6007 1.5877e+00     0.8672    80.5095 1.2967e+00 2.9734e+02  0.2924458     16.837    13.9520    306.957 -9.990e-29
     16.511    10.6107 218.708633     2.6020 1.5830e+00     0.8672    80.5095 1.3053e+00 2.9930e+02  0.2924458     16.837    13.9600    307.061 -9.990e-29
     16.513    10.6137 218.720618     2.6007 1.5877e+00     0.8672    80.5095 1.3187e+00 2.9930e+02  0.2920300     16.839    13.9515    307.052 -9.990e-29
     16.515    10.6149 218.732608     2.6007 1.5877e+00     0.8685    80.4833 1.3309e+00 2.9930e+02  0.2920300     16.841    13.9530    307.058 -9.990e-29
     16.515    10.6114 218.708632     2.6007 1.5877e+00     0.8685    80.4833 1.3565e+00 2.9930e+02  0.2920300     16.841    13.9553    307.055 -9.990e-29
     16.516    10.6069 218.708634     2.6007 1.5877e+00     0.8672    80.5095 1.3321e+00 2.9930e+02  0.2920300     16.842    13.9589    307.094 -9.990e-29
     16.518    10.6041 218.672671     2.6020 1.5877e+00     0.8672    80.5095 1.2674e+00 2.9930e+02  0.2920300     16.844    13.9695    307.067 -9.990e-29
     16.522    10.6054 218.648692     2.6007 1.5782e+00     0.8659    80.5356 1.2222e+00 2.9930e+02  0.2920300     16.848    13.9617    307.022 -9.990e-29
     16.528    10.6041 218.684662     2.6020 1.5735e+00     0.8659    80.5356 1.1954e+00 2.9930e+02  0.2920300     16.854    13.9718    307.084 -9.990e-29
