data/05_metadata_exports/SeabirdData/202305_SeabirdData/83233_stn66.cnv
* Sea-Bird SBE 9 Data File:
* FileName = C:\Users\rosette\Rosette Data\2023\Ontario CSMI\stn66.hex
* Software Version Seasave V 7.26.6.26
* Temperature SN = 5270
* Conductivity SN = 1168
* Number of Bytes Per Scan = 40
* Number of Voltage Words = 5
* Number of Scans Averaged by the Deck Unit = 1
* NMEA Latitude = 43 20.07 N
* NMEA Longitude = 076 50.34 W
* NMEA UTC (Time) = Sep 30 2003  11:10:49
* NMEA baud rate = 4800
** Ship: Lake Guardian
** Cruise: Summer Survey 2022 Ontario CSMI LFWS
** Station:  stn66
# nquan = 14                                
# nvalues = 18420                       
# units = specified
# name 0 = prDM: Pressure, Digiquartz [db]
# name 1 = t090C: Temperature [ITS-90, deg C]
# name 2 = c0uS/cm: Conductivity [uS/cm]
# name 3 = sbeox0V: Oxygen raw, SBE 43 [V]
# name 4 = par: PAR/Irradiance, Biospherical/Licor
# name 5 = bat: Beam Attenuation, Chelsea/Seatech [1/m]
# name 6 = xmiss: Beam Transmission, Chelsea/Seatech [%]
# name 7 = flSP: Fluorescence, Seapoint
# name 8 = spar: SPAR, Biospherical/Licor
# name 9 = upoly0: Upoly 0, Suna Nitrate
# name 10 = depFM: Depth [fresh water, m], lat = 43.3345
# name 11 = sbeox0Mg/L: Oxygen, SBE 43 [mg/l], WS = 2
# name 12 = specc: Specific Conductance [uS/cm]
# name 13 = flag: flag
# span 0 =     -0.303,     17.112       
# span 1 =    10.5166,    12.3510       
# span 2 =  10.700310, 241.997535       
# span 3 =     2.0611,     2.6264       
# span 4 = 1.1298e+00, 3.9170e+02       
# span 5 =     0.1509,    15.6750       
# span 6 =     1.9866,    96.2977       
# span 7 = 2.0757e-02, 1.9829e+00       
# span 8 = 2.6189e+02, 3.7413e+02       
# span 9 =  0.0733389,  0.3602151       
# span 10 =     -0.309,     17.449      
# span 11 =     9.9891,    14.1844      
# span 12 =     14.897,    340.585      
# span 13 = 0.0000e+00, 0.0000e+00      
# interval = seconds: 0.0416667
# start_time = Sep 30 2003 11:10:49 [NMEA time, header]
# bad_flag = -9.990e-29
*END*
[from data line 8465]
     16.829    10.6061 218.648699     2.6056 1.3246e+00     0.9103    79.6469 1.2796e+00 2.9537e+02  0.2911985     17.161    13.9878    307.016 -9.990e-29
     16.829    10.6057 218.624721     2.6044 1.3206e+00     0.9090    79.6730 1.2613e+00 2.9537e+02  0.2911985     17.161    13.9811    306.986 -9.990e-29
     16.829    10.6062 218.660688     2.6056 1.3206e+00     0.9103    79.6469 1.2405e+00 2.9537e+02  0.2911985     17.161    13.9897    307.032 -9.990e-29
     16.827    10.6079 218.612731     2.6056 1.3166e+00     0.9090    79.6730 1.2418e+00 2.9537e+02  0.2911985     17.159    13.9891    306.950 -9.990e-29
     16.827    10.6096 218.612730     2.6056 1.3166e+00     0.9090    79.6730 1.2662e+00 2.9537e+02  0.2911985     17.159    13.9886    306.936 -9.990e-29
     16.826    10.6100 218.624720     2.6056 1.3206e+00     0.9090    79.6730 1.2869e+00 2.9537e+02  0.2911985     17.158    13.9876    306.949 -9.990e-29
     16.825    10.6105 218.636707     2.6056 1.3286e+00     0.9090    79.6730 1.3077e+00 2.9537e+02  0.2911985     17.157    13.9875    306.962 -9.990e-29
     16.824    10.6112 218.672673     2.6056 1.3286e+00     0.9090    79.6730 1.2943e+00 2.9537e+02  0.2911985     17.156    13.9873    307.006 -9.990e-29
     16.821    10.6125 218.684661     2.6044 1.3246e+00     0.9090    79.6730 1.2723e+00 2.9537e+02  0.2911985     17.153    13.9799    307.012 -9.990e-29
     16.818    10.6125 218.684659     2.6044 1.3206e+00     0.9076    79.6991 1.2613e+00 2.9537e+02  0.2911985     17.150    13.9809    307.012 -9.990e-29
     16.815    10.6129 218.636706     2.6056 1.3206e+00     0.9090    79.6730 1.2344e+00 2.9537e+02  0.2911985     17.147    13.9896    306.941 -9.990e-29
     16.811    10.6117 218.636706     2.6044 1.3206e+00     0.9103    79.6469 1.2112e+00 2.9537e+02  0.2911985     17.142    13.9831    306.951 -9.990e-29
     16.807    10.6089 218.600742     2.6044 1.3246e+00     0.8985    79.8821 1.1856e+00 2.9537e+02  0.2911985     17.138    13.9841    306.925 -9.990e-29
     16.802    10.6076 218.588754     2.6044 1.3206e+00     0.8880    80.0912 1.1844e+00 2.9537e+02  0.2916142     17.133    13.9845    306.919 -9.990e-29
     16.798    10.6062 218.612732     2.6044 1.3246e+00     0.8854    80.1435 1.1917e+00 2.9537e+02  0.2916142     17.129    13.9850    306.965 -9.990e-29
     16.795    10.6056 218.636710     2.6044 1.3246e+00     0.8854    80.1435 1.1832e+00 2.9537e+02  0.2911985     17.126    13.9851    307.004 -9.990e-29
     16.791    10.6052 218.552791     2.6044 1.3286e+00     0.8854    80.1435 1.1783e+00 2.9537e+02  0.2911985     17.122    13.9852    306.889 -9.990e-29
     16.787    10.6052 218.612732     2.6056 1.3286e+00     0.8867    80.1174 1.1783e+00 2.9537e+02  0.2911985     17.118    13.9931    306.974 -9.990e-29
     16.784    10.6052 218.648699     2.6056 1.3327e+00     0.8854    80.1435 1.1538e+00 2.9537e+02  0.2911985     17.115    13.9921    307.024 -9.990e-29
     16.780    10.6054 218.600745     2.6044 1.3367e+00     0.8867    80.1174 1.1258e+00 2.9537e+02  0.2911985     17.111    13.9842    306.955 -9.990e-29
     16.775    10.6049 218.624721     2.6044 1.3367e+00     0.8854    80.1435 1.1038e+00 2.9537e+02  0.2911985     17.106    13.9843    306.993 -9.990e-29
     16.771    10.6054 218.624721     2.6044 1.3408e+00     0.8854    80.1435 1.1074e+00 2.9537e+02  0.2911985     17.102    13.9849    306.989 -9.990e-29
     16.765    10.6054 218.624722     2.6044 1.3449e+00     0.8867    80.1174 1.1306e+00 2.9537e+02  0.2911985     17.096    13.9857    306.989 -9.990e-29
     16.759    10.6049 218.588755     2.6044 1.3449e+00     0.8867    80.1174 1.1319e+00 2.9537e+02  0.2916142     17.089    13.9857    306.942 -9.990e-29
     16.752    10.6044 218.612733     2.6056 1.3490e+00     0.8867    80.1174 1.1197e+00 2.9537e+02  0.2916142     17.082    13.9936    306.980 -9.990e-29
     16.744    10.6044 218.660687     2.6056 1.3490e+00     0.8867    80.1174 1.1245e+00 2.9537e+02  0.2916142     17.074    13.9934    307.048 -9.990e-29
     16.736    10.6051 218.636709     2.6056 1.3490e+00     0.8854    80.1435 1.1368e+00 2.9537e+02  0.2916142     17.066    13.9930    307.008 -9.990e-29
     16.729    10.6057 218.624719     2.6056 1.3531e+00     0.8854    80.1435 1.1404e+00 2.9537e+02  0.2916142     17.059    13.9936    306.986 -9.990e-29
     16.722    10.6061 218.684663     2.6044 1.3572e+00     0.8867    80.1174 1.1538e+00 2.9537e+02  0.2916142     17.052    13.9863    307.067 -9.990e-29
     16.716    10.6066 218.636708     2.6044 1.3572e+00     0.8854    80.1435 1.1502e+00 2.9537e+02  0.2916142     17.046    13.9868    306.995 -9.990e-29
     16.708    10.6069 218.600741     2.6044 1.3696e+00     0.8854    80.1435 1.1453e+00 2.9537e+02  0.2916142     17.037    13.9874    306.942 -9.990e-29
     16.701    10.6067 218.636707     2.6056 1.3863e+00     0.8867    80.1174 1.1270e+00 2.9537e+02  0.2911985     17.030    13.9961    306.994 -9.990e-29
     16.695    10.6069 218.672673     2.6056 1.3905e+00     0.8828    80.1958 1.1038e+00 2.9537e+02  0.2916142     17.024    13.9967    307.043 -9.990e-29
     16.689    10.6071 218.636707     2.6056 1.3905e+00     0.8776    80.3004 1.0891e+00 2.9537e+02  0.2911985     17.018    13.9974    306.991 -9.990e-29
     16.684    10.6077 218.636706     2.6056 1.3905e+00     0.8763    80.3265 1.0940e+00 2.9537e+02  0.2911985     17.013    13.9969    306.986 -9.990e-29
     16.678    10.6082 218.624717     2.6056 1.3905e+00     0.8750    80.3526 1.1123e+00 2.9537e+02  0.2916142     17.007    13.9982    306.965 -9.990e-29
     16.673    10.6087 218.636706     2.6056 1.3989e+00     0.8750    80.3526 1.1368e+00 2.9537e+02  0.2911985     17.002    13.9986    306.977 -9.990e-29
     16.666    10.6099 218.612727     2.6056 1.4160e+00     0.8763    80.3265 1.1502e+00 2.9537e+02  0.2916142     16.995    13.9977    306.933 -9.990e-29
     16.659    10.6097 218.636704     2.6056 1.4246e+00     0.8776    80.3004 1.1502e+00 2.9537e+02  0.2916142     16.987    13.9974    306.968 -9.990e-29
     16.652    10.6092 218.672671     2.6044 1.4246e+00     0.8776    80.3004 1.1538e+00 2.9734e+02  0.2916142     16.980    13.9901    307.023 -9.990e-29
     16.643    10.6094 218.636704     2.6056 1.4375e+00     0.8776    80.3004 1.1526e+00 2.9537e+02  0.2924458     16.971    13.9982    306.971 -9.990e-29
     16.636    10.6096 218.624714     2.6044 1.4419e+00     0.8763    80.3265 1.1502e+00 2.9537e+02  0.2924458     16.964    13.9905    306.952 -9.990e-29
     16.630    10.6090 218.684659     2.6044 1.4463e+00     0.8763    80.3265 1.1490e+00 2.9537e+02  0.2924458     16.958    13.9918    307.042 -9.990e-29
     16.624    10.6089 218.708636     2.6056 1.4506e+00     0.8776    80.3004 1.1575e+00 2.9537e+02  0.2924458     16.952    14.0007    307.076 -9.990e-29
     16.617    10.6091 218.636703     2.6056 1.4594e+00     0.8776    80.3004 1.1612e+00 2.9734e+02  0.2924458     16.945    14.0008    306.974 -9.990e-29
     16.611    10.6091 218.624716     2.6056 1.4594e+00     0.8776    80.3004 1.1673e+00 2.9537e+02  0.2924458     16.939    14.0008    306.957 -9.990e-29
     16.605    10.6092 218.624714     2.6056 1.4683e+00     0.8776    80.3004 1.1844e+00 2.9537e+02  0.2924458     16.932    14.0017    306.956 -9.990e-29
     16.600    10.6099 218.588748     2.6056 1.4727e+00     0.8789    80.2742 1.2234e+00 2.9537e+02  0.2924458     16.927    14.0013    306.899 -9.990e-29
     16.595    10.6107 218.660680     2.6056 1.4727e+00     0.8776    80.3004 1.2503e+00 2.9537e+02  0.2924458     16.922    14.0007    306.993 -9.990e-29
     16.589    10.6114 218.660679     2.6044 1.4816e+00     0.8776    80.3004 1.2723e+00 2.9734e+02  0.2924458     16.916    13.9932    306.987 -9.990e-29
     16.584    10.6114 218.648689     2.6056 1.4906e+00     0.8789    80.2742 1.2808e+00 2.9537e+02  0.2924458     16.911    14.0017    306.971 -9.990e-29
     16.580    10.6114 218.672667     2.6056 1.4906e+00     0.8789    80.2742 1.2613e+00 2.9734e+02  0.2928615     16.907    14.0022    307.004 -9.990e-29
     16.577    10.6109 218.648690     2.6056 1.4996e+00     0.8815    80.2219 1.2576e+00 2.9734e+02  0.2924458     16.904    14.0020    306.975 -9.990e-29
     16.573    10.6104 218.576759     2.6056 1.5041e+00     0.8906    80.0390 1.2723e+00 2.9734e+02  0.2928615     16.900    14.0018    306.878 -9.990e-29
     16.569    10.6104 218.600736     2.6056 1.5041e+00     0.8945    79.9605 1.2894e+00 2.9734e+02  0.2928615     16.896    14.0013    306.912 -9.990e-29
     16.565    10.6109 218.624712     2.6056 1.5086e+00     0.8945    79.9605 1.2930e+00 2.9734e+02  0.2924458     16.892    14.0006    306.941 -9.990e-29
     16.562    10.6107 218.696645     2.6056 1.5132e+00     0.8945    79.9605 1.2869e+00 2.9734e+02  0.2924458     16.889    14.0009    307.044 -9.990e-29
     16.560    10.6099 218.648690     2.6068 1.5177e+00     0.8932    79.9867 1.2943e+00 2.9734e+02  0.2924458     16.886    14.0093    306.984 -9.990e-29
     16.558    10.6096 218.624714     2.6056 1.5177e+00     0.8945    79.9605 1.3126e+00 2.9734e+02  0.2924458     16.884    14.0018    306.952 -9.990e-29
     16.555    10.6094 218.660679     2.6068 1.5269e+00     0.8945    79.9605 1.3211e+00 2.9734e+02  0.2924458     16.881    14.0090    307.005 -9.990e-29
     16.555    10.6099 218.660678     2.6068 1.5269e+00     0.8945    79.9605 1.3175e+00 2.9734e+02  0.2924458     16.881    14.0100    307.000 -9.990e-29
     16.556    10.6102 218.672668     2.6056 1.5269e+00     0.8932    79.9867 1.3175e+00 2.9734e+02  0.2924458     16.882    14.0012    307.015 -9.990e-29
     16.556    10.6107 218.696645     2.6056 1.5223e+00     0.8932    79.9867 1.3126e+00 2.9734e+02  0.2924458     16.882    14.0011    307.044 -9.990e-29
     16.556    10.6107 218.660678     2.6068 1.5223e+00     0.8945    79.9605 1.3223e+00 2.9734e+02  0.2924458     16.882    14.0091    306.993 -9.990e-29
     16.557    10.6107 218.648690     2.6068 1.5223e+00     0.8945    79.9605 1.3492e+00 2.9734e+02  0.2924458     16.883    14.0082    306.977 -9.990e-29
     16.558    10.6109 218.648690     2.6068 1.5177e+00     0.8945    79.9605 1.3455e+00 2.9734e+02  0.2928615     16.884    14.0072    306.975 -9.990e-29
     16.559    10.6107 218.648690     2.6068 1.5177e+00     0.8945    79.9605 1.3077e+00 2.9734e+02  0.2924458     16.885    14.0054    306.977 -9.990e-29
     16.558    10.6105 218.648689     2.6068 1.5177e+00     0.8945    79.9605 1.2906e+00 2.9734e+02  0.2920300     16.884    14.0045    306.978 -9.990e-29
     16.560    10.6107 218.672666     2.6068 1.5269e+00     0.8932    79.9867 1.3028e+00 2.9734e+02  0.2920300     16.886    14.0043    307.010 -9.990e-29
     16.564    10.6105 218.648691     2.6068 1.5315e+00     0.8932    79.9867 1.3126e+00 2.9734e+02  0.2920300     16.891    14.0042    306.978 -9.990e-29
     16.568    10.6105 218.624713     2.6081 1.5315e+00     0.8932    79.9867 1.2943e+00 2.9734e+02  0.2920300     16.895    14.0125    306.945 -9.990e-29
     16.571    10.6105 218.576758     2.6068 1.5269e+00     0.8932    79.9867 1.2698e+00 2.9734e+02  0.2920300     16.898    14.0028    306.877 -9.990e-29
     16.575    10.6105 218.600736     2.6068 1.5223e+00     0.8945    79.9605 1.2601e+00 2.9734e+02  0.2920300     16.902    14.0017    306.911 -9.990e-29
     16.580    10.6105 218.636702     2.6068 1.5223e+00     0.8919    80.0128 1.2613e+00 2.9734e+02  0.2920300     16.907    14.0014    306.962 -9.990e-29
     16.584    10.6107 218.624713     2.6068 1.5223e+00     0.8893    80.0651 1.2759e+00 2.9734e+02  0.2920300     16.911    14.0001    306.943 -9.990e-29
     16.588    10.6109 218.684656     2.6068 1.5177e+00     0.8906    80.0390 1.2784e+00 2.9734e+02  0.2920300     16.915    13.9997    307.025 -9.990e-29
     16.594    10.6104 218.636702     2.6056 1.5177e+00     0.8893    80.0651 1.2552e+00 2.9734e+02  0.2920300     16.921    13.9907    306.962 -9.990e-29
     16.599    10.6099 218.636704     2.6068 1.5132e+00     0.8906    80.0390 1.2283e+00 2.9734e+02  0.2920300     16.926    13.9975    306.967 -9.990e-29
     16.603    10.6097 218.684657     2.6068 1.5086e+00     0.8893    80.0651 1.2161e+00 2.9734e+02  0.2924458     16.930    13.9962    307.036 -9.990e-29
     16.609    10.6094 218.636702     2.6068 1.5041e+00     0.8893    80.0651 1.2247e+00 2.9734e+02  0.2924458     16.936    13.9960    306.971 -9.990e-29
     16.617    10.6096 218.660681     2.6068 1.5041e+00     0.8893    80.0651 1.2454e+00 2.9734e+02  0.2924458     16.945    13.9955    307.003 -9.990e-29
     16.626    10.6094 218.684658     2.6068 1.5041e+00     0.8893    80.0651 1.2589e+00 2.9537e+02  0.2920300     16.954    13.9951    307.038 -9.990e-29
     16.633    10.6092 218.648694     2.6068 1.4996e+00     0.8906    80.0390 1.2674e+00 2.9734e+02  0.2920300     16.961    13.9955    306.990 -9.990e-29
     16.639    10.6094 218.612726     2.6056 1.4996e+00     0.8893    80.0651 1.2747e+00 2.9537e+02  0.2920300     16.967    13.9871    306.937 -9.990e-29
     16.646    10.6087 218.660682     2.6081 1.4951e+00     0.8906    80.0390 1.2454e+00 2.9537e+02  0.2920300     16.974    14.0041    307.011 -9.990e-29
     16.654    10.6076 218.684661     2.6056 1.4951e+00     0.8906    80.0390 1.2063e+00 2.9734e+02  0.2920300     16.982    13.9876    307.054 -9.990e-29
     16.661    10.6072 218.636706     2.6068 1.4906e+00     0.8906    80.0390 1.1697e+00 2.9734e+02  0.2920300     16.989    13.9942    306.990 -9.990e-29
     16.667    10.6082 218.648694     2.6068 1.4727e+00     0.8893    80.0651 1.1404e+00 2.9734e+02  0.2920300     16.996    13.9925    306.998 -9.990e-29
     16.672    10.6086 218.648693     2.6068 1.4683e+00     0.8880    80.0912 1.1172e+00 2.9734e+02  0.2920300     17.001    13.9918    306.995 -9.990e-29
     16.679    10.6094 218.576761     2.6056 1.4683e+00     0.8880    80.0912 1.1087e+00 2.9734e+02  0.2920300     17.008    13.9842    306.887 -9.990e-29
     16.688    10.6104 218.624717     2.6056 1.4594e+00     0.8880    80.0912 1.1123e+00 2.9734e+02  0.2920300     17.017    13.9843    306.946 -9.990e-29
     16.695    10.6127 218.648691     2.6068 1.4550e+00     0.8880    80.0912 1.1087e+00 2.9734e+02  0.2920300     17.024    13.9909    306.959 -9.990e-29
     16.702    10.6138 218.624713     2.6068 1.4550e+00     0.8880    80.0912 1.1221e+00 2.9734e+02  0.2924458     17.031    13.9901    306.916 -9.990e-29
     16.710    10.6127 218.636702     2.6068 1.4463e+00     0.8854    80.1435 1.1368e+00 2.9734e+02  0.2928615     17.039    13.9910    306.943 -9.990e-29
     16.719    10.6110 218.624717     2.6068 1.4375e+00     0.8815    80.2219 1.1490e+00 2.9734e+02  0.2928615     17.049    13.9921    306.940 -9.990e-29
     16.728    10.6109 218.600739     2.6056 1.4375e+00     0.8802    80.2481 1.1685e+00 2.9734e+02  0.2928615     17.058    13.9858    306.908 -9.990e-29
     16.735    10.6109 218.672671     2.6056 1.4246e+00     0.8802    80.2481 1.1868e+00 2.9734e+02  0.2928615     17.065    13.9864    307.009 -9.990e-29
     16.741    10.6110 218.660681     2.6068 1.4160e+00     0.8828    80.1958 1.2222e+00 2.9734e+02  0.2928615     17.071    13.9948    306.991 -9.990e-29
     16.750    10.6113 218.684660     2.6068 1.4160e+00     0.8828    80.1958 1.2454e+00 2.9734e+02  0.2924458     17.080    13.9952    307.022 -9.990e-29
     16.758    10.6119 218.672672     2.6068 1.4074e+00     0.8841    80.1697 1.2821e+00 2.9734e+02  0.2928615     17.088    13.9956    307.000 -9.990e-29
     16.766    10.6112 218.624716     2.6056 1.3947e+00     0.8841    80.1697 1.3101e+00 2.9734e+02  0.2928615     17.097    13.9895    306.939 -9.990e-29
     16.773    10.6107 218.684661     2.6056 1.3905e+00     0.8841    80.1697 1.3407e+00 2.9734e+02  0.2928615     17.104    13.9892    307.027 -9.990e-29
