data/05_metadata_exports/SeabirdData/202305_SeabirdData/83233_stn66.cnv
* Sea-Bird SBE 9 Data File:
* FileName = C:\Users\rosette\Rosette Data\2023\Ontario CSMI\stn66.hex
* Software Version Seasave V 7.26.6.26
* Temperature SN = 5270
* Conductivity SN = 1168
* Number of Bytes Per Scan = 40
* Number of Voltage Words = 5
* Number of Scans Averaged by the Deck Unit = 1
* NMEA Latitude = 43 20.07 N
* NMEA Longitude = 076 50.34 W
* NMEA UTC (Time) = Sep 30 2003  11:10:49
* NMEA baud rate = 4800
** Ship: Lake Guardian
** Cruise: Summer Survey 2022 Ontario CSMI LFWS
** Station:  stn66
# nquan = 14                                
# nvalues = 18420                       
# units = specified
# name 0 = prDM: Pressure, Digiquartz [db]
# name 1 = t090C: Temperature [ITS-90, deg C]
# name 2 = c0uS/cm: Conductivity [uS/cm]
# name 3 = sbeox0V: Oxygen raw, SBE 43 [V]
# name 4 = par: PAR/Irradiance, Biospherical/Licor
# name 5 = bat: Beam Attenuation, Chelsea/Seatech [1/m]
# name 6 = xmiss: Beam Transmission, Chelsea/Seatech [%]
# name 7 = flSP: Fluorescence, Seapoint
# name 8 = spar: SPAR, Biospherical/Licor
# name 9 = upoly0: Upoly 0, Suna Nitrate
# name 10 = depFM: Depth [fresh water, m], lat = 43.3345
# name 11 = sbeox0Mg/L: Oxygen, SBE 43 [mg/l], WS = 2
# name 12 = specc: Specific Conductance [uS/cm]
# name 13 = flag: flag
# span 0 =     -0.303,     17.112       
# span 1 =    10.5166,    12.3510       
# span 2 =  10.700310, 241.997535       
# span 3 =     2.0611,     2.6264       
# span 4 = 1.1298e+00, 3.9170e+02       
# span 5 =     0.1509,    15.6750       
# span 6 =     1.9866,    96.2977       
# span 7 = 2.0757e-02, 1.9829e+00       
# span 8 = 2.6189e+02, 3.7413e+02       
# span 9 =  0.0733389,  0.3602151       
# span 10 =     -0.309,     17.449      
# span 11 =     9.9891,    14.1844      
# span 12 =     14.897,    340.585      
# span 13 = 0.0000e+00, 0.0000e+00      
# interval = seconds: 0.0416667
# start_time = Sep 30 2003 11:10:49 [NMEA time, header]
# bad_flag = -9.990e-29
*END*
[from data line 17549]
      4.786    12.3417 241.022598     2.4408 6.0814e+01     0.6794    84.3781 5.7265e-01 3.6429e+02  0.3527313      4.880    12.3403    322.700 -9.990e-29
      4.793    12.3395 241.010581     2.4408 6.0643e+01     0.6794    84.3781 5.7387e-01 3.6429e+02  0.3527313      4.887    12.3412    322.703 -9.990e-29
      4.800    12.3372 241.010583     2.4408 6.0302e+01     0.6807    84.3520 5.7631e-01 3.6429e+02  0.3527313      4.895    12.3422    322.723 -9.990e-29
      4.806    12.3367 240.986544     2.4408 6.0133e+01     0.6807    84.3520 5.7753e-01 3.6429e+02  0.3527313      4.901    12.3426    322.695 -9.990e-29
      4.813    12.3368 240.998564     2.4420 5.9963e+01     0.6807    84.3520 5.7875e-01 3.6429e+02  0.3527313      4.908    12.3505    322.710 -9.990e-29
      4.819    12.3370 241.010583     2.4420 5.9627e+01     0.6819    84.3258 5.8852e-01 3.6429e+02  0.3527313      4.914    12.3508    322.725 -9.990e-29
      4.824    12.3365 240.986545     2.4408 5.9459e+01     0.6832    84.2997 5.8974e-01 3.6429e+02  0.3527313      4.919    12.3438    322.697 -9.990e-29
      4.829    12.3360 240.998565     2.4408 5.9459e+01     0.6832    84.2997 5.8364e-01 3.6429e+02  0.3527313      4.924    12.3452    322.717 -9.990e-29
      4.834    12.3362 241.034623     2.4408 5.8959e+01     0.6819    84.3258 5.8364e-01 3.6429e+02  0.3527313      4.929    12.3464    322.764 -9.990e-29
      4.839    12.3356 241.010584     2.4408 5.8793e+01     0.6832    84.2997 6.0562e-01 3.6429e+02  0.3527313      4.934    12.3472    322.737 -9.990e-29
      4.845    12.3353 241.010585     2.4408 5.8793e+01     0.6832    84.2997 6.5812e-01 3.6429e+02  0.3531471      4.941    12.3478    322.739 -9.990e-29
      4.849    12.3358 241.010586     2.4408 5.8298e+01     0.6832    84.2997 6.9231e-01 3.6429e+02  0.3527313      4.945    12.3483    322.735 -9.990e-29
      4.852    12.3360 240.986546     2.4408 5.8134e+01     0.6832    84.2997 6.7643e-01 3.6429e+02  0.3531471      4.948    12.3497    322.701 -9.990e-29
      4.856    12.3358 240.986547     2.4408 5.8134e+01     0.6844    84.2735 6.4225e-01 3.6429e+02  0.3531471      4.952    12.3512    322.703 -9.990e-29
      4.858    12.3352 240.986546     2.4408 5.7808e+01     0.6844    84.2735 6.1661e-01 3.6429e+02  0.3531471      4.954    12.3528    322.708 -9.990e-29
      4.861    12.3347 240.950490     2.4420 5.7483e+01     0.6832    84.2997 6.0562e-01 3.6429e+02  0.3531471      4.957    12.3619    322.664 -9.990e-29
      4.865    12.3342 240.974528     2.4408 5.7483e+01     0.6832    84.2997 6.1050e-01 3.6429e+02  0.3527313      4.961    12.3551    322.701 -9.990e-29
      4.869    12.3338 240.950491     2.4396 5.7321e+01     0.6844    84.2735 6.1294e-01 3.6429e+02  0.3527313      4.965    12.3475    322.672 -9.990e-29
      4.873    12.3338 240.986548     2.4408 5.7160e+01     0.6832    84.2997 6.0806e-01 3.6429e+02  0.3527313      4.969    12.3556    322.720 -9.990e-29
      4.875    12.3337 241.010588     2.4408 5.6999e+01     0.6832    84.2997 5.9951e-01 3.6232e+02  0.3527313      4.971    12.3554    322.753 -9.990e-29
      4.876    12.3332 241.010588     2.4408 5.6839e+01     0.6832    84.2997 5.9096e-01 3.6429e+02  0.3531471      4.972    12.3561    322.758 -9.990e-29
      4.876    12.3334 240.986549     2.4408 5.6839e+01     0.6832    84.2997 5.8242e-01 3.6429e+02  0.3531471      4.972    12.3558    322.724 -9.990e-29
      4.876    12.3333 240.986548     2.4408 5.6839e+01     0.6819    84.3258 5.6899e-01 3.6429e+02  0.3531471      4.972    12.3563    322.725 -9.990e-29
      4.877    12.3325 240.986550     2.4408 5.6679e+01     0.6832    84.2997 5.6654e-01 3.6429e+02  0.3531471      4.973    12.3570    322.731 -9.990e-29
      4.879    12.3325 240.986550     2.4396 5.6679e+01     0.6819    84.3258 5.7753e-01 3.6232e+02  0.3531471      4.975    12.3500    322.731 -9.990e-29
      4.881    12.3322 240.938473     2.4408 5.6679e+01     0.6832    84.2997 5.7875e-01 3.6429e+02  0.3535629      4.977    12.3580    322.670 -9.990e-29
      4.882    12.3324 240.986550     2.4408 5.6839e+01     0.6819    84.3258 5.7998e-01 3.6232e+02  0.3539786      4.978    12.3584    322.732 -9.990e-29
      4.884    12.3322 240.962511     2.4408 5.6839e+01     0.6819    84.3258 5.8608e-01 3.6232e+02  0.3539786      4.980    12.3588    322.702 -9.990e-29
      4.885    12.3328 240.974530     2.4408 5.6839e+01     0.6819    84.3258 5.8364e-01 3.6232e+02  0.3535629      4.981    12.3589    322.713 -9.990e-29
      4.886    12.3325 240.986550     2.4408 5.6999e+01     0.6819    84.3258 5.7875e-01 3.6232e+02  0.3539786      4.982    12.3601    322.731 -9.990e-29
      4.886    12.3324 240.986550     2.4408 5.7160e+01     0.6807    84.3520 5.7143e-01 3.6232e+02  0.3539786      4.982    12.3612    322.732 -9.990e-29
      4.886    12.3327 240.950491     2.4408 5.7321e+01     0.6819    84.3258 5.6288e-01 3.6232e+02  0.3539786      4.982    12.3614    322.681 -9.990e-29
      4.886    12.3319 240.926454     2.4408 5.7321e+01     0.6807    84.3520 5.6410e-01 3.6232e+02  0.3539786      4.982    12.3619    322.656 -9.990e-29
      4.886    12.3315 240.986550     2.4408 5.7645e+01     0.6819    84.3258 5.7509e-01 3.6232e+02  0.3539786      4.982    12.3623    322.740 -9.990e-29
      4.886    12.3313 240.986550     2.4408 5.7808e+01     0.6807    84.3520 5.8242e-01 3.6232e+02  0.3539786      4.982    12.3633    322.742 -9.990e-29
      4.886    12.3311 240.998570     2.4408 5.7808e+01     0.6807    84.3520 5.7753e-01 3.6232e+02  0.3539786      4.982    12.3643    322.760 -9.990e-29
      4.886    12.3313 240.962512     2.4420 5.8134e+01     0.6819    84.3258 5.7265e-01 3.6232e+02  0.3539786      4.982    12.3726    322.710 -9.990e-29
      4.887    12.3310 240.974531     2.4420 5.8298e+01     0.6819    84.3258 5.8120e-01 3.6232e+02  0.3539786      4.983    12.3735    322.728 -9.990e-29
      4.887    12.3310 240.986551     2.4420 5.8298e+01     0.6819    84.3258 6.0440e-01 3.6232e+02  0.3543944      4.983    12.3734    322.744 -9.990e-29
      4.887    12.3313 240.950493     2.4420 5.8793e+01     0.6819    84.3258 6.2637e-01 3.6232e+02  0.3539786      4.983    12.3732    322.694 -9.990e-29
      4.887    12.3309 240.926454     2.4420 5.8959e+01     0.6832    84.2997 6.3492e-01 3.6232e+02  0.3543944      4.983    12.3740    322.665 -9.990e-29
      4.887    12.3307 240.926455     2.4420 5.8959e+01     0.6832    84.2997 6.2759e-01 3.6232e+02  0.3539786      4.983    12.3747    322.667 -9.990e-29
      4.887    12.3307 240.938474     2.4408 5.9292e+01     0.6832    84.2997 6.1905e-01 3.6232e+02  0.3539786      4.983    12.3670    322.683 -9.990e-29
      4.887    12.3310 240.974531     2.4408 5.9627e+01     0.6819    84.3258 6.0806e-01 3.6232e+02  0.3539786      4.983    12.3666    322.728 -9.990e-29
      4.887    12.3307 240.998570     2.4420 5.9627e+01     0.6832    84.2997 5.9585e-01 3.6232e+02  0.3539786      4.983    12.3739    322.763 -9.990e-29
      4.888    12.3305 240.986551     2.4408 5.9795e+01     0.6844    84.2735 5.9219e-01 3.6232e+02  0.3539786      4.984    12.3668    322.749 -9.990e-29
      4.889    12.3307 240.914435     2.4420 6.0302e+01     0.6869    84.2213 5.9341e-01 3.6232e+02  0.3539786      4.985    12.3747    322.650 -9.990e-29
      4.890    12.3306 240.926455     2.4420 6.0302e+01     0.6869    84.2213 5.9829e-01 3.6232e+02  0.3539786      4.986    12.3750    322.667 -9.990e-29
      4.892    12.3305 240.926455     2.4420 6.0472e+01     0.6856    84.2474 6.0195e-01 3.6232e+02  0.3539786      4.988    12.3752    322.668 -9.990e-29
      4.893    12.3309 240.926454     2.4420 6.0643e+01     0.6856    84.2474 6.1050e-01 3.6232e+02  0.3539786      4.989    12.3745    322.665 -9.990e-29
      4.895    12.3317 240.938473     2.4420 6.0814e+01     0.6869    84.2213 6.1538e-01 3.6232e+02  0.3539786      4.992    12.3743    322.674 -9.990e-29
      4.897    12.3339 240.986548     2.4420 6.0643e+01     0.6869    84.2213 6.2271e-01 3.6232e+02  0.3543944      4.994    12.3736    322.719 -9.990e-29
      4.900    12.3347 241.034625     2.4420 6.0814e+01     0.6869    84.2213 6.3736e-01 3.6232e+02  0.3543944      4.997    12.3733    322.777 -9.990e-29
      4.904    12.3340 241.010588     2.4420 6.0814e+01     0.6869    84.2213 6.5568e-01 3.6232e+02  0.3543944      5.001    12.3734    322.751 -9.990e-29
      4.906    12.3334 241.010588     2.4420 6.0814e+01     0.6869    84.2213 6.6178e-01 3.6232e+02  0.3543944      5.003    12.3734    322.756 -9.990e-29
      4.909    12.3325 240.938472     2.4420 6.0814e+01     0.6881    84.1951 6.6667e-01 3.6232e+02  0.3539786      5.006    12.3727    322.667 -9.990e-29
      4.913    12.3323 240.986551     2.4420 6.0643e+01     0.6881    84.1951 6.7643e-01 3.6232e+02  0.3539786      5.010    12.3724    322.733 -9.990e-29
      4.916    12.3320 240.962512     2.4420 6.0643e+01     0.6869    84.2213 6.8254e-01 3.6232e+02  0.3543944      5.013    12.3722    322.704 -9.990e-29
      4.918    12.3315 240.950494     2.4432 6.0472e+01     0.6881    84.1951 6.7521e-01 3.6232e+02  0.3539786      5.015    12.3794    322.692 -9.990e-29
      4.919    12.3319 240.950492     2.4432 6.0472e+01     0.6869    84.2213 6.6300e-01 3.6232e+02  0.3543944      5.016    12.3788    322.688 -9.990e-29
      4.921    12.3316 240.986552     2.4432 6.0472e+01     0.6881    84.1951 6.5934e-01 3.6232e+02  0.3543944      5.018    12.3784    322.739 -9.990e-29
      4.924    12.3319 241.034627     2.4432 6.0133e+01     0.6894    84.1690 6.6422e-01 3.6232e+02  0.3543944      5.021    12.3785    322.801 -9.990e-29
      4.928    12.3317 240.950494     2.4420 6.0133e+01     0.6881    84.1951 6.5812e-01 3.6232e+02  0.3543944      5.025    12.3712    322.690 -9.990e-29
      4.931    12.3312 240.938475     2.4420 6.0133e+01     0.6856    84.2474 6.4225e-01 3.6232e+02  0.3543944      5.028    12.3715    322.678 -9.990e-29
      4.933    12.3310 240.926456     2.4420 5.9963e+01     0.6881    84.1951 6.3248e-01 3.6232e+02  0.3543944      5.030    12.3716    322.664 -9.990e-29
      4.935    12.3312 240.938473     2.4432 5.9795e+01     0.6856    84.2474 6.3126e-01 3.6232e+02  0.3543944      5.032    12.3792    322.678 -9.990e-29
      4.938    12.3310 240.950494     2.4432 5.9795e+01     0.6807    84.3520 6.3126e-01 3.6232e+02  0.3543944      5.035    12.3793    322.696 -9.990e-29
      4.942    12.3310 240.902418     2.4420 5.9627e+01     0.6807    84.3520 6.3736e-01 3.6232e+02  0.3543944      5.039    12.3717    322.632 -9.990e-29
      4.945    12.3306 240.890398     2.4420 5.9459e+01     0.6794    84.3781 6.4225e-01 3.6232e+02  0.3543944      5.042    12.3717    322.619 -9.990e-29
      4.948    12.3302 240.890399     2.4432 5.9459e+01     0.6807    84.3520 6.3736e-01 3.6232e+02  0.3543944      5.046    12.3792    322.623 -9.990e-29
      4.951    12.3304 240.926456     2.4432 5.9292e+01     0.6807    84.3520 6.3614e-01 3.6232e+02  0.3543944      5.049    12.3788    322.669 -9.990e-29
      4.954    12.3305 240.926456     2.4432 5.8959e+01     0.6807    84.3520 6.4713e-01 3.6232e+02  0.3543944      5.052    12.3785    322.668 -9.990e-29
      4.958    12.3305 240.938475     2.4432 5.8959e+01     0.6807    84.3520 6.5568e-01 3.6232e+02  0.3543944      5.056    12.3781    322.684 -9.990e-29
      4.961    12.3305 240.974534     2.4432 5.8793e+01     0.6807    84.3520 6.5079e-01 3.6232e+02  0.3543944      5.059    12.3778    322.733 -9.990e-29
      4.964    12.3304 240.938475     2.4432 5.8462e+01     0.6807    84.3520 6.4347e-01 3.6232e+02  0.3543944      5.062    12.3774    322.685 -9.990e-29
      4.966    12.3304 240.926457     2.4432 5.8462e+01     0.6807    84.3520 6.4103e-01 3.6232e+02  0.3543944      5.064    12.3769    322.669 -9.990e-29
      4.969    12.3299 240.938474     2.4432 5.8298e+01     0.6807    84.3520 6.3736e-01 3.6232e+02  0.3543944      5.067    12.3766    322.690 -9.990e-29
      4.975    12.3304 240.902420     2.4432 5.7808e+01     0.6807    84.3520 6.2759e-01 3.6232e+02  0.3543944      5.073    12.3759    322.637 -9.990e-29
      4.978    12.3305 240.914438     2.4432 5.7645e+01     0.6807    84.3520 6.2271e-01 3.6232e+02  0.3543944      5.076    12.3761    322.652 -9.990e-29
      4.980    12.3305 240.962514     2.4420 5.7645e+01     0.6794    84.3781 6.3126e-01 3.6232e+02  0.3543944      5.078    12.3688    322.717 -9.990e-29
      4.982    12.3307 240.950496     2.4432 5.7160e+01     0.6807    84.3520 6.3004e-01 3.6232e+02  0.3543944      5.080    12.3763    322.699 -9.990e-29
      4.984    12.3306 240.974534     2.4432 5.6999e+01     0.6807    84.3520 6.3004e-01 3.6232e+02  0.3539786      5.082    12.3764    322.732 -9.990e-29
      4.985    12.3309 240.986554     2.4432 5.6999e+01     0.6807    84.3520 6.2515e-01 3.6232e+02  0.3543944      5.083    12.3763    322.745 -9.990e-29
      4.985    12.3310 240.950494     2.4432 5.6679e+01     0.6807    84.3520 6.1294e-01 3.6232e+02  0.3539786      5.083    12.3770    322.696 -9.990e-29
      4.987    12.3307 240.986554     2.4432 5.6360e+01     0.6807    84.3520 6.0684e-01 3.6232e+02  0.3543944      5.085    12.3777    322.747 -9.990e-29
      4.988    12.3305 240.986554     2.4432 5.6360e+01     0.6819    84.3258 6.1294e-01 3.6232e+02  0.3543944      5.086    12.3784    322.749 -9.990e-29
      4.988    12.3305 240.950496     2.4432 5.6044e+01     0.6832    84.2997 6.2759e-01 3.6232e+02  0.3543944      5.086    12.3791    322.700 -9.990e-29
      4.987    12.3309 240.950494     2.4432 5.5886e+01     0.6832    84.2997 6.5201e-01 3.6232e+02  0.3543944      5.085    12.3787    322.697 -9.990e-29
      4.987    12.3307 240.926457     2.4432 5.5729e+01     0.6832    84.2997 6.7643e-01 3.6232e+02  0.3543944      5.085    12.3785    322.667 -9.990e-29
      4.987    12.3305 240.938477     2.4432 5.5572e+01     0.6832    84.2997 6.7033e-01 3.6232e+02  0.3543944      5.085    12.3782    322.684 -9.990e-29
      4.986    12.3302 240.974535     2.4432 5.5416e+01     0.6856    84.2474 6.3614e-01 3.6232e+02  0.3543944      5.084    12.3787    322.735 -9.990e-29
      4.984    12.3302 240.914437     2.4444 5.5260e+01     0.6844    84.2735 6.0928e-01 3.6232e+02  0.3543944      5.082    12.3865    322.655 -9.990e-29
      4.984    12.3297 240.962516     2.4444 5.5105e+01     0.6832    84.2997 6.0195e-01 3.6232e+02  0.3543944      5.082    12.3862    322.723 -9.990e-29
      4.983    12.3293 240.986555     2.4432 5.4950e+01     0.6832    84.2997 6.0195e-01 3.6429e+02  0.3543944      5.081    12.3782    322.759 -9.990e-29
      4.981    12.3292 240.890401     2.4444 5.4950e+01     0.6832    84.2997 5.9951e-01 3.6429e+02  0.3543944      5.079    12.3860    322.631 -9.990e-29
      4.979    12.3292 240.926457     2.4432 5.4950e+01     0.6832    84.2997 6.0073e-01 3.6429e+02  0.3543944      5.077    12.3786    322.680 -9.990e-29
      4.976    12.3290 240.950498     2.4432 5.4795e+01     0.6832    84.2997 6.0195e-01 3.6232e+02  0.3543944      5.074    12.3788    322.713 -9.990e-29
      4.972    12.3291 240.950496     2.4432 5.4641e+01     0.6844    84.2735 6.0195e-01 3.6429e+02  0.3543944      5.070    12.3789    322.713 -9.990e-29
      4.969    12.3297 240.902420     2.4432 5.4641e+01     0.6844    84.2735 6.0073e-01 3.6429e+02  0.3543944      5.067    12.3780    322.643 -9.990e-29
      4.964    12.3287 240.926458     2.4432 5.4641e+01     0.6832    84.2997 5.9463e-01 3.6429e+02  0.3543944      5.062    12.3783    322.684 -9.990e-29
      4.959    12.3285 240.950497     2.4432 5.4641e+01     0.6844    84.2735 5.9341e-01 3.6429e+02  0.3543944      5.057    12.3784    322.718 -9.990e-29
      4.953    12.3289 240.974534     2.4432 5.4641e+01     0.6832    84.2997 5.8852e-01 3.6429e+02  0.3543944      5.051    12.3783    322.746 -9.990e-29
