data/05_metadata_exports/SeabirdData/202305_SeabirdData/83233_stn66.cnv
* Sea-Bird SBE 9 Data File:
* FileName = C:\Users\rosette\Rosette Data\2023\Ontario CSMI\stn66.hex
* Software Version Seasave V 7.26.6.26
* Temperature SN = 5270
* Conductivity SN = 1168
* Number of Bytes Per Scan = 40
* Number of Voltage Words = 5
* Number of Scans Averaged by the Deck Unit = 1
* NMEA Latitude = 43 20.07 N
* NMEA Longitude = 076 50.34 W
* NMEA UTC (Time) = Sep 30 2003  11:10:49
* NMEA baud rate = 4800
** Ship: Lake Guardian
** Cruise: Summer Survey 2022 Ontario CSMI LFWS
** Station:  stn66
# nquan = 14                                
# nvalues = 18420                       
# units = specified
# name 0 = prDM: Pressure, Digiquartz [db]
# name 1 = t090C: Temperature [ITS-90, deg C]
# name 2 = c0uS/cm: Conductivity [uS/cm]
# name 3 = sbeox0V: Oxygen raw, SBE 43 [V]
# name 4 = par: PAR/Irradiance, Biospherical/Licor
# name 5 = bat: Beam Attenuation, Chelsea/Seatech [1/m]
# name 6 = xmiss: Beam Transmission, Chelsea/Seatech [%]
# name 7 = flSP: Fluorescence, Seapoint
# name 8 = spar: SPAR, Biospherical/Licor
# name 9 = upoly0: Upoly 0, Suna Nitrate
# name 10 = depFM: Depth [fresh water, m], lat = 43.3345
# name 11 = sbeox0Mg/L: Oxygen, SBE 43 [mg/l], WS = 2
# name 12 = specc: Specific Conductance [uS/cm]
# name 13 = flag: flag
# span 0 =     -0.303,     17.112       
# span 1 =    10.5166,    12.3510       
# span 2 =  10.700310, 241.997535       
# span 3 =     2.0611,     2.6264       
# span 4 = 1.1298e+00, 3.9170e+02       
# span 5 =     0.1509,    15.6750       
# span 6 =     1.9866,    96.2977       
# span 7 = 2.0757e-02, 1.9829e+00       
# span 8 = 2.6189e+02, 3.7413e+02       
# span 9 =  0.0733389,  0.3602151       
# span 10 =     -0.309,     17.449      
# span 11 =     9.9891,    14.1844      
# span 12 =     14.897,    340.585      
# span 13 = 0.0000e+00, 0.0000e+00      
# interval = seconds: 0.0416667
# start_time = Sep 30 2003 11:10:49 [NMEA time, header]
# bad_flag = -9.990e-29
*END*
[from data line 14865]
      8.100    12.2756 240.421778     2.4457 1.9076e+01     0.6894    84.1690 7.5336e-01 3.4066e+02  0.3518998      8.260    12.4484    322.467 -9.990e-29
      8.101    12.2824 240.541959     2.4457 1.9076e+01     0.6856    84.2474 7.4359e-01 3.4066e+02  0.3518998      8.261    12.4466    322.569 -9.990e-29
      8.102    12.2889 240.590029     2.4457 1.9076e+01     0.6869    84.2213 7.3748e-01 3.4066e+02  0.3518998      8.262    12.4439    322.577 -9.990e-29
      8.102    12.2896 240.433785     2.4469 1.9076e+01     0.6856    84.2474 7.3382e-01 3.4066e+02  0.3518998      8.262    12.4504    322.362 -9.990e-29
      8.104    12.2796 240.205444     2.4469 1.9076e+01     0.6856    84.2474 7.3748e-01 3.4066e+02  0.3518998      8.264    12.4523    322.142 -9.990e-29
      8.106    12.2706 240.205451     2.4469 1.9130e+01     0.6856    84.2474 7.3748e-01 3.4066e+02  0.3518998      8.266    12.4538    322.220 -9.990e-29
      8.108    12.2687 240.193434     2.4469 1.9130e+01     0.6856    84.2474 7.3260e-01 3.4066e+02  0.3518998      8.268    12.4538    322.220 -9.990e-29
      8.110    12.2668 240.229491     2.4469 1.9130e+01     0.6856    84.2474 7.2894e-01 3.4066e+02  0.3523156      8.270    12.4536    322.285 -9.990e-29
      8.111    12.2694 240.253525     2.4469 1.9130e+01     0.6856    84.2474 7.2650e-01 3.4066e+02  0.3518998      8.271    12.4518    322.295 -9.990e-29
      8.112    12.2713 240.265542     2.4469 1.9130e+01     0.6856    84.2474 7.1551e-01 3.4066e+02  0.3518998      8.272    12.4500    322.294 -9.990e-29
      8.112    12.2736 240.277559     2.4469 1.9076e+01     0.6856    84.2474 6.9963e-01 3.4066e+02  0.3518998      8.272    12.4479    322.291 -9.990e-29
      8.113    12.2724 240.217467     2.4469 1.9130e+01     0.6856    84.2474 6.8742e-01 3.4066e+02  0.3518998      8.273    12.4476    322.220 -9.990e-29
      8.116    12.2644 240.097292     2.4481 1.9130e+01     0.6856    84.2474 6.8498e-01 3.4066e+02  0.3518998      8.276    12.4559    322.128 -9.990e-29
      8.119    12.2699 240.289580     2.4481 1.9130e+01     0.6844    84.2735 6.7155e-01 3.4066e+02  0.3518998      8.279    12.4532    322.339 -9.990e-29
      8.123    12.2823 240.517922     2.4481 1.9076e+01     0.6844    84.2735 6.5446e-01 3.4066e+02  0.3518998      8.283    12.4482    322.538 -9.990e-29
      8.128    12.2920 240.626083     2.4469 1.9076e+01     0.6856    84.2474 6.4469e-01 3.4066e+02  0.3518998      8.288    12.4372    322.599 -9.990e-29
      8.132    12.2984 240.722231     2.4481 1.9076e+01     0.6844    84.2735 6.4713e-01 3.4066e+02  0.3518998      8.292    12.4420    322.672 -9.990e-29
      8.136    12.3024 240.758283     2.4481 1.9076e+01     0.6844    84.2735 6.5201e-01 3.4066e+02  0.3518998      8.296    12.4398    322.686 -9.990e-29
      8.140    12.3058 240.734243     2.4481 1.9076e+01     0.6844    84.2735 6.6056e-01 3.4066e+02  0.3523156      8.300    12.4385    322.624 -9.990e-29
      8.146    12.3089 240.782318     2.4481 1.9076e+01     0.6869    84.2213 6.7155e-01 3.4066e+02  0.3523156      8.307    12.4362    322.662 -9.990e-29
      8.150    12.3109 240.806354     2.4481 1.9076e+01     0.6856    84.2474 6.7766e-01 3.4066e+02  0.3523156      8.311    12.4351    322.677 -9.990e-29
      8.153    12.3129 240.758275     2.4481 1.9023e+01     0.6869    84.2213 6.7033e-01 3.4066e+02  0.3523156      8.314    12.4339    322.595 -9.990e-29
      8.157    12.3137 240.806352     2.4481 1.9023e+01     0.6881    84.1951 6.6422e-01 3.4066e+02  0.3523156      8.318    12.4320    322.653 -9.990e-29
      8.161    12.3137 240.758276     2.4481 1.9023e+01     0.6881    84.1951 6.7766e-01 3.4066e+02  0.3518998      8.322    12.4311    322.588 -9.990e-29
      8.166    12.3140 240.758274     2.4493 1.9023e+01     0.6869    84.2213 6.8742e-01 3.4066e+02  0.3518998      8.327    12.4376    322.586 -9.990e-29
      8.171    12.3142 240.770295     2.4493 1.9023e+01     0.6881    84.1951 6.8620e-01 3.4066e+02  0.3518998      8.332    12.4373    322.600 -9.990e-29
      8.178    12.3139 240.794333     2.4481 1.9023e+01     0.6869    84.2213 6.8742e-01 3.4066e+02  0.3523156      8.339    12.4294    322.635 -9.990e-29
      8.184    12.3139 240.818372     2.4481 1.8969e+01     0.6881    84.1951 6.8987e-01 3.4066e+02  0.3523156      8.345    12.4281    322.667 -9.990e-29
      8.189    12.3145 240.758275     2.4481 1.8969e+01     0.6881    84.1951 6.9719e-01 3.4066e+02  0.3523156      8.350    12.4273    322.581 -9.990e-29
      8.193    12.3107 240.638089     2.4481 1.8915e+01     0.6881    84.1951 7.0696e-01 3.4066e+02  0.3523156      8.355    12.4278    322.453 -9.990e-29
      8.199    12.2999 240.409742     2.4493 1.8915e+01     0.6881    84.1951 7.1184e-01 3.4066e+02  0.3523156      8.361    12.4386    322.240 -9.990e-29
      8.205    12.2903 240.181402     2.4493 1.8862e+01     0.6881    84.1951 7.0208e-01 3.4066e+02  0.3523156      8.367    12.4415    322.017 -9.990e-29
      8.211    12.2798 240.157374     2.4493 1.8862e+01     0.6881    84.1951 6.8376e-01 3.4066e+02  0.3527313      8.373    12.4437    322.076 -9.990e-29
      8.216    12.2747 240.133340     2.4493 1.8862e+01     0.6881    84.1951 6.7521e-01 3.4066e+02  0.3523156      8.378    12.4442    322.088 -9.990e-29
      8.222    12.2659 240.025186     2.4481 1.8809e+01     0.6881    84.1951 6.7521e-01 3.4066e+02  0.3523156      8.384    12.4383    322.019 -9.990e-29
      8.229    12.2620 240.049225     2.4493 1.8809e+01     0.6881    84.1951 6.7155e-01 3.4066e+02  0.3523156      8.391    12.4459    322.085 -9.990e-29
      8.235    12.2692 240.289584     2.4481 1.8756e+01     0.6869    84.2213 6.7277e-01 3.4066e+02  0.3523156      8.397    12.4350    322.345 -9.990e-29
      8.240    12.2783 240.517927     2.4493 1.8703e+01     0.6881    84.1951 6.7277e-01 3.4066e+02  0.3523156      8.402    12.4393    322.572 -9.990e-29
      8.247    12.2866 240.638110     2.4493 1.8703e+01     0.6881    84.1951 6.6789e-01 3.4066e+02  0.3523156      8.410    12.4363    322.662 -9.990e-29
      8.254    12.2952 240.746274     2.4505 1.8650e+01     0.6881    84.1951 6.6300e-01 3.4066e+02  0.3523156      8.417    12.4407    322.732 -9.990e-29
      8.260    12.3019 240.770305     2.4505 1.8650e+01     0.6881    84.1951 6.5690e-01 3.4066e+02  0.3523156      8.423    12.4374    322.706 -9.990e-29
      8.267    12.3062 240.794341     2.4505 1.8650e+01     0.6894    84.1690 6.5446e-01 3.4066e+02  0.3523156      8.430    12.4355    322.701 -9.990e-29
      8.274    12.3091 240.806357     2.4505 1.8597e+01     0.6881    84.1951 6.6056e-01 3.4066e+02  0.3523156      8.437    12.4339    322.692 -9.990e-29
      8.282    12.3110 240.806358     2.4493 1.8492e+01     0.6881    84.1951 6.6789e-01 3.4066e+02  0.3523156      8.445    12.4252    322.676 -9.990e-29
      8.289    12.3124 240.842412     2.4493 1.8492e+01     0.6881    84.1951 6.7277e-01 3.4066e+02  0.3523156      8.452    12.4240    322.712 -9.990e-29
      8.297    12.3134 240.818374     2.4493 1.8492e+01     0.6894    84.1690 6.7155e-01 3.4066e+02  0.3527313      8.461    12.4230    322.671 -9.990e-29
      8.306    12.3140 240.806356     2.4493 1.8388e+01     0.6881    84.1951 6.7033e-01 3.4066e+02  0.3523156      8.470    12.4221    322.650 -9.990e-29
      8.313    12.3145 240.866451     2.4493 1.8336e+01     0.6894    84.1690 6.7643e-01 3.4066e+02  0.3523156      8.477    12.4211    322.726 -9.990e-29
      8.319    12.3149 240.842411     2.4493 1.8336e+01     0.6894    84.1690 6.8498e-01 3.4066e+02  0.3518998      8.483    12.4194    322.691 -9.990e-29
      8.325    12.3152 240.782317     2.4505 1.8233e+01     0.6894    84.1690 6.9231e-01 3.4066e+02  0.3518998      8.489    12.4260    322.607 -9.990e-29
      8.331    12.3154 240.770298     2.4505 1.8181e+01     0.6894    84.1690 6.9475e-01 3.4066e+02  0.3518998      8.495    12.4252    322.590 -9.990e-29
      8.337    12.3157 240.806353     2.4493 1.8181e+01     0.6881    84.1951 6.8864e-01 3.4066e+02  0.3518998      8.501    12.4160    322.635 -9.990e-29
      8.344    12.3154 240.806355     2.4493 1.8079e+01     0.6894    84.1690 6.8498e-01 3.4066e+02  0.3523156      8.509    12.4153    322.638 -9.990e-29
      8.352    12.3159 240.842413     2.4493 1.8028e+01     0.6894    84.1690 6.8620e-01 3.4066e+02  0.3523156      8.517    12.4144    322.682 -9.990e-29
      8.358    12.3162 240.830392     2.4505 1.8028e+01     0.6894    84.1690 6.8742e-01 3.4066e+02  0.3523156      8.523    12.4202    322.663 -9.990e-29
      8.363    12.3167 240.806354     2.4505 1.7926e+01     0.6881    84.1951 7.0330e-01 3.4066e+02  0.3523156      8.528    12.4193    322.627 -9.990e-29
      8.369    12.3166 240.818374     2.4493 1.7875e+01     0.6894    84.1690 7.1795e-01 3.4066e+02  0.3523156      8.534    12.4110    322.644 -9.990e-29
      8.375    12.3164 240.854430     2.4493 1.7875e+01     0.6881    84.1951 7.2650e-01 3.4066e+02  0.3523156      8.540    12.4103    322.694 -9.990e-29
      8.381    12.3161 240.878470     2.4493 1.7825e+01     0.6894    84.1690 7.2283e-01 3.4066e+02  0.3523156      8.546    12.4097    322.729 -9.990e-29
      8.386    12.3160 240.866451     2.4493 1.7774e+01     0.6894    84.1690 7.1917e-01 3.4066e+02  0.3523156      8.551    12.4082    322.713 -9.990e-29
      8.391    12.3159 240.794335     2.4493 1.7724e+01     0.6894    84.1690 7.1306e-01 3.4066e+02  0.3523156      8.556    12.4068    322.618 -9.990e-29
      8.396    12.3161 240.806357     2.4493 1.7674e+01     0.6856    84.2474 7.0574e-01 3.4066e+02  0.3523156      8.562    12.4053    322.632 -9.990e-29
      8.400    12.3164 240.806355     2.4493 1.7574e+01     0.6832    84.2997 7.0330e-01 3.4066e+02  0.3523156      8.566    12.4046    322.629 -9.990e-29
      8.402    12.3169 240.818374     2.4493 1.7574e+01     0.6819    84.3258 7.0696e-01 3.4066e+02  0.3523156      8.568    12.4039    322.641 -9.990e-29
      8.405    12.3172 240.854431     2.4493 1.7525e+01     0.6832    84.2997 7.1429e-01 3.4066e+02  0.3523156      8.571    12.4033    322.687 -9.990e-29
      8.408    12.3177 240.830392     2.4493 1.7426e+01     0.6844    84.2735 7.0818e-01 3.4066e+02  0.3523156      8.574    12.4035    322.650 -9.990e-29
      8.411    12.3187 240.854430     2.4493 1.7426e+01     0.6819    84.3258 6.8864e-01 3.4066e+02  0.3523156      8.577    12.4029    322.674 -9.990e-29
      8.415    12.3194 240.878469     2.4493 1.7377e+01     0.6819    84.3258 6.6300e-01 3.4066e+02  0.3523156      8.581    12.4032    322.700 -9.990e-29
      8.417    12.3197 240.818372     2.4493 1.7328e+01     0.6819    84.3258 6.5568e-01 3.4066e+02  0.3523156      8.583    12.4021    322.617 -9.990e-29
      8.418    12.3205 240.890486     2.4493 1.7279e+01     0.6819    84.3258 6.5079e-01 3.4066e+02  0.3523156      8.584    12.4009    322.707 -9.990e-29
      8.420    12.3209 240.890486     2.4493 1.7279e+01     0.6832    84.2997 6.5324e-01 3.4066e+02  0.3523156      8.586    12.3991    322.703 -9.990e-29
      8.423    12.3209 240.866449     2.4493 1.7230e+01     0.6819    84.3258 6.5201e-01 3.4066e+02  0.3527313      8.589    12.3984    322.671 -9.990e-29
      8.424    12.3209 240.830391     2.4481 1.7181e+01     0.6819    84.3258 6.4103e-01 3.4066e+02  0.3527313      8.590    12.3901    322.623 -9.990e-29
      8.423    12.3205 240.806352     2.4481 1.7181e+01     0.6832    84.2997 6.4469e-01 3.4066e+02  0.3527313      8.589    12.3896    322.594 -9.990e-29
      8.422    12.3200 240.818373     2.4481 1.7133e+01     0.6819    84.3258 6.5568e-01 3.4066e+02  0.3527313      8.588    12.3900    322.614 -9.990e-29
      8.421    12.3199 240.854429     2.4481 1.7133e+01     0.6832    84.2997 6.5812e-01 3.4066e+02  0.3523156      8.587    12.3903    322.663 -9.990e-29
      8.420    12.3189 240.830393     2.4493 1.7133e+01     0.6832    84.2997 6.6300e-01 3.4066e+02  0.3523156      8.586    12.3977    322.640 -9.990e-29
      8.417    12.3182 240.806354     2.4493 1.7084e+01     0.6832    84.2997 6.5812e-01 3.4066e+02  0.3523156      8.583    12.3976    322.614 -9.990e-29
      8.415    12.3170 240.818374     2.4481 1.7084e+01     0.6819    84.3258 6.3370e-01 3.4066e+02  0.3523156      8.581    12.3894    322.640 -9.990e-29
      8.413    12.3167 240.830394     2.4481 1.7084e+01     0.6819    84.3258 6.1050e-01 3.4066e+02  0.3527313      8.579    12.3894    322.659 -9.990e-29
      8.409    12.3160 240.782317     2.4481 1.7036e+01     0.6819    84.3258 6.0562e-01 3.4066e+02  0.3527313      8.575    12.3904    322.601 -9.990e-29
      8.406    12.3157 240.842413     2.4481 1.7084e+01     0.6894    84.1690 6.0440e-01 3.4066e+02  0.3523156      8.572    12.3905    322.684 -9.990e-29
      8.402    12.3159 240.794337     2.4481 1.7084e+01     0.6919    84.1167 5.9707e-01 3.4066e+02  0.3523156      8.568    12.3898    322.618 -9.990e-29
      8.399    12.3162 240.794336     2.4481 1.7084e+01     0.6919    84.1167 5.9707e-01 3.4066e+02  0.3527313      8.565    12.3891    322.615 -9.990e-29
      8.395    12.3170 240.806356     2.4469 1.7084e+01     0.6919    84.1167 6.1294e-01 3.4066e+02  0.3527313      8.561    12.3809    322.624 -9.990e-29
      8.389    12.3169 240.806354     2.4481 1.7084e+01     0.6931    84.0906 6.3248e-01 3.4066e+02  0.3527313      8.554    12.3881    322.625 -9.990e-29
      8.383    12.3167 240.746260     2.4481 1.7133e+01     0.6931    84.0906 6.3370e-01 3.4066e+02  0.3527313      8.548    12.3879    322.546 -9.990e-29
      8.377    12.3152 240.758280     2.4481 1.7133e+01     0.6919    84.1167 6.2759e-01 3.4066e+02  0.3527313      8.542    12.3882    322.575 -9.990e-29
      8.370    12.3149 240.794336     2.4469 1.7133e+01     0.6919    84.1167 6.2515e-01 3.4066e+02  0.3527313      8.535    12.3798    322.626 -9.990e-29
      8.364    12.3152 240.818374     2.4481 1.7181e+01     0.6931    84.0906 6.2271e-01 3.4066e+02  0.3527313      8.529    12.3873    322.656 -9.990e-29
      8.358    12.3155 240.854432     2.4469 1.7181e+01     0.6931    84.0906 6.5201e-01 3.4066e+02  0.3527313      8.523    12.3798    322.701 -9.990e-29
      8.350    12.3154 240.818374     2.4481 1.7230e+01     0.6943    84.0644 6.6422e-01 3.4066e+02  0.3527313      8.515    12.3884    322.654 -9.990e-29
      8.342    12.3140 240.770299     2.4469 1.7230e+01     0.6931    84.0906 6.5690e-01 3.4066e+02  0.3527313      8.506    12.3816    322.602 -9.990e-29
      8.334    12.3130 240.734242     2.4469 1.7279e+01     0.6943    84.0644 6.4835e-01 3.4066e+02  0.3527313      8.498    12.3824    322.562 -9.990e-29
      8.325    12.3125 240.806357     2.4457 1.7279e+01     0.6919    84.1167 6.5934e-01 3.4066e+02  0.3527313      8.489    12.3755    322.663 -9.990e-29
      8.315    12.3127 240.758279     2.4469 1.7328e+01     0.6943    84.0644 8.3639e-01 3.4066e+02  0.3527313      8.479    12.3836    322.597 -9.990e-29
      8.306    12.3136 240.782318     2.4469 1.7377e+01     0.6968    84.0122 1.0269e+00 3.4066e+02  0.3527313      8.470    12.3831    322.621 -9.990e-29
      8.295    12.3151 240.818373     2.4469 1.7377e+01     0.6968    84.0122 9.5360e-01 3.4066e+02  0.3527313      8.459    12.3819    322.657 -9.990e-29
      8.285    12.3160 240.782314     2.4469 1.7426e+01     0.6956    84.0383 8.2051e-01 3.4066e+02  0.3531471      8.448    12.3817    322.601 -9.990e-29
      8.275    12.3166 240.806354     2.4469 1.7525e+01     0.6943    84.0644 7.2772e-01 3.4066e+02  0.3535629      8.438    12.3809    322.628 -9.990e-29
      8.264    12.3176 240.806350     2.4469 1.7574e+01     0.6943    84.0644 6.7277e-01 3.4066e+02  0.3535629      8.427    12.3800    322.619 -9.990e-29
      8.253    12.3185 240.890484     2.4469 1.7574e+01     0.6894    84.1690 6.4469e-01 3.4066e+02  0.3535629      8.416    12.3810    322.724 -9.990e-29
