data/05_metadata_exports/SeabirdData/202305_SeabirdData/83254_stn715-day.cnv
* Sea-Bird SBE 9 Data File:
* FileName = C:\Users\rosette\Rosette Data\2023\Ontario CSMI\stn715-day.hex
* Software Version Seasave V 7.26.6.26
* Temperature SN = 5270
* Conductivity SN = 1168
* Number of Bytes Per Scan = 40
* Number of Voltage Words = 5
* Number of Scans Averaged by the Deck Unit = 1
* NMEA Latitude = 43 38.18 N
* NMEA Longitude = 076 58.20 W
* NMEA UTC (Time) = Sep 30 2003  17:23:38
* NMEA baud rate = 4800
** Ship: Lake Guardian
** Cruise: Summer Survey 2022 Ontario CSMI LFWS
** Station:  stn715-day
# nquan = 14                                
# nvalues = 23807                       
# units = specified
# name 0 = prDM: Pressure, Digiquartz [db]
# name 1 = t090C: Temperature [ITS-90, deg C]
# name 2 = c0uS/cm: Conductivity [uS/cm]
# name 3 = sbeox0V: Oxygen raw, SBE 43 [V]
# name 4 = par: PAR/Irradiance, Biospherical/Licor
# name 5 = bat: Beam Attenuation, Chelsea/Seatech [1/m]
# name 6 = xmiss: Beam Transmission, Chelsea/Seatech [%]
# name 7 = flSP: Fluorescence, Seapoint
# name 8 = spar: SPAR, Biospherical/Licor
# name 9 = upoly0: Upoly 0, Suna Nitrate
# name 10 = depFM: Depth [fresh water, m], lat = 43.6363
# name 11 = sbeox0Mg/L: Oxygen, SBE 43 [mg/l], WS = 2
# name 12 = specc: Specific Conductance [uS/cm]
# name 13 = flag: flag
# span 0 =     -0.426,    146.023       
# span 1 =     3.8328,    11.9690       
# span 2 = -3.584e+03, 331.961216       
# span 3 =     2.0049,     2.5092       
# span 4 = 1.0000e-12, 2.1527e+03       
# span 5 =     0.0206,    12.7475       
# span 6 =     4.1300,    99.4867       
# span 7 = 2.6862e-02, 1.6300e+00       
# span 8 = 1.2248e+03, 1.6737e+03       
# span 9 =  0.0745862,  0.3943076       
# span 10 =     -0.434,    148.902      
# span 11 =    10.5434,    14.4474      
# span 12 =  -4882.686,    451.942      
# span 13 = 0.0000e+00, 0.0000e+00      
# interval = seconds: 0.0416667
# start_time = Sep 30 2003 17:23:38 [NMEA time, header]
# bad_flag = -9.990e-29
*END*
[from data line 22297]
      7.295     7.1237 200.231814     2.4249 9.3296e+01     0.9168    79.5162 1.2821e+00 1.4611e+03  0.3119866      7.439    14.1765    311.641 0.0000e+00
      7.280     7.1324 200.387331     2.4249 9.3822e+01     0.9155    79.5423 1.2601e+00 1.4611e+03  0.3119866      7.424    14.1727    311.798 0.0000e+00
      7.264     7.1603 200.494987     2.4249 9.3822e+01     0.9142    79.5685 1.2527e+00 1.4611e+03  0.3119866      7.407    14.1593    311.695 0.0000e+00
      7.248     7.1847 200.542825     2.4261 9.4352e+01     0.9155    79.5423 1.2442e+00 1.4611e+03  0.3119866      7.391    14.1551    311.533 0.0000e+00
      7.231     7.1822 200.483008     2.4249 9.5152e+01     0.9129    79.5946 1.2357e+00 1.4591e+03  0.3119866      7.374    14.1447    311.465 0.0000e+00
      7.214     7.1712 200.459087     2.4261 9.5420e+01     0.9155    79.5423 1.2357e+00 1.4591e+03  0.3119866      7.356    14.1565    311.534 0.0000e+00
      7.196     7.1788 200.483009     2.4261 9.5689e+01     0.9155    79.5423 1.2210e+00 1.4591e+03  0.3119866      7.338    14.1516    311.497 0.0000e+00
      7.177     7.2012 200.638523     2.4274 9.6501e+01     0.9142    79.5685 1.2125e+00 1.4591e+03  0.3119866      7.319    14.1484    311.522 0.0000e+00
      7.158     7.2180 200.674404     2.4286 9.6773e+01     0.9142    79.5685 1.2125e+00 1.4591e+03  0.3119866      7.299    14.1473    311.415 0.0000e+00
      7.138     7.2059 200.399245     2.4286 9.7045e+01     0.9142    79.5685 1.2234e+00 1.4591e+03  0.3119866      7.279    14.1506    311.105 0.0000e+00
      7.118     7.1715 200.195889     2.4286 9.7868e+01     0.9142    79.5685 1.2479e+00 1.4591e+03  0.3119866      7.258    14.1608    311.122 0.0000e+00
      7.097     7.1398 200.124129     2.4298 9.8421e+01     0.9142    79.5685 1.2698e+00 1.4591e+03  0.3119866      7.237    14.1777    311.317 0.0000e+00
      7.077     7.1196 200.016474     2.4298 9.8421e+01     0.9142    79.5685 1.2601e+00 1.4591e+03  0.3119866      7.217    14.1821    311.345 0.0000e+00
      7.058     7.0996 199.908820     2.4298 9.9255e+01     0.9129    79.5946 1.2369e+00 1.4571e+03  0.3124024      7.197    14.1868    311.372 0.0000e+00
      7.038     7.0837 199.860979     2.4298 9.9815e+01     0.9142    79.5685 1.2381e+00 1.4571e+03  0.3119866      7.177    14.1917    311.452 0.0000e+00
      7.016     7.0790 199.992573     2.4298 9.9815e+01     0.9142    79.5685 1.2405e+00 1.4571e+03  0.3124024      7.154    14.1903    311.702 0.0000e+00
      6.994     7.0951 200.255753     2.4298 1.0095e+02     0.9142    79.5685 1.2418e+00 1.4571e+03  0.3115708      7.132    14.1824    311.956 0.0000e+00
      6.972     7.1282 200.590711     2.4298 1.0152e+02     0.9155    79.5423 1.2381e+00 1.4571e+03  0.3099078      7.109    14.1682    312.156 0.0000e+00
      6.950     7.1401 200.674450     2.4310 1.0152e+02     0.9221    79.4116 1.2442e+00 1.4571e+03  0.3115708      7.087    14.1727    312.170 0.0000e+00
      6.928     7.1583 200.853900     2.4310 1.0266e+02     0.9300    79.2548 1.2540e+00 1.4571e+03  0.3094920      7.065    14.1666    312.273 0.0000e+00
      6.905     7.1922 201.224774     2.4310 1.0354e+02     0.9300    79.2548 1.2589e+00 1.4571e+03  0.3094920      7.041    14.1535    312.520 0.0000e+00
      6.882     7.2529 201.535822     2.4322 1.0354e+02     0.9300    79.2548 1.2674e+00 1.4571e+03  0.3094920      7.018    14.1378    312.414 0.0000e+00
      6.859     7.3120 201.691331     2.4322 1.0500e+02     0.9300    79.2548 1.2613e+00 1.4552e+03  0.3094920      6.994    14.1147    312.083 0.0000e+00
      6.836     7.3294 201.739181     2.4322 1.0589e+02     0.9300    79.2548 1.2637e+00 1.4552e+03  0.3094920      6.971    14.1072    311.989 0.0000e+00
      6.813     7.3567 201.787025     2.4335 1.0619e+02     0.9300    79.2548 1.2540e+00 1.4552e+03  0.3094920      6.947    14.1056    311.799 0.0000e+00
      6.789     7.3837 201.846833     2.4347 1.0739e+02     0.9287    79.2809 1.2479e+00 1.4552e+03  0.3094920      6.923    14.1049    311.632 0.0000e+00
      6.765     7.3989 201.822891     2.4335 1.0922e+02     0.9300    79.2548 1.2552e+00 1.4552e+03  0.3094920      6.898    14.0922    311.449 0.0000e+00
      6.742     7.4015 201.786994     2.4335 1.0953e+02     0.9287    79.2809 1.2625e+00 1.4552e+03  0.3094920      6.875    14.0923    311.368 0.0000e+00
      6.719     7.4013 201.751097     2.4335 1.1077e+02     0.9300    79.2548 1.2698e+00 1.4552e+03  0.3094920      6.851    14.0938    311.315 0.0000e+00
      6.695     7.3986 201.703236     2.4335 1.1266e+02     0.9300    79.2548 1.2698e+00 1.4552e+03  0.3094920      6.827    14.0957    311.267 0.0000e+00
      6.672     7.3962 201.727169     2.4335 1.1329e+02     0.9313    79.2286 1.2564e+00 1.4532e+03  0.3094920      6.804    14.0978    311.327 0.0000e+00
      6.648     7.3948 201.703238     2.4322 1.1393e+02     0.9287    79.2809 1.2503e+00 1.4532e+03  0.3094920      6.779    14.0896    311.303 0.0000e+00
      6.623     7.3920 201.691274     2.4335 1.1587e+02     0.9313    79.2286 1.2564e+00 1.4532e+03  0.3094920      6.754    14.1009    311.312 0.0000e+00
      6.599     7.3950 201.727168     2.4347 1.1685e+02     0.9300    79.2548 1.2711e+00 1.4532e+03  0.3094920      6.729    14.1111    311.338 0.0000e+00
      6.574     7.4122 201.906638     2.4347 1.1718e+02     0.9300    79.2548 1.2674e+00 1.4532e+03  0.3111551      6.704    14.1076    311.450 0.0000e+00
      6.551     7.4220 202.050221     2.4347 1.1951e+02     0.9287    79.2809 1.2601e+00 1.4532e+03  0.3103236      6.680    14.1073    311.577 0.0000e+00
      6.527     7.4378 202.193801     2.4347 1.2053e+02     0.9287    79.2809 1.2625e+00 1.4532e+03  0.3094920      6.656    14.1052    311.647 0.0000e+00
      6.502     7.4571 202.457044     2.4347 1.2053e+02     0.9287    79.2809 1.2686e+00 1.4512e+03  0.3094920      6.630    14.1020    311.867 0.0000e+00
      6.477     7.4841 202.648491     2.4359 1.2327e+02     0.9168    79.5162 1.2601e+00 1.4512e+03  0.3099078      6.605    14.1048    311.902 0.0000e+00
      6.452     7.5164 202.887805     2.4359 1.2432e+02     0.8893    80.0651 1.2564e+00 1.4512e+03  0.3099078      6.579    14.0962    311.960 0.0000e+00
      6.427     7.5481 203.031389     2.4371 1.2467e+02     0.8802    80.2481 1.2576e+00 1.4512e+03  0.3099078      6.554    14.0967    311.877 0.0000e+00
      6.402     7.5824 203.198908     2.4383 1.2679e+02     0.8828    80.1958 1.2552e+00 1.4512e+03  0.3099078      6.528    14.0954    311.806 0.0000e+00
      6.378     7.6208 203.390363     2.4396 1.2822e+02     0.8828    80.1958 1.2747e+00 1.4512e+03  0.3099078      6.504    14.0912    311.732 0.0000e+00
      6.353     7.6549 203.533954     2.4408 1.2859e+02     0.8841    80.1697 1.2808e+00 1.4512e+03  0.3078290      6.478    14.0894    311.626 0.0000e+00
      6.329     7.6768 203.498034     2.4408 1.3114e+02     0.8828    80.1958 1.2747e+00 1.4512e+03  0.3061659      6.454    14.0842    311.362 0.0000e+00
      6.306     7.6875 203.402286     2.4408 1.3300e+02     0.8828    80.1958 1.2662e+00 1.4512e+03  0.3057502      6.430    14.0825    311.114 0.0000e+00
      6.283     7.6890 203.414252     2.4408 1.3338e+02     0.8828    80.1958 1.2698e+00 1.4493e+03  0.3057502      6.407    14.0858    311.118 0.0000e+00
      6.260     7.6893 203.414251     2.4408 1.3565e+02     0.8828    80.1958 1.2845e+00 1.4493e+03  0.3057502      6.383    14.0886    311.115 0.0000e+00
      6.238     7.6839 203.342448     2.4408 1.3835e+02     0.8841    80.1697 1.2882e+00 1.4493e+03  0.3057502      6.361    14.0929    311.057 0.0000e+00
      6.216     7.6710 203.174911     2.4420 1.3913e+02     0.8815    80.2219 1.2930e+00 1.4493e+03  0.3061659      6.339    14.1100    310.923 0.0000e+00
      6.195     7.6568 203.067215     2.4432 1.4110e+02     0.8828    80.1958 1.3150e+00 1.4493e+03  0.3061659      6.317    14.1292    310.894 0.0000e+00
      6.173     7.6494 203.115088     2.4432 1.4431e+02     0.8828    80.1958 1.3248e+00 1.4493e+03  0.3057502      6.295    14.1353    311.037 0.0000e+00
      6.153     7.6496 203.115087     2.4432 1.4512e+02     0.8828    80.1958 1.3260e+00 1.4493e+03  0.3057502      6.274    14.1375    311.035 0.0000e+00
      6.132     7.6544 203.174921     2.4444 1.4635e+02     0.8828    80.1958 1.3370e+00 1.4493e+03  0.3061659      6.253    14.1466    311.081 0.0000e+00
      6.111     7.6587 203.270657     2.4444 1.4968e+02     0.8828    80.1958 1.3468e+00 1.4493e+03  0.3061659      6.231    14.1465    311.187 0.0000e+00
      6.092     7.6631 203.294588     2.4444 1.5095e+02     0.8828    80.1958 1.3492e+00 1.4493e+03  0.3061659      6.212    14.1455    311.182 0.0000e+00
      6.075     7.6675 203.306553     2.4444 1.5138e+02     0.8841    80.1697 1.3407e+00 1.4493e+03  0.3061659      6.195    14.1423    311.158 0.0000e+00
      6.057     7.6710 203.294583     2.4457 1.5482e+02     0.8841    80.1697 1.3297e+00 1.4493e+03  0.3061659      6.176    14.1500    311.106 0.0000e+00
      6.038     7.6751 203.294579     2.4469 1.5614e+02     0.8815    80.2219 1.3382e+00 1.4493e+03  0.3061659      6.157    14.1569    311.067 0.0000e+00
      6.021     7.6822 203.354413     2.4481 1.5658e+02     0.8646    80.5617 1.3651e+00 1.4493e+03  0.3061659      6.140    14.1628    311.091 0.0000e+00
      6.005     7.6912 203.450147     2.4481 1.5879e+02     0.8581    80.6924 1.3834e+00 1.4493e+03  0.3061659      6.123    14.1574    311.152 0.0000e+00
      5.989     7.6979 203.509982     2.4493 1.6014e+02     0.8581    80.6924 1.4017e+00 1.4493e+03  0.3061659      6.107    14.1627    311.180 0.0000e+00
      5.973     7.7012 203.438173     2.4505 1.6014e+02     0.8581    80.6924 1.3858e+00 1.4493e+03  0.3057502      6.091    14.1683    311.039 0.0000e+00
      5.958     7.7011 203.414237     2.4505 1.6195e+02     0.8581    80.6924 1.3492e+00 1.4493e+03  0.3061659      6.075    14.1680    311.003 0.0000e+00
      5.943     7.7005 203.414238     2.4518 1.6287e+02     0.8594    80.6663 1.3272e+00 1.4493e+03  0.3061659      6.060    14.1749    311.009 0.0000e+00
      5.928     7.6999 203.366367     2.4518 1.6333e+02     0.8594    80.6663 1.3199e+00 1.4493e+03  0.3061659      6.045    14.1740    310.941 0.0000e+00
      5.913     7.6996 203.438172     2.4505 1.6379e+02     0.8581    80.6924 1.3248e+00 1.4493e+03  0.3061659      6.030    14.1639    311.054 0.0000e+00
      5.900     7.7024 203.426203     2.4518 1.6425e+02     0.8594    80.6663 1.3223e+00 1.4493e+03  0.3061659      6.016    14.1713    311.009 0.0000e+00
      5.888     7.7057 203.450135     2.4530 1.6425e+02     0.8581    80.6924 1.3101e+00 1.4493e+03  0.3061659      6.004    14.1781    311.014 0.0000e+00
      5.876     7.7079 203.509973     2.4530 1.6517e+02     0.8581    80.6924 1.3028e+00 1.4493e+03  0.3094920      5.992    14.1760    311.085 0.0000e+00
      5.866     7.7090 203.438166     2.4542 1.6564e+02     0.8594    80.6663 1.2991e+00 1.4493e+03  0.3136497      5.982    14.1830    310.964 0.0000e+00
      5.856     7.7094 203.414230     2.4542 1.6611e+02     0.8594    80.6663 1.2943e+00 1.4493e+03  0.3144812      5.971    14.1821    310.924 0.0000e+00
      5.846     7.7066 203.414232     2.4542 1.6657e+02     0.8594    80.6663 1.2894e+00 1.4512e+03  0.3144812      5.961    14.1804    310.951 0.0000e+00
      5.835     7.7003 203.294559     2.4554 1.6751e+02     0.8594    80.6663 1.2735e+00 1.4493e+03  0.3140654      5.950    14.1876    310.828 0.0000e+00
      5.826     7.6852 203.103090     2.4567 1.6799e+02     0.8594    80.6663 1.2601e+00 1.4512e+03  0.3144812      5.941    14.2004    310.678 0.0000e+00
      5.818     7.6515 202.887704     2.4567 1.6751e+02     0.8581    80.6924 1.2650e+00 1.4512e+03  0.3144812      5.933    14.2104    310.669 0.0000e+00
      5.810     7.6213 202.732154     2.4567 1.6799e+02     0.8607    80.6402 1.2674e+00 1.4512e+03  0.3140654      5.925    14.2182    310.718 0.0000e+00
      5.802     7.5827 202.576613     2.4579 1.6799e+02     0.8594    80.6663 1.2552e+00 1.4512e+03  0.3140654      5.916    14.2371    310.848 0.0000e+00
      5.795     7.5494 202.421070     2.4579 1.6751e+02     0.8607    80.6402 1.2442e+00 1.4512e+03  0.3140654      5.909    14.2468    310.927 0.0000e+00
      5.789     7.5280 202.229626     2.4579 1.6704e+02     0.8737    80.3788 1.2320e+00 1.4512e+03  0.3144812      5.903    14.2511    310.837 0.0000e+00
      5.783     7.5063 202.145877     2.4579 1.6704e+02     0.8815    80.2219 1.2259e+00 1.4512e+03  0.3144812      5.897    14.2547    310.916 0.0000e+00
      5.778     7.4886 202.098026     2.4591 1.6704e+02     0.8828    80.1958 1.2283e+00 1.4512e+03  0.3140654      5.892    14.2644    311.012 0.0000e+00
      5.773     7.4770 202.086067     2.4591 1.6704e+02     0.8815    80.2219 1.2271e+00 1.4512e+03  0.3144812      5.887    14.2637    311.105 -9.990e-29
      5.769     7.4694 202.086072     2.4603 1.6657e+02     0.8815    80.2219 1.2173e+00 1.4512e+03  0.3140654      5.883    14.2692    311.177 -9.990e-29
      5.765     7.4636 202.086076     2.4591 1.6657e+02     0.8828    80.1958 1.2112e+00 1.4512e+03  0.3144812      5.879    14.2575    311.233 -9.990e-29
      5.759     7.4615 202.121975     2.4615 1.6657e+02     0.8815    80.2219 1.2186e+00 1.4512e+03  0.3144812      5.873    14.2704    311.309 0.0000e+00
      5.753     7.4671 202.229665     2.4615 1.6657e+02     0.8815    80.2219 1.2234e+00 1.4512e+03  0.3140654      5.866    14.2637    311.421 0.0000e+00
      5.748     7.4687 202.241630     2.4628 1.6657e+02     0.8815    80.2219 1.2247e+00 1.4512e+03  0.3140654      5.861    14.2683    311.424 0.0000e+00
      5.742     7.4671 202.193766     2.4615 1.6564e+02     0.8815    80.2219 1.2259e+00 1.4512e+03  0.3140654      5.855    14.2552    311.365 -9.990e-29
      5.738     7.4611 202.086077     2.4628 1.6564e+02     0.8802    80.2481 1.2222e+00 1.4512e+03  0.3144812      5.851    14.2640    311.257 -9.990e-29
      5.734     7.4527 201.990355     2.4628 1.6564e+02     0.8815    80.2219 1.2320e+00 1.4512e+03  0.3140654      5.847    14.2640    311.190 -9.990e-29
      5.732     7.4435 201.942499     2.4628 1.6471e+02     0.8802    80.2481 1.2344e+00 1.4512e+03  0.3144812      5.845    14.2625    311.205 -9.990e-29
      5.729     7.4335 201.906609     2.4628 1.6379e+02     0.8815    80.2219 1.2442e+00 1.4512e+03  0.3144812      5.842    14.2620    311.245 -9.990e-29
      5.726     7.4256 201.930544     2.4628 1.6379e+02     0.8802    80.2481 1.2589e+00 1.4512e+03  0.3140654      5.839    14.2612    311.358 -9.990e-29
      5.722     7.4299 201.978405     2.4640 1.6379e+02     0.8815    80.2219 1.2759e+00 1.4512e+03  0.3144812      5.835    14.2636    311.391 -9.990e-29
      5.720     7.4497 202.145913     2.4652 1.6379e+02     0.8815    80.2219 1.2894e+00 1.4512e+03  0.3115708      5.833    14.2618    311.459 -9.990e-29
      5.717     7.4702 202.313426     2.4640 1.6379e+02     0.8815    80.2219 1.2796e+00 1.4512e+03  0.3082447      5.830    14.2433    311.520 -9.990e-29
      5.713     7.4895 202.421108     2.4640 1.6425e+02     0.8815    80.2219 1.2650e+00 1.4512e+03  0.3074132      5.826    14.2332    311.500 -9.990e-29
      5.710     7.5086 202.480928     2.4652 1.6471e+02     0.8815    80.2219 1.2613e+00 1.4512e+03  0.3074132      5.823    14.2324    311.409 -9.990e-29
      5.708     7.5220 202.528786     2.4640 1.6471e+02     0.8906    80.0390 1.2479e+00 1.4512e+03  0.3074132      5.821    14.2175    311.355 -9.990e-29
      5.705     7.5313 202.576645     2.4640 1.6471e+02     0.8959    79.9344 1.2418e+00 1.4512e+03  0.3078290      5.817    14.2133    311.339 -9.990e-29
      5.701     7.5403 202.672372     2.4640 1.6564e+02     0.8985    79.8821 1.2357e+00 1.4512e+03  0.3078290      5.813    14.2087    311.400 -9.990e-29
      5.698     7.5593 202.803994     2.4652 1.6564e+02     0.8985    79.8821 1.2308e+00 1.4512e+03  0.3078290      5.810    14.2094    311.421 -9.990e-29
