data/05_metadata_exports/SeabirdData/202305_SeabirdData/83254_stn715-day.cnv
* Sea-Bird SBE 9 Data File:
* FileName = C:\Users\rosette\Rosette Data\2023\Ontario CSMI\stn715-day.hex
* Software Version Seasave V 7.26.6.26
* Temperature SN = 5270
* Conductivity SN = 1168
* Number of Bytes Per Scan = 40
* Number of Voltage Words = 5
* Number of Scans Averaged by the Deck Unit = 1
* NMEA Latitude = 43 38.18 N
* NMEA Longitude = 076 58.20 W
* NMEA UTC (Time) = Sep 30 2003  17:23:38
* NMEA baud rate = 4800
** Ship: Lake Guardian
** Cruise: Summer Survey 2022 Ontario CSMI LFWS
** Station:  stn715-day
# nquan = 14                                
# nvalues = 23807                       
# units = specified
# name 0 = prDM: Pressure, Digiquartz [db]
# name 1 = t090C: Temperature [ITS-90, deg C]
# name 2 = c0uS/cm: Conductivity [uS/cm]
# name 3 = sbeox0V: Oxygen raw, SBE 43 [V]
# name 4 = par: PAR/Irradiance, Biospherical/Licor
# name 5 = bat: Beam Attenuation, Chelsea/Seatech [1/m]
# name 6 = xmiss: Beam Transmission, Chelsea/Seatech [%]
# name 7 = flSP: Fluorescence, Seapoint
# name 8 = spar: SPAR, Biospherical/Licor
# name 9 = upoly0: Upoly 0, Suna Nitrate
# name 10 = depFM: Depth [fresh water, m], lat = 43.6363
# name 11 = sbeox0Mg/L: Oxygen, SBE 43 [mg/l], WS = 2
# name 12 = specc: Specific Conductance [uS/cm]
# name 13 = flag: flag
# span 0 =     -0.426,    146.023       
# span 1 =     3.8328,    11.9690       
# span 2 = -3.584e+03, 331.961216       
# span 3 =     2.0049,     2.5092       
# span 4 = 1.0000e-12, 2.1527e+03       
# span 5 =     0.0206,    12.7475       
# span 6 =     4.1300,    99.4867       
# span 7 = 2.6862e-02, 1.6300e+00       
# span 8 = 1.2248e+03, 1.6737e+03       
# span 9 =  0.0745862,  0.3943076       
# span 10 =     -0.434,    148.902      
# span 11 =    10.5434,    14.4474      
# span 12 =  -4882.686,    451.942      
# span 13 = 0.0000e+00, 0.0000e+00      
# interval = seconds: 0.0416667
# start_time = Sep 30 2003 17:23:38 [NMEA time, header]
# bad_flag = -9.990e-29
*END*
     -0.306    11.9690   1.311851     2.1380 1.9674e+03     0.0438    98.9116 3.2967e-02 1.3252e+03  0.0928797     -0.312    10.5500      1.774 -9.990e-29
     -0.301    11.9685   1.300166     2.1380 1.9674e+03     0.0438    98.9116 3.2967e-02 1.3252e+03  0.0928797     -0.307    10.5501      1.758 -9.990e-29
     -0.298    11.9683   1.323536     2.1392 1.9674e+03     0.0448    98.8855 3.1746e-02 1.3252e+03  0.0928797     -0.304    10.5578      1.790 -9.990e-29
     -0.296    11.9681   1.288481     2.1392 1.9619e+03     0.0448    98.8855 3.1746e-02 1.3252e+03  0.0928797     -0.302    10.5578      1.743 -9.990e-29
     -0.295    11.9677   1.276796     2.1380 1.9674e+03     0.0438    98.9116 3.2967e-02 1.3252e+03  0.0928797     -0.301    10.5503      1.727 -9.990e-29
     -0.294    11.9675   1.253426     2.1380 1.9674e+03     0.0448    98.8855 3.2967e-02 1.3252e+03  0.0928797     -0.300    10.5504      1.695 -9.990e-29
     -0.292    11.9673   1.276796     2.1392 1.9674e+03     0.0438    98.9116 3.4188e-02 1.3252e+03  0.0928797     -0.298    10.5580      1.727 -9.990e-29
     -0.291    11.9671   1.335221     2.1380 1.9619e+03     0.0448    98.8855 3.4188e-02 1.3252e+03  0.0932955     -0.297    10.5505      1.806 -9.990e-29
     -0.290    11.9670   1.276796     2.1380 1.9674e+03     0.0448    98.8855 3.2967e-02 1.3252e+03  0.0928797     -0.296    10.5505      1.727 -9.990e-29
     -0.290    11.9666   1.241741     2.1392 1.9619e+03     0.0448    98.8855 3.2967e-02 1.3252e+03  0.0928797     -0.296    10.5582      1.679 -9.990e-29
     -0.291    11.9665   1.241741     2.1392 1.9674e+03     0.0448    98.8855 3.1746e-02 1.3252e+03  0.0928797     -0.297    10.5583      1.679 -9.990e-29
     -0.291    11.9662   1.276796     2.1380 1.9674e+03     0.0448    98.8855 3.0525e-02 1.3232e+03  0.0928797     -0.297    10.5507      1.727 -9.990e-29
     -0.292    11.9660   1.300166     2.1380 1.9674e+03     0.0438    98.9116 3.0525e-02 1.3232e+03  0.0928797     -0.298    10.5508      1.758 -9.990e-29
     -0.293    11.9657   1.300166     2.1380 1.9619e+03     0.0438    98.9116 3.1746e-02 1.3232e+03  0.0928797     -0.299    10.5509      1.758 -9.990e-29
     -0.293    11.9658   1.276796     2.1380 1.9619e+03     0.0448    98.8855 3.4188e-02 1.3232e+03  0.0928797     -0.299    10.5508      1.727 -9.990e-29
     -0.294    11.9653   1.323536     2.1380 1.9619e+03     0.0438    98.9116 3.4188e-02 1.3232e+03  0.0928797     -0.300    10.5510      1.790 -9.990e-29
     -0.294    11.9651   1.346906     2.1368 1.9619e+03     0.0448    98.8855 3.4188e-02 1.3232e+03  0.0928797     -0.300    10.5434      1.822 -9.990e-29
     -0.295    11.9648   1.288481     2.1380 1.9619e+03     0.0438    98.9116 3.4188e-02 1.3232e+03  0.0928797     -0.301    10.5511      1.743 -9.990e-29
     -0.296    11.9647   1.276796     2.1380 1.9619e+03     0.0438    98.9116 3.2967e-02 1.3232e+03  0.0932955     -0.302    10.5511      1.727 -9.990e-29
     -0.297    11.9642   1.300166     2.1380 1.9619e+03     0.0448    98.8855 3.1746e-02 1.3232e+03  0.0928797     -0.303    10.5512      1.759 -9.990e-29
     -0.298    11.9640   1.323536     2.1380 1.9619e+03     0.0438    98.9116 3.1746e-02 1.3232e+03  0.0928797     -0.304    10.5513      1.790 -9.990e-29
     -0.298    11.9640   1.335221     2.1380 1.9619e+03     0.0438    98.9116 3.2967e-02 1.3232e+03  0.0928797     -0.304    10.5513      1.806 -9.990e-29
     -0.298    11.9637   1.335221     2.1380 1.9619e+03     0.0448    98.8855 3.1746e-02 1.3213e+03  0.0928797     -0.304    10.5514      1.806 -9.990e-29
     -0.298    11.9635   1.300166     2.1368 1.9619e+03     0.0448    98.8855 3.4188e-02 1.3213e+03  0.0928797     -0.304    10.5438      1.759 -9.990e-29
     -0.298    11.9633   1.276796     2.1380 1.9564e+03     0.0438    98.9116 3.4188e-02 1.3213e+03  0.0928797     -0.304    10.5510      1.727 -9.990e-29
     -0.299    11.9630   1.276796     2.1380 1.9564e+03     0.0448    98.8855 3.4188e-02 1.3193e+03  0.0928797     -0.305    10.5507      1.727 -9.990e-29
     -0.299    11.9629   1.300166     2.1392 1.9564e+03     0.0438    98.9116 3.2967e-02 1.3193e+03  0.0928797     -0.305    10.5573      1.759 -9.990e-29
     -0.299    11.9623   1.300166     2.1392 1.9564e+03     0.0438    98.9116 3.2967e-02 1.3193e+03  0.0928797     -0.305    10.5580      1.759 -9.990e-29
     -0.299    11.9623   1.335221     2.1380 1.9564e+03     0.0448    98.8855 3.2967e-02 1.3193e+03  0.0928797     -0.305    10.5510      1.806 -9.990e-29
     -0.299    11.9620   1.288481     2.1380 1.9564e+03     0.0438    98.9116 3.2967e-02 1.3193e+03  0.0928797     -0.305    10.5509      1.743 -9.990e-29
     -0.300    11.9617   1.300166     2.1380 1.9564e+03     0.0438    98.9116 3.2967e-02 1.3173e+03  0.0928797     -0.306    10.5507      1.759 -9.990e-29
     -0.300    11.9613   1.276796     2.1380 1.9509e+03     0.0438    98.9116 3.4188e-02 1.3173e+03  0.0928797     -0.306    10.5515      1.727 -9.990e-29
     -0.300    11.9613   1.183316     2.1392 1.9509e+03     0.0438    98.9116 3.4188e-02 1.3173e+03  0.0928797     -0.306    10.5589      1.601 -9.990e-29
     -0.300    11.9612 110.200411     2.1380 1.9509e+03     0.0438    98.9116 3.4188e-02 1.3173e+03  0.0932955     -0.306    10.5477    149.064 -9.990e-29
     -0.301    11.9605  37.028131     2.1380 1.9509e+03     0.0438    98.9116 3.2967e-02 1.3173e+03  0.0932955     -0.307    10.5507     50.088 -9.990e-29
     -0.302    11.9606   1.241741     2.1380 1.9509e+03     0.0438    98.9116 3.1746e-02 1.3173e+03  0.0928797     -0.308    10.5519      1.680 -9.990e-29
     -0.303    11.9600   1.311851     2.1392 1.9509e+03     0.0438    98.9116 3.2967e-02 1.3154e+03  0.0928797     -0.309    10.5595      1.775 -9.990e-29
     -0.303    11.9598   1.253426     2.1380 1.9509e+03     0.0448    98.8855 3.2967e-02 1.3154e+03  0.0928797     -0.309    10.5511      1.696 -9.990e-29
     -0.305    11.9598   1.230056     2.1380 1.9454e+03     0.0438    98.9116 3.4188e-02 1.3154e+03  0.0928797     -0.311    10.5519      1.664 -9.990e-29
     -0.306    11.9594   1.276796     2.1380 1.9454e+03     0.0438    98.9116 3.5409e-02 1.3154e+03  0.0928797     -0.312    10.5527      1.727 -9.990e-29
     -0.305    11.9593   1.276796     2.1380 1.9454e+03     0.0448    98.8855 3.5409e-02 1.3154e+03  0.0932955     -0.311    10.5535      1.727 -9.990e-29
     -0.304    11.9590   1.276796     2.1392 1.9454e+03     0.0438    98.9116 3.5409e-02 1.3154e+03  0.0932955     -0.310    10.5610      1.727 -9.990e-29
     -0.305    11.9588   1.276796     2.1380 1.9400e+03     0.0448    98.8855 3.4188e-02 1.3134e+03  0.0932955     -0.311    10.5532      1.727 -9.990e-29
     -0.305    11.9585   1.241741     2.1380 1.9400e+03     0.0438    98.9116 3.1746e-02 1.3134e+03  0.0932955     -0.311    10.5531      1.680 -9.990e-29
     -0.305    11.9583   1.218371     2.1380 1.9400e+03     0.0448    98.8855 3.1746e-02 1.3134e+03  0.0932955     -0.311    10.5529      1.648 -9.990e-29
     -0.305    11.9577   1.265111     2.1380 1.9400e+03     0.0438    98.9116 3.1746e-02 1.3134e+03  0.0932955     -0.311    10.5521      1.711 -9.990e-29
     -0.304    11.9577   1.230056     2.1380 1.9400e+03     0.0448    98.8855 3.1746e-02 1.3134e+03  0.0928797     -0.310    10.5519      1.664 -9.990e-29
     -0.304    11.9572   1.253426     2.1380 1.9345e+03     0.0438    98.9116 3.2967e-02 1.3134e+03  0.0928797     -0.310    10.5519      1.696 -9.990e-29
     -0.305    11.9571   1.323536     2.1392 1.9345e+03     0.0438    98.9116 3.1746e-02 1.3134e+03  0.0928797     -0.311    10.5593      1.790 -9.990e-29
     -0.307    11.9569   1.335221     2.1380 1.9345e+03     0.0448    98.8855 3.1746e-02 1.3114e+03  0.0928797     -0.313    10.5515      1.806 -9.990e-29
     -0.307    11.9566   1.335221     2.1368 1.9345e+03     0.0438    98.9116 3.1746e-02 1.3114e+03  0.0928797     -0.313    10.5438      1.806 -9.990e-29
     -0.306    11.9563   1.265111     2.1380 1.9345e+03     0.0448    98.8855 3.2967e-02 1.3114e+03  0.0928797     -0.312    10.5529      1.711 -9.990e-29
     -0.305    11.9560   1.276796     2.1380 1.9345e+03     0.0438    98.9116 3.4188e-02 1.3114e+03  0.0928797     -0.311    10.5535      1.727 -9.990e-29
     -0.304    11.9557   1.288481     2.1380 1.9291e+03     0.0438    98.9116 3.5409e-02 1.3114e+03  0.0928797     -0.310    10.5542      1.743 -9.990e-29
     -0.304    11.9556   1.276796     2.1380 1.9291e+03     0.0448    98.8855 3.5409e-02 1.3114e+03  0.0928797     -0.310    10.5548      1.727 -9.990e-29
     -0.306    11.9554   1.311851     2.1380 1.9291e+03     0.0448    98.8855 3.4188e-02 1.3114e+03  0.0928797     -0.312    10.5554      1.775 -9.990e-29
     -0.307    11.9550   1.265111     2.1380 1.9291e+03     0.0448    98.8855 3.4188e-02 1.3114e+03  0.0928797     -0.313    10.5552      1.712 -9.990e-29
     -0.307    11.9549   1.265111     2.1392 1.9291e+03     0.0438    98.9116 3.4188e-02 1.3114e+03  0.0928797     -0.313    10.5625      1.712 -9.990e-29
     -0.307    11.9546   1.276796     2.1368 1.9291e+03     0.0448    98.8855 3.2967e-02 1.3095e+03  0.0932955     -0.313    10.5464      1.727 -9.990e-29
     -0.308    11.9542   1.276796     2.1368 1.9237e+03     0.0438    98.9116 3.1746e-02 1.3095e+03  0.0928797     -0.314    10.5463      1.727 -9.990e-29
     -0.309    11.9540   1.276796     2.1380 1.9237e+03     0.0438    98.9116 3.0525e-02 1.3095e+03  0.0932955     -0.315    10.5538      1.727 -9.990e-29
     -0.309    11.9539   1.276796     2.1368 1.9237e+03     0.0438    98.9116 3.1746e-02 1.3095e+03  0.0928797     -0.315    10.5476      1.727 -9.990e-29
     -0.308    11.9535   1.241741     2.1392 1.9237e+03     0.0438    98.9116 3.1746e-02 1.3095e+03  0.0928797     -0.314    10.5635      1.680 -9.990e-29
     -0.306    11.9534   1.230056     2.1392 1.9237e+03     0.0438    98.9116 3.1746e-02 1.3095e+03  0.0928797     -0.312    10.5633      1.664 -9.990e-29
     -0.306    11.9531   1.265111     2.1392 1.9237e+03     0.0438    98.9116 3.2967e-02 1.3095e+03  0.0928797     -0.312    10.5631      1.712 -9.990e-29
     -0.305    11.9530   1.241741     2.1392 1.9237e+03     0.0438    98.9116 3.2967e-02 1.3075e+03  0.0928797     -0.311    10.5629      1.680 -9.990e-29
     -0.304    11.9528   1.276796     2.1380 1.9183e+03     0.0438    98.9116 3.2967e-02 1.3075e+03  0.0932955     -0.310    10.5560      1.727 -9.990e-29
     -0.305    11.9524   1.288481     2.1380 1.9183e+03     0.0438    98.9116 3.2967e-02 1.3075e+03  0.0932955     -0.311    10.5559      1.743 -9.990e-29
     -0.304    11.9521   1.253426     2.1380 1.9183e+03     0.0448    98.8855 3.2967e-02 1.3075e+03  0.0932955     -0.310    10.5558      1.696 -9.990e-29
     -0.304    11.9523   1.265111     2.1368 1.9183e+03     0.0438    98.9116 3.1746e-02 1.3075e+03  0.0928797     -0.310    10.5479      1.712 -9.990e-29
     -0.304    11.9519   1.300166     2.1380 1.9183e+03     0.0438    98.9116 3.1746e-02 1.3075e+03  0.0932955     -0.310    10.5554      1.759 -9.990e-29
     -0.304    11.9515   1.276796     2.1380 1.9129e+03     0.0438    98.9116 3.1746e-02 1.3055e+03  0.0932955     -0.310    10.5553      1.728 -9.990e-29
     -0.304    11.9512   1.288481     2.1392 1.9129e+03     0.0438    98.9116 3.1746e-02 1.3055e+03  0.0932955     -0.310    10.5628      1.743 -9.990e-29
     -0.305    11.9511   1.276796     2.1380 1.9129e+03     0.0438    98.9116 3.2967e-02 1.3055e+03  0.0928797     -0.311    10.5559      1.728 -9.990e-29
     -0.305    11.9509   1.253426     2.1380 1.9129e+03     0.0448    98.8855 3.4188e-02 1.3035e+03  0.0928797     -0.311    10.5558      1.696 -9.990e-29
     -0.304    11.9506   1.265111     2.1392 1.9129e+03     0.0438    98.9116 3.5409e-02 1.3035e+03  0.0928797     -0.310    10.5624      1.712 -9.990e-29
     -0.302    11.9504   1.288481     2.1380 1.9129e+03     0.0438    98.9116 3.4188e-02 1.3035e+03  0.0928797     -0.308    10.5547      1.743 -9.990e-29
     -0.302    11.9503   1.230056     2.1392 1.9129e+03     0.0448    98.8855 3.2967e-02 1.3035e+03  0.0928797     -0.308    10.5629      1.664 -9.990e-29
     -0.302    11.9502   1.218371     2.1392 1.9129e+03     0.0438    98.9116 3.1746e-02 1.3016e+03  0.0928797     -0.308    10.5627      1.649 -9.990e-29
     -0.302    11.9498   1.300166     2.1392 1.9075e+03     0.0438    98.9116 3.4188e-02 1.3016e+03  0.0928797     -0.308    10.5626      1.759 -9.990e-29
     -0.302    11.9497   1.265111     2.1380 1.9075e+03     0.0438    98.9116 3.4188e-02 1.3016e+03  0.0928797     -0.308    10.5548      1.712 -9.990e-29
     -0.302    11.9493   1.241741     2.1368 1.9075e+03     0.0448    98.8855 3.4188e-02 1.3016e+03  0.0928797     -0.308    10.5470      1.680 -9.990e-29
     -0.303    11.9493   1.241741     2.1368 1.9075e+03     0.0438    98.9116 3.4188e-02 1.3016e+03  0.0928797     -0.309    10.5476      1.680 -9.990e-29
     -0.303    11.9491   1.311851     2.1380 1.9075e+03     0.0448    98.8855 3.5409e-02 1.3016e+03  0.0928797     -0.309    10.5551      1.775 -9.990e-29
     -0.302    11.9486   1.346906     2.1380 1.9075e+03     0.0438    98.9116 3.4188e-02 1.3016e+03  0.0928797     -0.308    10.5549      1.823 -9.990e-29
     -0.302    11.9488   1.276796     2.1392 1.9075e+03     0.0448    98.8855 3.4188e-02 1.3016e+03  0.0932955     -0.308    10.5621      1.728 -9.990e-29
     -0.302    11.9484   1.265111     2.1392 1.9075e+03     0.0448    98.8855 3.4188e-02 1.2996e+03  0.0928797     -0.308    10.5618      1.712 -9.990e-29
     -0.302    11.9479   1.241741     2.1380 1.9075e+03     0.0448    98.8855 3.4188e-02 1.2996e+03  0.0928797     -0.308    10.5548      1.680 -9.990e-29
     -0.302    11.9481   1.218371     2.1380 1.9022e+03     0.0438    98.9116 3.4188e-02 1.2996e+03  0.0928797     -0.308    10.5552      1.649 -9.990e-29
     -0.301    11.9478   1.218371     2.1380 1.9075e+03     0.0438    98.9116 3.2967e-02 1.2996e+03  0.0928797     -0.307    10.5558      1.649 -9.990e-29
     -0.300    11.9474   1.230056     2.1380 1.9075e+03     0.0438    98.9116 3.4188e-02 1.2996e+03  0.0928797     -0.306    10.5556      1.664 -9.990e-29
     -0.300    11.9477   1.265111     2.1380 1.9075e+03     0.0448    98.8855 3.4188e-02 1.2996e+03  0.0928797     -0.306    10.5553      1.712 -9.990e-29
     -0.300    11.9473   1.241741     2.1380 1.9075e+03     0.0448    98.8855 3.4188e-02 1.2996e+03  0.0928797     -0.306    10.5552      1.680 -9.990e-29
     -0.301    11.9471   1.230056     2.1380 1.9022e+03     0.0448    98.8855 3.4188e-02 1.2996e+03  0.0932955     -0.307    10.5550      1.664 -9.990e-29
     -0.301    11.9471   1.265111     2.1380 1.9022e+03     0.0448    98.8855 3.4188e-02 1.2996e+03  0.0928797     -0.307    10.5539      1.712 -9.990e-29
     -0.300    11.9466   1.241741     2.1380 1.9022e+03     0.0448    98.8855 3.4188e-02 1.2976e+03  0.0932955     -0.306    10.5538      1.680 -9.990e-29
     -0.301    11.9465   1.241741     2.1380 1.9022e+03     0.0438    98.9116 3.4188e-02 1.2976e+03  0.0932955     -0.307    10.5536      1.680 -9.990e-29
     -0.300    11.9461   1.288481     2.1380 1.9022e+03     0.0438    98.9116 3.5409e-02 1.2976e+03  0.0932955     -0.306    10.5550      1.744 -9.990e-29
     -0.299    11.9460   1.253426     2.1380 1.9022e+03     0.0448    98.8855 3.4188e-02 1.2976e+03  0.0932955     -0.305    10.5556      1.696 -9.990e-29
     -0.298    11.9458   1.241741     2.1380 1.9022e+03     0.0438    98.9116 3.4188e-02 1.2976e+03  0.0932955     -0.304    10.5561      1.680 -9.990e-29
     -0.298    11.9458   1.241741     2.1380 1.9022e+03     0.0438    98.9116 3.4188e-02 1.2976e+03  0.0928797     -0.304    10.5574      1.680 -9.990e-29
     -0.299    11.9453   1.195001     2.1392 1.9022e+03     0.0438    98.9116 3.5409e-02 1.2976e+03  0.0928797     -0.305    10.5648      1.617 -9.990e-29
     -0.300    11.9450   1.206686     2.1380 1.9022e+03     0.0438    98.9116 3.5409e-02 1.2976e+03  0.0928797     -0.306    10.5578      1.633 -9.990e-29
