data/05_metadata_exports/SeabirdData/202305_SeabirdData/83254_stn715-day.cnv
* Sea-Bird SBE 9 Data File:
* FileName = C:\Users\rosette\Rosette Data\2023\Ontario CSMI\stn715-day.hex
* Software Version Seasave V 7.26.6.26
* Temperature SN = 5270
* Conductivity SN = 1168
* Number of Bytes Per Scan = 40
* Number of Voltage Words = 5
* Number of Scans Averaged by the Deck Unit = 1
* NMEA Latitude = 43 38.18 N
* NMEA Longitude = 076 58.20 W
* NMEA UTC (Time) = Sep 30 2003  17:23:38
* NMEA baud rate = 4800
** Ship: Lake Guardian
** Cruise: Summer Survey 2022 Ontario CSMI LFWS
** Station:  stn715-day
# nquan = 14                                
# nvalues = 23807                       
# units = specified
# name 0 = prDM: Pressure, Digiquartz [db]
# name 1 = t090C: Temperature [ITS-90, deg C]
# name 2 = c0uS/cm: Conductivity [uS/cm]
# name 3 = sbeox0V: Oxygen raw, SBE 43 [V]
# name 4 = par: PAR/Irradiance, Biospherical/Licor
# name 5 = bat: Beam Attenuation, Chelsea/Seatech [1/m]
# name 6 = xmiss: Beam Transmission, Chelsea/Seatech [%]
# name 7 = flSP: Fluorescence, Seapoint
# name 8 = spar: SPAR, Biospherical/Licor
# name 9 = upoly0: Upoly 0, Suna Nitrate
# name 10 = depFM: Depth [fresh water, m], lat = 43.6363
# name 11 = sbeox0Mg/L: Oxygen, SBE 43 [mg/l], WS = 2
# name 12 = specc: Specific Conductance [uS/cm]
# name 13 = flag: flag
# span 0 =     -0.426,    146.023       
# span 1 =     3.8328,    11.9690       
# span 2 = -3.584e+03, 331.961216       
# span 3 =     2.0049,     2.5092       
# span 4 = 1.0000e-12, 2.1527e+03       
# span 5 =     0.0206,    12.7475       
# span 6 =     4.1300,    99.4867       
# span 7 = 2.6862e-02, 1.6300e+00       
# span 8 = 1.2248e+03, 1.6737e+03       
# span 9 =  0.0745862,  0.3943076       
# span 10 =     -0.434,    148.902      
# span 11 =    10.5434,    14.4474      
# span 12 =  -4882.686,    451.942      
# span 13 = 0.0000e+00, 0.0000e+00      
# interval = seconds: 0.0416667
# start_time = Sep 30 2003 17:23:38 [NMEA time, header]
# bad_flag = -9.990e-29
*END*
[from data line 17342]
     83.866     3.9954 183.024953     2.0891 1.0000e-12     0.1455    96.4284 7.5702e-02 1.5556e+03  0.3901500     85.520    12.8094    315.600 0.0000e+00
     83.851     3.9949 183.036893     2.0891 1.0000e-12     0.1455    96.4284 7.6923e-02 1.5556e+03  0.3901500     85.504    12.8079    315.626 0.0000e+00
     83.838     3.9950 183.013013     2.0891 1.0000e-12     0.1455    96.4284 7.5702e-02 1.5576e+03  0.3901500     85.491    12.8076    315.584 0.0000e+00
     83.825     3.9949 183.013013     2.0879 1.0000e-12     0.1455    96.4284 7.3260e-02 1.5576e+03  0.3901500     85.478    12.7995    315.585 0.0000e+00
     83.812     3.9949 183.036892     2.0879 1.0000e-12     0.1455    96.4284 7.2039e-02 1.5595e+03  0.3901500     85.464    12.7993    315.626 0.0000e+00
     83.799     3.9948 183.013013     2.0891 1.0000e-12     0.1466    96.4022 7.2039e-02 1.5595e+03  0.3913973     85.451    12.8086    315.586 0.0000e+00
     83.786     3.9947 183.001072     2.0879 1.0000e-12     0.1455    96.4284 7.2039e-02 1.5615e+03  0.3918130     85.438    12.7988    315.566 0.0000e+00
     83.772     3.9944 183.013013     2.0879 1.0000e-12     0.1466    96.4022 7.2039e-02 1.5615e+03  0.3913973     85.424    12.8000    315.590 0.0000e+00
     83.758     3.9945 182.989133     2.0891 1.0000e-12     0.1466    96.4022 7.2039e-02 1.5615e+03  0.3913973     85.409    12.8092    315.548 0.0000e+00
     83.743     3.9944 183.001072     2.0891 1.0000e-12     0.1455    96.4284 7.4481e-02 1.5635e+03  0.3913973     85.394    12.8089    315.570 0.0000e+00
     83.728     3.9946 183.024951     2.0891 1.0000e-12     0.1455    96.4284 7.4481e-02 1.5635e+03  0.3913973     85.379    12.8069    315.609 0.0000e+00
     83.715     3.9945 183.001071     2.0891 1.0000e-12     0.1455    96.4284 8.5470e-02 1.5654e+03  0.3913973     85.366    12.8051    315.569 0.0000e+00
     83.702     3.9947 183.024952     2.0891 1.0000e-12     0.1455    96.4284 1.0745e-01 1.5654e+03  0.3913973     85.352    12.8062    315.608 0.0000e+00
     83.687     3.9946 183.013011     2.0891 1.0000e-12     0.1455    96.4284 1.0745e-01 1.5654e+03  0.3913973     85.337    12.8073    315.588 0.0000e+00
     83.670     3.9949 182.977190     2.0891 1.0000e-12     0.1466    96.4022 1.0134e-01 1.5674e+03  0.3918130     85.320    12.8084    315.523 0.0000e+00
     83.655     3.9949 183.072709     2.0879 1.0000e-12     0.1455    96.4284 1.1355e-01 1.5674e+03  0.3913973     85.304    12.8000    315.688 0.0000e+00
     83.641     3.9946 183.036890     2.0879 1.0000e-12     0.1466    96.4022 1.1722e-01 1.5674e+03  0.3913973     85.290    12.7998    315.629 0.0000e+00
     83.625     3.9949 182.965250     2.0879 1.0000e-12     0.1444    96.4545 1.0256e-01 1.5694e+03  0.3913973     85.274    12.7994    315.502 0.0000e+00
     83.609     3.9947 182.989130     2.0891 1.0000e-12     0.1444    96.4545 8.7912e-02 1.5694e+03  0.3913973     85.257    12.8072    315.546 0.0000e+00
     83.594     3.9946 183.048828     2.0891 1.0000e-12     0.1455    96.4284 8.1807e-02 1.5694e+03  0.3913973     85.242    12.8055    315.650 0.0000e+00
     83.577     3.9952 183.060768     2.0879 1.0000e-12     0.1455    96.4284 8.3028e-02 1.5694e+03  0.3918130     85.225    12.7955    315.664 0.0000e+00
     83.559     3.9950 183.048827     2.0891 1.0000e-12     0.1455    96.4284 8.6691e-02 1.5713e+03  0.3905657     85.206    12.8048    315.645 0.0000e+00
     83.540     3.9952 183.013008     2.0891 1.0000e-12     0.1466    96.4022 8.7912e-02 1.5713e+03  0.3901500     85.187    12.8043    315.581 0.0000e+00
     83.523     3.9952 182.953309     2.0891 1.0000e-12     0.1466    96.4022 8.5470e-02 1.5713e+03  0.3901500     85.170    12.8054    315.479 0.0000e+00
     83.505     3.9950 183.060767     2.0879 1.0000e-12     0.1444    96.4545 8.3028e-02 1.5713e+03  0.3901500     85.151    12.7956    315.666 0.0000e+00
     83.487     3.9947 183.060766     2.0879 1.0000e-12     0.1455    96.4284 8.1807e-02 1.5713e+03  0.3901500     85.133    12.7953    315.669 0.0000e+00
     83.470     3.9950 183.048826     2.0879 1.0000e-12     0.1444    96.4545 7.9365e-02 1.5713e+03  0.3901500     85.116    12.7949    315.645 0.0000e+00
     83.451     3.9953 183.001067     2.0891 1.0000e-12     0.1455    96.4284 7.8144e-02 1.5733e+03  0.3901500     85.096    12.8041    315.560 0.0000e+00
     83.430     3.9954 182.989126     2.0891 1.0000e-12     0.1455    96.4284 7.6923e-02 1.5733e+03  0.3901500     85.075    12.8024    315.538 0.0000e+00
     83.409     3.9955 182.989126     2.0891 1.0000e-12     0.1455    96.4284 7.3260e-02 1.5733e+03  0.3901500     85.053    12.8007    315.537 0.0000e+00
     83.390     3.9957 183.024944     2.0891 1.0000e-12     0.1444    96.4545 7.2039e-02 1.5733e+03  0.3901500     85.034    12.8019    315.597 0.0000e+00
     83.372     3.9958 183.001064     2.0891 1.0000e-12     0.1455    96.4284 6.9597e-02 1.5733e+03  0.3901500     85.016    12.8002    315.554 0.0000e+00
     83.354     3.9959 183.024945     2.0879 1.0000e-12     0.1444    96.4545 6.9597e-02 1.5733e+03  0.3905657     84.997    12.7890    315.594 0.0000e+00
     83.334     3.9960 183.013004     2.0891 1.0000e-12     0.1455    96.4284 7.3260e-02 1.5733e+03  0.3897342     84.977    12.7983    315.573 0.0000e+00
     83.311     3.9962 183.048823     2.0879 1.0000e-12     0.1444    96.4545 7.8144e-02 1.5733e+03  0.3897342     84.954    12.7886    315.632 0.0000e+00
     83.287     3.9962 183.048821     2.0879 1.0000e-12     0.1433    96.4807 7.5702e-02 1.5733e+03  0.3897342     84.929    12.7900    315.632 0.0000e+00
     83.264     3.9963 183.060762     2.0891 1.0000e-12     0.1444    96.4545 7.4481e-02 1.5733e+03  0.3897342     84.906    12.7995    315.652 0.0000e+00
     83.240     3.9962 183.001063     2.0891 1.0000e-12     0.1455    96.4284 7.3260e-02 1.5733e+03  0.3897342     84.881    12.7995    315.550 0.0000e+00
     83.215     3.9966 182.977182     2.0891 1.0000e-12     0.1444    96.4545 7.3260e-02 1.5733e+03  0.3897342     84.856    12.8009    315.504 0.0000e+00
     83.190     3.9966 182.941363     2.0891 1.0000e-12     0.1444    96.4545 7.0818e-02 1.5733e+03  0.3897342     84.830    12.8025    315.443 0.0000e+00
     83.165     3.9967 182.965242     2.0879 1.0000e-12     0.1444    96.4545 6.8376e-02 1.5733e+03  0.3897342     84.805    12.7915    315.483 0.0000e+00
     83.140     3.9966 183.036879     2.0879 1.0000e-12     0.1444    96.4545 6.8376e-02 1.5753e+03  0.3897342     84.779    12.7901    315.607 0.0000e+00
     83.115     3.9968 183.024940     2.0879 1.0000e-12     0.1444    96.4545 6.5934e-02 1.5753e+03  0.3897342     84.754    12.7885    315.585 0.0000e+00
     83.088     3.9968 183.012998     2.0879 1.0000e-12     0.1444    96.4545 6.7155e-02 1.5753e+03  0.3897342     84.726    12.7886    315.564 0.0000e+00
     83.063     3.9969 183.012999     2.0891 1.0000e-12     0.1455    96.4284 6.7155e-02 1.5753e+03  0.3897342     84.701    12.7982    315.563 0.0000e+00
     83.038     3.9969 183.012998     2.0891 1.0000e-12     0.1455    96.4284 6.5934e-02 1.5753e+03  0.3897342     84.675    12.7984    315.563 0.0000e+00
     83.013     3.9970 182.977179     2.0891 1.0000e-12     0.1455    96.4284 6.5934e-02 1.5753e+03  0.3897342     84.650    12.7985    315.500 0.0000e+00
     82.985     3.9969 183.048817     2.0891 1.0000e-12     0.1444    96.4545 6.5934e-02 1.5753e+03  0.3909815     84.621    12.8002    315.625 0.0000e+00
     82.956     3.9973 183.048815     2.0879 1.0000e-12     0.1455    96.4284 6.7155e-02 1.5753e+03  0.3901500     84.592    12.7922    315.620 0.0000e+00
     82.928     3.9973 182.977177     2.0879 1.0000e-12     0.1455    96.4284 6.5934e-02 1.5753e+03  0.3905657     84.563    12.7909    315.497 0.0000e+00
     82.900     3.9973 183.024935     2.0879 1.0000e-12     0.1444    96.4545 6.5934e-02 1.5753e+03  0.3905657     84.534    12.7895    315.579 0.0000e+00
     82.872     3.9977 183.048814     2.0879 1.0000e-12     0.1433    96.4807 6.7155e-02 1.5753e+03  0.3901500     84.506    12.7880    315.616 0.0000e+00
     82.844     3.9973 183.048814     2.0879 1.0000e-12     0.1433    96.4807 6.9597e-02 1.5753e+03  0.3905657     84.477    12.7884    315.620 0.0000e+00
     82.815     3.9976 183.048813     2.0879 1.0000e-12     0.1444    96.4545 6.9597e-02 1.5753e+03  0.3901500     84.448    12.7885    315.617 0.0000e+00
     82.786     3.9978 182.989114     2.0891 1.0000e-12     0.1444    96.4545 6.8376e-02 1.5753e+03  0.3901500     84.418    12.7983    315.512 0.0000e+00
     82.757     3.9976 183.024932     2.0879 1.0000e-12     0.1444    96.4545 6.8376e-02 1.5753e+03  0.3905657     84.389    12.7892    315.576 0.0000e+00
     82.729     3.9978 183.012991     2.0879 1.0000e-12     0.1455    96.4284 6.7155e-02 1.5753e+03  0.3905657     84.360    12.7911    315.553 0.0000e+00
     82.703     3.9978 183.084631     2.0879 1.0000e-12     0.1455    96.4284 6.8376e-02 1.5753e+03  0.3905657     84.334    12.7900    315.677 0.0000e+00
     82.675     3.9979 183.012992     2.0879 1.0000e-12     0.1455    96.4284 6.7155e-02 1.5733e+03  0.3905657     84.305    12.7904    315.552 0.0000e+00
     82.646     3.9983 183.036869     2.0891 1.0000e-12     0.1455    96.4284 6.7155e-02 1.5753e+03  0.3901500     84.275    12.7987    315.589 0.0000e+00
     82.617     3.9980 183.048810     2.0879 1.0000e-12     0.1455    96.4284 6.7155e-02 1.5753e+03  0.3893185     84.246    12.7883    315.613 0.0000e+00
     82.588     3.9980 182.977170     2.0879 1.0000e-12     0.1433    96.4807 6.8376e-02 1.5753e+03  0.3889027     84.216    12.7888    315.489 0.0000e+00
     82.559     3.9984 183.036869     2.0891 1.0000e-12     0.1444    96.4545 6.8376e-02 1.5753e+03  0.3889027     84.187    12.7987    315.588 0.0000e+00
     82.530     3.9984 183.060747     2.0891 1.0000e-12     0.1455    96.4284 6.9597e-02 1.5753e+03  0.3884869     84.157    12.7993    315.629 0.0000e+00
     82.501     3.9984 183.024928     2.0879 1.0000e-12     0.1455    96.4284 7.2039e-02 1.5753e+03  0.3897342     84.128    12.7905    315.567 0.0000e+00
     82.472     3.9984 183.048806     2.0879 1.0000e-12     0.1444    96.4545 7.2039e-02 1.5753e+03  0.3884869     84.098    12.7897    315.608 0.0000e+00
     82.443     3.9987 183.072686     2.0879 1.0000e-12     0.1444    96.4545 6.9597e-02 1.5753e+03  0.3884869     84.068    12.7889    315.646 0.0000e+00
     82.413     3.9991 183.024925     2.0879 1.0000e-12     0.1444    96.4545 6.8376e-02 1.5753e+03  0.3884869     84.038    12.7879    315.560 0.0000e+00
     82.383     3.9990 183.001046     2.0879 1.0000e-12     0.1444    96.4545 6.8376e-02 1.5753e+03  0.3884869     84.007    12.7872    315.519 0.0000e+00
     82.354     3.9989 183.001045     2.0891 1.0000e-12     0.1455    96.4284 6.8376e-02 1.5753e+03  0.3884869     83.978    12.7975    315.521 0.0000e+00
     82.325     3.9987 183.036863     2.0879 1.0000e-12     0.1455    96.4284 6.9597e-02 1.5753e+03  0.3884869     83.948    12.7888    315.585 0.0000e+00
     82.298     3.9990 183.060743     2.0891 1.0000e-12     0.1455    96.4284 6.8376e-02 1.5753e+03  0.3880712     83.921    12.7991    315.622 0.0000e+00
     82.271     3.9992 183.012984     2.0891 1.0000e-12     0.1444    96.4545 6.7155e-02 1.5753e+03  0.3884869     83.893    12.8000    315.538 0.0000e+00
     82.245     3.9990 183.036862     2.0879 1.0000e-12     0.1444    96.4545 6.8376e-02 1.5753e+03  0.3884869     83.867    12.7900    315.581 0.0000e+00
     82.219     3.9990 183.048802     2.0879 1.0000e-12     0.1444    96.4545 6.8376e-02 1.5773e+03  0.3884869     83.840    12.7895    315.602 0.0000e+00
     82.193     3.9992 183.001043     2.0879 1.0000e-12     0.1455    96.4284 6.5934e-02 1.5773e+03  0.3884869     83.814    12.7889    315.517 0.0000e+00
     82.166     3.9992 183.001041     2.0879 1.0000e-12     0.1455    96.4284 6.4713e-02 1.5773e+03  0.3884869     83.786    12.7898    315.517 0.0000e+00
     82.141     3.9992 183.024921     2.0879 1.0000e-12     0.1444    96.4545 6.5934e-02 1.5773e+03  0.3884869     83.760    12.7907    315.558 0.0000e+00
     82.116     3.9992 183.001041     2.0879 1.0000e-12     0.1455    96.4284 7.0818e-02 1.5773e+03  0.3884869     83.735    12.7900    315.517 0.0000e+00
     82.091     3.9993 183.001040     2.0879 1.0000e-12     0.1455    96.4284 7.4481e-02 1.5773e+03  0.3884869     83.710    12.7909    315.516 0.0000e+00
     82.066     3.9995 183.036860     2.0891 1.0000e-12     0.1455    96.4284 7.6923e-02 1.5773e+03  0.3884869     83.684    12.7997    315.576 0.0000e+00
     82.042     3.9993 183.048798     2.0879 1.0000e-12     0.1455    96.4284 7.9365e-02 1.5792e+03  0.3884869     83.660    12.7882    315.599 0.0000e+00
     82.018     3.9994 183.024918     2.0879 1.0000e-12     0.1455    96.4284 7.8144e-02 1.5792e+03  0.3884869     83.635    12.7876    315.556 0.0000e+00
     81.996     3.9993 183.048798     2.0879 1.0000e-12     0.1455    96.4284 7.8144e-02 1.5792e+03  0.3884869     83.613    12.7872    315.599 0.0000e+00
     81.974     3.9995 183.072677     2.0879 1.0000e-12     0.1455    96.4284 7.9365e-02 1.5792e+03  0.3884869     83.590    12.7881    315.638 0.0000e+00
     81.952     3.9994 183.072676     2.0879 1.0000e-12     0.1444    96.4545 7.8144e-02 1.5792e+03  0.3889027     83.568    12.7877    315.639 0.0000e+00
     81.928     3.9995 183.012977     2.0879 1.0000e-12     0.1444    96.4545 7.5702e-02 1.5812e+03  0.3901500     83.543    12.7871    315.535 0.0000e+00
     81.905     3.9993 183.036856     2.0879 1.0000e-12     0.1455    96.4284 7.8144e-02 1.5812e+03  0.3909815     83.520    12.7883    315.578 0.0000e+00
     81.883     3.9994 183.048795     2.0879 1.0000e-12     0.1466    96.4022 8.1807e-02 1.5812e+03  0.3909815     83.497    12.7894    315.597 0.0000e+00
     81.862     3.9993 183.048795     2.0879 1.0000e-12     0.1455    96.4284 8.6691e-02 1.5812e+03  0.3909815     83.476    12.7876    315.599 0.0000e+00
     81.842     3.9995 183.012976     2.0879 1.0000e-12     0.1444    96.4545 8.6691e-02 1.5812e+03  0.3905657     83.456    12.7873    315.535 0.0000e+00
     81.822     3.9993 182.989095     2.0879 1.0000e-12     0.1455    96.4284 8.4249e-02 1.5832e+03  0.3905657     83.435    12.7871    315.496 0.0000e+00
     81.803     3.9995 183.024915     2.0879 1.0000e-12     0.1466    96.4022 8.0586e-02 1.5832e+03  0.3909815     83.416    12.7867    315.555 0.0000e+00
     81.784     3.9997 183.012974     2.0879 1.0000e-12     0.1455    96.4284 7.6923e-02 1.5832e+03  0.3909815     83.396    12.7863    315.532 0.0000e+00
     81.765     3.9995 183.084613     2.0879 1.0000e-12     0.1455    96.4284 7.5702e-02 1.5832e+03  0.3909815     83.377    12.7877    315.658 0.0000e+00
     81.745     3.9996 183.048794     2.0879 1.0000e-12     0.1444    96.4545 7.3260e-02 1.5851e+03  0.3909815     83.357    12.7874    315.595 0.0000e+00
     81.725     3.9995 183.060732     2.0879 1.0000e-12     0.1455    96.4284 7.0818e-02 1.5851e+03  0.3909815     83.336    12.7888    315.617 0.0000e+00
     81.705     3.9996 183.048793     2.0879 1.0000e-12     0.1455    96.4284 7.2039e-02 1.5851e+03  0.3909815     83.316    12.7901    315.595 0.0000e+00
     81.686     3.9997 183.012972     2.0879 1.0000e-12     0.1455    96.4284 7.2039e-02 1.5851e+03  0.3909815     83.297    12.7900    315.532 0.0000e+00
     81.668     4.0000 183.048791     2.0879 1.0000e-12     0.1455    96.4284 6.9597e-02 1.5851e+03  0.3909815     83.278    12.7898    315.591 0.0000e+00
     81.651     4.0001 183.024911     2.0891 1.0000e-12     0.1455    96.4284 6.8376e-02 1.5871e+03  0.3909815     83.261    12.7991    315.549 0.0000e+00
     81.635     3.9998 183.048791     2.0891 1.0000e-12     0.1444    96.4545 6.8376e-02 1.5871e+03  0.3909815     83.245    12.7992    315.593 0.0000e+00
     81.618     4.0000 183.024911     2.0879 1.0000e-12     0.1455    96.4284 6.8376e-02 1.5871e+03  0.3909815     83.227    12.7910    315.550 0.0000e+00
