data/05_metadata_exports/SeabirdData/202305_SeabirdData/83254_stn715-day.cnv
* Sea-Bird SBE 9 Data File:
* FileName = C:\Users\rosette\Rosette Data\2023\Ontario CSMI\stn715-day.hex
* Software Version Seasave V 7.26.6.26
* Temperature SN = 5270
* Conductivity SN = 1168
* Number of Bytes Per Scan = 40
* Number of Voltage Words = 5
* Number of Scans Averaged by the Deck Unit = 1
* NMEA Latitude = 43 38.18 N
* NMEA Longitude = 076 58.20 W
* NMEA UTC (Time) = Sep 30 2003  17:23:38
* NMEA baud rate = 4800
** Ship: Lake Guardian
** Cruise: Summer Survey 2022 Ontario CSMI LFWS
** Station:  stn715-day
# nquan = 14                                
# nvalues = 23807                       
# units = specified
# name 0 = prDM: Pressure, Digiquartz [db]
# name 1 = t090C: Temperature [ITS-90, deg C]
# name 2 = c0uS/cm: Conductivity [uS/cm]
# name 3 = sbeox0V: Oxygen raw, SBE 43 [V]
# name 4 = par: PAR/Irradiance, Biospherical/Licor
# name 5 = bat: Beam Attenuation, Chelsea/Seatech [1/m]
# name 6 = xmiss: Beam Transmission, Chelsea/Seatech [%]
# name 7 = flSP: Fluorescence, Seapoint
# name 8 = spar: SPAR, Biospherical/Licor
# name 9 = upoly0: Upoly 0, Suna Nitrate
# name 10 = depFM: Depth [fresh water, m], lat = 43.6363
# name 11 = sbeox0Mg/L: Oxygen, SBE 43 [mg/l], WS = 2
# name 12 = specc: Specific Conductance [uS/cm]
# name 13 = flag: flag
# span 0 =     -0.426,    146.023       
# span 1 =     3.8328,    11.9690       
# span 2 = -3.584e+03, 331.961216       
# span 3 =     2.0049,     2.5092       
# span 4 = 1.0000e-12, 2.1527e+03       
# span 5 =     0.0206,    12.7475       
# span 6 =     4.1300,    99.4867       
# span 7 = 2.6862e-02, 1.6300e+00       
# span 8 = 1.2248e+03, 1.6737e+03       
# span 9 =  0.0745862,  0.3943076       
# span 10 =     -0.434,    148.902      
# span 11 =    10.5434,    14.4474      
# span 12 =  -4882.686,    451.942      
# span 13 = 0.0000e+00, 0.0000e+00      
# interval = seconds: 0.0416667
# start_time = Sep 30 2003 17:23:38 [NMEA time, header]
# bad_flag = -9.990e-29
*END*
[from data line 13110]
    145.399     3.8440 183.455965     2.0085 1.0000e-12     0.1368    96.6375 4.7619e-02 1.6580e+03  0.3918130    148.266    12.3148    318.004 -9.990e-29
    145.402     3.8436 183.420145     2.0085 1.0000e-12     0.1357    96.6636 5.1282e-02 1.6580e+03  0.3918130    148.269    12.3157    317.946 -9.990e-29
    145.404     3.8440 183.420144     2.0085 1.0000e-12     0.1357    96.6636 4.6398e-02 1.6580e+03  0.3918130    148.271    12.3146    317.942 -9.990e-29
    145.405     3.8440 183.408203     2.0085 1.0000e-12     0.1357    96.6636 4.1514e-02 1.6580e+03  0.3918130    148.272    12.3137    317.921 -9.990e-29
    145.408     3.8441 183.420145     2.0085 1.0000e-12     0.1368    96.6375 3.9072e-02 1.6580e+03  0.3918130    148.275    12.3144    317.941 -9.990e-29
    145.411     3.8440 183.408204     2.0085 1.0000e-12     0.1368    96.6375 3.9072e-02 1.6580e+03  0.3918130    148.278    12.3152    317.921 -9.990e-29
    145.413     3.8441 183.372383     2.0085 1.0000e-12     0.1357    96.6636 3.7851e-02 1.6580e+03  0.3922288    148.280    12.3146    317.858 -9.990e-29
    145.417     3.8441 183.372383     2.0085 1.0000e-12     0.1357    96.6636 3.6630e-02 1.6580e+03  0.3918130    148.284    12.3156    317.858 -9.990e-29
    145.422     3.8440 183.396263     2.0098 1.0000e-12     0.1357    96.6636 3.5409e-02 1.6580e+03  0.3918130    148.289    12.3272    317.900 -9.990e-29
    145.427     3.8440 183.372384     2.0085 1.0000e-12     0.1357    96.6636 3.5409e-02 1.6580e+03  0.3918130    148.294    12.3195    317.859 -9.990e-29
    145.432     3.8441 183.372383     2.0085 1.0000e-12     0.1357    96.6636 3.7851e-02 1.6580e+03  0.3922288    148.299    12.3190    317.858 -9.990e-29
    145.437     3.8438 183.432085     2.0085 1.0000e-12     0.1357    96.6636 3.9072e-02 1.6580e+03  0.3918130    148.304    12.3185    317.965 -9.990e-29
    145.443     3.8440 183.432084     2.0085 1.0000e-12     0.1357    96.6636 3.7851e-02 1.6580e+03  0.3913973    148.311    12.3179    317.963 -9.990e-29
    145.450     3.8441 183.384325     2.0085 1.0000e-12     0.1346    96.6898 3.6630e-02 1.6580e+03  0.3913973    148.318    12.3175    317.879 -9.990e-29
    145.454     3.8440 183.396264     2.0085 1.0000e-12     0.1346    96.6898 3.6630e-02 1.6580e+03  0.3913973    148.322    12.3189    317.900 -9.990e-29
    145.458     3.8441 183.348503     2.0098 1.0000e-12     0.1357    96.6636 3.6630e-02 1.6580e+03  0.3913973    148.326    12.3291    317.817 -9.990e-29
    145.462     3.8438 183.384323     2.0085 1.0000e-12     0.1357    96.6636 3.6630e-02 1.6580e+03  0.3913973    148.330    12.3171    317.882 -9.990e-29
    145.469     3.8441 183.408204     2.0085 1.0000e-12     0.1357    96.6636 3.5409e-02 1.6580e+03  0.3913973    148.337    12.3153    317.920 -9.990e-29
    145.477     3.8441 183.408205     2.0085 1.0000e-12     0.1357    96.6636 3.6630e-02 1.6580e+03  0.3918130    148.345    12.3152    317.920 -9.990e-29
    145.485     3.8440 183.408205     2.0085 1.0000e-12     0.1357    96.6636 3.5409e-02 1.6580e+03  0.3913973    148.353    12.3152    317.921 -9.990e-29
    145.493     3.8438 183.420146     2.0085 1.0000e-12     0.1357    96.6636 3.5409e-02 1.6580e+03  0.3913973    148.362    12.3151    317.944 -9.990e-29
    145.501     3.8441 183.360444     2.0085 1.0000e-12     0.1346    96.6898 3.4188e-02 1.6580e+03  0.3918130    148.370    12.3150    317.837 -9.990e-29
    145.508     3.8438 183.348504     2.0085 1.0000e-12     0.1357    96.6636 3.9072e-02 1.6580e+03  0.3913973    148.377    12.3167    317.820 -9.990e-29
    145.515     3.8441 183.408205     2.0085 1.0000e-12     0.1357    96.6636 4.2735e-02 1.6580e+03  0.3913973    148.384    12.3166    317.920 -9.990e-29
    145.521     3.8440 183.432086     2.0098 1.0000e-12     0.1357    96.6636 4.1514e-02 1.6580e+03  0.3918130    148.390    12.3255    317.963 -9.990e-29
    145.530     3.8440 183.408205     2.0098 1.0000e-12     0.1357    96.6636 3.9072e-02 1.6580e+03  0.3918130    148.399    12.3240    317.921 -9.990e-29
    145.539     3.8442 183.408205     2.0085 1.0000e-12     0.1357    96.6636 3.7851e-02 1.6580e+03  0.3918130    148.408    12.3121    317.919 -9.990e-29
    145.550     3.8441 183.420147     2.0085 1.0000e-12     0.1357    96.6636 3.6630e-02 1.6580e+03  0.3913973    148.420    12.3123    317.941 -9.990e-29
    145.560     3.8438 183.360446     2.0085 1.0000e-12     0.1357    96.6636 3.7851e-02 1.6580e+03  0.3918130    148.430    12.3126    317.841 -9.990e-29
    145.569     3.8438 183.360445     2.0085 1.0000e-12     0.1357    96.6636 3.9072e-02 1.6580e+03  0.3918130    148.439    12.3128    317.841 -9.990e-29
    145.577     3.8440 183.396266     2.0073 1.0000e-12     0.1357    96.6636 3.7851e-02 1.6560e+03  0.3913973    148.447    12.3033    317.900 -9.990e-29
    145.586     3.8440 183.444028     2.0085 1.0000e-12     0.1368    96.6375 3.6630e-02 1.6580e+03  0.3913973    148.456    12.3131    317.983 -9.990e-29
    145.594     3.8436 183.432088     2.0085 1.0000e-12     0.1336    96.7159 3.6630e-02 1.6560e+03  0.3918130    148.465    12.3134    317.967 -9.990e-29
    145.603     3.8438 183.360445     2.0098 1.0000e-12     0.1336    96.7159 3.5409e-02 1.6580e+03  0.3918130    148.474    12.3257    317.841 -9.990e-29
    145.611     3.8436 183.455969     2.0085 1.0000e-12     0.1336    96.7159 3.5409e-02 1.6580e+03  0.3913973    148.482    12.3140    318.008 -9.990e-29
    145.619     3.8438 183.420148     2.0085 1.0000e-12     0.1336    96.7159 3.9072e-02 1.6580e+03  0.3918130    148.490    12.3128    317.944 -9.990e-29
    145.628     3.8436 183.420147     2.0085 1.0000e-12     0.1336    96.7159 3.9072e-02 1.6560e+03  0.3918130    148.499    12.3132    317.946 -9.990e-29
    145.637     3.8435 183.408209     2.0073 1.0000e-12     0.1336    96.7159 3.7851e-02 1.6560e+03  0.3922288    148.508    12.3025    317.927 -9.990e-29
    145.646     3.8436 183.372387     2.0085 1.0000e-12     0.1336    96.7159 3.6630e-02 1.6560e+03  0.3922288    148.518    12.3125    317.863 -9.990e-29
    145.655     3.8436 183.372387     2.0073 1.0000e-12     0.1346    96.6898 3.5409e-02 1.6560e+03  0.3922288    148.527    12.3018    317.863 -9.990e-29
    145.665     3.8438 183.444030     2.0073 1.0000e-12     0.1336    96.7159 3.4188e-02 1.6560e+03  0.3922288    148.537    12.3024    317.985 -9.990e-29
    145.674     3.8436 183.396269     2.0073 1.0000e-12     0.1325    96.7421 3.5409e-02 1.6560e+03  0.3922288    148.546    12.3016    317.905 -9.990e-29
    145.682     3.8435 183.444030     2.0085 1.0000e-12     0.1336    96.7159 3.5409e-02 1.6560e+03  0.3922288    148.554    12.3104    317.989 -9.990e-29
    145.690     3.8438 183.408209     2.0085 1.0000e-12     0.1336    96.7159 3.5409e-02 1.6560e+03  0.3922288    148.562    12.3096    317.923 -9.990e-29
    145.697     3.8435 183.420149     2.0085 1.0000e-12     0.1336    96.7159 3.5409e-02 1.6560e+03  0.3922288    148.570    12.3090    317.947 -9.990e-29
    145.705     3.8438 183.408209     2.0085 1.0000e-12     0.1336    96.7159 3.5409e-02 1.6560e+03  0.3922288    148.578    12.3097    317.923 -9.990e-29
    145.713     3.8433 183.420150     2.0085 1.0000e-12     0.1336    96.7159 3.4188e-02 1.6560e+03  0.3922288    148.586    12.3093    317.950 -9.990e-29
    145.720     3.8435 183.432090     2.0085 1.0000e-12     0.1336    96.7159 3.5409e-02 1.6560e+03  0.3922288    148.593    12.3086    317.968 -9.990e-29
    145.728     3.8435 183.455971     2.0073 1.0000e-12     0.1325    96.7421 3.6630e-02 1.6560e+03  0.3922288    148.601    12.2985    318.009 -9.990e-29
    145.735     3.8437 183.432090     2.0073 1.0000e-12     0.1325    96.7421 3.5409e-02 1.6560e+03  0.3922288    148.608    12.2997    317.966 -9.990e-29
    145.741     3.8433 183.408210     2.0073 1.0000e-12     0.1336    96.7159 3.5409e-02 1.6560e+03  0.3922288    148.614    12.3013    317.929 -9.990e-29
    145.747     3.8433 183.408210     2.0085 1.0000e-12     0.1346    96.6898 3.4188e-02 1.6560e+03  0.3922288    148.621    12.3107    317.929 -9.990e-29
    145.754     3.8433 183.396270     2.0085 1.0000e-12     0.1346    96.6898 3.5409e-02 1.6560e+03  0.3922288    148.628    12.3106    317.908 -9.990e-29
    145.760     3.8431 183.372390     2.0085 1.0000e-12     0.1346    96.6898 3.5409e-02 1.6560e+03  0.3922288    148.634    12.3106    317.869 -9.990e-29
    145.765     3.8433 183.372389     2.0085 1.0000e-12     0.1357    96.6636 3.4188e-02 1.6560e+03  0.3922288    148.639    12.3120    317.867 -9.990e-29
    145.769     3.8433 183.455972     2.0085 1.0000e-12     0.1357    96.6636 3.4188e-02 1.6560e+03  0.3922288    148.643    12.3104    318.012 -9.990e-29
    145.773     3.8431 183.396270     2.0085 1.0000e-12     0.1346    96.6898 3.6630e-02 1.6560e+03  0.3922288    148.647    12.3105    317.910 -9.990e-29
    145.777     3.8427 183.408211     2.0085 1.0000e-12     0.1357    96.6636 3.6630e-02 1.6560e+03  0.3922288    148.651    12.3107    317.935 -9.990e-29
    145.781     3.8425 183.336570     2.0073 1.0000e-12     0.1357    96.6636 3.5409e-02 1.6560e+03  0.3922288    148.655    12.3030    317.813 -9.990e-29
    145.783     3.8427 183.420152     2.0073 1.0000e-12     0.1346    96.6898 3.6630e-02 1.6560e+03  0.3922288    148.657    12.3032    317.956 -9.990e-29
    145.785     3.8419 183.396271     2.0085 1.0000e-12     0.1346    96.6898 3.6630e-02 1.6560e+03  0.3922288    148.659    12.3134    317.924 -9.990e-29
    145.787     3.8424 183.372391     2.0073 1.0000e-12     0.1357    96.6636 3.6630e-02 1.6560e+03  0.3922288    148.661    12.3040    317.877 -9.990e-29
    145.790     3.8419 183.348510     2.0085 1.0000e-12     0.1357    96.6636 3.5409e-02 1.6560e+03  0.3926446    148.664    12.3127    317.841 -9.990e-29
    145.792     3.8424 183.384331     2.0073 1.0000e-12     0.1357    96.6636 3.5409e-02 1.6560e+03  0.3930603    148.666    12.3048    317.897 -9.990e-29
    145.794     3.8422 183.372391     2.0073 1.0000e-12     0.1346    96.6898 3.5409e-02 1.6560e+03  0.3934761    148.668    12.3038    317.879 -9.990e-29
    145.795     3.8425 183.408211     2.0073 1.0000e-12     0.1357    96.6636 3.5409e-02 1.6560e+03  0.3930603    148.669    12.3025    317.938 -9.990e-29
    145.796     3.8419 183.432093     2.0073 1.0000e-12     0.1357    96.6636 3.5409e-02 1.6560e+03  0.3930603    148.671    12.3016    317.986 -9.990e-29
    145.797     3.8422 183.384331     2.0073 1.0000e-12     0.1357    96.6636 3.5409e-02 1.6560e+03  0.3930603    148.672    12.3020    317.900 -9.990e-29
    145.797     3.8420 183.396271     2.0073 1.0000e-12     0.1346    96.6898 3.5409e-02 1.6560e+03  0.3930603    148.672    12.3025    317.922 -9.990e-29
    145.797     3.8417 183.444033     2.0085 1.0000e-12     0.1357    96.6636 3.4188e-02 1.6560e+03  0.3930603    148.672    12.3113    318.009 -9.990e-29
    145.797     3.8419 183.408212     2.0073 1.0000e-12     0.1357    96.6636 3.4188e-02 1.6560e+03  0.3934761    148.672    12.3008    317.944 -9.990e-29
    145.796     3.8419 183.360452     2.0073 1.0000e-12     0.1357    96.6636 3.4188e-02 1.6560e+03  0.3934761    148.671    12.3001    317.861 -9.990e-29
    145.793     3.8417 183.408211     2.0073 1.0000e-12     0.1368    96.6375 3.5409e-02 1.6560e+03  0.3930603    148.667    12.2996    317.946 -9.990e-29
    145.791     3.8417 183.455973     2.0073 1.0000e-12     0.1357    96.6636 3.5409e-02 1.6560e+03  0.3930603    148.665    12.2991    318.029 -9.990e-29
    145.792     3.8419 183.432092     2.0073 1.0000e-12     0.1357    96.6636 3.5409e-02 1.6560e+03  0.3930603    148.666    12.2985    317.986 -9.990e-29
    145.791     3.8420 183.360453     2.0073 1.0000e-12     0.1346    96.6898 3.5409e-02 1.6541e+03  0.3934761    148.665    12.2980    317.860 -9.990e-29
    145.786     3.8422 183.360449     2.0073 1.0000e-12     0.1357    96.6636 3.4188e-02 1.6541e+03  0.3934761    148.660    12.2990    317.858 -9.990e-29
    145.781     3.8420 183.396270     2.0073 1.0000e-12     0.1346    96.6898 3.4188e-02 1.6541e+03  0.3934761    148.655    12.3002    317.922 -9.990e-29
    145.778     3.8424 183.408212     2.0085 1.0000e-12     0.1357    96.6636 3.4188e-02 1.6541e+03  0.3934761    148.652    12.3108    317.939 -9.990e-29
    145.774     3.8427 183.420152     2.0073 1.0000e-12     0.1357    96.6636 3.4188e-02 1.6541e+03  0.3934761    148.648    12.3024    317.956 -9.990e-29
    145.769     3.8429 183.432091     2.0073 1.0000e-12     0.1357    96.6636 3.4188e-02 1.6541e+03  0.3934761    148.643    12.3021    317.975 -9.990e-29
    145.765     3.8427 183.432091     2.0073 1.0000e-12     0.1368    96.6375 3.4188e-02 1.6541e+03  0.3934761    148.639    12.3036    317.977 -9.990e-29
    145.760     3.8429 183.408212     2.0073 1.0000e-12     0.1357    96.6636 3.4188e-02 1.6541e+03  0.3934761    148.634    12.3051    317.933 -9.990e-29
    145.753     3.8431 183.408209     2.0073 1.0000e-12     0.1357    96.6636 3.4188e-02 1.6541e+03  0.3934761    148.627    12.3050    317.931 -9.990e-29
    145.746     3.8431 183.396270     2.0073 1.0000e-12     0.1368    96.6375 3.4188e-02 1.6541e+03  0.3934761    148.620    12.3050    317.910 -9.990e-29
    145.741     3.8430 183.420151     2.0073 1.0000e-12     0.1357    96.6636 3.4188e-02 1.6541e+03  0.3934761    148.614    12.3066    317.953 -9.990e-29
    145.735     3.8433 183.384329     2.0073 1.0000e-12     0.1368    96.6375 3.4188e-02 1.6541e+03  0.3934761    148.608    12.3065    317.887 -9.990e-29
    145.729     3.8435 183.408210     2.0085 1.0000e-12     0.1368    96.6375 3.4188e-02 1.6541e+03  0.3934761    148.602    12.3177    317.927 -9.990e-29
    145.721     3.8433 183.432091     2.0073 1.0000e-12     0.1357    96.6636 3.4188e-02 1.6541e+03  0.3934761    148.594    12.3083    317.970 -9.990e-29
    145.712     3.8433 183.360448     2.0073 1.0000e-12     0.1357    96.6636 3.5409e-02 1.6541e+03  0.3934761    148.585    12.3084    317.846 -9.990e-29
    145.704     3.8435 183.408209     2.0073 1.0000e-12     0.1368    96.6375 3.5409e-02 1.6541e+03  0.3930603    148.577    12.3069    317.927 -9.990e-29
    145.695     3.8436 183.384329     2.0073 1.0000e-12     0.1368    96.6375 3.4188e-02 1.6541e+03  0.3930603    148.568    12.3070    317.884 -9.990e-29
    145.687     3.8436 183.396267     2.0073 1.0000e-12     0.1357    96.6636 3.4188e-02 1.6521e+03  0.3926446    148.559    12.3072    317.905 -9.990e-29
    145.678     3.8435 183.396270     2.0061 1.0000e-12     0.1346    96.6898 3.4188e-02 1.6521e+03  0.3926446    148.550    12.2978    317.906 -9.990e-29
    145.669     3.8436 183.396267     2.0061 1.0000e-12     0.1346    96.6898 3.4188e-02 1.6521e+03  0.3930603    148.541    12.2995    317.905 -9.990e-29
    145.659     3.8436 183.408209     2.0061 1.0000e-12     0.1357    96.6636 3.4188e-02 1.6521e+03  0.3926446    148.531    12.2998    317.926 -9.990e-29
    145.650     3.8435 183.372387     2.0061 1.0000e-12     0.1346    96.6898 3.4188e-02 1.6521e+03  0.3930603    148.522    12.3000    317.865 -9.990e-29
    145.641     3.8435 183.348506     2.0073 1.0000e-12     0.1346    96.6898 3.4188e-02 1.6521e+03  0.3930603    148.512    12.3099    317.823 -9.990e-29
    145.632     3.8436 183.420149     2.0073 1.0000e-12     0.1357    96.6636 3.4188e-02 1.6521e+03  0.3930603    148.503    12.3101    317.946 -9.990e-29
    145.621     3.8437 183.384327     2.0073 1.0000e-12     0.1346    96.6898 3.4188e-02 1.6521e+03  0.3930603    148.492    12.3103    317.883 -9.990e-29
    145.610     3.8436 183.444028     2.0073 1.0000e-12     0.1346    96.6898 3.4188e-02 1.6521e+03  0.3930603    148.481    12.3106    317.988 -9.990e-29
    145.600     3.8436 183.420147     2.0073 1.0000e-12     0.1336    96.7159 3.5409e-02 1.6521e+03  0.3930603    148.471    12.3108    317.946 -9.990e-29
