data/05_metadata_exports/SeabirdData/202305_SeabirdData/83268_stn48.cnv
* Sea-Bird SBE 9 Data File:
* FileName = C:\Users\rosette\Rosette Data\2023\Ontario CSMI\stn48.hex
* Software Version Seasave V 7.26.6.26
* Temperature SN = 5270
* Conductivity SN = 1168
* Number of Bytes Per Scan = 40
* Number of Voltage Words = 5
* Number of Scans Averaged by the Deck Unit = 1
* NMEA Latitude = 43 52.78 N
* NMEA Longitude = 077 26.39 W
* NMEA UTC (Time) = Sep 30 2003  21:56:42
* NMEA baud rate = 4800
** Ship: Lake Guardian
** Ontario CSMI LWFS
** Station:  stn48
# nquan = 14                                
# nvalues = 16381                       
# units = specified
# name 0 = prDM: Pressure, Digiquartz [db]
# name 1 = t090C: Temperature [ITS-90, deg C]
# name 2 = c0uS/cm: Conductivity [uS/cm]
# name 3 = sbeox0V: Oxygen raw, SBE 43 [V]
# name 4 = par: PAR/Irradiance, Biospherical/Licor
# name 5 = bat: Beam Attenuation, Chelsea/Seatech [1/m]
# name 6 = xmiss: Beam Transmission, Chelsea/Seatech [%]
# name 7 = flSP: Fluorescence, Seapoint
# name 8 = spar: SPAR, Biospherical/Licor
# name 9 = upoly0: Upoly 0, Suna Nitrate
# name 10 = depFM: Depth [fresh water, m], lat = 43.8797
# name 11 = sbeox0Mg/L: Oxygen, SBE 43 [mg/l], WS = 2
# name 12 = specc: Specific Conductance [uS/cm]
# name 13 = flag: flag
# span 0 =     -0.355,     36.007       
# span 1 =     4.7780,    10.1180       
# span 2 =  17.031604, 282.167104       
# span 3 =     1.7582,     2.2222       
# span 4 = 3.1562e+00, 4.4081e+02       
# span 5 =     0.0206,     7.8913       
# span 6 =    13.9062,    99.4867       
# span 7 = 2.8083e-02, 4.8681e+00       
# span 8 = 2.7568e+02, 9.9834e+02       
# span 9 =  0.0741704,  0.4126012       
# span 10 =     -0.362,     36.717      
# span 11 =     9.2349,    13.1426      
# span 12 =     24.462,    402.446      
# span 13 = 0.0000e+00, 0.0000e+00      
# interval = seconds: 0.0416667
# start_time = Sep 30 2003 21:56:42 [NMEA time, header]
# bad_flag = -9.990e-29
*END*
[from data line 15691]
      4.821     6.8119 200.686588     2.2027 1.2362e+02     0.2443    94.0758 1.1844e-01 9.3336e+02  0.3992968      4.916    12.5221    315.411 -9.990e-29
      4.829     6.8119 200.686588     2.2027 1.2292e+02     0.2432    94.1020 1.0989e-01 9.3336e+02  0.3992968      4.924    12.5206    315.411 -9.990e-29
      4.836     6.8117 200.674624     2.2039 1.2258e+02     0.2432    94.1020 1.0745e-01 9.3139e+02  0.3992968      4.931    12.5291    315.394 -9.990e-29
      4.843     6.8119 200.686588     2.2039 1.2258e+02     0.2443    94.0758 1.0501e-01 9.3139e+02  0.3992968      4.938    12.5288    315.411 -9.990e-29
      4.850     6.8117 200.674624     2.2027 1.2258e+02     0.2432    94.1020 1.1966e-01 9.3139e+02  0.3992968      4.946    12.5211    315.394 -9.990e-29
      4.858     6.8117 200.710517     2.2027 1.2223e+02     0.2432    94.1020 1.2576e-01 9.3139e+02  0.3992968      4.954    12.5208    315.450 -9.990e-29
      4.866     6.8117 200.734444     2.2027 1.2223e+02     0.2443    94.0758 1.6606e-01 9.3139e+02  0.3992968      4.962    12.5207    315.488 -9.990e-29
      4.874     6.8116 200.698553     2.2039 1.2258e+02     0.2443    94.0758 1.8559e-01 9.3139e+02  0.3992968      4.970    12.5304    315.432 -9.990e-29
      4.881     6.8117 200.674625     2.2039 1.2292e+02     0.2443    94.0758 1.6117e-01 9.2942e+02  0.3992968      4.977    12.5302    315.394 -9.990e-29
      4.888     6.8114 200.638734     2.2027 1.2327e+02     0.2443    94.0758 1.3187e-01 9.2942e+02  0.3992968      4.984    12.5216    315.340 -9.990e-29
      4.894     6.8113 200.674625     2.2039 1.2292e+02     0.2443    94.0758 1.1355e-01 9.2942e+02  0.3992968      4.990    12.5302    315.398 -9.990e-29
      4.900     6.8114 200.674625     2.2039 1.2189e+02     0.2443    94.0758 1.0379e-01 9.2942e+02  0.3992968      4.997    12.5312    315.397 -9.990e-29
      4.906     6.8117 200.734445     2.2039 1.2155e+02     0.2421    94.1281 1.0134e-01 9.2942e+02  0.3992968      5.003    12.5322    315.488 -9.990e-29
      4.913     6.8119 200.710518     2.2039 1.2155e+02     0.2409    94.1543 9.7680e-02 9.2745e+02  0.3992968      5.010    12.5320    315.448 -9.990e-29
      4.918     6.8119 200.698554     2.2039 1.2087e+02     0.2409    94.1543 9.4017e-02 9.2745e+02  0.3992968      5.015    12.5307    315.430 -9.990e-29
      4.921     6.8121 200.662661     2.2039 1.2053e+02     0.2409    94.1543 9.1575e-02 9.2745e+02  0.3997125      5.018    12.5305    315.371 -9.990e-29
      4.926     6.8119 200.722481     2.2027 1.2019e+02     0.2409    94.1543 9.5238e-02 9.2548e+02  0.3997125      5.023    12.5205    315.467 -9.990e-29
      4.932     6.8121 200.662662     2.2039 1.1951e+02     0.2421    94.1281 9.7680e-02 9.2548e+02  0.3997125      5.029    12.5291    315.371 -9.990e-29
      4.938     6.8117 200.710518     2.2039 1.1884e+02     0.2409    94.1543 9.7680e-02 9.2351e+02  0.3997125      5.035    12.5303    315.450 -9.990e-29
      4.943     6.8121 200.686590     2.2039 1.1884e+02     0.2409    94.1543 9.7680e-02 9.2351e+02  0.3992968      5.040    12.5313    315.409 -9.990e-29
      4.947     6.8126 200.734446     2.2039 1.1784e+02     0.2409    94.1543 9.6459e-02 9.2351e+02  0.3997125      5.045    12.5322    315.479 -9.990e-29
      4.950     6.8126 200.686590     2.2039 1.1718e+02     0.2409    94.1543 9.4017e-02 9.2351e+02  0.3992968      5.048    12.5322    315.404 -9.990e-29
      4.952     6.8131 200.686589     2.2039 1.1718e+02     0.2409    94.1543 9.1575e-02 9.2154e+02  0.3997125      5.050    12.5318    315.399 -9.990e-29
      4.954     6.8132 200.722481     2.2027 1.1587e+02     0.2409    94.1543 9.0354e-02 9.2154e+02  0.3997125      5.052    12.5218    315.454 -9.990e-29
      4.957     6.8127 200.698554     2.2027 1.1490e+02     0.2409    94.1543 1.0256e-01 9.2154e+02  0.3997125      5.055    12.5206    315.422 -9.990e-29
      4.960     6.8127 200.650698     2.2027 1.1457e+02     0.2409    94.1543 1.3187e-01 9.1957e+02  0.3997125      5.058    12.5193    315.346 -9.990e-29
      4.963     6.8124 200.710519     2.2039 1.1393e+02     0.2421    94.1281 1.3187e-01 9.1957e+02  0.3997125      5.061    12.5279    315.443 -9.990e-29
      4.964     6.8121 200.686590     2.2027 1.1297e+02     0.2421    94.1281 1.1722e-01 9.1957e+02  0.3997125      5.062    12.5202    315.409 -9.990e-29
      4.966     6.8124 200.674626     2.2039 1.1266e+02     0.2421    94.1281 1.0623e-01 9.1760e+02  0.3997125      5.064    12.5286    315.387 -9.990e-29
      4.968     6.8132 200.710517     2.2027 1.1202e+02     0.2421    94.1281 1.0379e-01 9.1760e+02  0.3997125      5.066    12.5195    315.435 -9.990e-29
      4.971     6.8137 200.698554     2.2027 1.1108e+02     0.2421    94.1281 1.0745e-01 9.1760e+02  0.3997125      5.069    12.5179    315.412 -9.990e-29
      4.972     6.8140 200.722481     2.2039 1.1077e+02     0.2409    94.1543 1.0379e-01 9.1564e+02  0.3997125      5.070    12.5263    315.446 -9.990e-29
      4.974     6.8146 200.770337     2.2027 1.1077e+02     0.2432    94.1020 9.7680e-02 9.1564e+02  0.3997125      5.072    12.5171    315.516 -9.990e-29
      4.975     6.8156 200.746409     2.2027 1.1077e+02     0.2443    94.0758 9.2796e-02 9.1367e+02  0.3997125      5.073    12.5166    315.468 -9.990e-29
      4.975     6.8158 200.770337     2.2039 1.1077e+02     0.2443    94.0758 8.9133e-02 9.1367e+02  0.3997125      5.073    12.5250    315.504 -9.990e-29
      4.974     6.8153 200.794264     2.2039 1.1108e+02     0.2443    94.0758 9.0354e-02 9.1367e+02  0.3997125      5.072    12.5261    315.546 -9.990e-29
      4.973     6.8148 200.746408     2.2039 1.1139e+02     0.2443    94.0758 9.8901e-02 9.1170e+02  0.3992968      5.071    12.5273    315.476 -9.990e-29
      4.974     6.8146 200.698553     2.2039 1.1171e+02     0.2432    94.1020 1.0134e-01 9.1170e+02  0.3997125      5.072    12.5283    315.403 -9.990e-29
      4.973     6.8148 200.698552     2.2027 1.1171e+02     0.2454    94.0497 9.8901e-02 9.0973e+02  0.3997125      5.071    12.5205    315.401 -9.990e-29
      4.973     6.8146 200.698553     2.2027 1.1234e+02     0.2443    94.0758 9.4017e-02 9.0776e+02  0.3997125      5.071    12.5216    315.403 -9.990e-29
      4.971     6.8152 200.722480     2.2027 1.1266e+02     0.2432    94.1020 9.2796e-02 9.0776e+02  0.3997125      5.069    12.5212    315.434 -9.990e-29
      4.971     6.8161 200.746407     2.2027 1.1297e+02     0.2443    94.0758 9.2796e-02 9.0776e+02  0.3997125      5.069    12.5195    315.463 -9.990e-29
      4.972     6.8164 200.686588     2.2039 1.1297e+02     0.2443    94.0758 9.4017e-02 9.0579e+02  0.4001283      5.070    12.5291    315.366 -9.990e-29
      4.972     6.8166 200.734444     2.2039 1.1297e+02     0.2443    94.0758 9.2796e-02 9.0579e+02  0.4005440      5.070    12.5300    315.439 -9.990e-29
      4.971     6.8166 200.710515     2.2039 1.1297e+02     0.2443    94.0758 9.0354e-02 9.0382e+02  0.4005440      5.069    12.5311    315.402 -9.990e-29
      4.969     6.8159 200.698552     2.2039 1.1393e+02     0.2443    94.0758 9.1575e-02 9.0382e+02  0.4005440      5.067    12.5323    315.390 -9.990e-29
      4.967     6.8150 200.734444     2.2039 1.1457e+02     0.2432    94.1020 9.4017e-02 9.0382e+02  0.4005440      5.065    12.5325    315.455 -9.990e-29
      4.965     6.8153 200.758372     2.2027 1.1457e+02     0.2432    94.1020 9.6459e-02 9.0185e+02  0.4005440      5.063    12.5236    315.490 -9.990e-29
      4.964     6.8158 200.734444     2.2027 1.1522e+02     0.2454    94.0497 9.5238e-02 9.0185e+02  0.4005440      5.062    12.5222    315.447 -9.990e-29
      4.963     6.8163 200.734444     2.2027 1.1587e+02     0.2454    94.0497 9.6459e-02 9.0185e+02  0.4009598      5.061    12.5207    315.442 -9.990e-29
      4.961     6.8163 200.686587     2.2039 1.1587e+02     0.2443    94.0758 1.0623e-01 9.0185e+02  0.4005440      5.059    12.5282    315.367 -9.990e-29
      4.959     6.8159 200.686587     2.2039 1.1653e+02     0.2443    94.0758 1.0623e-01 8.9988e+02  0.4005440      5.057    12.5282    315.371 -9.990e-29
      4.957     6.8150 200.722480     2.2027 1.1751e+02     0.2454    94.0497 1.0501e-01 8.9988e+02  0.4005440      5.055    12.5198    315.436 -9.990e-29
      4.956     6.8146 200.746409     2.2039 1.1784e+02     0.2454    94.0497 1.0501e-01 8.9988e+02  0.4005440      5.054    12.5297    315.478 -9.990e-29
      4.953     6.8137 200.758373     2.2027 1.1818e+02     0.2443    94.0758 1.0134e-01 8.9791e+02  0.4005440      5.051    12.5201    315.506 -9.990e-29
      4.950     6.8127 200.758374     2.2039 1.1851e+02     0.2432    94.1020 9.7680e-02 8.9791e+02  0.4005440      5.048    12.5279    315.516 -9.990e-29
      4.948     6.8119 200.734446     2.2027 1.1851e+02     0.2432    94.1020 9.6459e-02 8.9791e+02  0.4009598      5.046    12.5194    315.486 -9.990e-29
      4.945     6.8117 200.734446     2.2027 1.1851e+02     0.2432    94.1020 9.2796e-02 8.9791e+02  0.4005440      5.042    12.5183    315.488 -9.990e-29
      4.941     6.8126 200.686590     2.2039 1.1818e+02     0.2432    94.1020 9.1575e-02 8.9594e+02  0.4005440      5.038    12.5266    315.404 -9.990e-29
      4.937     6.8134 200.626769     2.2039 1.1784e+02     0.2432    94.1020 9.1575e-02 8.9594e+02  0.4005440      5.034    12.5274    315.302 -9.990e-29
      4.932     6.8142 200.746407     2.2039 1.1784e+02     0.2443    94.0758 8.9133e-02 8.9594e+02  0.4005440      5.029    12.5282    315.482 -9.990e-29
      4.929     6.8148 200.746408     2.2039 1.1685e+02     0.2443    94.0758 8.9133e-02 8.9398e+02  0.4005440      5.026    12.5291    315.476 -9.990e-29
      4.926     6.8148 200.770335     2.2039 1.1653e+02     0.2443    94.0758 8.7912e-02 8.9398e+02  0.4005440      5.023    12.5302    315.514 -9.990e-29
      4.924     6.8138 200.722481     2.2039 1.1653e+02     0.2443    94.0758 8.7912e-02 8.9398e+02  0.4005440      5.021    12.5293    315.448 -9.990e-29
      4.922     6.8126 200.734445     2.2027 1.1587e+02     0.2432    94.1020 8.6691e-02 8.9201e+02  0.4005440      5.019    12.5198    315.479 -9.990e-29
      4.918     6.8121 200.686590     2.2027 1.1522e+02     0.2443    94.0758 8.3028e-02 8.9201e+02  0.4005440      5.015    12.5187    315.409 -9.990e-29
      4.914     6.8119 200.638733     2.2039 1.1522e+02     0.2443    94.0758 8.5470e-02 8.9201e+02  0.4009598      5.011    12.5262    315.335 -9.990e-29
      4.910     6.8122 200.710518     2.2039 1.1490e+02     0.2454    94.0497 8.9133e-02 8.9004e+02  0.4005440      5.007    12.5260    315.445 -9.990e-29
      4.906     6.8131 200.746407     2.2039 1.1425e+02     0.2443    94.0758 9.1575e-02 8.9004e+02  0.4005440      5.003    12.5269    315.493 -9.990e-29
      4.902     6.8140 200.758373     2.2039 1.1425e+02     0.2443    94.0758 9.2796e-02 8.8807e+02  0.3997125      4.999    12.5266    315.503 -9.990e-29
      4.898     6.8146 200.734443     2.2027 1.1425e+02     0.2443    94.0758 9.4017e-02 8.8807e+02  0.3997125      4.995    12.5177    315.459 -9.990e-29
      4.894     6.8153 200.746407     2.2027 1.1425e+02     0.2454    94.0497 9.4017e-02 8.8807e+02  0.3992968      4.990    12.5176    315.471 -9.990e-29
      4.890     6.8153 200.722479     2.2027 1.1393e+02     0.2443    94.0758 9.1575e-02 8.8610e+02  0.3992968      4.986    12.5165    315.433 -9.990e-29
      4.886     6.8159 200.698550     2.2027 1.1393e+02     0.2454    94.0497 9.2796e-02 8.8610e+02  0.3997125      4.982    12.5152    315.390 -9.990e-29
      4.883     6.8161 200.722478     2.2027 1.1425e+02     0.2465    94.0236 1.0501e-01 8.8610e+02  0.3997125      4.979    12.5153    315.425 -9.990e-29
      4.879     6.8161 200.794262     2.2027 1.1425e+02     0.2465    94.0236 1.1477e-01 8.8413e+02  0.3997125      4.975    12.5165    315.538 -9.990e-29
      4.875     6.8163 200.770334     2.2039 1.1457e+02     0.2476    93.9974 1.0867e-01 8.8413e+02  0.3997125      4.971    12.5264    315.499 -9.990e-29
      4.871     6.8153 200.710515     2.2039 1.1587e+02     0.2465    94.0236 1.0134e-01 8.8413e+02  0.3997125      4.967    12.5268    315.415 -9.990e-29
      4.866     6.8153 200.674623     2.2027 1.1620e+02     0.2465    94.0236 9.8901e-02 8.8216e+02  0.3997125      4.962    12.5181    315.358 -9.990e-29
      4.860     6.8155 200.710513     2.2027 1.1653e+02     0.2476    93.9974 9.7680e-02 8.8216e+02  0.3992968      4.956    12.5169    315.413 -9.990e-29
      4.854     6.8158 200.770334     2.2027 1.1784e+02     0.2465    94.0236 1.0134e-01 8.8019e+02  0.3997125      4.950    12.5169    315.504 -9.990e-29
      4.850     6.8143 200.674623     2.2027 1.1818e+02     0.2465    94.0236 1.0256e-01 8.8019e+02  0.3997125      4.946    12.5164    315.368 -9.990e-29
      4.844     6.8135 200.746407     2.2039 1.1851e+02     0.2476    93.9974 9.8901e-02 8.8019e+02  0.3997125      4.940    12.5242    315.489 -9.990e-29
      4.838     6.8126 200.722479     2.2039 1.1951e+02     0.2476    93.9974 9.2796e-02 8.7822e+02  0.3997125      4.933    12.5247    315.460 -9.990e-29
      4.832     6.8124 200.722479     2.2039 1.1985e+02     0.2476    93.9974 8.9133e-02 8.7822e+02  0.3997125      4.927    12.5249    315.462 -9.990e-29
      4.828     6.8122 200.698550     2.2039 1.2019e+02     0.2465    94.0236 8.7912e-02 8.7625e+02  0.3997125      4.923    12.5252    315.427 -9.990e-29
      4.826     6.8119 200.650697     2.2039 1.2121e+02     0.2476    93.9974 9.1575e-02 8.7625e+02  0.3997125      4.921    12.5256    315.354 -9.990e-29
      4.823     6.8117 200.710516     2.2027 1.2189e+02     0.2476    93.9974 9.6459e-02 8.7428e+02  0.3997125      4.918    12.5174    315.450 -9.990e-29
      4.818     6.8114 200.734444     2.2027 1.2223e+02     0.2476    93.9974 9.7680e-02 8.7428e+02  0.3997125      4.913    12.5178    315.491 -9.990e-29
      4.811     6.8116 200.734444     2.2027 1.2292e+02     0.2476    93.9974 9.5238e-02 8.7428e+02  0.3997125      4.906    12.5170    315.489 -9.990e-29
      4.804     6.8119 200.638731     2.2027 1.2362e+02     0.2476    93.9974 9.4017e-02 8.7232e+02  0.3997125      4.899    12.5173    315.335 -9.990e-29
      4.798     6.8124 200.674622     2.2027 1.2362e+02     0.2476    93.9974 9.4017e-02 8.7232e+02  0.3997125      4.893    12.5186    315.387 -9.990e-29
      4.793     6.8131 200.770334     2.2039 1.2432e+02     0.2476    93.9974 9.2796e-02 8.7232e+02  0.3997125      4.887    12.5274    315.530 -9.990e-29
      4.789     6.8135 200.758370     2.2027 1.2537e+02     0.2465    94.0236 9.6459e-02 8.7035e+02  0.3997125      4.883    12.5190    315.508 -9.990e-29
      4.784     6.8142 200.758370     2.2027 1.2537e+02     0.2454    94.0497 9.5238e-02 8.7035e+02  0.3913973      4.878    12.5193    315.501 -9.990e-29
      4.778     6.8143 200.710513     2.2027 1.2537e+02     0.2454    94.0497 9.0354e-02 8.6838e+02  0.3814190      4.872    12.5186    315.425 -9.990e-29
      4.771     6.8148 200.722476     2.2027 1.2572e+02     0.2443    94.0758 8.9133e-02 8.6838e+02  0.3789244      4.865    12.5177    315.438 -9.990e-29
      4.765     6.8148 200.734441     2.2027 1.2572e+02     0.2465    94.0236 9.4017e-02 8.6641e+02  0.3793402      4.859    12.5170    315.457 -9.990e-29
      4.760     6.8152 200.794260     2.2039 1.2502e+02     0.2454    94.0497 9.6459e-02 8.6641e+02  0.3797559      4.854    12.5260    315.547 -9.990e-29
      4.755     6.8156 200.722476     2.2039 1.2432e+02     0.2454    94.0497 9.4017e-02 8.6444e+02  0.3797559      4.849    12.5263    315.430 -9.990e-29
      4.750     6.8159 200.734440     2.2039 1.2432e+02     0.2454    94.0497 9.2796e-02 8.6444e+02  0.3797559      4.844    12.5266    315.446 -9.990e-29
      4.744     6.8159 200.758367     2.2039 1.2397e+02     0.2454    94.0497 9.7680e-02 8.6247e+02  0.3801717      4.838    12.5270    315.484 -9.990e-29
