data/05_metadata_exports/SeabirdData/202305_SeabirdData/83268_stn48.cnv
* Sea-Bird SBE 9 Data File:
* FileName = C:\Users\rosette\Rosette Data\2023\Ontario CSMI\stn48.hex
* Software Version Seasave V 7.26.6.26
* Temperature SN = 5270
* Conductivity SN = 1168
* Number of Bytes Per Scan = 40
* Number of Voltage Words = 5
* Number of Scans Averaged by the Deck Unit = 1
* NMEA Latitude = 43 52.78 N
* NMEA Longitude = 077 26.39 W
* NMEA UTC (Time) = Sep 30 2003  21:56:42
* NMEA baud rate = 4800
** Ship: Lake Guardian
** Ontario CSMI LWFS
** Station:  stn48
# nquan = 14                                
# nvalues = 16381                       
# units = specified
# name 0 = prDM: Pressure, Digiquartz [db]
# name 1 = t090C: Temperature [ITS-90, deg C]
# name 2 = c0uS/cm: Conductivity [uS/cm]
# name 3 = sbeox0V: Oxygen raw, SBE 43 [V]
# name 4 = par: PAR/Irradiance, Biospherical/Licor
# name 5 = bat: Beam Attenuation, Chelsea/Seatech [1/m]
# name 6 = xmiss: Beam Transmission, Chelsea/Seatech [%]
# name 7 = flSP: Fluorescence, Seapoint
# name 8 = spar: SPAR, Biospherical/Licor
# name 9 = upoly0: Upoly 0, Suna Nitrate
# name 10 = depFM: Depth [fresh water, m], lat = 43.8797
# name 11 = sbeox0Mg/L: Oxygen, SBE 43 [mg/l], WS = 2
# name 12 = specc: Specific Conductance [uS/cm]
# name 13 = flag: flag
# span 0 =     -0.355,     36.007       
# span 1 =     4.7780,    10.1180       
# span 2 =  17.031604, 282.167104       
# span 3 =     1.7582,     2.2222       
# span 4 = 3.1562e+00, 4.4081e+02       
# span 5 =     0.0206,     7.8913       
# span 6 =    13.9062,    99.4867       
# span 7 = 2.8083e-02, 4.8681e+00       
# span 8 = 2.7568e+02, 9.9834e+02       
# span 9 =  0.0741704,  0.4126012       
# span 10 =     -0.362,     36.717      
# span 11 =     9.2349,    13.1426      
# span 12 =     24.462,    402.446      
# span 13 = 0.0000e+00, 0.0000e+00      
# interval = seconds: 0.0416667
# start_time = Sep 30 2003 21:56:42 [NMEA time, header]
# bad_flag = -9.990e-29
*END*
[from data line 8568]
     34.272     4.7781 187.908319     2.1636 4.0024e+00     0.1056    97.3955 9.0354e-02 4.2730e+02  0.3772613     34.948    13.0113    315.502 -9.990e-29
     34.275     4.7782 187.860533     2.1624 3.9909e+00     0.1056    97.3955 9.0354e-02 4.2730e+02  0.3772613     34.951    13.0031    315.421 -9.990e-29
     34.278     4.7784 187.860535     2.1624 3.9794e+00     0.1066    97.3694 9.2796e-02 4.2730e+02  0.3776771     34.954    13.0040    315.419 -9.990e-29
     34.279     4.7782 187.908318     2.1624 3.9909e+00     0.1056    97.3955 9.4017e-02 4.2927e+02  0.3772613     34.955    13.0051    315.501 -9.990e-29
     34.279     4.7782 187.932212     2.1636 3.9909e+00     0.1056    97.3955 9.4017e-02 4.2927e+02  0.3776771     34.955    13.0167    315.541 -9.990e-29
     34.281     4.7785 187.932211     2.1636 3.9909e+00     0.1066    97.3694 9.2796e-02 4.2927e+02  0.3789244     34.957    13.0162    315.538 -9.990e-29
     34.283     4.7785 187.932212     2.1636 3.9909e+00     0.1066    97.3694 9.5238e-02 4.2927e+02  0.3855766     34.959    13.0156    315.538 -9.990e-29
     34.286     4.7786 187.896373     2.1624 3.9909e+00     0.1066    97.3694 9.4017e-02 4.2730e+02  0.3943076     34.962    13.0058    315.477 -9.990e-29
     34.288     4.7788 187.920265     2.1624 4.0024e+00     0.1066    97.3694 9.4017e-02 4.2927e+02  0.3980495     34.964    13.0038    315.515 -9.990e-29
     34.291     4.7789 187.896372     2.1636 3.9909e+00     0.1077    97.3433 9.2796e-02 4.2730e+02  0.3980495     34.967    13.0124    315.474 -9.990e-29
     34.294     4.7791 187.920266     2.1624 3.9909e+00     0.1066    97.3694 9.1575e-02 4.2730e+02  0.3980495     34.970    13.0040    315.512 -9.990e-29
     34.296     4.7791 187.884426     2.1624 3.9909e+00     0.1056    97.3955 9.4017e-02 4.2730e+02  0.3980495     34.972    13.0048    315.451 -9.990e-29
     34.296     4.7794 187.884426     2.1636 3.9909e+00     0.1066    97.3694 1.0134e-01 4.2730e+02  0.3976337     34.972    13.0134    315.448 -9.990e-29
     34.298     4.7799 187.920264     2.1636 3.9909e+00     0.1066    97.3694 1.0379e-01 4.2730e+02  0.3976337     34.974    13.0127    315.503 -9.990e-29
     34.301     4.7802 187.896373     2.1636 4.0024e+00     0.1066    97.3694 1.0134e-01 4.2730e+02  0.3976337     34.977    13.0135    315.460 -9.990e-29
     34.302     4.7806 187.932211     2.1636 4.0024e+00     0.1066    97.3694 1.0012e-01 4.2730e+02  0.3980495     34.978    13.0142    315.516 -9.990e-29
     34.304     4.7806 187.956103     2.1636 3.9909e+00     0.1066    97.3694 9.8901e-02 4.2730e+02  0.3976337     34.980    13.0136    315.556 -9.990e-29
     34.306     4.7807 187.908318     2.1636 3.9909e+00     0.1066    97.3694 9.7680e-02 4.2730e+02  0.3976337     34.982    13.0145    315.475 -9.990e-29
     34.309     4.7810 187.932210     2.1636 3.9909e+00     0.1077    97.3433 9.6459e-02 4.2730e+02  0.3976337     34.985    13.0139    315.512 -9.990e-29
     34.313     4.7812 187.908318     2.1624 3.9909e+00     0.1066    97.3694 9.5238e-02 4.2730e+02  0.3976337     34.990    13.0040    315.469 -9.990e-29
     34.317     4.7813 187.872479     2.1636 4.0024e+00     0.1066    97.3694 9.2796e-02 4.2730e+02  0.3976337     34.994    13.0126    315.408 -9.990e-29
     34.320     4.7810 187.884425     2.1636 4.0024e+00     0.1066    97.3694 9.1575e-02 4.2730e+02  0.3976337     34.997    13.0121    315.431 -9.990e-29
     34.323     4.7807 187.932212     2.1624 4.0024e+00     0.1077    97.3433 9.0354e-02 4.2730e+02  0.3976337     35.000    13.0036    315.515 -9.990e-29
     34.325     4.7804 187.932211     2.1636 3.9909e+00     0.1077    97.3433 9.2796e-02 4.2730e+02  0.3976337     35.002    13.0123    315.518 -9.990e-29
     34.329     4.7802 187.944158     2.1636 3.9909e+00     0.1066    97.3694 9.4017e-02 4.2730e+02  0.3976337     35.006    13.0131    315.540 -9.990e-29
     34.333     4.7801 187.932212     2.1636 3.9909e+00     0.1066    97.3694 9.7680e-02 4.2730e+02  0.3976337     35.010    13.0139    315.521 -9.990e-29
     34.336     4.7802 187.884426     2.1636 3.9909e+00     0.1066    97.3694 9.8901e-02 4.2730e+02  0.3976337     35.013    13.0132    315.440 -9.990e-29
     34.338     4.7804 187.908319     2.1636 4.0024e+00     0.1077    97.3433 9.7680e-02 4.2533e+02  0.3976337     35.015    13.0124    315.478 -9.990e-29
     34.340     4.7807 187.932211     2.1648 3.9909e+00     0.1066    97.3694 9.5238e-02 4.2533e+02  0.3976337     35.017    13.0207    315.515 -9.990e-29
     34.342     4.7806 187.884427     2.1636 3.9909e+00     0.1077    97.3433 9.2796e-02 4.2533e+02  0.3976337     35.019    13.0121    315.436 -9.990e-29
     34.343     4.7810 187.908318     2.1636 3.9909e+00     0.1077    97.3433 9.1575e-02 4.2533e+02  0.3976337     35.020    13.0125    315.471 -9.990e-29
     34.345     4.7808 187.884425     2.1636 4.0024e+00     0.1066    97.3694 9.5238e-02 4.2533e+02  0.3976337     35.022    13.0131    315.433 -9.990e-29
     34.350     4.7807 187.872480     2.1624 4.0024e+00     0.1066    97.3694 1.0012e-01 4.2533e+02  0.3976337     35.027    13.0017    315.414 -9.990e-29
     34.355     4.7810 187.932212     2.1624 4.0024e+00     0.1066    97.3694 1.0012e-01 4.2533e+02  0.3976337     35.032    13.0008    315.512 -9.990e-29
     34.357     4.7810 187.932212     2.1636 3.9909e+00     0.1066    97.3694 9.6459e-02 4.2533e+02  0.3976337     35.034    13.0105    315.512 -9.990e-29
     34.358     4.7810 187.944158     2.1636 3.9909e+00     0.1077    97.3433 9.1575e-02 4.2533e+02  0.3976337     35.035    13.0083    315.532 -9.990e-29
     34.361     4.7812 187.932210     2.1624 3.9909e+00     0.1066    97.3694 8.9133e-02 4.2533e+02  0.3976337     35.038    12.9967    315.509 -9.990e-29
     34.365     4.7810 187.932212     2.1636 3.9794e+00     0.1077    97.3433 8.7912e-02 4.2533e+02  0.3976337     35.043    13.0051    315.512 -9.990e-29
     34.369     4.7810 187.944158     2.1636 3.9794e+00     0.1077    97.3433 8.7912e-02 4.2533e+02  0.3976337     35.047    13.0057    315.532 -9.990e-29
     34.372     4.7808 187.956105     2.1636 3.9794e+00     0.1077    97.3433 8.5470e-02 4.2533e+02  0.3968022     35.050    13.0064    315.554 -9.990e-29
     34.373     4.7808 187.932212     2.1624 3.9794e+00     0.1077    97.3433 8.6691e-02 4.2533e+02  0.3963864     35.051    12.9977    315.514 -9.990e-29
     34.375     4.7810 187.932211     2.1636 3.9794e+00     0.1066    97.3694 9.0354e-02 4.2533e+02  0.3963864     35.053    13.0074    315.512 -9.990e-29
     34.379     4.7812 187.896372     2.1636 3.9909e+00     0.1077    97.3433 9.5238e-02 4.2533e+02  0.3963864     35.057    13.0079    315.449 -9.990e-29
     34.383     4.7815 187.848587     2.1636 3.9909e+00     0.1077    97.3433 9.6459e-02 4.2533e+02  0.3963864     35.061    13.0084    315.366 -9.990e-29
     34.385     4.7813 187.920266     2.1636 3.9909e+00     0.1088    97.3171 1.0501e-01 4.2533e+02  0.3963864     35.063    13.0063    315.488 -9.990e-29
     34.386     4.7814 187.956104     2.1636 3.9909e+00     0.1077    97.3433 1.1477e-01 4.2533e+02  0.3968022     35.064    13.0054    315.547 -9.990e-29
     34.388     4.7813 187.932211     2.1636 3.9909e+00     0.1088    97.3171 1.1233e-01 4.2336e+02  0.3963864     35.066    13.0047    315.508 -9.990e-29
     34.392     4.7813 187.896373     2.1624 3.9909e+00     0.1077    97.3433 1.0501e-01 4.2336e+02  0.3963864     35.070    12.9934    315.448 -9.990e-29
     34.394     4.7813 187.896373     2.1636 3.9909e+00     0.1077    97.3433 1.0379e-01 4.2336e+02  0.3963864     35.072    13.0020    315.448 -9.990e-29
     34.397     4.7816 187.968051     2.1636 4.0024e+00     0.1088    97.3171 1.0501e-01 4.2336e+02  0.3968022     35.075    13.0012    315.565 -9.990e-29
     34.400     4.7815 187.944159     2.1636 4.0024e+00     0.1077    97.3433 1.0501e-01 4.2336e+02  0.3963864     35.078    13.0007    315.526 -9.990e-29
     34.404     4.7815 187.932212     2.1636 3.9909e+00     0.1088    97.3171 1.0256e-01 4.2336e+02  0.3963864     35.082    13.0016    315.506 -9.990e-29
     34.407     4.7814 187.896373     2.1636 3.9909e+00     0.1088    97.3171 9.8901e-02 4.2336e+02  0.3968022     35.085    13.0025    315.447 -9.990e-29
     34.410     4.7813 187.920266     2.1636 3.9909e+00     0.1077    97.3433 9.6459e-02 4.2336e+02  0.3968022     35.088    13.0048    315.488 -9.990e-29
     34.412     4.7815 187.896373     2.1636 3.9909e+00     0.1077    97.3433 9.5238e-02 4.2336e+02  0.3963864     35.090    13.0056    315.446 -9.990e-29
     34.415     4.7815 187.896373     2.1636 3.9909e+00     0.1077    97.3433 9.7680e-02 4.2336e+02  0.3968022     35.094    13.0065    315.446 -9.990e-29
     34.418     4.7812 187.932212     2.1624 3.9909e+00     0.1088    97.3171 1.0623e-01 4.2336e+02  0.3968022     35.097    12.9983    315.509 -9.990e-29
     34.421     4.7815 187.908319     2.1636 3.9909e+00     0.1088    97.3171 1.1233e-01 4.2336e+02  0.3963864     35.100    13.0056    315.466 -9.990e-29
     34.423     4.7818 187.932213     2.1636 3.9909e+00     0.1077    97.3433 1.1477e-01 4.2336e+02  0.3963864     35.102    13.0036    315.503 -9.990e-29
     34.426     4.7823 187.932211     2.1624 3.9909e+00     0.1077    97.3433 1.1233e-01 4.2336e+02  0.3963864     35.105    12.9937    315.498 -9.990e-29
     34.429     4.7826 187.944159     2.1624 3.9794e+00     0.1088    97.3171 1.0623e-01 4.2336e+02  0.3968022     35.108    12.9946    315.515 -9.990e-29
     34.432     4.7826 187.956105     2.1624 3.9679e+00     0.1077    97.3433 1.0012e-01 4.2336e+02  0.3968022     35.111    12.9941    315.535 -9.990e-29
     34.434     4.7831 187.956105     2.1636 3.9679e+00     0.1077    97.3433 9.6459e-02 4.2336e+02  0.3968022     35.113    13.0027    315.529 -9.990e-29
     34.435     4.7829 187.956104     2.1636 3.9679e+00     0.1088    97.3171 9.5238e-02 4.2336e+02  0.3968022     35.114    13.0038    315.531 -9.990e-29
     34.437     4.7830 187.932211     2.1636 3.9679e+00     0.1066    97.3694 9.4017e-02 4.2336e+02  0.3968022     35.116    13.0047    315.490 -9.990e-29
     34.440     4.7832 187.944159     2.1636 3.9679e+00     0.1056    97.3955 9.4017e-02 4.2336e+02  0.3976337     35.119    13.0042    315.508 -9.990e-29
     34.443     4.7832 187.932211     2.1636 3.9679e+00     0.1056    97.3955 9.4017e-02 4.2336e+02  0.3976337     35.122    13.0037    315.488 -9.990e-29
     34.446     4.7832 187.932212     2.1636 3.9794e+00     0.1066    97.3694 9.6459e-02 4.2336e+02  0.3976337     35.125    13.0047    315.488 -9.990e-29
     34.447     4.7832 187.968052     2.1624 3.9794e+00     0.1056    97.3955 9.8901e-02 4.2336e+02  0.3976337     35.126    12.9964    315.548 -9.990e-29
     34.449     4.7832 187.991943     2.1624 3.9794e+00     0.1045    97.4217 9.7680e-02 4.2336e+02  0.3976337     35.128    12.9974    315.588 -9.990e-29
     34.451     4.7837 187.920266     2.1624 3.9679e+00     0.1056    97.3955 9.6459e-02 4.2336e+02  0.3976337     35.130    12.9968    315.463 -9.990e-29
     34.452     4.7836 187.920266     2.1624 3.9565e+00     0.1056    97.3955 9.5238e-02 4.2533e+02  0.3976337     35.131    12.9965    315.464 -9.990e-29
     34.453     4.7837 187.944158     2.1624 3.9565e+00     0.1056    97.3955 9.2796e-02 4.2533e+02  0.3976337     35.132    12.9948    315.503 -9.990e-29
     34.453     4.7836 187.979997     2.1624 3.9679e+00     0.1056    97.3955 9.2796e-02 4.2533e+02  0.3976337     35.132    12.9945    315.564 -9.990e-29
     34.454     4.7836 187.956105     2.1624 3.9679e+00     0.1066    97.3694 9.2796e-02 4.2533e+02  0.3976337     35.133    12.9943    315.524 -9.990e-29
     34.456     4.7837 187.932212     2.1636 3.9679e+00     0.1066    97.3694 9.4017e-02 4.2533e+02  0.3976337     35.135    13.0047    315.483 -9.990e-29
     34.457     4.7837 187.944157     2.1636 3.9565e+00     0.1056    97.3955 9.5238e-02 4.2533e+02  0.3976337     35.136    13.0059    315.503 -9.990e-29
     34.458     4.7839 187.956106     2.1636 3.9451e+00     0.1056    97.3955 9.4017e-02 4.2533e+02  0.3976337     35.137    13.0070    315.521 -9.990e-29
     34.458     4.7836 187.956104     2.1636 3.9565e+00     0.1056    97.3955 9.4017e-02 4.2533e+02  0.3976337     35.137    13.0083    315.524 -9.990e-29
     34.459     4.7837 187.932212     2.1636 3.9565e+00     0.1056    97.3955 9.2796e-02 4.2533e+02  0.3976337     35.138    13.0081    315.483 -9.990e-29
     34.459     4.7837 187.944158     2.1636 3.9451e+00     0.1056    97.3955 9.4017e-02 4.2533e+02  0.3976337     35.138    13.0080    315.503 -9.990e-29
     34.459     4.7836 187.932212     2.1624 3.9451e+00     0.1056    97.3955 9.6459e-02 4.2533e+02  0.3976337     35.138    12.9973    315.484 -9.990e-29
     34.459     4.7837 187.944157     2.1624 3.9451e+00     0.1066    97.3694 9.4017e-02 4.2533e+02  0.3976337     35.138    12.9986    315.503 -9.990e-29
     34.459     4.7836 187.956106     2.1624 3.9451e+00     0.1056    97.3955 9.2796e-02 4.2533e+02  0.3976337     35.138    12.9999    315.524 -9.990e-29
     34.458     4.7839 187.979997     2.1636 3.9451e+00     0.1056    97.3955 9.1575e-02 4.2533e+02  0.3976337     35.137    13.0076    315.561 -9.990e-29
     34.457     4.7836 187.920266     2.1636 3.9451e+00     0.1056    97.3955 8.7912e-02 4.2533e+02  0.3976337     35.136    13.0062    315.464 -9.990e-29
     34.456     4.7840 187.932212     2.1624 3.9451e+00     0.1056    97.3955 8.4249e-02 4.2533e+02  0.3976337     35.135    12.9954    315.480 -9.990e-29
     34.454     4.7840 187.932211     2.1636 3.9451e+00     0.1056    97.3955 8.1807e-02 4.2533e+02  0.3976337     35.133    13.0045    315.480 -9.990e-29
     34.453     4.7839 187.932213     2.1636 3.9337e+00     0.1066    97.3694 8.1807e-02 4.2533e+02  0.3976337     35.132    13.0045    315.481 -9.990e-29
     34.450     4.7836 187.944158     2.1636 3.9451e+00     0.1066    97.3694 8.1807e-02 4.2730e+02  0.3976337     35.129    13.0047    315.504 -9.990e-29
     34.447     4.7836 187.932212     2.1624 3.9337e+00     0.1056    97.3955 8.3028e-02 4.2730e+02  0.3976337     35.126    12.9970    315.484 -9.990e-29
     34.444     4.7831 187.968051     2.1636 3.9451e+00     0.1066    97.3694 8.4249e-02 4.2730e+02  0.3980495     35.123    13.0078    315.549 -9.990e-29
     34.441     4.7829 187.944159     2.1636 3.9337e+00     0.1056    97.3955 8.4249e-02 4.2730e+02  0.3980495     35.120    13.0094    315.511 -9.990e-29
     34.439     4.7830 187.932211     2.1636 3.9337e+00     0.1056    97.3955 8.1807e-02 4.2730e+02  0.3980495     35.118    13.0080    315.490 -9.990e-29
     34.435     4.7828 187.944159     2.1624 3.9224e+00     0.1056    97.3955 8.3028e-02 4.2730e+02  0.3980495     35.114    12.9976    315.513 -9.990e-29
     34.431     4.7828 187.908319     2.1624 3.9337e+00     0.1056    97.3955 8.7912e-02 4.2730e+02  0.3980495     35.110    12.9963    315.452 -9.990e-29
     34.428     4.7831 187.896372     2.1624 3.9337e+00     0.1056    97.3955 8.7912e-02 4.2730e+02  0.3980495     35.107    12.9962    315.429 -9.990e-29
     34.425     4.7831 187.932212     2.1624 3.9337e+00     0.1056    97.3955 8.6691e-02 4.2730e+02  0.3980495     35.104    12.9962    315.489 -9.990e-29
     34.420     4.7830 187.932211     2.1624 3.9337e+00     0.1066    97.3694 8.6691e-02 4.2927e+02  0.3980495     35.099    12.9962    315.490 -9.990e-29
     34.415     4.7831 187.896372     2.1636 3.9451e+00     0.1056    97.3955 8.5470e-02 4.2927e+02  0.3980495     35.094    13.0052    315.429 -9.990e-29
     34.411     4.7830 187.920265     2.1636 3.9451e+00     0.1056    97.3955 8.3028e-02 4.2927e+02  0.3976337     35.089    13.0065    315.470 -9.990e-29
     34.406     4.7828 187.944158     2.1636 3.9451e+00     0.1056    97.3955 8.3028e-02 4.2927e+02  0.3980495     35.084    13.0078    315.513 -9.990e-29
