data/05_metadata_exports/SeabirdData/202305_SeabirdData/83261_stn63-day.cnv
* Sea-Bird SBE 9 Data File:
* FileName = C:\Users\rosette\Rosette Data\2023\Ontario CSMI\stn63-day.hex
* Software Version Seasave V 7.26.6.26
* Temperature SN = 5270
* Conductivity SN = 1168
* Number of Bytes Per Scan = 40
* Number of Voltage Words = 5
* Number of Scans Averaged by the Deck Unit = 1
* NMEA Latitude = 43 43.92 N
* NMEA Longitude = 077 01.00 W
* NMEA UTC (Time) = Sep 30 2003  19:06:31
* NMEA baud rate = 4800
** Ship: Lake Guardian
** Cruise: Summer Survey 2022 Ontario CSMI LFWS
** Station:  stn63-day
# nquan = 14                                
# nvalues = 15277                       
# units = specified
# name 0 = prDM: Pressure, Digiquartz [db]
# name 1 = t090C: Temperature [ITS-90, deg C]
# name 2 = c0uS/cm: Conductivity [uS/cm]
# name 3 = sbeox0V: Oxygen raw, SBE 43 [V]
# name 4 = par: PAR/Irradiance, Biospherical/Licor
# name 5 = bat: Beam Attenuation, Chelsea/Seatech [1/m]
# name 6 = xmiss: Beam Transmission, Chelsea/Seatech [%]
# name 7 = flSP: Fluorescence, Seapoint
# name 8 = spar: SPAR, Biospherical/Licor
# name 9 = upoly0: Upoly 0, Suna Nitrate
# name 10 = depFM: Depth [fresh water, m], lat = 43.732
# name 11 = sbeox0Mg/L: Oxygen, SBE 43 [mg/l], WS = 2
# name 12 = specc: Specific Conductance [uS/cm]
# name 13 = flag: flag
# span 0 =     -0.406,     83.281       
# span 1 =     4.0968,    11.2822       
# span 2 =  22.793530, 324.193119       
# span 3 =     1.8645,     2.3602       
# span 4 = 1.0000e-12, 2.7338e+03       
# span 5 =     0.0660,     4.4171       
# span 6 =    33.1448,    98.3627       
# span 7 = 0.0000e+00, 1.2161e+00       
# span 8 = 1.4670e+03, 1.5359e+03       
# span 9 =  0.0741704,  0.3922288       
# span 10 =     -0.414,     84.923      
# span 11 =     9.7058,    13.6291      
# span 12 =     31.653,    447.970      
# span 13 = 0.0000e+00, 0.0000e+00      
# interval = seconds: 0.0416667
# start_time = Sep 30 2003 19:06:31 [NMEA time, header]
# bad_flag = -9.990e-29
*END*
[from data line 10426]
     82.986     4.0975 185.305668     2.0611 1.0000e-12     0.0671    98.3366 3.7851e-02 1.5202e+03  0.3909815     84.622    12.5339    318.411 -9.990e-29
     82.984     4.0977 185.269838     2.0611 1.0000e-12     0.0671    98.3366 3.7851e-02 1.5202e+03  0.3909815     84.620    12.5348    318.347 -9.990e-29
     82.983     4.0975 185.281782     2.0611 1.0000e-12     0.0682    98.3104 3.6630e-02 1.5221e+03  0.3909815     84.619    12.5359    318.370 -9.990e-29
     82.982     4.0973 185.257895     2.0611 1.0000e-12     0.0671    98.3366 3.6630e-02 1.5202e+03  0.3905657     84.618    12.5371    318.331 -9.990e-29
     82.980     4.0975 185.293725     2.0611 1.0000e-12     0.0671    98.3366 3.6630e-02 1.5202e+03  0.3905657     84.616    12.5382    318.391 -9.990e-29
     82.979     4.0975 185.305667     2.0611 1.0000e-12     0.0682    98.3104 3.6630e-02 1.5202e+03  0.3905657     84.615    12.5408    318.411 -9.990e-29
     82.978     4.0977 185.305668     2.0611 1.0000e-12     0.0682    98.3104 3.6630e-02 1.5202e+03  0.3905657     84.614    12.5434    318.409 -9.990e-29
     82.977     4.0975 185.293724     2.0611 1.0000e-12     0.0682    98.3104 3.6630e-02 1.5202e+03  0.3905657     84.613    12.5447    318.391 -9.990e-29
     82.976     4.0973 185.305668     2.0623 1.0000e-12     0.0671    98.3366 3.6630e-02 1.5202e+03  0.3909815     84.612    12.5554    318.413 -9.990e-29
     82.975     4.0977 185.293724     2.0611 1.0000e-12     0.0671    98.3366 3.6630e-02 1.5202e+03  0.3909815     84.611    12.5455    318.389 -9.990e-29
     82.974     4.0975 185.269839     2.0611 1.0000e-12     0.0671    98.3366 3.6630e-02 1.5202e+03  0.3909815     84.610    12.5468    318.350 -9.990e-29
     82.974     4.0973 185.329552     2.0598 1.0000e-12     0.0671    98.3366 3.6630e-02 1.5202e+03  0.3905657     84.610    12.5364    318.454 -9.990e-29
     82.975     4.0977 185.353439     2.0598 1.0000e-12     0.0682    98.3104 3.6630e-02 1.5202e+03  0.3909815     84.611    12.5360    318.491 -9.990e-29
     82.977     4.0970 185.317610     2.0611 1.0000e-12     0.0682    98.3104 3.6630e-02 1.5202e+03  0.3889027     84.613    12.5477    318.437 -9.990e-29
     82.979     4.0973 185.293725     2.0611 1.0000e-12     0.0682    98.3104 3.7851e-02 1.5202e+03  0.3880712     84.615    12.5503    318.393 -9.990e-29
     82.982     4.0973 185.269839     2.0611 1.0000e-12     0.0671    98.3366 3.6630e-02 1.5202e+03  0.3876554     84.618    12.5530    318.352 -9.990e-29
     82.984     4.0972 185.305668     2.0611 1.0000e-12     0.0671    98.3366 3.6630e-02 1.5202e+03  0.3876554     84.620    12.5542    318.414 -9.990e-29
     82.986     4.0975 185.317611     2.0611 1.0000e-12     0.0671    98.3366 3.6630e-02 1.5202e+03  0.3880712     84.622    12.5537    318.432 -9.990e-29
     82.988     4.0973 185.341496     2.0611 1.0000e-12     0.0682    98.3104 3.6630e-02 1.5202e+03  0.3876554     84.624    12.5549    318.475 -9.990e-29
     82.990     4.0977 185.281782     2.0611 1.0000e-12     0.0671    98.3366 3.6630e-02 1.5202e+03  0.3880712     84.626    12.5543    318.368 -9.990e-29
     82.991     4.0975 185.293725     2.0611 1.0000e-12     0.0682    98.3104 3.6630e-02 1.5202e+03  0.3880712     84.627    12.5540    318.391 -9.990e-29
     82.993     4.0973 185.293724     2.0611 1.0000e-12     0.0682    98.3104 3.6630e-02 1.5202e+03  0.3880712     84.629    12.5537    318.393 -9.990e-29
     82.995     4.0977 185.305668     2.0611 1.0000e-12     0.0692    98.2843 3.6630e-02 1.5202e+03  0.3876554     84.631    12.5531    318.409 -9.990e-29
     82.998     4.0975 185.293725     2.0611 1.0000e-12     0.0692    98.2843 3.6630e-02 1.5202e+03  0.3880712     84.634    12.5528    318.391 -9.990e-29
     83.000     4.0975 185.353440     2.0611 1.0000e-12     0.0692    98.2843 3.6630e-02 1.5202e+03  0.3876554     84.636    12.5524    318.493 -9.990e-29
     83.003     4.0975 185.329553     2.0611 1.0000e-12     0.0692    98.2843 3.6630e-02 1.5202e+03  0.3880712     84.639    12.5519    318.452 -9.990e-29
     83.007     4.0975 185.317611     2.0611 1.0000e-12     0.0692    98.2843 3.6630e-02 1.5202e+03  0.3880712     84.644    12.5515    318.432 -9.990e-29
     83.011     4.0978 185.341496     2.0611 1.0000e-12     0.0682    98.3104 3.5409e-02 1.5202e+03  0.3880712     84.648    12.5510    318.469 -9.990e-29
     83.017     4.0975 185.353440     2.0611 1.0000e-12     0.0692    98.2843 3.6630e-02 1.5202e+03  0.3880712     84.654    12.5507    318.493 -9.990e-29
     83.021     4.0973 185.365384     2.0623 1.0000e-12     0.0692    98.2843 3.7851e-02 1.5202e+03  0.3880712     84.658    12.5613    318.516 -9.990e-29
     83.024     4.0975 185.305668     2.0623 1.0000e-12     0.0692    98.2843 4.0293e-02 1.5202e+03  0.3880712     84.661    12.5622    318.411 -9.990e-29
     83.027     4.0977 185.269839     2.0623 1.0000e-12     0.0692    98.2843 3.9072e-02 1.5202e+03  0.3876554     84.664    12.5616    318.347 -9.990e-29
     83.031     4.0975 185.305669     2.0611 1.0000e-12     0.0692    98.2843 3.9072e-02 1.5202e+03  0.3880712     84.668    12.5517    318.411 -9.990e-29
     83.034     4.0978 185.293725     2.0611 1.0000e-12     0.0692    98.2843 3.9072e-02 1.5182e+03  0.3880712     84.671    12.5526    318.387 -9.990e-29
     83.037     4.0977 185.329555     2.0611 1.0000e-12     0.0692    98.2843 3.7851e-02 1.5182e+03  0.3880712     84.674    12.5536    318.450 -9.990e-29
     83.041     4.0975 185.353440     2.0611 1.0000e-12     0.0703    98.2581 3.9072e-02 1.5182e+03  0.3880712     84.678    12.5546    318.493 -9.990e-29
     83.045     4.0975 185.329555     2.0611 1.0000e-12     0.0682    98.3104 3.7851e-02 1.5182e+03  0.3880712     84.682    12.5538    318.452 -9.990e-29
     83.049     4.0977 185.341497     2.0623 1.0000e-12     0.0692    98.2843 3.7851e-02 1.5182e+03  0.3880712     84.686    12.5623    318.471 -9.990e-29
     83.054     4.0973 185.305669     2.0623 1.0000e-12     0.0692    98.2843 3.6630e-02 1.5182e+03  0.3880712     84.691    12.5631    318.413 -9.990e-29
     83.059     4.0978 185.329555     2.0623 1.0000e-12     0.0692    98.2843 3.6630e-02 1.5182e+03  0.3884869     84.697    12.5620    318.449 -9.990e-29
     83.063     4.0975 185.317612     2.0623 1.0000e-12     0.0692    98.2843 3.6630e-02 1.5182e+03  0.3884869     84.701    12.5612    318.432 -9.990e-29
     83.067     4.0975 185.353441     2.0611 1.0000e-12     0.0703    98.2581 3.6630e-02 1.5182e+03  0.3884869     84.705    12.5508    318.493 -9.990e-29
     83.071     4.0975 185.329555     2.0623 1.0000e-12     0.0692    98.2843 3.6630e-02 1.5182e+03  0.3884869     84.709    12.5594    318.452 -9.990e-29
     83.075     4.0975 185.293726     2.0611 1.0000e-12     0.0682    98.3104 3.5409e-02 1.5182e+03  0.3884869     84.713    12.5490    318.391 -9.990e-29
     83.079     4.0975 185.245956     2.0611 1.0000e-12     0.0660    98.3627 3.5409e-02 1.5182e+03  0.3884869     84.717    12.5481    318.309 -9.990e-29
     83.082     4.0977 185.317612     2.0611 1.0000e-12     0.0671    98.3366 3.5409e-02 1.5182e+03  0.3884869     84.720    12.5471    318.430 -9.990e-29
     83.085     4.0975 185.329555     2.0611 1.0000e-12     0.0671    98.3366 3.5409e-02 1.5182e+03  0.3884869     84.723    12.5463    318.452 -9.990e-29
     83.088     4.0975 185.269841     2.0611 1.0000e-12     0.0682    98.3104 3.5409e-02 1.5182e+03  0.3884869     84.726    12.5454    318.350 -9.990e-29
     83.091     4.0977 185.257898     2.0611 1.0000e-12     0.0671    98.3366 3.6630e-02 1.5182e+03  0.3889027     84.729    12.5444    318.327 -9.990e-29
     83.094     4.0978 185.257898     2.0611 1.0000e-12     0.0671    98.3366 3.6630e-02 1.5182e+03  0.3884869     84.732    12.5435    318.326 -9.990e-29
     83.097     4.0978 185.329555     2.0611 1.0000e-12     0.0682    98.3104 3.6630e-02 1.5182e+03  0.3884869     84.735    12.5426    318.449 -9.990e-29
     83.101     4.0977 185.353441     2.0611 1.0000e-12     0.0671    98.3366 3.7851e-02 1.5182e+03  0.3884869     84.739    12.5417    318.491 -9.990e-29
     83.103     4.0977 185.317613     2.0611 1.0000e-12     0.0671    98.3366 3.7851e-02 1.5182e+03  0.3884869     84.741    12.5408    318.430 -9.990e-29
     83.105     4.0978 185.269840     2.0623 1.0000e-12     0.0671    98.3366 3.7851e-02 1.5182e+03  0.3884869     84.743    12.5493    318.346 -9.990e-29
     83.109     4.0977 185.281784     2.0623 1.0000e-12     0.0671    98.3366 4.0293e-02 1.5182e+03  0.3889027     84.748    12.5500    318.368 -9.990e-29
     83.112     4.0977 185.329556     2.0611 1.0000e-12     0.0671    98.3366 4.5177e-02 1.5182e+03  0.3889027     84.751    12.5412    318.450 -9.990e-29
     83.114     4.0977 185.365385     2.0611 1.0000e-12     0.0671    98.3366 4.6398e-02 1.5182e+03  0.3884869     84.753    12.5419    318.512 -9.990e-29
     83.116     4.0975 185.293727     2.0611 1.0000e-12     0.0671    98.3366 4.3956e-02 1.5182e+03  0.3884869     84.755    12.5427    318.391 -9.990e-29
     83.119     4.0975 185.329554     2.0623 1.0000e-12     0.0682    98.3104 4.1514e-02 1.5182e+03  0.3889027     84.758    12.5514    318.452 -9.990e-29
     83.124     4.0977 185.305672     2.0623 1.0000e-12     0.0671    98.3366 4.0293e-02 1.5182e+03  0.3884869     84.763    12.5505    318.409 -9.990e-29
     83.127     4.0979 185.329555     2.0623 1.0000e-12     0.0671    98.3366 3.9072e-02 1.5162e+03  0.3884869     84.766    12.5497    318.448 -9.990e-29
     83.129     4.0973 185.305670     2.0623 1.0000e-12     0.0671    98.3366 3.7851e-02 1.5162e+03  0.3884869     84.768    12.5506    318.413 -9.990e-29
     83.130     4.0977 185.317614     2.0623 1.0000e-12     0.0682    98.3104 3.6630e-02 1.5162e+03  0.3884869     84.769    12.5511    318.430 -9.990e-29
     83.130     4.0978 185.341499     2.0611 1.0000e-12     0.0682    98.3104 3.5409e-02 1.5162e+03  0.3889027     84.769    12.5423    318.469 -9.990e-29
     83.130     4.0978 185.317613     2.0611 1.0000e-12     0.0682    98.3104 3.6630e-02 1.5162e+03  0.3889027     84.769    12.5431    318.428 -9.990e-29
     83.130     4.0977 185.293727     2.0611 1.0000e-12     0.0671    98.3366 3.6630e-02 1.5162e+03  0.3889027     84.769    12.5440    318.389 -9.990e-29
     83.130     4.0977 185.329556     2.0611 1.0000e-12     0.0671    98.3366 3.6630e-02 1.5162e+03  0.3889027     84.769    12.5434    318.450 -9.990e-29
     83.132     4.0977 185.353442     2.0611 1.0000e-12     0.0682    98.3104 3.6630e-02 1.5162e+03  0.3893185     84.771    12.5443    318.491 -9.990e-29
     83.133     4.0973 185.329557     2.0611 1.0000e-12     0.0692    98.2843 3.6630e-02 1.5162e+03  0.3893185     84.772    12.5439    318.454 -9.990e-29
     83.133     4.0978 185.317613     2.0611 1.0000e-12     0.0682    98.3104 3.7851e-02 1.5162e+03  0.3893185     84.772    12.5432    318.428 -9.990e-29
     83.133     4.0978 185.293727     2.0611 1.0000e-12     0.0682    98.3104 3.9072e-02 1.5162e+03  0.3893185     84.772    12.5441    318.387 -9.990e-29
     83.134     4.0978 185.293727     2.0611 1.0000e-12     0.0682    98.3104 3.7851e-02 1.5162e+03  0.3893185     84.773    12.5449    318.387 -9.990e-29
     83.135     4.0977 185.341500     2.0611 1.0000e-12     0.0682    98.3104 3.7851e-02 1.5142e+03  0.3893185     84.774    12.5443    318.471 -9.990e-29
     83.134     4.0975 185.353442     2.0611 1.0000e-12     0.0682    98.3104 3.7851e-02 1.5142e+03  0.3893185     84.773    12.5437    318.493 -9.990e-29
     83.134     4.0979 185.389271     2.0611 1.0000e-12     0.0671    98.3366 3.6630e-02 1.5142e+03  0.3893185     84.773    12.5429    318.550 -9.990e-29
     83.133     4.0977 185.317614     2.0611 1.0000e-12     0.0682    98.3104 3.6630e-02 1.5142e+03  0.3893185     84.772    12.5423    318.430 -9.990e-29
     83.131     4.0977 185.329556     2.0611 1.0000e-12     0.0671    98.3366 3.5409e-02 1.5142e+03  0.3893185     84.770    12.5416    318.450 -9.990e-29
     83.129     4.0975 185.389271     2.0611 1.0000e-12     0.0682    98.3104 3.6630e-02 1.5142e+03  0.3893185     84.768    12.5425    318.555 -9.990e-29
     83.127     4.0975 185.341499     2.0611 1.0000e-12     0.0682    98.3104 3.5409e-02 1.5142e+03  0.3893185     84.766    12.5433    318.473 -9.990e-29
     83.126     4.0979 185.317612     2.0611 1.0000e-12     0.0682    98.3104 3.5409e-02 1.5142e+03  0.3893185     84.765    12.5440    318.427 -9.990e-29
     83.125     4.0977 185.293727     2.0611 1.0000e-12     0.0682    98.3104 3.5409e-02 1.5142e+03  0.3893185     84.764    12.5434    318.389 -9.990e-29
     83.126     4.0977 185.329555     2.0623 1.0000e-12     0.0682    98.3104 3.5409e-02 1.5142e+03  0.3893185     84.765    12.5523    318.450 -9.990e-29
     83.127     4.0975 185.305672     2.0611 1.0000e-12     0.0682    98.3104 3.5409e-02 1.5142e+03  0.3893185     84.766    12.5423    318.411 -9.990e-29
     83.125     4.0978 185.293726     2.0611 1.0000e-12     0.0682    98.3104 3.6630e-02 1.5142e+03  0.3893185     84.764    12.5415    318.387 -9.990e-29
     83.123     4.0977 185.293728     2.0611 1.0000e-12     0.0692    98.2843 3.6630e-02 1.5142e+03  0.3893185     84.762    12.5410    318.389 -9.990e-29
     83.120     4.0975 185.329556     2.0623 1.0000e-12     0.0692    98.2843 3.6630e-02 1.5142e+03  0.3893185     84.759    12.5517    318.452 -9.990e-29
     83.116     4.0978 185.353441     2.0611 1.0000e-12     0.0692    98.2843 3.6630e-02 1.5142e+03  0.3893185     84.755    12.5434    318.490 -9.990e-29
     83.112     4.0973 185.305670     2.0611 1.0000e-12     0.0692    98.2843 3.6630e-02 1.5142e+03  0.3893185     84.751    12.5463    318.413 -9.990e-29
     83.108     4.0977 185.317612     2.0611 1.0000e-12     0.0692    98.2843 3.6630e-02 1.5142e+03  0.3893185     84.747    12.5459    318.430 -9.990e-29
     83.106     4.0978 185.317613     2.0611 1.0000e-12     0.0692    98.2843 3.5409e-02 1.5142e+03  0.3893185     84.745    12.5456    318.428 -9.990e-29
     83.103     4.0977 185.317613     2.0611 1.0000e-12     0.0682    98.3104 3.5409e-02 1.5142e+03  0.3893185     84.741    12.5454    318.430 -9.990e-29
     83.099     4.0977 185.293726     2.0611 1.0000e-12     0.0692    98.2843 3.5409e-02 1.5142e+03  0.3893185     84.737    12.5452    318.389 -9.990e-29
     83.097     4.0975 185.293727     2.0611 1.0000e-12     0.0703    98.2581 3.5409e-02 1.5142e+03  0.3893185     84.735    12.5450    318.391 -9.990e-29
     83.094     4.0978 185.317612     2.0611 1.0000e-12     0.0692    98.2843 3.6630e-02 1.5142e+03  0.3893185     84.732    12.5447    318.428 -9.990e-29
     83.091     4.0977 185.293727     2.0623 1.0000e-12     0.0692    98.2843 3.6630e-02 1.5142e+03  0.3893185     84.729    12.5539    318.389 -9.990e-29
     83.088     4.0978 185.305669     2.0623 1.0000e-12     0.0692    98.2843 3.6630e-02 1.5142e+03  0.3893185     84.726    12.5537    318.408 -9.990e-29
     83.084     4.0975 185.317613     2.0611 1.0000e-12     0.0692    98.2843 3.6630e-02 1.5142e+03  0.3893185     84.722    12.5441    318.432 -9.990e-29
     83.080     4.0977 185.341498     2.0611 1.0000e-12     0.0692    98.2843 3.6630e-02 1.5142e+03  0.3893185     84.718    12.5437    318.471 -9.990e-29
     83.076     4.0977 185.353441     2.0611 1.0000e-12     0.0692    98.2843 3.6630e-02 1.5162e+03  0.3893185     84.714    12.5435    318.491 -9.990e-29
     83.071     4.0977 185.305670     2.0611 1.0000e-12     0.0692    98.2843 3.7851e-02 1.5142e+03  0.3893185     84.709    12.5433    318.409 -9.990e-29
     83.066     4.0977 185.305668     2.0611 1.0000e-12     0.0682    98.3104 4.3956e-02 1.5162e+03  0.3893185     84.704    12.5414    318.409 -9.990e-29
     83.061     4.0977 185.293727     2.0623 1.0000e-12     0.0692    98.2843 5.4945e-02 1.5162e+03  0.3893185     84.699    12.5522    318.389 -9.990e-29
     83.056     4.0977 185.377326     2.0611 1.0000e-12     0.0703    98.2581 5.1282e-02 1.5162e+03  0.3893185     84.694    12.5425    318.532 -9.990e-29
