data/05_metadata_exports/SeabirdData/202305_SeabirdData/83261_stn63-day.cnv
* Sea-Bird SBE 9 Data File:
* FileName = C:\Users\rosette\Rosette Data\2023\Ontario CSMI\stn63-day.hex
* Software Version Seasave V 7.26.6.26
* Temperature SN = 5270
* Conductivity SN = 1168
* Number of Bytes Per Scan = 40
* Number of Voltage Words = 5
* Number of Scans Averaged by the Deck Unit = 1
* NMEA Latitude = 43 43.92 N
* NMEA Longitude = 077 01.00 W
* NMEA UTC (Time) = Sep 30 2003  19:06:31
* NMEA baud rate = 4800
** Ship: Lake Guardian
** Cruise: Summer Survey 2022 Ontario CSMI LFWS
** Station:  stn63-day
# nquan = 14                                
# nvalues = 15277                       
# units = specified
# name 0 = prDM: Pressure, Digiquartz [db]
# name 1 = t090C: Temperature [ITS-90, deg C]
# name 2 = c0uS/cm: Conductivity [uS/cm]
# name 3 = sbeox0V: Oxygen raw, SBE 43 [V]
# name 4 = par: PAR/Irradiance, Biospherical/Licor
# name 5 = bat: Beam Attenuation, Chelsea/Seatech [1/m]
# name 6 = xmiss: Beam Transmission, Chelsea/Seatech [%]
# name 7 = flSP: Fluorescence, Seapoint
# name 8 = spar: SPAR, Biospherical/Licor
# name 9 = upoly0: Upoly 0, Suna Nitrate
# name 10 = depFM: Depth [fresh water, m], lat = 43.732
# name 11 = sbeox0Mg/L: Oxygen, SBE 43 [mg/l], WS = 2
# name 12 = specc: Specific Conductance [uS/cm]
# name 13 = flag: flag
# span 0 =     -0.406,     83.281       
# span 1 =     4.0968,    11.2822       
# span 2 =  22.793530, 324.193119       
# span 3 =     1.8645,     2.3602       
# span 4 = 1.0000e-12, 2.7338e+03       
# span 5 =     0.0660,     4.4171       
# span 6 =    33.1448,    98.3627       
# span 7 = 0.0000e+00, 1.2161e+00       
# span 8 = 1.4670e+03, 1.5359e+03       
# span 9 =  0.0741704,  0.3922288       
# span 10 =     -0.414,     84.923      
# span 11 =     9.7058,    13.6291      
# span 12 =     31.653,    447.970      
# span 13 = 0.0000e+00, 0.0000e+00      
# interval = seconds: 0.0416667
# start_time = Sep 30 2003 19:06:31 [NMEA time, header]
# bad_flag = -9.990e-29
*END*
[from data line 10117]
     82.946     4.0977 185.293724     2.0635 1.0000e-12     0.0671    98.3366 3.6630e-02 1.5142e+03  0.3710249     84.581    12.5745    318.389 -9.990e-29
     82.949     4.0975 185.329553     2.0647 1.0000e-12     0.0682    98.3104 3.6630e-02 1.5142e+03  0.3710249     84.584    12.5818    318.452 -9.990e-29
     82.952     4.0978 185.245952     2.0659 1.0000e-12     0.0682    98.3104 3.5409e-02 1.5142e+03  0.3710249     84.587    12.5903    318.305 -9.990e-29
     82.955     4.0975 185.269838     2.0659 1.0000e-12     0.0671    98.3366 3.6630e-02 1.5142e+03  0.3710249     84.591    12.5911    318.350 -9.990e-29
     82.958     4.0977 185.293724     2.0647 1.0000e-12     0.0682    98.3104 3.6630e-02 1.5142e+03  0.3710249     84.594    12.5807    318.389 -9.990e-29
     82.961     4.0975 185.329554     2.0647 1.0000e-12     0.0671    98.3366 3.6630e-02 1.5142e+03  0.3714407     84.597    12.5799    318.452 -9.990e-29
     82.964     4.0975 185.281780     2.0635 1.0000e-12     0.0671    98.3366 3.6630e-02 1.5142e+03  0.3710249     84.600    12.5695    318.370 -9.990e-29
     82.967     4.0977 185.257896     2.0635 1.0000e-12     0.0671    98.3366 3.6630e-02 1.5142e+03  0.3710249     84.603    12.5699    318.327 -9.990e-29
     82.971     4.0977 185.329553     2.0635 1.0000e-12     0.0682    98.3104 3.6630e-02 1.5142e+03  0.3710249     84.607    12.5704    318.450 -9.990e-29
     82.974     4.0977 185.257896     2.0635 1.0000e-12     0.0682    98.3104 3.6630e-02 1.5142e+03  0.3710249     84.610    12.5694    318.327 -9.990e-29
     82.977     4.0978 185.293724     2.0647 1.0000e-12     0.0692    98.2843 3.6630e-02 1.5142e+03  0.3710249     84.613    12.5777    318.387 -9.990e-29
     82.979     4.0977 185.353439     2.0647 1.0000e-12     0.0692    98.2843 3.6630e-02 1.5142e+03  0.3710249     84.615    12.5781    318.491 -9.990e-29
     82.981     4.0977 185.293724     2.0647 1.0000e-12     0.0682    98.3104 3.6630e-02 1.5142e+03  0.3710249     84.617    12.5785    318.389 -9.990e-29
     82.985     4.0973 185.281781     2.0647 1.0000e-12     0.0682    98.3104 3.6630e-02 1.5142e+03  0.3710249     84.621    12.5775    318.372 -9.990e-29
     82.990     4.0975 185.305668     2.0647 1.0000e-12     0.0692    98.2843 4.2735e-02 1.5142e+03  0.3710249     84.626    12.5777    318.411 -9.990e-29
     82.994     4.0977 185.341496     2.0647 1.0000e-12     0.0682    98.3104 4.5177e-02 1.5142e+03  0.3710249     84.630    12.5779    318.471 -9.990e-29
     82.998     4.0978 185.281782     2.0647 1.0000e-12     0.0692    98.2843 4.2735e-02 1.5142e+03  0.3710249     84.634    12.5767    318.367 -9.990e-29
     83.002     4.0973 185.329553     2.0647 1.0000e-12     0.0682    98.3104 4.0293e-02 1.5142e+03  0.3710249     84.638    12.5756    318.454 -9.990e-29
     83.007     4.0975 185.281783     2.0659 1.0000e-12     0.0692    98.2843 4.0293e-02 1.5142e+03  0.3710249     84.644    12.5852    318.370 -9.990e-29
     83.012     4.0977 185.234010     2.0647 1.0000e-12     0.0692    98.2843 4.6398e-02 1.5142e+03  0.3710249     84.649    12.5758    318.286 -9.990e-29
     83.016     4.0973 185.293726     2.0647 1.0000e-12     0.0692    98.2843 4.7619e-02 1.5142e+03  0.3710249     84.653    12.5762    318.393 -9.990e-29
     83.020     4.0978 185.269839     2.0647 1.0000e-12     0.0692    98.2843 4.5177e-02 1.5142e+03  0.3710249     84.657    12.5762    318.346 -9.990e-29
     83.024     4.0975 185.293725     2.0647 1.0000e-12     0.0682    98.3104 4.1514e-02 1.5162e+03  0.3710249     84.661    12.5765    318.391 -9.990e-29
     83.029     4.0977 185.317611     2.0647 1.0000e-12     0.0692    98.2843 3.9072e-02 1.5162e+03  0.3710249     84.666    12.5766    318.430 -9.990e-29
     83.034     4.0975 185.269840     2.0647 1.0000e-12     0.0692    98.2843 3.6630e-02 1.5162e+03  0.3710249     84.671    12.5769    318.350 -9.990e-29
     83.039     4.0975 185.234011     2.0635 1.0000e-12     0.0692    98.2843 3.6630e-02 1.5142e+03  0.3710249     84.676    12.5661    318.288 -9.990e-29
     83.043     4.0973 185.269840     2.0647 1.0000e-12     0.0692    98.2843 3.6630e-02 1.5142e+03  0.3710249     84.680    12.5772    318.352 -9.990e-29
     83.046     4.0977 185.329555     2.0647 1.0000e-12     0.0692    98.2843 3.5409e-02 1.5142e+03  0.3710249     84.683    12.5801    318.450 -9.990e-29
     83.049     4.0973 185.269839     2.0647 1.0000e-12     0.0692    98.2843 3.5409e-02 1.5162e+03  0.3710249     84.686    12.5818    318.352 -9.990e-29
     83.054     4.0977 185.245955     2.0647 1.0000e-12     0.0682    98.3104 3.5409e-02 1.5162e+03  0.3710249     84.691    12.5818    318.306 -9.990e-29
     83.058     4.0978 185.293726     2.0647 1.0000e-12     0.0692    98.2843 3.5409e-02 1.5162e+03  0.3710249     84.696    12.5819    318.387 -9.990e-29
     83.061     4.0977 185.341498     2.0647 1.0000e-12     0.0682    98.3104 3.5409e-02 1.5162e+03  0.3710249     84.699    12.5805    318.471 -9.990e-29
     83.064     4.0975 185.305669     2.0647 1.0000e-12     0.0692    98.2843 3.5409e-02 1.5162e+03  0.3710249     84.702    12.5792    318.411 -9.990e-29
     83.067     4.0975 185.293726     2.0647 1.0000e-12     0.0692    98.2843 3.5409e-02 1.5162e+03  0.3710249     84.705    12.5776    318.391 -9.990e-29
     83.070     4.0975 185.341498     2.0647 1.0000e-12     0.0692    98.2843 3.5409e-02 1.5162e+03  0.3710249     84.708    12.5761    318.473 -9.990e-29
     83.073     4.0973 185.234012     2.0647 1.0000e-12     0.0692    98.2843 3.6630e-02 1.5162e+03  0.3710249     84.711    12.5760    318.290 -9.990e-29
     83.076     4.0975 185.269841     2.0647 1.0000e-12     0.0692    98.2843 3.6630e-02 1.5162e+03  0.3710249     84.714    12.5758    318.350 -9.990e-29
     83.079     4.0973 185.293726     2.0647 1.0000e-12     0.0682    98.3104 3.6630e-02 1.5162e+03  0.3710249     84.717    12.5758    318.393 -9.990e-29
     83.083     4.0975 185.293727     2.0647 1.0000e-12     0.0682    98.3104 3.6630e-02 1.5162e+03  0.3710249     84.721    12.5756    318.391 -9.990e-29
     83.085     4.0977 185.293726     2.0647 1.0000e-12     0.0692    98.2843 3.6630e-02 1.5162e+03  0.3710249     84.723    12.5754    318.389 -9.990e-29
     83.087     4.0977 185.305669     2.0647 1.0000e-12     0.0692    98.2843 3.6630e-02 1.5182e+03  0.3710249     84.725    12.5738    318.409 -9.990e-29
     83.090     4.0978 185.317613     2.0647 1.0000e-12     0.0703    98.2581 3.7851e-02 1.5182e+03  0.3710249     84.728    12.5723    318.428 -9.990e-29
     83.092     4.0977 185.293727     2.0647 1.0000e-12     0.0692    98.2843 3.7851e-02 1.5182e+03  0.3710249     84.730    12.5709    318.389 -9.990e-29
     83.092     4.0975 185.317612     2.0647 1.0000e-12     0.0692    98.2843 3.7851e-02 1.5182e+03  0.3710249     84.730    12.5725    318.432 -9.990e-29
     83.093     4.0975 185.341499     2.0647 1.0000e-12     0.0692    98.2843 3.7851e-02 1.5182e+03  0.3710249     84.731    12.5726    318.473 -9.990e-29
     83.093     4.0977 185.305669     2.0647 1.0000e-12     0.0692    98.2843 3.9072e-02 1.5182e+03  0.3710249     84.731    12.5712    318.409 -9.990e-29
     83.092     4.0975 185.305670     2.0647 1.0000e-12     0.0682    98.3104 3.9072e-02 1.5182e+03  0.3710249     84.730    12.5715    318.411 -9.990e-29
     83.092     4.0977 185.293726     2.0647 1.0000e-12     0.0692    98.2843 3.9072e-02 1.5182e+03  0.3710249     84.730    12.5716    318.389 -9.990e-29
     83.092     4.0975 185.293726     2.0647 1.0000e-12     0.0703    98.2581 3.7851e-02 1.5182e+03  0.3710249     84.730    12.5719    318.391 -9.990e-29
     83.094     4.0973 185.293727     2.0647 1.0000e-12     0.0682    98.3104 3.7851e-02 1.5182e+03  0.3710249     84.732    12.5721    318.393 -9.990e-29
     83.095     4.0975 185.293726     2.0659 1.0000e-12     0.0682    98.3104 3.6630e-02 1.5182e+03  0.3710249     84.733    12.5802    318.391 -9.990e-29
     83.096     4.0977 185.293727     2.0659 1.0000e-12     0.0692    98.2843 3.5409e-02 1.5182e+03  0.3710249     84.734    12.5802    318.389 -9.990e-29
     83.096     4.0973 185.353442     2.0647 1.0000e-12     0.0692    98.2843 3.6630e-02 1.5182e+03  0.3710249     84.734    12.5710    318.495 -9.990e-29
     83.094     4.0977 185.329555     2.0647 1.0000e-12     0.0682    98.3104 3.7851e-02 1.5182e+03  0.3710249     84.732    12.5695    318.450 -9.990e-29
     83.093     4.0973 185.365385     2.0647 1.0000e-12     0.0692    98.2843 3.7851e-02 1.5182e+03  0.3710249     84.731    12.5699    318.516 -9.990e-29
     83.092     4.0975 185.245955     2.0647 1.0000e-12     0.0692    98.2843 3.9072e-02 1.5182e+03  0.3710249     84.730    12.5685    318.309 -9.990e-29
     83.090     4.0977 185.305670     2.0647 1.0000e-12     0.0692    98.2843 3.9072e-02 1.5182e+03  0.3710249     84.728    12.5672    318.409 -9.990e-29
     83.088     4.0977 185.317612     2.0647 1.0000e-12     0.0682    98.3104 3.9072e-02 1.5182e+03  0.3710249     84.726    12.5661    318.430 -9.990e-29
     83.087     4.0977 185.293726     2.0647 1.0000e-12     0.0692    98.2843 3.7851e-02 1.5182e+03  0.3710249     84.725    12.5664    318.389 -9.990e-29
     83.086     4.0977 185.317613     2.0647 1.0000e-12     0.0692    98.2843 3.6630e-02 1.5182e+03  0.3710249     84.724    12.5668    318.430 -9.990e-29
     83.084     4.0977 185.341498     2.0647 1.0000e-12     0.0692    98.2843 3.6630e-02 1.5182e+03  0.3710249     84.722    12.5672    318.471 -9.990e-29
     83.081     4.0975 185.281784     2.0647 1.0000e-12     0.0682    98.3104 3.6630e-02 1.5182e+03  0.3710249     84.719    12.5676    318.370 -9.990e-29
     83.079     4.0978 185.293725     2.0647 1.0000e-12     0.0682    98.3104 3.6630e-02 1.5182e+03  0.3710249     84.717    12.5664    318.387 -9.990e-29
     83.077     4.0977 185.269841     2.0647 1.0000e-12     0.0682    98.3104 3.7851e-02 1.5182e+03  0.3710249     84.715    12.5654    318.347 -9.990e-29
     83.074     4.0975 185.245955     2.0635 1.0000e-12     0.0682    98.3104 3.7851e-02 1.5182e+03  0.3710249     84.712    12.5550    318.309 -9.990e-29
     83.071     4.0977 185.281783     2.0635 1.0000e-12     0.0682    98.3104 3.7851e-02 1.5202e+03  0.3710249     84.709    12.5540    318.368 -9.990e-29
     83.068     4.0975 185.305669     2.0635 1.0000e-12     0.0692    98.2843 3.6630e-02 1.5202e+03  0.3710249     84.706    12.5533    318.411 -9.990e-29
     83.066     4.0977 185.341498     2.0647 1.0000e-12     0.0692    98.2843 3.6630e-02 1.5202e+03  0.3710249     84.704    12.5619    318.471 -9.990e-29
     83.063     4.0972 185.353441     2.0647 1.0000e-12     0.0692    98.2843 3.6630e-02 1.5202e+03  0.3710249     84.701    12.5613    318.497 -9.990e-29
     83.060     4.0977 185.329555     2.0635 1.0000e-12     0.0682    98.3104 3.5409e-02 1.5202e+03  0.3710249     84.698    12.5510    318.450 -9.990e-29
     83.057     4.0975 185.317612     2.0647 1.0000e-12     0.0692    98.2843 3.5409e-02 1.5202e+03  0.3710249     84.695    12.5599    318.432 -9.990e-29
     83.053     4.0977 185.293725     2.0647 1.0000e-12     0.0671    98.3366 3.5409e-02 1.5202e+03  0.3710249     84.690    12.5593    318.389 -9.990e-29
     83.051     4.0977 185.293726     2.0647 1.0000e-12     0.0682    98.3104 3.5409e-02 1.5202e+03  0.3710249     84.688    12.5603    318.389 -9.990e-29
     83.048     4.0973 185.293726     2.0647 1.0000e-12     0.0682    98.3104 3.5409e-02 1.5202e+03  0.3710249     84.685    12.5599    318.393 -9.990e-29
     83.045     4.0973 185.329554     2.0647 1.0000e-12     0.0682    98.3104 3.5409e-02 1.5202e+03  0.3710249     84.682    12.5609    318.454 -9.990e-29
     83.043     4.0977 185.317612     2.0647 1.0000e-12     0.0682    98.3104 3.5409e-02 1.5202e+03  0.3710249     84.680    12.5633    318.430 -9.990e-29
     83.039     4.0973 185.305669     2.0647 1.0000e-12     0.0682    98.3104 3.6630e-02 1.5202e+03  0.3710249     84.676    12.5661    318.413 -9.990e-29
     83.035     4.0973 185.293725     2.0635 1.0000e-12     0.0682    98.3104 3.5409e-02 1.5202e+03  0.3710249     84.672    12.5563    318.393 -9.990e-29
     83.030     4.0973 185.222069     2.0647 1.0000e-12     0.0671    98.3366 3.6630e-02 1.5202e+03  0.3722722     84.667    12.5670    318.270 -9.990e-29
     83.025     4.0973 185.222067     2.0635 1.0000e-12     0.0682    98.3104 3.6630e-02 1.5202e+03  0.3785086     84.662    12.5573    318.270 -9.990e-29
     83.021     4.0972 185.281783     2.0635 1.0000e-12     0.0671    98.3366 3.6630e-02 1.5202e+03  0.3868239     84.658    12.5571    318.373 -9.990e-29
     83.018     4.0975 185.293725     2.0635 1.0000e-12     0.0692    98.2843 3.5409e-02 1.5202e+03  0.3905657     84.655    12.5569    318.391 -9.990e-29
     83.015     4.0975 185.305667     2.0647 1.0000e-12     0.0682    98.3104 3.5409e-02 1.5202e+03  0.3909815     84.652    12.5663    318.411 -9.990e-29
     83.014     4.0972 185.341498     2.0647 1.0000e-12     0.0682    98.3104 3.5409e-02 1.5202e+03  0.3905657     84.651    12.5664    318.476 -9.990e-29
     83.012     4.0975 185.305668     2.0647 1.0000e-12     0.0682    98.3104 3.5409e-02 1.5202e+03  0.3901500     84.649    12.5663    318.411 -9.990e-29
     83.009     4.0975 185.293725     2.0647 1.0000e-12     0.0682    98.3104 3.6630e-02 1.5202e+03  0.3905657     84.646    12.5664    318.391 -9.990e-29
     83.006     4.0972 185.269840     2.0635 1.0000e-12     0.0671    98.3366 3.7851e-02 1.5202e+03  0.3905657     84.643    12.5573    318.353 -9.990e-29
     83.003     4.0975 185.281782     2.0635 1.0000e-12     0.0682    98.3104 3.7851e-02 1.5202e+03  0.3905657     84.639    12.5574    318.370 -9.990e-29
     82.999     4.0973 185.293725     2.0635 1.0000e-12     0.0692    98.2843 3.6630e-02 1.5202e+03  0.3905657     84.635    12.5578    318.393 -9.990e-29
     82.995     4.0973 185.305667     2.0635 1.0000e-12     0.0682    98.3104 3.5409e-02 1.5182e+03  0.3905657     84.631    12.5566    318.413 -9.990e-29
     82.992     4.0975 185.257897     2.0635 1.0000e-12     0.0671    98.3366 3.5409e-02 1.5182e+03  0.3905657     84.628    12.5568    318.329 -9.990e-29
     82.990     4.0975 185.281781     2.0635 1.0000e-12     0.0671    98.3366 3.5409e-02 1.5182e+03  0.3905657     84.626    12.5556    318.370 -9.990e-29
     82.989     4.0975 185.293725     2.0635 1.0000e-12     0.0671    98.3366 3.5409e-02 1.5182e+03  0.3905657     84.625    12.5559    318.391 -9.990e-29
     82.987     4.0973 185.305668     2.0635 1.0000e-12     0.0671    98.3366 3.5409e-02 1.5182e+03  0.3901500     84.623    12.5563    318.413 -9.990e-29
     82.984     4.0973 185.269838     2.0635 1.0000e-12     0.0671    98.3366 3.5409e-02 1.5182e+03  0.3901500     84.620    12.5553    318.352 -9.990e-29
     82.983     4.0977 185.305668     2.0635 1.0000e-12     0.0682    98.3104 3.5409e-02 1.5182e+03  0.3901500     84.619    12.5555    318.409 -9.990e-29
     82.981     4.0973 185.317610     2.0647 1.0000e-12     0.0682    98.3104 3.5409e-02 1.5182e+03  0.3901500     84.617    12.5642    318.434 -9.990e-29
     82.979     4.0973 185.269840     2.0635 1.0000e-12     0.0682    98.3104 3.6630e-02 1.5182e+03  0.3901500     84.615    12.5539    318.352 -9.990e-29
     82.977     4.0973 185.257896     2.0647 1.0000e-12     0.0682    98.3104 3.5409e-02 1.5182e+03  0.3901500     84.613    12.5640    318.331 -9.990e-29
     82.975     4.0975 185.234010     2.0647 1.0000e-12     0.0682    98.3104 3.5409e-02 1.5182e+03  0.3901500     84.611    12.5648    318.288 -9.990e-29
     82.974     4.0973 185.234011     2.0647 1.0000e-12     0.0682    98.3104 3.5409e-02 1.5182e+03  0.3901500     84.610    12.5657    318.290 -9.990e-29
     82.973     4.0973 185.329553     2.0635 1.0000e-12     0.0682    98.3104 3.5409e-02 1.5182e+03  0.3901500     84.609    12.5557    318.454 -9.990e-29
