data/05_metadata_exports/SeabirdData/202305_SeabirdData/83268_stn48.cnv
* Sea-Bird SBE 9 Data File:
* FileName = C:\Users\rosette\Rosette Data\2023\Ontario CSMI\stn48.hex
* Software Version Seasave V 7.26.6.26
* Temperature SN = 5270
* Conductivity SN = 1168
* Number of Bytes Per Scan = 40
* Number of Voltage Words = 5
* Number of Scans Averaged by the Deck Unit = 1
* NMEA Latitude = 43 52.78 N
* NMEA Longitude = 077 26.39 W
* NMEA UTC (Time) = Sep 30 2003  21:56:42
* NMEA baud rate = 4800
** Ship: Lake Guardian
** Ontario CSMI LWFS
** Station:  stn48
# nquan = 14                                
# nvalues = 16381                       
# units = specified
# name 0 = prDM: Pressure, Digiquartz [db]
# name 1 = t090C: Temperature [ITS-90, deg C]
# name 2 = c0uS/cm: Conductivity [uS/cm]
# name 3 = sbeox0V: Oxygen raw, SBE 43 [V]
# name 4 = par: PAR/Irradiance, Biospherical/Licor
# name 5 = bat: Beam Attenuation, Chelsea/Seatech [1/m]
# name 6 = xmiss: Beam Transmission, Chelsea/Seatech [%]
# name 7 = flSP: Fluorescence, Seapoint
# name 8 = spar: SPAR, Biospherical/Licor
# name 9 = upoly0: Upoly 0, Suna Nitrate
# name 10 = depFM: Depth [fresh water, m], lat = 43.8797
# name 11 = sbeox0Mg/L: Oxygen, SBE 43 [mg/l], WS = 2
# name 12 = specc: Specific Conductance [uS/cm]
# name 13 = flag: flag
# span 0 =     -0.355,     36.007       
# span 1 =     4.7780,    10.1180       
# span 2 =  17.031604, 282.167104       
# span 3 =     1.7582,     2.2222       
# span 4 = 3.1562e+00, 4.4081e+02       
# span 5 =     0.0206,     7.8913       
# span 6 =    13.9062,    99.4867       
# span 7 = 2.8083e-02, 4.8681e+00       
# span 8 = 2.7568e+02, 9.9834e+02       
# span 9 =  0.0741704,  0.4126012       
# span 10 =     -0.362,     36.717      
# span 11 =     9.2349,    13.1426      
# span 12 =     24.462,    402.446      
# span 13 = 0.0000e+00, 0.0000e+00      
# interval = seconds: 0.0416667
# start_time = Sep 30 2003 21:56:42 [NMEA time, header]
# bad_flag = -9.990e-29
*END*
[from data line 723]
     -0.265     9.9723  29.122371     2.1343 3.5299e+02     0.0767    98.1013 3.4188e-02 2.8749e+02  0.0957901     -0.270    11.0633     41.633 -9.990e-29
     -0.262     9.9737  29.028577     2.1343 3.5200e+02     0.0756    98.1275 3.5409e-02 2.8749e+02  0.0957901     -0.267    11.0642     41.498 -9.990e-29
     -0.261     9.9745  28.958231     2.1343 3.5200e+02     0.0756    98.1275 3.4188e-02 2.8749e+02  0.0957901     -0.266    11.0643     41.396 -9.990e-29
     -0.260     9.9755  28.899611     2.1343 3.5002e+02     0.0767    98.1013 3.4188e-02 2.8749e+02  0.0957901     -0.265    11.0644     41.311 -9.990e-29
     -0.260     9.9771  28.852714     2.1343 3.4904e+02     0.0767    98.1013 3.4188e-02 2.8749e+02  0.0962058     -0.265    11.0634     41.242 -9.990e-29
     -0.259     9.9779  28.782370     2.1355 3.4904e+02     0.0756    98.1275 3.4188e-02 2.8749e+02  0.0962058     -0.264    11.0716     41.141 -9.990e-29
     -0.257     9.9794  28.747199     2.1355 3.4708e+02     0.0767    98.1013 3.2967e-02 2.8749e+02  0.0962058     -0.262    11.0715     41.089 -9.990e-29
     -0.257     9.9806  28.559619     2.1343 3.4611e+02     0.0756    98.1275 3.2967e-02 2.8749e+02  0.0962058     -0.262    11.0626     40.819 -9.990e-29
     -0.258     9.9820  28.594789     2.1355 3.4514e+02     0.0767    98.1013 3.2967e-02 2.8749e+02  0.0962058     -0.263    11.0705     40.868 -9.990e-29
     -0.259     9.9837  28.559618     2.1355 3.4417e+02     0.0756    98.1275 3.2967e-02 2.8749e+02  0.0962058     -0.264    11.0704     40.816 -9.990e-29
     -0.259     9.9850  28.559618     2.1343 3.4224e+02     0.0756    98.1275 3.4188e-02 2.8749e+02  0.0957901     -0.264    11.0615     40.814 -9.990e-29
     -0.259     9.9866  28.489277     2.1343 3.4224e+02     0.0756    98.1275 3.4188e-02 2.8552e+02  0.0957901     -0.264    11.0614     40.712 -9.990e-29
     -0.260     9.9883  28.477553     2.1343 3.4032e+02     0.0756    98.1275 3.5409e-02 2.8749e+02  0.0957901     -0.265    11.0604     40.693 -9.990e-29
     -0.262     9.9898  28.477553     2.1343 3.3936e+02     0.0767    98.1013 3.5409e-02 2.8749e+02  0.0957901     -0.267    11.0603     40.691 -9.990e-29
     -0.265     9.9916  28.477553     2.1343 3.3841e+02     0.0756    98.1275 3.4188e-02 2.8749e+02  0.0957901     -0.270    11.0593     40.689 -9.990e-29
     -0.267     9.9930  28.465829     2.1343 3.3841e+02     0.0767    98.1013 3.4188e-02 2.8552e+02  0.0957901     -0.272    11.0584     40.671 -9.990e-29
     -0.268     9.9944  28.606512     2.1355 3.3651e+02     0.0756    98.1275 3.5409e-02 2.8552e+02  0.0957901     -0.273    11.0664     40.870 -9.990e-29
     -0.269     9.9953  28.629959     2.1355 3.3557e+02     0.0756    98.1275 3.5409e-02 2.8552e+02  0.0962058     -0.274    11.0665     40.903 -9.990e-29
     -0.271     9.9963  28.629959     2.1355 3.3557e+02     0.0767    98.1013 3.4188e-02 2.8749e+02  0.0957901     -0.276    11.0666     40.901 -9.990e-29
     -0.272     9.9971  28.817540     2.1343 3.3368e+02     0.0767    98.1013 3.5409e-02 2.8552e+02  0.0957901     -0.277    11.0588     41.169 -9.990e-29
     -0.273     9.9980  28.583064     2.1343 3.3368e+02     0.0756    98.1275 3.5409e-02 2.8749e+02  0.0962058     -0.278    11.0588     40.832 -9.990e-29
     -0.273     9.9991  28.547893     2.1343 3.3368e+02     0.0756    98.1275 3.4188e-02 2.8552e+02  0.0962058     -0.278    11.0579     40.781 -9.990e-29
     -0.273     9.9999  28.454105     2.1343 3.3181e+02     0.0756    98.1275 3.4188e-02 2.8552e+02  0.0962058     -0.278    11.0570     40.646 -9.990e-29
     -0.272    10.0009  28.243086     2.1355 3.3181e+02     0.0767    98.1013 3.4188e-02 2.8552e+02  0.0962058     -0.277    11.0650     40.343 -9.990e-29
     -0.272    10.0016  28.043794     2.1355 3.3181e+02     0.0767    98.1013 3.4188e-02 2.8749e+02  0.0962058     -0.277    11.0641     40.058 -9.990e-29
     -0.270    10.0009  27.879676     2.1355 3.3088e+02     0.0767    98.1013 3.4188e-02 2.8749e+02  0.0962058     -0.275    11.0645     39.824 -9.990e-29
     -0.269    10.0009  27.844508     2.1343 3.2995e+02     0.0767    98.1013 3.4188e-02 2.8552e+02  0.0957901     -0.274    11.0558     39.774 -9.990e-29
     -0.270    10.0013  27.926566     2.1343 3.2995e+02     0.0767    98.1013 3.4188e-02 2.8552e+02  0.0957901     -0.275    11.0550     39.891 -9.990e-29
     -0.271    10.0017  28.067240     2.1343 3.3088e+02     0.0767    98.1013 3.4188e-02 2.8552e+02  0.0957901     -0.276    11.0541     40.091 -9.990e-29
     -0.273    10.0024  28.020348     2.1355 3.3088e+02     0.0767    98.1013 3.5409e-02 2.8552e+02  0.0957901     -0.278    11.0621     40.024 -9.990e-29
     -0.276    10.0031  27.610059     2.1355 3.3181e+02     0.0745    98.1536 3.4188e-02 2.8552e+02  0.0962058     -0.281    11.0630     39.437 -9.990e-29
     -0.278    10.0040  27.176346     2.1343 3.3557e+02     0.0745    98.1536 3.4188e-02 2.8552e+02  0.0962058     -0.283    11.0559     38.816 -9.990e-29
     -0.279    10.0049  26.812983     2.1343 3.3841e+02     0.0735    98.1797 3.4188e-02 2.8552e+02  0.0962058     -0.285    11.0558     38.296 -9.990e-29
     -0.279    10.0059  26.625447     2.1343 3.3841e+02     0.0735    98.1797 3.2967e-02 2.8552e+02  0.0962058     -0.285    11.0557     38.027 -9.990e-29
     -0.277    10.0071  26.707493     2.1343 3.4320e+02     0.0745    98.1536 3.2967e-02 2.8552e+02  0.0962058     -0.282    11.0556     38.143 -9.990e-29
     -0.273    10.0083  27.070852     2.1355 3.4806e+02     0.0745    98.1536 3.4188e-02 2.8749e+02  0.0962058     -0.278    11.0634     38.661 -9.990e-29
     -0.267    10.0093  27.363894     2.1343 3.4806e+02     0.0745    98.1536 3.4188e-02 2.8749e+02  0.0962058     -0.272    11.0543     39.078 -9.990e-29
     -0.259    10.0106  27.445948     2.1343 3.4320e+02     0.0745    98.1536 3.2967e-02 2.8552e+02  0.0957901     -0.264    11.0541     39.194 -9.990e-29
     -0.252    10.0116  27.422504     2.1343 3.3651e+02     0.0745    98.1536 3.2967e-02 2.8552e+02  0.0957901     -0.257    11.0531     39.159 -9.990e-29
     -0.243    10.0128  27.445948     2.1343 3.3462e+02     0.0745    98.1536 3.2967e-02 2.8552e+02  0.0957901     -0.248    11.0519     39.191 -9.990e-29
     -0.236    10.0137  27.129459     2.1343 3.3275e+02     0.0745    98.1536 3.2967e-02 2.8749e+02  0.0957901     -0.241    11.0509     38.739 -9.990e-29
     -0.234    10.0149  26.883309     2.1355 3.2810e+02     0.0745    98.1536 3.1746e-02 2.8749e+02  0.0957901     -0.239    11.0587     38.386 -9.990e-29
     -0.236    10.0164  26.695772     2.1355 3.2718e+02     0.0745    98.1536 3.2967e-02 2.8749e+02  0.0962058     -0.241    11.0594     38.116 -9.990e-29
     -0.241    10.0177  26.578563     2.1355 3.2718e+02     0.0745    98.1536 3.2967e-02 2.8749e+02  0.0962058     -0.246    11.0592     37.948 -9.990e-29
     -0.249    10.0195  26.859867     2.1355 3.2718e+02     0.0745    98.1536 3.2967e-02 2.8749e+02  0.0957901     -0.254    11.0580     38.347 -9.990e-29
     -0.258    10.0216  27.106015     2.1343 3.2718e+02     0.0745    98.1536 3.2967e-02 2.8749e+02  0.0962058     -0.263    11.0487     38.696 -9.990e-29
     -0.263    10.0232  27.586612     2.1343 3.2626e+02     0.0735    98.1797 3.2967e-02 2.8749e+02  0.0962058     -0.268    11.0475     39.381 -9.990e-29
     -0.263    10.0248  27.950009     2.1355 3.2261e+02     0.0745    98.1536 3.2967e-02 2.8749e+02  0.0962058     -0.268    11.0542     39.898 -9.990e-29
     -0.261    10.0267  27.739003     2.1343 3.2080e+02     0.0745    98.1536 3.4188e-02 2.8749e+02  0.0962058     -0.266    11.0460     39.594 -9.990e-29
     -0.257    10.0284  27.469391     2.1355 3.2080e+02     0.0756    98.1275 3.4188e-02 2.8749e+02  0.0962058     -0.262    11.0547     39.207 -9.990e-29
     -0.254    10.0299  27.270118     2.1343 3.1900e+02     0.0745    98.1536 3.4188e-02 2.8749e+02  0.0962058     -0.259    11.0465     38.921 -9.990e-29
     -0.252    10.0317  26.754375     2.1343 3.1811e+02     0.0735    98.1797 3.4188e-02 2.8749e+02  0.0957901     -0.257    11.0454     38.183 -9.990e-29
     -0.254    10.0330  26.367589     2.1343 3.1811e+02     0.0724    98.2059 3.4188e-02 2.8749e+02  0.0957901     -0.259    11.0444     37.630 -9.990e-29
     -0.259    10.0347  26.895029     2.1355 3.1811e+02     0.0735    98.1797 3.5409e-02 2.8749e+02  0.0957901     -0.264    11.0512     38.381 -9.990e-29
     -0.267    10.0368  26.883307     2.1355 3.1811e+02     0.0735    98.1797 3.4188e-02 2.8749e+02  0.0957901     -0.272    11.0518     38.362 -9.990e-29
     -0.277    10.0386  26.953635     2.1355 3.1811e+02     0.0735    98.1797 3.5409e-02 2.8749e+02  0.0962058     -0.282    11.0525     38.460 -9.990e-29
     -0.285    10.0397  27.340448     2.1355 3.1990e+02     0.0735    98.1797 3.5409e-02 2.8749e+02  0.0962058     -0.291    11.0516     39.011 -9.990e-29
     -0.290    10.0421  29.122365     2.1343 3.2170e+02     0.0735    98.1797 3.5409e-02 2.8749e+02  0.0957901     -0.296    11.0422     41.551 -9.990e-29
     -0.291    10.0434  27.739001     2.1343 3.2261e+02     0.0724    98.2059 3.5409e-02 2.8749e+02  0.0962058     -0.297    11.0412     39.575 -9.990e-29
     -0.290    10.0452  27.574888     2.1355 3.2261e+02     0.0735    98.1797 3.5409e-02 2.8749e+02  0.0957901     -0.296    11.0471     39.339 -9.990e-29
     -0.286    10.0462  28.817536     2.1343 3.2261e+02     0.0735    98.1797 3.4188e-02 2.8749e+02  0.0962058     -0.292    11.0392     41.111 -9.990e-29
     -0.281    10.0472  28.032067     2.1355 3.2261e+02     0.0735    98.1797 3.4188e-02 2.8749e+02  0.0962058     -0.287    11.0463     39.989 -9.990e-29
     -0.278    10.0478  26.801258     2.1343 3.2352e+02     0.0735    98.1797 3.4188e-02 2.8749e+02  0.0962058     -0.283    11.0377     38.233 -9.990e-29
     -0.277    10.0480  27.234951     2.1343 3.2443e+02     0.0735    98.1797 3.5409e-02 2.8749e+02  0.0957901     -0.282    11.0370     38.851 -9.990e-29
     -0.276    10.0488  26.672327     2.1343 3.2443e+02     0.0735    98.1797 3.4188e-02 2.8749e+02  0.0957901     -0.281    11.0363     38.048 -9.990e-29
     -0.276    10.0493  25.980820     2.1343 3.2443e+02     0.0735    98.1797 3.4188e-02 2.8749e+02  0.0957901     -0.281    11.0356     37.061 -9.990e-29
     -0.277    10.0504  26.555118     2.1355 3.2626e+02     0.0735    98.1797 3.4188e-02 2.8749e+02  0.0957901     -0.282    11.0436     37.879 -9.990e-29
     -0.280    10.0509  27.023962     2.1343 3.2626e+02     0.0735    98.1797 3.4188e-02 2.8749e+02  0.0957901     -0.286    11.0359     38.547 -9.990e-29
     -0.281    10.0523  26.297265     2.1343 3.2626e+02     0.0735    98.1797 3.4188e-02 2.8749e+02  0.0957901     -0.287    11.0369     37.509 -9.990e-29
     -0.279    10.0535  25.664386     2.1343 3.2810e+02     0.0735    98.1797 3.4188e-02 2.8749e+02  0.0962058     -0.285    11.0370     36.605 -9.990e-29
     -0.276    10.0542  26.449631     2.1343 3.2810e+02     0.0735    98.1797 3.4188e-02 2.8749e+02  0.0957901     -0.281    11.0364     37.724 -9.990e-29
     -0.274    10.0549  26.519955     2.1343 3.2902e+02     0.0735    98.1797 3.5409e-02 2.8749e+02  0.0957901     -0.279    11.0357     37.824 -9.990e-29
     -0.273    10.0552  25.898780     2.1343 3.2995e+02     0.0745    98.1536 3.5409e-02 2.8749e+02  0.0962058     -0.278    11.0361     36.937 -9.990e-29
     -0.275    10.0555  26.496514     2.1355 3.2995e+02     0.0745    98.1536 3.5409e-02 2.8749e+02  0.0962058     -0.280    11.0436     37.790 -9.990e-29
     -0.279    10.0549 135.168907     2.1343 3.2995e+02     0.0745    98.1536 3.6630e-02 2.8946e+02  0.0962058     -0.285    11.0314    192.783 -9.990e-29
     -0.283    10.0541 282.167104     2.1343 3.2995e+02     0.0735    98.1797 3.5409e-02 2.8946e+02  0.0966216     -0.289    11.0242    402.446 -9.990e-29
     -0.285    10.0524  97.803786     2.1343 3.3088e+02     0.0745    98.1536 3.5409e-02 2.8946e+02  0.0962058     -0.291    11.0330    139.501 -9.990e-29
     -0.286    10.0503  26.144901     2.1343 3.2995e+02     0.0745    98.1536 3.4188e-02 2.8946e+02  0.0957901     -0.292    11.0365     37.294 -9.990e-29
     -0.286    10.0484  25.816742     2.1355 3.2995e+02     0.0735    98.1797 3.4188e-02 2.8946e+02  0.0962058     -0.292    11.0456     36.828 -9.990e-29
     -0.284    10.0470  25.769863     2.1355 3.3088e+02     0.0735    98.1797 3.4188e-02 2.8946e+02  0.0957901     -0.290    11.0466     36.762 -9.990e-29
     -0.281    10.0460  25.910501     2.1343 3.3088e+02     0.0745    98.1536 3.4188e-02 2.8946e+02  0.0957901     -0.287    11.0404     36.964 -9.990e-29
     -0.277    10.0455  25.816742     2.1343 3.3088e+02     0.0745    98.1536 3.2967e-02 2.8946e+02  0.0957901     -0.282    11.0412     36.831 -9.990e-29
     -0.271    10.0452  25.594070     2.1343 3.3088e+02     0.0745    98.1536 3.2967e-02 2.8946e+02  0.0962058     -0.276    11.0411     36.513 -9.990e-29
     -0.265    10.0453  25.570632     2.1331 3.3088e+02     0.0735    98.1797 3.4188e-02 2.8946e+02  0.0957901     -0.270    11.0328     36.480 -9.990e-29
     -0.261    10.0455  25.476877     2.1343 3.3088e+02     0.0745    98.1536 3.2967e-02 2.8946e+02  0.0962058     -0.266    11.0414     36.346 -9.990e-29
     -0.260    10.0458  25.219057     2.1343 3.3088e+02     0.0745    98.1536 3.4188e-02 2.8946e+02  0.0962058     -0.265    11.0420     35.978 -9.990e-29
     -0.260    10.0467  25.219057     2.1343 3.3181e+02     0.0745    98.1536 3.4188e-02 2.8946e+02  0.0962058     -0.265    11.0425     35.977 -9.990e-29
     -0.262    10.0472  25.301090     2.1343 3.3088e+02     0.0745    98.1536 3.4188e-02 2.8946e+02  0.0962058     -0.267    11.0430     36.093 -9.990e-29
     -0.262    10.0478  25.336247     2.1343 3.3088e+02     0.0745    98.1536 3.2967e-02 2.8946e+02  0.0962058     -0.267    11.0426     36.143 -9.990e-29
     -0.262    10.0474  25.488596     2.1343 3.3088e+02     0.0745    98.1536 3.2967e-02 2.8946e+02  0.0957901     -0.267    11.0424     36.361 -9.990e-29
     -0.262    10.0470  25.629229     2.1343 3.3181e+02     0.0745    98.1536 3.4188e-02 2.8946e+02  0.0957901     -0.267    11.0423     36.562 -9.990e-29
     -0.262    10.0460  25.617509     2.1343 3.3088e+02     0.0745    98.1536 3.2967e-02 2.8946e+02  0.0957901     -0.267    11.0432     36.546 -9.990e-29
     -0.262    10.0449  25.418281     2.1355 3.3088e+02     0.0745    98.1536 3.4188e-02 2.8946e+02  0.0957901     -0.267    11.0522     36.263 -9.990e-29
     -0.261    10.0444  25.301090     2.1343 3.3181e+02     0.0745    98.1536 3.4188e-02 2.8946e+02  0.0957901     -0.266    11.0441     36.096 -9.990e-29
     -0.261    10.0447  25.125307     2.1343 3.3181e+02     0.0745    98.1536 3.5409e-02 2.8946e+02  0.0962058     -0.266    11.0438     35.845 -9.990e-29
     -0.261    10.0450  24.902653     2.1343 3.3088e+02     0.0745    98.1536 3.5409e-02 2.8946e+02  0.0962058     -0.266    11.0434     35.527 -9.990e-29
     -0.263    10.0457  24.879217     2.1343 3.3088e+02     0.0745    98.1536 3.5409e-02 2.8946e+02  0.0962058     -0.268    11.0430     35.493 -9.990e-29
     -0.265    10.0467  24.890935     2.1343 3.3181e+02     0.0745    98.1536 3.4188e-02 2.8946e+02  0.0962058     -0.270    11.0424     35.509 -9.990e-29
     -0.266    10.0473  24.996401     2.1343 3.3181e+02     0.0735    98.1797 3.5409e-02 2.8946e+02  0.0962058     -0.271    11.0429     35.658 -9.990e-29
     -0.266    10.0484  25.019838     2.1343 3.3088e+02     0.0745    98.1536 3.5409e-02 2.8946e+02  0.0962058     -0.271    11.0424     35.691 -9.990e-29
     -0.265    10.0496  25.125307     2.1343 3.3181e+02     0.0735    98.1797 3.4188e-02 2.8946e+02  0.0962058     -0.270    11.0418     35.840 -9.990e-29
     -0.266    10.0504  25.066713     2.1343 3.3181e+02     0.0745    98.1536 3.4188e-02 2.8946e+02  0.0962058     -0.271    11.0414     35.756 -9.990e-29
