data/05_metadata_exports/SeabirdData/202305_SeabirdData/83261_stn63-day.cnv
* Sea-Bird SBE 9 Data File:
* FileName = C:\Users\rosette\Rosette Data\2023\Ontario CSMI\stn63-day.hex
* Software Version Seasave V 7.26.6.26
* Temperature SN = 5270
* Conductivity SN = 1168
* Number of Bytes Per Scan = 40
* Number of Voltage Words = 5
* Number of Scans Averaged by the Deck Unit = 1
* NMEA Latitude = 43 43.92 N
* NMEA Longitude = 077 01.00 W
* NMEA UTC (Time) = Sep 30 2003  19:06:31
* NMEA baud rate = 4800
** Ship: Lake Guardian
** Cruise: Summer Survey 2022 Ontario CSMI LFWS
** Station:  stn63-day
# nquan = 14                                
# nvalues = 15277                       
# units = specified
# name 0 = prDM: Pressure, Digiquartz [db]
# name 1 = t090C: Temperature [ITS-90, deg C]
# name 2 = c0uS/cm: Conductivity [uS/cm]
# name 3 = sbeox0V: Oxygen raw, SBE 43 [V]
# name 4 = par: PAR/Irradiance, Biospherical/Licor
# name 5 = bat: Beam Attenuation, Chelsea/Seatech [1/m]
# name 6 = xmiss: Beam Transmission, Chelsea/Seatech [%]
# name 7 = flSP: Fluorescence, Seapoint
# name 8 = spar: SPAR, Biospherical/Licor
# name 9 = upoly0: Upoly 0, Suna Nitrate
# name 10 = depFM: Depth [fresh water, m], lat = 43.732
# name 11 = sbeox0Mg/L: Oxygen, SBE 43 [mg/l], WS = 2
# name 12 = specc: Specific Conductance [uS/cm]
# name 13 = flag: flag
# span 0 =     -0.406,     83.281       
# span 1 =     4.0968,    11.2822       
# span 2 =  22.793530, 324.193119       
# span 3 =     1.8645,     2.3602       
# span 4 = 1.0000e-12, 2.7338e+03       
# span 5 =     0.0660,     4.4171       
# span 6 =    33.1448,    98.3627       
# span 7 = 0.0000e+00, 1.2161e+00       
# span 8 = 1.4670e+03, 1.5359e+03       
# span 9 =  0.0741704,  0.3922288       
# span 10 =     -0.414,     84.923      
# span 11 =     9.7058,    13.6291      
# span 12 =     31.653,    447.970      
# span 13 = 0.0000e+00, 0.0000e+00      
# interval = seconds: 0.0416667
# start_time = Sep 30 2003 19:06:31 [NMEA time, header]
# bad_flag = -9.990e-29
*END*
[from data line 1962]
      2.700     8.2629 210.573433     1.9048 4.0174e+02     0.5658    86.8091 2.1734e-01 1.4926e+03  0.3444161      2.753     9.8988    316.510 -9.990e-29
      2.696     8.2820 210.501553     1.9048 4.0287e+02     0.5779    86.5477 2.1978e-01 1.4926e+03  0.3535629      2.749     9.8989    316.220 -9.990e-29
      2.693     8.3060 210.501537     1.9048 4.0514e+02     0.5815    86.4693 2.2100e-01 1.4926e+03  0.3585520      2.746     9.8968    315.993 -9.990e-29
      2.690     8.3395 210.477560     1.9060 4.0743e+02     0.5803    86.4954 2.2222e-01 1.4926e+03  0.3593835      2.743     9.8987    315.639 -9.990e-29
      2.687     8.3843 210.477529     1.9048 4.0743e+02     0.5791    86.5215 2.1978e-01 1.4926e+03  0.3589678      2.740     9.8825    315.215 -9.990e-29
      2.683     8.4311 210.477498     1.9035 4.0973e+02     0.5779    86.5477 2.1612e-01 1.4926e+03  0.3585520      2.736     9.8643    314.774 -9.990e-29
      2.678     8.4750 210.429557     1.9048 4.1204e+02     0.5803    86.4954 2.1245e-01 1.4906e+03  0.3585520      2.731     9.8651    314.289 -9.990e-29
      2.674     8.5132 210.405576     1.9060 4.1320e+02     0.5755    86.6000 2.1368e-01 1.4906e+03  0.3589678      2.727     9.8667    313.895 -9.990e-29
      2.670     8.5464 210.441485     1.9060 4.1436e+02     0.5550    87.0443 2.1490e-01 1.4906e+03  0.3585520      2.723     9.8628    313.638 -9.990e-29
      2.667     8.5753 210.345648     1.9048 4.1787e+02     0.5466    87.2273 2.1368e-01 1.4906e+03  0.3585520      2.720     9.8510    313.225 -9.990e-29
      2.664     8.6012 210.345629     1.9060 4.1905e+02     0.5466    87.2273 2.1856e-01 1.4906e+03  0.3585520      2.717     9.8544    312.984 -9.990e-29
      2.660     8.6234 210.357592     1.9048 4.1905e+02     0.5466    87.2273 2.2589e-01 1.4906e+03  0.3585520      2.712     9.8435    312.795 -9.990e-29
      2.656     8.6419 210.429443     1.9048 4.1905e+02     0.5478    87.2012 2.2955e-01 1.4906e+03  0.3585520      2.708     9.8420    312.730 -9.990e-29
      2.651     8.6577 210.381523     1.9035 4.1905e+02     0.5478    87.2012 2.2833e-01 1.4906e+03  0.3585520      2.703     9.8314    312.512 -9.990e-29
      2.647     8.6709 210.345581     1.9035 4.2023e+02     0.5478    87.2012 2.2589e-01 1.4906e+03  0.3585520      2.699     9.8305    312.336 -9.990e-29
      2.644     8.6823 210.369529     1.9060 4.2023e+02     0.5478    87.2012 2.2589e-01 1.4906e+03  0.3585520      2.696     9.8463    312.266 -9.990e-29
      2.641     8.6917 210.333590     1.9023 4.2023e+02     0.5478    87.2012 2.2955e-01 1.4906e+03  0.3581363      2.693     9.8202    312.125 -9.990e-29
      2.638     8.6994 210.345562     1.9035 4.2141e+02     0.5478    87.2012 2.3321e-01 1.4906e+03  0.3581363      2.690     9.8294    312.072 -9.990e-29
      2.635     8.7053 210.369512     1.9048 4.1905e+02     0.5442    87.2796 2.3687e-01 1.4906e+03  0.3585520      2.687     9.8389    312.053 -9.990e-29
      2.633     8.7107 210.381486     1.9060 4.1905e+02     0.5394    87.3841 2.3932e-01 1.4906e+03  0.3585520      2.685     9.8468    312.020 -9.990e-29
      2.630     8.7164 210.381481     1.9023 4.1905e+02     0.5406    87.3580 2.4054e-01 1.4906e+03  0.3581363      2.682     9.8210    311.968 -9.990e-29
      2.627     8.7217 210.321593     1.9023 4.2260e+02     0.5382    87.4103 2.4298e-01 1.4906e+03  0.3585520      2.679     9.8220    311.830 -9.990e-29
      2.624     8.7263 210.357520     1.9048 4.2379e+02     0.5406    87.3580 2.4054e-01 1.4906e+03  0.3585520      2.676     9.8393    311.840 -9.990e-29
      2.620     8.7296 210.405427     1.9048 4.2379e+02     0.5406    87.3580 2.3321e-01 1.4906e+03  0.3585520      2.672     9.8387    311.881 -9.990e-29
      2.617     8.7255 210.441362     1.9048 4.2738e+02     0.5394    87.3841 2.2466e-01 1.4906e+03  0.3585520      2.669     9.8413    311.972 -9.990e-29
      2.614     8.6888 210.345569     1.9060 4.2979e+02     0.5394    87.3841 2.1978e-01 1.4906e+03  0.3585520      2.666     9.8605    312.170 -9.990e-29
      2.612     8.6280 210.357587     1.9048 4.3100e+02     0.5394    87.3841 2.2100e-01 1.4906e+03  0.3585520      2.663     9.8694    312.752 -9.990e-29
      2.610     8.5576 210.393567     1.9035 4.2979e+02     0.5394    87.3841 2.2344e-01 1.4906e+03  0.3585520      2.661     9.8791    313.462 -9.990e-29
      2.609     8.4976 210.369654     1.9048 4.2858e+02     0.5406    87.3580 2.2466e-01 1.4906e+03  0.3585520      2.660     9.9052    313.988 -9.990e-29
      2.607     8.4606 210.369679     1.9048 4.2858e+02     0.5394    87.3841 2.2833e-01 1.4906e+03  0.3585520      2.658     9.9131    314.335 -9.990e-29
      2.605     8.4347 210.357720     1.9048 4.2498e+02     0.5406    87.3580 2.2833e-01 1.4906e+03  0.3585520      2.656     9.9172    314.561 -9.990e-29
      2.603     8.4165 210.393664     1.9035 4.1905e+02     0.5406    87.3580 2.2711e-01 1.4906e+03  0.3585520      2.654     9.9135    314.786 -9.990e-29
      2.601     8.4022 210.381695     1.9048 4.1787e+02     0.5394    87.3841 2.2955e-01 1.4906e+03  0.3585520      2.652     9.9257    314.903 -9.990e-29
      2.601     8.3923 210.333794     1.9048 4.1670e+02     0.5418    87.3319 2.2344e-01 1.4906e+03  0.3577205      2.652     9.9279    314.925 -9.990e-29
      2.601     8.3928 210.393680     1.9035 4.0973e+02     0.5502    87.1489 2.1612e-01 1.4906e+03  0.3577205      2.652     9.9185    315.010 -9.990e-29
      2.600     8.4017 210.369719     1.9048 4.0628e+02     0.5670    86.7829 2.1490e-01 1.4906e+03  0.3581363      2.651     9.9260    314.890 -9.990e-29
      2.600     8.4126 210.393666     1.9048 4.0628e+02     0.5755    86.6000 2.1978e-01 1.4906e+03  0.3589678      2.651     9.9220    314.823 -9.990e-29
      2.599     8.4261 210.369702     1.9048 4.0287e+02     0.5779    86.5477 2.2711e-01 1.4906e+03  0.3589678      2.650     9.9174    314.660 -9.990e-29
      2.599     8.4459 210.369689     1.9048 4.0061e+02     0.5791    86.5215 2.2711e-01 1.4906e+03  0.3589678      2.650     9.9111    314.473 -9.990e-29
      2.600     8.4678 210.405606     1.9035 4.0061e+02     0.5815    86.4693 2.2344e-01 1.4906e+03  0.3589678      2.651     9.8942    314.321 -9.990e-29
      2.600     8.4729 210.381648     1.9035 3.9949e+02     0.5827    86.4431 2.2589e-01 1.4906e+03  0.3589678      2.651     9.8940    314.238 -9.990e-29
      2.599     8.4588 210.417589     1.9048 3.9949e+02     0.5815    86.4693 2.3077e-01 1.4906e+03  0.3589678      2.650     9.9036    314.424 -9.990e-29
      2.599     8.4382 210.441557     1.9048 3.9949e+02     0.5815    86.4693 2.3443e-01 1.4906e+03  0.3589678      2.650     9.9070    314.653 -9.990e-29
      2.600     8.4214 210.417615     1.9048 3.9836e+02     0.5574    86.9921 2.3810e-01 1.4906e+03  0.3589678      2.651     9.9105    314.776 -9.990e-29
      2.601     8.4124 210.381690     1.9035 3.9725e+02     0.5418    87.3319 2.3687e-01 1.4906e+03  0.3589678      2.652     9.9042    314.807 -9.990e-29
      2.602     8.4110 210.333781     1.9048 3.9725e+02     0.5394    87.3841 2.3321e-01 1.4906e+03  0.3589678      2.653     9.9108    314.748 -9.990e-29
      2.602     8.4056 210.357738     1.9048 3.9836e+02     0.5406    87.3580 2.3077e-01 1.4906e+03  0.3593835      2.653     9.9093    314.835 -9.990e-29
      2.605     8.3950 210.333792     1.9035 3.9949e+02     0.5406    87.3580 2.2833e-01 1.4906e+03  0.3593835      2.656     9.9025    314.899 -9.990e-29
      2.608     8.3845 210.357754     1.9048 3.9949e+02     0.5418    87.3319 2.2711e-01 1.4906e+03  0.3589678      2.659     9.9137    315.034 -9.990e-29
      2.611     8.3856 210.405662     1.9060 4.0174e+02     0.5418    87.3319 2.2466e-01 1.4906e+03  0.3589678      2.662     9.9224    315.095 -9.990e-29
      2.614     8.4004 210.381699     1.9060 4.0287e+02     0.5418    87.3319 2.2344e-01 1.4906e+03  0.3589678      2.666     9.9192    314.920 -9.990e-29
      2.616     8.4264 210.357724     1.9048 4.0287e+02     0.5418    87.3319 2.2222e-01 1.4906e+03  0.3589678      2.668     9.9049    314.639 -9.990e-29
      2.619     8.4613 210.369679     1.9048 4.0401e+02     0.5406    87.3580 2.2466e-01 1.4906e+03  0.3589678      2.671     9.8955    314.329 -9.990e-29
      2.622     8.5012 210.381630     1.9023 4.0514e+02     0.5418    87.3319 2.2711e-01 1.4906e+03  0.3589678      2.674     9.8676    313.972 -9.990e-29
      2.625     8.5423 210.345669     1.9023 4.0628e+02     0.5526    87.0966 2.2466e-01 1.4906e+03  0.3589678      2.677     9.8579    313.534 -9.990e-29
      2.628     8.5817 210.393551     1.9048 4.0743e+02     0.5562    87.0182 2.2466e-01 1.4906e+03  0.3589678      2.680     9.8670    313.237 -9.990e-29
      2.631     8.6177 210.345618     1.9023 4.1088e+02     0.5478    87.2012 2.2344e-01 1.4906e+03  0.3589678      2.683     9.8393    312.830 -9.990e-29
      2.634     8.6486 210.357573     1.9023 4.1204e+02     0.5418    87.3319 2.2222e-01 1.4906e+03  0.3589678      2.686     9.8323    312.561 -9.990e-29
      2.638     8.6752 210.357555     1.9035 4.1204e+02     0.5418    87.3319 2.2466e-01 1.4906e+03  0.3593835      2.690     9.8359    312.314 -9.990e-29
      2.643     8.6970 210.357541     1.9035 4.1204e+02     0.5406    87.3580 2.2955e-01 1.4906e+03  0.3602151      2.695     9.8312    312.112 -9.990e-29
      2.647     8.7159 210.393460     1.9023 4.1204e+02     0.5394    87.3841 2.3321e-01 1.4906e+03  0.3597993      2.699     9.8202    311.990 -9.990e-29
      2.651     8.7314 210.357517     1.9023 4.1204e+02     0.5394    87.3841 2.2955e-01 1.4906e+03  0.3589678      2.703     9.8183    311.793 -9.990e-29
      2.656     8.7439 210.369486     1.9035 4.1436e+02     0.5406    87.3580 2.2344e-01 1.4906e+03  0.3589678      2.708     9.8243    311.695 -9.990e-29
      2.661     8.7545 210.405411     1.9023 4.1436e+02     0.5406    87.3580 2.1856e-01 1.4906e+03  0.3589678      2.713     9.8165    311.651 -9.990e-29
      2.667     8.7609 210.381452     1.9035 4.1436e+02     0.5418    87.3319 2.1856e-01 1.4906e+03  0.3589678      2.720     9.8251    311.556 -9.990e-29
      2.673     8.7447 210.357509     1.9023 4.1436e+02     0.5406    87.3580 2.1856e-01 1.4906e+03  0.3589678      2.726     9.8239    311.670 -9.990e-29
      2.678     8.6983 210.393472     1.9023 4.1320e+02     0.5406    87.3580 2.1490e-01 1.4906e+03  0.3589678      2.731     9.8387    312.153 -9.990e-29
      2.683     8.6429 210.441421     1.9023 4.1320e+02     0.5394    87.3841 2.0757e-01 1.4906e+03  0.3593835      2.736     9.8559    312.738 -9.990e-29
      2.688     8.5957 210.429473     1.9023 4.1320e+02     0.5406    87.3580 2.0391e-01 1.4906e+03  0.3593835      2.741     9.8720    313.160 -9.990e-29
      2.696     8.5513 210.441483     1.9023 4.1204e+02     0.5406    87.3580 2.0269e-01 1.4906e+03  0.3593835      2.749     9.8862    313.592 -9.990e-29
      2.703     8.5037 210.417561     1.9023 4.1204e+02     0.5406    87.3580 2.0269e-01 1.4906e+03  0.3593835      2.756     9.9023    314.002 -9.990e-29
      2.709     8.4578 210.441547     1.9023 4.0973e+02     0.5406    87.3580 2.0635e-01 1.4906e+03  0.3593835      2.762     9.9179    314.469 -9.990e-29
      2.714     8.4311 210.489474     1.9023 4.0743e+02     0.5406    87.3580 2.0879e-01 1.4906e+03  0.3593835      2.768     9.9282    314.792 -9.990e-29
      2.720     8.4205 210.525415     1.9035 4.0743e+02     0.5394    87.3841 2.1001e-01 1.4906e+03  0.3597993      2.774     9.9437    314.945 -9.990e-29
      2.726     8.4152 210.525418     1.9023 4.0401e+02     0.5406    87.3580 2.0879e-01 1.4906e+03  0.3593835      2.780     9.9421    314.995 -9.990e-29
      2.733     8.4165 210.525418     1.9035 3.9949e+02     0.5406    87.3580 2.0513e-01 1.4906e+03  0.3589678      2.787     9.9553    314.983 -9.990e-29
      2.740     8.4160 210.573328     1.9035 3.9836e+02     0.5406    87.3580 2.0269e-01 1.4906e+03  0.3589678      2.794     9.9605    315.060 -9.990e-29
      2.747     8.4064 210.549381     1.9023 3.9613e+02     0.5406    87.3580 2.0147e-01 1.4906e+03  0.3593835      2.801     9.9596    315.114 -9.990e-29
      2.753     8.3773 210.609288     1.9035 3.9060e+02     0.5406    87.3580 1.9902e-01 1.4906e+03  0.3593835      2.807     9.9793    315.479 -9.990e-29
      2.758     8.3320 210.585363     1.9048 3.8841e+02     0.5394    87.3841 1.9658e-01 1.4906e+03  0.3589678      2.812    10.0026    315.872 -9.990e-29
      2.762     8.2925 210.609346     1.9023 3.8732e+02     0.5394    87.3841 1.9658e-01 1.4906e+03  0.3593835      2.816    10.0012    316.283 -9.990e-29
      2.767     8.2585 210.597391     1.9035 3.8191e+02     0.5382    87.4103 2.0024e-01 1.4906e+03  0.3593835      2.822    10.0215    316.588 0.0000e+00
      2.773     8.2270 210.549503     1.9048 3.8084e+02     0.5394    87.3841 1.9902e-01 1.4906e+03  0.3593835      2.828    10.0404    316.816 0.0000e+00
      2.780     8.1982 210.609411     1.9048 3.8084e+02     0.5394    87.3841 1.9658e-01 1.4906e+03  0.3593835      2.835    10.0504    317.181 0.0000e+00
      2.788     8.1798 210.585467     1.9048 3.7552e+02     0.5394    87.3841 1.9536e-01 1.4906e+03  0.3593835      2.843    10.0575    317.321 0.0000e+00
      2.797     8.1612 210.609439     1.9048 3.7446e+02     0.5394    87.3841 1.9414e-01 1.4906e+03  0.3597993      2.852    10.0644    317.535 0.0000e+00
      2.803     8.1406 210.669339     1.9035 3.7341e+02     0.5394    87.3841 1.9048e-01 1.4906e+03  0.3602151      2.858    10.0624    317.823 -9.990e-29
      2.807     8.1232 210.621441     1.9060 3.7552e+02     0.5394    87.3841 1.9292e-01 1.4926e+03  0.3618781      2.862    10.0869    317.918 -9.990e-29
      2.810     8.1110 210.609471     1.9060 3.7552e+02     0.5394    87.3841 2.0269e-01 1.4926e+03  0.3597993      2.865    10.0912    318.017 -9.990e-29
      2.813     8.1045 210.645409     1.9072 3.7658e+02     0.5394    87.3841 2.1368e-01 1.4926e+03  0.3597993      2.868    10.1042    318.134 -9.990e-29
      2.816     8.1008 210.633434     1.9060 3.7977e+02     0.5394    87.3841 2.1978e-01 1.4926e+03  0.3597993      2.872    10.0971    318.151 -9.990e-29
      2.819     8.0959 210.633436     1.9060 3.8084e+02     0.5394    87.3841 2.2100e-01 1.4926e+03  0.3597993      2.875    10.0995    318.198 -9.990e-29
      2.823     8.0896 210.645419     1.9072 3.8084e+02     0.5394    87.3841 2.2711e-01 1.4926e+03  0.3597993      2.879    10.1104    318.277 -9.990e-29
      2.828     8.0876 210.609488     1.9072 3.8406e+02     0.5382    87.4103 2.2344e-01 1.4926e+03  0.3597993      2.884    10.1102    318.242 -9.990e-29
      2.831     8.0871 210.585533     1.9072 3.8732e+02     0.5382    87.4103 2.1856e-01 1.4926e+03  0.3597993      2.887    10.1094    318.210 -9.990e-29
      2.833     8.0828 210.621469     1.9072 3.8841e+02     0.5394    87.3841 2.1734e-01 1.4926e+03  0.3597993      2.889    10.1092    318.306 -9.990e-29
      2.835     8.0795 210.597516     1.9084 3.8950e+02     0.5394    87.3841 2.1245e-01 1.4926e+03  0.3597993      2.891    10.1168    318.302 -9.990e-29
      2.837     8.0754 210.621474     1.9084 3.9170e+02     0.5394    87.3841 2.0757e-01 1.4926e+03  0.3597993      2.893    10.1160    318.377 -9.990e-29
      2.839     8.0702 210.585544     1.9084 3.9280e+02     0.5394    87.3841 2.0391e-01 1.4926e+03  0.3602151      2.895    10.1173    318.373 -9.990e-29
      2.841     8.0646 210.609505     1.9084 3.9280e+02     0.5358    87.4626 2.0147e-01 1.4926e+03  0.3602151      2.897    10.1173    318.463 -9.990e-29
      2.841     8.0577 210.537643     1.9096 3.9391e+02     0.5346    87.4887 1.9780e-01 1.4946e+03  0.3597993      2.897    10.1268    318.421 -9.990e-29
      2.839     8.0511 210.513693     1.9096 3.9391e+02     0.5334    87.5148 1.9536e-01 1.4946e+03  0.3597993      2.895    10.1275    318.448 -9.990e-29
