data/05_metadata_exports/SeabirdData/202305_SeabirdData/83261_stn63-day.cnv
* Sea-Bird SBE 9 Data File:
* FileName = C:\Users\rosette\Rosette Data\2023\Ontario CSMI\stn63-day.hex
* Software Version Seasave V 7.26.6.26
* Temperature SN = 5270
* Conductivity SN = 1168
* Number of Bytes Per Scan = 40
* Number of Voltage Words = 5
* Number of Scans Averaged by the Deck Unit = 1
* NMEA Latitude = 43 43.92 N
* NMEA Longitude = 077 01.00 W
* NMEA UTC (Time) = Sep 30 2003  19:06:31
* NMEA baud rate = 4800
** Ship: Lake Guardian
** Cruise: Summer Survey 2022 Ontario CSMI LFWS
** Station:  stn63-day
# nquan = 14                                
# nvalues = 15277                       
# units = specified
# name 0 = prDM: Pressure, Digiquartz [db]
# name 1 = t090C: Temperature [ITS-90, deg C]
# name 2 = c0uS/cm: Conductivity [uS/cm]
# name 3 = sbeox0V: Oxygen raw, SBE 43 [V]
# name 4 = par: PAR/Irradiance, Biospherical/Licor
# name 5 = bat: Beam Attenuation, Chelsea/Seatech [1/m]
# name 6 = xmiss: Beam Transmission, Chelsea/Seatech [%]
# name 7 = flSP: Fluorescence, Seapoint
# name 8 = spar: SPAR, Biospherical/Licor
# name 9 = upoly0: Upoly 0, Suna Nitrate
# name 10 = depFM: Depth [fresh water, m], lat = 43.732
# name 11 = sbeox0Mg/L: Oxygen, SBE 43 [mg/l], WS = 2
# name 12 = specc: Specific Conductance [uS/cm]
# name 13 = flag: flag
# span 0 =     -0.406,     83.281       
# span 1 =     4.0968,    11.2822       
# span 2 =  22.793530, 324.193119       
# span 3 =     1.8645,     2.3602       
# span 4 = 1.0000e-12, 2.7338e+03       
# span 5 =     0.0660,     4.4171       
# span 6 =    33.1448,    98.3627       
# span 7 = 0.0000e+00, 1.2161e+00       
# span 8 = 1.4670e+03, 1.5359e+03       
# span 9 =  0.0741704,  0.3922288       
# span 10 =     -0.414,     84.923      
# span 11 =     9.7058,    13.6291      
# span 12 =     31.653,    447.970      
# span 13 = 0.0000e+00, 0.0000e+00      
# interval = seconds: 0.0416667
# start_time = Sep 30 2003 19:06:31 [NMEA time, header]
# bad_flag = -9.990e-29
*END*
[from data line 310]
     -0.297    11.0222  25.969018     2.1319 1.6951e+03     0.7633    82.6268 3.5409e-02 1.4788e+03  0.0949585     -0.303    10.7587     36.043 -9.990e-29
     -0.296    11.0213  25.793221     2.1319 1.6951e+03     0.7646    82.6006 3.5409e-02 1.4788e+03  0.0949585     -0.302    10.7589     35.800 -9.990e-29
     -0.296    11.0208  25.593989     2.1319 1.6951e+03     0.7646    82.6006 3.4188e-02 1.4788e+03  0.0949585     -0.302    10.7599     35.524 -9.990e-29
     -0.297    11.0197  25.500235     2.1319 1.6951e+03     0.7633    82.6268 3.4188e-02 1.4788e+03  0.0949585     -0.303    10.7602     35.395 -9.990e-29
     -0.297    11.0192  25.511954     2.1319 1.6951e+03     0.7633    82.6268 3.5409e-02 1.4788e+03  0.0949585     -0.303    10.7604     35.412 -9.990e-29
     -0.297    11.0183  25.535393     2.1319 1.6951e+03     0.7633    82.6268 3.5409e-02 1.4788e+03  0.0949585     -0.303    10.7597     35.445 -9.990e-29
     -0.298    11.0175  25.441639     2.1319 1.6951e+03     0.7633    82.6268 3.4188e-02 1.4788e+03  0.0953743     -0.304    10.7589     35.316 -9.990e-29
     -0.299    11.0162  25.301010     2.1306 1.6951e+03     0.7646    82.6006 3.4188e-02 1.4788e+03  0.0953743     -0.305    10.7507     35.122 -9.990e-29
     -0.299    11.0155  25.125227     2.1319 1.6951e+03     0.7646    82.6006 3.4188e-02 1.4788e+03  0.0949585     -0.305    10.7593     34.879 -9.990e-29
     -0.298    11.0144  25.019760     2.1319 1.6951e+03     0.7646    82.6006 3.4188e-02 1.4788e+03  0.0949585     -0.304    10.7587     34.733 -9.990e-29
     -0.299    11.0133  25.043197     2.1319 1.6951e+03     0.7633    82.6268 3.5409e-02 1.4788e+03  0.0949585     -0.305    10.7599     34.767 -9.990e-29
     -0.300    11.0122  24.902575     2.1319 1.6951e+03     0.7646    82.6006 3.6630e-02 1.4788e+03  0.0949585     -0.306    10.7602     34.573 -9.990e-29
     -0.300    11.0107  24.855702     2.1319 1.6951e+03     0.7633    82.6268 3.6630e-02 1.4788e+03  0.0949585     -0.306    10.7606     34.509 -9.990e-29
     -0.299    11.0096  24.820547     2.1319 1.6951e+03     0.7596    82.7052 3.5409e-02 1.4788e+03  0.0949585     -0.305    10.7609     34.461 -9.990e-29
     -0.300    11.0087  24.738519     2.1319 1.6951e+03     0.7570    82.7575 3.5409e-02 1.4788e+03  0.0949585     -0.306    10.7621     34.348 -9.990e-29
     -0.301    11.0075  24.761956     2.1319 1.6951e+03     0.7583    82.7313 3.4188e-02 1.4788e+03  0.0949585     -0.307    10.7624     34.382 -9.990e-29
     -0.300    11.0063  24.668211     2.1331 1.6951e+03     0.7583    82.7313 3.5409e-02 1.4788e+03  0.0949585     -0.306    10.7706     34.253 -9.990e-29
     -0.299    11.0056  24.597903     2.1319 1.6951e+03     0.7583    82.7313 3.6630e-02 1.4788e+03  0.0949585     -0.305    10.7630     34.156 -9.990e-29
     -0.298    11.0043  24.480724     2.1319 1.6951e+03     0.7583    82.7313 3.6630e-02 1.4788e+03  0.0953743     -0.304    10.7634     33.994 -9.990e-29
     -0.298    11.0029  24.410417     2.1319 1.6951e+03     0.7583    82.7313 3.6630e-02 1.4788e+03  0.0953743     -0.304    10.7639     33.898 -9.990e-29
     -0.297    11.0021  24.445570     2.1319 1.6951e+03     0.7570    82.7575 3.5409e-02 1.4788e+03  0.0953743     -0.303    10.7641     33.948 -9.990e-29
     -0.297    11.0009  24.539313     2.1319 1.6951e+03     0.7583    82.7313 3.5409e-02 1.4788e+03  0.0949585     -0.303    10.7645     34.079 -9.990e-29
     -0.297    11.0005  24.574467     2.1319 1.6951e+03     0.7583    82.7313 3.5409e-02 1.4788e+03  0.0949585     -0.303    10.7646     34.128 -9.990e-29
     -0.298    10.9995  24.562749     2.1319 1.6951e+03     0.7583    82.7313 3.5409e-02 1.4788e+03  0.0949585     -0.304    10.7658     34.113 -9.990e-29
     -0.298    10.9986  24.457289     2.1319 1.6951e+03     0.7583    82.7313 3.5409e-02 1.4788e+03  0.0949585     -0.304    10.7661     33.967 -9.990e-29
     -0.299    10.9980  24.351829     2.1319 1.6951e+03     0.7583    82.7313 3.5409e-02 1.4768e+03  0.0949585     -0.305    10.7662     33.821 -9.990e-29
     -0.300    10.9973  24.398700     2.1319 1.6998e+03     0.7583    82.7313 3.5409e-02 1.4788e+03  0.0949585     -0.306    10.7664     33.887 -9.990e-29
     -0.300    10.9967  24.504160     2.1319 1.6951e+03     0.7583    82.7313 3.4188e-02 1.4788e+03  0.0949585     -0.306    10.7666     34.034 -9.990e-29
     -0.300    10.9963  24.609621     2.1319 1.6951e+03     0.7583    82.7313 3.5409e-02 1.4768e+03  0.0949585     -0.306    10.7667     34.181 -9.990e-29
     -0.298    10.9960  24.738520     2.1319 1.6998e+03     0.7583    82.7313 3.5409e-02 1.4788e+03  0.0949585     -0.304    10.7668     34.360 -9.990e-29
     -0.298    10.9955  24.668212     2.1319 1.6998e+03     0.7583    82.7313 3.4188e-02 1.4788e+03  0.0949585     -0.304    10.7669     34.263 -9.990e-29
     -0.298    10.9951  24.562750     2.1306 1.6951e+03     0.7583    82.7313 3.4188e-02 1.4788e+03  0.0949585     -0.304    10.7586     34.117 -9.990e-29
     -0.298    10.9948  24.644776     2.1319 1.6951e+03     0.7583    82.7313 3.2967e-02 1.4788e+03  0.0953743     -0.304    10.7662     34.231 -9.990e-29
     -0.299    10.9946  24.761957     2.1306 1.6951e+03     0.7532    82.8359 3.2967e-02 1.4788e+03  0.0953743     -0.305    10.7578     34.394 -9.990e-29
     -0.300    10.9945  24.820548     2.1331 1.6998e+03     0.7520    82.8620 3.4188e-02 1.4788e+03  0.0953743     -0.306    10.7748     34.476 -9.990e-29
     -0.300    10.9943  24.902576     2.1319 1.6951e+03     0.7520    82.8620 3.5409e-02 1.4788e+03  0.0953743     -0.306    10.7670     34.590 -9.990e-29
     -0.299    10.9946  25.043199     2.1319 1.6951e+03     0.7520    82.8620 3.5409e-02 1.4788e+03  0.0949585     -0.305    10.7669     34.785 -9.990e-29
     -0.298    10.9945  25.125229     2.1319 1.6951e+03     0.7532    82.8359 3.5409e-02 1.4788e+03  0.0949585     -0.304    10.7668     34.899 -9.990e-29
     -0.298    10.9946  25.113510     2.1319 1.6951e+03     0.7532    82.8359 3.5409e-02 1.4788e+03  0.0949585     -0.304    10.7668     34.883 -9.990e-29
     -0.298    10.9948  25.242417     2.1319 1.6951e+03     0.7520    82.8620 3.5409e-02 1.4788e+03  0.0949585     -0.304    10.7666     35.061 -9.990e-29
     -0.297    10.9948  25.324450     2.1319 1.6951e+03     0.7532    82.8359 3.4188e-02 1.4788e+03  0.0949585     -0.303    10.7666     35.175 -9.990e-29
     -0.298    10.9951  25.429922     2.1319 1.6951e+03     0.7520    82.8620 3.4188e-02 1.4788e+03  0.0949585     -0.304    10.7673     35.322 -9.990e-29
     -0.299    10.9955  25.500237     2.1319 1.6998e+03     0.7520    82.8620 3.4188e-02 1.4788e+03  0.0949585     -0.305    10.7672     35.419 -9.990e-29
     -0.299    10.9958  25.582272     2.1319 1.6951e+03     0.7532    82.8359 3.4188e-02 1.4788e+03  0.0949585     -0.305    10.7679     35.532 -9.990e-29
     -0.298    10.9963  25.629150     2.1319 1.6951e+03     0.7520    82.8620 3.2967e-02 1.4788e+03  0.0949585     -0.304    10.7677     35.597 -9.990e-29
     -0.299    10.9965  25.933860     2.1319 1.6951e+03     0.7520    82.8620 3.2967e-02 1.4788e+03  0.0953743     -0.305    10.7676     36.020 -9.990e-29
     -0.300    10.9970  25.969020     2.1319 1.6998e+03     0.7532    82.8359 3.2967e-02 1.4788e+03  0.0953743     -0.306    10.7674     36.068 -9.990e-29
     -0.300    10.9972  25.992460     2.1331 1.6998e+03     0.7520    82.8620 3.2967e-02 1.4788e+03  0.0949585     -0.306    10.7750     36.101 -9.990e-29
     -0.299    10.9976  26.121380     2.1319 1.6951e+03     0.7532    82.8359 3.5409e-02 1.4788e+03  0.0949585     -0.305    10.7671     36.279 -9.990e-29
     -0.300    10.9981  26.121380     2.1319 1.6951e+03     0.7520    82.8620 3.4188e-02 1.4788e+03  0.0949585     -0.306    10.7677     36.279 -9.990e-29
     -0.300    10.9987  26.144820     2.1319 1.6998e+03     0.7532    82.8359 3.4188e-02 1.4788e+03  0.0949585     -0.306    10.7683     36.311 -9.990e-29
     -0.300    10.9993  26.215141     2.1319 1.6998e+03     0.7520    82.8620 3.4188e-02 1.4788e+03  0.0949585     -0.306    10.7680     36.408 -9.990e-29
     -0.300    11.0000  26.273743     2.1319 1.6998e+03     0.7532    82.8359 3.4188e-02 1.4788e+03  0.0949585     -0.306    10.7677     36.489 -9.990e-29
     -0.300    11.0003  26.402668     2.1319 1.6998e+03     0.7507    82.8882 3.5409e-02 1.4788e+03  0.0953743     -0.306    10.7675     36.667 -9.990e-29
     -0.301    11.0009  26.414388     2.1319 1.6998e+03     0.7507    82.8882 3.6630e-02 1.4788e+03  0.0949585     -0.307    10.7672     36.683 -9.990e-29
     -0.300    11.0013  26.426109     2.1319 1.6998e+03     0.7495    82.9143 3.7851e-02 1.4788e+03  0.0949585     -0.306    10.7669     36.699 -9.990e-29
     -0.300    11.0018  26.367506     2.1319 1.6998e+03     0.7495    82.9143 3.7851e-02 1.4788e+03  0.0949585     -0.306    10.7657     36.617 -9.990e-29
     -0.302    11.0022  26.543315     2.1319 1.6951e+03     0.7495    82.9143 3.6630e-02 1.4788e+03  0.0949585     -0.308    10.7654     36.861 -9.990e-29
     -0.303    11.0029  26.637081     2.1331 1.6998e+03     0.7495    82.9143 3.5409e-02 1.4788e+03  0.0949585     -0.309    10.7718     36.990 -9.990e-29
     -0.303    11.0033  26.555036     2.1319 1.6951e+03     0.7495    82.9143 3.5409e-02 1.4788e+03  0.0949585     -0.309    10.7646     36.876 -9.990e-29
     -0.302    11.0037  26.531594     2.1319 1.6998e+03     0.7495    82.9143 3.5409e-02 1.4808e+03  0.0953743     -0.308    10.7644     36.843 -9.990e-29
     -0.302    11.0041  26.461270     2.1319 1.6998e+03     0.7495    82.9143 3.5409e-02 1.4788e+03  0.0953743     -0.308    10.7641     36.745 -9.990e-29
     -0.303    11.0047  26.379226     2.1319 1.6998e+03     0.7495    82.9143 3.4188e-02 1.4788e+03  0.0949585     -0.309    10.7637     36.630 -9.990e-29
     -0.304    11.0050  26.355785     2.1319 1.6998e+03     0.7507    82.8882 3.4188e-02 1.4808e+03  0.0949585     -0.310    10.7635     36.597 -9.990e-29
     -0.304    11.0054  26.461270     2.1319 1.6998e+03     0.7507    82.8882 3.4188e-02 1.4808e+03  0.0949585     -0.310    10.7632     36.744 -9.990e-29
     -0.303    11.0061  26.449549     2.1319 1.6998e+03     0.7507    82.8882 3.2967e-02 1.4808e+03  0.0949585     -0.309    10.7628     36.727 -9.990e-29
     -0.303    11.0063  26.355785     2.1319 1.6951e+03     0.7495    82.9143 3.4188e-02 1.4808e+03  0.0949585     -0.309    10.7626     36.596 -9.990e-29
     -0.305    11.0063  26.285463     2.1331 1.6951e+03     0.7495    82.9143 3.4188e-02 1.4808e+03  0.0949585     -0.311    10.7702     36.499 -9.990e-29
     -0.307    11.0069  26.179980     2.1319 1.6998e+03     0.7495    82.9143 3.4188e-02 1.4808e+03  0.0949585     -0.313    10.7621     36.351 -9.990e-29
     -0.307    11.0072  26.121379     2.1319 1.6951e+03     0.7507    82.8882 3.4188e-02 1.4808e+03  0.0949585     -0.313    10.7618     36.270 -9.990e-29
     -0.308    11.0077  26.121379     2.1319 1.6951e+03     0.7495    82.9143 3.4188e-02 1.4808e+03  0.0949585     -0.314    10.7615     36.269 -9.990e-29
     -0.308    11.0080  26.051059     2.1319 1.6998e+03     0.7507    82.8882 3.4188e-02 1.4808e+03  0.0953743     -0.314    10.7613     36.171 -9.990e-29
     -0.307    11.0082  25.992459     2.1319 1.6951e+03     0.7507    82.8882 3.2967e-02 1.4808e+03  0.0953743     -0.313    10.7619     36.090 -9.990e-29
     -0.306    11.0084  25.886980     2.1331 1.6951e+03     0.7495    82.9143 3.4188e-02 1.4808e+03  0.0949585     -0.312    10.7695     35.943 -9.990e-29
     -0.305    11.0086  25.816662     2.1331 1.6951e+03     0.7482    82.9404 3.5409e-02 1.4808e+03  0.0949585     -0.311    10.7693     35.845 -9.990e-29
     -0.306    11.0089  25.734624     2.1319 1.6998e+03     0.7469    82.9666 3.4188e-02 1.4808e+03  0.0949585     -0.312    10.7622     35.731 -9.990e-29
     -0.307    11.0094  25.676026     2.1319 1.6951e+03     0.7469    82.9666 3.2967e-02 1.4808e+03  0.0949585     -0.313    10.7627     35.649 -9.990e-29
     -0.308    11.0093  25.593990     2.1319 1.6951e+03     0.7469    82.9666 3.2967e-02 1.4808e+03  0.0949585     -0.314    10.7625     35.535 -9.990e-29
     -0.309    11.0097  25.535393     2.1319 1.6998e+03     0.7469    82.9666 3.4188e-02 1.4808e+03  0.0949585     -0.315    10.7622     35.454 -9.990e-29
     -0.308    11.0099  25.453359     2.1319 1.6998e+03     0.7469    82.9666 3.4188e-02 1.4808e+03  0.0949585     -0.314    10.7619     35.340 -9.990e-29
     -0.308    11.0098  25.406482     2.1319 1.6951e+03     0.7482    82.9404 3.6630e-02 1.4808e+03  0.0949585     -0.314    10.7608     35.275 -9.990e-29
     -0.306    11.0104  25.371325     2.1319 1.6951e+03     0.7469    82.9666 3.6630e-02 1.4808e+03  0.0949585     -0.312    10.7596     35.225 -9.990e-29
     -0.306    11.0104  25.371325     2.1319 1.6951e+03     0.7469    82.9666 3.5409e-02 1.4808e+03  0.0949585     -0.312    10.7594     35.225 -9.990e-29
     -0.307    11.0103  25.301011     2.1319 1.6951e+03     0.7469    82.9666 3.4188e-02 1.4808e+03  0.0949585     -0.313    10.7602     35.128 -9.990e-29
     -0.308    11.0109  25.289292     2.1319 1.6951e+03     0.7469    82.9666 3.2967e-02 1.4827e+03  0.0949585     -0.314    10.7600     35.111 -9.990e-29
     -0.309    11.0106  25.183822     2.1319 1.6951e+03     0.7482    82.9404 3.2967e-02 1.4808e+03  0.0953743     -0.315    10.7599     34.965 -9.990e-29
     -0.310    11.0106  25.183822     2.1319 1.6951e+03     0.7469    82.9666 3.2967e-02 1.4827e+03  0.0953743     -0.316    10.7598     34.965 -9.990e-29
     -0.310    11.0107  25.242416     2.1319 1.6998e+03     0.7482    82.9404 3.4188e-02 1.4827e+03  0.0949585     -0.316    10.7597     35.046 -9.990e-29
     -0.310    11.0107  25.183822     2.1319 1.6998e+03     0.7482    82.9404 3.2967e-02 1.4827e+03  0.0949585     -0.316    10.7596     34.965 -9.990e-29
     -0.309    11.0107  25.078353     2.1319 1.6998e+03     0.7482    82.9404 3.2967e-02 1.4827e+03  0.0949585     -0.315    10.7595     34.818 -9.990e-29
     -0.308    11.0107  25.078353     2.1319 1.6998e+03     0.7469    82.9666 3.4188e-02 1.4827e+03  0.0949585     -0.314    10.7594     34.818 -9.990e-29
     -0.307    11.0107  25.101790     2.1319 1.6951e+03     0.7469    82.9666 3.4188e-02 1.4827e+03  0.0949585     -0.313    10.7593     34.851 -9.990e-29
     -0.305    11.0107  25.113509     2.1319 1.6998e+03     0.7482    82.9404 3.4188e-02 1.4827e+03  0.0949585     -0.311    10.7601     34.867 -9.990e-29
     -0.306    11.0106  25.148665     2.1319 1.6998e+03     0.7482    82.9404 3.4188e-02 1.4827e+03  0.0949585     -0.312    10.7591     34.916 -9.990e-29
     -0.307    11.0106  25.172103     2.1319 1.6998e+03     0.7469    82.9666 3.2967e-02 1.4827e+03  0.0949585     -0.313    10.7582     34.948 -9.990e-29
     -0.307    11.0104  25.078353     2.1319 1.6998e+03     0.7457    82.9927 3.2967e-02 1.4827e+03  0.0949585     -0.313    10.7591     34.818 -9.990e-29
     -0.307    11.0104  25.019760     2.1319 1.6998e+03     0.7469    82.9666 3.4188e-02 1.4847e+03  0.0949585     -0.313    10.7591     34.737 -9.990e-29
     -0.306    11.0100  24.996323     2.1319 1.6998e+03     0.7469    82.9666 3.5409e-02 1.4847e+03  0.0949585     -0.312    10.7592     34.705 -9.990e-29
     -0.305    11.0101  25.066635     2.1319 1.6951e+03     0.7469    82.9666 3.6630e-02 1.4847e+03  0.0953743     -0.311    10.7609     34.802 -9.990e-29
     -0.306    11.0097  25.101791     2.1331 1.6951e+03     0.7469    82.9666 3.6630e-02 1.4847e+03  0.0949585     -0.312    10.7696     34.852 -9.990e-29
     -0.308    11.0096  25.066635     2.1331 1.6998e+03     0.7469    82.9666 3.4188e-02 1.4847e+03  0.0949585     -0.314    10.7687     34.803 -9.990e-29
     -0.309    11.0096  25.019760     2.1319 1.6998e+03     0.7469    82.9666 3.4188e-02 1.4847e+03  0.0949585     -0.315    10.7610     34.738 -9.990e-29
