data/05_metadata_exports/SeabirdData/202305_SeabirdData/83268_stn48.cnv
* Sea-Bird SBE 9 Data File:
* FileName = C:\Users\rosette\Rosette Data\2023\Ontario CSMI\stn48.hex
* Software Version Seasave V 7.26.6.26
* Temperature SN = 5270
* Conductivity SN = 1168
* Number of Bytes Per Scan = 40
* Number of Voltage Words = 5
* Number of Scans Averaged by the Deck Unit = 1
* NMEA Latitude = 43 52.78 N
* NMEA Longitude = 077 26.39 W
* NMEA UTC (Time) = Sep 30 2003  21:56:42
* NMEA baud rate = 4800
** Ship: Lake Guardian
** Ontario CSMI LWFS
** Station:  stn48
# nquan = 14                                
# nvalues = 16381                       
# units = specified
# name 0 = prDM: Pressure, Digiquartz [db]
# name 1 = t090C: Temperature [ITS-90, deg C]
# name 2 = c0uS/cm: Conductivity [uS/cm]
# name 3 = sbeox0V: Oxygen raw, SBE 43 [V]
# name 4 = par: PAR/Irradiance, Biospherical/Licor
# name 5 = bat: Beam Attenuation, Chelsea/Seatech [1/m]
# name 6 = xmiss: Beam Transmission, Chelsea/Seatech [%]
# name 7 = flSP: Fluorescence, Seapoint
# name 8 = spar: SPAR, Biospherical/Licor
# name 9 = upoly0: Upoly 0, Suna Nitrate
# name 10 = depFM: Depth [fresh water, m], lat = 43.8797
# name 11 = sbeox0Mg/L: Oxygen, SBE 43 [mg/l], WS = 2
# name 12 = specc: Specific Conductance [uS/cm]
# name 13 = flag: flag
# span 0 =     -0.355,     36.007       
# span 1 =     4.7780,    10.1180       
# span 2 =  17.031604, 282.167104       
# span 3 =     1.7582,     2.2222       
# span 4 = 3.1562e+00, 4.4081e+02       
# span 5 =     0.0206,     7.8913       
# span 6 =    13.9062,    99.4867       
# span 7 = 2.8083e-02, 4.8681e+00       
# span 8 = 2.7568e+02, 9.9834e+02       
# span 9 =  0.0741704,  0.4126012       
# span 10 =     -0.362,     36.717      
# span 11 =     9.2349,    13.1426      
# span 12 =     24.462,    402.446      
# span 13 = 0.0000e+00, 0.0000e+00      
# interval = seconds: 0.0416667
# start_time = Sep 30 2003 21:56:42 [NMEA time, header]
# bad_flag = -9.990e-29
*END*
[from data line 11355]
     34.222     4.7895 187.956097     2.1600 4.5176e+00     0.1023    97.4740 9.6459e-02 4.7456e+02  0.3980495     34.897    12.9766    315.462 -9.990e-29
     34.225     4.7898 187.991937     2.1612 4.5046e+00     0.1023    97.4740 9.5238e-02 4.7456e+02  0.3980495     34.900    12.9871    315.519 -9.990e-29
     34.229     4.7898 187.968042     2.1612 4.5046e+00     0.1034    97.4478 9.4017e-02 4.7456e+02  0.3980495     34.904    12.9871    315.478 -9.990e-29
     34.233     4.7896 187.979990     2.1612 4.5046e+00     0.1034    97.4478 9.2796e-02 4.7456e+02  0.3980495     34.908    12.9873    315.501 -9.990e-29
     34.238     4.7896 188.003883     2.1612 4.5046e+00     0.1045    97.4217 9.2796e-02 4.7456e+02  0.3980495     34.913    12.9873    315.541 -9.990e-29
     34.242     4.7898 187.991936     2.1612 4.5046e+00     0.1045    97.4217 9.2796e-02 4.7456e+02  0.3980495     34.917    12.9873    315.519 -9.990e-29
     34.246     4.7896 188.099456     2.1612 4.5046e+00     0.1045    97.4217 9.4017e-02 4.7456e+02  0.3980495     34.921    12.9861    315.701 -9.990e-29
     34.251     4.7895 188.027776     2.1624 4.4916e+00     0.1045    97.4217 9.5238e-02 4.7456e+02  0.3980495     34.926    12.9955    315.582 -9.990e-29
     34.256     4.7896 188.051670     2.1612 4.4916e+00     0.1045    97.4217 9.5238e-02 4.7456e+02  0.3980495     34.931    12.9864    315.621 -9.990e-29
     34.262     4.7898 187.968044     2.1612 4.4916e+00     0.1056    97.3955 9.7680e-02 4.7456e+02  0.3980495     34.938    12.9864    315.478 -9.990e-29
     34.267     4.7895 187.991937     2.1612 4.4916e+00     0.1045    97.4217 9.5238e-02 4.7456e+02  0.3980495     34.943    12.9866    315.522 -9.990e-29
     34.272     4.7896 187.991937     2.1612 4.4916e+00     0.1056    97.3955 9.0354e-02 4.7456e+02  0.3980495     34.948    12.9881    315.521 -9.990e-29
     34.277     4.7895 188.027777     2.1600 4.4916e+00     0.1034    97.4478 9.0354e-02 4.7456e+02  0.3980495     34.953    12.9775    315.582 -9.990e-29
     34.280     4.7895 187.979991     2.1612 4.4916e+00     0.1045    97.4217 9.1575e-02 4.7259e+02  0.3984652     34.956    12.9854    315.502 -9.990e-29
     34.283     4.7896 188.027776     2.1612 4.4787e+00     0.1045    97.4217 9.0354e-02 4.7259e+02  0.3980495     34.959    12.9840    315.581 -9.990e-29
     34.288     4.7891 188.051671     2.1612 4.4787e+00     0.1045    97.4217 9.0354e-02 4.7259e+02  0.3980495     34.964    12.9842    315.626 -9.990e-29
     34.292     4.7895 188.003884     2.1612 4.4787e+00     0.1045    97.4217 9.4017e-02 4.7259e+02  0.3980495     34.968    12.9855    315.542 -9.990e-29
     34.297     4.7893 187.944152     2.1612 4.4787e+00     0.1045    97.4217 9.2796e-02 4.7259e+02  0.3980495     34.973    12.9856    315.444 -9.990e-29
     34.302     4.7891 187.991938     2.1612 4.4787e+00     0.1045    97.4217 9.0354e-02 4.7259e+02  0.3980495     34.978    12.9872    315.526 -9.990e-29
     34.308     4.7893 187.991938     2.1612 4.4787e+00     0.1056    97.3955 8.9133e-02 4.7259e+02  0.3980495     34.984    12.9900    315.524 -9.990e-29
     34.313     4.7891 187.991939     2.1612 4.4787e+00     0.1045    97.4217 9.0354e-02 4.7259e+02  0.3980495     34.990    12.9902    315.526 -9.990e-29
     34.317     4.7891 187.991938     2.1612 4.4787e+00     0.1045    97.4217 9.1575e-02 4.7259e+02  0.3980495     34.994    12.9903    315.526 -9.990e-29
     34.321     4.7888 187.956100     2.1612 4.4787e+00     0.1045    97.4217 9.1575e-02 4.7259e+02  0.3984652     34.998    12.9904    315.469 -9.990e-29
     34.324     4.7888 188.027778     2.1612 4.4787e+00     0.1056    97.3955 9.2796e-02 4.7259e+02  0.3984652     35.001    12.9904    315.589 -9.990e-29
     34.329     4.7890 188.015830     2.1612 4.4787e+00     0.1045    97.4217 9.2796e-02 4.7259e+02  0.3984652     35.006    12.9903    315.567 -9.990e-29
     34.337     4.7890 187.991940     2.1612 4.4787e+00     0.1045    97.4217 9.2796e-02 4.7259e+02  0.3984652     35.014    12.9889    315.527 -9.990e-29
     34.343     4.7888 188.003886     2.1612 4.4787e+00     0.1034    97.4478 9.1575e-02 4.7259e+02  0.3980495     35.020    12.9890    315.549 -9.990e-29
     34.347     4.7890 187.968046     2.1612 4.4787e+00     0.1034    97.4478 9.5238e-02 4.7259e+02  0.3980495     35.024    12.9888    315.487 -9.990e-29
     34.350     4.7886 187.979993     2.1612 4.4658e+00     0.1045    97.4217 9.8901e-02 4.7259e+02  0.3980495     35.027    12.9889    315.511 -9.990e-29
     34.352     4.7890 187.956100     2.1612 4.4658e+00     0.1045    97.4217 1.0012e-01 4.7259e+02  0.3980495     35.029    12.9887    315.467 -9.990e-29
     34.354     4.7890 187.991939     2.1600 4.4658e+00     0.1045    97.4217 9.7680e-02 4.7259e+02  0.3980495     35.031    12.9808    315.527 -9.990e-29
     34.357     4.7886 188.015831     2.1612 4.4530e+00     0.1045    97.4217 9.5238e-02 4.7259e+02  0.3980495     35.034    12.9914    315.571 -9.990e-29
     34.361     4.7888 187.991940     2.1612 4.4530e+00     0.1045    97.4217 9.4017e-02 4.7259e+02  0.3980495     35.038    12.9926    315.529 -9.990e-29
     34.365     4.7890 187.991939     2.1612 4.4530e+00     0.1045    97.4217 9.2796e-02 4.7259e+02  0.3984652     35.043    12.9938    315.527 -9.990e-29
     34.367     4.7890 187.991940     2.1612 4.4402e+00     0.1034    97.4478 9.2796e-02 4.7259e+02  0.3980495     35.045    12.9936    315.527 -9.990e-29
     34.368     4.7890 187.991939     2.1624 4.4402e+00     0.1045    97.4217 9.2796e-02 4.7259e+02  0.3980495     35.046    13.0027    315.527 -9.990e-29
     34.368     4.7890 187.991939     2.1612 4.4530e+00     0.1045    97.4217 9.0354e-02 4.7259e+02  0.3980495     35.046    12.9933    315.527 -9.990e-29
     34.370     4.7890 187.991939     2.1600 4.4402e+00     0.1045    97.4217 9.0354e-02 4.7456e+02  0.3984652     35.048    12.9838    315.527 -9.990e-29
     34.371     4.7888 188.003887     2.1612 4.4402e+00     0.1045    97.4217 8.9133e-02 4.7456e+02  0.3980495     35.049    12.9929    315.549 -9.990e-29
     34.371     4.7891 188.015832     2.1612 4.4402e+00     0.1045    97.4217 8.7912e-02 4.7456e+02  0.3980495     35.049    12.9911    315.566 -9.990e-29
     34.371     4.7888 188.039726     2.1612 4.4402e+00     0.1034    97.4478 8.6691e-02 4.7456e+02  0.3980495     35.049    12.9896    315.609 -9.990e-29
     34.370     4.7890 188.003885     2.1612 4.4402e+00     0.1045    97.4217 8.6691e-02 4.7456e+02  0.3980495     35.048    12.9894    315.547 -9.990e-29
     34.371     4.7886 187.956101     2.1612 4.4402e+00     0.1045    97.4217 8.9133e-02 4.7456e+02  0.3980495     35.049    12.9907    315.471 -9.990e-29
     34.372     4.7888 187.956100     2.1624 4.4274e+00     0.1045    97.4217 9.1575e-02 4.7456e+02  0.3980495     35.050    13.0010    315.469 -9.990e-29
     34.372     4.7886 187.979994     2.1612 4.4402e+00     0.1045    97.4217 8.9133e-02 4.7456e+02  0.3980495     35.050    12.9916    315.511 -9.990e-29
     34.371     4.7885 187.956100     2.1624 4.4274e+00     0.1056    97.3955 8.6691e-02 4.7456e+02  0.3980495     35.049    13.0006    315.472 -9.990e-29
     34.369     4.7890 187.991940     2.1612 4.4402e+00     0.1056    97.3955 8.4249e-02 4.7456e+02  0.3980495     35.047    12.9909    315.527 -9.990e-29
     34.367     4.7888 187.991938     2.1612 4.4274e+00     0.1056    97.3955 8.4249e-02 4.7456e+02  0.3980495     35.045    12.9906    315.529 -9.990e-29
     34.366     4.7891 188.027780     2.1612 4.4402e+00     0.1056    97.3955 8.3028e-02 4.7456e+02  0.3980495     35.044    12.9916    315.586 -9.990e-29
     34.365     4.7888 188.003886     2.1612 4.4402e+00     0.1066    97.3694 8.0586e-02 4.7456e+02  0.3984652     35.043    12.9927    315.549 -9.990e-29
     34.362     4.7890 188.003886     2.1612 4.4402e+00     0.1066    97.3694 8.0586e-02 4.7456e+02  0.3980495     35.039    12.9923    315.547 -9.990e-29
     34.360     4.7890 188.039726     2.1612 4.4402e+00     0.1066    97.3694 8.1807e-02 4.7456e+02  0.3984652     35.037    12.9919    315.607 -9.990e-29
     34.356     4.7886 188.003885     2.1612 4.4402e+00     0.1056    97.3955 8.4249e-02 4.7456e+02  0.3984652     35.033    12.9916    315.551 -9.990e-29
     34.353     4.7891 188.003886     2.1612 4.4530e+00     0.1066    97.3694 8.4249e-02 4.7456e+02  0.3984652     35.030    12.9910    315.546 -9.990e-29
     34.350     4.7886 187.991938     2.1624 4.4530e+00     0.1066    97.3694 8.5470e-02 4.7456e+02  0.3984652     35.027    13.0000    315.531 -9.990e-29
     34.348     4.7890 187.991939     2.1624 4.4530e+00     0.1056    97.3955 8.7912e-02 4.7456e+02  0.3984652     35.025    12.9967    315.527 -9.990e-29
     34.345     4.7886 187.991940     2.1612 4.4530e+00     0.1056    97.3955 8.7912e-02 4.7456e+02  0.3984652     35.022    12.9872    315.531 -9.990e-29
     34.340     4.7890 188.027777     2.1624 4.4530e+00     0.1056    97.3955 8.7912e-02 4.7456e+02  0.3984652     35.017    12.9959    315.587 -9.990e-29
     34.335     4.7888 188.003886     2.1612 4.4530e+00     0.1066    97.3694 8.7912e-02 4.7456e+02  0.3984652     35.012    12.9863    315.549 -9.990e-29
     34.331     4.7888 187.991938     2.1612 4.4530e+00     0.1066    97.3694 9.0354e-02 4.7652e+02  0.3984652     35.008    12.9846    315.529 -9.990e-29
     34.327     4.7890 187.991939     2.1612 4.4530e+00     0.1066    97.3694 9.2796e-02 4.7652e+02  0.3984652     35.004    12.9856    315.527 -9.990e-29
     34.322     4.7888 187.991939     2.1624 4.4530e+00     0.1056    97.3955 9.2796e-02 4.7652e+02  0.3984652     34.999    12.9932    315.529 -9.990e-29
     34.316     4.7888 188.027778     2.1612 4.4530e+00     0.1066    97.3694 9.0354e-02 4.7652e+02  0.3984652     34.993    12.9810    315.589 -9.990e-29
     34.310     4.7886 187.956099     2.1600 4.4658e+00     0.1066    97.3694 9.0354e-02 4.7652e+02  0.3984652     34.986    12.9730    315.471 -9.990e-29
     34.305     4.7886 187.968045     2.1600 4.4530e+00     0.1056    97.3955 8.9133e-02 4.7652e+02  0.3984652     34.981    12.9740    315.491 -9.990e-29
     34.301     4.7888 187.991938     2.1612 4.4658e+00     0.1066    97.3694 8.9133e-02 4.7652e+02  0.3984652     34.977    12.9828    315.529 -9.990e-29
     34.298     4.7890 188.003885     2.1624 4.4787e+00     0.1056    97.3955 8.7912e-02 4.7652e+02  0.3988810     34.974    12.9903    315.547 -9.990e-29
     34.294     4.7888 188.051672     2.1624 4.4787e+00     0.1056    97.3955 8.7912e-02 4.7652e+02  0.3984652     34.970    12.9900    315.629 -9.990e-29
     34.288     4.7890 188.003884     2.1612 4.4787e+00     0.1056    97.3955 9.5238e-02 4.7652e+02  0.3984652     34.964    12.9805    315.547 -9.990e-29
     34.283     4.7886 187.956099     2.1612 4.4787e+00     0.1056    97.3955 1.0745e-01 4.7652e+02  0.3984652     34.959    12.9791    315.471 -9.990e-29
     34.278     4.7891 188.027778     2.1612 4.4787e+00     0.1056    97.3955 1.1111e-01 4.7652e+02  0.3984652     34.954    12.9802    315.586 -9.990e-29
     34.272     4.7885 187.956098     2.1612 4.4787e+00     0.1045    97.4217 1.0745e-01 4.7652e+02  0.3984652     34.948    12.9804    315.472 -9.990e-29
     34.266     4.7885 187.944152     2.1624 4.4916e+00     0.1056    97.3955 1.0256e-01 4.7652e+02  0.3984652     34.942    12.9909    315.452 -9.990e-29
     34.260     4.7883 187.979991     2.1624 4.4916e+00     0.1056    97.3955 9.7680e-02 4.7652e+02  0.3984652     34.935    12.9909    315.514 -9.990e-29
     34.255     4.7890 188.027777     2.1612 4.4916e+00     0.1056    97.3955 9.4017e-02 4.7652e+02  0.3984652     34.930    12.9813    315.587 -9.990e-29
     34.251     4.7886 188.015830     2.1612 4.4916e+00     0.1056    97.3955 9.4017e-02 4.7652e+02  0.3984652     34.926    12.9799    315.571 -9.990e-29
     34.246     4.7888 187.991938     2.1612 4.5046e+00     0.1056    97.3955 9.4017e-02 4.7652e+02  0.3984652     34.921    12.9784    315.529 -9.990e-29
     34.241     4.7890 188.027776     2.1612 4.5046e+00     0.1056    97.3955 9.6459e-02 4.7652e+02  0.3984652     34.916    12.9770    315.587 -9.990e-29
     34.236     4.7888 187.979991     2.1612 4.5046e+00     0.1066    97.3694 9.7680e-02 4.7652e+02  0.3984652     34.911    12.9771    315.509 -9.990e-29
     34.230     4.7891 187.979990     2.1600 4.5046e+00     0.1056    97.3955 9.7680e-02 4.7652e+02  0.3980495     34.905    12.9706    315.506 -9.990e-29
     34.224     4.7891 188.003884     2.1612 4.5176e+00     0.1056    97.3955 9.4017e-02 4.7652e+02  0.3980495     34.899    12.9813    315.546 -9.990e-29
     34.218     4.7888 188.015828     2.1612 4.5046e+00     0.1056    97.3955 8.9133e-02 4.7652e+02  0.3980495     34.893    12.9815    315.569 -9.990e-29
     34.214     4.7890 187.944151     2.1612 4.5046e+00     0.1056    97.3955 8.6691e-02 4.7652e+02  0.3980495     34.889    12.9829    315.447 -9.990e-29
     34.210     4.7893 187.968044     2.1600 4.5046e+00     0.1056    97.3955 8.6691e-02 4.7652e+02  0.3980495     34.884    12.9724    315.484 -9.990e-29
     34.204     4.7890 188.027776     2.1612 4.5176e+00     0.1056    97.3955 8.6691e-02 4.7652e+02  0.3980495     34.878    12.9820    315.587 -9.990e-29
     34.199     4.7891 188.003883     2.1600 4.5176e+00     0.1056    97.3955 8.9133e-02 4.7652e+02  0.3980495     34.873    12.9716    315.546 -9.990e-29
     34.194     4.7891 188.003883     2.1600 4.5176e+00     0.1056    97.3955 8.7912e-02 4.7652e+02  0.3980495     34.868    12.9733    315.546 -9.990e-29
     34.189     4.7893 188.015828     2.1624 4.5176e+00     0.1066    97.3694 8.7912e-02 4.7849e+02  0.3980495     34.863    12.9919    315.564 -9.990e-29
     34.185     4.7891 188.015829     2.1624 4.5306e+00     0.1056    97.3955 8.6691e-02 4.7849e+02  0.3980495     34.859    12.9896    315.566 -9.990e-29
     34.183     4.7893 187.991936     2.1612 4.5306e+00     0.1056    97.3955 8.6691e-02 4.7849e+02  0.3980495     34.857    12.9792    315.524 -9.990e-29
     34.180     4.7895 187.956096     2.1600 4.5306e+00     0.1056    97.3955 8.9133e-02 4.7849e+02  0.3984652     34.854    12.9702    315.462 -9.990e-29
     34.177     4.7893 187.979989     2.1612 4.5436e+00     0.1056    97.3955 9.0354e-02 4.7849e+02  0.3980495     34.851    12.9812    315.504 -9.990e-29
     34.173     4.7891 187.956096     2.1600 4.5306e+00     0.1056    97.3955 9.2796e-02 4.7849e+02  0.3984652     34.847    12.9738    315.466 -9.990e-29
     34.170     4.7893 187.932202     2.1600 4.5436e+00     0.1056    97.3955 9.0354e-02 4.7849e+02  0.3980495     34.844    12.9741    315.424 -9.990e-29
     34.167     4.7895 187.991936     2.1612 4.5436e+00     0.1056    97.3955 9.1575e-02 4.7849e+02  0.3984652     34.841    12.9850    315.522 -9.990e-29
     34.164     4.7895 187.991936     2.1612 4.5436e+00     0.1056    97.3955 9.6459e-02 4.7849e+02  0.3980495     34.838    12.9853    315.522 -9.990e-29
     34.160     4.7896 187.991935     2.1624 4.5567e+00     0.1056    97.3955 9.5238e-02 4.7849e+02  0.3980495     34.833    12.9935    315.521 -9.990e-29
     34.157     4.7895 188.003882     2.1612 4.5436e+00     0.1066    97.3694 9.1575e-02 4.7849e+02  0.3980495     34.830    12.9861    315.542 -9.990e-29
     34.154     4.7893 187.991935     2.1612 4.5436e+00     0.1056    97.3955 9.1575e-02 4.7849e+02  0.3980495     34.827    12.9881    315.524 -9.990e-29
     34.151     4.7893 187.956096     2.1600 4.5436e+00     0.1066    97.3694 9.4017e-02 4.7849e+02  0.3980495     34.824    12.9780    315.464 -9.990e-29
     34.148     4.7893 187.979988     2.1600 4.5436e+00     0.1056    97.3955 9.5238e-02 4.7849e+02  0.3980495     34.821    12.9772    315.504 -9.990e-29
     34.146     4.7895 187.944148     2.1600 4.5436e+00     0.1056    97.3955 9.4017e-02 4.7849e+02  0.3984652     34.819    12.9764    315.442 -9.990e-29
     34.144     4.7893 187.968043     2.1612 4.5436e+00     0.1056    97.3955 9.1575e-02 4.7849e+02  0.3984652     34.817    12.9850    315.484 -9.990e-29
