data/05_metadata_exports/SeabirdData/202305_SeabirdData/83296_stn55b-day.cnv
* Sea-Bird SBE 9 Data File:
* FileName = C:\Users\rosette\Rosette Data\2023\Ontario CSMI\stn55b-day.hex
* Software Version Seasave V 7.26.6.26
* Temperature SN = 5270
* Conductivity SN = 1168
* Number of Bytes Per Scan = 40
* Number of Voltage Words = 5
* Number of Scans Averaged by the Deck Unit = 1
* NMEA Latitude = 43 26.69 N
* NMEA Longitude = 077 26.36 W
* NMEA UTC (Time) = Oct 01 2003  15:15:52
* NMEA baud rate = 4800
** Ship: Lake Guardian
** Ontario CSMI LWFS
** Station:  stn55b-day
# nquan = 14                                
# nvalues = 7948                        
# units = specified
# name 0 = prDM: Pressure, Digiquartz [db]
# name 1 = t090C: Temperature [ITS-90, deg C]
# name 2 = c0uS/cm: Conductivity [uS/cm]
# name 3 = sbeox0V: Oxygen raw, SBE 43 [V]
# name 4 = par: PAR/Irradiance, Biospherical/Licor
# name 5 = bat: Beam Attenuation, Chelsea/Seatech [1/m]
# name 6 = xmiss: Beam Transmission, Chelsea/Seatech [%]
# name 7 = flSP: Fluorescence, Seapoint
# name 8 = spar: SPAR, Biospherical/Licor
# name 9 = upoly0: Upoly 0, Suna Nitrate
# name 10 = depFM: Depth [fresh water, m], lat = 43.4448
# name 11 = sbeox0Mg/L: Oxygen, SBE 43 [mg/l], WS = 2
# name 12 = specc: Specific Conductance [uS/cm]
# name 13 = flag: flag
# span 0 =     -0.239,      5.482       
# span 1 =     4.4718,     6.1419       
# span 2 =  33.145399, 193.894150       
# span 3 =     1.9035,     2.3284       
# span 4 = 5.0168e+02, 4.5732e+03       
# span 5 =     0.2056,     5.8873       
# span 6 =    22.9504,    94.9907       
# span 7 = 0.0000e+00, 1.1477e+00       
# span 8 = 1.7958e+03, 1.8076e+03       
# span 9 =  0.0741704,  0.3435846       
# span 10 =     -0.244,      5.590      
# span 11 =    10.4970,    13.7373      
# span 12 =     56.115,    311.488      
# span 13 = 0.0000e+00, 0.0000e+00      
# interval = seconds: 0.0416667
# start_time = Oct 01 2003 15:15:52 [NMEA time, header]
# bad_flag = -9.990e-29
*END*
[from data line 2994]
      4.308     6.1212 193.726780     2.3126 9.6326e+02     0.6474    85.0577 4.2735e-01 1.8057e+03  0.3315275      4.393    13.6276    311.231 0.0000e+00
      4.318     6.1223 193.690917     2.3126 9.7690e+02     0.6474    85.0577 4.1148e-01 1.8057e+03  0.3315275      4.403    13.6258    311.162 0.0000e+00
      4.330     6.1220 193.678964     2.3126 9.8517e+02     0.6461    85.0839 4.0293e-01 1.8057e+03  0.3315275      4.415    13.6255    311.146 0.0000e+00
      4.340     6.1219 193.726781     2.3126 9.8517e+02     0.6474    85.0577 3.9927e-01 1.8057e+03  0.3315275      4.426    13.6248    311.224 0.0000e+00
      4.350     6.1228 193.774599     2.3126 9.1572e+02     0.6474    85.0577 3.9560e-01 1.8057e+03  0.3319432      4.436    13.6235    311.292 0.0000e+00
      4.360     6.1235 193.786553     2.3126 8.5837e+02     0.6474    85.0577 4.0049e-01 1.8057e+03  0.3319432      4.446    13.6233    311.304 0.0000e+00
      4.369     6.1242 193.714826     2.3126 8.5116e+02     0.6461    85.0839 4.0904e-01 1.8057e+03  0.3315275      4.455    13.6229    311.182 0.0000e+00
      4.378     6.1242 193.774598     2.3126 8.3457e+02     0.6474    85.0577 4.0904e-01 1.8057e+03  0.3315275      4.464    13.6226    311.278 0.0000e+00
      4.388     6.1241 193.762644     2.3138 8.1601e+02     0.6474    85.0577 4.0904e-01 1.8057e+03  0.3315275      4.475    13.6322    311.260 0.0000e+00
      4.399     6.1242 193.750690     2.3138 8.1143e+02     0.6474    85.0577 4.0781e-01 1.8057e+03  0.3315275      4.486    13.6324    311.239 0.0000e+00
      4.410     6.1242 193.678963     2.3138 8.0011e+02     0.6523    84.9532 4.1392e-01 1.8057e+03  0.3315275      4.497    13.6325    311.124 0.0000e+00
      4.421     6.1249 193.702873     2.3126 7.8011e+02     0.6486    85.0316 4.1636e-01 1.8057e+03  0.3315275      4.508    13.6245    311.156 0.0000e+00
      4.433     6.1254 193.690917     2.3150 7.7574e+02     0.6474    85.0577 4.1270e-01 1.8057e+03  0.3315275      4.520    13.6414    311.131 0.0000e+00
      4.446     6.1257 193.714826     2.3138 8.0688e+02     0.6474    85.0577 4.0537e-01 1.8057e+03  0.3315275      4.534    13.6317    311.167 0.0000e+00
      4.459     6.1263 193.762644     2.3126 8.9284e+02     0.6474    85.0577 4.0049e-01 1.8057e+03  0.3315275      4.547    13.6216    311.238 0.0000e+00
      4.471     6.1265 193.750690     2.3138 9.2348e+02     0.6474    85.0577 4.0171e-01 1.8057e+03  0.3315275      4.559    13.6303    311.216 0.0000e+00
      4.483     6.1266 193.750690     2.3138 9.0803e+02     0.6474    85.0577 4.0293e-01 1.8057e+03  0.3319432      4.571    13.6300    311.215 0.0000e+00
      4.495     6.1270 193.750689     2.3138 8.5116e+02     0.6474    85.0577 4.0659e-01 1.8057e+03  0.3327747      4.584    13.6293    311.211 0.0000e+00
      4.507     6.1273 193.750689     2.3138 8.2989e+02     0.6474    85.0577 4.0537e-01 1.8057e+03  0.3327747      4.596    13.6284    311.208 0.0000e+00
      4.521     6.1270 193.750690     2.3138 8.2061e+02     0.6474    85.0577 4.0781e-01 1.8057e+03  0.3327747      4.610    13.6289    311.211 0.0000e+00
      4.537     6.1268 193.750691     2.3150 7.5635e+02     0.6474    85.0577 4.1026e-01 1.8057e+03  0.3331905      4.626    13.6379    311.213 0.0000e+00
      4.551     6.1265 193.774601     2.3150 7.2716e+02     0.6474    85.0577 4.0659e-01 1.8057e+03  0.3327747      4.641    13.6379    311.255 0.0000e+00
      4.565     6.1268 193.750691     2.3150 7.2716e+02     0.6474    85.0577 3.9927e-01 1.8057e+03  0.3331905      4.655    13.6360    311.213 0.0000e+00
      4.579     6.1262 193.774601     2.3150 7.7139e+02     0.6486    85.0316 3.9927e-01 1.8057e+03  0.3327747      4.669    13.6357    311.258 0.0000e+00
      4.594     6.1265 193.798509     2.3150 7.9786e+02     0.6510    84.9793 4.0293e-01 1.8057e+03  0.3331905      4.685    13.6347    311.293 0.0000e+00
      4.610     6.1268 193.738738     2.3150 8.0236e+02     0.6498    85.0055 4.0415e-01 1.8057e+03  0.3331905      4.701    13.6347    311.194 0.0000e+00
      4.627     6.1268 193.726783     2.3150 7.3745e+02     0.6523    84.9532 4.0659e-01 1.8057e+03  0.3331905      4.718    13.6346    311.175 0.0000e+00
      4.643     6.1270 193.690921     2.3150 6.9127e+02     0.6510    84.9793 4.0781e-01 1.8057e+03  0.3331905      4.735    13.6355    311.115 0.0000e+00
      4.659     6.1273 193.750692     2.3150 6.8546e+02     0.6510    84.9793 4.0537e-01 1.8057e+03  0.3331905      4.751    13.6349    311.208 0.0000e+00
      4.675     6.1268 193.786556     2.3150 6.8933e+02     0.6510    84.9793 4.0171e-01 1.8057e+03  0.3331905      4.767    13.6343    311.271 0.0000e+00
      4.691     6.1265 193.738740     2.3150 6.9321e+02     0.6510    84.9793 4.0171e-01 1.8057e+03  0.3336063      4.783    13.6335    311.197 0.0000e+00
      4.707     6.1258 193.738740     2.3150 6.9321e+02     0.6510    84.9793 4.0659e-01 1.8057e+03  0.3336063      4.800    13.6338    311.204 0.0000e+00
      4.723     6.1255 193.750695     2.3175 6.9321e+02     0.6498    85.0055 4.1148e-01 1.8057e+03  0.3331905      4.816    13.6509    311.226 0.0000e+00
      4.739     6.1252 193.750696     2.3162 6.9127e+02     0.6498    85.0055 4.1514e-01 1.8057e+03  0.3331905      4.832    13.6411    311.229 0.0000e+00
      4.755     6.1247 193.774604     2.3162 6.9127e+02     0.6634    84.7179 4.1392e-01 1.8057e+03  0.3331905      4.849    13.6408    311.273 0.0000e+00
      4.772     6.1247 193.798515     2.3175 6.9321e+02     0.6807    84.3520 4.1392e-01 1.8057e+03  0.3331905      4.866    13.6510    311.311 0.0000e+00
      4.788     6.1242 193.762650     2.3162 6.9712e+02     0.6844    84.2735 4.1636e-01 1.8057e+03  0.3331905      4.882    13.6394    311.259 0.0000e+00
      4.806     6.1247 193.750697     2.3162 6.9909e+02     0.6658    84.6656 4.2002e-01 1.8057e+03  0.3331905      4.901    13.6394    311.234 0.0000e+00
      4.823     6.1242 193.774606     2.3162 7.1902e+02     0.6523    84.9532 4.2002e-01 1.8057e+03  0.3331905      4.918    13.6384    311.278 0.0000e+00
      4.841     6.1246 193.786561     2.3175 8.0011e+02     0.6498    85.0055 4.2125e-01 1.8057e+03  0.3331905      4.936    13.6465    311.293 0.0000e+00
      4.859     6.1244 193.750698     2.3175 8.3223e+02     0.6498    85.0055 4.2369e-01 1.8057e+03  0.3331905      4.955    13.6450    311.237 0.0000e+00
      4.876     6.1244 193.738744     2.3162 8.2524e+02     0.6498    85.0055 4.2857e-01 1.8057e+03  0.3331905      4.972    13.6336    311.218 0.0000e+00
      4.892     6.1242 193.726790     2.3162 7.7356e+02     0.6498    85.0055 4.3223e-01 1.8057e+03  0.3331905      4.988    13.6318    311.201 0.0000e+00
      4.909     6.1241 193.726791     2.3175 7.5211e+02     0.6523    84.9532 4.3101e-01 1.8057e+03  0.3336063      5.006    13.6394    311.202 0.0000e+00
      4.925     6.1242 193.690927     2.3175 7.5211e+02     0.6547    84.9009 4.2735e-01 1.8057e+03  0.3336063      5.022    13.6383    311.143 0.0000e+00
      4.942     6.1244 193.714836     2.3175 7.9562e+02     0.6547    84.9009 4.2369e-01 1.8057e+03  0.3331905      5.039    13.6383    311.180 0.0000e+00
      4.959     6.1242 193.726792     2.3162 8.1831e+02     0.6560    84.8748 4.2002e-01 1.8057e+03  0.3331905      5.057    13.6275    311.201 0.0000e+00
      4.975     6.1244 193.786563     2.3175 8.2061e+02     0.6547    84.9009 4.2002e-01 1.8057e+03  0.3336063      5.073    13.6368    311.295 0.0000e+00
      4.993     6.1242 193.762655     2.3175 7.5211e+02     0.6560    84.8748 4.1880e-01 1.8057e+03  0.3331905      5.091    13.6365    311.259 0.0000e+00
      5.010     6.1241 193.726793     2.3175 7.1098e+02     0.6560    84.8748 4.1880e-01 1.8057e+03  0.3331905      5.109    13.6348    311.202 0.0000e+00
      5.025     6.1239 193.762655     2.3175 7.0501e+02     0.6547    84.9009 4.2247e-01 1.8057e+03  0.3331905      5.124    13.6330    311.262 0.0000e+00
      5.041     6.1239 193.750702     2.3187 7.1902e+02     0.6547    84.9009 4.3346e-01 1.8057e+03  0.3336063      5.140    13.6411    311.242 0.0000e+00
      5.058     6.1231 193.750702     2.3175 7.3126e+02     0.6547    84.9009 4.3712e-01 1.8057e+03  0.3352693      5.158    13.6317    311.250 0.0000e+00
      5.073     6.1225 193.738750     2.3175 7.3332e+02     0.6547    84.9009 4.3101e-01 1.8057e+03  0.3340220      5.173    13.6309    311.237 0.0000e+00
      5.087     6.1214 193.738749     2.3175 7.6922e+02     0.6560    84.8748 4.2247e-01 1.8057e+03  0.3344378      5.187    13.6301    311.248 0.0000e+00
      5.102     6.1191 193.678980     2.3187 8.2061e+02     0.6547    84.9009 4.1758e-01 1.8057e+03  0.3344378      5.203    13.6385    311.175 0.0000e+00
      5.116     6.1173 193.726798     2.3175 8.3223e+02     0.6547    84.9009 4.1392e-01 1.8057e+03  0.3348536      5.217    13.6300    311.270 0.0000e+00
      5.131     6.1177 193.702889     2.3175 8.2524e+02     0.6547    84.9009 4.1270e-01 1.8057e+03  0.3348536      5.232    13.6308    311.228 0.0000e+00
      5.146     6.1188 193.714844     2.3175 8.1372e+02     0.6560    84.8748 4.1636e-01 1.8057e+03  0.3348536      5.247    13.6299    311.236 0.0000e+00
      5.161     6.1180 193.762662     2.3187 8.0916e+02     0.6547    84.9009 4.1758e-01 1.8057e+03  0.3344378      5.263    13.6396    311.321 0.0000e+00
      5.175     6.1176 193.714845     2.3175 8.0462e+02     0.6560    84.8748 4.1514e-01 1.8057e+03  0.3344378      5.277    13.6328    311.248 0.0000e+00
      5.188     6.1178 193.726800     2.3175 7.8231e+02     0.6547    84.9009 4.1270e-01 1.8057e+03  0.3344378      5.290    13.6330    311.265 0.0000e+00
      5.201     6.1183 193.726799     2.3175 7.7574e+02     0.6547    84.9009 4.1148e-01 1.8057e+03  0.3344378      5.304    13.6318    311.260 0.0000e+00
      5.213     6.1180 193.690937     2.3187 7.6922e+02     0.6560    84.8748 4.1636e-01 1.8057e+03  0.3344378      5.316    13.6409    311.205 0.0000e+00
      5.225     6.1167 193.714846     2.3175 7.3953e+02     0.6535    84.9270 4.1636e-01 1.8057e+03  0.3344378      5.328    13.6338    311.257 0.0000e+00
      5.237     6.1156 193.690938     2.3175 7.2716e+02     0.6535    84.9270 4.1880e-01 1.8076e+03  0.3344378      5.340    13.6342    311.229 0.0000e+00
      5.249     6.1151 193.678986     2.3175 7.2105e+02     0.6535    84.9270 4.2979e-01 1.8076e+03  0.3344378      5.352    13.6342    311.215 0.0000e+00
      5.259     6.1153 193.619214     2.3175 6.6645e+02     0.6535    84.9270 4.2979e-01 1.8076e+03  0.3344378      5.363    13.6337    311.117 0.0000e+00
      5.269     6.1153 193.690939     2.3187 6.3893e+02     0.6523    84.9532 4.2857e-01 1.8076e+03  0.3344378      5.373    13.6422    311.232 0.0000e+00
      5.280     6.1150 193.738757     2.3187 6.3713e+02     0.6535    84.9270 4.3223e-01 1.8076e+03  0.3352693      5.384    13.6419    311.312 0.0000e+00
      5.291     6.1150 193.774622     2.3175 6.3713e+02     0.6523    84.9532 4.3468e-01 1.8076e+03  0.3336063      5.395    13.6338    311.370 0.0000e+00
      5.301     6.1151 193.714849     2.3187 6.3713e+02     0.6523    84.9532 4.3590e-01 1.8076e+03  0.3327747      5.406    13.6418    311.273 0.0000e+00
      5.309     6.1154 193.714848     2.3187 6.3713e+02     0.6535    84.9270 4.3834e-01 1.8076e+03  0.3331905      5.414    13.6422    311.270 0.0000e+00
      5.319     6.1155 193.690941     2.3175 6.3893e+02     0.6535    84.9270 4.4567e-01 1.8057e+03  0.3331905      5.424    13.6325    311.230 0.0000e+00
      5.327     6.1156 193.762667     2.3175 6.4073e+02     0.6535    84.9270 4.5055e-01 1.8057e+03  0.3331905      5.432    13.6327    311.345 0.0000e+00
      5.335     6.1159 193.690940     2.3187 6.4073e+02     0.6535    84.9270 4.3956e-01 1.8057e+03  0.3331905      5.440    13.6417    311.226 0.0000e+00
      5.343     6.1161 193.702895     2.3187 6.6086e+02     0.6523    84.9532 4.3101e-01 1.8057e+03  0.3331905      5.448    13.6418    311.244 0.0000e+00
      5.351     6.1158 193.619215     2.3187 6.8739e+02     0.6535    84.9270 4.3223e-01 1.8057e+03  0.3336063      5.457    13.6420    311.112 0.0000e+00
      5.359     6.1154 193.631170     2.3187 6.9127e+02     0.6535    84.9270 4.4200e-01 1.8057e+03  0.3331905      5.465    13.6434    311.135 0.0000e+00
      5.366     6.1148 193.655078     2.3187 6.6645e+02     0.6535    84.9270 4.5543e-01 1.8057e+03  0.3336063      5.472    13.6447    311.180 0.0000e+00
      5.373     6.1143 193.702897     2.3199 6.2648e+02     0.6547    84.9009 4.5910e-01 1.8057e+03  0.3336063      5.479    13.6547    311.262 0.0000e+00
      5.380     6.1141 193.690943     2.3187 6.1599e+02     0.6535    84.9270 4.5665e-01 1.8057e+03  0.3336063      5.486    13.6444    311.244 0.0000e+00
      5.386     6.1142 193.690941     2.3187 6.1426e+02     0.6535    84.9270 4.5788e-01 1.8057e+03  0.3336063      5.492    13.6440    311.243 0.0000e+00
      5.393     6.1143 193.714851     2.3199 6.1082e+02     0.6584    84.8225 4.5788e-01 1.8057e+03  0.3340220      5.499    13.6523    311.281 0.0000e+00
      5.400     6.1130 193.690944     2.3199 6.0739e+02     0.6597    84.7963 4.5543e-01 1.8057e+03  0.3340220      5.506    13.6522    311.255 -9.990e-29
      5.404     6.1098 193.643128     2.3199 6.0910e+02     0.6547    84.9009 4.5665e-01 1.8057e+03  0.3336063      5.511    13.6516    311.211 -9.990e-29
      5.409     6.1054 193.655085     2.3187 6.1599e+02     0.6535    84.9270 4.5665e-01 1.8057e+03  0.3336063      5.516    13.6438    311.274 -9.990e-29
      5.413     6.1031 193.631179     2.3199 6.1773e+02     0.6560    84.8748 4.6276e-01 1.8076e+03  0.3331905      5.520    13.6528    311.258 -9.990e-29
      5.417     6.1012 193.583362     2.3199 6.1947e+02     0.6547    84.9009 4.7131e-01 1.8076e+03  0.3331905      5.524    13.6539    311.201 -9.990e-29
      5.422     6.1000 193.607271     2.3187 6.2472e+02     0.6535    84.9270 4.7131e-01 1.8057e+03  0.3331905      5.529    13.6446    311.251 0.0000e+00
      5.427     6.0988 193.631182     2.3199 6.2648e+02     0.6560    84.8748 4.6642e-01 1.8057e+03  0.3336063      5.534    13.6541    311.302 -9.990e-29
      5.430     6.0969 193.571412     2.3199 6.2648e+02     0.6535    84.9270 4.6764e-01 1.8057e+03  0.3336063      5.537    13.6549    311.224 -9.990e-29
      5.432     6.0969 193.631183     2.3187 6.2648e+02     0.6523    84.9532 4.7253e-01 1.8057e+03  0.3336063      5.539    13.6460    311.321 -9.990e-29
      5.431     6.0986 193.667045     2.3187 6.2472e+02     0.6510    84.9793 4.7253e-01 1.8057e+03  0.3336063      5.538    13.6451    311.361 -9.990e-29
      5.429     6.1007 193.607272     2.3199 6.2472e+02     0.6523    84.9532 4.7009e-01 1.8057e+03  0.3336063      5.536    13.6529    311.244 -9.990e-29
      5.426     6.1030 193.643132     2.3199 6.3713e+02     0.6510    84.9793 4.6764e-01 1.8057e+03  0.3340220      5.533    13.6504    311.279 -9.990e-29
      5.423     6.1047 193.667041     2.3199 6.4616e+02     0.6510    84.9793 4.6764e-01 1.8057e+03  0.3331905      5.530    13.6506    311.300 -9.990e-29
      5.420     6.1073 193.678993     2.3187 6.4798e+02     0.6510    84.9793 4.6886e-01 1.8057e+03  0.3327747      5.527    13.6402    311.293 -9.990e-29
      5.416     6.1111 193.667037     2.3199 6.3178e+02     0.6510    84.9793 4.7009e-01 1.8057e+03  0.3323590      5.523    13.6470    311.236 -9.990e-29
      5.412     6.1132 193.774624     2.3199 6.1599e+02     0.6510    84.9793 4.7253e-01 1.8057e+03  0.3323590      5.519    13.6442    311.388 -9.990e-29
      5.409     6.1142 193.643125     2.3187 6.1426e+02     0.6510    84.9793 4.7497e-01 1.8057e+03  0.3323590      5.516    13.6342    311.167 -9.990e-29
      5.407     6.1153 193.702898     2.3199 6.3178e+02     0.6510    84.9793 4.7253e-01 1.8057e+03  0.3323590      5.514    13.6417    311.252 -9.990e-29
