data/05_metadata_exports/SeabirdData/202305_SeabirdData/83296_stn55b-day.cnv
* Sea-Bird SBE 9 Data File:
* FileName = C:\Users\rosette\Rosette Data\2023\Ontario CSMI\stn55b-day.hex
* Software Version Seasave V 7.26.6.26
* Temperature SN = 5270
* Conductivity SN = 1168
* Number of Bytes Per Scan = 40
* Number of Voltage Words = 5
* Number of Scans Averaged by the Deck Unit = 1
* NMEA Latitude = 43 26.69 N
* NMEA Longitude = 077 26.36 W
* NMEA UTC (Time) = Oct 01 2003  15:15:52
* NMEA baud rate = 4800
** Ship: Lake Guardian
** Ontario CSMI LWFS
** Station:  stn55b-day
# nquan = 14                                
# nvalues = 7948                        
# units = specified
# name 0 = prDM: Pressure, Digiquartz [db]
# name 1 = t090C: Temperature [ITS-90, deg C]
# name 2 = c0uS/cm: Conductivity [uS/cm]
# name 3 = sbeox0V: Oxygen raw, SBE 43 [V]
# name 4 = par: PAR/Irradiance, Biospherical/Licor
# name 5 = bat: Beam Attenuation, Chelsea/Seatech [1/m]
# name 6 = xmiss: Beam Transmission, Chelsea/Seatech [%]
# name 7 = flSP: Fluorescence, Seapoint
# name 8 = spar: SPAR, Biospherical/Licor
# name 9 = upoly0: Upoly 0, Suna Nitrate
# name 10 = depFM: Depth [fresh water, m], lat = 43.4448
# name 11 = sbeox0Mg/L: Oxygen, SBE 43 [mg/l], WS = 2
# name 12 = specc: Specific Conductance [uS/cm]
# name 13 = flag: flag
# span 0 =     -0.239,      5.482       
# span 1 =     4.4718,     6.1419       
# span 2 =  33.145399, 193.894150       
# span 3 =     1.9035,     2.3284       
# span 4 = 5.0168e+02, 4.5732e+03       
# span 5 =     0.2056,     5.8873       
# span 6 =    22.9504,    94.9907       
# span 7 = 0.0000e+00, 1.1477e+00       
# span 8 = 1.7958e+03, 1.8076e+03       
# span 9 =  0.0741704,  0.3435846       
# span 10 =     -0.244,      5.590      
# span 11 =    10.4970,    13.7373      
# span 12 =     56.115,    311.488      
# span 13 = 0.0000e+00, 0.0000e+00      
# interval = seconds: 0.0416667
# start_time = Oct 01 2003 15:15:52 [NMEA time, header]
# bad_flag = -9.990e-29
*END*
[from data line 7226]
      4.960     6.1250 193.667018     2.3272 8.4639e+02     0.6486    85.0316 4.0537e-01 1.8076e+03  0.3356851      5.058    13.6696    311.097 -9.990e-29
      4.959     6.1238 193.714837     2.3260 8.7544e+02     0.6486    85.0316 3.9805e-01 1.8076e+03  0.3356851      5.057    13.6608    311.186 -9.990e-29
      4.959     6.1231 193.738747     2.3272 8.5837e+02     0.6474    85.0577 4.0415e-01 1.8076e+03  0.3356851      5.057    13.6696    311.231 -9.990e-29
      4.960     6.1228 193.702883     2.3260 8.3457e+02     0.6474    85.0577 4.1758e-01 1.8076e+03  0.3356851      5.058    13.6605    311.177 -9.990e-29
      4.959     6.1232 193.714838     2.3272 8.2756e+02     0.6486    85.0316 4.3223e-01 1.8076e+03  0.3356851      5.057    13.6689    311.192 -9.990e-29
      4.958     6.1238 193.738745     2.3272 7.9562e+02     0.6486    85.0316 4.3834e-01 1.8076e+03  0.3361008      5.056    13.6684    311.224 -9.990e-29
      4.958     6.1239 193.702883     2.3272 7.0501e+02     0.6486    85.0316 4.3101e-01 1.8076e+03  0.3365166      5.056    13.6706    311.166 -9.990e-29
      4.957     6.1238 193.798517     2.3260 6.7399e+02     0.6474    85.0577 4.1514e-01 1.8076e+03  0.3369324      5.055    13.6627    311.320 -9.990e-29
      4.956     6.1229 193.798519     2.3272 6.7399e+02     0.6486    85.0316 4.0171e-01 1.8076e+03  0.3365166      5.054    13.6729    311.329 -9.990e-29
      4.955     6.1223 193.714837     2.3260 6.7021e+02     0.6486    85.0316 3.9927e-01 1.8076e+03  0.3385954      5.053    13.6642    311.201 -9.990e-29
      4.954     6.1228 193.690930     2.3260 6.6833e+02     0.6486    85.0316 4.0659e-01 1.8076e+03  0.3361008      5.052    13.6651    311.157 -9.990e-29
      4.953     6.1239 193.774608     2.3260 6.7210e+02     0.6486    85.0316 4.1758e-01 1.8076e+03  0.3361008      5.051    13.6658    311.281 -9.990e-29
      4.952     6.1244 193.762654     2.3260 7.0898e+02     0.6486    85.0316 4.2125e-01 1.8076e+03  0.3361008      5.050    13.6668    311.257 -9.990e-29
      4.951     6.1242 193.750701     2.3260 7.2920e+02     0.6486    85.0316 4.1514e-01 1.8076e+03  0.3365166      5.049    13.6668    311.239 -9.990e-29
      4.949     6.1247 193.786562     2.3260 7.3126e+02     0.6486    85.0316 4.1148e-01 1.8076e+03  0.3365166      5.047    13.6667    311.292 -9.990e-29
      4.947     6.1252 193.774608     2.3272 6.8933e+02     0.6486    85.0316 4.1148e-01 1.8076e+03  0.3365166      5.045    13.6754    311.268 -9.990e-29
      4.946     6.1255 193.702882     2.3272 6.6272e+02     0.6461    85.0839 4.1148e-01 1.8076e+03  0.3365166      5.044    13.6765    311.150 -9.990e-29
      4.944     6.1252 193.714836     2.3272 6.5900e+02     0.6437    85.1362 4.1148e-01 1.8076e+03  0.3365166      5.041    13.6767    311.172 -9.990e-29
      4.942     6.1263 193.786561     2.3260 6.5530e+02     0.6437    85.1362 4.0659e-01 1.8076e+03  0.3365166      5.039    13.6675    311.276 -9.990e-29
      4.942     6.1263 193.738744     2.3260 6.4798e+02     0.6424    85.1623 3.9805e-01 1.8076e+03  0.3369324      5.039    13.6677    311.199 -9.990e-29
      4.941     6.1268 193.726790     2.3260 6.4798e+02     0.6424    85.1623 3.9560e-01 1.8076e+03  0.3369324      5.038    13.6677    311.175 -9.990e-29
      4.938     6.1265 193.738744     2.3272 6.5530e+02     0.6437    85.1362 4.0293e-01 1.8076e+03  0.3369324      5.035    13.6769    311.197 -9.990e-29
      4.935     6.1265 193.774607     2.3260 6.6458e+02     0.6437    85.1362 4.1148e-01 1.8057e+03  0.3365166      5.032    13.6684    311.255 -9.990e-29
      4.932     6.1260 193.738744     2.3260 6.6645e+02     0.6437    85.1362 4.1026e-01 1.8057e+03  0.3365166      5.029    13.6689    311.202 -9.990e-29
      4.930     6.1260 193.726789     2.3260 6.9712e+02     0.6424    85.1623 4.0537e-01 1.8057e+03  0.3365166      5.027    13.6691    311.183 -9.990e-29
      4.929     6.1265 193.690926     2.3260 7.5423e+02     0.6424    85.1623 3.9927e-01 1.8057e+03  0.3365166      5.026    13.6704    311.120 -9.990e-29
      4.927     6.1260 193.726789     2.3272 7.7139e+02     0.6437    85.1362 3.9805e-01 1.8057e+03  0.3365166      5.024    13.6784    311.183 -9.990e-29
      4.926     6.1262 193.774607     2.3260 7.8011e+02     0.6437    85.1362 4.0293e-01 1.8057e+03  0.3365166      5.023    13.6697    311.258 -9.990e-29
      4.924     6.1258 193.774607     2.3260 8.0462e+02     0.6437    85.1362 4.0293e-01 1.8057e+03  0.3365166      5.021    13.6701    311.262 -9.990e-29
      4.922     6.1252 193.750699     2.3260 8.1372e+02     0.6424    85.1623 4.0293e-01 1.8057e+03  0.3365166      5.019    13.6718    311.229 -9.990e-29
      4.920     6.1244 193.774607     2.3284 8.0236e+02     0.6437    85.1362 3.9805e-01 1.8057e+03  0.3369324      5.017    13.6901    311.276 -9.990e-29
      4.919     6.1239 193.786563     2.3272 7.4370e+02     0.6437    85.1362 3.9316e-01 1.8057e+03  0.3369324      5.016    13.6817    311.300 -9.990e-29
      4.918     6.1241 193.750699     2.3260 7.2308e+02     0.6437    85.1362 3.9438e-01 1.8057e+03  0.3365166      5.015    13.6719    311.240 -9.990e-29
      4.917     6.1246 193.774608     2.3260 7.2511e+02     0.6424    85.1623 3.9072e-01 1.8057e+03  0.3344378      5.014    13.6721    311.274 -9.990e-29
      4.914     6.1242 193.738745     2.3272 7.5848e+02     0.6437    85.1362 3.8584e-01 1.8057e+03  0.3331905      5.011    13.6802    311.220 -9.990e-29
      4.913     6.1242 193.726790     2.3272 7.7574e+02     0.6437    85.1362 3.9072e-01 1.8057e+03  0.3331905      5.010    13.6793    311.201 -9.990e-29
      4.912     6.1238 193.690928     2.3260 7.7792e+02     0.6449    85.1100 3.8828e-01 1.8057e+03  0.3331905      5.009    13.6698    311.147 -9.990e-29
      4.911     6.1233 193.714837     2.3260 8.1601e+02     0.6474    85.0577 3.8217e-01 1.8057e+03  0.3336063      5.008    13.6703    311.191 -9.990e-29
      4.910     6.1224 193.726791     2.3260 8.3928e+02     0.6461    85.0839 3.7851e-01 1.8057e+03  0.3331905      5.007    13.6697    311.219 -9.990e-29
      4.908     6.1222 193.690929     2.3272 8.4164e+02     0.6461    85.0839 3.8217e-01 1.8057e+03  0.3336063      5.005    13.6777    311.163 -9.990e-29
      4.907     6.1222 193.714836     2.3272 8.4639e+02     0.6461    85.0839 3.8706e-01 1.8057e+03  0.3336063      5.004    13.6781    311.202 -9.990e-29
      4.906     6.1217 193.762655     2.3260 8.5116e+02     0.6461    85.0839 3.9194e-01 1.8057e+03  0.3336063      5.003    13.6711    311.284 -9.990e-29
      4.905     6.1212 193.774610     2.3260 8.5116e+02     0.6461    85.0839 3.8828e-01 1.8057e+03  0.3336063      5.002    13.6717    311.308 -9.990e-29
      4.904     6.1214 193.738746     2.3260 8.4639e+02     0.6461    85.0839 3.7729e-01 1.8057e+03  0.3336063      5.001    13.6708    311.248 -9.990e-29
      4.903     6.1215 193.726792     2.3260 8.4164e+02     0.6461    85.0839 3.7118e-01 1.8057e+03  0.3336063      5.000    13.6699    311.228 -9.990e-29
      4.902     6.1219 193.726791     2.3260 8.4164e+02     0.6461    85.0839 3.6996e-01 1.8057e+03  0.3336063      4.999    13.6689    311.224 -9.990e-29
      4.900     6.1214 193.726793     2.3260 8.1831e+02     0.6461    85.0839 3.7973e-01 1.8057e+03  0.3340220      4.997    13.6696    311.229 -9.990e-29
      4.898     6.1192 193.678975     2.3272 7.8672e+02     0.6461    85.0839 3.9072e-01 1.8057e+03  0.3340220      4.995    13.6785    311.174 -9.990e-29
      4.896     6.1169 193.667024     2.3272 7.8011e+02     0.6474    85.0577 3.9072e-01 1.8057e+03  0.3336063      4.993    13.6786    311.178 -9.990e-29
      4.893     6.1151 193.702887     2.3272 7.4370e+02     0.6461    85.0839 3.8950e-01 1.8057e+03  0.3336063      4.989    13.6785    311.254 -9.990e-29
      4.891     6.1135 193.619208     2.3260 6.6458e+02     0.6461    85.0839 3.8462e-01 1.8057e+03  0.3336063      4.987    13.6695    311.135 -9.990e-29
      4.890     6.1128 193.667025     2.3260 6.4253e+02     0.6461    85.0839 3.7241e-01 1.8057e+03  0.3336063      4.986    13.6703    311.219 -9.990e-29
      4.890     6.1121 193.690935     2.3272 6.3713e+02     0.6461    85.0839 3.6996e-01 1.8057e+03  0.3336063      4.986    13.6787    311.264 -9.990e-29
      4.889     6.1123 193.667025     2.3272 6.1773e+02     0.6461    85.0839 3.6996e-01 1.8057e+03  0.3336063      4.985    13.6779    311.224 -9.990e-29
      4.889     6.1129 193.667025     2.3260 6.1082e+02     0.6474    85.0577 3.7118e-01 1.8057e+03  0.3336063      4.985    13.6681    311.218 -9.990e-29
      4.889     6.1134 193.678979     2.3260 6.1773e+02     0.6474    85.0577 3.7363e-01 1.8057e+03  0.3336063      4.985    13.6698    311.232 -9.990e-29
      4.888     6.1134 193.667026     2.3260 6.7210e+02     0.6498    85.0055 3.7729e-01 1.8057e+03  0.3336063      4.984    13.6704    311.213 -9.990e-29
      4.887     6.1129 193.678979     2.3260 6.9712e+02     0.6523    84.9532 3.8095e-01 1.8057e+03  0.3336063      4.983    13.6701    311.237 -9.990e-29
      4.885     6.1129 193.667025     2.3260 7.0106e+02     0.6535    84.9270 3.7973e-01 1.8057e+03  0.3340220      4.981    13.6695    311.218 -9.990e-29
      4.885     6.1127 193.678979     2.3260 7.1700e+02     0.6535    84.9270 3.8095e-01 1.8057e+03  0.3344378      4.981    13.6703    311.239 -9.990e-29
      4.884     6.1134 193.690934     2.3260 7.2511e+02     0.6510    84.9793 3.8706e-01 1.8057e+03  0.3348536      4.980    13.6708    311.251 -9.990e-29
      4.884     6.1156 193.714840     2.3272 7.2716e+02     0.6523    84.9532 3.9194e-01 1.8057e+03  0.3348536      4.980    13.6771    311.268 -9.990e-29
      4.884     6.1183 193.738749     2.3260 7.1902e+02     0.6535    84.9270 3.9072e-01 1.8057e+03  0.3348536      4.980    13.6656    311.279 -9.990e-29
      4.885     6.1207 193.726792     2.3260 7.1298e+02     0.6523    84.9532 3.9194e-01 1.8057e+03  0.3348536      4.981    13.6643    311.236 -9.990e-29
      4.884     6.1231 193.738745     2.3260 7.1298e+02     0.6535    84.9270 3.9316e-01 1.8057e+03  0.3344378      4.980    13.6643    311.231 -9.990e-29
      4.884     6.1254 193.774607     2.3272 6.9909e+02     0.6523    84.9532 3.9194e-01 1.8057e+03  0.3348536      4.980    13.6733    311.266 -9.990e-29
      4.885     6.1268 193.726788     2.3260 6.8546e+02     0.6523    84.9532 3.8706e-01 1.8057e+03  0.3348536      4.981    13.6636    311.175 -9.990e-29
      4.885     6.1281 193.786560     2.3260 6.8162e+02     0.6535    84.9270 3.8217e-01 1.8057e+03  0.3348536      4.981    13.6641    311.258 -9.990e-29
      4.884     6.1288 193.762650     2.3260 6.9517e+02     0.6523    84.9532 3.8706e-01 1.8057e+03  0.3348536      4.980    13.6648    311.213 -9.990e-29
      4.883     6.1292 193.786559     2.3260 7.1499e+02     0.6523    84.9532 3.9805e-01 1.8057e+03  0.3348536      4.979    13.6642    311.247 -9.990e-29
      4.883     6.1292 193.714832     2.3260 7.1902e+02     0.6523    84.9532 4.1026e-01 1.8057e+03  0.3348536      4.979    13.6627    311.132 -9.990e-29
      4.883     6.1294 193.762650     2.3260 7.1098e+02     0.6523    84.9532 4.1270e-01 1.8057e+03  0.3348536      4.979    13.6623    311.207 -9.990e-29
      4.884     6.1296 193.714832     2.3260 6.9517e+02     0.6523    84.9532 4.0659e-01 1.8057e+03  0.3352693      4.980    13.6632    311.128 -9.990e-29
      4.886     6.1291 193.762650     2.3260 6.8933e+02     0.6510    84.9793 3.9805e-01 1.8057e+03  0.3352693      4.982    13.6632    311.210 -9.990e-29
      4.886     6.1284 193.750697     2.3260 7.0501e+02     0.6523    84.9532 3.9927e-01 1.8057e+03  0.3352693      4.982    13.6633    311.197 -9.990e-29
      4.886     6.1281 193.750696     2.3260 7.5635e+02     0.6535    84.9270 3.9560e-01 1.8057e+03  0.3348536      4.982    13.6622    311.200 -9.990e-29
      4.886     6.1280 193.750696     2.3260 7.7574e+02     0.6510    84.9793 3.8950e-01 1.8057e+03  0.3348536      4.982    13.6634    311.201 -9.990e-29
      4.887     6.1281 193.774605     2.3260 7.8894e+02     0.6498    85.0055 3.9316e-01 1.8057e+03  0.3348536      4.983    13.6646    311.239 -9.990e-29
      4.888     6.1281 193.714834     2.3260 8.6808e+02     0.6486    85.0316 3.9438e-01 1.8057e+03  0.3348536      4.984    13.6647    311.143 -9.990e-29
      4.888     6.1283 193.726787     2.3260 9.0294e+02     0.6486    85.0316 3.9072e-01 1.8057e+03  0.3348536      4.984    13.6635    311.160 -9.990e-29
      4.888     6.1284 193.738741     2.3260 9.0294e+02     0.6486    85.0316 3.9072e-01 1.8057e+03  0.3348536      4.984    13.6636    311.178 -9.990e-29
      4.889     6.1284 193.774605     2.3260 8.6079e+02     0.6486    85.0316 3.9194e-01 1.8057e+03  0.3348536      4.985    13.6638    311.236 -9.990e-29
      4.890     6.1288 193.738741     2.3260 8.4164e+02     0.6486    85.0316 3.9683e-01 1.8057e+03  0.3348536      4.986    13.6638    311.174 -9.990e-29
      4.893     6.1284 193.690924     2.3260 8.3928e+02     0.6486    85.0316 3.9194e-01 1.8057e+03  0.3348536      4.989    13.6641    311.101 -9.990e-29
      4.896     6.1278 193.762652     2.3260 7.8011e+02     0.6486    85.0316 3.7729e-01 1.8057e+03  0.3352693      4.993    13.6657    311.223 -9.990e-29
      4.898     6.1274 193.786561     2.3248 7.4370e+02     0.6474    85.0577 3.7607e-01 1.8057e+03  0.3352693      4.995    13.6571    311.265 -9.990e-29
      4.898     6.1274 193.738742     2.3248 7.3953e+02     0.6486    85.0316 3.7973e-01 1.8057e+03  0.3352693      4.995    13.6585    311.188 -9.990e-29
      4.900     6.1273 193.726788     2.3260 7.2511e+02     0.6486    85.0316 3.8950e-01 1.8057e+03  0.3352693      4.997    13.6675    311.170 -9.990e-29
      4.903     6.1280 193.762651     2.3260 7.1098e+02     0.6486    85.0316 3.9683e-01 1.8057e+03  0.3348536      5.000    13.6674    311.221 -9.990e-29
      4.904     6.1286 193.798515     2.3260 7.0898e+02     0.6474    85.0577 4.0537e-01 1.8057e+03  0.3348536      5.001    13.6673    311.272 -9.990e-29
      4.904     6.1289 193.738741     2.3260 6.9909e+02     0.6474    85.0577 4.0659e-01 1.8057e+03  0.3348536      5.001    13.6686    311.173 -9.990e-29
      4.905     6.1288 193.726787     2.3272 6.8546e+02     0.6486    85.0316 4.0049e-01 1.8057e+03  0.3352693      5.002    13.6777    311.155 -9.990e-29
      4.908     6.1288 193.774605     2.3272 6.8354e+02     0.6474    85.0577 3.9194e-01 1.8057e+03  0.3352693      5.005    13.6779    311.232 -9.990e-29
      4.910     6.1289 193.762651     2.3260 6.8546e+02     0.6486    85.0316 3.8584e-01 1.8057e+03  0.3365166      5.007    13.6692    311.212 -9.990e-29
      4.911     6.1291 193.786559     2.3248 6.8546e+02     0.6474    85.0577 3.8706e-01 1.8057e+03  0.3361008      5.008    13.6617    311.248 -9.990e-29
      4.914     6.1288 193.786560     2.3260 6.8354e+02     0.6486    85.0316 3.9316e-01 1.8057e+03  0.3361008      5.011    13.6709    311.251 -9.990e-29
      4.917     6.1281 193.750697     2.3260 6.9517e+02     0.6486    85.0316 4.0293e-01 1.8057e+03  0.3365166      5.014    13.6713    311.200 -9.990e-29
      4.919     6.1274 193.726789     2.3248 7.2511e+02     0.6486    85.0316 4.0537e-01 1.8057e+03  0.3365166      5.016    13.6641    311.169 -9.990e-29
      4.922     6.1276 193.786560     2.3248 7.3538e+02     0.6486    85.0316 4.0049e-01 1.8057e+03  0.3365166      5.019    13.6641    311.263 -9.990e-29
      4.925     6.1281 193.762651     2.3248 7.5000e+02     0.6486    85.0316 3.9805e-01 1.8057e+03  0.3365166      5.022    13.6640    311.220 -9.990e-29
      4.928     6.1286 193.774605     2.3272 8.1831e+02     0.6498    85.0055 4.0049e-01 1.8057e+03  0.3365166      5.025    13.6816    311.234 -9.990e-29
      4.932     6.1284 193.714834     2.3260 8.4639e+02     0.6486    85.0316 4.1514e-01 1.8057e+03  0.3365166      5.029    13.6730    311.140 -9.990e-29
      4.936     6.1280 193.798516     2.3248 8.5116e+02     0.6498    85.0055 4.2125e-01 1.8057e+03  0.3365166      5.033    13.6644    311.278 -9.990e-29
