data/05_metadata_exports/SeabirdData/202305_SeabirdData/83296_stn55b-day.cnv
* Sea-Bird SBE 9 Data File:
* FileName = C:\Users\rosette\Rosette Data\2023\Ontario CSMI\stn55b-day.hex
* Software Version Seasave V 7.26.6.26
* Temperature SN = 5270
* Conductivity SN = 1168
* Number of Bytes Per Scan = 40
* Number of Voltage Words = 5
* Number of Scans Averaged by the Deck Unit = 1
* NMEA Latitude = 43 26.69 N
* NMEA Longitude = 077 26.36 W
* NMEA UTC (Time) = Oct 01 2003  15:15:52
* NMEA baud rate = 4800
** Ship: Lake Guardian
** Ontario CSMI LWFS
** Station:  stn55b-day
# nquan = 14                                
# nvalues = 7948                        
# units = specified
# name 0 = prDM: Pressure, Digiquartz [db]
# name 1 = t090C: Temperature [ITS-90, deg C]
# name 2 = c0uS/cm: Conductivity [uS/cm]
# name 3 = sbeox0V: Oxygen raw, SBE 43 [V]
# name 4 = par: PAR/Irradiance, Biospherical/Licor
# name 5 = bat: Beam Attenuation, Chelsea/Seatech [1/m]
# name 6 = xmiss: Beam Transmission, Chelsea/Seatech [%]
# name 7 = flSP: Fluorescence, Seapoint
# name 8 = spar: SPAR, Biospherical/Licor
# name 9 = upoly0: Upoly 0, Suna Nitrate
# name 10 = depFM: Depth [fresh water, m], lat = 43.4448
# name 11 = sbeox0Mg/L: Oxygen, SBE 43 [mg/l], WS = 2
# name 12 = specc: Specific Conductance [uS/cm]
# name 13 = flag: flag
# span 0 =     -0.239,      5.482       
# span 1 =     4.4718,     6.1419       
# span 2 =  33.145399, 193.894150       
# span 3 =     1.9035,     2.3284       
# span 4 = 5.0168e+02, 4.5732e+03       
# span 5 =     0.2056,     5.8873       
# span 6 =    22.9504,    94.9907       
# span 7 = 0.0000e+00, 1.1477e+00       
# span 8 = 1.7958e+03, 1.8076e+03       
# span 9 =  0.0741704,  0.3435846       
# span 10 =     -0.244,      5.590      
# span 11 =    10.4970,    13.7373      
# span 12 =     56.115,    311.488      
# span 13 = 0.0000e+00, 0.0000e+00      
# interval = seconds: 0.0416667
# start_time = Oct 01 2003 15:15:52 [NMEA time, header]
# bad_flag = -9.990e-29
*END*
[from data line 413]
     -0.119     4.5085  75.516881     2.1514 4.0638e+03     0.2299    94.4157 3.6630e-02 1.8037e+03  0.0957901     -0.121    12.9684    127.953 -9.990e-29
     -0.119     4.5085  75.434352     2.1514 4.0638e+03     0.2299    94.4157 3.6630e-02 1.8037e+03  0.0957901     -0.121    12.9697    127.813 -9.990e-29
     -0.120     4.5082  75.375404     2.1526 4.0638e+03     0.2299    94.4157 3.5409e-02 1.8037e+03  0.0957901     -0.122    12.9804    127.715 -9.990e-29
     -0.119     4.5086  75.434352     2.1514 4.0638e+03     0.2310    94.3895 3.4188e-02 1.8037e+03  0.0957901     -0.121    12.9708    127.813 -9.990e-29
     -0.118     4.5086  75.422562     2.1514 4.0638e+03     0.2299    94.4157 3.5409e-02 1.8037e+03  0.0957901     -0.120    12.9720    127.793 -9.990e-29
     -0.117     4.5090  75.387193     2.1502 4.0638e+03     0.2299    94.4157 3.5409e-02 1.8037e+03  0.0953743     -0.119    12.9624    127.731 -9.990e-29
     -0.116     4.5090  75.387193     2.1514 4.0638e+03     0.2310    94.3895 3.5409e-02 1.8017e+03  0.0957901     -0.118    12.9728    127.731 -9.990e-29
     -0.116     4.5090  75.292877     2.1514 4.0638e+03     0.2310    94.3895 3.6630e-02 1.8017e+03  0.0953743     -0.118    12.9727    127.571 -9.990e-29
     -0.116     4.5093  75.174982     2.1514 4.0638e+03     0.2310    94.3895 3.6630e-02 1.8017e+03  0.0957901     -0.118    12.9724    127.370 -9.990e-29
     -0.117     4.5093  75.068879     2.1514 4.0638e+03     0.2299    94.4157 3.6630e-02 1.8017e+03  0.0957901     -0.119    12.9722    127.191 -9.990e-29
     -0.118     4.5096  75.021722     2.1514 4.0638e+03     0.2310    94.3895 3.5409e-02 1.8017e+03  0.0957901     -0.120    12.9691    127.109 -9.990e-29
     -0.119     4.5098  75.045300     2.1514 4.0752e+03     0.2310    94.3895 3.5409e-02 1.8017e+03  0.0957901     -0.121    12.9689    127.149 -9.990e-29
     -0.118     4.5098  75.045300     2.1514 4.0638e+03     0.2310    94.3895 3.6630e-02 1.8017e+03  0.0957901     -0.120    12.9673    127.149 -9.990e-29
     -0.116     4.5102  75.068878     2.1526 4.0752e+03     0.2299    94.4157 3.6630e-02 1.8017e+03  0.0957901     -0.118    12.9747    127.187 -9.990e-29
     -0.115     4.5104  75.009933     2.1514 4.0867e+03     0.2299    94.4157 3.6630e-02 1.8017e+03  0.0957901     -0.117    12.9651    127.086 -9.990e-29
     -0.114     4.5106  74.880253     2.1514 4.0867e+03     0.2310    94.3895 3.5409e-02 1.8017e+03  0.0962058     -0.116    12.9648    126.865 -9.990e-29
     -0.113     4.5109  74.821309     2.1514 4.0867e+03     0.2299    94.4157 3.5409e-02 1.8017e+03  0.0962058     -0.115    12.9644    126.764 -9.990e-29
     -0.113     4.5112  74.762364     2.1526 4.0867e+03     0.2310    94.3895 3.5409e-02 1.8017e+03  0.0962058     -0.115    12.9732    126.663 -9.990e-29
     -0.113     4.5115  74.738787     2.1514 4.0982e+03     0.2310    94.3895 3.6630e-02 1.8017e+03  0.0957901     -0.115    12.9636    126.622 -9.990e-29
     -0.112     4.5115  74.809520     2.1514 4.0982e+03     0.2310    94.3895 3.6630e-02 1.8017e+03  0.0957901     -0.114    12.9646    126.742 -9.990e-29
     -0.112     4.5122  74.809520     2.1502 4.0982e+03     0.2310    94.3895 3.6630e-02 1.8017e+03  0.0957901     -0.114    12.9562    126.739 -9.990e-29
     -0.112     4.5123  74.785942     2.1514 4.0982e+03     0.2321    94.3634 3.6630e-02 1.8017e+03  0.0957901     -0.114    12.9664    126.698 -9.990e-29
     -0.112     4.5128  74.726998     2.1514 4.1098e+03     0.2321    94.3634 3.6630e-02 1.8017e+03  0.0957901     -0.114    12.9673    126.596 -9.990e-29
     -0.112     4.5131  74.691632     2.1514 4.1098e+03     0.2310    94.3895 3.7851e-02 1.8017e+03  0.0957901     -0.114    12.9667    126.535 -9.990e-29
     -0.112     4.5134  74.644477     2.1514 4.1098e+03     0.2321    94.3634 3.9072e-02 1.8017e+03  0.0957901     -0.114    12.9677    126.454 -9.990e-29
     -0.111     4.5139  74.738786     2.1526 4.1098e+03     0.2321    94.3634 3.9072e-02 1.8017e+03  0.0957901     -0.113    12.9764    126.612 -9.990e-29
     -0.111     4.5140  74.703420     2.1526 4.1213e+03     0.2310    94.3895 3.7851e-02 1.8017e+03  0.0957901     -0.113    12.9774    126.551 -9.990e-29
     -0.111     4.5141  74.726997     2.1514 4.1098e+03     0.2310    94.3895 3.6630e-02 1.8017e+03  0.0957901     -0.113    12.9705    126.591 -9.990e-29
     -0.111     4.5150  74.774152     2.1526 4.1098e+03     0.2321    94.3634 3.5409e-02 1.8017e+03  0.0953743     -0.113    12.9790    126.667 -9.990e-29
     -0.111     4.5153  74.726997     2.1514 4.1098e+03     0.2321    94.3634 3.6630e-02 1.8017e+03  0.0957901     -0.113    12.9692    126.586 -9.990e-29
     -0.111     4.5160  74.715208     2.1514 4.0982e+03     0.2321    94.3634 3.5409e-02 1.8017e+03  0.0953743     -0.113    12.9685    126.563 -9.990e-29
     -0.112     4.5160  74.609111     2.1514 4.0982e+03     0.2321    94.3634 3.5409e-02 1.8017e+03  0.0953743     -0.114    12.9680    126.383 -9.990e-29
     -0.112     4.5164  74.632688     2.1514 4.0982e+03     0.2321    94.3634 3.6630e-02 1.8017e+03  0.0957901     -0.114    12.9673    126.421 -9.990e-29
     -0.111     4.5169  74.679842     2.1514 4.0867e+03     0.2310    94.3895 3.7851e-02 1.8017e+03  0.0953743     -0.113    12.9680    126.499 -9.990e-29
     -0.111     4.5176  74.762363     2.1502 4.0867e+03     0.2310    94.3895 3.7851e-02 1.8017e+03  0.0957901     -0.113    12.9579    126.636 -9.990e-29
     -0.111     4.5179  74.821307     2.1514 4.0867e+03     0.2321    94.3634 3.6630e-02 1.8017e+03  0.0957901     -0.113    12.9665    126.734 -9.990e-29
     -0.112     4.5183  74.809518     2.1514 4.0867e+03     0.2321    94.3634 3.6630e-02 1.8037e+03  0.0957901     -0.114    12.9658    126.713 -9.990e-29
     -0.112     4.5187  74.809518     2.1514 4.0752e+03     0.2321    94.3634 3.6630e-02 1.8017e+03  0.0957901     -0.114    12.9664    126.711 -9.990e-29
     -0.112     4.5190  74.703419     2.1514 4.0752e+03     0.2321    94.3634 3.5409e-02 1.8037e+03  0.0957901     -0.114    12.9685    126.530 -9.990e-29
     -0.112     4.5193  74.703419     2.1514 4.0752e+03     0.2310    94.3895 3.5409e-02 1.8037e+03  0.0957901     -0.114    12.9677    126.529 -9.990e-29
     -0.112     4.5199  74.762362     2.1514 4.0867e+03     0.2310    94.3895 3.5409e-02 1.8037e+03  0.0962058     -0.114    12.9655    126.626 -9.990e-29
     -0.113     4.5202  74.868462     2.1514 4.0752e+03     0.2310    94.3895 3.6630e-02 1.8037e+03  0.0962058     -0.115    12.9648    126.804 -9.990e-29
     -0.113     4.5207  74.903829     2.1514 4.0752e+03     0.2321    94.3634 3.7851e-02 1.8037e+03  0.0957901     -0.115    12.9655    126.862 -9.990e-29
     -0.113     4.5211  74.880251     2.1526 4.0752e+03     0.2310    94.3895 3.9072e-02 1.8037e+03  0.0957901     -0.115    12.9727    126.820 -9.990e-29
     -0.113     4.5214  74.903828     2.1526 4.0752e+03     0.2310    94.3895 3.6630e-02 1.8037e+03  0.0957901     -0.115    12.9721    126.859 -9.990e-29
     -0.114     4.5220  74.903828     2.1514 4.0752e+03     0.2310    94.3895 3.5409e-02 1.8037e+03  0.0957901     -0.116    12.9607    126.856 -9.990e-29
     -0.115     4.5220  74.927406     2.1526 4.0867e+03     0.2310    94.3895 3.5409e-02 1.8037e+03  0.0957901     -0.117    12.9695    126.896 -9.990e-29
     -0.117     4.5225  74.927406     2.1514 4.0867e+03     0.2310    94.3895 3.4188e-02 1.8037e+03  0.0957901     -0.119    12.9595    126.894 -9.990e-29
     -0.119     4.5228  74.950984     2.1514 4.0867e+03     0.2310    94.3895 3.4188e-02 1.8017e+03  0.0957901     -0.121    12.9589    126.933 -9.990e-29
     -0.120     4.5230  74.927406     2.1514 4.0867e+03     0.2310    94.3895 3.4188e-02 1.8017e+03  0.0957901     -0.122    12.9583    126.892 -9.990e-29
     -0.120     4.5233  74.962773     2.1526 4.0752e+03     0.2310    94.3895 3.5409e-02 1.8017e+03  0.0957901     -0.122    12.9683    126.951 -9.990e-29
     -0.119     4.5236  75.068875     2.1526 4.0752e+03     0.2310    94.3895 3.6630e-02 1.8017e+03  0.0962058     -0.121    12.9692    127.129 -9.990e-29
     -0.119     4.5236  75.104243     2.1514 4.0867e+03     0.2310    94.3895 3.5409e-02 1.8017e+03  0.0957901     -0.121    12.9595    127.189 -9.990e-29
     -0.119     4.5240  75.080664     2.1514 4.0867e+03     0.2310    94.3895 3.5409e-02 1.8017e+03  0.0957901     -0.121    12.9618    127.147 -9.990e-29
     -0.121     4.5239  75.080664     2.1526 4.0752e+03     0.2310    94.3895 3.6630e-02 1.8017e+03  0.0957901     -0.123    12.9707    127.148 -9.990e-29
     -0.122     4.5242  75.163189     2.1514 4.0867e+03     0.2321    94.3634 3.5409e-02 1.8017e+03  0.0957901     -0.124    12.9609    127.286 -9.990e-29
     -0.123     4.5240  75.198557     2.1514 4.0867e+03     0.2310    94.3895 3.5409e-02 1.8017e+03  0.0953743     -0.125    12.9606    127.347 -9.990e-29
     -0.121     4.5242  75.281084     2.1526 4.0867e+03     0.2310    94.3895 3.5409e-02 1.8037e+03  0.0957901     -0.123    12.9694    127.486 -9.990e-29
     -0.120     4.5244  75.422559     2.1514 4.0982e+03     0.2310    94.3895 3.5409e-02 1.8037e+03  0.0957901     -0.122    12.9596    127.725 -9.990e-29
     -0.120     4.5242  75.457928     2.1514 4.1098e+03     0.2299    94.4157 3.5409e-02 1.8037e+03  0.0957901     -0.122    12.9579    127.785 -9.990e-29
     -0.120     4.5244  75.540456     2.1514 4.1098e+03     0.2299    94.4157 3.6630e-02 1.8037e+03  0.0957901     -0.122    12.9573    127.924 -9.990e-29
     -0.122     4.5244  75.611196     2.1526 4.1329e+03     0.2299    94.4157 3.5409e-02 1.8037e+03  0.0957901     -0.124    12.9661    128.044 -9.990e-29
     -0.123     4.5240  75.705516     2.1526 4.1679e+03     0.2299    94.4157 3.5409e-02 1.8037e+03  0.0957901     -0.125    12.9658    128.205 -9.990e-29
     -0.123     4.5240  75.717306     2.1514 4.1679e+03     0.2299    94.4157 3.6630e-02 1.8037e+03  0.0957901     -0.125    12.9561    128.225 -9.990e-29
     -0.123     4.5239  75.846999     2.1502 4.2033e+03     0.2287    94.4418 3.6630e-02 1.8037e+03  0.0962058     -0.125    12.9450    128.445 -9.990e-29
     -0.123     4.5239  75.929531     2.1514 4.2508e+03     0.2299    94.4157 3.6630e-02 1.8037e+03  0.0962058     -0.125    12.9539    128.585 -9.990e-29
     -0.123     4.5236  76.059227     2.1514 4.2628e+03     0.2299    94.4157 3.5409e-02 1.8037e+03  0.0962058     -0.125    12.9536    128.806 -9.990e-29
     -0.124     4.5233  76.165343     2.1502 4.2868e+03     0.2299    94.4157 3.5409e-02 1.8037e+03  0.0957901     -0.126    12.9454    128.987 -9.990e-29
     -0.125     4.5231  76.259669     2.1514 4.3231e+03     0.2299    94.4157 3.7851e-02 1.8037e+03  0.0957901     -0.127    12.9557    129.148 -9.990e-29
     -0.127     4.5228  76.365788     2.1514 4.3353e+03     0.2299    94.4157 3.7851e-02 1.8037e+03  0.0957901     -0.130    12.9568    129.329 -9.990e-29
     -0.127     4.5228  76.412952     2.1514 4.3353e+03     0.2299    94.4157 3.5409e-02 1.8037e+03  0.0957901     -0.130    12.9579    129.409 -9.990e-29
     -0.127     4.5225  76.495490     2.1514 4.3110e+03     0.2287    94.4418 3.6630e-02 1.8037e+03  0.0957901     -0.130    12.9590    129.550 -9.990e-29
     -0.127     4.5220  76.589821     2.1514 4.2989e+03     0.2299    94.4157 3.6630e-02 1.8037e+03  0.0957901     -0.130    12.9588    129.712 -9.990e-29
     -0.128     4.5217  76.660569     2.1514 4.2989e+03     0.2310    94.3895 3.6630e-02 1.8037e+03  0.0957901     -0.131    12.9586    129.833 -9.990e-29
     -0.129     4.5213  76.754901     2.1514 4.2270e+03     0.2299    94.4157 3.7851e-02 1.8037e+03  0.0957901     -0.132    12.9598    129.994 -9.990e-29
     -0.129     4.5207  76.919985     2.1514 4.2033e+03     0.2287    94.4418 3.7851e-02 1.8037e+03  0.0957901     -0.132    12.9610    130.277 -9.990e-29
     -0.130     4.5207  76.978944     2.1514 4.2033e+03     0.2299    94.4157 3.7851e-02 1.8037e+03  0.0957901     -0.133    12.9621    130.377 -9.990e-29
     -0.132     4.5202  77.085072     2.1526 4.1446e+03     0.2299    94.4157 3.6630e-02 1.8037e+03  0.0957901     -0.135    12.9699    130.558 -9.990e-29
     -0.132     4.5196  77.167617     2.1514 4.1098e+03     0.2299    94.4157 3.6630e-02 1.8037e+03  0.0957901     -0.135    12.9606    130.701 -9.990e-29
     -0.133     4.5193  77.250162     2.1514 4.1098e+03     0.2287    94.4418 3.7851e-02 1.8037e+03  0.0953743     -0.136    12.9619    130.842 -9.990e-29
     -0.133     4.5188  77.226578     2.1514 4.0867e+03     0.2299    94.4157 3.7851e-02 1.8037e+03  0.0953743     -0.136    12.9633    130.804 -9.990e-29
     -0.133     4.5185  77.320916     2.1514 4.0752e+03     0.2310    94.3895 3.7851e-02 1.8037e+03  0.0957901     -0.136    12.9632    130.965 -9.990e-29
     -0.134     4.5179  77.403463     2.1514 4.0638e+03     0.2299    94.4157 3.6630e-02 1.8037e+03  0.0957901     -0.137    12.9646    131.108 -9.990e-29
     -0.135     4.5177  77.509596     2.1514 4.0752e+03     0.2299    94.4157 3.6630e-02 1.8037e+03  0.0953743     -0.138    12.9645    131.289 -9.990e-29
     -0.135     4.5172  77.533182     2.1514 4.0638e+03     0.2310    94.3895 3.6630e-02 1.8037e+03  0.0957901     -0.138    12.9645    131.331 -9.990e-29
     -0.136     4.5163  77.556767     2.1514 4.0638e+03     0.2310    94.3895 3.5409e-02 1.8037e+03  0.0957901     -0.139    12.9647    131.375 -9.990e-29
     -0.136     4.5160  77.521389     2.1514 4.0638e+03     0.2310    94.3895 3.5409e-02 1.8037e+03  0.0957901     -0.139    12.9661    131.316 -9.990e-29
     -0.136     4.5157  77.544975     2.1514 4.0638e+03     0.2310    94.3895 3.4188e-02 1.8017e+03  0.0957901     -0.139    12.9675    131.357 -9.990e-29
     -0.135     4.5151  77.544975     2.1502 4.0638e+03     0.2299    94.4157 3.4188e-02 1.8017e+03  0.0957901     -0.138    12.9584    131.360 -9.990e-29
     -0.135     4.5147  77.603939     2.1514 4.0524e+03     0.2310    94.3895 3.4188e-02 1.8017e+03  0.0962058     -0.138    12.9677    131.462 -9.990e-29
     -0.134     4.5145  77.627524     2.1514 4.0638e+03     0.2310    94.3895 3.4188e-02 1.8017e+03  0.0962058     -0.137    12.9676    131.503 -9.990e-29
     -0.133     4.5139  77.615732     2.1526 4.0638e+03     0.2299    94.4157 3.4188e-02 1.8017e+03  0.0962058     -0.136    12.9769    131.485 -9.990e-29
     -0.132     4.5134  77.603939     2.1514 4.0638e+03     0.2299    94.4157 3.4188e-02 1.8017e+03  0.0957901     -0.135    12.9662    131.468 -9.990e-29
     -0.133     4.5133  77.568561     2.1514 4.0638e+03     0.2310    94.3895 3.4188e-02 1.8017e+03  0.0957901     -0.136    12.9674    131.408 -9.990e-29
     -0.135     4.5126  77.474220     2.1526 4.0638e+03     0.2310    94.3895 3.5409e-02 1.8017e+03  0.0957901     -0.138    12.9767    131.251 -9.990e-29
     -0.135     4.5122  77.450635     2.1514 4.0638e+03     0.2310    94.3895 3.6630e-02 1.8017e+03  0.0957901     -0.138    12.9673    131.213 -9.990e-29
     -0.134     4.5120  77.427050     2.1514 4.0638e+03     0.2299    94.4157 3.6630e-02 1.8017e+03  0.0957901     -0.137    12.9684    131.174 -9.990e-29
     -0.134     4.5117  77.356295     2.1514 4.0524e+03     0.2299    94.4157 3.7851e-02 1.8017e+03  0.0957901     -0.137    12.9682    131.056 -9.990e-29
     -0.135     4.5112  77.332710     2.1526 4.0524e+03     0.2310    94.3895 3.6630e-02 1.8017e+03  0.0957901     -0.138    12.9773    131.018 -9.990e-29
     -0.135     4.5110  77.191203     2.1514 4.0638e+03     0.2299    94.4157 3.5409e-02 1.8017e+03  0.0957901     -0.138    12.9678    130.779 -9.990e-29
     -0.136     4.5106  77.120450     2.1514 4.0638e+03     0.2287    94.4418 3.4188e-02 1.8017e+03  0.0957901     -0.139    12.9690    130.661 -9.990e-29
     -0.135     4.5102  77.096866     2.1502 4.0638e+03     0.2287    94.4418 3.4188e-02 1.8017e+03  0.0957901     -0.138    12.9608    130.623 -9.990e-29
     -0.134     4.5100  77.002530     2.1514 4.0524e+03     0.2299    94.4157 3.4188e-02 1.8017e+03  0.0957901     -0.137    12.9712    130.464 -9.990e-29
