data/05_metadata_exports/SeabirdData/202305_SeabirdData/83296_stn55b-day.cnv
* Sea-Bird SBE 9 Data File:
* FileName = C:\Users\rosette\Rosette Data\2023\Ontario CSMI\stn55b-day.hex
* Software Version Seasave V 7.26.6.26
* Temperature SN = 5270
* Conductivity SN = 1168
* Number of Bytes Per Scan = 40
* Number of Voltage Words = 5
* Number of Scans Averaged by the Deck Unit = 1
* NMEA Latitude = 43 26.69 N
* NMEA Longitude = 077 26.36 W
* NMEA UTC (Time) = Oct 01 2003  15:15:52
* NMEA baud rate = 4800
** Ship: Lake Guardian
** Ontario CSMI LWFS
** Station:  stn55b-day
# nquan = 14                                
# nvalues = 7948                        
# units = specified
# name 0 = prDM: Pressure, Digiquartz [db]
# name 1 = t090C: Temperature [ITS-90, deg C]
# name 2 = c0uS/cm: Conductivity [uS/cm]
# name 3 = sbeox0V: Oxygen raw, SBE 43 [V]
# name 4 = par: PAR/Irradiance, Biospherical/Licor
# name 5 = bat: Beam Attenuation, Chelsea/Seatech [1/m]
# name 6 = xmiss: Beam Transmission, Chelsea/Seatech [%]
# name 7 = flSP: Fluorescence, Seapoint
# name 8 = spar: SPAR, Biospherical/Licor
# name 9 = upoly0: Upoly 0, Suna Nitrate
# name 10 = depFM: Depth [fresh water, m], lat = 43.4448
# name 11 = sbeox0Mg/L: Oxygen, SBE 43 [mg/l], WS = 2
# name 12 = specc: Specific Conductance [uS/cm]
# name 13 = flag: flag
# span 0 =     -0.239,      5.482       
# span 1 =     4.4718,     6.1419       
# span 2 =  33.145399, 193.894150       
# span 3 =     1.9035,     2.3284       
# span 4 = 5.0168e+02, 4.5732e+03       
# span 5 =     0.2056,     5.8873       
# span 6 =    22.9504,    94.9907       
# span 7 = 0.0000e+00, 1.1477e+00       
# span 8 = 1.7958e+03, 1.8076e+03       
# span 9 =  0.0741704,  0.3435846       
# span 10 =     -0.244,      5.590      
# span 11 =    10.4970,    13.7373      
# span 12 =     56.115,    311.488      
# span 13 = 0.0000e+00, 0.0000e+00      
# interval = seconds: 0.0416667
# start_time = Oct 01 2003 15:15:52 [NMEA time, header]
# bad_flag = -9.990e-29
*END*
[from data line 2375]
      2.031     6.1255 191.634974     2.0403 1.5979e+03     0.7043    83.8553 3.3822e-01 1.8057e+03  0.3103236      2.071    11.3111    307.828 -9.990e-29
      2.028     6.1262 191.682779     2.0391 1.6251e+03     0.7043    83.8553 3.3333e-01 1.8057e+03  0.3103236      2.068    11.3004    307.898 -9.990e-29
      2.024     6.1268 191.730586     2.0391 1.4360e+03     0.7043    83.8553 3.3089e-01 1.8057e+03  0.3103236      2.064    11.2986    307.969 -9.990e-29
      2.019     6.1273 191.706682     2.0391 1.2062e+03     0.7043    83.8553 3.3089e-01 1.8057e+03  0.3099078      2.059    11.2968    307.925 -9.990e-29
      2.013     6.1276 191.742536     2.0366 1.1564e+03     0.7043    83.8553 3.2845e-01 1.8057e+03  0.3099078      2.053    11.2766    307.980 -9.990e-29
      2.007     6.1283 191.694729     2.0366 1.3235e+03     0.7043    83.8553 3.2723e-01 1.8037e+03  0.3099078      2.047    11.2748    307.896 -9.990e-29
      2.001     6.1284 191.694729     2.0354 1.7239e+03     0.7031    83.8815 3.3211e-01 1.8037e+03  0.3099078      2.040    11.2644    307.895 -9.990e-29
      1.995     6.1291 191.778390     2.0366 1.8599e+03     0.7043    83.8553 3.3578e-01 1.8037e+03  0.3099078      2.034    11.2713    308.023 -9.990e-29
      1.991     6.1294 191.814244     2.0354 1.8862e+03     0.7043    83.8553 3.3700e-01 1.8037e+03  0.3103236      2.030    11.2608    308.077 -9.990e-29
      1.986     6.1299 191.778390     2.0342 1.9841e+03     0.7056    83.8292 3.3578e-01 1.8037e+03  0.3103236      2.025    11.2516    308.015 -9.990e-29
      1.981     6.1300 191.790341     2.0330 2.0235e+03     0.7043    83.8553 3.3700e-01 1.8037e+03  0.3103236      2.020    11.2425    308.033 -9.990e-29
      1.974     6.1303 191.766437     2.0342 1.9454e+03     0.7043    83.8553 3.3455e-01 1.8017e+03  0.3103236      2.013    11.2498    307.992 -9.990e-29
      1.968     6.1308 191.790340     2.0330 1.5405e+03     0.7043    83.8553 3.3578e-01 1.8017e+03  0.3103236      2.007    11.2394    308.025 -9.990e-29
      1.962     6.1313 191.730581     2.0317 1.3922e+03     0.7031    83.8815 3.4310e-01 1.8017e+03  0.3103236      2.001    11.2296    307.924 -9.990e-29
      1.956     6.1318 191.682774     2.0305 1.3844e+03     0.7056    83.8292 3.4921e-01 1.8017e+03  0.3107393      1.995    11.2206    307.842 -9.990e-29
      1.950     6.1322 191.706677     2.0305 1.3460e+03     0.7031    83.8815 3.4799e-01 1.8017e+03  0.3107393      1.988    11.2206    307.877 -9.990e-29
      1.944     6.1319 191.611065     2.0293 1.3235e+03     0.6981    83.9860 3.4188e-01 1.8017e+03  0.3103236      1.982    11.2107    307.726 -9.990e-29
      1.938     6.1318 191.611065     2.0293 1.3310e+03     0.6981    83.9860 3.3700e-01 1.8017e+03  0.3103236      1.976    11.2097    307.727 -9.990e-29
      1.933     6.1319 191.575211     2.0293 1.7780e+03     0.6956    84.0383 3.3944e-01 1.8017e+03  0.3103236      1.971    11.2086    307.669 -9.990e-29
      1.927     6.1323 191.443747     2.0281 2.1167e+03     0.6943    84.0644 3.4188e-01 1.8017e+03  0.3103236      1.965    11.1974    307.454 -9.990e-29
      1.921     6.1322 191.479599     2.0269 2.1587e+03     0.6956    84.0383 3.5165e-01 1.8017e+03  0.3103236      1.959    11.1877    307.512 -9.990e-29
      1.915     6.1323 191.467648     2.0256 1.8651e+03     0.6968    84.0122 3.6142e-01 1.7998e+03  0.3099078      1.953    11.1786    307.492 -9.990e-29
      1.910     6.1324 191.395941     2.0256 1.6481e+03     0.6981    83.9860 3.5897e-01 1.7998e+03  0.3103236      1.948    11.1778    307.376 -9.990e-29
      1.906     6.1327 191.324234     2.0256 1.6114e+03     0.6968    84.0122 3.5653e-01 1.7998e+03  0.3103236      1.944    11.1771    307.258 -9.990e-29
      1.900     6.1332 191.360088     2.0244 1.3310e+03     0.6981    83.9860 3.5531e-01 1.8017e+03  0.3103236      1.937    11.1674    307.310 -9.990e-29
      1.894     6.1337 191.383988     2.0232 1.0334e+03     0.6968    84.0122 3.5165e-01 1.8017e+03  0.3099078      1.931    11.1579    307.344 -9.990e-29
      1.888     6.1342 191.348135     2.0232 9.7690e+02     0.6981    83.9860 3.5531e-01 1.8017e+03  0.3103236      1.925    11.1573    307.281 -9.990e-29
      1.883     6.1343 191.312282     2.0220 1.1435e+03     0.6968    84.0122 3.5409e-01 1.8017e+03  0.3099078      1.920    11.1494    307.223 -9.990e-29
      1.878     6.1343 191.312281     2.0220 1.4769e+03     0.6981    83.9860 3.5531e-01 1.8017e+03  0.3099078      1.915    11.1517    307.223 -9.990e-29
      1.874     6.1337 191.264478     2.0208 1.5800e+03     0.6993    83.9599 3.5653e-01 1.8017e+03  0.3099078      1.911    11.1428    307.152 -9.990e-29
      1.870     6.1331 191.276430     2.0208 1.4728e+03     0.6981    83.9860 3.4921e-01 1.8017e+03  0.3103236      1.907    11.1428    307.177 -9.990e-29
      1.867     6.1320 191.288380     2.0195 1.2199e+03     0.6981    83.9860 3.4066e-01 1.8017e+03  0.3103236      1.904    11.1322    307.207 -9.990e-29
      1.864     6.1310 191.252528     2.0183 1.1467e+03     0.6981    83.9860 3.3822e-01 1.8017e+03  0.3103236      1.901    11.1250    307.159 -9.990e-29
      1.861     6.1302 191.300333     2.0183 1.2337e+03     0.6981    83.9860 3.3700e-01 1.8037e+03  0.3103236      1.898    11.1266    307.244 -9.990e-29
      1.859     6.1292 191.288381     2.0183 1.6998e+03     0.6981    83.9860 3.3822e-01 1.8037e+03  0.3103236      1.896    11.1271    307.235 -9.990e-29
      1.858     6.1283 191.300335     2.0171 1.9237e+03     0.6981    83.9860 3.4554e-01 1.8037e+03  0.3103236      1.895    11.1176    307.263 -9.990e-29
      1.855     6.1276 191.288383     2.0159 1.9183e+03     0.6968    84.0122 3.5165e-01 1.8037e+03  0.3107393      1.892    11.1118    307.250 -9.990e-29
      1.853     6.1276 191.300334     2.0159 1.8083e+03     0.6956    84.0383 3.5409e-01 1.8037e+03  0.3107393      1.890    11.1123    307.270 -9.990e-29
      1.852     6.1270 191.312285     2.0159 1.7681e+03     0.6943    84.0644 3.5287e-01 1.8037e+03  0.3103236      1.889    11.1130    307.295 -9.990e-29
      1.851     6.1268 191.288384     2.0147 1.7582e+03     0.6906    84.1429 3.5409e-01 1.8037e+03  0.3103236      1.887    11.1048    307.258 -9.990e-29
      1.850     6.1268 191.288384     2.0134 1.5319e+03     0.6931    84.0906 3.5287e-01 1.8037e+03  0.3099078      1.886    11.0947    307.258 -9.990e-29
      1.849     6.1270 191.252531     2.0134 1.4080e+03     0.6943    84.0644 3.4676e-01 1.8037e+03  0.3099078      1.885    11.0942    307.199 -9.990e-29
      1.849     6.1262 191.276432     2.0122 1.3961e+03     0.6956    84.0383 3.3944e-01 1.8037e+03  0.3099078      1.885    11.0852    307.245 -9.990e-29
      1.852     6.1268 191.300336     2.0110 1.4978e+03     0.6956    84.0383 3.3944e-01 1.8037e+03  0.3103236      1.889    11.0772    307.277 -9.990e-29
      1.854     6.1274 191.288383     2.0110 1.5800e+03     0.6968    84.0122 3.4554e-01 1.8037e+03  0.3103236      1.891    11.0781    307.252 -9.990e-29
      1.855     6.1281 191.300334     2.0110 1.5934e+03     0.6956    84.0383 3.5043e-01 1.8037e+03  0.3103236      1.892    11.0779    307.265 -9.990e-29
      1.857     6.1286 191.336187     2.0098 1.4604e+03     0.6956    84.0383 3.5287e-01 1.8037e+03  0.3103236      1.894    11.0688    307.317 -9.990e-29
      1.859     6.1288 191.372040     2.0098 1.3272e+03     0.6956    84.0383 3.5287e-01 1.8037e+03  0.3099078      1.896    11.0700    307.373 -9.990e-29
      1.862     6.1289 191.395942     2.0085 1.3014e+03     0.6968    84.0122 3.5287e-01 1.8037e+03  0.3099078      1.899    11.0617    307.410 -9.990e-29
      1.866     6.1292 191.479601     2.0073 1.3844e+03     0.6968    84.0122 3.5653e-01 1.8037e+03  0.3099078      1.903    11.0529    307.542 -9.990e-29
      1.870     6.1296 191.455697     2.0073 1.5148e+03     0.6968    84.0122 3.5897e-01 1.8037e+03  0.3099078      1.907    11.0518    307.499 -9.990e-29
      1.874     6.1299 191.503503     2.0073 1.5492e+03     0.6968    84.0122 3.5897e-01 1.8037e+03  0.3099078      1.911    11.0521    307.573 -9.990e-29
      1.879     6.1302 191.563260     2.0073 1.5449e+03     0.6968    84.0122 3.5897e-01 1.8037e+03  0.3103236      1.916    11.0511    307.666 -9.990e-29
      1.883     6.1302 191.563260     2.0061 1.5492e+03     0.6968    84.0122 3.5897e-01 1.8057e+03  0.3103236      1.920    11.0428    307.666 -9.990e-29
      1.887     6.1308 191.563258     2.0049 1.5492e+03     0.6956    84.0383 3.6020e-01 1.8057e+03  0.3103236      1.924    11.0331    307.660 -9.990e-29
      1.893     6.1310 191.575211     2.0037 1.5063e+03     0.6968    84.0122 3.5653e-01 1.8057e+03  0.3103236      1.930    11.0248    307.677 -9.990e-29
      1.898     6.1313 191.587162     2.0037 1.3574e+03     0.6993    83.9599 3.5287e-01 1.8037e+03  0.3103236      1.935    11.0254    307.694 -9.990e-29
      1.903     6.1314 191.611065     2.0037 1.3087e+03     0.7006    83.9337 3.5287e-01 1.8037e+03  0.3103236      1.941    11.0248    307.731 -9.990e-29
      1.908     6.1319 191.587162     2.0024 1.3613e+03     0.7006    83.9337 3.5409e-01 1.8037e+03  0.3107393      1.946    11.0146    307.688 -9.990e-29
      1.914     6.1326 191.611064     2.0012 1.7780e+03     0.6993    83.9599 3.5531e-01 1.8037e+03  0.3107393      1.952    11.0076    307.719 -9.990e-29
      1.922     6.1329 191.551307     2.0024 2.0009e+03     0.6993    83.9599 3.5775e-01 1.8037e+03  0.3103236      1.960    11.0172    307.620 -9.990e-29
      1.930     6.1331 191.563259     2.0000 2.0122e+03     0.7006    83.9337 3.6020e-01 1.8037e+03  0.3099078      1.968    10.9978    307.638 -9.990e-29
      1.937     6.1331 191.539356     2.0000 1.9183e+03     0.7006    83.9337 3.6142e-01 1.8037e+03  0.3103236      1.975    10.9988    307.599 -9.990e-29
      1.946     6.1334 191.599113     2.0000 1.8756e+03     0.7006    83.9337 3.6264e-01 1.8037e+03  0.3099078      1.984    10.9984    307.692 -9.990e-29
      1.954     6.1337 191.634967     1.9976 1.8704e+03     0.7006    83.9337 3.6142e-01 1.8037e+03  0.3103236      1.993    10.9806    307.747 -9.990e-29
      1.963     6.1339 191.623016     1.9976 1.8032e+03     0.7006    83.9337 3.6386e-01 1.8037e+03  0.3099078      2.002    10.9804    307.726 -9.990e-29
      1.972     6.1340 191.587161     1.9963 1.7582e+03     0.6993    83.9599 3.6264e-01 1.8037e+03  0.3103236      2.011    10.9720    307.667 -9.990e-29
      1.982     6.1342 191.623017     1.9963 1.7532e+03     0.7006    83.9337 3.6386e-01 1.8037e+03  0.3103236      2.021    10.9707    307.723 -9.990e-29
      1.991     6.1345 191.575210     1.9963 1.5105e+03     0.7006    83.9337 3.6752e-01 1.8037e+03  0.3103236      2.030    10.9694    307.643 -9.990e-29
      1.999     6.1350 191.527405     1.9951 1.3050e+03     0.7018    83.9076 3.7118e-01 1.8037e+03  0.3103236      2.038    10.9592    307.561 -9.990e-29
      2.008     6.1351 191.503501     1.9951 1.2689e+03     0.7018    83.9076 3.7118e-01 1.8037e+03  0.3103236      2.048    10.9606    307.522 -9.990e-29
      2.019     6.1358 191.515454     1.9951 1.4852e+03     0.7006    83.9337 3.6874e-01 1.8037e+03  0.3103236      2.059    10.9606    307.534 -9.990e-29
      2.028     6.1363 191.551307     1.9939 1.8185e+03     0.7006    83.9337 3.6752e-01 1.8057e+03  0.3103236      2.068    10.9531    307.587 -9.990e-29
      2.037     6.1363 191.527404     1.9927 1.8968e+03     0.7018    83.9076 3.6874e-01 1.8057e+03  0.3099078      2.077    10.9444    307.548 -9.990e-29
      2.047     6.1368 191.455696     1.9915 1.6205e+03     0.7006    83.9337 3.6508e-01 1.8057e+03  0.3115708      2.087    10.9356    307.428 -9.990e-29
      2.058     6.1369 191.455697     1.9915 1.1927e+03     0.7018    83.9076 3.6020e-01 1.8057e+03  0.3140654      2.099    10.9358    307.427 -9.990e-29
      2.069     6.1374 191.467648     1.9902 1.0932e+03     0.7006    83.9337 3.6142e-01 1.8057e+03  0.3232122      2.110    10.9275    307.442 -9.990e-29
      2.080     6.1376 191.419843     1.9902 1.1761e+03     0.6993    83.9599 3.6508e-01 1.8057e+03  0.3298644      2.121    10.9290    307.363 -9.990e-29
      2.091     6.1379 191.443746     1.9890 1.4441e+03     0.6993    83.9599 3.6752e-01 1.8057e+03  0.3311117      2.132    10.9217    307.398 -9.990e-29
      2.101     6.1379 191.467648     1.9890 1.5449e+03     0.6993    83.9599 3.6508e-01 1.8057e+03  0.3306959      2.142    10.9222    307.437 -9.990e-29
      2.112     6.1379 191.395940     1.9890 1.5800e+03     0.6993    83.9599 3.6264e-01 1.8057e+03  0.3302802      2.154    10.9213    307.321 -9.990e-29
      2.123     6.1384 191.324236     1.9878 1.7831e+03     0.7006    83.9337 3.6142e-01 1.8057e+03  0.3302802      2.165    10.9128    307.201 -9.990e-29
      2.133     6.1384 191.336186     1.9866 1.8756e+03     0.7006    83.9337 3.6142e-01 1.8057e+03  0.3302802      2.175    10.9057    307.221 -9.990e-29
      2.143     6.1385 191.372039     1.9878 1.8599e+03     0.7006    83.9337 3.6020e-01 1.8057e+03  0.3302802      2.185    10.9161    307.277 -9.990e-29
      2.154     6.1388 191.383990     1.9866 1.6667e+03     0.7006    83.9337 3.5897e-01 1.8057e+03  0.3302802      2.196    10.9076    307.293 -9.990e-29
      2.165     6.1388 191.348138     1.9841 1.5800e+03     0.6993    83.9599 3.5775e-01 1.8057e+03  0.3302802      2.208    10.8921    307.236 -9.990e-29
      2.176     6.1391 191.276431     1.9853 1.5711e+03     0.7006    83.9337 3.6020e-01 1.8057e+03  0.3302802      2.219    10.9013    307.118 -9.990e-29
      2.185     6.1392 191.288382     1.9829 1.5319e+03     0.7006    83.9337 3.5653e-01 1.8057e+03  0.3302802      2.228    10.8840    307.136 -9.990e-29
      2.194     6.1393 191.288382     1.9829 1.5020e+03     0.7006    83.9337 3.4799e-01 1.8057e+03  0.3302802      2.237    10.8858    307.135 -9.990e-29
      2.203     6.1395 191.300333     1.9829 1.5020e+03     0.6993    83.9599 3.4310e-01 1.8057e+03  0.3302802      2.246    10.8862    307.152 -9.990e-29
      2.213     6.1398 191.264481     1.9829 1.3844e+03     0.7006    83.9337 3.4554e-01 1.8057e+03  0.3298644      2.257    10.8866    307.092 0.0000e+00
      2.223     6.1398 191.276431     1.9805 1.2904e+03     0.7006    83.9337 3.5287e-01 1.8057e+03  0.3298644      2.267    10.8693    307.111 0.0000e+00
      2.232     6.1399 191.252530     1.9805 1.2760e+03     0.6993    83.9599 3.5775e-01 1.8057e+03  0.3298644      2.276    10.8694    307.071 0.0000e+00
      2.241     6.1398 191.288384     1.9792 1.2868e+03     0.7006    83.9337 3.5653e-01 1.8057e+03  0.3298644      2.285    10.8613    307.130 0.0000e+00
      2.247     6.1398 191.264481     1.9805 1.3014e+03     0.7006    83.9337 3.5775e-01 1.8057e+03  0.3298644      2.291    10.8723    307.092 0.0000e+00
      2.252     6.1396 191.276432     1.9792 1.3014e+03     0.7006    83.9337 3.6142e-01 1.8057e+03  0.3298644      2.296    10.8642    307.113 0.0000e+00
      2.258     6.1396 191.288383     1.9792 1.2476e+03     0.6993    83.9599 3.6020e-01 1.8057e+03  0.3302802      2.303    10.8656    307.132 0.0000e+00
      2.263     6.1395 191.288384     1.9780 1.1662e+03     0.7006    83.9337 3.5775e-01 1.8057e+03  0.3302802      2.308    10.8594    307.133 0.0000e+00
      2.268     6.1392 191.252530     1.9780 1.1435e+03     0.6993    83.9599 3.6386e-01 1.8037e+03  0.3298644      2.313    10.8596    307.078 0.0000e+00
      2.273     6.1391 191.276433     1.9768 1.1467e+03     0.6993    83.9599 3.7118e-01 1.8037e+03  0.3302802      2.318    10.8509    307.118 -9.990e-29
      2.277     6.1387 191.324238     1.9768 1.1564e+03     0.6993    83.9599 3.7241e-01 1.8037e+03  0.3298644      2.322    10.8523    307.198 -9.990e-29
      2.279     6.1387 191.372042     1.9756 1.1564e+03     0.7006    83.9337 3.7241e-01 1.8057e+03  0.3298644      2.324    10.8445    307.275 -9.990e-29
