data/05_metadata_exports/SeabirdData/202305_SeabirdData/83303_stn716.cnv
* Sea-Bird SBE 9 Data File:
* FileName = C:\Users\rosette\Rosette Data\2023\Ontario CSMI\stn716.hex
* Software Version Seasave V 7.26.6.26
* Temperature SN = 5270
* Conductivity SN = 1168
* Number of Bytes Per Scan = 40
* Number of Voltage Words = 5
* Number of Scans Averaged by the Deck Unit = 1
* NMEA Latitude = 43 35.87 N
* NMEA Longitude = 077 26.37 W
* NMEA UTC (Time) = Oct 01 2003  16:26:46
* NMEA baud rate = 4800
** Ship: Lake Guardian
** Ontario CSMI LWFS
** Station:  stn716
# nquan = 14                                
# nvalues = 23767                       
# units = specified
# name 0 = prDM: Pressure, Digiquartz [db]
# name 1 = t090C: Temperature [ITS-90, deg C]
# name 2 = c0uS/cm: Conductivity [uS/cm]
# name 3 = sbeox0V: Oxygen raw, SBE 43 [V]
# name 4 = par: PAR/Irradiance, Biospherical/Licor
# name 5 = bat: Beam Attenuation, Chelsea/Seatech [1/m]
# name 6 = xmiss: Beam Transmission, Chelsea/Seatech [%]
# name 7 = flSP: Fluorescence, Seapoint
# name 8 = spar: SPAR, Biospherical/Licor
# name 9 = upoly0: Upoly 0, Suna Nitrate
# name 10 = depFM: Depth [fresh water, m], lat = 43.5978
# name 11 = sbeox0Mg/L: Oxygen, SBE 43 [mg/l], WS = 2
# name 12 = specc: Specific Conductance [uS/cm]
# name 13 = flag: flag
# span 0 =     -0.254,    145.982       
# span 1 =     3.6469,     6.6460       
# span 2 =-530.307438, 311.831565       
# span 3 =     1.9512,     2.3529       
# span 4 = 1.0000e-12, 4.2389e+03       
# span 5 =    -0.0316,     4.9351       
# span 6 =    29.1193,   100.7937       
# span 7 = 0.0000e+00, 1.4042e+00       
# span 8 = 1.7978e+03, 1.8057e+03       
# span 9 =  0.0409094,  0.0587872       
# span 10 =     -0.259,    148.860      
# span 11 =    10.7123,    13.7675      
# span 12 =   -869.424,    511.388      
# span 13 = 0.0000e+00, 0.0000e+00      
# interval = seconds: 0.0416667
# start_time = Oct 01 2003 16:26:46 [NMEA time, header]
# bad_flag = -9.990e-29
*END*
[from data line 8878]
     87.024     3.7837 182.284902     2.0904 1.0000e-12     0.1760    95.6965 8.4249e-02 1.8037e+03  0.0446512     88.740    12.9044    316.636 0.0000e+00
     87.039     3.7838 182.284902     2.0916 1.0000e-12     0.1770    95.6703 8.4249e-02 1.8037e+03  0.0446512     88.755    12.9140    316.635 0.0000e+00
     87.053     3.7837 182.296841     2.0916 1.0000e-12     0.1770    95.6703 8.4249e-02 1.8037e+03  0.0446512     88.769    12.9141    316.657 0.0000e+00
     87.068     3.7837 182.296841     2.0916 1.0000e-12     0.1770    95.6703 8.5470e-02 1.8037e+03  0.0446512     88.785    12.9142    316.657 0.0000e+00
     87.083     3.7836 182.296842     2.0916 1.0000e-12     0.1781    95.6442 8.6691e-02 1.8037e+03  0.0446512     88.800    12.9143    316.658 0.0000e+00
     87.098     3.7837 182.308781     2.0916 1.0000e-12     0.1781    95.6442 8.5470e-02 1.8037e+03  0.0442355     88.815    12.9159    316.678 0.0000e+00
     87.111     3.7839 182.284903     2.0916 1.0000e-12     0.1770    95.6703 8.5470e-02 1.8037e+03  0.0442355     88.828    12.9160    316.634 0.0000e+00
     87.125     3.7839 182.284904     2.0916 1.0000e-12     0.1781    95.6442 8.7912e-02 1.8037e+03  0.0446512     88.843    12.9162    316.634 0.0000e+00
     87.138     3.7836 182.296842     2.0916 1.0000e-12     0.1781    95.6442 9.4017e-02 1.8037e+03  0.0450670     88.856    12.9179    316.658 0.0000e+00
     87.151     3.7839 182.249088     2.0904 1.0000e-12     0.1760    95.6965 9.7680e-02 1.8037e+03  0.0446512     88.869    12.9099    316.572 0.0000e+00
     87.164     3.7842 182.308782     2.0916 1.0000e-12     0.1770    95.6703 1.0256e-01 1.8037e+03  0.0442355     88.883    12.9195    316.672 0.0000e+00
     87.177     3.7844 182.308781     2.0916 1.0000e-12     0.1781    95.6442 1.0745e-01 1.8037e+03  0.0450670     88.896    12.9180    316.670 0.0000e+00
     87.190     3.7843 182.308781     2.0916 1.0000e-12     0.1781    95.6442 1.0989e-01 1.8037e+03  0.0450670     88.909    12.9166    316.671 0.0000e+00
     87.205     3.7845 182.296844     2.0916 1.0000e-12     0.1792    95.6181 1.0867e-01 1.8037e+03  0.0446512     88.924    12.9150    316.648 0.0000e+00
     87.220     3.7845 182.308782     2.0928 1.0000e-12     0.1781    95.6442 1.0745e-01 1.8037e+03  0.0442355     88.940    12.9232    316.669 0.0000e+00
     87.235     3.7846 182.261027     2.0916 1.0000e-12     0.1770    95.6703 1.1233e-01 1.8037e+03  0.0446512     88.955    12.9137    316.585 0.0000e+00
     87.249     3.7851 182.249089     2.0916 1.0000e-12     0.1770    95.6703 1.2454e-01 1.8037e+03  0.0446512     88.969    12.9152    316.558 0.0000e+00
     87.263     3.7855 182.296844     2.0904 1.0000e-12     0.1760    95.6965 1.3187e-01 1.8037e+03  0.0446512     88.983    12.9040    316.637 0.0000e+00
     87.277     3.7856 182.344599     2.0916 1.0000e-12     0.1760    95.6965 1.2210e-01 1.8037e+03  0.0446512     88.998    12.9151    316.719 0.0000e+00
     87.290     3.7857 182.344599     2.0916 1.0000e-12     0.1760    95.6965 1.0989e-01 1.8037e+03  0.0446512     89.011    12.9151    316.718 0.0000e+00
     87.304     3.7862 182.344599     2.0928 1.0000e-12     0.1770    95.6703 1.0379e-01 1.8037e+03  0.0446512     89.025    12.9246    316.712 0.0000e+00
     87.320     3.7862 182.356538     2.0916 1.0000e-12     0.1749    95.7226 1.0256e-01 1.8037e+03  0.0446512     89.042    12.9151    316.733 0.0000e+00
     87.335     3.7864 182.320722     2.0916 1.0000e-12     0.1749    95.7226 1.0012e-01 1.8037e+03  0.0446512     89.057    12.9151    316.669 0.0000e+00
     87.351     3.7867 182.332661     2.0928 1.0000e-12     0.1760    95.6965 9.4017e-02 1.8037e+03  0.0446512     89.073    12.9216    316.686 0.0000e+00
     87.366     3.7868 182.344600     2.0916 1.0000e-12     0.1770    95.6703 9.1575e-02 1.8037e+03  0.0446512     89.089    12.9121    316.706 0.0000e+00
     87.382     3.7872 182.356537     2.0916 1.0000e-12     0.1770    95.6703 8.9133e-02 1.8037e+03  0.0446512     89.105    12.9090    316.722 0.0000e+00
     87.401     3.7875 182.380417     2.0916 1.0000e-12     0.1770    95.6703 8.9133e-02 1.8037e+03  0.0446512     89.124    12.9090    316.760 0.0000e+00
     87.419     3.7877 182.320723     2.0916 1.0000e-12     0.1770    95.6703 9.0354e-02 1.8037e+03  0.0446512     89.143    12.9075    316.654 0.0000e+00
     87.435     3.7879 182.284907     2.0916 1.0000e-12     0.1770    95.6703 9.0354e-02 1.8037e+03  0.0446512     89.159    12.9061    316.590 0.0000e+00
     87.450     3.7882 182.308784     2.0916 1.0000e-12     0.1760    95.6965 9.7680e-02 1.8037e+03  0.0446512     89.174    12.9062    316.628 0.0000e+00
     87.464     3.7883 182.344600     2.0916 1.0000e-12     0.1770    95.6703 1.0867e-01 1.8037e+03  0.0446512     89.188    12.9063    316.689 0.0000e+00
     87.480     3.7886 182.320723     2.0916 1.0000e-12     0.1770    95.6703 1.0379e-01 1.8037e+03  0.0446512     89.205    12.9064    316.644 0.0000e+00
     87.496     3.7888 182.332662     2.0928 1.0000e-12     0.1770    95.6703 9.5238e-02 1.8037e+03  0.0446512     89.221    12.9161    316.663 0.0000e+00
     87.512     3.7889 182.344601     2.0916 1.0000e-12     0.1770    95.6703 8.9133e-02 1.8037e+03  0.0446512     89.237    12.9067    316.683 0.0000e+00
     87.528     3.7891 182.320723     2.0916 1.0000e-12     0.1770    95.6703 8.5470e-02 1.8037e+03  0.0446512     89.254    12.9053    316.639 0.0000e+00
     87.546     3.7895 182.344601     2.0916 1.0000e-12     0.1770    95.6703 8.4249e-02 1.8037e+03  0.0442355     89.272    12.9053    316.676 0.0000e+00
     87.563     3.7897 182.344602     2.0916 1.0000e-12     0.1781    95.6442 8.4249e-02 1.8037e+03  0.0450670     89.289    12.9054    316.674 0.0000e+00
     87.580     3.7897 182.308785     2.0904 1.0000e-12     0.1781    95.6442 8.3028e-02 1.8037e+03  0.0450670     89.307    12.8975    316.612 0.0000e+00
     87.598     3.7899 182.332663     2.0904 1.0000e-12     0.1781    95.6442 8.1807e-02 1.8037e+03  0.0450670     89.325    12.8975    316.651 0.0000e+00
     87.617     3.7900 182.356541     2.0916 1.0000e-12     0.1792    95.6181 7.9365e-02 1.8037e+03  0.0450670     89.344    12.9087    316.691 0.0000e+00
     87.637     3.7902 182.296847     2.0928 1.0000e-12     0.1781    95.6442 7.9365e-02 1.8037e+03  0.0450670     89.365    12.9183    316.585 0.0000e+00
     87.658     3.7905 182.332664     2.0916 1.0000e-12     0.1792    95.6181 7.9365e-02 1.8037e+03  0.0450670     89.386    12.9088    316.644 0.0000e+00
     87.677     3.7905 182.320725     2.0916 1.0000e-12     0.1781    95.6442 7.9365e-02 1.8037e+03  0.0450670     89.406    12.9074    316.623 0.0000e+00
     87.696     3.7906 182.368481     2.0916 1.0000e-12     0.1792    95.6181 8.0586e-02 1.8037e+03  0.0450670     89.425    12.9075    316.705 0.0000e+00
     87.716     3.7905 182.356543     2.0916 1.0000e-12     0.1781    95.6442 7.9365e-02 1.8037e+03  0.0450670     89.445    12.9061    316.686 0.0000e+00
     87.735     3.7905 182.272971     2.0916 1.0000e-12     0.1781    95.6442 7.8144e-02 1.8037e+03  0.0450670     89.465    12.9063    316.541 0.0000e+00
     87.754     3.7908 182.356543     2.0916 1.0000e-12     0.1781    95.6442 7.8144e-02 1.8037e+03  0.0450670     89.484    12.9065    316.682 0.0000e+00
     87.773     3.7905 182.392360     2.0904 1.0000e-12     0.1781    95.6442 7.8144e-02 1.8037e+03  0.0450670     89.504    12.8958    316.748 0.0000e+00
     87.793     3.7906 182.356544     2.0916 1.0000e-12     0.1781    95.6442 7.8144e-02 1.8037e+03  0.0450670     89.524    12.9058    316.685 0.0000e+00
     87.812     3.7905 182.296850     2.0904 1.0000e-12     0.1792    95.6181 7.8144e-02 1.8037e+03  0.0463143     89.543    12.8952    316.582 0.0000e+00
     87.832     3.7902 182.356544     2.0916 1.0000e-12     0.1781    95.6442 8.0586e-02 1.8037e+03  0.0467301     89.564    12.9054    316.689 0.0000e+00
     87.853     3.7899 182.392362     2.0904 1.0000e-12     0.1792    95.6181 8.3028e-02 1.8037e+03  0.0467301     89.585    12.8965    316.754 0.0000e+00
     87.875     3.7899 182.332668     2.0904 1.0000e-12     0.1792    95.6181 8.4249e-02 1.8037e+03  0.0471458     89.608    12.8970    316.651 0.0000e+00
     87.896     3.7900 182.332667     2.0916 1.0000e-12     0.1792    95.6181 8.4249e-02 1.8037e+03  0.0471458     89.629    12.9071    316.650 0.0000e+00
     87.919     3.7897 182.261036     2.0916 1.0000e-12     0.1792    95.6181 8.3028e-02 1.8037e+03  0.0467301     89.652    12.9078    316.529 0.0000e+00
     87.942     3.7897 182.320731     2.0916 1.0000e-12     0.1792    95.6181 8.1807e-02 1.8037e+03  0.0467301     89.676    12.9083    316.632 0.0000e+00
     87.964     3.7897 182.392364     2.0916 1.0000e-12     0.1792    95.6181 8.0586e-02 1.8037e+03  0.0471458     89.698    12.9073    316.757 0.0000e+00
     87.985     3.7897 182.344608     2.0916 1.0000e-12     0.1792    95.6181 8.1807e-02 1.8037e+03  0.0471458     89.720    12.9080    316.674 0.0000e+00
     88.007     3.7895 182.332671     2.0916 1.0000e-12     0.1781    95.6442 8.0586e-02 1.8037e+03  0.0463143     89.742    12.9073    316.655 0.0000e+00
     88.028     3.7894 182.380426     2.0916 1.0000e-12     0.1781    95.6442 8.0586e-02 1.8037e+03  0.0467301     89.764    12.9066    316.739 0.0000e+00
     88.050     3.7895 182.356548     2.0916 1.0000e-12     0.1792    95.6181 7.9365e-02 1.8037e+03  0.0467301     89.786    12.9059    316.697 0.0000e+00
     88.073     3.7894 182.284918     2.0928 1.0000e-12     0.1781    95.6442 7.9365e-02 1.8037e+03  0.0467301     89.809    12.9149    316.573 0.0000e+00
     88.094     3.7895 182.320732     2.0916 1.0000e-12     0.1781    95.6442 8.0586e-02 1.8037e+03  0.0467301     89.831    12.9033    316.634 0.0000e+00
     88.117     3.7893 182.344612     2.0916 1.0000e-12     0.1792    95.6181 8.0586e-02 1.8037e+03  0.0471458     89.854    12.9028    316.678 0.0000e+00
     88.140     3.7891 182.308796     2.0916 1.0000e-12     0.1792    95.6181 7.8144e-02 1.8037e+03  0.0467301     89.878    12.9037    316.618 0.0000e+00
     88.161     3.7894 182.308796     2.0916 1.0000e-12     0.1792    95.6181 7.8144e-02 1.8037e+03  0.0446512     89.899    12.9046    316.615 0.0000e+00
     88.182     3.7895 182.332673     2.0916 1.0000e-12     0.1770    95.6703 7.9365e-02 1.8037e+03  0.0446512     89.921    12.9041    316.655 0.0000e+00
     88.204     3.7895 182.380429     2.0916 1.0000e-12     0.1770    95.6703 8.0586e-02 1.8037e+03  0.0446512     89.943    12.9052    316.738 0.0000e+00
     88.226     3.7899 182.356552     2.0904 1.0000e-12     0.1781    95.6442 8.0586e-02 1.8037e+03  0.0446512     89.965    12.8966    316.692 0.0000e+00
     88.249     3.7904 182.308796     2.0904 1.0000e-12     0.1781    95.6442 8.0586e-02 1.8037e+03  0.0442355     89.989    12.8960    316.604 0.0000e+00
     88.272     3.7903 182.392369     2.0916 1.0000e-12     0.1781    95.6442 7.9365e-02 1.8037e+03  0.0442355     90.012    12.9052    316.750 0.0000e+00
     88.294     3.7908 182.320736     2.0904 1.0000e-12     0.1792    95.6181 7.8144e-02 1.8037e+03  0.0446512     90.035    12.8952    316.620 0.0000e+00
     88.315     3.7908 182.308798     2.0904 1.0000e-12     0.1792    95.6181 7.9365e-02 1.8037e+03  0.0442355     90.056    12.8950    316.599 0.0000e+00
     88.337     3.7913 182.416246     2.0904 1.0000e-12     0.1792    95.6181 8.0586e-02 1.8037e+03  0.0446512     90.079    12.8945    316.781 0.0000e+00
     88.358     3.7913 182.380432     2.0916 1.0000e-12     0.1792    95.6181 8.1807e-02 1.8037e+03  0.0446512     90.100    12.9023    316.718 0.0000e+00
     88.379     3.7913 182.296859     2.0916 1.0000e-12     0.1803    95.5919 8.4249e-02 1.8037e+03  0.0446512     90.121    12.9021    316.573 0.0000e+00
     88.400     3.7911 182.308799     2.0916 1.0000e-12     0.1803    95.5919 8.1807e-02 1.8037e+03  0.0446512     90.143    12.9004    316.596 0.0000e+00
     88.421     3.7913 182.368493     2.0916 1.0000e-12     0.1781    95.6442 8.0586e-02 1.8037e+03  0.0446512     90.164    12.9001    316.698 0.0000e+00
     88.442     3.7911 182.332677     2.0916 1.0000e-12     0.1792    95.6181 8.0586e-02 1.8037e+03  0.0450670     90.186    12.9000    316.638 0.0000e+00
     88.463     3.7910 182.308800     2.0916 1.0000e-12     0.1792    95.6181 8.1807e-02 1.8037e+03  0.0463143     90.207    12.8999    316.597 0.0000e+00
     88.483     3.7908 182.308801     2.0904 1.0000e-12     0.1792    95.6181 8.0586e-02 1.8037e+03  0.0463143     90.228    12.8918    316.599 0.0000e+00
     88.504     3.7906 182.392372     2.0904 1.0000e-12     0.1781    95.6442 8.0586e-02 1.8037e+03  0.0458985     90.249    12.8933    316.747 0.0000e+00
     88.525     3.7906 182.272985     2.0904 1.0000e-12     0.1760    95.6965 8.0586e-02 1.8037e+03  0.0463143     90.270    12.8932    316.539 0.0000e+00
     88.546     3.7906 182.308802     2.0904 1.0000e-12     0.1760    95.6965 8.0586e-02 1.8037e+03  0.0467301     90.292    12.8932    316.602 0.0000e+00
     88.565     3.7905 182.344619     2.0904 1.0000e-12     0.1749    95.7226 8.0586e-02 1.8037e+03  0.0463143     90.311    12.8932    316.665 0.0000e+00
     88.585     3.7904 182.320740     2.0904 1.0000e-12     0.1738    95.7488 8.1807e-02 1.8037e+03  0.0458985     90.332    12.8934    316.625 0.0000e+00
     88.606     3.7904 182.368497     2.0904 1.0000e-12     0.1727    95.7749 8.1807e-02 1.8037e+03  0.0463143     90.353    12.8966    316.708 0.0000e+00
     88.627     3.7903 182.392375     2.0916 1.0000e-12     0.1738    95.7488 8.1807e-02 1.8037e+03  0.0463143     90.374    12.9064    316.750 0.0000e+00
     88.647     3.7902 182.368497     2.0916 1.0000e-12     0.1727    95.7749 8.1807e-02 1.8037e+03  0.0458985     90.395    12.9067    316.710 0.0000e+00
     88.667     3.7902 182.380438     2.0904 1.0000e-12     0.1727    95.7749 8.0586e-02 1.8037e+03  0.0463143     90.415    12.8990    316.730 0.0000e+00
     88.686     3.7899 182.356560     2.0904 1.0000e-12     0.1705    95.8272 8.0586e-02 1.8037e+03  0.0463143     90.435    12.9010    316.692 0.0000e+00
     88.704     3.7899 182.320743     2.0916 1.0000e-12     0.1705    95.8272 8.1807e-02 1.8037e+03  0.0463143     90.453    12.9109    316.630 0.0000e+00
     88.723     3.7897 182.308805     2.0916 1.0000e-12     0.1705    95.8272 8.1807e-02 1.8037e+03  0.0458985     90.472    12.9113    316.612 0.0000e+00
     88.743     3.7895 182.344622     2.0904 1.0000e-12     0.1694    95.8533 8.4249e-02 1.8037e+03  0.0454828     90.493    12.9023    316.676 0.0000e+00
     88.762     3.7895 182.356562     2.0904 1.0000e-12     0.1683    95.8795 8.5470e-02 1.8037e+03  0.0446512     90.512    12.9026    316.697 0.0000e+00
     88.780     3.7894 182.356561     2.0904 1.0000e-12     0.1694    95.8533 8.3028e-02 1.8037e+03  0.0446512     90.530    12.9030    316.698 0.0000e+00
     88.798     3.7889 182.344623     2.0916 1.0000e-12     0.1694    95.8533 8.3028e-02 1.8037e+03  0.0446512     90.549    12.9131    316.683 0.0000e+00
     88.817     3.7894 182.308807     2.0904 1.0000e-12     0.1694    95.8533 8.3028e-02 1.8037e+03  0.0446512     90.568    12.9036    316.615 0.0000e+00
     88.836     3.7888 182.308808     2.0904 1.0000e-12     0.1705    95.8272 8.4249e-02 1.8037e+03  0.0446512     90.587    12.9041    316.621 0.0000e+00
     88.855     3.7891 182.296870     2.0904 1.0000e-12     0.1705    95.8272 8.4249e-02 1.8037e+03  0.0446512     90.607    12.9057    316.597 0.0000e+00
     88.873     3.7889 182.368502     2.0904 1.0000e-12     0.1694    95.8533 8.4249e-02 1.8037e+03  0.0446512     90.625    12.9059    316.724 0.0000e+00
     88.891     3.7889 182.308809     2.0916 1.0000e-12     0.1705    95.8272 8.4249e-02 1.8037e+03  0.0446512     90.644    12.9158    316.620 0.0000e+00
