data/05_metadata_exports/SeabirdData/202305_SeabirdData/83303_stn716.cnv
* Sea-Bird SBE 9 Data File:
* FileName = C:\Users\rosette\Rosette Data\2023\Ontario CSMI\stn716.hex
* Software Version Seasave V 7.26.6.26
* Temperature SN = 5270
* Conductivity SN = 1168
* Number of Bytes Per Scan = 40
* Number of Voltage Words = 5
* Number of Scans Averaged by the Deck Unit = 1
* NMEA Latitude = 43 35.87 N
* NMEA Longitude = 077 26.37 W
* NMEA UTC (Time) = Oct 01 2003  16:26:46
* NMEA baud rate = 4800
** Ship: Lake Guardian
** Ontario CSMI LWFS
** Station:  stn716
# nquan = 14                                
# nvalues = 23767                       
# units = specified
# name 0 = prDM: Pressure, Digiquartz [db]
# name 1 = t090C: Temperature [ITS-90, deg C]
# name 2 = c0uS/cm: Conductivity [uS/cm]
# name 3 = sbeox0V: Oxygen raw, SBE 43 [V]
# name 4 = par: PAR/Irradiance, Biospherical/Licor
# name 5 = bat: Beam Attenuation, Chelsea/Seatech [1/m]
# name 6 = xmiss: Beam Transmission, Chelsea/Seatech [%]
# name 7 = flSP: Fluorescence, Seapoint
# name 8 = spar: SPAR, Biospherical/Licor
# name 9 = upoly0: Upoly 0, Suna Nitrate
# name 10 = depFM: Depth [fresh water, m], lat = 43.5978
# name 11 = sbeox0Mg/L: Oxygen, SBE 43 [mg/l], WS = 2
# name 12 = specc: Specific Conductance [uS/cm]
# name 13 = flag: flag
# span 0 =     -0.254,    145.982       
# span 1 =     3.6469,     6.6460       
# span 2 =-530.307438, 311.831565       
# span 3 =     1.9512,     2.3529       
# span 4 = 1.0000e-12, 4.2389e+03       
# span 5 =    -0.0316,     4.9351       
# span 6 =    29.1193,   100.7937       
# span 7 = 0.0000e+00, 1.4042e+00       
# span 8 = 1.7978e+03, 1.8057e+03       
# span 9 =  0.0409094,  0.0587872       
# span 10 =     -0.259,    148.860      
# span 11 =    10.7123,    13.7675      
# span 12 =   -869.424,    511.388      
# span 13 = 0.0000e+00, 0.0000e+00      
# interval = seconds: 0.0416667
# start_time = Oct 01 2003 16:26:46 [NMEA time, header]
# bad_flag = -9.990e-29
*END*
[from data line 620]
     -0.153     5.4359   1.054806     2.1551 7.4161e+02     1.9221    61.8459 3.6630e-02 1.7998e+03  0.0409094     -0.156    12.6575      1.733 -9.990e-29
     -0.153     5.4357   0.996382     2.1551 7.4161e+02     1.9238    61.8198 3.6630e-02 1.7998e+03  0.0409094     -0.156    12.6575      1.637 -9.990e-29
     -0.153     5.4354   1.008067     2.1538 7.3953e+02     1.9238    61.8198 3.6630e-02 1.7998e+03  0.0409094     -0.156    12.6478      1.656 -9.990e-29
     -0.153     5.4353   0.996382     2.1526 7.3953e+02     1.9238    61.8198 3.6630e-02 1.7998e+03  0.0409094     -0.156    12.6387      1.637 -9.990e-29
     -0.154     5.4353   1.008067     2.1538 7.3953e+02     1.9221    61.8459 3.6630e-02 1.7998e+03  0.0409094     -0.157    12.6477      1.656 -9.990e-29
     -0.154     5.4348   0.949643     2.1538 7.3953e+02     1.9221    61.8459 3.6630e-02 1.7998e+03  0.0409094     -0.157    12.6478      1.560 -9.990e-29
     -0.153     5.4348   0.973012     2.1526 7.3953e+02     1.9238    61.8198 3.6630e-02 1.7998e+03  0.0409094     -0.156    12.6401      1.598 -9.990e-29
     -0.153     5.4345   0.984697     2.1538 7.3953e+02     1.9238    61.8198 3.6630e-02 1.7998e+03  0.0409094     -0.156    12.6505      1.618 -9.990e-29
     -0.152     5.4348   1.019752     2.1551 7.3953e+02     1.9238    61.8198 3.6630e-02 1.7998e+03  0.0409094     -0.155    12.6601      1.675 -9.990e-29
     -0.152     5.4345   1.043121     2.1538 7.3745e+02     1.9221    61.8459 3.6630e-02 1.7998e+03  0.0409094     -0.155    12.6503      1.714 -9.990e-29
     -0.153     5.4344   0.984697     2.1538 7.3745e+02     1.9221    61.8459 3.6630e-02 1.7998e+03  0.0409094     -0.156    12.6503      1.618 -9.990e-29
     -0.152     5.4342   0.973012     2.1551 7.3745e+02     1.9221    61.8459 3.6630e-02 1.7998e+03  0.0409094     -0.155    12.6601      1.598 -9.990e-29
     -0.150     5.4342   0.961327     2.1538 7.3538e+02     1.9221    61.8459 3.6630e-02 1.7998e+03  0.0409094     -0.153    12.6502      1.579 -9.990e-29
     -0.150     5.4341   1.008067     2.1538 7.3332e+02     1.9221    61.8459 3.6630e-02 1.7998e+03  0.0409094     -0.153    12.6502      1.656 -9.990e-29
     -0.150     5.4338   1.019752     2.1526 7.3332e+02     1.9204    61.8721 3.6630e-02 1.7998e+03  0.0409094     -0.153    12.6398      1.675 -9.990e-29
     -0.152     5.4336   0.984697     2.1538 7.3332e+02     1.9221    61.8459 3.9072e-02 1.7998e+03  0.0409094     -0.155    12.6488      1.618 -9.990e-29
     -0.152     5.4336   1.008067     2.1538 7.3538e+02     1.9221    61.8459 3.9072e-02 1.7998e+03  0.0409094     -0.155    12.6487      1.656 -9.990e-29
     -0.153     5.4336   0.996382     2.1538 7.3332e+02     1.9238    61.8198 3.9072e-02 1.7998e+03  0.0409094     -0.156    12.6485      1.637 -9.990e-29
     -0.153     5.4332   1.008067     2.1538 7.3538e+02     1.9221    61.8459 3.7851e-02 1.7998e+03  0.0409094     -0.156    12.6485      1.656 -9.990e-29
     -0.154     5.4332   0.984697     2.1538 7.3538e+02     1.9221    61.8459 3.6630e-02 1.7998e+03  0.0409094     -0.157    12.6498      1.618 -9.990e-29
     -0.154     5.4329   0.973012     2.1538 7.3538e+02     1.9221    61.8459 3.5409e-02 1.7998e+03  0.0409094     -0.157    12.6486      1.599 -9.990e-29
     -0.154     5.4332 164.405074     2.1538 7.3745e+02     1.9204    61.8721 3.4188e-02 1.7998e+03  0.0409094     -0.157    12.6383    270.097 -9.990e-29
     -0.154     5.4329 164.702923     2.1538 7.3953e+02     1.9238    61.8198 3.5409e-02 1.7998e+03  0.0409094     -0.157    12.6384    270.589 -9.990e-29
     -0.154     5.4329  36.981974     2.1538 7.3953e+02     1.9221    61.8459 3.6630e-02 1.7998e+03  0.0409094     -0.157    12.6465     60.757 -9.990e-29
     -0.154     5.4329   1.008067     2.1538 7.3953e+02     1.9221    61.8459 3.9072e-02 1.7998e+03  0.0409094     -0.157    12.6472      1.656 -9.990e-29
     -0.154     5.4328   0.984697     2.1538 7.4161e+02     1.9221    61.8459 3.9072e-02 1.7998e+03  0.0409094     -0.157    12.6473      1.618 -9.990e-29
     -0.154     5.4324   0.961327     2.1538 7.4161e+02     1.9221    61.8459 3.7851e-02 1.7998e+03  0.0409094     -0.157    12.6489      1.579 -9.990e-29
     -0.153     5.4323   0.973012     2.1538 7.4161e+02     1.9238    61.8198 3.6630e-02 1.7998e+03  0.0409094     -0.156    12.6490      1.599 -9.990e-29
     -0.153     5.4324   0.949643     2.1538 7.4161e+02     1.9221    61.8459 3.9072e-02 1.7998e+03  0.0409094     -0.156    12.6478      1.560 -9.990e-29
     -0.151     5.4323   0.996382     2.1538 7.4161e+02     1.9221    61.8459 3.7851e-02 1.7998e+03  0.0409094     -0.154    12.6478      1.637 -9.990e-29
     -0.150     5.4323   1.054806     2.1551 7.4161e+02     1.9204    61.8721 3.5409e-02 1.7998e+03  0.0409094     -0.153    12.6577      1.733 -9.990e-29
     -0.149     5.4321   0.996382     2.1538 7.4370e+02     1.9221    61.8459 3.2967e-02 1.7998e+03  0.0409094     -0.152    12.6467      1.637 -9.990e-29
     -0.150     5.4321   0.961327     2.1538 7.4370e+02     1.9221    61.8459 3.1746e-02 1.7998e+03  0.0409094     -0.153    12.6467      1.579 -9.990e-29
     -0.152     5.4318   1.019752     2.1538 7.4370e+02     1.9221    61.8459 3.2967e-02 1.7998e+03  0.0409094     -0.155    12.6482      1.675 -9.990e-29
     -0.152     5.4318   0.996382     2.1538 7.4579e+02     1.9221    61.8459 3.5409e-02 1.7998e+03  0.0409094     -0.155    12.6496      1.637 -9.990e-29
     -0.151     5.4318   1.019752     2.1538 7.4789e+02     1.9204    61.8721 3.6630e-02 1.7998e+03  0.0409094     -0.154    12.6496      1.675 -9.990e-29
     -0.151     5.4316   1.031437     2.1538 7.4789e+02     1.9221    61.8459 3.6630e-02 1.7998e+03  0.0409094     -0.154    12.6511      1.695 -9.990e-29
     -0.151     5.4315   1.054806     2.1538 7.4789e+02     1.9221    61.8459 3.6630e-02 1.7998e+03  0.0409094     -0.154    12.6512      1.733 -9.990e-29
     -0.151     5.4315   0.996382     2.1538 7.5000e+02     1.9204    61.8721 3.6630e-02 1.7998e+03  0.0409094     -0.154    12.6512      1.637 -9.990e-29
     -0.150     5.4315   0.973012     2.1538 7.5000e+02     1.9204    61.8721 3.7851e-02 1.7998e+03  0.0409094     -0.153    12.6500      1.599 -9.990e-29
     -0.150     5.4313   0.973012     2.1538 7.5000e+02     1.9221    61.8459 3.9072e-02 1.7998e+03  0.0409094     -0.153    12.6500      1.599 -9.990e-29
     -0.149     5.4310   1.008067     2.1538 7.5211e+02     1.9221    61.8459 3.9072e-02 1.7998e+03  0.0409094     -0.152    12.6501      1.656 -9.990e-29
     -0.148     5.4312   0.984697     2.1538 7.5211e+02     1.9221    61.8459 3.9072e-02 1.7998e+03  0.0409094     -0.151    12.6500      1.618 -9.990e-29
     -0.148     5.4308   0.973012     2.1538 7.5000e+02     1.9221    61.8459 3.9072e-02 1.7998e+03  0.0409094     -0.151    12.6502      1.599 -9.990e-29
     -0.150     5.4308   0.973012     2.1526 7.5000e+02     1.9221    61.8459 3.7851e-02 1.7998e+03  0.0409094     -0.153    12.6425      1.599 -9.990e-29
     -0.151     5.4307   1.019752     2.1538 7.4789e+02     1.9221    61.8459 3.9072e-02 1.7998e+03  0.0409094     -0.154    12.6515      1.675 -9.990e-29
     -0.151     5.4305   1.031437     2.1538 7.4789e+02     1.9221    61.8459 3.7851e-02 1.7998e+03  0.0409094     -0.154    12.6515      1.695 -9.990e-29
     -0.151     5.4304   1.054806     2.1538 7.4579e+02     1.9221    61.8459 3.7851e-02 1.7998e+03  0.0409094     -0.154    12.6515      1.733 -9.990e-29
     -0.150     5.4302   0.961327     2.1538 7.4370e+02     1.9221    61.8459 3.7851e-02 1.7998e+03  0.0409094     -0.153    12.6529      1.579 -9.990e-29
     -0.149     5.4302   0.949643     2.1526 7.4370e+02     1.9238    61.8198 3.6630e-02 1.7998e+03  0.0409094     -0.152    12.6438      1.560 -9.990e-29
     -0.149     5.4304   1.008067     2.1538 7.3953e+02     1.9221    61.8459 3.6630e-02 1.7998e+03  0.0409094     -0.152    12.6526      1.656 -9.990e-29
     -0.150     5.4302   1.019752     2.1538 7.3745e+02     1.9221    61.8459 3.5409e-02 1.7998e+03  0.0409094     -0.153    12.6525      1.675 -9.990e-29
     -0.151     5.4300   0.973012     2.1538 7.3745e+02     1.9221    61.8459 3.6630e-02 1.7998e+03  0.0409094     -0.154    12.6525      1.599 -9.990e-29
     -0.150     5.4299   0.973012     2.1538 7.3126e+02     1.9238    61.8198 3.6630e-02 1.7998e+03  0.0409094     -0.153    12.6511      1.599 -9.990e-29
     -0.151     5.4297   0.973012     2.1538 7.2716e+02     1.9221    61.8459 3.5409e-02 1.7998e+03  0.0409094     -0.154    12.6498      1.599 -9.990e-29
     -0.151     5.4299   1.008067     2.1538 7.2716e+02     1.9221    61.8459 3.5409e-02 1.7998e+03  0.0409094     -0.154    12.6512      1.656 -9.990e-29
     -0.151     5.4295   1.019752     2.1538 7.2308e+02     1.9221    61.8459 3.7851e-02 1.7998e+03  0.0409094     -0.154    12.6513      1.676 -9.990e-29
     -0.151     5.4295   1.031437     2.1538 7.2105e+02     1.9204    61.8721 4.2735e-02 1.7998e+03  0.0409094     -0.154    12.6514      1.695 -9.990e-29
     -0.151     5.4295   1.008067     2.1551 7.2105e+02     1.9221    61.8459 4.5177e-02 1.7998e+03  0.0409094     -0.154    12.6612      1.656 -9.990e-29
     -0.150     5.4292   1.031437     2.1538 7.1902e+02     1.9221    61.8459 4.2735e-02 1.7998e+03  0.0409094     -0.153    12.6530      1.695 -9.990e-29
     -0.149     5.4292   0.973012     2.1538 7.1902e+02     1.9221    61.8459 3.6630e-02 1.7998e+03  0.0409094     -0.152    12.6530      1.599 -9.990e-29
     -0.147     5.4292   0.937958     2.1538 7.1902e+02     1.9221    61.8459 3.4188e-02 1.7998e+03  0.0409094     -0.150    12.6529      1.541 -9.990e-29
     -0.146     5.4287   0.973012     2.1538 7.1902e+02     1.9221    61.8459 3.4188e-02 1.7998e+03  0.0409094     -0.149    12.6531      1.599 -9.990e-29
     -0.147     5.4287   0.961327     2.1538 7.1902e+02     1.9221    61.8459 3.4188e-02 1.7998e+03  0.0409094     -0.150    12.6531      1.580 -9.990e-29
     -0.147     5.4287   1.066491     2.1538 7.1902e+02     1.9204    61.8721 3.4188e-02 1.7998e+03  0.0409094     -0.150    12.6531      1.752 -9.990e-29
     -0.147     5.4286   0.973012     2.1538 7.1902e+02     1.9221    61.8459 3.2967e-02 1.7998e+03  0.0409094     -0.150    12.6531      1.599 -9.990e-29
     -0.146     5.4286   0.996382     2.1538 7.2105e+02     1.9221    61.8459 3.1746e-02 1.7998e+03  0.0409094     -0.149    12.6545      1.637 -9.990e-29
     -0.146     5.4284   0.984697     2.1538 7.2105e+02     1.9221    61.8459 3.2967e-02 1.7998e+03  0.0409094     -0.149    12.6545      1.618 -9.990e-29
     -0.146     5.4279   0.961327     2.1551 7.1902e+02     1.9238    61.8198 3.5409e-02 1.7998e+03  0.0409094     -0.149    12.6630      1.580 -9.990e-29
     -0.144     5.4283   0.961327     2.1538 7.1902e+02     1.9221    61.8459 3.5409e-02 1.7998e+03  0.0409094     -0.147    12.6518      1.580 -9.990e-29
     -0.143     5.4279   0.961327     2.1538 7.1902e+02     1.9221    61.8459 3.5409e-02 1.7998e+03  0.0409094     -0.146    12.6506      1.580 -9.990e-29
     -0.143     5.4281   0.961327     2.1538 7.1902e+02     1.9221    61.8459 3.5409e-02 1.7998e+03  0.0409094     -0.146    12.6492      1.580 -9.990e-29
     -0.142     5.4278   0.984697     2.1551 7.1499e+02     1.9221    61.8459 3.7851e-02 1.7998e+03  0.0409094     -0.145    12.6578      1.618 -9.990e-29
     -0.143     5.4278   0.984697     2.1538 7.1499e+02     1.9204    61.8721 3.9072e-02 1.7998e+03  0.0409094     -0.146    12.6481      1.618 -9.990e-29
     -0.144     5.4275   0.961327     2.1538 7.1298e+02     1.9221    61.8459 3.9072e-02 1.7998e+03  0.0409094     -0.147    12.6470      1.580 -9.990e-29
     -0.145     5.4276   0.996382     2.1538 7.1098e+02     1.9221    61.8459 4.0293e-02 1.7998e+03  0.0409094     -0.148    12.6470      1.637 -9.990e-29
     -0.146     5.4275 218.196461     2.1538 7.0898e+02     1.9221    61.8459 4.2735e-02 1.7998e+03  0.0409094     -0.149    12.6334    358.536 -9.990e-29
     -0.147     5.4275  72.133663     2.1526 7.0699e+02     1.9221    61.8459 4.3956e-02 1.7998e+03  0.0409094     -0.150    12.6338    118.529 -9.990e-29
     -0.149     5.4271   1.089861     2.1526 7.0699e+02     1.9221    61.8459 4.2735e-02 1.7998e+03  0.0409094     -0.152    12.6382      1.791 -9.990e-29
     -0.149     5.4272   0.961327     2.1538 7.0501e+02     1.9221    61.8459 3.9072e-02 1.7998e+03  0.0409094     -0.152    12.6460      1.580 -9.990e-29
     -0.150     5.4270   0.996382     2.1538 7.0699e+02     1.9221    61.8459 3.5409e-02 1.7998e+03  0.0409094     -0.153    12.6461      1.637 -9.990e-29
     -0.150     5.4266   0.973012     2.1538 7.0501e+02     1.9221    61.8459 3.4188e-02 1.7998e+03  0.0409094     -0.153    12.6463      1.599 -9.990e-29
     -0.150     5.4267   0.973012     2.1538 7.0501e+02     1.9204    61.8721 3.4188e-02 1.7998e+03  0.0409094     -0.153    12.6464      1.599 -9.990e-29
     -0.149     5.4265   1.019752     2.1551 7.0501e+02     1.9221    61.8459 3.5409e-02 1.7998e+03  0.0409094     -0.152    12.6578      1.676 -9.990e-29
     -0.148     5.4263   0.984697     2.1538 7.0501e+02     1.9221    61.8459 3.5409e-02 1.7998e+03  0.0409094     -0.151    12.6482      1.618 -9.990e-29
     -0.146     5.4262   0.973012     2.1538 7.0501e+02     1.9221    61.8459 3.6630e-02 1.7998e+03  0.0409094     -0.149    12.6484      1.599 -9.990e-29
     -0.144     5.4259   0.984697     2.1538 7.0501e+02     1.9221    61.8459 3.6630e-02 1.7998e+03  0.0409094     -0.147    12.6486      1.618 -9.990e-29
     -0.144     5.4262   0.973012     2.1538 7.0303e+02     1.9221    61.8459 3.5409e-02 1.7998e+03  0.0409094     -0.147    12.6487      1.599 -9.990e-29
     -0.143     5.4257   0.973012     2.1538 7.0303e+02     1.9221    61.8459 3.4188e-02 1.7998e+03  0.0409094     -0.146    12.6504      1.599 -9.990e-29
     -0.142     5.4257   0.984697     2.1538 7.0303e+02     1.9221    61.8459 3.4188e-02 1.7998e+03  0.0409094     -0.145    12.6505      1.618 -9.990e-29
     -0.140     5.4258   0.984697     2.1551 7.0303e+02     1.9238    61.8198 3.5409e-02 1.7998e+03  0.0409094     -0.143    12.6603      1.618 -9.990e-29
     -0.138     5.4257   1.019752     2.1538 7.0501e+02     1.9238    61.8198 3.5409e-02 1.7998e+03  0.0409094     -0.141    12.6507      1.676 -9.990e-29
     -0.136     5.4256   0.973012     2.1526 7.0501e+02     1.9221    61.8459 3.5409e-02 1.7998e+03  0.0409094     -0.139    12.6418      1.599 -9.990e-29
     -0.135     5.4254   0.996382     2.1538 7.0501e+02     1.9238    61.8198 3.5409e-02 1.7998e+03  0.0409094     -0.138    12.6524      1.637 -9.990e-29
     -0.134     5.4254   0.984697     2.1526 7.0501e+02     1.9238    61.8198 3.6630e-02 1.7998e+03  0.0409094     -0.137    12.6449      1.618 -9.990e-29
     -0.134     5.4251   0.949643     2.1526 7.0501e+02     1.9238    61.8198 3.7851e-02 1.7998e+03  0.0409094     -0.137    12.6451      1.561 -9.990e-29
     -0.135     5.4253   0.926273     2.1526 7.0501e+02     1.9221    61.8459 3.9072e-02 1.7998e+03  0.0409094     -0.138    12.6451      1.522 -9.990e-29
     -0.138     5.4248   0.996382     2.1538 7.0501e+02     1.9238    61.8198 3.9072e-02 1.7998e+03  0.0409094     -0.141    12.6558      1.637 -9.990e-29
     -0.144     5.4249   0.973012     2.1538 7.0501e+02     1.9238    61.8198 3.9072e-02 1.7998e+03  0.0409094     -0.147    12.6559      1.599 -9.990e-29
     -0.150     5.4249   0.902904     2.1538 7.0699e+02     1.9221    61.8459 3.9072e-02 1.7998e+03  0.0409094     -0.153    12.6561      1.484 -9.990e-29
     -0.153     5.4244   0.984697     2.1538 7.0699e+02     1.9238    61.8198 3.6630e-02 1.7998e+03  0.0409094     -0.156    12.6564      1.618 -9.990e-29
     -0.151     5.4238   0.984697     2.1538 7.0699e+02     1.9238    61.8198 3.5409e-02 1.7998e+03  0.0409094     -0.154    12.6555      1.618 -9.990e-29
