data/05_metadata_exports/SeabirdData/202305_SeabirdData/83303_stn716.cnv
* Sea-Bird SBE 9 Data File:
* FileName = C:\Users\rosette\Rosette Data\2023\Ontario CSMI\stn716.hex
* Software Version Seasave V 7.26.6.26
* Temperature SN = 5270
* Conductivity SN = 1168
* Number of Bytes Per Scan = 40
* Number of Voltage Words = 5
* Number of Scans Averaged by the Deck Unit = 1
* NMEA Latitude = 43 35.87 N
* NMEA Longitude = 077 26.37 W
* NMEA UTC (Time) = Oct 01 2003  16:26:46
* NMEA baud rate = 4800
** Ship: Lake Guardian
** Ontario CSMI LWFS
** Station:  stn716
# nquan = 14                                
# nvalues = 23767                       
# units = specified
# name 0 = prDM: Pressure, Digiquartz [db]
# name 1 = t090C: Temperature [ITS-90, deg C]
# name 2 = c0uS/cm: Conductivity [uS/cm]
# name 3 = sbeox0V: Oxygen raw, SBE 43 [V]
# name 4 = par: PAR/Irradiance, Biospherical/Licor
# name 5 = bat: Beam Attenuation, Chelsea/Seatech [1/m]
# name 6 = xmiss: Beam Transmission, Chelsea/Seatech [%]
# name 7 = flSP: Fluorescence, Seapoint
# name 8 = spar: SPAR, Biospherical/Licor
# name 9 = upoly0: Upoly 0, Suna Nitrate
# name 10 = depFM: Depth [fresh water, m], lat = 43.5978
# name 11 = sbeox0Mg/L: Oxygen, SBE 43 [mg/l], WS = 2
# name 12 = specc: Specific Conductance [uS/cm]
# name 13 = flag: flag
# span 0 =     -0.254,    145.982       
# span 1 =     3.6469,     6.6460       
# span 2 =-530.307438, 311.831565       
# span 3 =     1.9512,     2.3529       
# span 4 = 1.0000e-12, 4.2389e+03       
# span 5 =    -0.0316,     4.9351       
# span 6 =    29.1193,   100.7937       
# span 7 = 0.0000e+00, 1.4042e+00       
# span 8 = 1.7978e+03, 1.8057e+03       
# span 9 =  0.0409094,  0.0587872       
# span 10 =     -0.259,    148.860      
# span 11 =    10.7123,    13.7675      
# span 12 =   -869.424,    511.388      
# span 13 = 0.0000e+00, 0.0000e+00      
# interval = seconds: 0.0416667
# start_time = Oct 01 2003 16:26:46 [NMEA time, header]
# bad_flag = -9.990e-29
*END*
[from data line 9704]
    102.124     3.7553 182.237427     2.0867 1.0000e-12     0.1217    97.0035 7.2039e-02 1.8037e+03  0.0450670    104.137    12.9009    316.866 0.0000e+00
    102.149     3.7552 182.249367     2.0867 1.0000e-12     0.1217    97.0035 7.0818e-02 1.8037e+03  0.0463143    104.163    12.8998    316.888 0.0000e+00
    102.173     3.7551 182.201611     2.0867 1.0000e-12     0.1217    97.0035 7.0818e-02 1.8037e+03  0.0471458    104.187    12.9002    316.806 0.0000e+00
    102.199     3.7551 182.225490     2.0855 1.0000e-12     0.1228    96.9773 7.2039e-02 1.8037e+03  0.0471458    104.214    12.8894    316.848 0.0000e+00
    102.226     3.7552 182.201613     2.0855 1.0000e-12     0.1228    96.9773 7.2039e-02 1.8037e+03  0.0471458    104.241    12.8914    316.805 0.0000e+00
    102.251     3.7550 182.237430     2.0867 1.0000e-12     0.1217    97.0035 7.3260e-02 1.8037e+03  0.0471458    104.267    12.9000    316.870 0.0000e+00
    102.275     3.7551 182.225490     2.0867 1.0000e-12     0.1217    97.0035 7.6923e-02 1.8037e+03  0.0467301    104.291    12.8990    316.848 0.0000e+00
    102.300     3.7548 182.153860     2.0867 1.0000e-12     0.1217    97.0035 7.9365e-02 1.8037e+03  0.0471458    104.317    12.8997    316.727 0.0000e+00
    102.326     3.7548 182.177738     2.0867 1.0000e-12     0.1228    96.9773 7.6923e-02 1.8037e+03  0.0471458    104.343    12.9019    316.768 0.0000e+00
    102.350     3.7547 182.237431     2.0879 1.0000e-12     0.1217    97.0035 7.4481e-02 1.8037e+03  0.0467301    104.368    12.9138    316.873 0.0000e+00
    102.373     3.7547 182.165800     2.0867 1.0000e-12     0.1217    97.0035 7.0818e-02 1.8037e+03  0.0471458    104.391    12.9049    316.748 0.0000e+00
    102.395     3.7547 182.249371     2.0867 1.0000e-12     0.1217    97.0035 6.9597e-02 1.8037e+03  0.0467301    104.414    12.9056    316.894 0.0000e+00
    102.417     3.7547 182.201616     2.0867 1.0000e-12     0.1228    96.9773 7.2039e-02 1.8037e+03  0.0467301    104.436    12.9064    316.811 0.0000e+00
    102.440     3.7545 182.213556     2.0867 1.0000e-12     0.1217    97.0035 7.3260e-02 1.8037e+03  0.0471458    104.460    12.9072    316.834 0.0000e+00
    102.462     3.7545 182.189679     2.0867 1.0000e-12     0.1217    97.0035 7.3260e-02 1.8037e+03  0.0467301    104.482    12.9064    316.792 0.0000e+00
    102.485     3.7544 182.165802     2.0855 1.0000e-12     0.1217    97.0035 7.3260e-02 1.8037e+03  0.0471458    104.506    12.8976    316.752 0.0000e+00
    102.509     3.7547 182.165803     2.0855 1.0000e-12     0.1228    96.9773 7.4481e-02 1.8037e+03  0.0458985    104.530    12.8968    316.748 0.0000e+00
    102.534     3.7545 182.177741     2.0855 1.0000e-12     0.1228    96.9773 7.6923e-02 1.8037e+03  0.0450670    104.556    12.8962    316.771 0.0000e+00
    102.558     3.7544 182.177743     2.0867 1.0000e-12     0.1228    96.9773 8.3028e-02 1.8037e+03  0.0446512    104.580    12.9053    316.772 0.0000e+00
    102.580     3.7544 182.225497     2.0867 1.0000e-12     0.1228    96.9773 8.1807e-02 1.8037e+03  0.0446512    104.602    12.9032    316.855 0.0000e+00
    102.601     3.7540 182.237435     2.0867 1.0000e-12     0.1228    96.9773 7.9365e-02 1.8037e+03  0.0442355    104.624    12.9027    316.881 0.0000e+00
    102.624     3.7544 182.237437     2.0855 1.0000e-12     0.1239    96.9512 7.9365e-02 1.8037e+03  0.0442355    104.647    12.8924    316.876 0.0000e+00
    102.645     3.7541 182.249375     2.0867 1.0000e-12     0.1228    96.9773 7.8144e-02 1.8037e+03  0.0446512    104.669    12.9031    316.900 0.0000e+00
    102.666     3.7542 182.261315     2.0867 1.0000e-12     0.1228    96.9773 7.6923e-02 1.8037e+03  0.0446512    104.690    12.9027    316.920 0.0000e+00
    102.685     3.7541 182.249376     2.0855 1.0000e-12     0.1228    96.9773 7.8144e-02 1.8037e+03  0.0446512    104.710    12.8928    316.900 0.0000e+00
    102.704     3.7540 182.189683     2.0855 1.0000e-12     0.1228    96.9773 7.8144e-02 1.8037e+03  0.0446512    104.729    12.8941    316.798 0.0000e+00
    102.724     3.7544 182.213561     2.0867 1.0000e-12     0.1228    96.9773 7.6923e-02 1.8037e+03  0.0446512    104.749    12.9047    316.835 0.0000e+00
    102.744     3.7542 182.201622     2.0855 1.0000e-12     0.1228    96.9773 7.8144e-02 1.8037e+03  0.0446512    104.770    12.8949    316.816 0.0000e+00
    102.764     3.7542 182.237440     2.0867 1.0000e-12     0.1228    96.9773 7.8144e-02 1.8037e+03  0.0446512    104.790    12.9042    316.878 0.0000e+00
    102.785     3.7545 182.285194     2.0855 1.0000e-12     0.1228    96.9773 7.5702e-02 1.8037e+03  0.0446512    104.812    12.8942    316.958 0.0000e+00
    102.803     3.7544 182.201624     2.0855 1.0000e-12     0.1228    96.9773 7.3260e-02 1.8037e+03  0.0446512    104.830    12.8954    316.814 0.0000e+00
    102.822     3.7545 182.189685     2.0867 1.0000e-12     0.1228    96.9773 7.4481e-02 1.8037e+03  0.0446512    104.849    12.9061    316.792 0.0000e+00
    102.840     3.7544 182.213563     2.0867 1.0000e-12     0.1228    96.9773 7.4481e-02 1.8037e+03  0.0446512    104.868    12.9073    316.835 0.0000e+00
    102.859     3.7548 182.225501     2.0867 1.0000e-12     0.1228    96.9773 7.6923e-02 1.8037e+03  0.0446512    104.887    12.9068    316.851 0.0000e+00
    102.877     3.7545 182.189687     2.0867 1.0000e-12     0.1217    97.0035 8.0586e-02 1.8037e+03  0.0446512    104.905    12.9082    316.792 0.0000e+00
    102.895     3.7551 182.213563     2.0867 1.0000e-12     0.1228    96.9773 8.1807e-02 1.8037e+03  0.0446512    104.924    12.9078    316.827 0.0000e+00
    102.913     3.7550 182.273257     2.0867 1.0000e-12     0.1228    96.9773 7.9365e-02 1.8037e+03  0.0446512    104.942    12.9078    316.932 0.0000e+00
    102.931     3.7555 182.213565     2.0867 1.0000e-12     0.1228    96.9773 7.6923e-02 1.8037e+03  0.0442355    104.960    12.9090    316.823 0.0000e+00
    102.947     3.7551 182.237441     2.0855 1.0000e-12     0.1217    97.0035 7.8144e-02 1.8037e+03  0.0442355    104.977    12.9011    316.869 0.0000e+00
    102.963     3.7550 182.189688     2.0867 1.0000e-12     0.1217    97.0035 7.8144e-02 1.8037e+03  0.0446512    104.993    12.9107    316.787 0.0000e+00
    102.980     3.7550 182.237442     2.0855 1.0000e-12     0.1217    97.0035 8.0586e-02 1.8037e+03  0.0446512    105.010    12.8995    316.870 0.0000e+00
    102.996     3.7551 182.249381     2.0855 1.0000e-12     0.1217    97.0035 8.0586e-02 1.8037e+03  0.0442355    105.027    12.8980    316.889 0.0000e+00
    103.013     3.7552 182.237443     2.0855 1.0000e-12     0.1206    97.0296 7.8144e-02 1.8037e+03  0.0446512    105.044    12.8979    316.867 0.0000e+00
    103.029     3.7551 182.249382     2.0855 1.0000e-12     0.1217    97.0035 7.5702e-02 1.8037e+03  0.0454828    105.060    12.8994    316.889 0.0000e+00
    103.046     3.7551 182.189688     2.0867 1.0000e-12     0.1206    97.0296 7.5702e-02 1.8037e+03  0.0475616    105.078    12.9090    316.786 0.0000e+00
    103.062     3.7547 182.213567     2.0855 1.0000e-12     0.1206    97.0296 7.6923e-02 1.8037e+03  0.0479774    105.094    12.8995    316.831 0.0000e+00
    103.078     3.7548 182.249383     2.0855 1.0000e-12     0.1206    97.0296 7.8144e-02 1.8037e+03  0.0479774    105.110    12.8995    316.893 0.0000e+00
    103.093     3.7550 182.237443     2.0855 1.0000e-12     0.1206    97.0296 7.9365e-02 1.8037e+03  0.0475616    105.126    12.8995    316.870 0.0000e+00
    103.110     3.7550 182.237446     2.0855 1.0000e-12     0.1206    97.0296 8.3028e-02 1.8037e+03  0.0479774    105.143    12.8996    316.870 0.0000e+00
    103.126     3.7550 182.225506     2.0867 1.0000e-12     0.1217    97.0035 8.3028e-02 1.8037e+03  0.0483931    105.159    12.9077    316.849 0.0000e+00
    103.140     3.7548 182.201629     2.0867 1.0000e-12     0.1206    97.0296 8.1807e-02 1.8037e+03  0.0479774    105.174    12.9079    316.810 0.0000e+00
    103.156     3.7547 182.237445     2.0855 1.0000e-12     0.1217    97.0035 8.1807e-02 1.8037e+03  0.0479774    105.190    12.9000    316.873 0.0000e+00
    103.170     3.7547 182.237446     2.0867 1.0000e-12     0.1206    97.0296 7.9365e-02 1.8037e+03  0.0483931    105.204    12.9081    316.873 0.0000e+00
    103.185     3.7547 182.237445     2.0867 1.0000e-12     0.1206    97.0296 8.5470e-02 1.8037e+03  0.0479774    105.219    12.9081    316.873 0.0000e+00
    103.200     3.7548 182.285201     2.0867 1.0000e-12     0.1217    97.0035 9.5238e-02 1.8037e+03  0.0475616    105.235    12.9067    316.955 0.0000e+00
    103.216     3.7550 182.249385     2.0867 1.0000e-12     0.1217    97.0035 9.0354e-02 1.8037e+03  0.0475616    105.251    12.9067    316.890 0.0000e+00
    103.232     3.7547 182.237447     2.0867 1.0000e-12     0.1206    97.0296 8.4249e-02 1.8037e+03  0.0483931    105.267    12.9069    316.873 0.0000e+00
    103.247     3.7548 182.249385     2.0855 1.0000e-12     0.1217    97.0035 7.9365e-02 1.8037e+03  0.0479774    105.283    12.8989    316.893 0.0000e+00
    103.264     3.7547 182.273263     2.0855 1.0000e-12     0.1217    97.0035 7.6923e-02 1.8037e+03  0.0475616    105.300    12.8991    316.935 0.0000e+00
    103.281     3.7548 182.261326     2.0855 1.0000e-12     0.1217    97.0035 7.5702e-02 1.8037e+03  0.0479774    105.317    12.9008    316.913 0.0000e+00
    103.296     3.7545 182.261326     2.0855 1.0000e-12     0.1206    97.0296 7.4481e-02 1.8037e+03  0.0483931    105.333    12.9026    316.917 0.0000e+00
    103.310     3.7548 182.189693     2.0867 1.0000e-12     0.1217    97.0035 7.5702e-02 1.8037e+03  0.0479774    105.347    12.9138    316.789 0.0000e+00
    103.325     3.7545 182.177755     2.0867 1.0000e-12     0.1217    97.0035 7.5702e-02 1.8037e+03  0.0475616    105.362    12.9142    316.771 0.0000e+00
    103.341     3.7547 182.237449     2.0855 1.0000e-12     0.1217    97.0035 7.6923e-02 1.8037e+03  0.0475616    105.378    12.9047    316.873 0.0000e+00
    103.356     3.7545 182.213572     2.0855 1.0000e-12     0.1217    97.0035 7.6923e-02 1.8037e+03  0.0479774    105.394    12.9065    316.834 0.0000e+00
    103.371     3.7542 182.237449     2.0855 1.0000e-12     0.1206    97.0296 7.5702e-02 1.8037e+03  0.0475616    105.409    12.9053    316.878 0.0000e+00
    103.386     3.7544 182.153880     2.0867 1.0000e-12     0.1217    97.0035 7.5702e-02 1.8037e+03  0.0479774    105.424    12.9149    316.731 0.0000e+00
    103.400     3.7547 182.177756     2.0867 1.0000e-12     0.1217    97.0035 7.4481e-02 1.8037e+03  0.0479774    105.439    12.9134    316.769 0.0000e+00
    103.414     3.7544 182.201635     2.0855 1.0000e-12     0.1217    97.0035 7.3260e-02 1.8037e+03  0.0479774    105.453    12.9040    316.814 0.0000e+00
    103.428     3.7548 182.237449     2.0855 1.0000e-12     0.1206    97.0296 7.2039e-02 1.8037e+03  0.0458985    105.467    12.9054    316.872 0.0000e+00
    103.444     3.7544 182.225512     2.0867 1.0000e-12     0.1217    97.0035 7.3260e-02 1.8037e+03  0.0446512    105.484    12.9137    316.856 0.0000e+00
    103.460     3.7545 182.201635     2.0855 1.0000e-12     0.1217    97.0035 7.4481e-02 1.8037e+03  0.0446512    105.500    12.9026    316.813 0.0000e+00
    103.475     3.7547 182.225512     2.0855 1.0000e-12     0.1217    97.0035 7.3260e-02 1.8037e+03  0.0446512    105.515    12.9026    316.852 0.0000e+00
    103.491     3.7544 182.249391     2.0855 1.0000e-12     0.1206    97.0296 7.3260e-02 1.8037e+03  0.0446512    105.531    12.9026    316.897 0.0000e+00
    103.505     3.7544 182.213574     2.0867 1.0000e-12     0.1217    97.0035 7.0818e-02 1.8037e+03  0.0446512    105.546    12.9122    316.835 0.0000e+00
    103.519     3.7542 182.213574     2.0867 1.0000e-12     0.1217    97.0035 7.0818e-02 1.8037e+03  0.0446512    105.560    12.9123    316.837 0.0000e+00
    103.533     3.7544 182.201637     2.0855 1.0000e-12     0.1217    97.0035 7.2039e-02 1.8037e+03  0.0446512    105.574    12.9026    316.814 0.0000e+00
    103.548     3.7542 182.177759     2.0855 1.0000e-12     0.1217    97.0035 7.2039e-02 1.8037e+03  0.0446512    105.590    12.9043    316.775 0.0000e+00
    103.562     3.7540 182.213575     2.0855 1.0000e-12     0.1217    97.0035 7.3260e-02 1.8037e+03  0.0446512    105.604    12.9059    316.839 0.0000e+00
    103.577     3.7539 182.237453     2.0867 1.0000e-12     0.1228    96.9773 7.3260e-02 1.8037e+03  0.0446512    105.619    12.9155    316.882 0.0000e+00
    103.592     3.7541 182.189700     2.0855 1.0000e-12     0.1228    96.9773 7.4481e-02 1.8037e+03  0.0446512    105.634    12.9059    316.797 0.0000e+00
    103.607     3.7539 182.177760     2.0867 1.0000e-12     0.1217    97.0035 7.6923e-02 1.8037e+03  0.0442355    105.650    12.9173    316.778 0.0000e+00
    103.622     3.7539 182.237455     2.0855 1.0000e-12     0.1228    96.9773 7.6923e-02 1.8037e+03  0.0446512    105.665    12.9077    316.882 0.0000e+00
    103.637     3.7541 182.225515     2.0867 1.0000e-12     0.1228    96.9773 7.5702e-02 1.8037e+03  0.0446512    105.680    12.9173    316.859 0.0000e+00
    103.653     3.7540 182.225516     2.0867 1.0000e-12     0.1228    96.9773 7.5702e-02 1.8037e+03  0.0446512    105.697    12.9173    316.860 0.0000e+00
    103.669     3.7536 182.201639     2.0867 1.0000e-12     0.1228    96.9773 7.5702e-02 1.8037e+03  0.0442355    105.713    12.9173    316.823 0.0000e+00
    103.685     3.7537 182.201639     2.0855 1.0000e-12     0.1228    96.9773 7.4481e-02 1.8037e+03  0.0446512    105.729    12.9091    316.822 0.0000e+00
    103.701     3.7536 182.273272     2.0867 1.0000e-12     0.1228    96.9773 7.4481e-02 1.8037e+03  0.0450670    105.746    12.9202    316.947 0.0000e+00
    103.717     3.7537 182.225517     2.0867 1.0000e-12     0.1228    96.9773 7.6923e-02 1.8037e+03  0.0450670    105.762    12.9200    316.863 0.0000e+00
    103.732     3.7534 182.225517     2.0855 1.0000e-12     0.1228    96.9773 7.8144e-02 1.8037e+03  0.0442355    105.777    12.9103    316.867 0.0000e+00
    103.747     3.7534 182.201641     2.0867 1.0000e-12     0.1217    97.0035 7.6923e-02 1.8037e+03  0.0442355    105.792    12.9196    316.825 0.0000e+00
    103.762     3.7532 182.201640     2.0855 1.0000e-12     0.1217    97.0035 7.4481e-02 1.8037e+03  0.0446512    105.808    12.9113    316.827 0.0000e+00
    103.777     3.7532 182.237457     2.0867 1.0000e-12     0.1228    96.9773 7.4481e-02 1.8037e+03  0.0446512    105.823    12.9206    316.890 0.0000e+00
    103.792     3.7534 182.213580     2.0867 1.0000e-12     0.1228    96.9773 7.4481e-02 1.8037e+03  0.0442355    105.838    12.9187    316.846 0.0000e+00
    103.809     3.7531 182.225519     2.0855 1.0000e-12     0.1228    96.9773 7.5702e-02 1.8037e+03  0.0446512    105.856    12.9089    316.870 0.0000e+00
    103.827     3.7531 182.189704     2.0855 1.0000e-12     0.1228    96.9773 7.6923e-02 1.8037e+03  0.0446512    105.874    12.9087    316.808 0.0000e+00
    103.845     3.7531 182.213581     2.0867 1.0000e-12     0.1228    96.9773 7.5702e-02 1.8037e+03  0.0454828    105.892    12.9180    316.849 0.0000e+00
    103.862     3.7532 182.201643     2.0867 1.0000e-12     0.1228    96.9773 7.9365e-02 1.8037e+03  0.0479774    105.910    12.9161    316.827 0.0000e+00
    103.877     3.7532 182.225520     2.0855 1.0000e-12     0.1228    96.9773 8.3028e-02 1.8037e+03  0.0483931    105.925    12.9061    316.869 0.0000e+00
    103.893     3.7531 182.201643     2.0855 1.0000e-12     0.1217    97.0035 8.1807e-02 1.8037e+03  0.0479774    105.941    12.9073    316.828 0.0000e+00
    103.908     3.7532 182.165827     2.0867 1.0000e-12     0.1228    96.9773 7.8144e-02 1.8037e+03  0.0479774    105.957    12.9180    316.765 0.0000e+00
    103.924     3.7534 182.189705     2.0867 1.0000e-12     0.1217    97.0035 7.5702e-02 1.8037e+03  0.0479774    105.973    12.9175    316.804 0.0000e+00
