data/05_metadata_exports/SeabirdData/202305_SeabirdData/83303_stn716.cnv
* Sea-Bird SBE 9 Data File:
* FileName = C:\Users\rosette\Rosette Data\2023\Ontario CSMI\stn716.hex
* Software Version Seasave V 7.26.6.26
* Temperature SN = 5270
* Conductivity SN = 1168
* Number of Bytes Per Scan = 40
* Number of Voltage Words = 5
* Number of Scans Averaged by the Deck Unit = 1
* NMEA Latitude = 43 35.87 N
* NMEA Longitude = 077 26.37 W
* NMEA UTC (Time) = Oct 01 2003  16:26:46
* NMEA baud rate = 4800
** Ship: Lake Guardian
** Ontario CSMI LWFS
** Station:  stn716
# nquan = 14                                
# nvalues = 23767                       
# units = specified
# name 0 = prDM: Pressure, Digiquartz [db]
# name 1 = t090C: Temperature [ITS-90, deg C]
# name 2 = c0uS/cm: Conductivity [uS/cm]
# name 3 = sbeox0V: Oxygen raw, SBE 43 [V]
# name 4 = par: PAR/Irradiance, Biospherical/Licor
# name 5 = bat: Beam Attenuation, Chelsea/Seatech [1/m]
# name 6 = xmiss: Beam Transmission, Chelsea/Seatech [%]
# name 7 = flSP: Fluorescence, Seapoint
# name 8 = spar: SPAR, Biospherical/Licor
# name 9 = upoly0: Upoly 0, Suna Nitrate
# name 10 = depFM: Depth [fresh water, m], lat = 43.5978
# name 11 = sbeox0Mg/L: Oxygen, SBE 43 [mg/l], WS = 2
# name 12 = specc: Specific Conductance [uS/cm]
# name 13 = flag: flag
# span 0 =     -0.254,    145.982       
# span 1 =     3.6469,     6.6460       
# span 2 =-530.307438, 311.831565       
# span 3 =     1.9512,     2.3529       
# span 4 = 1.0000e-12, 4.2389e+03       
# span 5 =    -0.0316,     4.9351       
# span 6 =    29.1193,   100.7937       
# span 7 = 0.0000e+00, 1.4042e+00       
# span 8 = 1.7978e+03, 1.8057e+03       
# span 9 =  0.0409094,  0.0587872       
# span 10 =     -0.259,    148.860      
# span 11 =    10.7123,    13.7675      
# span 12 =   -869.424,    511.388      
# span 13 = 0.0000e+00, 0.0000e+00      
# interval = seconds: 0.0416667
# start_time = Oct 01 2003 16:26:46 [NMEA time, header]
# bad_flag = -9.990e-29
*END*
[from data line 1859]
      2.855     6.5581 195.232860     2.0867 1.1339e+03     0.7621    82.6529 2.8938e-01 1.8017e+03  0.0425724      2.911    11.4565    309.307 -9.990e-29
      2.861     6.5577 195.077427     2.0867 1.1275e+03     0.7583    82.7313 2.8816e-01 1.8017e+03  0.0425724      2.917    11.4542    309.065 -9.990e-29
      2.867     6.5576 194.969822     2.0855 1.0276e+03     0.7318    83.2803 2.8449e-01 1.8017e+03  0.0425724      2.924    11.4420    308.896 0.0000e+00
      2.874     6.5577 194.957866     2.0855 9.2869e+02     0.7206    83.5155 2.8449e-01 1.8017e+03  0.0425724      2.931    11.4412    308.876 0.0000e+00
      2.881     6.5577 194.910042     2.0842 9.0803e+02     0.7193    83.5416 2.8449e-01 1.8017e+03  0.0425724      2.938    11.4290    308.800 0.0000e+00
      2.887     6.5577 194.850264     2.0842 8.5116e+02     0.7206    83.5155 2.8571e-01 1.8017e+03  0.0425724      2.944    11.4253    308.705 -9.990e-29
      2.891     6.5576 194.850262     2.0842 7.6491e+02     0.7206    83.5155 2.8449e-01 1.8017e+03  0.0425724      2.948    11.4220    308.706 -9.990e-29
      2.894     6.5573 194.838307     2.0830 7.4370e+02     0.7218    83.4894 2.8327e-01 1.8017e+03  0.0425724      2.951    11.4105    308.690 -9.990e-29
      2.897     6.5568 194.898088     2.0818 7.6062e+02     0.7218    83.4894 2.8205e-01 1.8017e+03  0.0425724      2.954    11.4007    308.790 -9.990e-29
      2.898     6.5563 194.826351     2.0806 8.0236e+02     0.7218    83.4894 2.8449e-01 1.8017e+03  0.0429882      2.955    11.3911    308.681 -9.990e-29
      2.900     6.5560 194.826353     2.0806 8.1601e+02     0.7206    83.5155 2.8694e-01 1.8017e+03  0.0425724      2.957    11.3907    308.684 -9.990e-29
      2.901     6.5552 194.790484     2.0781 8.6808e+02     0.7218    83.4894 2.8816e-01 1.8017e+03  0.0425724      2.958    11.3714    308.635 -9.990e-29
      2.902     6.5550 194.730708     2.0781 1.0994e+03     0.7206    83.5155 2.8938e-01 1.8017e+03  0.0425724      2.959    11.3706    308.542 -9.990e-29
      2.901     6.5547 194.754618     2.0769 1.2029e+03     0.7206    83.5155 2.8938e-01 1.8017e+03  0.0425724      2.958    11.3602    308.583 -9.990e-29
      2.898     6.5544 194.730707     2.0757 1.2199e+03     0.7206    83.5155 2.9060e-01 1.8017e+03  0.0425724      2.955    11.3490    308.548 -9.990e-29
      2.895     6.5541 194.730706     2.0757 1.3423e+03     0.7218    83.4894 2.9304e-01 1.8017e+03  0.0425724      2.952    11.3469    308.551 -9.990e-29
      2.892     6.5536 194.814397     2.0757 1.4001e+03     0.7206    83.5155 2.9060e-01 1.8017e+03  0.0425724      2.949    11.3453    308.689 -9.990e-29
      2.888     6.5534 194.766575     2.0745 1.4001e+03     0.7206    83.5155 2.8938e-01 1.8017e+03  0.0425724      2.945    11.3354    308.615 -9.990e-29
      2.884     6.5531 194.718751     2.0733 1.3087e+03     0.7218    83.4894 2.8816e-01 1.8017e+03  0.0425724      2.941    11.3260    308.542 -9.990e-29
      2.880     6.5534 194.778531     2.0720 1.2582e+03     0.7193    83.5416 2.8571e-01 1.8017e+03  0.0425724      2.937    11.3150    308.634 -9.990e-29
      2.874     6.5529 194.730707     2.0708 1.2547e+03     0.7206    83.5155 2.8571e-01 1.8017e+03  0.0425724      2.931    11.3041    308.563 -9.990e-29
      2.866     6.5529 194.730707     2.0708 1.1056e+03     0.7206    83.5155 2.8449e-01 1.8017e+03  0.0425724      2.923    11.3023    308.563 -9.990e-29
      2.858     6.5531 194.742662     2.0696 1.0076e+03     0.7180    83.5678 2.8816e-01 1.8017e+03  0.0425724      2.914    11.2909    308.580 -9.990e-29
      2.851     6.5531 194.718751     2.0684 9.9632e+02     0.7180    83.5678 2.9426e-01 1.8017e+03  0.0425724      2.907    11.2812    308.542 -9.990e-29
      2.844     6.5537 194.682883     2.0672 9.7142e+02     0.7168    83.5939 2.9304e-01 1.8017e+03  0.0425724      2.900    11.2719    308.479 -9.990e-29
      2.835     6.5536 194.754618     2.0672 9.4449e+02     0.7168    83.5939 2.8694e-01 1.8017e+03  0.0425724      2.891    11.2709    308.594 -9.990e-29
      2.826     6.5544 194.706794     2.0659 9.3919e+02     0.7180    83.5678 2.8205e-01 1.8017e+03  0.0425724      2.882    11.2606    308.510 -9.990e-29
      2.815     6.5550 194.611148     2.0659 8.8783e+02     0.7168    83.5939 2.8083e-01 1.8017e+03  0.0429882      2.871    11.2590    308.353 -9.990e-29
      2.804     6.5552 194.694837     2.0635 8.2061e+02     0.7168    83.5939 2.8205e-01 1.8017e+03  0.0425724      2.859    11.2419    308.483 -9.990e-29
      2.795     6.5555 194.742660     2.0623 8.0688e+02     0.7168    83.5939 2.8327e-01 1.8017e+03  0.0425724      2.850    11.2325    308.556 -9.990e-29
      2.785     6.5558 194.694836     2.0611 8.2989e+02     0.7168    83.5939 2.8327e-01 1.8017e+03  0.0425724      2.840    11.2237    308.478 -9.990e-29
      2.774     6.5550 194.718748     2.0611 8.7298e+02     0.7180    83.5678 2.8327e-01 1.8017e+03  0.0425724      2.829    11.2245    308.523 -9.990e-29
      2.763     6.5544 194.694837     2.0611 8.8534e+02     0.7180    83.5678 2.8449e-01 1.8017e+03  0.0425724      2.817    11.2257    308.491 -9.990e-29
      2.753     6.5530 194.706794     2.0598 1.0305e+03     0.7180    83.5678 2.8571e-01 1.8017e+03  0.0425724      2.807    11.2171    308.524 -9.990e-29
      2.742     6.5515 194.826351     2.0598 1.6114e+03     0.7168    83.5939 2.8816e-01 1.8017e+03  0.0425724      2.796    11.2174    308.728 -9.990e-29
      2.731     6.5505 194.838309     2.0586 1.8756e+03     0.7168    83.5939 2.8816e-01 1.8017e+03  0.0425724      2.785    11.2105    308.757 -9.990e-29
      2.719     6.5498 194.898088     2.0574 1.7982e+03     0.7180    83.5678 2.8938e-01 1.8017e+03  0.0425724      2.773    11.2014    308.858 -9.990e-29
      2.707     6.5489 194.874176     2.0562 1.4279e+03     0.7168    83.5939 2.8694e-01 1.8017e+03  0.0425724      2.760    11.1929    308.829 -9.990e-29
      2.696     6.5476 194.898091     2.0549 1.3014e+03     0.7180    83.5678 2.8694e-01 1.8017e+03  0.0425724      2.749    11.1843    308.880 -9.990e-29
      2.684     6.5463 194.945913     2.0537 1.2941e+03     0.7180    83.5678 2.8938e-01 1.8017e+03  0.0425724      2.737    11.1769    308.968 -9.990e-29
      2.672     6.5444 194.957871     2.0537 1.2941e+03     0.7168    83.5939 2.9060e-01 1.8017e+03  0.0425724      2.725    11.1801    309.006 -9.990e-29
      2.661     6.5431 195.017652     2.0525 1.2904e+03     0.7180    83.5678 2.9182e-01 1.8017e+03  0.0425724      2.713    11.1748    309.113 -9.990e-29
      2.651     6.5418 194.969829     2.0525 1.2904e+03     0.7218    83.4894 2.9426e-01 1.8017e+03  0.0425724      2.703    11.1776    309.050 -9.990e-29
      2.640     6.5408 195.041566     2.0513 1.3423e+03     0.7231    83.4632 2.9670e-01 1.8017e+03  0.0425724      2.692    11.1720    309.174 -9.990e-29
      2.629     6.5392 195.077434     2.0488 1.3767e+03     0.7256    83.4109 2.9670e-01 1.8017e+03  0.0425724      2.681    11.1575    309.246 -9.990e-29
      2.618     6.5383 195.113305     2.0488 1.3844e+03     0.7243    83.4371 2.9670e-01 1.8017e+03  0.0425724      2.670    11.1600    309.312 -9.990e-29
      2.607     6.5373 195.137217     2.0476 1.2441e+03     0.7243    83.4371 2.9548e-01 1.8017e+03  0.0425724      2.658    11.1554    309.360 -9.990e-29
      2.595     6.5363 195.173086     2.0476 1.1339e+03     0.7243    83.4371 2.9426e-01 1.8017e+03  0.0425724      2.646    11.1599    309.427 -9.990e-29
      2.583     6.5362 195.208956     2.0464 1.1181e+03     0.7231    83.4632 2.9426e-01 1.8017e+03  0.0425724      2.634    11.1546    309.484 -9.990e-29
      2.571     6.5355 195.244824     2.0464 1.1564e+03     0.7243    83.4371 2.9426e-01 1.8017e+03  0.0425724      2.622    11.1573    309.548 -9.990e-29
      2.558     6.5352 195.340478     2.0452 1.2029e+03     0.7243    83.4371 2.9792e-01 1.8017e+03  0.0425724      2.608    11.1540    309.703 -9.990e-29
      2.546     6.5347 195.340476     2.0440 1.2165e+03     0.7231    83.4632 3.0281e-01 1.8017e+03  0.0425724      2.596    11.1508    309.708 -9.990e-29
      2.535     6.5339 195.376347     2.0440 1.3385e+03     0.7243    83.4371 3.1258e-01 1.8017e+03  0.0425724      2.585    11.1567    309.772 -9.990e-29
      2.526     6.5331 195.519829     2.0427 1.5623e+03     0.7243    83.4371 3.1990e-01 1.8017e+03  0.0425724      2.576    11.1511    310.008 -9.990e-29
      2.517     6.5323 195.555699     2.0415 1.6296e+03     0.7243    83.4371 3.1624e-01 1.8017e+03  0.0425724      2.567    11.1464    310.072 -9.990e-29
      2.508     6.5320 195.591571     2.0403 1.6481e+03     0.7243    83.4371 3.1013e-01 1.8017e+03  0.0425724      2.557    11.1417    310.132 -9.990e-29
      2.498     6.5309 195.699183     2.0403 1.7046e+03     0.7243    83.4371 3.0769e-01 1.8017e+03  0.0425724      2.547    11.1461    310.314 -9.990e-29
      2.489     6.5304 195.711141     2.0391 1.7239e+03     0.7243    83.4371 3.0403e-01 1.8017e+03  0.0425724      2.538    11.1431    310.338 -9.990e-29
      2.480     6.5294 195.747013     2.0379 1.6856e+03     0.7243    83.4371 3.0281e-01 1.8017e+03  0.0425724      2.529    11.1402    310.404 -9.990e-29
      2.473     6.5293 195.782883     2.0379 1.5233e+03     0.7243    83.4371 3.0647e-01 1.8017e+03  0.0425724      2.522    11.1472    310.462 -9.990e-29
      2.467     6.5287 195.818757     2.0366 1.4645e+03     0.7243    83.4371 3.0769e-01 1.8017e+03  0.0425724      2.516    11.1437    310.525 -9.990e-29
      2.461     6.5286 195.782884     2.0354 1.5190e+03     0.7256    83.4109 3.0647e-01 1.8017e+03  0.0425724      2.510    11.1410    310.469 -9.990e-29
      2.458     6.5284 195.806798     2.0354 1.9564e+03     0.7231    83.4632 3.0647e-01 1.8017e+03  0.0425724      2.506    11.1470    310.509 -9.990e-29
      2.456     6.5286 195.842671     2.0354 2.1831e+03     0.7231    83.4632 3.1013e-01 1.8017e+03  0.0425724      2.504    11.1529    310.564 -9.990e-29
      2.455     6.5284 195.830713     2.0354 2.1831e+03     0.7218    83.4894 3.1136e-01 1.8017e+03  0.0425724      2.503    11.1577    310.547 -9.990e-29
      2.454     6.5284 195.794842     2.0342 1.9075e+03     0.7218    83.4894 3.1380e-01 1.8017e+03  0.0425724      2.502    11.1549    310.490 -9.990e-29
      2.454     6.5284 195.818755     2.0330 1.7681e+03     0.7218    83.4894 3.1258e-01 1.8017e+03  0.0425724      2.502    11.1520    310.528 -9.990e-29
      2.457     6.5283 195.890501     2.0330 1.7582e+03     0.7231    83.4632 3.0525e-01 1.8017e+03  0.0425724      2.505    11.1579    310.643 -9.990e-29
      2.460     6.5280 195.914414     2.0330 2.0350e+03     0.7218    83.4894 3.0037e-01 1.8017e+03  0.0425724      2.509    11.1650    310.684 -9.990e-29
      2.465     6.5275 195.914416     2.0317 2.2517e+03     0.7218    83.4894 3.0037e-01 1.8017e+03  0.0425724      2.514    11.1601    310.689 -9.990e-29
      2.469     6.5272 195.890501     2.0317 2.2836e+03     0.7231    83.4632 3.0037e-01 1.8017e+03  0.0425724      2.518    11.1656    310.654 -9.990e-29
      2.473     6.5264 195.890501     2.0317 2.2581e+03     0.7218    83.4894 2.9915e-01 1.8017e+03  0.0425724      2.522    11.1711    310.661 -9.990e-29
      2.479     6.5257 195.890503     2.0305 2.2454e+03     0.7218    83.4894 2.9670e-01 1.8017e+03  0.0429882      2.528    11.1688    310.668 -9.990e-29
      2.486     6.5257 195.890502     2.0293 2.2454e+03     0.7231    83.4632 2.9670e-01 1.8017e+03  0.0425724      2.535    11.1661    310.668 -9.990e-29
      2.492     6.5255 195.890502     2.0305 2.0407e+03     0.7231    83.4632 3.0037e-01 1.8017e+03  0.0425724      2.541    11.1807    310.670 -9.990e-29
      2.499     6.5257 195.890502     2.0305 1.7831e+03     0.7243    83.4371 3.0281e-01 1.8017e+03  0.0429882      2.548    11.1862    310.668 -9.990e-29
      2.508     6.5252 195.902460     2.0293 1.7288e+03     0.7256    83.4109 3.0403e-01 1.8017e+03  0.0425724      2.557    11.1829    310.692 -9.990e-29
      2.518     6.5251 195.914418     2.0281 1.6159e+03     0.7256    83.4109 3.0159e-01 1.8017e+03  0.0425724      2.568    11.1804    310.712 -9.990e-29
      2.528     6.5247 195.866589     2.0281 1.3805e+03     0.7231    83.4632 2.9915e-01 1.8017e+03  0.0425724      2.578    11.1851    310.640 -9.990e-29
      2.540     6.5246 195.854632     2.0281 1.3161e+03     0.7231    83.4632 2.9915e-01 1.8017e+03  0.0425724      2.590    11.1894    310.622 -9.990e-29
      2.552     6.5246 195.878547     2.0269 1.3844e+03     0.7231    83.4632 3.0159e-01 1.8017e+03  0.0425724      2.602    11.1845    310.660 -9.990e-29
      2.566     6.5247 195.842675     2.0269 1.6205e+03     0.7218    83.4894 3.0037e-01 1.8017e+03  0.0425724      2.617    11.1892    310.602 -9.990e-29
      2.580     6.5244 195.782890     2.0269 1.7142e+03     0.7482    82.9404 2.9915e-01 1.8017e+03  0.0425724      2.631    11.1923    310.511 -9.990e-29
      2.595     6.5249 195.723104     2.0269 1.6808e+03     0.8387    81.0845 2.9792e-01 1.8017e+03  0.0425724      2.646    11.1959    310.411 -9.990e-29
      2.609     6.5246 195.723104     2.0256 1.4811e+03     0.8737    80.3788 2.9670e-01 1.8017e+03  0.0425724      2.660    11.1898    310.414 -9.990e-29
      2.623     6.5238 195.615491     2.0256 1.4040e+03     0.8724    80.4049 2.9792e-01 1.8017e+03  0.0425724      2.675    11.1927    310.251 -9.990e-29
      2.637     6.5233 195.507880     2.0256 1.4001e+03     0.8685    80.4833 2.9915e-01 1.8017e+03  0.0425724      2.689    11.1963    310.085 -9.990e-29
      2.652     6.5230 195.352443     2.0256 1.3536e+03     0.8659    80.5356 2.9915e-01 1.8017e+03  0.0425724      2.704    11.1991    309.842 -9.990e-29
      2.666     6.5235 195.280703     2.0244 1.3272e+03     0.8685    80.4833 2.9792e-01 1.8017e+03  0.0425724      2.719    11.1936    309.723 -9.990e-29
      2.680     6.5238 195.173096     2.0244 1.3235e+03     0.8672    80.5095 2.9670e-01 1.8017e+03  0.0425724      2.733    11.1964    309.549 -9.990e-29
      2.694     6.5244 195.101357     2.0244 1.3310e+03     0.8672    80.5095 2.9548e-01 1.8017e+03  0.0425724      2.747    11.1997    309.430 -9.990e-29
      2.709     6.5247 195.053533     2.0232 1.3385e+03     0.8672    80.5095 2.9670e-01 1.8017e+03  0.0425724      2.762    11.1926    309.351 -9.990e-29
      2.724     6.5249 194.945928     2.0244 1.3385e+03     0.8672    80.5095 2.9670e-01 1.8017e+03  0.0425724      2.778    11.2035    309.178 -9.990e-29
      2.740     6.5255 194.922017     2.0232 1.2511e+03     0.8672    80.5095 2.9915e-01 1.8017e+03  0.0425724      2.794    11.1963    309.134 -9.990e-29
      2.754     6.5261 194.945928     2.0232 1.1761e+03     0.8672    80.5095 3.0037e-01 1.8017e+03  0.0425724      2.808    11.1984    309.166 -9.990e-29
      2.767     6.5265 194.922016     2.0232 1.1597e+03     0.8659    80.5356 2.9915e-01 1.8017e+03  0.0425724      2.822    11.2010    309.125 -9.990e-29
      2.780     6.5270 194.922016     2.0232 1.1695e+03     0.8672    80.5095 2.9548e-01 1.8017e+03  0.0425724      2.835    11.2042    309.120 -9.990e-29
      2.792     6.5273 194.850281     2.0232 1.1761e+03     0.8672    80.5095 2.9426e-01 1.8017e+03  0.0425724      2.847    11.2079    309.003 -9.990e-29
      2.803     6.5275 194.802456     2.0220 1.1794e+03     0.8672    80.5095 2.9426e-01 1.8017e+03  0.0425724      2.858    11.2010    308.925 -9.990e-29
      2.815     6.5275 194.802457     2.0220 1.1927e+03     0.8672    80.5095 2.9670e-01 1.8017e+03  0.0425724      2.871    11.2045    308.925 -9.990e-29
      2.827     6.5276 194.778546     2.0220 1.2130e+03     0.8672    80.5095 2.9915e-01 1.8017e+03  0.0425724      2.883    11.2074    308.886 -9.990e-29
      2.836     6.5281 194.730722     2.0220 1.2233e+03     0.8698    80.4572 3.0037e-01 1.8017e+03  0.0425724      2.892    11.2094    308.806 -9.990e-29
