data/05_metadata_exports/SeabirdData/202305_SeabirdData/83310_stn49.cnv
* Sea-Bird SBE 9 Data File:
* FileName = C:\Users\rosette\Rosette Data\2023\Ontario CSMI\stn49.hex
* Software Version Seasave V 7.26.6.26
* Temperature SN = 5270
* Conductivity SN = 1168
* Number of Bytes Per Scan = 40
* Number of Voltage Words = 5
* Number of Scans Averaged by the Deck Unit = 1
* NMEA Latitude = 43 46.27 N
* NMEA Longitude = 077 26.30 W
* NMEA UTC (Time) = Oct 01 2003  18:10:57
* NMEA baud rate = 4800
** Ship: Lake Guardian
** Ontario CSMI LWFS
** Station:  stn49
# nquan = 14                                
# nvalues = 14754                       
# units = specified
# name 0 = prDM: Pressure, Digiquartz [db]
# name 1 = t090C: Temperature [ITS-90, deg C]
# name 2 = c0uS/cm: Conductivity [uS/cm]
# name 3 = sbeox0V: Oxygen raw, SBE 43 [V]
# name 4 = par: PAR/Irradiance, Biospherical/Licor
# name 5 = bat: Beam Attenuation, Chelsea/Seatech [1/m]
# name 6 = xmiss: Beam Transmission, Chelsea/Seatech [%]
# name 7 = flSP: Fluorescence, Seapoint
# name 8 = spar: SPAR, Biospherical/Licor
# name 9 = upoly0: Upoly 0, Suna Nitrate
# name 10 = depFM: Depth [fresh water, m], lat = 43.7712
# name 11 = sbeox0Mg/L: Oxygen, SBE 43 [mg/l], WS = 2
# name 12 = specc: Specific Conductance [uS/cm]
# name 13 = flag: flag
# span 0 =     -0.322,     45.897       
# span 1 =     3.9485,     7.9923       
# span 2 =-107.683897, 307.130543       
# span 3 =     1.7680,     2.3846       
# span 4 = 6.0709e+00, 4.3231e+03       
# span 5 =     0.0028,     2.4975       
# span 6 =    53.5597,    99.9311       
# span 7 = 0.0000e+00, 5.1526e-01       
# span 8 = 1.7131e+03, 1.7683e+03       
# span 9 =  0.0745862,  0.4088593       
# span 10 =     -0.328,     46.802      
# span 11 =     9.0609,    14.1423      
# span 12 =   -169.794,    487.463      
# span 13 = 0.0000e+00, 0.0000e+00      
# interval = seconds: 0.0416667
# start_time = Oct 01 2003 18:10:57 [NMEA time, header]
# bad_flag = -9.990e-29
*END*
[from data line 11459]
     24.002     7.2261 202.840471     2.2283 2.9140e+01     0.2188    94.6770 2.0879e-01 1.7663e+03  0.4038701     24.475    12.4714    314.698 -9.990e-29
     24.002     7.2259 202.876371     2.2283 2.9140e+01     0.2221    94.5986 2.1001e-01 1.7663e+03  0.4038701     24.475    12.4718    314.755 -9.990e-29
     24.000     7.2258 202.852436     2.2283 2.9140e+01     0.2443    94.0758 2.1001e-01 1.7663e+03  0.4038701     24.473    12.4706    314.719 -9.990e-29
     24.000     7.2255 202.840470     2.2283 2.9222e+01     0.2532    93.8667 2.1368e-01 1.7663e+03  0.4038701     24.473    12.4724    314.704 -9.990e-29
     24.001     7.2253 202.840470     2.2271 2.9305e+01     0.2554    93.8144 2.2589e-01 1.7663e+03  0.4038701     24.474    12.4673    314.705 -9.990e-29
     24.002     7.2249 202.864404     2.2283 2.9305e+01     0.2543    93.8406 2.3687e-01 1.7663e+03  0.4038701     24.475    12.4767    314.746 -9.990e-29
     24.003     7.2243 202.876373     2.2271 2.9305e+01     0.2532    93.8667 2.3932e-01 1.7663e+03  0.4038701     24.476    12.4695    314.771 -9.990e-29
     24.003     7.2232 202.876372     2.2271 2.9388e+01     0.2532    93.8667 2.3810e-01 1.7663e+03  0.4038701     24.476    12.4693    314.782 -9.990e-29
     24.002     7.2234 202.828504     2.2271 2.9305e+01     0.2532    93.8667 2.3687e-01 1.7663e+03  0.4038701     24.475    12.4704    314.705 -9.990e-29
     24.001     7.2231 202.816538     2.2259 2.9388e+01     0.2532    93.8667 2.3687e-01 1.7663e+03  0.4038701     24.474    12.4637    314.690 -9.990e-29
     23.999     7.2219 202.828505     2.2259 2.9388e+01     0.2532    93.8667 2.4176e-01 1.7663e+03  0.4038701     24.472    12.4653    314.720 -9.990e-29
     23.997     7.2206 202.816538     2.2259 2.9388e+01     0.2532    93.8667 2.4420e-01 1.7663e+03  0.4038701     24.470    12.4674    314.714 -9.990e-29
     23.997     7.2195 202.816540     2.2247 2.9305e+01     0.2532    93.8667 2.3932e-01 1.7663e+03  0.4042859     24.470    12.4591    314.725 -9.990e-29
     23.999     7.2182 202.780641     2.2247 2.9305e+01     0.2532    93.8667 2.3443e-01 1.7663e+03  0.4042859     24.472    12.4599    314.682 -9.990e-29
     23.999     7.2168 202.816542     2.2247 2.9305e+01     0.2532    93.8667 2.2711e-01 1.7663e+03  0.4042859     24.472    12.4625    314.751 -9.990e-29
     23.997     7.2159 202.792609     2.2234 2.9222e+01     0.2543    93.8406 2.2100e-01 1.7663e+03  0.4047017     24.470    12.4538    314.723 -9.990e-29
     23.996     7.2148 202.732775     2.2247 2.9222e+01     0.2532    93.8667 2.1856e-01 1.7663e+03  0.4047017     24.469    12.4644    314.641 -9.990e-29
     23.995     7.2133 202.720809     2.2234 2.9140e+01     0.2532    93.8667 2.1734e-01 1.7663e+03  0.4042859     24.468    12.4559    314.637 -9.990e-29
     23.995     7.2125 202.792611     2.2234 2.9140e+01     0.2532    93.8667 2.2100e-01 1.7663e+03  0.4042859     24.468    12.4556    314.756 -9.990e-29
     23.994     7.2114 202.816545     2.2222 2.9140e+01     0.2532    93.8667 2.2711e-01 1.7663e+03  0.4042859     24.467    12.4487    314.804 -9.990e-29
     23.995     7.2109 202.720811     2.2210 2.9140e+01     0.2532    93.8667 2.2711e-01 1.7663e+03  0.4042859     24.468    12.4421    314.660 -9.990e-29
     23.995     7.2101 202.708845     2.2247 2.9140e+01     0.2532    93.8667 2.2955e-01 1.7663e+03  0.4047017     24.468    12.4700    314.650 -9.990e-29
     23.995     7.2106 202.756712     2.2222 2.9058e+01     0.2576    93.7622 2.3565e-01 1.7663e+03  0.4047017     24.468    12.4523    314.719 -9.990e-29
     23.995     7.2109 202.804579     2.2222 2.9058e+01     0.2599    93.7099 2.4786e-01 1.7663e+03  0.4042859     24.468    12.4508    314.790 -9.990e-29
     23.992     7.2112 202.768678     2.2210 2.9058e+01     0.2610    93.6837 2.5519e-01 1.7663e+03  0.4047017     24.465    12.4413    314.732 -9.990e-29
     23.990     7.2116 202.756710     2.2210 2.9058e+01     0.2599    93.7099 2.6007e-01 1.7663e+03  0.4047017     24.463    12.4409    314.709 -9.990e-29
     23.990     7.2112 202.816544     2.2186 2.9058e+01     0.2599    93.7099 2.6129e-01 1.7663e+03  0.4042859     24.463    12.4240    314.806 -9.990e-29
     23.991     7.2109 202.816547     2.2210 2.9058e+01     0.2599    93.7099 2.5397e-01 1.7643e+03  0.4047017     24.464    12.4421    314.809 -9.990e-29
     23.990     7.2092 202.780645     2.2222 2.9058e+01     0.2599    93.7099 2.4542e-01 1.7643e+03  0.4047017     24.463    12.4525    314.770 -9.990e-29
     23.989     7.2067 202.756714     2.2198 2.9058e+01     0.2599    93.7099 2.3687e-01 1.7643e+03  0.4047017     24.462    12.4356    314.757 -9.990e-29
     23.989     7.2041 202.720815     2.2198 2.9058e+01     0.2599    93.7099 2.2833e-01 1.7643e+03  0.4047017     24.462    12.4388    314.727 -9.990e-29
     23.989     7.2020 202.672950     2.2186 2.9058e+01     0.2610    93.6837 2.1856e-01 1.7643e+03  0.4047017     24.462    12.4326    314.673 -9.990e-29
     23.988     7.2002 202.660984     2.2198 2.8976e+01     0.2610    93.6837 2.1734e-01 1.7643e+03  0.4042859     24.461    12.4428    314.672 -9.990e-29
     23.987     7.1986 202.744753     2.2198 2.8976e+01     0.2610    93.6837 2.1978e-01 1.7643e+03  0.4047017     24.460    12.4449    314.818 -9.990e-29
     23.985     7.1967 202.660986     2.2198 2.8976e+01     0.2610    93.6837 2.2589e-01 1.7643e+03  0.4042859     24.458    12.4453    314.706 -9.990e-29
     23.982     7.1952 202.696888     2.2198 2.9058e+01     0.2610    93.6837 2.3932e-01 1.7643e+03  0.4042859     24.455    12.4472    314.777 -9.990e-29
     23.981     7.1934 202.625088     2.2186 2.9058e+01     0.2610    93.6837 2.5641e-01 1.7643e+03  0.4047017     24.454    12.4411    314.683 -9.990e-29
     23.980     7.1914 202.613123     2.2186 2.9058e+01     0.2599    93.7099 2.6984e-01 1.7643e+03  0.4047017     24.453    12.4430    314.684 -9.990e-29
     23.980     7.1890 202.601158     2.2186 2.9058e+01     0.2599    93.7099 2.8083e-01 1.7643e+03  0.4047017     24.453    12.4443    314.689 -9.990e-29
     23.978     7.1865 202.565260     2.2173 2.9058e+01     0.2599    93.7099 2.9792e-01 1.7643e+03  0.4047017     24.451    12.4368    314.657 -9.990e-29
     23.976     7.1843 202.565261     2.2173 2.9058e+01     0.2599    93.7099 2.9304e-01 1.7643e+03  0.4047017     24.449    12.4377    314.679 -9.990e-29
     23.975     7.1817 202.541330     2.2173 2.9058e+01     0.2610    93.6837 2.6984e-01 1.7643e+03  0.4051174     24.448    12.4405    314.667 -9.990e-29
     23.975     7.1797 202.553298     2.2173 2.9058e+01     0.2610    93.6837 2.5641e-01 1.7643e+03  0.4051174     24.448    12.4422    314.705 -9.990e-29
     23.973     7.1778 202.517399     2.2173 2.9058e+01     0.2621    93.6576 2.4664e-01 1.7663e+03  0.4051174     24.446    12.4432    314.668 -9.990e-29
     23.973     7.1754 202.517401     2.2173 2.9140e+01     0.2610    93.6837 2.3443e-01 1.7663e+03  0.4051174     24.446    12.4436    314.692 -9.990e-29
     23.972     7.1739 202.457570     2.2173 2.9140e+01     0.2621    93.6576 2.3932e-01 1.7663e+03  0.4051174     24.445    12.4429    314.613 -9.990e-29
     23.971     7.1720 202.469537     2.2161 2.9140e+01     0.2610    93.6837 2.4664e-01 1.7663e+03  0.4051174     24.444    12.4378    314.650 -9.990e-29
     23.970     7.1710 202.445604     2.2149 2.9140e+01     0.2621    93.6576 2.3932e-01 1.7663e+03  0.4051174     24.443    12.4317    314.623 -9.990e-29
     23.971     7.1702 202.469538     2.2149 2.9140e+01     0.2621    93.6576 2.3687e-01 1.7663e+03  0.4051174     24.444    12.4345    314.668 -9.990e-29
     23.971     7.1700 202.517405     2.2149 2.9140e+01     0.2621    93.6576 2.4176e-01 1.7663e+03  0.4051174     24.444    12.4351    314.744 -9.990e-29
     23.971     7.1697 202.493471     2.2149 2.9222e+01     0.2610    93.6837 2.4786e-01 1.7663e+03  0.4051174     24.444    12.4361    314.710 -9.990e-29
     23.972     7.1697 202.481505     2.2149 2.9222e+01     0.2621    93.6576 2.4664e-01 1.7663e+03  0.4051174     24.445    12.4339    314.692 -9.990e-29
     23.972     7.1694 202.541338     2.2149 2.9222e+01     0.2610    93.6837 2.4542e-01 1.7663e+03  0.4051174     24.445    12.4357    314.788 -9.990e-29
     23.972     7.1689 202.517404     2.2137 2.9222e+01     0.2610    93.6837 2.4664e-01 1.7663e+03  0.4051174     24.445    12.4305    314.755 -9.990e-29
     23.971     7.1684 202.505439     2.2149 2.9222e+01     0.2621    93.6576 2.4542e-01 1.7663e+03  0.4051174     24.444    12.4394    314.741 -9.990e-29
     23.970     7.1678 202.433641     2.2149 2.9222e+01     0.2621    93.6576 2.3932e-01 1.7663e+03  0.4055332     24.443    12.4401    314.636 -9.990e-29
     23.969     7.1676 202.421674     2.2137 2.9222e+01     0.2610    93.6837 2.3443e-01 1.7663e+03  0.4051174     24.442    12.4313    314.619 -9.990e-29
     23.969     7.1679 202.457573     2.2137 2.9222e+01     0.2610    93.6837 2.3810e-01 1.7663e+03  0.4051174     24.442    12.4336    314.672 -9.990e-29
     23.970     7.1688 202.541339     2.2125 2.9222e+01     0.2610    93.6837 2.4054e-01 1.7663e+03  0.4051174     24.443    12.4274    314.793 -9.990e-29
     23.970     7.1695 202.469539     2.2137 2.9222e+01     0.2621    93.6576 2.3321e-01 1.7663e+03  0.4051174     24.443    12.4377    314.675 -9.990e-29
     23.970     7.1705 202.553303     2.2137 2.9222e+01     0.2621    93.6576 2.2711e-01 1.7663e+03  0.4051174     24.443    12.4397    314.795 -9.990e-29
     23.970     7.1708 202.529371     2.2137 2.9222e+01     0.2621    93.6576 2.3199e-01 1.7663e+03  0.4051174     24.443    12.4400    314.755 -9.990e-29
     23.970     7.1718 202.505437     2.2125 2.9140e+01     0.2654    93.5792 2.4298e-01 1.7663e+03  0.4051174     24.443    12.4329    314.708 -9.990e-29
     23.969     7.1732 202.505435     2.2125 2.9222e+01     0.2699    93.4746 2.4786e-01 1.7663e+03  0.4051174     24.442    12.4347    314.695 -9.990e-29
     23.969     7.1745 202.529367     2.2125 2.9140e+01     0.2699    93.4746 2.4420e-01 1.7663e+03  0.4051174     24.442    12.4356    314.719 -9.990e-29
     23.971     7.1762 202.577234     2.2125 2.9140e+01     0.2710    93.4485 2.4176e-01 1.7663e+03  0.4051174     24.444    12.4366    314.777 -9.990e-29
     23.971     7.1776 202.529366     2.2125 2.9058e+01     0.2699    93.4746 2.4298e-01 1.7663e+03  0.4059490     24.444    12.4369    314.689 -9.990e-29
     23.972     7.1791 202.577231     2.2112 2.9058e+01     0.2699    93.4746 2.4298e-01 1.7663e+03  0.4076120     24.445    12.4281    314.748 -9.990e-29
     23.973     7.1802 202.589197     2.2112 2.9058e+01     0.2699    93.4746 2.3932e-01 1.7663e+03  0.4088593     24.446    12.4292    314.756 -9.990e-29
     23.973     7.1809 202.613130     2.2112 2.8976e+01     0.2710    93.4485 2.4054e-01 1.7663e+03  0.4088593     24.446    12.4307    314.787 -9.990e-29
     23.973     7.1809 202.529363     2.2112 2.9058e+01     0.2699    93.4746 2.4298e-01 1.7663e+03  0.4084435     24.446    12.4328    314.656 -9.990e-29
     23.974     7.1806 202.541331     2.2125 2.9058e+01     0.2699    93.4746 2.4908e-01 1.7663e+03  0.4084435     24.447    12.4434    314.678 -9.990e-29
     23.975     7.1807 202.565263     2.2125 2.8976e+01     0.2699    93.4746 2.6129e-01 1.7663e+03  0.4084435     24.448    12.4426    314.714 -9.990e-29
     23.976     7.1813 202.589197     2.2112 2.8976e+01     0.2699    93.4746 2.6740e-01 1.7663e+03  0.4088593     24.449    12.4337    314.745 -9.990e-29
     23.975     7.1820 202.565262     2.2112 2.8976e+01     0.2699    93.4746 2.6252e-01 1.7663e+03  0.4084435     24.448    12.4343    314.701 -9.990e-29
     23.976     7.1806 202.517397     2.2100 2.9058e+01     0.2699    93.4746 2.5885e-01 1.7663e+03  0.4084435     24.449    12.4273    314.641 -9.990e-29
     23.977     7.1763 202.457569     2.2112 2.9058e+01     0.2710    93.4485 2.6252e-01 1.7663e+03  0.4084435     24.450    12.4387    314.590 -9.990e-29
     23.978     7.1715 202.445604     2.2112 2.9058e+01     0.2699    93.4746 2.6374e-01 1.7663e+03  0.4084435     24.451    12.4408    314.618 -9.990e-29
     23.978     7.1694 202.469539     2.2100 2.9058e+01     0.2699    93.4746 2.5885e-01 1.7663e+03  0.4084435     24.451    12.4325    314.676 -9.990e-29
     23.979     7.1689 202.517404     2.2100 2.9058e+01     0.2699    93.4746 2.5397e-01 1.7663e+03  0.4088593     24.452    12.4348    314.755 -9.990e-29
     23.979     7.1681 202.469541     2.2100 2.9058e+01     0.2710    93.4485 2.5153e-01 1.7663e+03  0.4084435     24.452    12.4374    314.689 -9.990e-29
     23.980     7.1666 202.445607     2.2112 2.9058e+01     0.2710    93.4485 2.6007e-01 1.7663e+03  0.4088593     24.453    12.4479    314.666 -9.990e-29
     23.980     7.1654 202.481508     2.2112 2.9058e+01     0.2722    93.4224 2.7350e-01 1.7663e+03  0.4084435     24.453    12.4499    314.734 -9.990e-29
     23.980     7.1639 202.457575     2.2100 2.9058e+01     0.2766    93.3178 2.7595e-01 1.7663e+03  0.4088593     24.453    12.4413    314.711 -9.990e-29
     23.982     7.1627 202.481510     2.2100 2.9058e+01     0.2778    93.2917 2.7473e-01 1.7663e+03  0.4088593     24.455    12.4437    314.760 -9.990e-29
     23.984     7.1613 202.433645     2.2088 2.9058e+01     0.2778    93.2917 2.7350e-01 1.7663e+03  0.4088593     24.457    12.4378    314.699 -9.990e-29
     23.985     7.1603 202.433646     2.2100 2.9058e+01     0.2778    93.2917 2.6984e-01 1.7663e+03  0.4084435     24.458    12.4491    314.709 -9.990e-29
     23.986     7.1608 202.469544     2.2100 2.9058e+01     0.2778    93.2917 2.7350e-01 1.7663e+03  0.4084435     24.459    12.4504    314.760 -9.990e-29
     23.987     7.1611 202.493478     2.2100 2.9058e+01     0.2778    93.2917 2.8694e-01 1.7663e+03  0.4084435     24.460    12.4518    314.794 -9.990e-29
     23.987     7.1605 202.505445     2.2100 2.8976e+01     0.2778    93.2917 3.0525e-01 1.7663e+03  0.4088593     24.460    12.4525    314.819 -9.990e-29
     23.987     7.1602 202.457579     2.2088 2.8976e+01     0.2778    93.2917 3.2479e-01 1.7663e+03  0.4088593     24.460    12.4448    314.747 -9.990e-29
     23.986     7.1589 202.445613     2.2088 2.8976e+01     0.2778    93.2917 3.6386e-01 1.7663e+03  0.4088593     24.459    12.4473    314.741 -9.990e-29
     23.985     7.1580 202.397747     2.2088 2.8894e+01     0.2778    93.2917 4.2247e-01 1.7663e+03  0.4088593     24.458    12.4474    314.676 -9.990e-29
     23.987     7.1573 202.385783     2.2088 2.8894e+01     0.2778    93.2917 4.5788e-01 1.7663e+03  0.4084435     24.460    12.4476    314.664 -9.990e-29
     23.988     7.1550 202.361852     2.2088 2.8813e+01     0.2778    93.2917 4.6398e-01 1.7663e+03  0.4063647     24.461    12.4485    314.649 -9.990e-29
     23.988     7.1515 202.361853     2.2088 2.8813e+01     0.2789    93.2655 4.6276e-01 1.7663e+03  0.4055332     24.461    12.4499    314.684 -9.990e-29
     23.988     7.1474 202.325958     2.2076 2.8813e+01     0.2778    93.2917 4.6764e-01 1.7663e+03  0.4055332     24.461    12.4443    314.668 -9.990e-29
     23.989     7.1431 202.254163     2.2088 2.8813e+01     0.2778    93.2917 4.6520e-01 1.7663e+03  0.4055332     24.462    12.4562    314.598 -9.990e-29
     23.989     7.1387 202.254166     2.2088 2.8732e+01     0.2778    93.2917 4.4689e-01 1.7663e+03  0.4055332     24.462    12.4572    314.642 -9.990e-29
     23.990     7.1346 202.242203     2.2088 2.8732e+01     0.2778    93.2917 4.1636e-01 1.7663e+03  0.4055332     24.463    12.4583    314.663 -9.990e-29
     23.990     7.1308 202.242205     2.2088 2.8732e+01     0.2778    93.2917 3.8584e-01 1.7663e+03  0.4055332     24.463    12.4584    314.700 -9.990e-29
     23.990     7.1280 202.206308     2.2076 2.8732e+01     0.2778    93.2917 3.6020e-01 1.7663e+03  0.4055332     24.463    12.4507    314.672 -9.990e-29
