data/05_metadata_exports/SeabirdData/202305_SeabirdData/83317_stn43.cnv
* Sea-Bird SBE 9 Data File:
* FileName = C:\Users\rosette\Rosette Data\2023\Ontario CSMI\stn43.hex
* Software Version Seasave V 7.26.6.26
* Temperature SN = 5270
* Conductivity SN = 1168
* Number of Bytes Per Scan = 40
* Number of Voltage Words = 5
* Number of Scans Averaged by the Deck Unit = 1
* NMEA Latitude = 43 57.00 N
* NMEA Longitude = 078 02.98 W
* NMEA UTC (Time) = Oct 01 2003  21:08:02
* NMEA baud rate = 4800
** Ship: Lake Guardian
** Ontario CSMI LWFS
** Station:  stn43
# nquan = 14                                
# nvalues = 12195                       
# units = specified
# name 0 = prDM: Pressure, Digiquartz [db]
# name 1 = t090C: Temperature [ITS-90, deg C]
# name 2 = c0uS/cm: Conductivity [uS/cm]
# name 3 = sbeox0V: Oxygen raw, SBE 43 [V]
# name 4 = par: PAR/Irradiance, Biospherical/Licor
# name 5 = bat: Beam Attenuation, Chelsea/Seatech [1/m]
# name 6 = xmiss: Beam Transmission, Chelsea/Seatech [%]
# name 7 = flSP: Fluorescence, Seapoint
# name 8 = spar: SPAR, Biospherical/Licor
# name 9 = upoly0: Upoly 0, Suna Nitrate
# name 10 = depFM: Depth [fresh water, m], lat = 43.95
# name 11 = sbeox0Mg/L: Oxygen, SBE 43 [mg/l], WS = 2
# name 12 = specc: Specific Conductance [uS/cm]
# name 13 = flag: flag
# span 0 =     -0.226,     15.656       
# span 1 =     5.8460,     6.1204       
# span 2 =  15.627039, 237.987011       
# span 3 =     1.8327,     2.2161       
# span 4 = 7.8797e+01, 2.5482e+03       
# span 5 =     0.2365,     4.2837       
# span 6 =    34.2688,    94.2588       
# span 7 = 0.0000e+00, 1.4139e+00       
# span 8 = 1.2169e+03, 1.3272e+03       
# span 9 =  0.0741704,  0.4063647       
# span 10 =     -0.230,     15.965      
# span 11 =    10.0043,    13.3351      
# span 12 =     25.267,    383.700      
# span 13 = 0.0000e+00, 0.0000e+00      
# interval = seconds: 0.0416667
# start_time = Oct 01 2003 21:08:02 [NMEA time, header]
# bad_flag = -9.990e-29
*END*
[from data line 4233]
      2.536     5.8798 196.309433     2.1685 7.2105e+02     0.2465    94.0236 7.8144e-02 1.2917e+03  0.3826663      2.586    12.5932    317.846 -9.990e-29
      2.535     5.8803 196.309433     2.1685 6.9127e+02     0.2465    94.0236 7.5702e-02 1.2917e+03  0.3826663      2.585    12.5931    317.841 -9.990e-29
      2.534     5.8816 196.321390     2.1685 6.3356e+02     0.2476    93.9974 7.6923e-02 1.2917e+03  0.3826663      2.584    12.5928    317.847 -9.990e-29
      2.531     5.8842 196.333346     2.1685 6.1773e+02     0.2465    94.0236 7.6923e-02 1.2917e+03  0.3826663      2.581    12.5907    317.839 -9.990e-29
      2.528     5.8850 196.333346     2.1685 6.3893e+02     0.2476    93.9974 7.4481e-02 1.2917e+03  0.3826663      2.578    12.5906    317.831 -9.990e-29
      2.523     5.8852 196.369219     2.1685 7.1098e+02     0.2465    94.0236 7.4481e-02 1.2917e+03  0.3826663      2.573    12.5907    317.887 -9.990e-29
      2.518     5.8853 196.321386     2.1685 7.3745e+02     0.2454    94.0497 7.4481e-02 1.2917e+03  0.3826663      2.568    12.5908    317.809 -9.990e-29
      2.514     5.8850 196.309429     2.1685 7.3953e+02     0.2443    94.0758 7.4481e-02 1.2917e+03  0.3826663      2.564    12.5910    317.793 -9.990e-29
      2.510     5.8845 196.321388     2.1685 7.4579e+02     0.2443    94.0758 7.5702e-02 1.2917e+03  0.3826663      2.559    12.5914    317.817 -9.990e-29
      2.505     5.8842 196.285514     2.1685 7.5000e+02     0.2443    94.0758 7.4481e-02 1.2917e+03  0.3826663      2.554    12.5916    317.762 -9.990e-29
      2.497     5.8840 196.345303     2.1673 7.5635e+02     0.2432    94.1020 7.4481e-02 1.2917e+03  0.3826663      2.546    12.5829    317.861 -9.990e-29
      2.490     5.8850 196.273555     2.1685 8.6565e+02     0.2443    94.0758 7.4481e-02 1.2917e+03  0.3826663      2.539    12.5916    317.734 -9.990e-29
      2.483     5.8858 196.309427     2.1685 9.2869e+02     0.2443    94.0758 7.4481e-02 1.2917e+03  0.3826663      2.532    12.5915    317.784 -9.990e-29
      2.479     5.8861 196.369218     2.1685 9.3392e+02     0.2443    94.0758 7.8144e-02 1.2917e+03  0.3826663      2.528    12.5915    317.878 -9.990e-29
      2.474     5.8866 196.369218     2.1685 8.7790e+02     0.2454    94.0497 7.8144e-02 1.2917e+03  0.3826663      2.523    12.5915    317.873 -9.990e-29
      2.468     5.8869 196.333343     2.1685 8.4401e+02     0.2443    94.0758 7.8144e-02 1.2917e+03  0.3826663      2.517    12.5915    317.812 -9.990e-29
      2.461     5.8874 196.357258     2.1685 8.3928e+02     0.2443    94.0758 7.8144e-02 1.2917e+03  0.3826663      2.510    12.5927    317.845 -9.990e-29
      2.455     5.8880 196.321385     2.1685 7.4789e+02     0.2443    94.0758 7.6923e-02 1.2917e+03  0.3826663      2.503    12.5926    317.781 -9.990e-29
      2.448     5.8880 196.321383     2.1685 6.7399e+02     0.2432    94.1020 7.5702e-02 1.2917e+03  0.3826663      2.496    12.5927    317.781 -9.990e-29
      2.442     5.8883 196.333342     2.1697 6.6086e+02     0.2443    94.0758 7.5702e-02 1.2917e+03  0.3826663      2.490    12.6016    317.797 -9.990e-29
      2.436     5.8887 196.357257     2.1685 7.1499e+02     0.2443    94.0758 7.4481e-02 1.2937e+03  0.3826663      2.484    12.5926    317.832 -9.990e-29
      2.430     5.8888 196.381173     2.1685 7.8672e+02     0.2443    94.0758 7.4481e-02 1.2937e+03  0.3822505      2.478    12.5926    317.870 -9.990e-29
      2.425     5.8898 196.369214     2.1685 8.0236e+02     0.2443    94.0758 7.4481e-02 1.2937e+03  0.3826663      2.473    12.5922    317.840 -9.990e-29
      2.420     5.8903 196.405087     2.1685 7.4370e+02     0.2443    94.0758 7.4481e-02 1.2937e+03  0.3822505      2.468    12.5919    317.893 -9.990e-29
      2.418     5.8904 196.381172     2.1685 6.4798e+02     0.2443    94.0758 7.5702e-02 1.2937e+03  0.3822505      2.466    12.5918    317.853 -9.990e-29
      2.415     5.8898 196.369215     2.1685 6.2472e+02     0.2443    94.0758 7.5702e-02 1.2937e+03  0.3826663      2.463    12.5919    317.840 -9.990e-29
      2.410     5.8899 196.369214     2.1685 6.4980e+02     0.2432    94.1020 7.4481e-02 1.2937e+03  0.3826663      2.458    12.5918    317.839 -9.990e-29
      2.405     5.8899 196.333339     2.1673 7.2308e+02     0.2443    94.0758 7.5702e-02 1.2937e+03  0.3826663      2.452    12.5828    317.781 -9.990e-29
      2.402     5.8899 196.369213     2.1685 7.4789e+02     0.2443    94.0758 7.8144e-02 1.2937e+03  0.3826663      2.449    12.5915    317.839 -9.990e-29
      2.400     5.8909 196.321382     2.1685 7.3745e+02     0.2432    94.1020 7.9365e-02 1.2937e+03  0.3822505      2.447    12.5923    317.751 -9.990e-29
      2.398     5.8914 196.417045     2.1685 6.8739e+02     0.2432    94.1020 7.8144e-02 1.2937e+03  0.3826663      2.445    12.5920    317.901 -9.990e-29
      2.397     5.8914 196.405087     2.1685 6.7021e+02     0.2432    94.1020 7.5702e-02 1.2937e+03  0.3826663      2.444    12.5918    317.882 -9.990e-29
      2.395     5.8914 196.345297     2.1685 6.7021e+02     0.2432    94.1020 7.4481e-02 1.2937e+03  0.3826663      2.442    12.5917    317.785 -9.990e-29
      2.394     5.8915 196.357254     2.1685 6.6833e+02     0.2443    94.0758 7.3260e-02 1.2937e+03  0.3826663      2.441    12.5915    317.803 -9.990e-29
      2.393     5.8909 196.333339     2.1685 6.6833e+02     0.2432    94.1020 7.4481e-02 1.2937e+03  0.3826663      2.440    12.5915    317.771 -9.990e-29
      2.393     5.8904 196.357256     2.1685 6.6833e+02     0.2432    94.1020 7.4481e-02 1.2937e+03  0.3826663      2.440    12.5903    317.814 -9.990e-29
      2.392     5.8907 196.429003     2.1685 7.0699e+02     0.2432    94.1020 7.4481e-02 1.2937e+03  0.3826663      2.439    12.5899    317.927 -9.990e-29
      2.393     5.8912 196.381170     2.1685 7.3126e+02     0.2432    94.1020 7.4481e-02 1.2937e+03  0.3826663      2.440    12.5896    317.845 -9.990e-29
      2.396     5.8914 196.381171     2.1685 7.3332e+02     0.2432    94.1020 7.4481e-02 1.2937e+03  0.3826663      2.443    12.5905    317.843 -9.990e-29
      2.398     5.8915 196.381171     2.1685 7.0898e+02     0.2432    94.1020 7.4481e-02 1.2937e+03  0.3826663      2.445    12.5915    317.842 -9.990e-29
      2.399     5.8915 196.417044     2.1697 6.8933e+02     0.2432    94.1020 7.3260e-02 1.2937e+03  0.3826663      2.446    12.6001    317.900 -9.990e-29
      2.400     5.8919 196.393129     2.1685 6.8546e+02     0.2432    94.1020 7.3260e-02 1.2937e+03  0.3826663      2.447    12.5907    317.857 -9.990e-29
      2.402     5.8919 196.369212     2.1685 6.8546e+02     0.2443    94.0758 7.3260e-02 1.2937e+03  0.3826663      2.449    12.5917    317.818 -9.990e-29
      2.403     5.8916 196.321381     2.1685 6.8162e+02     0.2432    94.1020 7.4481e-02 1.2937e+03  0.3826663      2.450    12.5926    317.744 -9.990e-29
      2.405     5.8915 196.369212     2.1685 6.8162e+02     0.2432    94.1020 7.3260e-02 1.2937e+03  0.3826663      2.452    12.5936    317.822 -9.990e-29
      2.407     5.8917 196.369213     2.1697 7.2920e+02     0.2443    94.0758 7.4481e-02 1.2937e+03  0.3826663      2.454    12.6033    317.820 -9.990e-29
      2.409     5.8919 196.333338     2.1697 8.0916e+02     0.2454    94.0497 7.6923e-02 1.2937e+03  0.3826663      2.456    12.6028    317.760 -9.990e-29
      2.412     5.8919 196.357255     2.1685 8.2989e+02     0.2465    94.0236 7.8144e-02 1.2937e+03  0.3826663      2.460    12.5947    317.799 -9.990e-29
      2.414     5.8917 196.369213     2.1685 8.3928e+02     0.2465    94.0236 7.6923e-02 1.2937e+03  0.3843293      2.462    12.5943    317.820 -9.990e-29
      2.417     5.8920 196.405086     2.1685 8.6321e+02     0.2465    94.0236 7.5702e-02 1.2937e+03  0.3918130      2.465    12.5938    317.875 -9.990e-29
      2.421     5.8917 196.381172     2.1685 8.7053e+02     0.2454    94.0497 7.6923e-02 1.2937e+03  0.4005440      2.469    12.5934    317.840 -9.990e-29
      2.425     5.8919 196.369213     2.1685 8.5116e+02     0.2454    94.0497 7.6923e-02 1.2937e+03  0.4030386      2.473    12.5929    317.818 -9.990e-29
      2.428     5.8917 196.297465     2.1685 7.7356e+02     0.2465    94.0236 7.8144e-02 1.2937e+03  0.4030386      2.476    12.5912    317.704 -9.990e-29
      2.431     5.8917 196.357255     2.1697 7.4579e+02     0.2465    94.0236 7.9365e-02 1.2937e+03  0.4030386      2.479    12.5996    317.801 -9.990e-29
      2.434     5.8914 196.393129     2.1685 7.3745e+02     0.2465    94.0236 7.8144e-02 1.2937e+03  0.4026229      2.482    12.5903    317.862 -9.990e-29
      2.439     5.8914 196.345297     2.1685 6.7399e+02     0.2454    94.0497 7.9365e-02 1.2937e+03  0.4026229      2.487    12.5898    317.785 -9.990e-29
      2.443     5.8914 196.333340     2.1685 6.4616e+02     0.2465    94.0236 8.3028e-02 1.2937e+03  0.4026229      2.491    12.5893    317.765 -9.990e-29
      2.447     5.8911 196.333341     2.1685 6.4434e+02     0.2465    94.0236 8.4249e-02 1.2937e+03  0.4030386      2.495    12.5889    317.768 -9.990e-29
      2.450     5.8909 196.369214     2.1685 6.3893e+02     0.2465    94.0236 8.3028e-02 1.2937e+03  0.4030386      2.498    12.5897    317.829 -9.990e-29
      2.454     5.8912 196.369213     2.1685 6.3535e+02     0.2465    94.0236 8.3028e-02 1.2937e+03  0.4030386      2.502    12.5890    317.826 -9.990e-29
      2.458     5.8915 196.381172     2.1685 6.3535e+02     0.2465    94.0236 8.3028e-02 1.2937e+03  0.4030386      2.506    12.5883    317.842 -9.990e-29
      2.461     5.8906 196.345299     2.1685 6.9517e+02     0.2465    94.0236 8.1807e-02 1.2937e+03  0.4030386      2.510    12.5881    317.793 -9.990e-29
      2.464     5.8888 196.333341     2.1697 7.4370e+02     0.2454    94.0497 8.0586e-02 1.2937e+03  0.4030386      2.513    12.5983    317.792 -9.990e-29
      2.465     5.8877 196.393133     2.1697 7.5000e+02     0.2465    94.0236 7.8144e-02 1.2917e+03  0.4026229      2.514    12.5993    317.900 -9.990e-29
      2.467     5.8872 196.393132     2.1685 7.4370e+02     0.2454    94.0497 7.8144e-02 1.2917e+03  0.4026229      2.516    12.5899    317.905 -9.990e-29
      2.470     5.8874 196.321385     2.1685 7.3953e+02     0.2465    94.0236 7.9365e-02 1.2917e+03  0.4026229      2.519    12.5905    317.787 -9.990e-29
      2.472     5.8871 196.345301     2.1697 7.3745e+02     0.2465    94.0236 7.9365e-02 1.2917e+03  0.4026229      2.521    12.6001    317.829 -9.990e-29
      2.474     5.8866 196.297470     2.1697 7.3745e+02     0.2465    94.0236 7.6923e-02 1.2917e+03  0.4026229      2.523    12.5996    317.757 -9.990e-29
      2.475     5.8861 196.309427     2.1685 7.3745e+02     0.2454    94.0497 7.4481e-02 1.2917e+03  0.4026229      2.524    12.5902    317.781 -9.990e-29
      2.476     5.8867 196.333343     2.1697 7.3745e+02     0.2465    94.0236 7.4481e-02 1.2917e+03  0.4026229      2.525    12.5982    317.814 -9.990e-29
      2.477     5.8880 196.369217     2.1685 7.3745e+02     0.2465    94.0236 7.5702e-02 1.2917e+03  0.4026229      2.526    12.5895    317.858 -9.990e-29
      2.478     5.8890 196.297468     2.1697 7.3538e+02     0.2454    94.0497 7.5702e-02 1.2917e+03  0.4030386      2.527    12.6000    317.732 -9.990e-29
      2.478     5.8883 196.357258     2.1685 7.3538e+02     0.2465    94.0236 7.5702e-02 1.2917e+03  0.4026229      2.527    12.5907    317.836 -9.990e-29
      2.476     5.8883 196.345300     2.1685 7.3538e+02     0.2454    94.0497 7.6923e-02 1.2917e+03  0.4026229      2.525    12.5901    317.817 -9.990e-29
      2.475     5.8885 196.357258     2.1685 7.3126e+02     0.2465    94.0236 7.5702e-02 1.2917e+03  0.4030386      2.524    12.5894    317.834 -9.990e-29
      2.474     5.8882 196.333342     2.1685 7.3126e+02     0.2465    94.0236 7.5702e-02 1.2917e+03  0.4026229      2.523    12.5889    317.798 -9.990e-29
      2.473     5.8879 196.309427     2.1685 7.3126e+02     0.2465    94.0236 7.5702e-02 1.2917e+03  0.4026229      2.522    12.5883    317.763 -9.990e-29
      2.471     5.8877 196.309427     2.1685 7.3538e+02     0.2454    94.0497 7.8144e-02 1.2917e+03  0.4026229      2.520    12.5878    317.765 -9.990e-29
      2.469     5.8874 196.321384     2.1685 7.3538e+02     0.2465    94.0236 7.8144e-02 1.2917e+03  0.4026229      2.518    12.5873    317.787 -9.990e-29
      2.468     5.8871 196.309427     2.1685 7.3538e+02     0.2454    94.0497 7.8144e-02 1.2898e+03  0.4030386      2.517    12.5869    317.771 -9.990e-29
      2.465     5.8869 196.321386     2.1685 7.0898e+02     0.2465    94.0236 7.6923e-02 1.2898e+03  0.4030386      2.514    12.5865    317.792 -9.990e-29
      2.462     5.8869 196.309426     2.1685 6.9517e+02     0.2465    94.0236 7.6923e-02 1.2898e+03  0.4030386      2.511    12.5859    317.773 -9.990e-29
      2.459     5.8869 196.321385     2.1697 6.9321e+02     0.2465    94.0236 7.5702e-02 1.2898e+03  0.4034544      2.507    12.5943    317.792 -9.990e-29
      2.457     5.8871 196.309426     2.1685 6.8546e+02     0.2454    94.0497 7.5702e-02 1.2898e+03  0.4038701      2.505    12.5848    317.771 -9.990e-29
      2.454     5.8864 196.321386     2.1685 6.8162e+02     0.2454    94.0497 7.6923e-02 1.2898e+03  0.4038701      2.502    12.5845    317.797 -9.990e-29
      2.450     5.8866 196.333344     2.1685 6.8162e+02     0.2454    94.0497 7.5702e-02 1.2898e+03  0.4038701      2.498    12.5840    317.815 -9.990e-29
      2.444     5.8867 196.333342     2.1697 6.9712e+02     0.2454    94.0497 7.5702e-02 1.2898e+03  0.4038701      2.492    12.5923    317.814 -9.990e-29
      2.441     5.8871 196.309426     2.1697 7.1098e+02     0.2443    94.0758 7.4481e-02 1.2898e+03  0.4038701      2.489    12.5929    317.771 -9.990e-29
      2.438     5.8872 196.309427     2.1685 7.1298e+02     0.2443    94.0758 7.4481e-02 1.2898e+03  0.4038701      2.486    12.5848    317.770 -9.990e-29
      2.434     5.8871 196.369216     2.1685 7.4161e+02     0.2432    94.1020 7.4481e-02 1.2898e+03  0.4038701      2.482    12.5844    317.868 -9.990e-29
      2.430     5.8867 196.321384     2.1697 7.8231e+02     0.2443    94.0758 7.4481e-02 1.2898e+03  0.4038701      2.478    12.5918    317.794 -9.990e-29
      2.426     5.8863 196.345301     2.1685 7.9116e+02     0.2443    94.0758 7.4481e-02 1.2898e+03  0.4038701      2.474    12.5840    317.837 -9.990e-29
      2.423     5.8867 196.369216     2.1685 7.3538e+02     0.2443    94.0758 7.4481e-02 1.2898e+03  0.4038701      2.471    12.5848    317.872 -9.990e-29
      2.421     5.8888 196.369215     2.1685 6.4434e+02     0.2432    94.1020 7.4481e-02 1.2898e+03  0.4038701      2.469    12.5838    317.850 -9.990e-29
      2.419     5.8909 196.369214     2.1685 6.2121e+02     0.2443    94.0758 7.4481e-02 1.2898e+03  0.4038701      2.467    12.5841    317.829 -9.990e-29
      2.417     5.8919 196.369213     2.1697 6.2296e+02     0.2443    94.0758 7.4481e-02 1.2898e+03  0.4038701      2.465    12.5912    317.818 -9.990e-29
      2.415     5.8920 196.429003     2.1685 6.2121e+02     0.2432    94.1020 7.4481e-02 1.2898e+03  0.4038701      2.463    12.5834    317.914 -9.990e-29
      2.413     5.8922 196.452918     2.1685 6.2121e+02     0.2432    94.1020 7.3260e-02 1.2898e+03  0.4038701      2.461    12.5832    317.951 -9.990e-29
      2.411     5.8929 196.429003     2.1685 6.2648e+02     0.2432    94.1020 7.3260e-02 1.2898e+03  0.4038701      2.459    12.5816    317.905 -9.990e-29
      2.410     5.8933 196.381169     2.1685 6.5530e+02     0.2443    94.0758 7.3260e-02 1.2898e+03  0.4038701      2.458    12.5802    317.823 -9.990e-29
      2.409     5.8941 196.405086     2.1685 6.6645e+02     0.2443    94.0758 7.3260e-02 1.2898e+03  0.4038701      2.456    12.5799    317.854 -9.990e-29
      2.408     5.8949 196.381168     2.1685 6.7399e+02     0.2432    94.1020 7.3260e-02 1.2898e+03  0.4038701      2.455    12.5796    317.807 -9.990e-29
