data/05_metadata_exports/SeabirdData/202305_SeabirdData/83317_stn43.cnv
* Sea-Bird SBE 9 Data File:
* FileName = C:\Users\rosette\Rosette Data\2023\Ontario CSMI\stn43.hex
* Software Version Seasave V 7.26.6.26
* Temperature SN = 5270
* Conductivity SN = 1168
* Number of Bytes Per Scan = 40
* Number of Voltage Words = 5
* Number of Scans Averaged by the Deck Unit = 1
* NMEA Latitude = 43 57.00 N
* NMEA Longitude = 078 02.98 W
* NMEA UTC (Time) = Oct 01 2003  21:08:02
* NMEA baud rate = 4800
** Ship: Lake Guardian
** Ontario CSMI LWFS
** Station:  stn43
# nquan = 14                                
# nvalues = 12195                       
# units = specified
# name 0 = prDM: Pressure, Digiquartz [db]
# name 1 = t090C: Temperature [ITS-90, deg C]
# name 2 = c0uS/cm: Conductivity [uS/cm]
# name 3 = sbeox0V: Oxygen raw, SBE 43 [V]
# name 4 = par: PAR/Irradiance, Biospherical/Licor
# name 5 = bat: Beam Attenuation, Chelsea/Seatech [1/m]
# name 6 = xmiss: Beam Transmission, Chelsea/Seatech [%]
# name 7 = flSP: Fluorescence, Seapoint
# name 8 = spar: SPAR, Biospherical/Licor
# name 9 = upoly0: Upoly 0, Suna Nitrate
# name 10 = depFM: Depth [fresh water, m], lat = 43.95
# name 11 = sbeox0Mg/L: Oxygen, SBE 43 [mg/l], WS = 2
# name 12 = specc: Specific Conductance [uS/cm]
# name 13 = flag: flag
# span 0 =     -0.226,     15.656       
# span 1 =     5.8460,     6.1204       
# span 2 =  15.627039, 237.987011       
# span 3 =     1.8327,     2.2161       
# span 4 = 7.8797e+01, 2.5482e+03       
# span 5 =     0.2365,     4.2837       
# span 6 =    34.2688,    94.2588       
# span 7 = 0.0000e+00, 1.4139e+00       
# span 8 = 1.2169e+03, 1.3272e+03       
# span 9 =  0.0741704,  0.4063647       
# span 10 =     -0.230,     15.965      
# span 11 =    10.0043,    13.3351      
# span 12 =     25.267,    383.700      
# span 13 = 0.0000e+00, 0.0000e+00      
# interval = seconds: 0.0416667
# start_time = Oct 01 2003 21:08:02 [NMEA time, header]
# bad_flag = -9.990e-29
*END*
[from data line 5471]
     15.603     5.8494 196.094457     2.1661 8.7941e+01     0.2476    93.9974 1.2454e-01 1.2878e+03  0.4051174     15.911    12.6079    317.811 -9.990e-29
     15.603     5.8497 196.094457     2.1661 8.7941e+01     0.2465    94.0236 1.2821e-01 1.2878e+03  0.4051174     15.911    12.6076    317.808 -9.990e-29
     15.602     5.8496 196.130329     2.1661 8.7941e+01     0.2465    94.0236 1.3309e-01 1.2878e+03  0.4051174     15.910    12.6074    317.867 -9.990e-29
     15.603     5.8500 196.154245     2.1661 8.7941e+01     0.2465    94.0236 1.3797e-01 1.2878e+03  0.4051174     15.911    12.6070    317.902 -9.990e-29
     15.604     5.8499 196.154246     2.1673 8.8189e+01     0.2476    93.9974 1.4164e-01 1.2878e+03  0.4051174     15.912    12.6171    317.903 -9.990e-29
     15.604     5.8499 196.130329     2.1661 8.8189e+01     0.2476    93.9974 1.4164e-01 1.2878e+03  0.4051174     15.912    12.6080    317.864 -9.990e-29
     15.606     5.8500 196.106415     2.1661 8.8437e+01     0.2476    93.9974 1.4042e-01 1.2878e+03  0.4051174     15.914    12.6079    317.824 -9.990e-29
     15.606     5.8497 196.142288     2.1661 8.8437e+01     0.2476    93.9974 1.3919e-01 1.2878e+03  0.4051174     15.914    12.6078    317.885 -9.990e-29
     15.606     5.8499 196.106414     2.1648 8.8437e+01     0.2465    94.0236 1.3675e-01 1.2878e+03  0.4051174     15.914    12.5992    317.825 -9.990e-29
     15.607     5.8500 196.130330     2.1661 8.8189e+01     0.2476    93.9974 1.3675e-01 1.2878e+03  0.4051174     15.915    12.6088    317.863 -9.990e-29
     15.608     5.8504 196.154245     2.1661 8.8189e+01     0.2476    93.9974 1.3431e-01 1.2878e+03  0.4051174     15.916    12.6085    317.898 -9.990e-29
     15.607     5.8505 196.154245     2.1661 8.7941e+01     0.2465    94.0236 1.3187e-01 1.2878e+03  0.4051174     15.915    12.6070    317.896 -9.990e-29
     15.606     5.8500 196.154244     2.1661 8.7447e+01     0.2476    93.9974 1.3309e-01 1.2878e+03  0.4051174     15.914    12.6070    317.902 -9.990e-29
     15.607     5.8500 196.237950     2.1673 8.7201e+01     0.2476    93.9974 1.3309e-01 1.2878e+03  0.4051174     15.915    12.6158    318.037 -9.990e-29
     15.608     5.8499 196.130330     2.1661 8.7201e+01     0.2476    93.9974 1.3431e-01 1.2878e+03  0.4051174     15.916    12.6067    317.864 -9.990e-29
     15.609     5.8500 196.094456     2.1661 8.6712e+01     0.2465    94.0236 1.3309e-01 1.2878e+03  0.4051174     15.917    12.6066    317.805 -9.990e-29
     15.611     5.8499 196.130330     2.1661 8.6468e+01     0.2476    93.9974 1.3309e-01 1.2878e+03  0.4051174     15.919    12.6065    317.864 -9.990e-29
     15.612     5.8497 196.154246     2.1673 8.6468e+01     0.2476    93.9974 1.3309e-01 1.2878e+03  0.4051174     15.920    12.6153    317.905 -9.990e-29
     15.612     5.8500 196.178161     2.1661 8.5982e+01     0.2476    93.9974 1.3187e-01 1.2878e+03  0.4051174     15.920    12.6061    317.940 -9.990e-29
     15.612     5.8497 196.202076     2.1661 8.5741e+01     0.2476    93.9974 1.2943e-01 1.2878e+03  0.4051174     15.920    12.6061    317.982 -9.990e-29
     15.614     5.8502 196.142288     2.1661 8.5741e+01     0.2476    93.9974 1.2943e-01 1.2878e+03  0.4051174     15.922    12.6057    317.880 -9.990e-29
     15.614     5.8504 196.142288     2.1661 8.5741e+01     0.2454    94.0497 1.2943e-01 1.2878e+03  0.4047017     15.922    12.6055    317.878 -9.990e-29
     15.615     5.8512 196.130328     2.1673 8.5741e+01     0.2465    94.0236 1.2821e-01 1.2878e+03  0.4030386     15.923    12.6140    317.851 -9.990e-29
     15.616     5.8515 196.130329     2.1661 8.5500e+01     0.2465    94.0236 1.2576e-01 1.2878e+03  0.4022071     15.924    12.6048    317.847 -9.990e-29
     15.617     5.8508 196.142287     2.1661 8.5500e+01     0.2465    94.0236 1.2576e-01 1.2878e+03  0.4022071     15.925    12.6049    317.874 -9.990e-29
     15.618     5.8507 196.106414     2.1661 8.5259e+01     0.2476    93.9974 1.2698e-01 1.2878e+03  0.4022071     15.926    12.6048    317.817 -9.990e-29
     15.617     5.8505 196.178161     2.1661 8.5259e+01     0.2465    94.0236 1.2943e-01 1.2878e+03  0.4022071     15.925    12.6047    317.935 -9.990e-29
     15.616     5.8504 196.166203     2.1661 8.5020e+01     0.2465    94.0236 1.2943e-01 1.2878e+03  0.4022071     15.924    12.6046    317.917 -9.990e-29
     15.615     5.8504 196.225991     2.1661 8.4542e+01     0.2465    94.0236 1.3065e-01 1.2878e+03  0.4026229     15.923    12.6057    318.014 -9.990e-29
     15.616     5.8502 196.154245     2.1661 8.4305e+01     0.2465    94.0236 1.3065e-01 1.2878e+03  0.4026229     15.924    12.6069    317.900 -9.990e-29
     15.617     5.8507 196.130329     2.1661 8.4542e+01     0.2465    94.0236 1.3065e-01 1.2878e+03  0.4022071     15.925    12.6065    317.856 -9.990e-29
     15.619     5.8507 196.130330     2.1661 8.4542e+01     0.2465    94.0236 1.3309e-01 1.2878e+03  0.4026229     15.927    12.6064    317.856 -9.990e-29
     15.620     5.8508 196.130330     2.1661 8.4542e+01     0.2465    94.0236 1.3553e-01 1.2878e+03  0.4022071     15.928    12.6087    317.855 -9.990e-29
     15.621     5.8507 196.142287     2.1661 8.4542e+01     0.2454    94.0497 1.3675e-01 1.2878e+03  0.4026229     15.929    12.6083    317.875 -9.990e-29
     15.621     5.8507 196.154245     2.1661 8.4542e+01     0.2465    94.0236 1.3431e-01 1.2878e+03  0.4026229     15.929    12.6080    317.894 -9.990e-29
     15.621     5.8508 196.130330     2.1661 8.4542e+01     0.2465    94.0236 1.3065e-01 1.2878e+03  0.4026229     15.929    12.6076    317.855 -9.990e-29
     15.620     5.8507 196.142287     2.1661 8.4542e+01     0.2465    94.0236 1.2698e-01 1.2878e+03  0.4026229     15.928    12.6072    317.875 -9.990e-29
     15.619     5.8508 196.058583     2.1661 8.4542e+01     0.2465    94.0236 1.2698e-01 1.2878e+03  0.4026229     15.927    12.6081    317.738 -9.990e-29
     15.618     5.8507 196.142286     2.1661 8.4542e+01     0.2476    93.9974 1.2698e-01 1.2878e+03  0.4026229     15.926    12.6090    317.875 -9.990e-29
     15.619     5.8508 196.190119     2.1661 8.4542e+01     0.2465    94.0236 1.2698e-01 1.2878e+03  0.4026229     15.927    12.6086    317.952 -9.990e-29
     15.619     5.8507 196.154245     2.1661 8.4542e+01     0.2476    93.9974 1.2698e-01 1.2878e+03  0.4026229     15.927    12.6083    317.894 -9.990e-29
     15.618     5.8508 196.178161     2.1661 8.4781e+01     0.2476    93.9974 1.3065e-01 1.2878e+03  0.4026229     15.926    12.6091    317.932 -9.990e-29
     15.617     5.8510 196.190117     2.1661 8.4781e+01     0.2487    93.9713 1.3065e-01 1.2878e+03  0.4026229     15.925    12.6112    317.949 -9.990e-29
     15.617     5.8508 196.118372     2.1661 8.4781e+01     0.2487    93.9713 1.2943e-01 1.2878e+03  0.4026229     15.925    12.6121    317.835 -9.990e-29
     15.619     5.8510 196.094456     2.1661 8.4781e+01     0.2476    93.9974 1.2943e-01 1.2878e+03  0.4026229     15.927    12.6116    317.794 -9.990e-29
     15.619     5.8508 196.118372     2.1661 8.4781e+01     0.2476    93.9974 1.3065e-01 1.2878e+03  0.4026229     15.927    12.6112    317.835 -9.990e-29
     15.619     5.8510 196.130329     2.1661 8.4781e+01     0.2476    93.9974 1.3187e-01 1.2878e+03  0.4026229     15.927    12.6119    317.853 -9.990e-29
     15.619     5.8511 196.166201     2.1661 8.5020e+01     0.2487    93.9713 1.3187e-01 1.2878e+03  0.4026229     15.927    12.6126    317.910 -9.990e-29
     15.620     5.8512 196.154245     2.1661 8.5020e+01     0.2487    93.9713 1.3187e-01 1.2878e+03  0.4022071     15.928    12.6121    317.889 -9.990e-29
     15.621     5.8510 196.154245     2.1661 8.5020e+01     0.2487    93.9713 1.3187e-01 1.2878e+03  0.4017913     15.929    12.6130    317.891 -9.990e-29
     15.621     5.8515 196.118371     2.1661 8.5020e+01     0.2487    93.9713 1.3187e-01 1.2878e+03  0.4017913     15.929    12.6135    317.828 -9.990e-29
     15.621     5.8518 196.118371     2.1661 8.5020e+01     0.2476    93.9974 1.3065e-01 1.2878e+03  0.4017913     15.929    12.6141    317.825 -9.990e-29
     15.620     5.8520 196.166202     2.1673 8.5259e+01     0.2487    93.9713 1.3187e-01 1.2878e+03  0.4017913     15.928    12.6236    317.900 -9.990e-29
     15.619     5.8521 196.118371     2.1661 8.5500e+01     0.2487    93.9713 1.3065e-01 1.2878e+03  0.4017913     15.927    12.6152    317.822 -9.990e-29
     15.616     5.8523 196.225991     2.1661 8.5500e+01     0.2487    93.9713 1.3065e-01 1.2878e+03  0.4017913     15.924    12.6156    317.994 -9.990e-29
     15.614     5.8524 196.178158     2.1661 8.5500e+01     0.2476    93.9974 1.3309e-01 1.2878e+03  0.4017913     15.922    12.6148    317.916 -9.990e-29
     15.615     5.8524 196.178158     2.1685 8.5741e+01     0.2487    93.9713 1.3309e-01 1.2878e+03  0.4017913     15.923    12.6319    317.916 -9.990e-29
     15.618     5.8521 196.190118     2.1673 8.5741e+01     0.2487    93.9713 1.3187e-01 1.2878e+03  0.4017913     15.926    12.6223    317.938 -9.990e-29
     15.620     5.8523 196.142286     2.1661 8.5982e+01     0.2487    93.9713 1.2943e-01 1.2878e+03  0.4017913     15.928    12.6137    317.859 -9.990e-29
     15.621     5.8521 196.166202     2.1661 8.6225e+01     0.2487    93.9713 1.2821e-01 1.2878e+03  0.4017913     15.929    12.6142    317.899 -9.990e-29
     15.622     5.8520 196.190118     2.1661 8.6225e+01     0.2498    93.9451 1.2943e-01 1.2878e+03  0.4017913     15.930    12.6134    317.939 -9.990e-29
     15.622     5.8520 196.190118     2.1673 8.6225e+01     0.2498    93.9451 1.3309e-01 1.2878e+03  0.4017913     15.930    12.6214    317.939 -9.990e-29
     15.622     5.8521 196.190118     2.1661 8.6468e+01     0.2498    93.9451 1.3675e-01 1.2878e+03  0.4017913     15.930    12.6128    317.938 -9.990e-29
     15.621     5.8521 196.142286     2.1661 8.6468e+01     0.2487    93.9713 1.4042e-01 1.2878e+03  0.4017913     15.929    12.6131    317.861 -9.990e-29
     15.619     5.8520 196.214033     2.1661 8.6468e+01     0.2487    93.9713 1.4286e-01 1.2878e+03  0.4017913     15.927    12.6122    317.978 -9.990e-29
     15.620     5.8520 196.214031     2.1673 8.6468e+01     0.2498    93.9451 1.4408e-01 1.2878e+03  0.4017913     15.928    12.6201    317.978 -9.990e-29
     15.622     5.8518 196.214035     2.1673 8.6225e+01     0.2498    93.9451 1.4408e-01 1.2878e+03  0.4017913     15.930    12.6205    317.980 -9.990e-29
     15.623     5.8518 196.106414     2.1673 8.6225e+01     0.2498    93.9451 1.4408e-01 1.2878e+03  0.4017913     15.931    12.6207    317.806 -9.990e-29
     15.622     5.8521 196.082498     2.1661 8.6225e+01     0.2487    93.9713 1.4286e-01 1.2858e+03  0.4017913     15.930    12.6105    317.764 -9.990e-29
     15.620     5.8516 196.118371     2.1661 8.6225e+01     0.2498    93.9451 1.3797e-01 1.2878e+03  0.4017913     15.928    12.6096    317.827 -9.990e-29
     15.619     5.8518 196.142285     2.1673 8.6225e+01     0.2498    93.9451 1.3309e-01 1.2858e+03  0.4017913     15.927    12.6174    317.864 -9.990e-29
     15.620     5.8516 196.130329     2.1661 8.5982e+01     0.2498    93.9451 1.3065e-01 1.2858e+03  0.4017913     15.928    12.6087    317.846 -9.990e-29
     15.622     5.8515 196.190118     2.1661 8.5741e+01     0.2498    93.9451 1.2821e-01 1.2858e+03  0.4017913     15.930    12.6076    317.944 -9.990e-29
     15.622     5.8516 196.178160     2.1673 8.5741e+01     0.2498    93.9451 1.2454e-01 1.2858e+03  0.4017913     15.930    12.6153    317.924 -9.990e-29
     15.622     5.8516 196.130329     2.1673 8.5741e+01     0.2498    93.9451 1.2698e-01 1.2858e+03  0.4017913     15.930    12.6142    317.846 -9.990e-29
     15.622     5.8518 196.166201     2.1673 8.5741e+01     0.2487    93.9713 1.2943e-01 1.2858e+03  0.4013756     15.930    12.6130    317.902 -9.990e-29
     15.622     5.8516 196.225992     2.1673 8.5500e+01     0.2487    93.9713 1.2821e-01 1.2858e+03  0.4013756     15.930    12.6119    318.001 -9.990e-29
     15.622     5.8520 196.178159     2.1673 8.5500e+01     0.2498    93.9451 1.2698e-01 1.2858e+03  0.4013756     15.930    12.6119    317.920 -9.990e-29
     15.623     5.8516 196.154244     2.1673 8.5500e+01     0.2498    93.9451 1.2576e-01 1.2858e+03  0.4013756     15.931    12.6110    317.885 -9.990e-29
     15.625     5.8520 196.130329     2.1661 8.5500e+01     0.2498    93.9451 1.2332e-01 1.2858e+03  0.4013756     15.933    12.6021    317.842 -9.990e-29
     15.627     5.8523 196.130329     2.1661 8.5259e+01     0.2498    93.9451 1.2210e-01 1.2858e+03  0.4013756     15.935    12.6021    317.839 -9.990e-29
     15.628     5.8523 196.166203     2.1661 8.5020e+01     0.2487    93.9713 1.2210e-01 1.2858e+03  0.4013756     15.936    12.6035    317.897 -9.990e-29
     15.627     5.8524 196.142285     2.1673 8.5020e+01     0.2498    93.9451 1.2454e-01 1.2858e+03  0.4013756     15.935    12.6126    317.858 -9.990e-29
     15.628     5.8524 196.130329     2.1673 8.5020e+01     0.2487    93.9713 1.2576e-01 1.2858e+03  0.4013756     15.936    12.6115    317.838 -9.990e-29
     15.629     5.8526 196.142286     2.1661 8.5020e+01     0.2498    93.9451 1.2821e-01 1.2858e+03  0.4013756     15.937    12.6015    317.855 -9.990e-29
     15.630     5.8531 196.178159     2.1661 8.5020e+01     0.2498    93.9451 1.3065e-01 1.2858e+03  0.4013756     15.938    12.6015    317.908 -9.990e-29
     15.631     5.8531 196.154244     2.1673 8.5020e+01     0.2498    93.9451 1.3187e-01 1.2858e+03  0.4013756     15.939    12.6106    317.870 -9.990e-29
     15.632     5.8529 196.154244     2.1673 8.5020e+01     0.2498    93.9451 1.3309e-01 1.2858e+03  0.4013756     15.940    12.6097    317.872 -9.990e-29
     15.633     5.8524 196.082498     2.1661 8.5020e+01     0.2487    93.9713 1.3431e-01 1.2858e+03  0.4013756     15.941    12.6011    317.761 -9.990e-29
     15.634     5.8529 196.154244     2.1661 8.5020e+01     0.2487    93.9713 1.3431e-01 1.2858e+03  0.4013756     15.942    12.6011    317.872 -9.990e-29
     15.637     5.8529 196.190117     2.1673 8.5259e+01     0.2498    93.9451 1.3187e-01 1.2858e+03  0.4013756     15.945    12.6102    317.930 -9.990e-29
     15.638     5.8531 196.142287     2.1673 8.5259e+01     0.2487    93.9713 1.3065e-01 1.2858e+03  0.4013756     15.946    12.6103    317.850 -9.990e-29
     15.638     5.8534 196.142286     2.1661 8.5500e+01     0.2498    93.9451 1.2821e-01 1.2858e+03  0.4013756     15.946    12.6016    317.847 -9.990e-29
     15.637     5.8537 196.106412     2.1661 8.5500e+01     0.2487    93.9713 1.2821e-01 1.2858e+03  0.4013756     15.945    12.6017    317.786 -9.990e-29
     15.637     5.8542 196.166199     2.1661 8.5982e+01     0.2498    93.9451 1.2698e-01 1.2839e+03  0.4013756     15.945    12.6018    317.878 -9.990e-29
     15.640     5.8542 196.214033     2.1673 8.5982e+01     0.2498    93.9451 1.2698e-01 1.2858e+03  0.4013756     15.948    12.6109    317.955 -9.990e-29
     15.642     5.8542 196.190116     2.1661 8.6225e+01     0.2498    93.9451 1.2943e-01 1.2839e+03  0.4013756     15.950    12.6009    317.916 -9.990e-29
     15.644     5.8542 196.154244     2.1661 8.6956e+01     0.2487    93.9713 1.3187e-01 1.2839e+03  0.4013756     15.952    12.6011    317.858 -9.990e-29
     15.645     5.8545 196.225989     2.1661 8.6956e+01     0.2487    93.9713 1.3431e-01 1.2839e+03  0.4017913     15.953    12.6025    317.972 -9.990e-29
     15.646     5.8544 196.214032     2.1661 8.7201e+01     0.2498    93.9451 1.3431e-01 1.2839e+03  0.4017913     15.954    12.6040    317.953 -9.990e-29
     15.647     5.8542 196.214033     2.1661 8.7693e+01     0.2498    93.9451 1.3675e-01 1.2839e+03  0.4022071     15.955    12.6055    317.955 -9.990e-29
     15.648     5.8540 196.166200     2.1661 8.7941e+01     0.2487    93.9713 1.4286e-01 1.2839e+03  0.4026229     15.957    12.6083    317.880 -9.990e-29
     15.649     5.8537 196.190118     2.1661 8.7941e+01     0.2476    93.9974 1.5018e-01 1.2839e+03  0.4030386     15.958    12.6098    317.922 -9.990e-29
