data/05_metadata_exports/SeabirdData/202305_SeabirdData/83317_stn43.cnv
* Sea-Bird SBE 9 Data File:
* FileName = C:\Users\rosette\Rosette Data\2023\Ontario CSMI\stn43.hex
* Software Version Seasave V 7.26.6.26
* Temperature SN = 5270
* Conductivity SN = 1168
* Number of Bytes Per Scan = 40
* Number of Voltage Words = 5
* Number of Scans Averaged by the Deck Unit = 1
* NMEA Latitude = 43 57.00 N
* NMEA Longitude = 078 02.98 W
* NMEA UTC (Time) = Oct 01 2003  21:08:02
* NMEA baud rate = 4800
** Ship: Lake Guardian
** Ontario CSMI LWFS
** Station:  stn43
# nquan = 14                                
# nvalues = 12195                       
# units = specified
# name 0 = prDM: Pressure, Digiquartz [db]
# name 1 = t090C: Temperature [ITS-90, deg C]
# name 2 = c0uS/cm: Conductivity [uS/cm]
# name 3 = sbeox0V: Oxygen raw, SBE 43 [V]
# name 4 = par: PAR/Irradiance, Biospherical/Licor
# name 5 = bat: Beam Attenuation, Chelsea/Seatech [1/m]
# name 6 = xmiss: Beam Transmission, Chelsea/Seatech [%]
# name 7 = flSP: Fluorescence, Seapoint
# name 8 = spar: SPAR, Biospherical/Licor
# name 9 = upoly0: Upoly 0, Suna Nitrate
# name 10 = depFM: Depth [fresh water, m], lat = 43.95
# name 11 = sbeox0Mg/L: Oxygen, SBE 43 [mg/l], WS = 2
# name 12 = specc: Specific Conductance [uS/cm]
# name 13 = flag: flag
# span 0 =     -0.226,     15.656       
# span 1 =     5.8460,     6.1204       
# span 2 =  15.627039, 237.987011       
# span 3 =     1.8327,     2.2161       
# span 4 = 7.8797e+01, 2.5482e+03       
# span 5 =     0.2365,     4.2837       
# span 6 =    34.2688,    94.2588       
# span 7 = 0.0000e+00, 1.4139e+00       
# span 8 = 1.2169e+03, 1.3272e+03       
# span 9 =  0.0741704,  0.4063647       
# span 10 =     -0.230,     15.965      
# span 11 =    10.0043,    13.3351      
# span 12 =     25.267,    383.700      
# span 13 = 0.0000e+00, 0.0000e+00      
# interval = seconds: 0.0416667
# start_time = Oct 01 2003 21:08:02 [NMEA time, header]
# bad_flag = -9.990e-29
*END*
[from data line 2788]
      2.520     5.8939 196.417045     1.8449 6.7210e+02     0.2443    94.0758 8.3028e-02 1.2996e+03  0.4030386      2.570    10.1602    317.875 -9.990e-29
      2.522     5.8939 196.381172     1.8437 7.6062e+02     0.2454    94.0497 8.1807e-02 1.2996e+03  0.4030386      2.572    10.1525    317.817 -9.990e-29
      2.524     5.8936 196.369214     1.8462 8.0011e+02     0.2443    94.0758 8.1807e-02 1.2996e+03  0.4030386      2.574    10.1712    317.801 -9.990e-29
      2.524     5.8936 196.381172     1.8449 8.0462e+02     0.2443    94.0758 8.1807e-02 1.2996e+03  0.4030386      2.574    10.1630    317.820 -9.990e-29
      2.524     5.8934 196.369214     1.8437 8.2989e+02     0.2443    94.0758 8.0586e-02 1.2996e+03  0.4030386      2.574    10.1558    317.803 -9.990e-29
      2.524     5.8933 196.381173     1.8437 8.4639e+02     0.2432    94.1020 8.3028e-02 1.2996e+03  0.4030386      2.574    10.1588    317.823 -9.990e-29
      2.522     5.8935 196.297466     1.8449 8.4639e+02     0.2443    94.0758 8.3028e-02 1.2996e+03  0.4030386      2.572    10.1695    317.686 -9.990e-29
      2.521     5.8933 196.309425     1.8449 8.2061e+02     0.2443    94.0758 8.3028e-02 1.2996e+03  0.4030386      2.571    10.1727    317.707 -9.990e-29
      2.518     5.8939 196.369213     1.8437 8.0916e+02     0.2443    94.0758 8.1807e-02 1.2996e+03  0.4030386      2.568    10.1644    317.798 -9.990e-29
      2.515     5.8941 196.369213     1.8437 8.0462e+02     0.2454    94.0497 8.0586e-02 1.2996e+03  0.4030386      2.565    10.1652    317.796 -9.990e-29
      2.513     5.8949 196.381171     1.8437 7.3745e+02     0.2443    94.0758 7.9365e-02 1.2996e+03  0.4030386      2.563    10.1659    317.807 -9.990e-29
      2.510     5.8951 196.369213     1.8449 6.8546e+02     0.2443    94.0758 7.9365e-02 1.2996e+03  0.4030386      2.559    10.1758    317.785 -9.990e-29
      2.506     5.8954 196.369212     1.8437 6.7589e+02     0.2443    94.0758 8.0586e-02 1.2976e+03  0.4030386      2.555    10.1680    317.782 -9.990e-29
      2.501     5.8957 196.333338     1.8437 6.7970e+02     0.2432    94.1020 8.1807e-02 1.2996e+03  0.4034544      2.550    10.1704    317.721 -9.990e-29
      2.496     5.8960 196.369212     1.8449 6.8354e+02     0.2443    94.0758 8.1807e-02 1.2976e+03  0.4034544      2.545    10.1791    317.776 -9.990e-29
      2.489     5.8964 196.369212     1.8437 6.8354e+02     0.2443    94.0758 8.1807e-02 1.2976e+03  0.4026229      2.538    10.1701    317.772 -9.990e-29
      2.483     5.8963 196.429001     1.8437 7.3332e+02     0.2443    94.0758 8.0586e-02 1.2976e+03  0.4026229      2.532    10.1702    317.870 -9.990e-29
      2.477     5.8970 196.381169     1.8437 8.1831e+02     0.2421    94.1281 8.0586e-02 1.2976e+03  0.4026229      2.526    10.1700    317.785 -9.990e-29
      2.472     5.8972 196.417042     1.8437 8.4164e+02     0.2432    94.1020 7.9365e-02 1.2976e+03  0.4026229      2.521    10.1712    317.841 -9.990e-29
      2.467     5.8972 196.381169     1.8437 8.3457e+02     0.2432    94.1020 8.1807e-02 1.2976e+03  0.4026229      2.516    10.1725    317.783 -9.990e-29
      2.463     5.8975 196.452916     1.8437 8.1831e+02     0.2421    94.1281 8.3028e-02 1.2976e+03  0.4026229      2.512    10.1739    317.896 -9.990e-29
      2.459     5.8975 196.369211     1.8449 8.1601e+02     0.2432    94.1020 8.3028e-02 1.2976e+03  0.4026229      2.507    10.1841    317.761 -9.990e-29
      2.454     5.8978 196.369211     1.8437 8.0462e+02     0.2421    94.1281 8.3028e-02 1.2996e+03  0.4026229      2.502    10.1753    317.758 -9.990e-29
      2.446     5.8978 196.417042     1.8449 7.6706e+02     0.2421    94.1281 8.3028e-02 1.2976e+03  0.4026229      2.494    10.1844    317.835 -9.990e-29
      2.438     5.8980 196.393125     1.8437 7.5211e+02     0.2432    94.1020 8.3028e-02 1.2976e+03  0.4026229      2.486    10.1757    317.794 -9.990e-29
      2.431     5.8983 196.393124     1.8449 7.5211e+02     0.2432    94.1020 8.3028e-02 1.2976e+03  0.4026229      2.479    10.1860    317.791 -9.990e-29
      2.425     5.8981 196.345293     1.8437 7.5211e+02     0.2432    94.1020 8.4249e-02 1.2976e+03  0.4026229      2.473    10.1774    317.716 -9.990e-29
      2.419     5.8985 196.405083     1.8437 7.5211e+02     0.2432    94.1020 8.3028e-02 1.2996e+03  0.4026229      2.467    10.1790    317.808 -9.990e-29
      2.414     5.8988 196.393125     1.8437 7.5211e+02     0.2432    94.1020 8.3028e-02 1.2976e+03  0.4026229      2.462    10.1792    317.786 -9.990e-29
      2.408     5.8986 196.417040     1.8449 7.8231e+02     0.2432    94.1020 8.3028e-02 1.2976e+03  0.4026229      2.455    10.1873    317.827 -9.990e-29
      2.403     5.8991 196.381166     1.8449 7.9786e+02     0.2421    94.1281 8.1807e-02 1.2976e+03  0.4026229      2.450    10.1863    317.764 -9.990e-29
      2.399     5.8989 196.405083     1.8449 8.0011e+02     0.2432    94.1020 8.3028e-02 1.2976e+03  0.4026229      2.446    10.1867    317.804 -9.990e-29
      2.393     5.8993 196.393124     1.8437 8.2061e+02     0.2432    94.1020 8.3028e-02 1.2976e+03  0.4026229      2.440    10.1769    317.781 -9.990e-29
      2.387     5.8994 196.369207     1.8437 8.3692e+02     0.2421    94.1281 8.1807e-02 1.2976e+03  0.4026229      2.434    10.1762    317.741 -9.990e-29
      2.384     5.8994 196.452914     1.8437 8.3692e+02     0.2421    94.1281 8.1807e-02 1.2976e+03  0.4026229      2.431    10.1755    317.877 -9.990e-29
      2.381     5.8999 196.417039     1.8437 8.0011e+02     0.2421    94.1281 8.1807e-02 1.2976e+03  0.4026229      2.428    10.1758    317.813 -9.990e-29
      2.378     5.8996 196.345291     1.8437 7.6706e+02     0.2421    94.1281 8.1807e-02 1.2976e+03  0.4026229      2.425    10.1777    317.700 -9.990e-29
      2.374     5.9001 196.405081     1.8449 7.6062e+02     0.2432    94.1020 8.3028e-02 1.2976e+03  0.4026229      2.421    10.1869    317.792 -9.990e-29
      2.370     5.8999 196.333332     1.8437 7.4161e+02     0.2421    94.1281 8.3028e-02 1.2976e+03  0.4026229      2.417    10.1772    317.678 -9.990e-29
      2.368     5.8996 196.369207     1.8437 7.1298e+02     0.2421    94.1281 8.1807e-02 1.2976e+03  0.4030386      2.415    10.1778    317.739 -9.990e-29
      2.368     5.9001 196.428997     1.8437 7.0501e+02     0.2432    94.1020 8.0586e-02 1.2976e+03  0.4030386      2.415    10.1781    317.831 -9.990e-29
      2.366     5.8997 196.428998     1.8449 7.1700e+02     0.2432    94.1020 8.0586e-02 1.2976e+03  0.4030386      2.413    10.1875    317.835 -9.990e-29
      2.365     5.8991 196.393123     1.8449 7.3745e+02     0.2432    94.1020 8.1807e-02 1.2976e+03  0.4030386      2.412    10.1880    317.783 -9.990e-29
      2.364     5.8991 196.381166     1.8449 7.4370e+02     0.2421    94.1281 8.1807e-02 1.2976e+03  0.4030386      2.411    10.1883    317.764 -9.990e-29
      2.363     5.8986 196.417039     1.8437 7.3538e+02     0.2432    94.1020 8.1807e-02 1.2976e+03  0.4026229      2.410    10.1786    317.827 -9.990e-29
      2.363     5.8985 196.428998     1.8449 7.0501e+02     0.2432    94.1020 8.1807e-02 1.2976e+03  0.4030386      2.410    10.1878    317.847 -9.990e-29
      2.365     5.8988 196.428998     1.8437 6.9517e+02     0.2432    94.1020 8.1807e-02 1.2976e+03  0.4026229      2.412    10.1803    317.844 -9.990e-29
      2.365     5.8986 196.357250     1.8437 6.9517e+02     0.2421    94.1281 8.1807e-02 1.2976e+03  0.4030386      2.412    10.1806    317.730 -9.990e-29
      2.366     5.8993 196.357248     1.8437 7.0303e+02     0.2421    94.1281 8.1807e-02 1.2976e+03  0.4030386      2.413    10.1806    317.723 -9.990e-29
      2.367     5.8993 196.381165     1.8449 7.0501e+02     0.2432    94.1020 8.1807e-02 1.2996e+03  0.4030386      2.414    10.1884    317.762 -9.990e-29
      2.371     5.9002 196.369207     1.8449 7.0106e+02     0.2432    94.1020 8.1807e-02 1.2996e+03  0.4030386      2.418    10.1884    317.733 -9.990e-29
      2.375     5.9004 196.428996     1.8437 6.4073e+02     0.2432    94.1020 8.1807e-02 1.2996e+03  0.4030386      2.422    10.1785    317.828 -9.990e-29
      2.380     5.9009 196.428997     1.8437 6.1254e+02     0.2421    94.1281 8.3028e-02 1.2996e+03  0.4030386      2.427    10.1774    317.822 -9.990e-29
      2.386     5.9015 196.357248     1.8437 6.1082e+02     0.2432    94.1020 8.3028e-02 1.2996e+03  0.4030386      2.433    10.1775    317.700 -9.990e-29
      2.391     5.9018 196.417038     1.8437 6.4434e+02     0.2421    94.1281 8.3028e-02 1.2996e+03  0.4030386      2.438    10.1777    317.794 -9.990e-29
      2.397     5.9017 196.428996     1.8437 6.6645e+02     0.2432    94.1020 8.1807e-02 1.2996e+03  0.4030386      2.444    10.1780    317.814 -9.990e-29
      2.404     5.9020 196.393122     1.8425 6.7021e+02     0.2443    94.0758 8.1807e-02 1.2996e+03  0.4030386      2.451    10.1694    317.753 -9.990e-29
      2.412     5.9020 196.393122     1.8437 6.3178e+02     0.2432    94.1020 8.1807e-02 1.2996e+03  0.4030386      2.460    10.1787    317.753 -9.990e-29
      2.421     5.9018 196.345291     1.8437 5.9891e+02     0.2432    94.1020 8.1807e-02 1.2996e+03  0.4030386      2.469    10.1791    317.678 -9.990e-29
      2.428     5.9017 196.405081     1.8449 5.9388e+02     0.2432    94.1020 8.1807e-02 1.2996e+03  0.4030386      2.476    10.1870    317.776 -9.990e-29
      2.435     5.9013 196.381165     1.8449 5.9388e+02     0.2443    94.0758 8.0586e-02 1.2996e+03  0.4030386      2.483    10.1862    317.741 -9.990e-29
      2.441     5.9013 196.381165     1.8449 5.9388e+02     0.2432    94.1020 8.0586e-02 1.2996e+03  0.4030386      2.489    10.1864    317.741 -9.990e-29
      2.448     5.9007 196.393124     1.8437 5.9388e+02     0.2432    94.1020 8.0586e-02 1.2996e+03  0.4030386      2.496    10.1780    317.766 -9.990e-29
      2.455     5.9007 196.393123     1.8437 6.1254e+02     0.2443    94.0758 7.9365e-02 1.2996e+03  0.4030386      2.503    10.1758    317.766 -9.990e-29
      2.465     5.9007 196.417041     1.8449 6.4616e+02     0.2443    94.0758 8.0586e-02 1.2996e+03  0.4030386      2.514    10.1825    317.805 -9.990e-29
      2.473     5.9009 196.381167     1.8449 6.5530e+02     0.2432    94.1020 7.9365e-02 1.2996e+03  0.4030386      2.522    10.1816    317.745 -9.990e-29
      2.480     5.9004 196.417040     1.8449 6.7021e+02     0.2432    94.1020 8.0586e-02 1.2996e+03  0.4030386      2.529    10.1821    317.808 -9.990e-29
      2.488     5.9002 196.405083     1.8449 7.1499e+02     0.2432    94.1020 8.0586e-02 1.2996e+03  0.4034544      2.537    10.1827    317.791 -9.990e-29
      2.496     5.8994 196.393126     1.8437 7.3126e+02     0.2443    94.0758 8.0586e-02 1.2996e+03  0.4034544      2.545    10.1745    317.780 -9.990e-29
      2.503     5.8985 196.369211     1.8449 7.3126e+02     0.2432    94.1020 7.9365e-02 1.2996e+03  0.4034544      2.552    10.1830    317.750 -9.990e-29
      2.510     5.8973 196.381169     1.8449 7.2308e+02     0.2432    94.1020 7.9365e-02 1.2996e+03  0.4034544      2.559    10.1839    317.782 -9.990e-29
      2.517     5.8967 196.369211     1.8449 7.2105e+02     0.2432    94.1020 7.9365e-02 1.2996e+03  0.4034544      2.567    10.1822    317.769 -9.990e-29
      2.524     5.8960 196.381171     1.8437 7.2716e+02     0.2432    94.1020 7.9365e-02 1.2996e+03  0.4030386      2.574    10.1716    317.795 -9.990e-29
      2.529     5.8953 196.393129     1.8437 7.8672e+02     0.2432    94.1020 7.9365e-02 1.2996e+03  0.4034544      2.579    10.1712    317.822 -9.990e-29
      2.534     5.8949 196.393129     1.8437 8.1831e+02     0.2443    94.0758 8.0586e-02 1.2996e+03  0.4034544      2.584    10.1721    317.826 -9.990e-29
      2.538     5.8946 196.369214     1.8437 8.2061e+02     0.2432    94.1020 8.0586e-02 1.2996e+03  0.4034544      2.588    10.1730    317.791 -9.990e-29
      2.541     5.8943 196.405088     1.8437 7.9338e+02     0.2432    94.1020 8.1807e-02 1.2996e+03  0.4030386      2.591    10.1713    317.852 -9.990e-29
      2.543     5.8939 196.381172     1.8449 7.7792e+02     0.2432    94.1020 8.3028e-02 1.2996e+03  0.4030386      2.593    10.1812    317.817 -9.990e-29
      2.545     5.8939 196.429004     1.8437 7.7574e+02     0.2432    94.1020 8.3028e-02 1.2996e+03  0.4030386      2.595    10.1718    317.894 -9.990e-29
      2.548     5.8935 196.405089     1.8437 7.8011e+02     0.2432    94.1020 8.1807e-02 1.2996e+03  0.4034544      2.598    10.1702    317.860 -9.990e-29
      2.550     5.8933 196.369216     1.8437 7.8231e+02     0.2421    94.1281 8.1807e-02 1.2996e+03  0.4034544      2.600    10.1686    317.804 -9.990e-29
      2.551     5.8933 196.369214     1.8449 7.8231e+02     0.2432    94.1020 8.1807e-02 1.2996e+03  0.4034544      2.601    10.1746    317.804 -9.990e-29
      2.550     5.8935 196.333341     1.8449 7.6491e+02     0.2432    94.1020 8.1807e-02 1.2996e+03  0.4034544      2.600    10.1730    317.744 -9.990e-29
      2.549     5.8935 196.369213     1.8437 7.4579e+02     0.2432    94.1020 8.3028e-02 1.2996e+03  0.4034544      2.599    10.1625    317.802 -9.990e-29
      2.548     5.8934 196.369215     1.8437 7.4161e+02     0.2421    94.1281 8.3028e-02 1.2996e+03  0.4034544      2.598    10.1611    317.803 -9.990e-29
      2.547     5.8935 196.369214     1.8449 7.5848e+02     0.2432    94.1020 8.3028e-02 1.2996e+03  0.4034544      2.597    10.1699    317.802 -9.990e-29
      2.546     5.8935 196.429005     1.8437 7.8894e+02     0.2432    94.1020 8.3028e-02 1.2996e+03  0.4034544      2.596    10.1611    317.899 -9.990e-29
      2.543     5.8935 196.357257     1.8425 7.9562e+02     0.2432    94.1020 8.1807e-02 1.2996e+03  0.4034544      2.593    10.1498    317.782 -9.990e-29
      2.539     5.8939 196.357256     1.8425 7.5423e+02     0.2432    94.1020 8.3028e-02 1.2996e+03  0.4034544      2.589    10.1461    317.778 -9.990e-29
      2.533     5.8935 196.405089     1.8437 6.6458e+02     0.2432    94.1020 8.4249e-02 1.2996e+03  0.4034544      2.583    10.1529    317.860 -9.990e-29
      2.526     5.8936 196.393129     1.8437 6.4073e+02     0.2432    94.1020 8.4249e-02 1.2996e+03  0.4034544      2.576    10.1497    317.840 -9.990e-29
      2.520     5.8939 196.369213     1.8437 6.3178e+02     0.2432    94.1020 8.4249e-02 1.2996e+03  0.4034544      2.570    10.1467    317.798 -9.990e-29
      2.515     5.8947 196.405088     1.8437 5.9891e+02     0.2432    94.1020 8.3028e-02 1.2996e+03  0.4034544      2.565    10.1438    317.848 -9.990e-29
      2.508     5.8957 196.393128     1.8437 5.8724e+02     0.2432    94.1020 8.3028e-02 1.2996e+03  0.4034544      2.557    10.1398    317.818 -9.990e-29
      2.500     5.8965 196.393128     1.8437 5.9891e+02     0.2432    94.1020 8.3028e-02 1.2996e+03  0.4038701      2.549    10.1361    317.810 -9.990e-29
      2.492     5.8973 196.369211     1.8425 7.0106e+02     0.2432    94.1020 8.3028e-02 1.2996e+03  0.4038701      2.541    10.1238    317.763 -9.990e-29
      2.484     5.8985 196.297461     1.8425 7.5211e+02     0.2443    94.0758 8.3028e-02 1.2996e+03  0.4042859      2.533    10.1195    317.634 -9.990e-29
      2.477     5.8989 196.249630     1.8437 7.5000e+02     0.2421    94.1281 8.3028e-02 1.2996e+03  0.4038701      2.526    10.1233    317.553 -9.990e-29
      2.469     5.8996 196.177883     1.8437 6.6833e+02     0.2421    94.1281 8.3028e-02 1.2996e+03  0.4038701      2.518    10.1184    317.430 -9.990e-29
      2.459     5.8983 194.635468     1.8437 6.2648e+02     0.2432    94.1020 8.4249e-02 1.2996e+03  0.4038701      2.507    10.1145    314.947 -9.990e-29
      2.450     5.8959 193.487804     1.8425 6.2296e+02     0.2432    94.1020 8.4249e-02 1.2996e+03  0.4038701      2.498    10.1011    313.114 -9.990e-29
      2.440     5.8938 194.802851     1.8449 6.4434e+02     0.2421    94.1281 8.4249e-02 1.2996e+03  0.4042859      2.488    10.1157    315.264 -9.990e-29
