data/05_metadata_exports/SeabirdData/202305_SeabirdData/83317_stn43.cnv
* Sea-Bird SBE 9 Data File:
* FileName = C:\Users\rosette\Rosette Data\2023\Ontario CSMI\stn43.hex
* Software Version Seasave V 7.26.6.26
* Temperature SN = 5270
* Conductivity SN = 1168
* Number of Bytes Per Scan = 40
* Number of Voltage Words = 5
* Number of Scans Averaged by the Deck Unit = 1
* NMEA Latitude = 43 57.00 N
* NMEA Longitude = 078 02.98 W
* NMEA UTC (Time) = Oct 01 2003  21:08:02
* NMEA baud rate = 4800
** Ship: Lake Guardian
** Ontario CSMI LWFS
** Station:  stn43
# nquan = 14                                
# nvalues = 12195                       
# units = specified
# name 0 = prDM: Pressure, Digiquartz [db]
# name 1 = t090C: Temperature [ITS-90, deg C]
# name 2 = c0uS/cm: Conductivity [uS/cm]
# name 3 = sbeox0V: Oxygen raw, SBE 43 [V]
# name 4 = par: PAR/Irradiance, Biospherical/Licor
# name 5 = bat: Beam Attenuation, Chelsea/Seatech [1/m]
# name 6 = xmiss: Beam Transmission, Chelsea/Seatech [%]
# name 7 = flSP: Fluorescence, Seapoint
# name 8 = spar: SPAR, Biospherical/Licor
# name 9 = upoly0: Upoly 0, Suna Nitrate
# name 10 = depFM: Depth [fresh water, m], lat = 43.95
# name 11 = sbeox0Mg/L: Oxygen, SBE 43 [mg/l], WS = 2
# name 12 = specc: Specific Conductance [uS/cm]
# name 13 = flag: flag
# span 0 =     -0.226,     15.656       
# span 1 =     5.8460,     6.1204       
# span 2 =  15.627039, 237.987011       
# span 3 =     1.8327,     2.2161       
# span 4 = 7.8797e+01, 2.5482e+03       
# span 5 =     0.2365,     4.2837       
# span 6 =    34.2688,    94.2588       
# span 7 = 0.0000e+00, 1.4139e+00       
# span 8 = 1.2169e+03, 1.3272e+03       
# span 9 =  0.0741704,  0.4063647       
# span 10 =     -0.230,     15.965      
# span 11 =    10.0043,    13.3351      
# span 12 =     25.267,    383.700      
# span 13 = 0.0000e+00, 0.0000e+00      
# interval = seconds: 0.0416667
# start_time = Oct 01 2003 21:08:02 [NMEA time, header]
# bad_flag = -9.990e-29
*END*
[from data line 10839]
      5.345     5.8710 196.249703     2.1685 3.9391e+02     0.2443    94.0758 8.0586e-02 1.2248e+03  0.4022071      5.450    12.6052    317.840 0.0000e+00
      5.330     5.8712 196.213827     2.1685 3.8623e+02     0.2432    94.1020 8.0586e-02 1.2248e+03  0.4022071      5.435    12.6063    317.780 0.0000e+00
      5.315     5.8712 196.249701     2.1685 3.8191e+02     0.2443    94.0758 8.0586e-02 1.2248e+03  0.4022071      5.420    12.6048    317.838 0.0000e+00
      5.300     5.8709 196.273617     2.1685 3.8084e+02     0.2443    94.0758 8.0586e-02 1.2248e+03  0.4022071      5.404    12.6072    317.880 0.0000e+00
      5.284     5.8710 196.273616     2.1685 3.8515e+02     0.2443    94.0758 7.9365e-02 1.2248e+03  0.4022071      5.388    12.6070    317.879 0.0000e+00
      5.268     5.8710 196.273616     2.1685 3.8732e+02     0.2454    94.0497 7.9365e-02 1.2248e+03  0.4022071      5.372    12.6067    317.879 0.0000e+00
      5.251     5.8710 196.273615     2.1685 3.8732e+02     0.2443    94.0758 7.9365e-02 1.2248e+03  0.4022071      5.355    12.6052    317.879 0.0000e+00
      5.235     5.8710 196.297531     2.1697 3.9060e+02     0.2432    94.1020 8.1807e-02 1.2248e+03  0.4022071      5.338    12.6125    317.917 0.0000e+00
      5.220     5.8710 196.273615     2.1685 3.9502e+02     0.2432    94.1020 8.1807e-02 1.2248e+03  0.4022071      5.323    12.6045    317.879 0.0000e+00
      5.204     5.8712 196.225784     2.1697 3.9502e+02     0.2432    94.1020 8.0586e-02 1.2248e+03  0.4026229      5.307    12.6142    317.799 0.0000e+00
      5.188     5.8714 196.285572     2.1685 3.9060e+02     0.2432    94.1020 8.0586e-02 1.2248e+03  0.4030386      5.290    12.6048    317.894 0.0000e+00
      5.173     5.8710 196.309488     2.1685 3.8084e+02     0.2432    94.1020 8.1807e-02 1.2248e+03  0.4034544      5.275    12.6045    317.937 0.0000e+00
      5.157     5.8712 196.273614     2.1685 3.7870e+02     0.2432    94.1020 8.1807e-02 1.2248e+03  0.4034544      5.259    12.6052    317.877 0.0000e+00
      5.141     5.8709 196.261656     2.1685 3.8084e+02     0.2443    94.0758 8.3028e-02 1.2248e+03  0.4034544      5.242    12.6048    317.860 0.0000e+00
      5.126     5.8709 196.249697     2.1685 3.8515e+02     0.2432    94.1020 8.1807e-02 1.2248e+03  0.4034544      5.227    12.6044    317.841 0.0000e+00
      5.111     5.8709 196.249697     2.1685 3.8515e+02     0.2443    94.0758 8.0586e-02 1.2248e+03  0.4034544      5.212    12.6039    317.841 0.0000e+00
      5.096     5.8710 196.261655     2.1685 3.8950e+02     0.2432    94.1020 8.0586e-02 1.2248e+03  0.4034544      5.196    12.6033    317.859 0.0000e+00
      5.081     5.8712 196.273612     2.1685 4.1088e+02     0.2432    94.1020 7.9365e-02 1.2248e+03  0.4034544      5.181    12.6040    317.877 0.0000e+00
      5.066     5.8710 196.249696     2.1685 4.1905e+02     0.2432    94.1020 7.9365e-02 1.2248e+03  0.4034544      5.166    12.6036    317.840 0.0000e+00
      5.052     5.8709 196.249696     2.1685 4.2023e+02     0.2443    94.0758 7.9365e-02 1.2248e+03  0.4034544      5.152    12.6043    317.841 0.0000e+00
      5.038     5.8712 196.285570     2.1685 4.3343e+02     0.2443    94.0758 8.0586e-02 1.2248e+03  0.4034544      5.137    12.6036    317.896 0.0000e+00
      5.024     5.8715 196.237737     2.1685 4.3957e+02     0.2432    94.1020 8.0586e-02 1.2248e+03  0.4034544      5.123    12.6029    317.815 0.0000e+00
      5.011     5.8715 196.237737     2.1697 4.4081e+02     0.2443    94.0758 8.3028e-02 1.2248e+03  0.4034544      5.110    12.6124    317.815 0.0000e+00
      4.997     5.8718 196.261652     2.1685 4.2379e+02     0.2443    94.0758 8.3028e-02 1.2248e+03  0.4034544      5.096    12.6040    317.851 0.0000e+00
      4.984     5.8720 196.249693     2.1697 4.1436e+02     0.2443    94.0758 8.3028e-02 1.2248e+03  0.4034544      5.082    12.6134    317.830 0.0000e+00
      4.972     5.8720 196.285568     2.1697 4.1320e+02     0.2432    94.1020 8.3028e-02 1.2248e+03  0.4034544      5.070    12.6127    317.888 0.0000e+00
      4.960     5.8720 196.237736     2.1685 4.1320e+02     0.2454    94.0497 8.1807e-02 1.2248e+03  0.4034544      5.058    12.6030    317.810 0.0000e+00
      4.948     5.8722 196.249693     2.1697 4.1320e+02     0.2443    94.0758 8.0586e-02 1.2248e+03  0.4034544      5.046    12.6124    317.828 0.0000e+00
      4.936     5.8720 196.249693     2.1685 4.1204e+02     0.2443    94.0758 8.0586e-02 1.2248e+03  0.4034544      5.033    12.6040    317.830 0.0000e+00
      4.925     5.8720 196.261650     2.1685 4.2618e+02     0.2454    94.0497 8.1807e-02 1.2248e+03  0.4034544      5.022    12.6031    317.849 0.0000e+00
      4.915     5.8718 196.273609     2.1685 4.4081e+02     0.2443    94.0758 8.0586e-02 1.2248e+03  0.4034544      5.012    12.6023    317.870 0.0000e+00
      4.905     5.8715 196.225776     2.1685 4.4329e+02     0.2443    94.0758 7.9365e-02 1.2248e+03  0.4034544      5.002    12.6016    317.796 0.0000e+00
      4.897     5.8717 196.213820     2.1697 4.4454e+02     0.2454    94.0497 7.9365e-02 1.2248e+03  0.4034544      4.994    12.6121    317.775 0.0000e+00
      4.889     5.8718 196.249691     2.1697 4.4705e+02     0.2443    94.0758 8.0586e-02 1.2248e+03  0.4034544      4.985    12.6113    317.832 0.0000e+00
      4.881     5.8715 196.297525     2.1685 4.4831e+02     0.2454    94.0497 8.3028e-02 1.2248e+03  0.4034544      4.977    12.6029    317.912 0.0000e+00
      4.873     5.8717 196.237734     2.1685 4.4454e+02     0.2454    94.0497 8.3028e-02 1.2248e+03  0.4034544      4.969    12.6021    317.813 0.0000e+00
      4.866     5.8715 196.261649     2.1697 4.3588e+02     0.2454    94.0497 8.3028e-02 1.2248e+03  0.4038701      4.962    12.6102    317.854 -9.990e-29
      4.862     5.8718 196.273607     2.1685 4.3221e+02     0.2454    94.0497 8.4249e-02 1.2248e+03  0.4042859      4.958    12.6004    317.870 -9.990e-29
      4.859     5.8715 196.273608     2.1685 4.3343e+02     0.2454    94.0497 8.4249e-02 1.2248e+03  0.4042859      4.955    12.6010    317.874 -9.990e-29
      4.857     5.8720 196.297523     2.1685 4.3710e+02     0.2443    94.0758 8.4249e-02 1.2248e+03  0.4042859      4.953    12.6000    317.907 -9.990e-29
      4.856     5.8718 196.261650     2.1685 4.3833e+02     0.2432    94.1020 8.4249e-02 1.2248e+03  0.4042859      4.952    12.5992    317.851 -9.990e-29
      4.857     5.8720 196.249691     2.1697 4.3588e+02     0.2443    94.0758 8.3028e-02 1.2248e+03  0.4042859      4.953    12.6073    317.830 -9.990e-29
      4.858     5.8718 196.213819     2.1685 4.1436e+02     0.2443    94.0758 8.0586e-02 1.2248e+03  0.4042859      4.954    12.6001    317.774 -9.990e-29
      4.860     5.8717 196.213818     2.1697 4.0401e+02     0.2443    94.0758 7.9365e-02 1.2248e+03  0.4042859      4.956    12.6093    317.775 -9.990e-29
      4.862     5.8715 196.213819     2.1685 4.0401e+02     0.2443    94.0758 7.8144e-02 1.2248e+03  0.4042859      4.958    12.6008    317.777 -9.990e-29
      4.864     5.8714 196.249692     2.1685 3.9280e+02     0.2454    94.0497 7.8144e-02 1.2248e+03  0.4042859      4.960    12.5998    317.836 -9.990e-29
      4.869     5.8714 196.249692     2.1697 3.8623e+02     0.2454    94.0497 7.9365e-02 1.2248e+03  0.4042859      4.965    12.6076    317.836 -9.990e-29
      4.875     5.8714 196.249693     2.1697 3.8515e+02     0.2443    94.0758 8.1807e-02 1.2248e+03  0.4042859      4.971    12.6079    317.836 -9.990e-29
      4.882     5.8714 196.249693     2.1697 3.7658e+02     0.2443    94.0758 8.3028e-02 1.2248e+03  0.4042859      4.978    12.6069    317.836 -9.990e-29
      4.889     5.8709 196.249693     2.1685 3.7028e+02     0.2432    94.1020 8.1807e-02 1.2248e+03  0.4042859      4.985    12.5985    317.841 -9.990e-29
      4.895     5.8709 196.261651     2.1685 3.6924e+02     0.2432    94.1020 8.1807e-02 1.2248e+03  0.4042859      4.992    12.5989    317.860 -9.990e-29
      4.901     5.8709 196.297526     2.1697 3.6717e+02     0.2443    94.0758 8.3028e-02 1.2248e+03  0.4042859      4.998    12.6069    317.918 -9.990e-29
      4.906     5.8709 196.261651     2.1697 3.6613e+02     0.2443    94.0758 8.3028e-02 1.2248e+03  0.4042859      5.003    12.6086    317.860 -9.990e-29
      4.910     5.8709 196.249694     2.1685 3.6613e+02     0.2443    94.0758 8.3028e-02 1.2248e+03  0.4042859      5.007    12.5988    317.841 -9.990e-29
      4.915     5.8709 196.213818     2.1685 3.7132e+02     0.2443    94.0758 8.3028e-02 1.2248e+03  0.4042859      5.012    12.5980    317.783 -9.990e-29
      4.921     5.8709 196.285569     2.1685 3.7870e+02     0.2432    94.1020 8.4249e-02 1.2248e+03  0.4042859      5.018    12.5971    317.899 -9.990e-29
      4.926     5.8709 196.261651     2.1697 3.8084e+02     0.2443    94.0758 8.3028e-02 1.2248e+03  0.4042859      5.023    12.6064    317.860 -9.990e-29
      4.932     5.8707 196.261652     2.1685 3.8950e+02     0.2443    94.0758 8.3028e-02 1.2248e+03  0.4042859      5.029    12.5979    317.862 -9.990e-29
      4.938     5.8709 196.273609     2.1685 4.0628e+02     0.2443    94.0758 8.1807e-02 1.2268e+03  0.4042859      5.035    12.5983    317.880 -9.990e-29
      4.944     5.8707 196.237737     2.1685 4.1204e+02     0.2443    94.0758 8.1807e-02 1.2248e+03  0.4042859      5.041    12.5975    317.824 -9.990e-29
      4.950     5.8709 196.237736     2.1685 4.1905e+02     0.2432    94.1020 8.1807e-02 1.2248e+03  0.4042859      5.048    12.5966    317.822 -9.990e-29
      4.954     5.8709 196.213822     2.1685 4.4454e+02     0.2443    94.0758 8.0586e-02 1.2268e+03  0.4042859      5.052    12.5971    317.783 -9.990e-29
      4.957     5.8707 196.213821     2.1697 4.5338e+02     0.2443    94.0758 8.1807e-02 1.2268e+03  0.4042859      5.055    12.6065    317.785 -9.990e-29
      4.960     5.8706 196.237737     2.1685 4.5465e+02     0.2443    94.0758 8.3028e-02 1.2268e+03  0.4042859      5.058    12.5968    317.825 -9.990e-29
      4.963     5.8707 196.249694     2.1685 4.6239e+02     0.2443    94.0758 8.3028e-02 1.2268e+03  0.4042859      5.061    12.5960    317.843 -9.990e-29
      4.968     5.8709 196.309485     2.1685 4.6500e+02     0.2454    94.0497 8.3028e-02 1.2268e+03  0.4042859      5.066    12.5951    317.938 -9.990e-29
      4.972     5.8707 196.261652     2.1709 4.6500e+02     0.2443    94.0758 8.4249e-02 1.2268e+03  0.4042859      5.070    12.6147    317.862 -9.990e-29
      4.975     5.8709 196.261653     2.1697 4.6500e+02     0.2443    94.0758 8.4249e-02 1.2268e+03  0.4042859      5.073    12.6061    317.860 -9.990e-29
      4.978     5.8707 196.225779     2.1697 4.6500e+02     0.2432    94.1020 8.4249e-02 1.2268e+03  0.4042859      5.076    12.6066    317.804 -9.990e-29
      4.982     5.8710 196.285569     2.1685 4.6500e+02     0.2432    94.1020 8.4249e-02 1.2268e+03  0.4042859      5.080    12.5980    317.898 -9.990e-29
      4.985     5.8709 196.321443     2.1685 4.7291e+02     0.2432    94.1020 8.5470e-02 1.2268e+03  0.4042859      5.083    12.5972    317.957 -9.990e-29
      4.987     5.8710 196.285569     2.1685 4.7826e+02     0.2443    94.0758 8.6691e-02 1.2268e+03  0.4042859      5.085    12.5988    317.898 -9.990e-29
      4.989     5.8712 196.249695     2.1685 4.7826e+02     0.2443    94.0758 8.7912e-02 1.2268e+03  0.4042859      5.087    12.6004    317.838 -9.990e-29
      4.989     5.8710 196.285569     2.1685 4.8231e+02     0.2432    94.1020 8.9133e-02 1.2268e+03  0.4042859      5.087    12.6009    317.898 -9.990e-29
      4.989     5.8710 196.321443     2.1685 4.8640e+02     0.2443    94.0758 8.9133e-02 1.2268e+03  0.4042859      5.087    12.6001    317.956 -9.990e-29
      4.989     5.8709 196.261652     2.1685 4.8640e+02     0.2432    94.1020 8.9133e-02 1.2268e+03  0.4042859      5.087    12.5993    317.860 -9.990e-29
      4.990     5.8709 196.261653     2.1697 4.7291e+02     0.2443    94.0758 8.9133e-02 1.2268e+03  0.4042859      5.088    12.6099    317.860 -9.990e-29
      4.991     5.8710 196.249695     2.1685 4.5722e+02     0.2432    94.1020 8.7912e-02 1.2268e+03  0.4042859      5.089    12.6027    317.840 -9.990e-29
      4.991     5.8707 196.213822     2.1685 4.5338e+02     0.2432    94.1020 8.7912e-02 1.2268e+03  0.4042859      5.089    12.6032    317.785 -9.990e-29
      4.990     5.8707 196.297527     2.1685 4.5211e+02     0.2432    94.1020 8.7912e-02 1.2268e+03  0.4042859      5.088    12.6035    317.921 -9.990e-29
      4.989     5.8707 196.225780     2.1697 4.4705e+02     0.2443    94.0758 8.9133e-02 1.2268e+03  0.4042859      5.087    12.6115    317.804 -9.990e-29
      4.987     5.8709 196.249695     2.1685 4.4705e+02     0.2443    94.0758 8.7912e-02 1.2268e+03  0.4042859      5.085    12.6041    317.841 -9.990e-29
      4.984     5.8709 196.225779     2.1685 4.4579e+02     0.2443    94.0758 8.7912e-02 1.2268e+03  0.4042859      5.082    12.6044    317.802 -9.990e-29
      4.981     5.8709 196.213821     2.1685 4.4329e+02     0.2443    94.0758 8.6691e-02 1.2268e+03  0.4042859      5.079    12.6035    317.783 -9.990e-29
      4.979     5.8707 196.261653     2.1685 4.4205e+02     0.2443    94.0758 8.6691e-02 1.2268e+03  0.4042859      5.077    12.6025    317.862 -9.990e-29
      4.977     5.8710 196.225779     2.1685 4.3465e+02     0.2443    94.0758 8.7912e-02 1.2268e+03  0.4042859      5.075    12.6014    317.801 -9.990e-29
      4.975     5.8709 196.249695     2.1697 4.0401e+02     0.2443    94.0758 9.0354e-02 1.2268e+03  0.4042859      5.073    12.6119    317.841 -9.990e-29
      4.972     5.8709 196.273611     2.1685 3.9280e+02     0.2443    94.0758 9.0354e-02 1.2268e+03  0.4042859      5.070    12.6044    317.880 -9.990e-29
      4.968     5.8712 196.273610     2.1685 3.9391e+02     0.2432    94.1020 9.0354e-02 1.2268e+03  0.4042859      5.066    12.6045    317.877 -9.990e-29
      4.964     5.8711 196.249694     2.1685 4.0174e+02     0.2432    94.1020 9.0354e-02 1.2268e+03  0.4042859      5.062    12.6046    317.839 -9.990e-29
      4.961     5.8710 196.261653     2.1697 4.0628e+02     0.2432    94.1020 8.9133e-02 1.2268e+03  0.4038701      5.059    12.6123    317.859 -9.990e-29
      4.957     5.8707 196.249694     2.1697 4.0514e+02     0.2432    94.1020 8.7912e-02 1.2287e+03  0.4030386      5.055    12.6151    317.843 -9.990e-29
      4.953     5.8709 196.261652     2.1685 4.0061e+02     0.2432    94.1020 8.7912e-02 1.2287e+03  0.4030386      5.051    12.6075    317.860 -9.990e-29
      4.950     5.8709 196.309484     2.1697 3.9725e+02     0.2432    94.1020 8.7912e-02 1.2287e+03  0.4030386      5.048    12.6165    317.938 -9.990e-29
      4.947     5.8710 196.285568     2.1685 3.9725e+02     0.2443    94.0758 8.7912e-02 1.2268e+03  0.4030386      5.045    12.6065    317.898 -9.990e-29
      4.943     5.8709 196.249694     2.1697 3.9280e+02     0.2432    94.1020 8.7912e-02 1.2287e+03  0.4030386      5.040    12.6144    317.841 -9.990e-29
      4.939     5.8710 196.213821     2.1697 3.8841e+02     0.2432    94.1020 8.9133e-02 1.2268e+03  0.4030386      5.036    12.6145    317.782 -9.990e-29
      4.935     5.8707 196.249694     2.1685 3.8732e+02     0.2432    94.1020 8.7912e-02 1.2268e+03  0.4034544      5.032    12.6058    317.843 -9.990e-29
      4.930     5.8710 196.309484     2.1685 4.1670e+02     0.2432    94.1020 8.4249e-02 1.2268e+03  0.4030386      5.027    12.6045    317.937 -9.990e-29
      4.925     5.8709 196.261651     2.1685 4.5084e+02     0.2443    94.0758 8.3028e-02 1.2268e+03  0.4030386      5.022    12.6033    317.860 -9.990e-29
      4.921     5.8709 196.249694     2.1697 4.5851e+02     0.2432    94.1020 8.3028e-02 1.2268e+03  0.4030386      5.018    12.6110    317.841 -9.990e-29
      4.916     5.8710 196.249694     2.1697 4.7424e+02     0.2432    94.1020 8.3028e-02 1.2268e+03  0.4030386      5.013    12.6123    317.840 -9.990e-29
