data/05_metadata_exports/SeabirdData/202305_SeabirdData/83310_stn49.cnv
* Sea-Bird SBE 9 Data File:
* FileName = C:\Users\rosette\Rosette Data\2023\Ontario CSMI\stn49.hex
* Software Version Seasave V 7.26.6.26
* Temperature SN = 5270
* Conductivity SN = 1168
* Number of Bytes Per Scan = 40
* Number of Voltage Words = 5
* Number of Scans Averaged by the Deck Unit = 1
* NMEA Latitude = 43 46.27 N
* NMEA Longitude = 077 26.30 W
* NMEA UTC (Time) = Oct 01 2003  18:10:57
* NMEA baud rate = 4800
** Ship: Lake Guardian
** Ontario CSMI LWFS
** Station:  stn49
# nquan = 14                                
# nvalues = 14754                       
# units = specified
# name 0 = prDM: Pressure, Digiquartz [db]
# name 1 = t090C: Temperature [ITS-90, deg C]
# name 2 = c0uS/cm: Conductivity [uS/cm]
# name 3 = sbeox0V: Oxygen raw, SBE 43 [V]
# name 4 = par: PAR/Irradiance, Biospherical/Licor
# name 5 = bat: Beam Attenuation, Chelsea/Seatech [1/m]
# name 6 = xmiss: Beam Transmission, Chelsea/Seatech [%]
# name 7 = flSP: Fluorescence, Seapoint
# name 8 = spar: SPAR, Biospherical/Licor
# name 9 = upoly0: Upoly 0, Suna Nitrate
# name 10 = depFM: Depth [fresh water, m], lat = 43.7712
# name 11 = sbeox0Mg/L: Oxygen, SBE 43 [mg/l], WS = 2
# name 12 = specc: Specific Conductance [uS/cm]
# name 13 = flag: flag
# span 0 =     -0.322,     45.897       
# span 1 =     3.9485,     7.9923       
# span 2 =-107.683897, 307.130543       
# span 3 =     1.7680,     2.3846       
# span 4 = 6.0709e+00, 4.3231e+03       
# span 5 =     0.0028,     2.4975       
# span 6 =    53.5597,    99.9311       
# span 7 = 0.0000e+00, 5.1526e-01       
# span 8 = 1.7131e+03, 1.7683e+03       
# span 9 =  0.0745862,  0.4088593       
# span 10 =     -0.328,     46.802      
# span 11 =     9.0609,    14.1423      
# span 12 =   -169.794,    487.463      
# span 13 = 0.0000e+00, 0.0000e+00      
# interval = seconds: 0.0416667
# start_time = Oct 01 2003 18:10:57 [NMEA time, header]
# bad_flag = -9.990e-29
*END*
[from data line 4955]
      3.022     7.9456 207.555831     2.2137 2.5117e+02     0.3014    92.7427 9.1575e-02 1.7624e+03  0.4047017      3.082    12.2242    314.980 0.0000e+00
      3.040     7.9471 207.579776     2.2149 2.4976e+02     0.3025    92.7166 8.9133e-02 1.7624e+03  0.4047017      3.100    12.2315    315.002 0.0000e+00
      3.058     7.9487 207.591750     2.2137 2.7872e+02     0.3025    92.7166 8.6691e-02 1.7624e+03  0.4047017      3.118    12.2219    315.004 0.0000e+00
      3.076     7.9494 207.603722     2.2137 2.9818e+02     0.3036    92.6904 8.5470e-02 1.7624e+03  0.4047017      3.137    12.2198    315.016 0.0000e+00
      3.094     7.9507 207.639643     2.2137 2.9986e+02     0.3036    92.6904 8.5470e-02 1.7643e+03  0.4047017      3.155    12.2186    315.058 0.0000e+00
      3.112     7.9526 207.663589     2.2149 3.2352e+02     0.3036    92.6904 8.7912e-02 1.7624e+03  0.4047017      3.173    12.2268    315.076 0.0000e+00
      3.129     7.9549 207.699508     2.2149 3.4417e+02     0.3025    92.7166 9.1575e-02 1.7624e+03  0.4047017      3.191    12.2263    315.109 0.0000e+00
      3.146     7.9560 207.675561     2.2137 3.4806e+02     0.3036    92.6904 9.5238e-02 1.7643e+03  0.4034544      3.208    12.2179    315.062 0.0000e+00
      3.164     7.9564 207.663587     2.2137 3.2995e+02     0.3036    92.6904 9.2796e-02 1.7643e+03  0.4034544      3.226    12.2180    315.040 0.0000e+00
      3.182     7.9573 207.639640     2.2137 3.1103e+02     0.3014    92.7427 9.0354e-02 1.7643e+03  0.4030386      3.245    12.2179    314.995 0.0000e+00
      3.201     7.9575 207.639641     2.2149 3.0668e+02     0.3036    92.6904 8.9133e-02 1.7643e+03  0.4030386      3.264    12.2264    314.993 0.0000e+00
      3.218     7.9576 207.687535     2.2137 2.8506e+02     0.3025    92.7166 8.7912e-02 1.7643e+03  0.4030386      3.281    12.2182    315.065 0.0000e+00
      3.235     7.9572 207.699509     2.2137 2.5259e+02     0.3025    92.7166 8.9133e-02 1.7643e+03  0.4034544      3.299    12.2174    315.087 0.0000e+00
      3.252     7.9578 207.651614     2.2137 2.4489e+02     0.3036    92.6904 9.0354e-02 1.7643e+03  0.4034544      3.316    12.2163    315.008 0.0000e+00
      3.269     7.9583 207.651615     2.2137 2.4627e+02     0.3025    92.7166 9.0354e-02 1.7643e+03  0.4034544      3.333    12.2153    315.003 0.0000e+00
      3.285     7.9586 207.639642     2.2149 2.4766e+02     0.3036    92.6904 8.6691e-02 1.7643e+03  0.4034544      3.350    12.2227    314.982 0.0000e+00
      3.301     7.9585 207.651615     2.2149 2.4836e+02     0.3025    92.7166 8.4249e-02 1.7643e+03  0.4034544      3.366    12.2240    315.002 0.0000e+00
      3.317     7.9586 207.663589     2.2149 2.7482e+02     0.3025    92.7166 8.3028e-02 1.7643e+03  0.4034544      3.382    12.2230    315.019 0.0000e+00
      3.333     7.9585 207.735430     2.2149 4.1436e+02     0.3036    92.6904 8.3028e-02 1.7643e+03  0.4034544      3.399    12.2222    315.129 0.0000e+00
      3.350     7.9583 207.687537     2.2137 4.8367e+02     0.3036    92.6904 8.6691e-02 1.7643e+03  0.4034544      3.416    12.2129    315.058 0.0000e+00
      3.368     7.9580 207.615697     2.2149 4.9607e+02     0.3025    92.7166 8.9133e-02 1.7643e+03  0.4034544      3.434    12.2206    314.952 0.0000e+00
      3.386     7.9580 207.603723     2.2137 5.8395e+02     0.3002    92.7689 9.0354e-02 1.7624e+03  0.4034544      3.453    12.2124    314.934 0.0000e+00
      3.403     7.9583 207.579776     2.2137 6.3001e+02     0.2991    92.7950 8.9133e-02 1.7624e+03  0.4034544      3.470    12.2116    314.894 0.0000e+00
      3.420     7.9588 207.687539     2.2149 6.3535e+02     0.2991    92.7950 8.7912e-02 1.7624e+03  0.4034544      3.487    12.2190    315.053 0.0000e+00
      3.437     7.9592 207.651617     2.2149 6.7970e+02     0.3002    92.7689 8.7912e-02 1.7624e+03  0.4034544      3.505    12.2181    314.995 0.0000e+00
      3.454     7.9581 207.639645     2.2149 7.0898e+02     0.2991    92.7950 8.5470e-02 1.7624e+03  0.4034544      3.522    12.2177    314.987 0.0000e+00
      3.471     7.9546 207.603727     2.2149 7.1298e+02     0.2991    92.7950 8.4249e-02 1.7624e+03  0.4030386      3.539    12.2203    314.966 0.0000e+00
      3.489     7.9512 207.603730     2.2137 4.3343e+02     0.2991    92.7950 8.4249e-02 1.7624e+03  0.4034544      3.558    12.2133    314.999 0.0000e+00
      3.506     7.9473 207.543865     2.2137 3.0155e+02     0.3002    92.7689 8.7912e-02 1.7624e+03  0.4034544      3.575    12.2137    314.945 0.0000e+00
      3.523     7.9439 207.519922     2.2137 2.8506e+02     0.3002    92.7689 8.9133e-02 1.7624e+03  0.4034544      3.592    12.2140    314.941 0.0000e+00
      3.538     7.9417 207.519923     2.2149 2.4906e+02     0.2991    92.7950 8.6691e-02 1.7624e+03  0.4034544      3.608    12.2234    314.962 0.0000e+00
      3.554     7.9403 207.555844     2.2149 2.1578e+02     0.2991    92.7950 8.4249e-02 1.7624e+03  0.4034544      3.624    12.2242    315.030 0.0000e+00
      3.571     7.9410 207.543871     2.2149 2.0920e+02     0.3002    92.7689 8.3028e-02 1.7624e+03  0.4034544      3.641    12.2222    315.005 0.0000e+00
      3.589     7.9444 207.651630     2.2149 2.0169e+02     0.2991    92.7950 8.4249e-02 1.7624e+03  0.4042859      3.660    12.2204    315.136 0.0000e+00
      3.606     7.9469 207.627682     2.2137 1.9119e+02     0.3002    92.7689 8.4249e-02 1.7624e+03  0.4051174      3.677    12.2105    315.076 0.0000e+00
      3.624     7.9475 207.603734     2.2149 1.8852e+02     0.2991    92.7950 8.4249e-02 1.7624e+03  0.4051174      3.695    12.2191    315.034 0.0000e+00
      3.642     7.9456 207.603738     2.2137 2.0056e+02     0.3002    92.7689 8.4249e-02 1.7624e+03  0.4051174      3.714    12.2118    315.052 0.0000e+00
      3.659     7.9444 207.591764     2.2137 2.2826e+02     0.3002    92.7689 8.3028e-02 1.7624e+03  0.4051174      3.731    12.2115    315.046 0.0000e+00
      3.676     7.9439 207.531898     2.2137 2.3676e+02     0.2991    92.7950 8.5470e-02 1.7624e+03  0.4051174      3.748    12.2110    314.960 0.0000e+00
      3.694     7.9438 207.579792     2.2137 2.4079e+02     0.3002    92.7689 8.9133e-02 1.7624e+03  0.4051174      3.767    12.2103    315.033 0.0000e+00
      3.711     7.9422 207.555846     2.2149 2.5544e+02     0.2991    92.7950 8.9133e-02 1.7624e+03  0.4051174      3.784    12.2197    315.012 0.0000e+00
      3.729     7.9403 207.579795     2.2137 2.6052e+02     0.2980    92.8211 8.7912e-02 1.7643e+03  0.4051174      3.803    12.2134    315.067 0.0000e+00
      3.746     7.9386 207.579797     2.2137 2.5906e+02     0.2969    92.8473 8.5470e-02 1.7643e+03  0.4051174      3.820    12.2155    315.083 0.0000e+00
      3.763     7.9374 207.531904     2.2137 2.4836e+02     0.2980    92.8211 8.5470e-02 1.7643e+03  0.4051174      3.837    12.2164    315.022 0.0000e+00
      3.780     7.9376 207.531904     2.2125 2.4283e+02     0.2980    92.8211 8.5470e-02 1.7643e+03  0.4051174      3.855    12.2073    315.020 0.0000e+00
      3.797     7.9374 207.567824     2.2137 2.4283e+02     0.2969    92.8473 8.5470e-02 1.7624e+03  0.4051174      3.872    12.2152    315.076 0.0000e+00
      3.815     7.9346 207.555855     2.2137 2.3544e+02     0.2969    92.8473 8.7912e-02 1.7643e+03  0.4051174      3.890    12.2156    315.085 0.0000e+00
      3.833     7.9345 207.543880     2.2137 2.3150e+02     0.2980    92.8211 8.7912e-02 1.7643e+03  0.4051174      3.909    12.2152    315.068 0.0000e+00
      3.851     7.9346 207.472041     2.2137 2.3085e+02     0.2969    92.8473 8.5470e-02 1.7624e+03  0.4051174      3.927    12.2157    314.958 0.0000e+00
      3.869     7.9333 207.519936     2.2137 2.2069e+02     0.2969    92.8473 8.4249e-02 1.7624e+03  0.4051174      3.945    12.2168    315.043 0.0000e+00
      3.886     7.9318 207.519936     2.2149 2.1396e+02     0.2969    92.8473 8.5470e-02 1.7624e+03  0.4051174      3.963    12.2264    315.057 0.0000e+00
      3.905     7.9315 207.472044     2.2149 2.1336e+02     0.2969    92.8473 8.6691e-02 1.7624e+03  0.4051174      3.982    12.2283    314.987 0.0000e+00
      3.923     7.9329 207.519937     2.2137 2.1457e+02     0.2969    92.8473 8.7912e-02 1.7624e+03  0.4051174      4.000    12.2201    315.047 0.0000e+00
      3.941     7.9359 207.543881     2.2137 2.1517e+02     0.2969    92.8473 9.0354e-02 1.7624e+03  0.4051174      4.019    12.2188    315.054 0.0000e+00
      3.961     7.9382 207.567828     2.2137 2.1517e+02     0.2969    92.8473 9.2796e-02 1.7624e+03  0.4051174      4.039    12.2176    315.069 0.0000e+00
      3.981     7.9409 207.603746     2.2137 2.2069e+02     0.2969    92.8473 9.2796e-02 1.7624e+03  0.4051174      4.059    12.2174    315.097 0.0000e+00
      4.000     7.9437 207.603746     2.2125 2.2762e+02     0.2969    92.8473 9.1575e-02 1.7643e+03  0.4051174      4.079    12.2088    315.070 0.0000e+00
      4.018     7.9465 207.603743     2.2137 2.2891e+02     0.2980    92.8211 9.0354e-02 1.7624e+03  0.4051174      4.097    12.2171    315.044 0.0000e+00
      4.037     7.9486 207.603742     2.2137 2.2826e+02     0.2969    92.8473 8.9133e-02 1.7643e+03  0.4051174      4.117    12.2172    315.024 0.0000e+00
      4.056     7.9486 207.579796     2.2137 2.2698e+02     0.2980    92.8211 8.9133e-02 1.7643e+03  0.4055332      4.136    12.2170    314.987 0.0000e+00
      4.075     7.9473 207.531903     2.2149 2.2634e+02     0.2980    92.8211 8.9133e-02 1.7624e+03  0.4059490      4.155    12.2267    314.927 0.0000e+00
      4.093     7.9442 207.579801     2.2137 2.3346e+02     0.2991    92.7950 8.9133e-02 1.7643e+03  0.4059490      4.174    12.2191    315.029 0.0000e+00
      4.111     7.9396 207.555856     2.2137 2.5330e+02     0.3002    92.7689 8.9133e-02 1.7643e+03  0.4059490      4.192    12.2204    315.037 0.0000e+00
      4.128     7.9348 207.472047     2.2137 2.6052e+02     0.2991    92.7950 8.9133e-02 1.7643e+03  0.4059490      4.209    12.2218    314.956 0.0000e+00
      4.145     7.9333 207.507967     2.2137 2.7175e+02     0.2991    92.7950 8.7912e-02 1.7643e+03  0.4059490      4.227    12.2221    315.025 0.0000e+00
      4.163     7.9307 207.424157     2.2149 3.3368e+02     0.3002    92.7689 8.6691e-02 1.7643e+03  0.4059490      4.245    12.2312    314.922 0.0000e+00
      4.179     7.9292 207.484024     2.2149 3.6204e+02     0.3002    92.7689 8.6691e-02 1.7643e+03  0.4063647      4.261    12.2316    315.027 0.0000e+00
      4.196     7.9292 207.531918     2.2137 3.5598e+02     0.3002    92.7689 8.7912e-02 1.7643e+03  0.4059490      4.279    12.2231    315.100 0.0000e+00
      4.214     7.9311 207.615731     2.2137 2.9155e+02     0.2991    92.7950 9.2796e-02 1.7643e+03  0.4059490      4.297    12.2223    315.209 0.0000e+00
      4.231     7.9313 207.519945     2.2125 2.6570e+02     0.3002    92.7689 9.4017e-02 1.7643e+03  0.4059490      4.314    12.2126    315.062 0.0000e+00
      4.246     7.9311 207.555865     2.2137 2.6273e+02     0.3002    92.7689 9.4017e-02 1.7643e+03  0.4059490      4.330    12.2199    315.118 0.0000e+00
      4.262     7.9316 207.615731     2.2137 2.2826e+02     0.3002    92.7689 9.1575e-02 1.7643e+03  0.4059490      4.346    12.2196    315.204 0.0000e+00
      4.278     7.9334 207.591785     2.2137 2.0861e+02     0.3002    92.7689 9.0354e-02 1.7643e+03  0.4059490      4.362    12.2189    315.151 0.0000e+00
      4.293     7.9347 207.507969     2.2137 2.0628e+02     0.3002    92.7689 9.6459e-02 1.7643e+03  0.4063647      4.378    12.2184    315.011 0.0000e+00
      4.309     7.9362 207.507969     2.2137 1.9610e+02     0.2991    92.7950 9.5238e-02 1.7643e+03  0.4063647      4.394    12.2178    314.997 0.0000e+00
      4.325     7.9371 207.555862     2.2149 1.8747e+02     0.3002    92.7689 9.5238e-02 1.7643e+03  0.4063647      4.410    12.2269    315.061 0.0000e+00
      4.341     7.9367 207.543890     2.2149 1.8589e+02     0.2991    92.7950 9.5238e-02 1.7643e+03  0.4063647      4.427    12.2281    315.047 0.0000e+00
      4.355     7.9369 207.567836     2.2137 1.8329e+02     0.3002    92.7689 9.2796e-02 1.7624e+03  0.4059490      4.441    12.2196    315.081 0.0000e+00
      4.370     7.9385 207.579809     2.2137 1.7972e+02     0.2991    92.7950 9.1575e-02 1.7624e+03  0.4059490      4.456    12.2201    315.084 0.0000e+00
      4.385     7.9398 207.579809     2.2137 1.7921e+02     0.2991    92.7950 8.7912e-02 1.7624e+03  0.4059490      4.471    12.2196    315.071 0.0000e+00
      4.400     7.9406 207.543887     2.2137 1.7921e+02     0.3002    92.7689 8.7912e-02 1.7624e+03  0.4063647      4.487    12.2193    315.009 0.0000e+00
      4.415     7.9426 207.651648     2.2137 1.7871e+02     0.2991    92.7950 8.6691e-02 1.7624e+03  0.4063647      4.502    12.2175    315.154 0.0000e+00
      4.430     7.9439 207.567833     2.2137 1.7871e+02     0.2980    92.8211 8.5470e-02 1.7624e+03  0.4063647      4.517    12.2169    315.014 0.0000e+00
      4.445     7.9452 207.579806     2.2137 1.7972e+02     0.2980    92.8211 8.5470e-02 1.7624e+03  0.4063647      4.533    12.2164    315.020 0.0000e+00
      4.460     7.9466 207.627700     2.2137 1.8124e+02     0.2969    92.8473 8.5470e-02 1.7624e+03  0.4063647      4.548    12.2158    315.079 0.0000e+00
      4.475     7.9469 207.591778     2.2137 1.8175e+02     0.2980    92.8211 8.5470e-02 1.7624e+03  0.4063647      4.563    12.2167    315.022 0.0000e+00
      4.492     7.9478 207.615725     2.2137 1.8023e+02     0.2980    92.8211 8.4249e-02 1.7624e+03  0.4059490      4.581    12.2164    315.049 0.0000e+00
      4.510     7.9496 207.639672     2.2137 1.7473e+02     0.2980    92.8211 8.4249e-02 1.7624e+03  0.4059490      4.599    12.2157    315.069 0.0000e+00
      4.527     7.9504 207.651645     2.2137 1.7278e+02     0.2980    92.8211 8.5470e-02 1.7624e+03  0.4059490      4.616    12.2154    315.079 0.0000e+00
      4.542     7.9513 207.663618     2.2125 1.7229e+02     0.2969    92.8473 8.4249e-02 1.7624e+03  0.4059490      4.632    12.2066    315.089 0.0000e+00
      4.557     7.9523 207.639671     2.2137 1.6846e+02     0.2980    92.8211 8.3028e-02 1.7624e+03  0.4059490      4.647    12.2158    315.043 0.0000e+00
      4.573     7.9529 207.639670     2.2137 1.6657e+02     0.2980    92.8211 8.3028e-02 1.7624e+03  0.4059490      4.663    12.2167    315.037 0.0000e+00
      4.589     7.9538 207.699539     2.2137 1.6657e+02     0.2980    92.8211 8.4249e-02 1.7624e+03  0.4059490      4.679    12.2164    315.119 0.0000e+00
      4.605     7.9541 207.627697     2.2137 1.6564e+02     0.2969    92.8473 8.1807e-02 1.7624e+03  0.4059490      4.696    12.2163    315.007 0.0000e+00
      4.621     7.9551 207.687563     2.2125 1.6471e+02     0.2969    92.8473 8.1807e-02 1.7624e+03  0.4059490      4.712    12.2065    315.089 0.0000e+00
      4.638     7.9557 207.627697     2.2137 1.6471e+02     0.2980    92.8211 8.0586e-02 1.7643e+03  0.4059490      4.729    12.2147    314.992 0.0000e+00
      4.655     7.9561 207.579803     2.2137 1.6471e+02     0.2980    92.8211 8.0586e-02 1.7643e+03  0.4059490      4.747    12.2146    314.916 0.0000e+00
      4.671     7.9563 207.591776     2.2137 1.6425e+02     0.2980    92.8211 8.3028e-02 1.7643e+03  0.4059490      4.763    12.2155    314.932 0.0000e+00
      4.688     7.9562 207.639670     2.2137 1.6425e+02     0.2969    92.8473 8.3028e-02 1.7643e+03  0.4059490      4.780    12.2155    315.005 0.0000e+00
      4.705     7.9562 207.687566     2.2137 1.6564e+02     0.2991    92.7950 8.3028e-02 1.7643e+03  0.4059490      4.798    12.2154    315.078 0.0000e+00
      4.722     7.9561 207.615724     2.2137 1.6657e+02     0.2980    92.8211 8.4249e-02 1.7643e+03  0.4059490      4.815    12.2165    314.970 0.0000e+00
      4.740     7.9560 207.663619     2.2137 1.6657e+02     0.2969    92.8473 8.6691e-02 1.7643e+03  0.4059490      4.833    12.2177    315.044 0.0000e+00
      4.758     7.9561 207.663620     2.2149 1.6751e+02     0.2957    92.8734 8.6691e-02 1.7643e+03  0.4059490      4.852    12.2261    315.043 0.0000e+00
