data/05_metadata_exports/SeabirdData/202305_SeabirdData/83310_stn49.cnv
* Sea-Bird SBE 9 Data File:
* FileName = C:\Users\rosette\Rosette Data\2023\Ontario CSMI\stn49.hex
* Software Version Seasave V 7.26.6.26
* Temperature SN = 5270
* Conductivity SN = 1168
* Number of Bytes Per Scan = 40
* Number of Voltage Words = 5
* Number of Scans Averaged by the Deck Unit = 1
* NMEA Latitude = 43 46.27 N
* NMEA Longitude = 077 26.30 W
* NMEA UTC (Time) = Oct 01 2003  18:10:57
* NMEA baud rate = 4800
** Ship: Lake Guardian
** Ontario CSMI LWFS
** Station:  stn49
# nquan = 14                                
# nvalues = 14754                       
# units = specified
# name 0 = prDM: Pressure, Digiquartz [db]
# name 1 = t090C: Temperature [ITS-90, deg C]
# name 2 = c0uS/cm: Conductivity [uS/cm]
# name 3 = sbeox0V: Oxygen raw, SBE 43 [V]
# name 4 = par: PAR/Irradiance, Biospherical/Licor
# name 5 = bat: Beam Attenuation, Chelsea/Seatech [1/m]
# name 6 = xmiss: Beam Transmission, Chelsea/Seatech [%]
# name 7 = flSP: Fluorescence, Seapoint
# name 8 = spar: SPAR, Biospherical/Licor
# name 9 = upoly0: Upoly 0, Suna Nitrate
# name 10 = depFM: Depth [fresh water, m], lat = 43.7712
# name 11 = sbeox0Mg/L: Oxygen, SBE 43 [mg/l], WS = 2
# name 12 = specc: Specific Conductance [uS/cm]
# name 13 = flag: flag
# span 0 =     -0.322,     45.897       
# span 1 =     3.9485,     7.9923       
# span 2 =-107.683897, 307.130543       
# span 3 =     1.7680,     2.3846       
# span 4 = 6.0709e+00, 4.3231e+03       
# span 5 =     0.0028,     2.4975       
# span 6 =    53.5597,    99.9311       
# span 7 = 0.0000e+00, 5.1526e-01       
# span 8 = 1.7131e+03, 1.7683e+03       
# span 9 =  0.0745862,  0.4088593       
# span 10 =     -0.328,     46.802      
# span 11 =     9.0609,    14.1423      
# span 12 =   -169.794,    487.463      
# span 13 = 0.0000e+00, 0.0000e+00      
# interval = seconds: 0.0416667
# start_time = Oct 01 2003 18:10:57 [NMEA time, header]
# bad_flag = -9.990e-29
*END*
[from data line 9394]
     45.854     3.9516 183.024314     2.1270 6.1584e+00     0.0981    97.5785 9.0354e-02 1.7643e+03  0.3984652     46.758    13.0648    316.076 -9.990e-29
     45.854     3.9517 183.048192     2.1270 6.1584e+00     0.0981    97.5785 8.6691e-02 1.7643e+03  0.3984652     46.758    13.0643    316.116 -9.990e-29
     45.854     3.9518 183.024314     2.1270 6.1584e+00     0.0981    97.5785 8.0586e-02 1.7643e+03  0.3984652     46.758    13.0637    316.074 -9.990e-29
     45.854     3.9516 183.048193     2.1282 6.1584e+00     0.0981    97.5785 7.5702e-02 1.7643e+03  0.3984652     46.758    13.0728    316.118 -9.990e-29
     45.853     3.9518 183.084012     2.1270 6.1760e+00     0.0981    97.5785 7.2039e-02 1.7663e+03  0.3984652     46.757    13.0628    316.177 -9.990e-29
     45.853     3.9522 183.072072     2.1270 6.1760e+00     0.0981    97.5785 7.0818e-02 1.7663e+03  0.3984652     46.757    13.0636    316.152 -9.990e-29
     45.853     3.9523 183.072073     2.1270 6.1760e+00     0.0970    97.6047 6.9597e-02 1.7663e+03  0.3984652     46.757    13.0645    316.151 -9.990e-29
     45.852     3.9522 183.095951     2.1270 6.1760e+00     0.0970    97.6047 7.2039e-02 1.7663e+03  0.3984652     46.756    13.0653    316.194 -9.990e-29
     45.850     3.9522 183.072072     2.1282 6.1760e+00     0.0970    97.6047 7.4481e-02 1.7663e+03  0.3984652     46.754    13.0756    316.152 -9.990e-29
     45.849     3.9522 183.060132     2.1270 6.1760e+00     0.0970    97.6047 7.4481e-02 1.7663e+03  0.3984652     46.753    13.0654    316.132 -9.990e-29
     45.847     3.9525 183.095951     2.1270 6.1584e+00     0.0981    97.5785 7.5702e-02 1.7643e+03  0.3984652     46.751    13.0660    316.190 -9.990e-29
     45.847     3.9530 183.036252     2.1270 6.1584e+00     0.0981    97.5785 7.5702e-02 1.7643e+03  0.3984652     46.751    13.0680    316.082 -9.990e-29
     45.846     3.9534 183.036252     2.1270 6.1584e+00     0.0959    97.6308 7.4481e-02 1.7643e+03  0.3984652     46.750    13.0685    316.077 -9.990e-29
     45.845     3.9536 183.036252     2.1282 6.1584e+00     0.0970    97.6047 7.0818e-02 1.7643e+03  0.3988810     46.749    13.0785    316.075 -9.990e-29
     45.845     3.9538 183.131770     2.1270 6.1760e+00     0.0981    97.5785 6.9597e-02 1.7663e+03  0.3988810     46.749    13.0695    316.238 -9.990e-29
     45.844     3.9537 183.095950     2.1270 6.1584e+00     0.0970    97.6047 7.0818e-02 1.7663e+03  0.3988810     46.748    13.0670    316.177 -9.990e-29
     45.844     3.9536 183.048192     2.1270 6.1760e+00     0.0970    97.6047 6.9597e-02 1.7663e+03  0.3984652     46.748    13.0690    316.096 -9.990e-29
     45.844     3.9536 183.036252     2.1270 6.1584e+00     0.0981    97.5785 6.8376e-02 1.7663e+03  0.3984652     46.748    13.0680    316.075 -9.990e-29
     45.843     3.9536 183.084011     2.1282 6.1760e+00     0.0970    97.6047 7.3260e-02 1.7663e+03  0.3984652     46.747    13.0779    316.158 -9.990e-29
     45.843     3.9532 183.060132     2.1282 6.1760e+00     0.0981    97.5785 8.1807e-02 1.7663e+03  0.3984652     46.747    13.0784    316.121 -9.990e-29
     45.842     3.9528 183.060132     2.1282 6.1760e+00     0.0981    97.5785 8.5470e-02 1.7663e+03  0.3988810     46.746    13.0759    316.125 -9.990e-29
     45.842     3.9526 183.072071     2.1270 6.1760e+00     0.0981    97.5785 8.6691e-02 1.7663e+03  0.3988810     46.746    13.0682    316.148 -9.990e-29
     45.842     3.9526 183.036252     2.1270 6.1760e+00     0.0981    97.5785 8.4249e-02 1.7663e+03  0.3984652     46.746    13.0683    316.086 -9.990e-29
     45.841     3.9527 183.012373     2.1270 6.1937e+00     0.0981    97.5785 8.0586e-02 1.7663e+03  0.3984652     46.745    13.0699    316.044 -9.990e-29
     45.840     3.9528 183.084011     2.1282 6.1760e+00     0.0981    97.5785 8.1807e-02 1.7663e+03  0.3984652     46.744    13.0779    316.166 -9.990e-29
     45.838     3.9525 183.036252     2.1270 6.1760e+00     0.0981    97.5785 8.4249e-02 1.7663e+03  0.3984652     46.742    13.0686    316.087 -9.990e-29
     45.836     3.9522 183.119831     2.1270 6.1760e+00     0.0981    97.5785 8.6691e-02 1.7663e+03  0.3988810     46.740    13.0687    316.235 -9.990e-29
     45.835     3.9524 183.119830     2.1270 6.1760e+00     0.0970    97.6047 8.6691e-02 1.7663e+03  0.3988810     46.739    13.0686    316.233 -9.990e-29
     45.835     3.9522 183.036253     2.1270 6.1760e+00     0.0970    97.6047 8.3028e-02 1.7663e+03  0.3988810     46.739    13.0700    316.090 -9.990e-29
     45.836     3.9520 183.048192     2.1282 6.1760e+00     0.0981    97.5785 7.8144e-02 1.7663e+03  0.3984652     46.740    13.0795    316.113 -9.990e-29
     45.836     3.9518 183.072072     2.1282 6.1760e+00     0.0981    97.5785 7.4481e-02 1.7663e+03  0.3988810     46.740    13.0779    316.157 -9.990e-29
     45.835     3.9521 183.060132     2.1282 6.1760e+00     0.0981    97.5785 7.2039e-02 1.7663e+03  0.3988810     46.739    13.0761    316.133 -9.990e-29
     45.834     3.9523 183.048192     2.1282 6.1760e+00     0.0981    97.5785 7.2039e-02 1.7663e+03  0.3988810     46.738    13.0759    316.110 -9.990e-29
     45.831     3.9525 183.084011     2.1270 6.1937e+00     0.0991    97.5524 7.5702e-02 1.7663e+03  0.3984652     46.735    13.0676    316.170 -9.990e-29
     45.829     3.9522 183.060131     2.1282 6.1937e+00     0.0981    97.5785 7.8144e-02 1.7663e+03  0.3988810     46.733    13.0769    316.132 -9.990e-29
     45.828     3.9521 183.048192     2.1282 6.1937e+00     0.0981    97.5785 8.1807e-02 1.7663e+03  0.3988810     46.732    13.0752    316.112 -9.990e-29
     45.826     3.9520 183.048192     2.1282 6.1760e+00     0.0981    97.5785 8.1807e-02 1.7663e+03  0.3988810     46.730    13.0750    316.113 -9.990e-29
     45.824     3.9518 183.048191     2.1282 6.1760e+00     0.0991    97.5524 7.8144e-02 1.7663e+03  0.3988810     46.727    13.0747    316.115 -9.990e-29
     45.823     3.9517 183.048193     2.1282 6.1937e+00     0.0981    97.5785 7.5702e-02 1.7663e+03  0.3988810     46.726    13.0758    316.116 -9.990e-29
     45.822     3.9521 183.012372     2.1270 6.1937e+00     0.0991    97.5524 7.8144e-02 1.7663e+03  0.3988810     46.725    13.0658    316.050 -9.990e-29
     45.822     3.9518 183.024313     2.1282 6.1937e+00     0.0991    97.5524 8.0586e-02 1.7643e+03  0.3976337     46.725    13.0748    316.074 -9.990e-29
     45.822     3.9520 183.036253     2.1270 6.1937e+00     0.0991    97.5524 7.9365e-02 1.7643e+03  0.3968022     46.725    13.0633    316.093 -9.990e-29
     45.820     3.9518 183.048192     2.1282 6.1937e+00     0.0991    97.5524 7.5702e-02 1.7643e+03  0.3968022     46.723    13.0723    316.115 -9.990e-29
     45.819     3.9521 183.012373     2.1282 6.1937e+00     0.1045    97.4217 7.3260e-02 1.7643e+03  0.3968022     46.722    13.0731    316.050 -9.990e-29
     45.817     3.9520 182.952674     2.1270 6.1937e+00     0.1109    97.2649 7.2039e-02 1.7643e+03  0.3968022     46.720    13.0646    315.948 -9.990e-29
     45.817     3.9518 182.988494     2.1294 6.1760e+00     0.1131    97.2126 6.9597e-02 1.7643e+03  0.3968022     46.720    13.0845    316.012 -9.990e-29
     45.815     3.9522 183.048191     2.1282 6.1760e+00     0.1142    97.1864 6.8376e-02 1.7643e+03  0.3968022     46.718    13.0728    316.111 -9.990e-29
     45.814     3.9521 183.024313     2.1282 6.1760e+00     0.1131    97.2126 7.2039e-02 1.7643e+03  0.3972179     46.717    13.0708    316.071 -9.990e-29
     45.812     3.9518 183.048191     2.1270 6.1760e+00     0.1142    97.1864 7.3260e-02 1.7643e+03  0.3968022     46.715    13.0608    316.115 -9.990e-29
     45.810     3.9518 183.048193     2.1282 6.1937e+00     0.1142    97.1864 7.3260e-02 1.7643e+03  0.3972179     46.713    13.0711    316.115 -9.990e-29
     45.808     3.9522 183.048191     2.1282 6.1937e+00     0.1152    97.1603 7.0818e-02 1.7643e+03  0.3968022     46.711    13.0703    316.111 -9.990e-29
     45.806     3.9521 183.048191     2.1282 6.1937e+00     0.1174    97.1080 7.0818e-02 1.7663e+03  0.3968022     46.709    13.0682    316.112 -9.990e-29
     45.805     3.9518 183.012372     2.1282 6.1937e+00     0.1174    97.1080 7.0818e-02 1.7643e+03  0.3968022     46.708    13.0675    316.054 -9.990e-29
     45.804     3.9516 183.072072     2.1282 6.1937e+00     0.1163    97.1342 7.3260e-02 1.7663e+03  0.3972179     46.707    13.0668    316.159 -9.990e-29
     45.802     3.9517 183.060131     2.1270 6.1937e+00     0.1174    97.1080 7.3260e-02 1.7663e+03  0.3972179     46.705    13.0580    316.137 -9.990e-29
     45.800     3.9517 183.048192     2.1270 6.1760e+00     0.1195    97.0557 7.3260e-02 1.7663e+03  0.3968022     46.703    13.0587    316.116 -9.990e-29
     45.799     3.9519 183.060131     2.1282 6.1937e+00     0.1195    97.0557 7.2039e-02 1.7663e+03  0.3968022     46.702    13.0672    316.135 -9.990e-29
     45.798     3.9518 183.084011     2.1282 6.1937e+00     0.1195    97.0557 7.3260e-02 1.7663e+03  0.3968022     46.701    13.0666    316.177 -9.990e-29
     45.799     3.9522 183.024312     2.1282 6.1760e+00     0.1195    97.0557 7.2039e-02 1.7663e+03  0.3968022     46.702    13.0671    316.070 -9.990e-29
     45.799     3.9522 183.084012     2.1270 6.1937e+00     0.1195    97.0557 7.0818e-02 1.7663e+03  0.3968022     46.702    13.0583    316.173 -9.990e-29
     45.797     3.9521 183.060131     2.1282 6.1937e+00     0.1195    97.0557 7.0818e-02 1.7663e+03  0.3972179     46.700    13.0685    316.133 -9.990e-29
     45.795     3.9522 183.012372     2.1282 6.1937e+00     0.1195    97.0557 6.9597e-02 1.7663e+03  0.3968022     46.698    13.0691    316.049 -9.990e-29
     45.794     3.9520 183.072071     2.1282 6.1937e+00     0.1195    97.0557 7.0818e-02 1.7663e+03  0.3968022     46.697    13.0699    316.154 -9.990e-29
     45.792     3.9520 183.060131     2.1282 6.1937e+00     0.1163    97.1342 7.4481e-02 1.7663e+03  0.3968022     46.695    13.0705    316.134 -9.990e-29
     45.792     3.9518 183.060131     2.1282 6.2115e+00     0.1174    97.1080 8.1807e-02 1.7663e+03  0.3972179     46.695    13.0712    316.136 -9.990e-29
     45.791     3.9518 183.107890     2.1270 6.2115e+00     0.1185    97.0819 8.7912e-02 1.7663e+03  0.3976337     46.694    13.0623    316.218 -9.990e-29
     45.790     3.9520 183.072071     2.1282 6.2115e+00     0.1206    97.0296 8.9133e-02 1.7663e+03  0.3976337     46.693    13.0707    316.154 -9.990e-29
     45.789     3.9520 183.095950     2.1282 6.2115e+00     0.1206    97.0296 8.7912e-02 1.7663e+03  0.3976337     46.692    13.0712    316.196 -9.990e-29
     45.789     3.9524 183.036252     2.1282 6.2115e+00     0.1195    97.0557 8.6691e-02 1.7663e+03  0.3976337     46.692    13.0715    316.088 -9.990e-29
     45.788     3.9522 183.084011     2.1282 6.2115e+00     0.1152    97.1603 8.4249e-02 1.7663e+03  0.3976337     46.691    13.0720    316.173 -9.990e-29
     45.788     3.9523 183.060130     2.1270 6.2293e+00     0.1109    97.2649 7.9365e-02 1.7663e+03  0.3976337     46.691    13.0644    316.131 -9.990e-29
     45.789     3.9528 183.048192     2.1270 6.2293e+00     0.1077    97.3433 7.5702e-02 1.7663e+03  0.3976337     46.692    13.0646    316.104 -9.990e-29
     45.790     3.9530 183.060131     2.1282 6.2293e+00     0.1045    97.4217 7.5702e-02 1.7663e+03  0.3976337     46.693    13.0744    316.123 -9.990e-29
     45.789     3.9530 183.072070     2.1282 6.2293e+00     0.1045    97.4217 7.8144e-02 1.7663e+03  0.3976337     46.692    13.0734    316.144 -9.990e-29
     45.788     3.9526 183.024312     2.1282 6.2293e+00     0.1077    97.3433 8.1807e-02 1.7663e+03  0.3976337     46.691    13.0724    316.065 -9.990e-29
     45.789     3.9525 183.024311     2.1270 6.2293e+00     0.1120    97.2387 8.4249e-02 1.7663e+03  0.3976337     46.692    13.0634    316.067 -9.990e-29
     45.790     3.9525 183.036252     2.1282 6.2293e+00     0.1195    97.0557 8.0586e-02 1.7663e+03  0.3976337     46.693    13.0733    316.087 -9.990e-29
     45.791     3.9522 183.084011     2.1282 6.2293e+00     0.1206    97.0296 7.6923e-02 1.7663e+03  0.3976337     46.694    13.0738    316.173 -9.990e-29
     45.791     3.9523 183.107890     2.1282 6.2293e+00     0.1217    97.0035 7.5702e-02 1.7663e+03  0.3976337     46.694    13.0742    316.213 -9.990e-29
     45.792     3.9520 183.072071     2.1282 6.2293e+00     0.1217    97.0035 7.5702e-02 1.7663e+03  0.3976337     46.695    13.0733    316.154 -9.990e-29
     45.792     3.9523 183.036252     2.1270 6.2293e+00     0.1217    97.0035 8.0586e-02 1.7663e+03  0.3976337     46.695    13.0640    316.089 -9.990e-29
     45.792     3.9520 183.036252     2.1270 6.2293e+00     0.1206    97.0296 9.0354e-02 1.7663e+03  0.3976337     46.695    13.0643    316.093 -9.990e-29
     45.793     3.9523 183.012372     2.1294 6.2293e+00     0.1239    96.9512 8.9133e-02 1.7663e+03  0.3976337     46.696    13.0834    316.048 -9.990e-29
     45.794     3.9518 183.012373     2.1282 6.2471e+00     0.1249    96.9250 8.1807e-02 1.7663e+03  0.3976337     46.697    13.0744    316.054 -9.990e-29
     45.795     3.9521 183.024312     2.1282 6.2293e+00     0.1260    96.8989 7.5702e-02 1.7663e+03  0.3976337     46.698    13.0730    316.071 -9.990e-29
     45.796     3.9518 183.036252     2.1282 6.2293e+00     0.1271    96.8728 7.3260e-02 1.7663e+03  0.3976337     46.699    13.0747    316.095 -9.990e-29
     45.798     3.9518 183.048191     2.1282 6.2293e+00     0.1271    96.8728 7.3260e-02 1.7663e+03  0.3976337     46.701    13.0763    316.115 -9.990e-29
     45.800     3.9520 183.060132     2.1282 6.2293e+00     0.1292    96.8205 7.2039e-02 1.7663e+03  0.3976337     46.703    13.0763    316.134 -9.990e-29
     45.801     3.9522 183.048191     2.1294 6.2293e+00     0.1282    96.8466 6.9597e-02 1.7663e+03  0.3976337     46.704    13.0857    316.111 -9.990e-29
     45.801     3.9518 183.048192     2.1282 6.2293e+00     0.1271    96.8728 6.9597e-02 1.7663e+03  0.3976337     46.704    13.0765    316.115 -9.990e-29
     45.801     3.9522 183.048191     2.1282 6.2293e+00     0.1099    97.2910 7.4481e-02 1.7663e+03  0.3976337     46.704    13.0734    316.111 -9.990e-29
     45.802     3.9526 183.012373     2.1282 6.2115e+00     0.0981    97.5785 8.4249e-02 1.7663e+03  0.3980495     46.705    13.0734    316.045 -9.990e-29
     45.803     3.9525 183.036250     2.1282 6.2293e+00     0.0959    97.6308 9.4017e-02 1.7663e+03  0.3984652     46.706    13.0734    316.087 -9.990e-29
     45.805     3.9524 183.048192     2.1294 6.2293e+00     0.0981    97.5785 9.7680e-02 1.7663e+03  0.3992968     46.708    13.0816    316.109 -9.990e-29
     45.808     3.9520 183.107890     2.1282 6.2293e+00     0.0981    97.5785 9.0354e-02 1.7663e+03  0.3992968     46.711    13.0724    316.216 -9.990e-29
     45.810     3.9516 183.036253     2.1282 6.2293e+00     0.0991    97.5524 8.6691e-02 1.7663e+03  0.3992968     46.713    13.0697    316.097 -9.990e-29
     45.811     3.9516 183.012373     2.1282 6.2115e+00     0.0981    97.5785 9.1575e-02 1.7663e+03  0.3992968     46.714    13.0668    316.056 -9.990e-29
     45.812     3.9514 183.048193     2.1282 6.2293e+00     0.0981    97.5785 9.1575e-02 1.7663e+03  0.3992968     46.715    13.0670    316.120 -9.990e-29
     45.813     3.9517 183.060131     2.1270 6.2115e+00     0.0970    97.6047 8.6691e-02 1.7663e+03  0.3992968     46.716    13.0576    316.137 -9.990e-29
     45.814     3.9518 183.000433     2.1282 6.2115e+00     0.0981    97.5785 9.2796e-02 1.7663e+03  0.3997125     46.717    13.0671    316.033 -9.990e-29
     45.816     3.9516 183.048193     2.1282 6.2115e+00     0.0981    97.5785 9.5238e-02 1.7663e+03  0.3992968     46.719    13.0658    316.118 -9.990e-29
     45.817     3.9514 183.024313     2.1282 6.1937e+00     0.0981    97.5785 9.1575e-02 1.7663e+03  0.3992968     46.720    13.0674    316.079 -9.990e-29
