data/05_metadata_exports/SeabirdData/202305_SeabirdData/83310_stn49.cnv
* Sea-Bird SBE 9 Data File:
* FileName = C:\Users\rosette\Rosette Data\2023\Ontario CSMI\stn49.hex
* Software Version Seasave V 7.26.6.26
* Temperature SN = 5270
* Conductivity SN = 1168
* Number of Bytes Per Scan = 40
* Number of Voltage Words = 5
* Number of Scans Averaged by the Deck Unit = 1
* NMEA Latitude = 43 46.27 N
* NMEA Longitude = 077 26.30 W
* NMEA UTC (Time) = Oct 01 2003  18:10:57
* NMEA baud rate = 4800
** Ship: Lake Guardian
** Ontario CSMI LWFS
** Station:  stn49
# nquan = 14                                
# nvalues = 14754                       
# units = specified
# name 0 = prDM: Pressure, Digiquartz [db]
# name 1 = t090C: Temperature [ITS-90, deg C]
# name 2 = c0uS/cm: Conductivity [uS/cm]
# name 3 = sbeox0V: Oxygen raw, SBE 43 [V]
# name 4 = par: PAR/Irradiance, Biospherical/Licor
# name 5 = bat: Beam Attenuation, Chelsea/Seatech [1/m]
# name 6 = xmiss: Beam Transmission, Chelsea/Seatech [%]
# name 7 = flSP: Fluorescence, Seapoint
# name 8 = spar: SPAR, Biospherical/Licor
# name 9 = upoly0: Upoly 0, Suna Nitrate
# name 10 = depFM: Depth [fresh water, m], lat = 43.7712
# name 11 = sbeox0Mg/L: Oxygen, SBE 43 [mg/l], WS = 2
# name 12 = specc: Specific Conductance [uS/cm]
# name 13 = flag: flag
# span 0 =     -0.322,     45.897       
# span 1 =     3.9485,     7.9923       
# span 2 =-107.683897, 307.130543       
# span 3 =     1.7680,     2.3846       
# span 4 = 6.0709e+00, 4.3231e+03       
# span 5 =     0.0028,     2.4975       
# span 6 =    53.5597,    99.9311       
# span 7 = 0.0000e+00, 5.1526e-01       
# span 8 = 1.7131e+03, 1.7683e+03       
# span 9 =  0.0745862,  0.4088593       
# span 10 =     -0.328,     46.802      
# span 11 =     9.0609,    14.1423      
# span 12 =   -169.794,    487.463      
# span 13 = 0.0000e+00, 0.0000e+00      
# interval = seconds: 0.0416667
# start_time = Oct 01 2003 18:10:57 [NMEA time, header]
# bad_flag = -9.990e-29
*END*
[from data line 3510]
      2.809     7.6402 204.132309     1.8315 9.8795e+02     0.2935    92.9257 6.3492e-02 1.7584e+03  0.4042859      2.864     9.5870    312.683 -9.990e-29
      2.812     7.6429 204.132306     1.8303 9.4183e+02     0.2924    92.9518 6.2271e-02 1.7584e+03  0.4042859      2.867     9.5763    312.657 -9.990e-29
      2.814     7.6482 204.132304     1.8303 8.8285e+02     0.2935    92.9257 6.1050e-02 1.7584e+03  0.4042859      2.869     9.5735    312.607 -9.990e-29
      2.816     7.6563 204.180172     1.8315 8.7053e+02     0.2935    92.9257 6.2271e-02 1.7584e+03  0.4042859      2.872     9.5786    312.602 -9.990e-29
      2.819     7.6662 204.192134     1.8303 7.3745e+02     0.2935    92.9257 6.3492e-02 1.7604e+03  0.4042859      2.875     9.5664    312.526 -9.990e-29
      2.822     7.6780 204.216065     1.8303 5.2624e+02     0.2924    92.9518 6.3492e-02 1.7604e+03  0.4042859      2.878     9.5613    312.450 -9.990e-29
      2.826     7.6911 204.192119     1.8303 4.7692e+02     0.2924    92.9518 6.2271e-02 1.7604e+03  0.4047017      2.882     9.5572    312.288 -9.990e-29
      2.827     7.7053 204.192109     1.8303 4.5465e+02     0.2924    92.9518 6.2271e-02 1.7604e+03  0.4042859      2.883     9.5519    312.152 -9.990e-29
      2.829     7.7203 204.120286     1.8303 3.8406e+02     0.2935    92.9257 6.2271e-02 1.7604e+03  0.4042859      2.885     9.5477    311.899 -9.990e-29
      2.830     7.7341 204.192090     1.8303 3.6204e+02     0.2935    92.9257 6.4713e-02 1.7604e+03  0.4042859      2.886     9.5428    311.877 -9.990e-29
      2.833     7.7483 204.227986     1.8303 3.7552e+02     0.2935    92.9257 6.5934e-02 1.7604e+03  0.4042859      2.889     9.5381    311.797 -9.990e-29
      2.835     7.7652 204.192071     1.8291 4.6109e+02     0.2946    92.8996 6.4713e-02 1.7604e+03  0.4047017      2.891     9.5255    311.581 -9.990e-29
      2.837     7.7843 204.263869     1.8303 5.0309e+02     0.2957    92.8734 6.2271e-02 1.7604e+03  0.4042859      2.893     9.5283    311.509 -9.990e-29
      2.839     7.8031 204.239921     1.8303 4.9468e+02     0.2969    92.8473 6.3492e-02 1.7604e+03  0.4042859      2.895     9.5230    311.294 -9.990e-29
      2.840     7.8208 204.227938     1.8291 3.7764e+02     0.2969    92.8473 6.5934e-02 1.7604e+03  0.4042859      2.896     9.5097    311.108 -9.990e-29
      2.841     7.8364 204.251867     1.8291 3.2902e+02     0.2969    92.8473 7.0818e-02 1.7604e+03  0.4047017      2.897     9.5056    310.997 -9.990e-29
      2.842     7.8494 204.227921     1.8291 3.2534e+02     0.2957    92.8734 7.8144e-02 1.7604e+03  0.4005440      2.898     9.5002    310.837 -9.990e-29
      2.841     7.8608 204.299725     1.8291 3.1190e+02     0.2957    92.8734 8.3028e-02 1.7624e+03  0.3880712      2.897     9.4966    310.838 -9.990e-29
      2.842     7.8695 204.251845     1.8291 3.0325e+02     0.2957    92.8734 8.1807e-02 1.7624e+03  0.3830820      2.898     9.4928    310.683 -9.990e-29
      2.843     7.8764 204.227902     1.8291 3.0071e+02     0.2969    92.8473 7.8144e-02 1.7604e+03  0.3830820      2.899     9.4897    310.582 -9.990e-29
      2.844     7.8822 204.251837     1.8278 4.0628e+02     0.2957    92.8734 7.4481e-02 1.7604e+03  0.3839135      2.900     9.4780    310.563 -9.990e-29
      2.843     7.8861 204.227895     1.8278 5.2921e+02     0.2969    92.8473 7.3260e-02 1.7604e+03  0.3839135      2.899     9.4761    310.490 -9.990e-29
      2.842     7.8893 204.263800     1.8278 5.5357e+02     0.2957    92.8734 7.0818e-02 1.7604e+03  0.3839135      2.898     9.4735    310.514 -9.990e-29
      2.843     7.8914 204.239861     1.8291 7.0303e+02     0.2957    92.8734 6.8376e-02 1.7604e+03  0.3839135      2.899     9.4817    310.458 -9.990e-29
      2.843     7.8922 204.227892     1.8278 9.4715e+02     0.2957    92.8734 6.7155e-02 1.7604e+03  0.3839135      2.899     9.4722    310.432 -9.990e-29
      2.843     7.8923 204.227892     1.8278 1.0133e+03     0.2969    92.8473 6.7155e-02 1.7604e+03  0.3839135      2.899     9.4712    310.432 -9.990e-29
      2.843     7.8908 204.251830     1.8278 9.0803e+02     0.2946    92.8996 7.2039e-02 1.7604e+03  0.3839135      2.899     9.4709    310.482 -9.990e-29
      2.843     7.8889 204.227894     1.8278 7.6062e+02     0.2969    92.8473 7.8144e-02 1.7604e+03  0.3839135      2.899     9.4698    310.464 -9.990e-29
      2.842     7.8857 204.191990     1.8278 7.2716e+02     0.2969    92.8473 7.6923e-02 1.7604e+03  0.3839135      2.898     9.4705    310.439 -9.990e-29
      2.841     7.8822 204.191992     1.8266 7.3332e+02     0.2969    92.8473 7.4481e-02 1.7604e+03  0.3834978      2.897     9.4620    310.472 -9.990e-29
      2.840     7.8781 204.191995     1.8266 7.4161e+02     0.2957    92.8734 7.6923e-02 1.7604e+03  0.3839135      2.896     9.4611    310.511 -9.990e-29
      2.839     7.8737 204.168060     1.8266 7.4579e+02     0.2946    92.8996 7.6923e-02 1.7604e+03  0.3839135      2.895     9.4607    310.516 -9.990e-29
      2.837     7.8686 204.215939     1.8278 7.3126e+02     0.2935    92.9257 7.3260e-02 1.7604e+03  0.3839135      2.893     9.4692    310.637 -9.990e-29
      2.836     7.8633 204.180035     1.8266 6.7589e+02     0.2935    92.9257 6.9597e-02 1.7604e+03  0.3839135      2.892     9.4612    310.633 -9.990e-29
      2.835     7.8555 204.180041     1.8266 6.5715e+02     0.2924    92.9518 6.8376e-02 1.7604e+03  0.3839135      2.891     9.4626    310.706 -9.990e-29
      2.835     7.8427 204.168081     1.8266 6.3893e+02     0.2946    92.8996 6.7155e-02 1.7604e+03  0.3839135      2.891     9.4656    310.809 -9.990e-29
      2.834     7.8257 204.239905     1.8266 5.0027e+02     0.2935    92.9257 6.5934e-02 1.7604e+03  0.3839135      2.890     9.4688    311.080 -9.990e-29
      2.832     7.8064 204.263855     1.8266 4.4454e+02     0.2935    92.9257 6.5934e-02 1.7604e+03  0.3839135      2.888     9.4740    311.299 -9.990e-29
      2.830     7.7867 204.192054     1.8266 4.3957e+02     0.2935    92.9257 6.5934e-02 1.7604e+03  0.3839135      2.886     9.4786    311.377 -9.990e-29
      2.830     7.7680 204.180099     1.8254 3.8084e+02     0.2924    92.9518 6.8376e-02 1.7604e+03  0.3839135      2.886     9.4736    311.536 -9.990e-29
      2.828     7.7503 204.168142     1.8242 3.5002e+02     0.2946    92.8996 7.0818e-02 1.7604e+03  0.3839135      2.884     9.4688    311.687 -9.990e-29
      2.827     7.7333 204.168152     1.8254 3.4708e+02     0.2946    92.8996 7.0818e-02 1.7604e+03  0.3839135      2.883     9.4810    311.848 -9.990e-29
      2.826     7.7168 204.180133     1.8254 3.6511e+02     0.2935    92.9257 6.7155e-02 1.7604e+03  0.3839135      2.882     9.4839    312.024 -9.990e-29
      2.825     7.7006 204.216049     1.8242 3.8084e+02     0.2935    92.9257 6.4713e-02 1.7604e+03  0.3834978      2.881     9.4786    312.234 -9.990e-29
      2.826     7.6849 204.228029     1.8242 3.8298e+02     0.2946    92.8996 6.4713e-02 1.7604e+03  0.3839135      2.882     9.4820    312.402 -9.990e-29
      2.826     7.6709 204.180164     1.8254 4.2979e+02     0.2935    92.9257 6.5934e-02 1.7604e+03  0.3839135      2.882     9.4926    312.463 -9.990e-29
      2.825     7.6591 204.180170     1.8242 4.8640e+02     0.2935    92.9257 6.3492e-02 1.7604e+03  0.3839135      2.881     9.4849    312.575 -9.990e-29
      2.824     7.6487 204.168209     1.8242 4.9887e+02     0.2935    92.9257 6.2271e-02 1.7604e+03  0.3839135      2.880     9.4868    312.657 -9.990e-29
      2.824     7.6405 204.216089     1.8242 4.5084e+02     0.2935    92.9257 6.1050e-02 1.7604e+03  0.3839135      2.880     9.4897    312.809 -9.990e-29
      2.824     7.6331 204.204126     1.8230 3.8732e+02     0.2924    92.9518 6.1050e-02 1.7604e+03  0.3839135      2.880     9.4831    312.861 -9.990e-29
      2.825     7.6272 204.168224     1.8242 3.7341e+02     0.2946    92.8996 6.3492e-02 1.7604e+03  0.3839135      2.881     9.4934    312.863 -9.990e-29
      2.825     7.6221 204.180194     1.8230 3.5698e+02     0.2935    92.9257 6.5934e-02 1.7604e+03  0.3839135      2.881     9.4857    312.930 -9.990e-29
      2.827     7.6176 204.216106     1.8230 3.2170e+02     0.2924    92.9518 7.0818e-02 1.7604e+03  0.3839135      2.883     9.4856    313.028 -9.990e-29
      2.828     7.6138 204.180200     1.8230 3.1103e+02     0.2912    92.9780 7.5702e-02 1.7604e+03  0.3839135      2.884     9.4868    313.010 -9.990e-29
      2.829     7.6109 204.275954     1.8217 3.1543e+02     0.2924    92.9518 7.6923e-02 1.7604e+03  0.3839135      2.885     9.4790    313.184 -9.990e-29
      2.830     7.6085 204.275956     1.8217 3.3181e+02     0.2912    92.9780 7.4481e-02 1.7604e+03  0.3839135      2.886     9.4794    313.207 -9.990e-29
      2.830     7.6064 204.347771     1.8217 3.3746e+02     0.2912    92.9780 6.9597e-02 1.7584e+03  0.3839135      2.886     9.4812    313.338 -9.990e-29
      2.831     7.6050 204.287926     1.8217 3.4032e+02     0.2912    92.9780 6.7155e-02 1.7584e+03  0.3847451      2.887     9.4831    313.259 -9.990e-29
      2.832     7.6038 204.263990     1.8217 3.5698e+02     0.2912    92.9780 6.4713e-02 1.7584e+03  0.3847451      2.888     9.4830    313.234 -9.990e-29
      2.832     7.6029 204.275959     1.8217 3.6408e+02     0.2912    92.9780 6.3492e-02 1.7584e+03  0.3847451      2.888     9.4855    313.261 -9.990e-29
      2.832     7.6028 204.287928     1.8217 3.6717e+02     0.2924    92.9518 6.2271e-02 1.7604e+03  0.3851608      2.888     9.4881    313.281 -9.990e-29
      2.831     7.6046 204.287926     1.8217 4.0174e+02     0.2924    92.9518 6.2271e-02 1.7604e+03  0.3851608      2.887     9.4904    313.263 -9.990e-29
      2.832     7.6189 204.311855     1.8205 4.2260e+02     0.2912    92.9780 6.2271e-02 1.7604e+03  0.3851608      2.888     9.4803    313.163 -9.990e-29
      2.833     7.6480 204.275929     1.8205 4.2498e+02     0.2924    92.9518 6.2271e-02 1.7604e+03  0.3847451      2.889     9.4764    312.828 -9.990e-29
      2.832     7.6835 204.299844     1.8205 4.6762e+02     0.2912    92.9780 6.2271e-02 1.7604e+03  0.3847451      2.888     9.4689    312.525 -9.990e-29
      2.832     7.7166 204.335727     1.8205 5.0027e+02     0.2912    92.9780 6.7155e-02 1.7604e+03  0.3847451      2.888     9.4612    312.264 -9.990e-29
      2.832     7.7432 204.371618     1.8193 5.0451e+02     0.2912    92.9780 7.0818e-02 1.7604e+03  0.3847451      2.888     9.4490    312.065 -9.990e-29
      2.832     7.7610 204.347668     1.8193 5.3370e+02     0.2912    92.9780 7.3260e-02 1.7604e+03  0.3847451      2.888     9.4456    311.859 -9.990e-29
      2.832     7.7717 204.323723     1.8193 5.6299e+02     0.2924    92.9518 7.3260e-02 1.7604e+03  0.3847451      2.888     9.4443    311.720 -9.990e-29
      2.830     7.7809 204.335686     1.8193 5.6935e+02     0.2924    92.9518 7.0818e-02 1.7604e+03  0.3847451      2.886     9.4446    311.651 -9.990e-29
      2.828     7.7914 204.371585     1.8181 5.7418e+02     0.2912    92.9780 6.8376e-02 1.7604e+03  0.3847451      2.884     9.4375    311.606 -9.990e-29
      2.827     7.8021 204.383548     1.8193 5.8067e+02     0.2912    92.9780 6.9597e-02 1.7604e+03  0.3847451      2.883     9.4453    311.523 -9.990e-29
      2.825     7.8134 204.335664     1.8193 5.8395e+02     0.2901    93.0041 7.4481e-02 1.7604e+03  0.3847451      2.881     9.4447    311.342 -9.990e-29
      2.823     7.8258 204.383531     1.8193 6.2824e+02     0.2890    93.0303 7.3260e-02 1.7604e+03  0.3847451      2.879     9.4451    311.298 -9.990e-29
      2.822     7.8392 204.335647     1.8193 7.2511e+02     0.2901    93.0041 7.2039e-02 1.7604e+03  0.3847451      2.878     9.4443    311.098 -9.990e-29
      2.820     7.8515 204.323670     1.8181 7.5423e+02     0.2901    93.0041 6.9597e-02 1.7604e+03  0.3847451      2.876     9.4356    310.963 -9.990e-29
      2.817     7.8624 204.383507     1.8168 7.3538e+02     0.2912    92.9780 6.8376e-02 1.7604e+03  0.3847451      2.873     9.4266    310.951 -9.990e-29
      2.814     7.8716 204.359562     1.8181 6.8546e+02     0.2901    93.0041 6.8376e-02 1.7604e+03  0.3847451      2.869     9.4355    310.827 -9.990e-29
      2.812     7.8811 204.371526     1.8193 6.6833e+02     0.2901    93.0041 6.5934e-02 1.7604e+03  0.3847451      2.867     9.4448    310.756 -9.990e-29
      2.810     7.8903 204.311674     1.8181 6.9321e+02     0.2901    93.0041 6.5934e-02 1.7604e+03  0.3847451      2.865     9.4352    310.578 -9.990e-29
      2.807     7.8988 204.263794     1.8193 8.3692e+02     0.2912    92.9780 6.5934e-02 1.7604e+03  0.3847451      2.862     9.4438    310.425 -9.990e-29
      2.803     7.9069 204.299694     1.8181 9.0548e+02     0.2901    93.0041 6.5934e-02 1.7604e+03  0.3847451      2.858     9.4335    310.403 -9.990e-29
      2.800     7.9140 204.287721     1.8168 8.8783e+02     0.2912    92.9780 6.5934e-02 1.7604e+03  0.3847451      2.855     9.4263    310.318 -9.990e-29
      2.796     7.9188 204.287717     1.8193 6.9127e+02     0.2901    93.0041 6.5934e-02 1.7604e+03  0.3851608      2.851     9.4430    310.272 -9.990e-29
      2.793     7.9212 204.323623     1.8193 6.0910e+02     0.2901    93.0041 6.8376e-02 1.7604e+03  0.3851608      2.848     9.4430    310.304 -9.990e-29
      2.790     7.9209 204.347561     1.8193 6.0060e+02     0.2912    92.9780 6.9597e-02 1.7604e+03  0.3847451      2.845     9.4438    310.344 -9.990e-29
      2.787     7.9184 204.299687     1.8181 4.3957e+02     0.2901    93.0041 6.9597e-02 1.7604e+03  0.3847451      2.842     9.4392    310.294 -9.990e-29
      2.784     7.9146 204.287720     1.8193 3.6001e+02     0.2912    92.9780 6.9597e-02 1.7604e+03  0.3847451      2.839     9.4497    310.312 -9.990e-29
      2.780     7.9048 204.287727     1.8181 3.5101e+02     0.2901    93.0041 6.8376e-02 1.7604e+03  0.3847451      2.835     9.4449    310.404 -9.990e-29
      2.777     7.8886 204.239861     1.8181 3.1811e+02     0.2901    93.0041 6.5934e-02 1.7604e+03  0.3847451      2.832     9.4513    310.485 -9.990e-29
      2.774     7.8677 204.263814     1.8193 2.9073e+02     0.2901    93.0041 6.2271e-02 1.7604e+03  0.3847451      2.829     9.4664    310.719 -9.990e-29
      2.771     7.8442 204.192016     1.8168 2.8586e+02     0.2901    93.0041 6.1050e-02 1.7604e+03  0.3847451      2.826     9.4539    310.832 -9.990e-29
      2.767     7.8213 204.251876     1.8181 3.3936e+02     0.2924    92.9518 6.1050e-02 1.7604e+03  0.3847451      2.822     9.4703    311.140 -9.990e-29
      2.763     7.8007 204.251888     1.8193 4.1553e+02     0.2924    92.9518 6.1050e-02 1.7604e+03  0.3847451      2.817     9.4854    311.335 -9.990e-29
      2.761     7.7813 204.204025     1.8193 4.3343e+02     0.2924    92.9518 6.1050e-02 1.7604e+03  0.3847451      2.815     9.4929    311.446 -9.990e-29
      2.761     7.7632 204.239946     1.8181 4.8096e+02     0.2924    92.9518 6.3492e-02 1.7604e+03  0.3847451      2.815     9.4904    311.673 -9.990e-29
      2.760     7.7467 204.275862     1.8181 5.7742e+02     0.2912    92.9780 6.5934e-02 1.7604e+03  0.3847451      2.814     9.4981    311.885 -9.990e-29
      2.758     7.7325 204.263903     1.8193 6.0739e+02     0.2924    92.9518 6.8376e-02 1.7604e+03  0.3847451      2.812     9.5148    312.002 -9.990e-29
      2.756     7.7192 204.275880     1.8193 5.2477e+02     0.2924    92.9518 6.9597e-02 1.7584e+03  0.3847451      2.810     9.5237    312.147 -9.990e-29
      2.756     7.7074 204.239981     1.8181 3.6511e+02     0.2924    92.9518 7.0818e-02 1.7584e+03  0.3847451      2.810     9.5236    312.205 -9.990e-29
      2.756     7.6963 204.311803     1.8193 3.2534e+02     0.2912    92.9780 7.2039e-02 1.7584e+03  0.3847451      2.810     9.5401    312.421 -9.990e-29
      2.756     7.6862 204.299840     1.8181 3.1811e+02     0.2912    92.9780 7.2039e-02 1.7604e+03  0.3847451      2.810     9.5389    312.499 -9.990e-29
