data/05_metadata_exports/SeabirdData/202305_SeabirdData/83324_stn42.cnv
* Sea-Bird SBE 9 Data File:
* FileName = C:\Users\rosette\Rosette Data\2023\Ontario CSMI\stn42.hex
* Software Version Seasave V 7.26.6.26
* Temperature SN = 5270
* Conductivity SN = 1168
* Number of Bytes Per Scan = 40
* Number of Voltage Words = 5
* Number of Scans Averaged by the Deck Unit = 1
* NMEA Latitude = 43 50.40 N
* NMEA Longitude = 078 02.16 W
* NMEA UTC (Time) = Oct 01 2003  22:42:50
* NMEA baud rate = 4800
** Ship: Lake Guardian
** Ontario CSMI LWFS
** Station:  stn42
# nquan = 14                                
# nvalues = 14463                       
# units = specified
# name 0 = prDM: Pressure, Digiquartz [db]
# name 1 = t090C: Temperature [ITS-90, deg C]
# name 2 = c0uS/cm: Conductivity [uS/cm]
# name 3 = sbeox0V: Oxygen raw, SBE 43 [V]
# name 4 = par: PAR/Irradiance, Biospherical/Licor
# name 5 = bat: Beam Attenuation, Chelsea/Seatech [1/m]
# name 6 = xmiss: Beam Transmission, Chelsea/Seatech [%]
# name 7 = flSP: Fluorescence, Seapoint
# name 8 = spar: SPAR, Biospherical/Licor
# name 9 = upoly0: Upoly 0, Suna Nitrate
# name 10 = depFM: Depth [fresh water, m], lat = 43.84
# name 11 = sbeox0Mg/L: Oxygen, SBE 43 [mg/l], WS = 2
# name 12 = specc: Specific Conductance [uS/cm]
# name 13 = flag: flag
# span 0 =     -0.177,     64.057       
# span 1 =     4.1696,     8.0873       
# span 2 =  13.450077, 644.804092       
# span 3 =     1.9231,     2.3358       
# span 4 = 1.0000e-12, 1.2096e+03       
# span 5 =     0.1023,     2.7141       
# span 6 =    50.7366,    97.4740       
# span 7 = 0.0000e+00, 1.2869e+00       
# span 8 = 6.5177e+02, 7.5220e+02       
# span 9 =  0.0409094,  0.0608660       
# span 10 =     -0.180,     65.320      
# span 11 =    10.1049,    13.6926      
# span 12 =     21.388,   1024.544      
# span 13 = 0.0000e+00, 0.0000e+00      
# interval = seconds: 0.0416667
# start_time = Oct 01 2003 22:42:50 [NMEA time, header]
# bad_flag = -9.990e-29
*END*
[from data line 1239]
      2.089     8.0255 207.914968     2.1099 4.1436e+02     0.6070    85.9203 4.0904e-01 7.4432e+02  0.0413251      2.130    11.5033    314.761 -9.990e-29
      2.084     8.0252 207.950890     2.1099 4.1436e+02     0.6070    85.9203 3.9560e-01 7.4432e+02  0.0413251      2.125    11.5018    314.818 -9.990e-29
      2.078     8.0252 207.938916     2.1099 4.1204e+02     0.6070    85.9203 3.8339e-01 7.4432e+02  0.0409094      2.119    11.5000    314.800 -9.990e-29
      2.073     8.0250 207.938916     2.1099 4.1088e+02     0.6070    85.9203 3.7485e-01 7.4235e+02  0.0413251      2.114    11.4960    314.802 -9.990e-29
      2.067     8.0250 207.891020     2.1099 4.0973e+02     0.6070    85.9203 3.7118e-01 7.4432e+02  0.0409094      2.108    11.4929    314.730 -9.990e-29
      2.061     8.0249 207.855098     2.1099 4.0514e+02     0.6070    85.9203 3.6630e-01 7.4432e+02  0.0413251      2.102    11.4907    314.676 -9.990e-29
      2.055     8.0247 207.914969     2.1099 4.0287e+02     0.6058    85.9465 3.6020e-01 7.4432e+02  0.0413251      2.096    11.4884    314.769 -9.990e-29
      2.049     8.0247 207.867072     2.1099 4.0514e+02     0.6058    85.9465 3.5775e-01 7.4432e+02  0.0413251      2.089    11.4859    314.696 -9.990e-29
      2.041     8.0243 207.867073     2.1099 4.1553e+02     0.6070    85.9203 3.5287e-01 7.4432e+02  0.0409094      2.081    11.4845    314.700 -9.990e-29
      2.033     8.0247 207.879045     2.1111 4.1905e+02     0.6070    85.9203 3.4676e-01 7.4432e+02  0.0413251      2.073    11.4910    314.714 -9.990e-29
      2.024     8.0244 207.831150     2.1111 4.2023e+02     0.6058    85.9465 3.4188e-01 7.4432e+02  0.0413251      2.064    11.4893    314.645 -9.990e-29
      2.016     8.0242 207.819176     2.1111 4.3588e+02     0.6070    85.9203 3.3944e-01 7.4432e+02  0.0413251      2.056    11.4885    314.628 -9.990e-29
      2.009     8.0245 207.891019     2.1111 4.4329e+02     0.6070    85.9203 3.3822e-01 7.4432e+02  0.0409094      2.049    11.4875    314.734 -9.990e-29
      2.002     8.0243 207.795228     2.1111 4.4454e+02     0.6058    85.9465 3.3822e-01 7.4432e+02  0.0413251      2.041    11.4854    314.591 -9.990e-29
      1.996     8.0244 207.807202     2.1099 4.3710e+02     0.6033    85.9988 3.3822e-01 7.4432e+02  0.0413251      2.035    11.4747    314.608 -9.990e-29
      1.991     8.0245 207.795229     2.1099 4.3221e+02     0.6009    86.0510 3.3944e-01 7.4432e+02  0.0413251      2.030    11.4724    314.589 -9.990e-29
      1.986     8.0245 207.831149     2.1099 4.3100e+02     0.6021    86.0249 3.4554e-01 7.4432e+02  0.0413251      2.025    11.4699    314.644 -9.990e-29
      1.980     8.0247 207.819176     2.1111 4.3221e+02     0.6021    86.0249 3.5531e-01 7.4432e+02  0.0413251      2.019    11.4757    314.624 -9.990e-29
      1.974     8.0247 207.855097     2.1099 4.3221e+02     0.6033    85.9988 3.6630e-01 7.4432e+02  0.0413251      2.013    11.4659    314.678 -9.990e-29
      1.969     8.0247 207.879043     2.1099 4.3221e+02     0.6021    86.0249 3.7851e-01 7.4432e+02  0.0413251      2.008    11.4645    314.714 -9.990e-29
      1.966     8.0249 207.879045     2.1099 4.1320e+02     0.6033    85.9988 3.8217e-01 7.4432e+02  0.0413251      2.005    11.4629    314.712 -9.990e-29
      1.962     8.0250 207.879043     2.1111 3.8950e+02     0.6021    86.0249 3.7973e-01 7.4432e+02  0.0413251      2.001    11.4708    314.711 -9.990e-29
      1.959     8.0250 207.902992     2.1099 3.8406e+02     0.6021    86.0249 3.7485e-01 7.4432e+02  0.0413251      1.998    11.4620    314.748 -9.990e-29
      1.957     8.0253 207.914965     2.1099 3.8298e+02     0.6021    86.0249 3.7241e-01 7.4432e+02  0.0413251      1.996    11.4614    314.763 -9.990e-29
      1.956     8.0257 207.926939     2.1111 3.7870e+02     0.6021    86.0249 3.7729e-01 7.4432e+02  0.0413251      1.995    11.4693    314.777 -9.990e-29
      1.953     8.0256 207.974835     2.1099 3.7764e+02     0.6033    85.9988 3.8584e-01 7.4432e+02  0.0413251      1.992    11.4594    314.851 -9.990e-29
      1.951     8.0258 208.022730     2.1099 3.8191e+02     0.6033    85.9988 3.9805e-01 7.4432e+02  0.0413251      1.989    11.4579    314.921 -9.990e-29
      1.949     8.0258 208.046679     2.1087 3.9391e+02     0.6033    85.9988 4.1026e-01 7.4432e+02  0.0413251      1.987    11.4491    314.958 -9.990e-29
      1.948     8.0258 208.130497     2.1099 3.9725e+02     0.6033    85.9988 4.1514e-01 7.4432e+02  0.0413251      1.986    11.4571    315.085 -9.990e-29
      1.947     8.0261 208.118523     2.1099 3.9725e+02     0.6033    85.9988 4.1880e-01 7.4432e+02  0.0413251      1.985    11.4567    315.064 -9.990e-29
      1.948     8.0261 208.142472     2.1099 3.9502e+02     0.6021    86.0249 4.0904e-01 7.4432e+02  0.0413251      1.986    11.4564    315.100 -9.990e-29
      1.949     8.0260 208.130497     2.1099 3.9391e+02     0.6021    86.0249 3.9927e-01 7.4432e+02  0.0413251      1.987    11.4560    315.083 -9.990e-29
      1.951     8.0263 208.166421     2.1111 3.9391e+02     0.6021    86.0249 4.0537e-01 7.4432e+02  0.0413251      1.989    11.4640    315.134 -9.990e-29
      1.953     8.0263 208.178394     2.1099 3.8515e+02     0.6033    85.9988 4.0781e-01 7.4432e+02  0.0413251      1.992    11.4552    315.152 -9.990e-29
      1.956     8.0264 208.178395     2.1099 3.8084e+02     0.6058    85.9465 4.0415e-01 7.4432e+02  0.0413251      1.995    11.4560    315.151 -9.990e-29
      1.960     8.0265 208.178394     2.1111 3.8084e+02     0.6058    85.9465 4.0293e-01 7.4432e+02  0.0413251      1.999    11.4651    315.150 -9.990e-29
      1.965     8.0263 208.286164     2.1111 3.9060e+02     0.6058    85.9465 4.0171e-01 7.4432e+02  0.0413251      2.004    11.4660    315.315 -9.990e-29
      1.970     8.0263 208.298138     2.1099 3.9725e+02     0.6058    85.9465 3.9560e-01 7.4432e+02  0.0413251      2.009    11.4585    315.334 -9.990e-29
      1.976     8.0262 208.334062     2.1099 3.9836e+02     0.6058    85.9465 3.9072e-01 7.4432e+02  0.0413251      2.015    11.4573    315.389 -9.990e-29
      1.982     8.0263 208.322087     2.1099 4.0973e+02     0.6058    85.9465 3.8339e-01 7.4432e+02  0.0413251      2.021    11.4572    315.370 -9.990e-29
      1.988     8.0265 208.369986     2.1099 4.1905e+02     0.6058    85.9465 3.7851e-01 7.4432e+02  0.0413251      2.027    11.4561    315.440 -9.990e-29
      1.994     8.0262 208.393934     2.1099 4.2141e+02     0.6046    85.9726 3.8584e-01 7.4432e+02  0.0413251      2.033    11.4540    315.479 -9.990e-29
      2.001     8.0265 208.393935     2.1099 4.2738e+02     0.6058    85.9465 3.9072e-01 7.4432e+02  0.0413251      2.040    11.4529    315.477 -9.990e-29
      2.007     8.0263 208.358012     2.1099 4.3465e+02     0.6058    85.9465 3.8706e-01 7.4432e+02  0.0413251      2.047    11.4521    315.424 -9.990e-29
      2.013     8.0263 208.393934     2.1099 4.3588e+02     0.6058    85.9465 3.8462e-01 7.4432e+02  0.0413251      2.053    11.4502    315.479 -9.990e-29
      2.019     8.0265 208.465783     2.1099 4.3100e+02     0.6046    85.9726 3.7973e-01 7.4432e+02  0.0413251      2.059    11.4483    315.585 -9.990e-29
      2.026     8.0265 208.453808     2.1099 4.2379e+02     0.6046    85.9726 3.7363e-01 7.4432e+02  0.0413251      2.066    11.4488    315.567 -9.990e-29
      2.032     8.0263 208.477758     2.1099 4.2141e+02     0.6058    85.9465 3.7241e-01 7.4432e+02  0.0413251      2.072    11.4484    315.605 -9.990e-29
      2.038     8.0265 208.429859     2.1099 4.1670e+02     0.6058    85.9465 3.8339e-01 7.4432e+02  0.0413251      2.078    11.4467    315.531 -9.990e-29
      2.044     8.0263 208.489734     2.1087 4.0401e+02     0.6046    85.9726 3.8584e-01 7.4432e+02  0.0413251      2.084    11.4380    315.624 -9.990e-29
      2.049     8.0263 208.549606     2.1087 3.9949e+02     0.6046    85.9726 3.7851e-01 7.4432e+02  0.0413251      2.089    11.4366    315.714 -9.990e-29
      2.055     8.0265 208.525657     2.1099 3.9613e+02     0.6058    85.9465 3.7729e-01 7.4432e+02  0.0413251      2.096    11.4436    315.676 -9.990e-29
      2.062     8.0264 208.537633     2.1099 3.8191e+02     0.6058    85.9465 3.8217e-01 7.4432e+02  0.0413251      2.103    11.4414    315.695 -9.990e-29
      2.068     8.0265 208.561581     2.1099 3.7658e+02     0.6058    85.9465 3.8217e-01 7.4432e+02  0.0413251      2.109    11.4391    315.730 -9.990e-29
      2.076     8.0265 208.549607     2.1099 3.7552e+02     0.6046    85.9726 3.8462e-01 7.4432e+02  0.0413251      2.117    11.4381    315.712 -9.990e-29
      2.083     8.0267 208.513684     2.1099 3.7236e+02     0.6058    85.9465 3.9683e-01 7.4432e+02  0.0413251      2.124    11.4361    315.656 -9.990e-29
      2.088     8.0269 208.489733     2.1099 3.7028e+02     0.6046    85.9726 4.1026e-01 7.4432e+02  0.0413251      2.129    11.4342    315.618 -9.990e-29
      2.093     8.0268 208.597506     2.1099 3.7132e+02     0.6058    85.9465 4.1880e-01 7.4432e+02  0.0413251      2.134    11.4325    315.782 -9.990e-29
      2.099     8.0265 208.537634     2.1099 3.7552e+02     0.6058    85.9465 4.1758e-01 7.4432e+02  0.0413251      2.140    11.4301    315.694 -9.990e-29
      2.104     8.0268 208.549607     2.1099 3.7870e+02     0.6046    85.9726 4.1636e-01 7.4432e+02  0.0413251      2.145    11.4298    315.709 -9.990e-29
      2.110     8.0269 208.573558     2.1099 3.7870e+02     0.6046    85.9726 4.1270e-01 7.4432e+02  0.0413251      2.152    11.4296    315.745 -9.990e-29
      2.115     8.0271 208.525657     2.1099 3.8298e+02     0.6046    85.9726 4.1758e-01 7.4432e+02  0.0413251      2.157    11.4286    315.670 -9.990e-29
      2.120     8.0273 208.549608     2.1074 3.8623e+02     0.6058    85.9465 4.2125e-01 7.4432e+02  0.0413251      2.162    11.4092    315.705 -9.990e-29
      2.125     8.0276 208.525657     2.1099 3.8732e+02     0.6046    85.9726 4.1392e-01 7.4432e+02  0.0413251      2.167    11.4249    315.666 -9.990e-29
      2.130     8.0279 208.585532     2.1087 3.8841e+02     0.6058    85.9465 4.0904e-01 7.4432e+02  0.0413251      2.172    11.4149    315.753 -9.990e-29
      2.133     8.0286 208.537633     2.1074 3.8950e+02     0.6058    85.9465 4.0537e-01 7.4432e+02  0.0413251      2.175    11.4043    315.674 -9.990e-29
      2.135     8.0296 208.585530     2.1074 3.8950e+02     0.6058    85.9465 4.0781e-01 7.4432e+02  0.0413251      2.177    11.4028    315.737 -9.990e-29
      2.138     8.0308 208.573555     2.1087 3.9170e+02     0.6058    85.9465 4.2247e-01 7.4432e+02  0.0413251      2.180    11.4095    315.707 -9.990e-29
      2.141     8.0315 208.645404     2.1074 3.9502e+02     0.6058    85.9465 4.3101e-01 7.4432e+02  0.0413251      2.183    11.3974    315.809 -9.990e-29
      2.143     8.0324 208.597504     2.1074 3.9613e+02     0.6058    85.9465 4.2491e-01 7.4432e+02  0.0413251      2.185    11.3956    315.728 -9.990e-29
      2.145     8.0334 208.549604     2.1087 3.9280e+02     0.6058    85.9465 4.1392e-01 7.4235e+02  0.0413251      2.187    11.4030    315.646 -9.990e-29
      2.147     8.0341 208.561578     2.1087 3.8732e+02     0.6046    85.9726 4.0781e-01 7.4235e+02  0.0413251      2.189    11.4007    315.658 -9.990e-29
      2.149     8.0349 208.573552     2.1074 3.8515e+02     0.6058    85.9465 4.0049e-01 7.4432e+02  0.0413251      2.191    11.3895    315.668 -9.990e-29
      2.150     8.0353 208.573553     2.1074 3.8298e+02     0.6046    85.9726 3.8950e-01 7.4432e+02  0.0413251      2.192    11.3866    315.664 -9.990e-29
      2.149     8.0360 208.501703     2.1074 3.7658e+02     0.6033    85.9988 3.7729e-01 7.4432e+02  0.0413251      2.191    11.3840    315.549 -9.990e-29
      2.148     8.0367 208.489728     2.1074 3.7446e+02     0.6021    86.0249 3.7118e-01 7.4432e+02  0.0413251      2.190    11.3816    315.524 -9.990e-29
      2.146     8.0368 208.453804     2.1074 3.7341e+02     0.6009    86.0510 3.6264e-01 7.4432e+02  0.0413251      2.188    11.3807    315.469 -9.990e-29
      2.144     8.0374 208.525652     2.1062 3.7236e+02     0.6009    86.0510 3.6142e-01 7.4432e+02  0.0413251      2.186    11.3704    315.572 -9.990e-29
      2.142     8.0378 208.549601     2.1074 3.7132e+02     0.6009    86.0510 3.6142e-01 7.4432e+02  0.0413251      2.184    11.3784    315.604 -9.990e-29
      2.140     8.0383 208.477752     2.1062 3.7132e+02     0.6009    86.0510 3.6264e-01 7.4432e+02  0.0413251      2.182    11.3688    315.491 -9.990e-29
      2.138     8.0389 208.477752     2.1062 3.6613e+02     0.6009    86.0510 3.6508e-01 7.4432e+02  0.0413251      2.180    11.3667    315.485 -9.990e-29
      2.134     8.0392 208.525650     2.1050 3.6408e+02     0.5997    86.0772 3.7118e-01 7.4432e+02  0.0413251      2.176    11.3589    315.555 -9.990e-29
      2.130     8.0396 208.477751     2.1050 3.6408e+02     0.6009    86.0510 3.8095e-01 7.4432e+02  0.0413251      2.172    11.3575    315.478 -9.990e-29
      2.125     8.0399 208.417877     2.1074 3.6204e+02     0.6009    86.0510 3.8095e-01 7.4432e+02  0.0413251      2.167    11.3744    315.385 -9.990e-29
      2.122     8.0402 208.489725     2.1062 3.6204e+02     0.6009    86.0510 3.7607e-01 7.4432e+02  0.0413251      2.164    11.3664    315.491 -9.990e-29
      2.117     8.0402 208.489725     2.1050 3.6102e+02     0.5997    86.0772 3.6996e-01 7.4432e+02  0.0413251      2.159    11.3588    315.491 -9.990e-29
      2.112     8.0402 208.429851     2.1050 3.5799e+02     0.6009    86.0510 3.6264e-01 7.4432e+02  0.0413251      2.154    11.3599    315.400 -9.990e-29
      2.106     8.0404 208.441827     2.1050 3.5598e+02     0.6009    86.0510 3.6142e-01 7.4432e+02  0.0413251      2.148    11.3579    315.416 -9.990e-29
      2.099     8.0401 208.453799     2.1050 3.5398e+02     0.6009    86.0510 3.5897e-01 7.4432e+02  0.0413251      2.140    11.3586    315.437 -9.990e-29
      2.094     8.0402 208.405903     2.1050 3.5398e+02     0.6009    86.0510 3.4921e-01 7.4432e+02  0.0413251      2.135    11.3595    315.364 -9.990e-29
      2.088     8.0396 208.429851     2.1050 3.5398e+02     0.6009    86.0510 3.3822e-01 7.4432e+02  0.0413251      2.129    11.3597    315.406 -9.990e-29
      2.082     8.0393 208.381953     2.1038 3.5299e+02     0.6021    86.0249 3.3455e-01 7.4432e+02  0.0413251      2.123    11.3506    315.336 -9.990e-29
      2.076     8.0389 208.393927     2.1026 3.5598e+02     0.6009    86.0510 3.3333e-01 7.4432e+02  0.0413251      2.117    11.3430    315.358 -9.990e-29
      2.071     8.0391 208.369979     2.1038 3.6001e+02     0.6009    86.0510 3.2967e-01 7.4432e+02  0.0413251      2.112    11.3511    315.320 -9.990e-29
      2.066     8.0386 208.358005     2.1038 3.6102e+02     0.6009    86.0510 3.2601e-01 7.4432e+02  0.0413251      2.107    11.3513    315.307 -9.990e-29
      2.060     8.0388 208.334056     2.1026 3.6408e+02     0.6021    86.0249 3.2234e-01 7.4432e+02  0.0413251      2.101    11.3444    315.269 -9.990e-29
      2.053     8.0382 208.358004     2.1026 3.7132e+02     0.6009    86.0510 3.2601e-01 7.4432e+02  0.0413251      2.093    11.3453    315.311 -9.990e-29
      2.047     8.0383 208.358004     2.1013 3.7446e+02     0.6009    86.0510 3.3089e-01 7.4432e+02  0.0413251      2.087    11.3372    315.310 -9.990e-29
      2.042     8.0378 208.429852     2.1026 3.7552e+02     0.6021    86.0249 3.3333e-01 7.4432e+02  0.0413251      2.082    11.3466    315.423 -9.990e-29
      2.038     8.0376 208.405902     2.1026 3.8191e+02     0.6009    86.0510 3.3211e-01 7.4432e+02  0.0413251      2.078    11.3472    315.389 -9.990e-29
      2.035     8.0375 208.393928     2.1026 3.8406e+02     0.6021    86.0249 3.3211e-01 7.4432e+02  0.0413251      2.075    11.3480    315.372 -9.990e-29
      2.031     8.0370 208.405904     2.1013 3.8406e+02     0.6009    86.0510 3.3944e-01 7.4432e+02  0.0413251      2.071    11.3413    315.394 -9.990e-29
