data/05_metadata_exports/SeabirdData/202305_SeabirdData/83324_stn42.cnv
* Sea-Bird SBE 9 Data File:
* FileName = C:\Users\rosette\Rosette Data\2023\Ontario CSMI\stn42.hex
* Software Version Seasave V 7.26.6.26
* Temperature SN = 5270
* Conductivity SN = 1168
* Number of Bytes Per Scan = 40
* Number of Voltage Words = 5
* Number of Scans Averaged by the Deck Unit = 1
* NMEA Latitude = 43 50.40 N
* NMEA Longitude = 078 02.16 W
* NMEA UTC (Time) = Oct 01 2003  22:42:50
* NMEA baud rate = 4800
** Ship: Lake Guardian
** Ontario CSMI LWFS
** Station:  stn42
# nquan = 14                                
# nvalues = 14463                       
# units = specified
# name 0 = prDM: Pressure, Digiquartz [db]
# name 1 = t090C: Temperature [ITS-90, deg C]
# name 2 = c0uS/cm: Conductivity [uS/cm]
# name 3 = sbeox0V: Oxygen raw, SBE 43 [V]
# name 4 = par: PAR/Irradiance, Biospherical/Licor
# name 5 = bat: Beam Attenuation, Chelsea/Seatech [1/m]
# name 6 = xmiss: Beam Transmission, Chelsea/Seatech [%]
# name 7 = flSP: Fluorescence, Seapoint
# name 8 = spar: SPAR, Biospherical/Licor
# name 9 = upoly0: Upoly 0, Suna Nitrate
# name 10 = depFM: Depth [fresh water, m], lat = 43.84
# name 11 = sbeox0Mg/L: Oxygen, SBE 43 [mg/l], WS = 2
# name 12 = specc: Specific Conductance [uS/cm]
# name 13 = flag: flag
# span 0 =     -0.177,     64.057       
# span 1 =     4.1696,     8.0873       
# span 2 =  13.450077, 644.804092       
# span 3 =     1.9231,     2.3358       
# span 4 = 1.0000e-12, 1.2096e+03       
# span 5 =     0.1023,     2.7141       
# span 6 =    50.7366,    97.4740       
# span 7 = 0.0000e+00, 1.2869e+00       
# span 8 = 6.5177e+02, 7.5220e+02       
# span 9 =  0.0409094,  0.0608660       
# span 10 =     -0.180,     65.320      
# span 11 =    10.1049,    13.6926      
# span 12 =     21.388,   1024.544      
# span 13 = 0.0000e+00, 0.0000e+00      
# interval = seconds: 0.0416667
# start_time = Oct 01 2003 22:42:50 [NMEA time, header]
# bad_flag = -9.990e-29
*END*
[from data line 13626]
      4.823     8.0268 209.363986     2.3101 1.5223e+02     0.6021    86.0249 6.4835e-01 6.6753e+02  0.0467301      4.918    12.8665    316.942 -9.990e-29
      4.822     8.0252 209.316082     2.3089 1.5095e+02     0.6021    86.0249 6.7277e-01 6.6556e+02  0.0463143      4.917    12.8586    316.885 -9.990e-29
      4.822     8.0240 209.363988     2.3089 1.4926e+02     0.6021    86.0249 6.8254e-01 6.6556e+02  0.0467301      4.917    12.8589    316.969 -9.990e-29
      4.821     8.0239 209.387939     2.3101 1.4884e+02     0.6033    85.9988 6.6911e-01 6.6556e+02  0.0467301      4.916    12.8685    317.006 -9.990e-29
      4.821     8.0235 209.292132     2.3114 1.4843e+02     0.6021    86.0249 6.4469e-01 6.6556e+02  0.0467301      4.916    12.8789    316.865 -9.990e-29
      4.821     8.0232 209.352012     2.3101 1.4718e+02     0.6033    85.9988 6.2271e-01 6.6556e+02  0.0463143      4.916    12.8700    316.959 -9.990e-29
      4.821     8.0227 209.363988     2.3101 1.4718e+02     0.6033    85.9988 6.0684e-01 6.6556e+02  0.0467301      4.916    12.8713    316.982 -9.990e-29
      4.823     8.0224 209.328060     2.3101 1.4677e+02     0.6021    86.0249 6.0073e-01 6.6556e+02  0.0467301      4.918    12.8714    316.930 -9.990e-29
      4.825     8.0216 209.363989     2.3101 1.4635e+02     0.6033    85.9988 6.0195e-01 6.6556e+02  0.0467301      4.920    12.8717    316.992 -9.990e-29
      4.829     8.0218 209.292133     2.3101 1.4635e+02     0.6021    86.0249 6.1050e-01 6.6556e+02  0.0467301      4.924    12.8716    316.881 -9.990e-29
      4.833     8.0229 209.375964     2.3101 1.4635e+02     0.6021    86.0249 6.1294e-01 6.6556e+02  0.0467301      4.928    12.8712    316.998 -9.990e-29
      4.836     8.0245 209.387939     2.3101 1.4635e+02     0.6021    86.0249 6.1294e-01 6.6556e+02  0.0471458      4.931    12.8707    317.001 -9.990e-29
      4.840     8.0264 209.363986     2.3101 1.4594e+02     0.6033    85.9988 6.0806e-01 6.6556e+02  0.0467301      4.935    12.8700    316.946 -9.990e-29
      4.845     8.0268 209.328058     2.3101 1.4594e+02     0.6021    86.0249 6.0928e-01 6.6556e+02  0.0467301      4.941    12.8688    316.888 -9.990e-29
      4.849     8.0266 209.352010     2.3101 1.4594e+02     0.6009    86.0510 6.1905e-01 6.6556e+02  0.0467301      4.945    12.8689    316.926 -9.990e-29
      4.854     8.0269 209.328058     2.3101 1.4594e+02     0.5985    86.1033 6.2759e-01 6.6556e+02  0.0467301      4.950    12.8689    316.887 -9.990e-29
      4.860     8.0273 209.363986     2.3101 1.4594e+02     0.5985    86.1033 6.4225e-01 6.6556e+02  0.0471458      4.956    12.8699    316.937 -9.990e-29
      4.865     8.0277 209.387938     2.3101 1.4635e+02     0.5985    86.1033 6.5324e-01 6.6556e+02  0.0467301      4.961    12.8698    316.970 -9.990e-29
      4.869     8.0283 209.352009     2.3101 1.4635e+02     0.5985    86.1033 6.4835e-01 6.6556e+02  0.0467301      4.965    12.8695    316.910 -9.990e-29
      4.874     8.0286 209.352009     2.3101 1.4635e+02     0.5985    86.1033 6.3614e-01 6.6556e+02  0.0471458      4.970    12.8694    316.907 -9.990e-29
      4.879     8.0292 209.399913     2.3101 1.4718e+02     0.5985    86.1033 6.3248e-01 6.6556e+02  0.0467301      4.975    12.8692    316.974 -9.990e-29
      4.884     8.0299 209.387936     2.3101 1.4759e+02     0.5985    86.1033 6.2759e-01 6.6556e+02  0.0467301      4.980    12.8701    316.949 -9.990e-29
      4.890     8.0303 209.411887     2.3101 1.4801e+02     0.5985    86.1033 6.1538e-01 6.6556e+02  0.0467301      4.986    12.8688    316.981 -9.990e-29
      4.898     8.0307 209.423864     2.3101 1.4926e+02     0.5985    86.1033 6.1538e-01 6.6556e+02  0.0467301      4.995    12.8686    316.995 -9.990e-29
      4.905     8.0311 209.435840     2.3114 1.5095e+02     0.5985    86.1033 6.0562e-01 6.6556e+02  0.0467301      5.002    12.8775    317.010 -9.990e-29
      4.912     8.0313 209.375961     2.3101 1.5138e+02     0.5985    86.1033 6.0562e-01 6.6556e+02  0.0467301      5.009    12.8682    316.917 -9.990e-29
      4.916     8.0315 209.352008     2.3101 1.5266e+02     0.5985    86.1033 6.1783e-01 6.6556e+02  0.0467301      5.013    12.8669    316.879 -9.990e-29
      4.919     8.0314 209.423864     2.3101 1.5482e+02     0.5985    86.1033 6.1661e-01 6.6556e+02  0.0467301      5.016    12.8657    316.989 -9.990e-29
      4.924     8.0317 209.399912     2.3101 1.5570e+02     0.5985    86.1033 6.0928e-01 6.6556e+02  0.0467301      5.021    12.8654    316.950 -9.990e-29
      4.930     8.0313 209.411887     2.3101 1.5658e+02     0.5985    86.1033 5.9219e-01 6.6556e+02  0.0467301      5.027    12.8666    316.972 -9.990e-29
      4.938     8.0312 209.435842     2.3114 1.5879e+02     0.5985    86.1033 5.8242e-01 6.6556e+02  0.0467301      5.035    12.8756    317.009 -9.990e-29
      4.943     8.0313 209.399912     2.3101 1.5924e+02     0.5985    86.1033 5.9341e-01 6.6556e+02  0.0467301      5.040    12.8674    316.953 -9.990e-29
      4.948     8.0313 209.387937     2.3101 1.5924e+02     0.5985    86.1033 6.2515e-01 6.6556e+02  0.0467301      5.046    12.8673    316.935 -9.990e-29
      4.953     8.0317 209.423865     2.3101 1.5969e+02     0.5973    86.1294 6.2637e-01 6.6556e+02  0.0471458      5.051    12.8669    316.986 -9.990e-29
      4.957     8.0316 209.471769     2.3101 1.6014e+02     0.6009    86.0510 6.2271e-01 6.6556e+02  0.0467301      5.055    12.8668    317.059 -9.990e-29
      4.960     8.0318 209.435841     2.3101 1.5969e+02     0.6021    86.0249 6.2027e-01 6.6556e+02  0.0467301      5.058    12.8655    317.003 -9.990e-29
      4.963     8.0317 209.387937     2.3101 1.5835e+02     0.6021    86.0249 6.1294e-01 6.6556e+02  0.0471458      5.061    12.8643    316.931 -9.990e-29
      4.965     8.0315 209.459793     2.3089 1.5790e+02     0.6021    86.0249 6.0440e-01 6.6556e+02  0.0471458      5.063    12.8559    317.042 -9.990e-29
      4.968     8.0319 209.411889     2.3101 1.5790e+02     0.6021    86.0249 6.0562e-01 6.6556e+02  0.0467301      5.066    12.8640    316.966 -9.990e-29
      4.970     8.0315 209.411889     2.3101 1.5658e+02     0.6021    86.0249 5.9463e-01 6.6556e+02  0.0467301      5.068    12.8641    316.970 -9.990e-29
      4.972     8.0315 209.411889     2.3114 1.5570e+02     0.6033    85.9988 5.8608e-01 6.6556e+02  0.0471458      5.070    12.8730    316.970 -9.990e-29
      4.974     8.0316 209.435841     2.3101 1.5570e+02     0.6033    85.9988 5.9341e-01 6.6556e+02  0.0467301      5.072    12.8638    317.005 -9.990e-29
      4.976     8.0320 209.423866     2.3101 1.5570e+02     0.6033    85.9988 6.1294e-01 6.6556e+02  0.0463143      5.074    12.8636    316.983 -9.990e-29
      4.977     8.0320 209.423865     2.3101 1.5570e+02     0.6033    85.9988 6.2271e-01 6.6556e+02  0.0467301      5.075    12.8635    316.983 -9.990e-29
      4.978     8.0321 209.459792     2.3101 1.5570e+02     0.6021    86.0249 6.1783e-01 6.6556e+02  0.0467301      5.076    12.8633    317.036 -9.990e-29
      4.979     8.0321 209.411888     2.3114 1.5614e+02     0.6021    86.0249 6.1905e-01 6.6556e+02  0.0467301      5.077    12.8723    316.964 -9.990e-29
      4.981     8.0318 209.387938     2.3101 1.5658e+02     0.6021    86.0249 6.3736e-01 6.6556e+02  0.0467301      5.079    12.8632    316.931 -9.990e-29
      4.981     8.0317 209.352010     2.3101 1.5658e+02     0.6021    86.0249 6.4591e-01 6.6556e+02  0.0467301      5.079    12.8632    316.877 -9.990e-29
      4.980     8.0318 209.399913     2.3101 1.5790e+02     0.6021    86.0249 6.4103e-01 6.6556e+02  0.0467301      5.078    12.8630    316.949 -9.990e-29
      4.980     8.0317 209.387937     2.3101 1.5924e+02     0.6033    85.9988 6.5079e-01 6.6556e+02  0.0467301      5.078    12.8641    316.931 -9.990e-29
      4.980     8.0320 209.363986     2.3101 1.5924e+02     0.6033    85.9988 6.5690e-01 6.6556e+02  0.0467301      5.078    12.8640    316.892 -9.990e-29
      4.979     8.0318 209.423865     2.3101 1.6014e+02     0.6033    85.9988 6.5324e-01 6.6556e+02  0.0467301      5.077    12.8640    316.985 -9.990e-29
      4.978     8.0317 209.447817     2.3101 1.6150e+02     0.6021    86.0249 6.4957e-01 6.6556e+02  0.0471458      5.076    12.8651    317.022 -9.990e-29
      4.978     8.0319 209.483745     2.3101 1.6195e+02     0.6033    85.9988 6.4957e-01 6.6556e+02  0.0471458      5.076    12.8649    317.075 -9.990e-29
      4.977     8.0318 209.411890     2.3101 1.6241e+02     0.6021    86.0249 6.4225e-01 6.6556e+02  0.0471458      5.075    12.8648    316.967 -9.990e-29
      4.976     8.0318 209.387937     2.3114 1.6287e+02     0.5997    86.0772 6.9719e-01 6.6556e+02  0.0467301      5.074    12.8762    316.931 -9.990e-29
      4.973     8.0321 209.387937     2.3101 1.6287e+02     0.5985    86.1033 7.5092e-01 6.6556e+02  0.0467301      5.071    12.8669    316.928 -9.990e-29
      4.971     8.0318 209.387937     2.3101 1.6333e+02     0.5997    86.0772 7.4481e-01 6.6556e+02  0.0467301      5.069    12.8680    316.931 -9.990e-29
      4.968     8.0320 209.387937     2.3101 1.6471e+02     0.5985    86.1033 7.0330e-01 6.6556e+02  0.0467301      5.066    12.8678    316.929 -9.990e-29
      4.966     8.0321 209.387936     2.3089 1.6471e+02     0.5985    86.1033 6.6667e-01 6.6556e+02  0.0467301      5.064    12.8592    316.928 -9.990e-29
      4.964     8.0321 209.387937     2.3089 1.6517e+02     0.5997    86.0772 6.4713e-01 6.6556e+02  0.0467301      5.062    12.8590    316.928 -9.990e-29
      4.962     8.0321 209.411888     2.3101 1.6517e+02     0.5985    86.1033 6.4591e-01 6.6556e+02  0.0467301      5.060    12.8673    316.964 -9.990e-29
      4.960     8.0321 209.387936     2.3101 1.6517e+02     0.5985    86.1033 6.4835e-01 6.6556e+02  0.0467301      5.058    12.8660    316.928 -9.990e-29
      4.958     8.0320 209.411889     2.3101 1.6517e+02     0.5985    86.1033 6.4957e-01 6.6556e+02  0.0467301      5.056    12.8658    316.965 -9.990e-29
      4.956     8.0319 209.387937     2.3101 1.6150e+02     0.5985    86.1033 6.4347e-01 6.6556e+02  0.0467301      5.054    12.8657    316.930 -9.990e-29
      4.953     8.0320 209.387936     2.3101 1.5924e+02     0.5997    86.0772 6.4225e-01 6.6556e+02  0.0467301      5.051    12.8666    316.929 -9.990e-29
      4.951     8.0321 209.387936     2.3101 1.5924e+02     0.5997    86.0772 6.4713e-01 6.6556e+02  0.0467301      5.049    12.8664    316.928 -9.990e-29
      4.949     8.0321 209.411888     2.3101 1.5614e+02     0.5985    86.1033 6.4469e-01 6.6556e+02  0.0467301      5.047    12.8663    316.964 -9.990e-29
      4.947     8.0320 209.375960     2.3101 1.5352e+02     0.5985    86.1033 6.3004e-01 6.6556e+02  0.0467301      5.045    12.8673    316.910 -9.990e-29
      4.945     8.0317 209.399913     2.3101 1.5309e+02     0.5985    86.1033 6.2637e-01 6.6556e+02  0.0467301      5.042    12.8672    316.950 -9.990e-29
      4.943     8.0321 209.411888     2.3101 1.5181e+02     0.5997    86.0772 6.3492e-01 6.6556e+02  0.0467301      5.040    12.8681    316.964 -9.990e-29
      4.941     8.0322 209.387935     2.3101 1.4968e+02     0.5985    86.1033 6.4835e-01 6.6556e+02  0.0467301      5.038    12.8690    316.927 -9.990e-29
      4.938     8.0317 209.387937     2.3101 1.4926e+02     0.5997    86.0772 6.5812e-01 6.6556e+02  0.0471458      5.035    12.8690    316.931 -9.990e-29
      4.935     8.0317 209.423865     2.3101 1.4843e+02     0.5985    86.1033 6.4835e-01 6.6556e+02  0.0475616      5.032    12.8699    316.986 -9.990e-29
      4.932     8.0315 209.423863     2.3101 1.4635e+02     0.5997    86.0772 6.3614e-01 6.6556e+02  0.0471458      5.029    12.8709    316.988 -9.990e-29
      4.930     8.0316 209.423865     2.3101 1.4594e+02     0.5973    86.1294 6.2759e-01 6.6556e+02  0.0467301      5.027    12.8706    316.987 -9.990e-29
      4.928     8.0317 209.375960     2.3114 1.4594e+02     0.5985    86.1033 6.2149e-01 6.6556e+02  0.0463143      5.025    12.8793    316.913 -9.990e-29
      4.926     8.0315 209.423864     2.3101 1.4553e+02     0.5985    86.1033 6.0928e-01 6.6556e+02  0.0467301      5.023    12.8700    316.988 -9.990e-29
      4.924     8.0315 209.423865     2.3101 1.4553e+02     0.5985    86.1033 6.0440e-01 6.6556e+02  0.0467301      5.021    12.8709    316.988 -9.990e-29
      4.921     8.0317 209.387936     2.3114 1.4553e+02     0.5985    86.1033 6.0440e-01 6.6556e+02  0.0467301      5.018    12.8807    316.931 -9.990e-29
      4.918     8.0313 209.387936     2.3101 1.4677e+02     0.5985    86.1033 6.0317e-01 6.6556e+02  0.0467301      5.015    12.8725    316.935 -9.990e-29
      4.916     8.0315 209.471768     2.3114 1.4718e+02     0.5985    86.1033 5.9951e-01 6.6556e+02  0.0471458      5.013    12.8812    317.060 -9.990e-29
      4.914     8.0311 209.411888     2.3101 1.4718e+02     0.5985    86.1033 6.0073e-01 6.6556e+02  0.0467301      5.011    12.8719    316.974 -9.990e-29
      4.912     8.0311 209.423864     2.3101 1.4635e+02     0.5985    86.1033 6.1661e-01 6.6556e+02  0.0467301      5.009    12.8705    316.992 -9.990e-29
      4.910     8.0307 209.352009     2.3101 1.4553e+02     0.5973    86.1294 6.4103e-01 6.6556e+02  0.0467301      5.007    12.8693    316.887 -9.990e-29
      4.908     8.0300 209.363985     2.3101 1.4594e+02     0.5973    86.1294 6.5812e-01 6.6556e+02  0.0471458      5.005    12.8680    316.912 -9.990e-29
      4.905     8.0293 209.340034     2.3101 1.4635e+02     0.5985    86.1033 6.5690e-01 6.6556e+02  0.0467301      5.002    12.8679    316.882 -9.990e-29
      4.903     8.0292 209.363984     2.3101 1.4635e+02     0.5985    86.1033 6.4957e-01 6.6556e+02  0.0463143      5.000    12.8675    316.919 -9.990e-29
      4.903     8.0292 209.363987     2.3101 1.4635e+02     0.5985    86.1033 6.4713e-01 6.6556e+02  0.0467301      5.000    12.8671    316.919 -9.990e-29
      4.901     8.0293 209.399912     2.3101 1.4801e+02     0.5985    86.1033 6.4713e-01 6.6556e+02  0.0471458      4.998    12.8679    316.973 -9.990e-29
      4.901     8.0297 209.375961     2.3101 1.4884e+02     0.5985    86.1033 6.5446e-01 6.6556e+02  0.0467301      4.998    12.8684    316.933 -9.990e-29
      4.902     8.0299 209.399912     2.3101 1.4926e+02     0.5973    86.1294 6.6422e-01 6.6556e+02  0.0467301      4.999    12.8679    316.967 -9.990e-29
      4.903     8.0299 209.459794     2.3114 1.5095e+02     0.5985    86.1033 6.7888e-01 6.6556e+02  0.0471458      5.000    12.8765    317.058 -9.990e-29
      4.902     8.0299 209.447817     2.3101 1.5266e+02     0.5985    86.1033 6.7399e-01 6.6556e+02  0.0467301      4.999    12.8669    317.039 -9.990e-29
      4.900     8.0299 209.399912     2.3101 1.5266e+02     0.5997    86.0772 6.6178e-01 6.6556e+02  0.0467301      4.997    12.8676    316.967 -9.990e-29
      4.900     8.0292 209.387937     2.3114 1.5396e+02     0.5973    86.1294 6.6056e-01 6.6556e+02  0.0467301      4.997    12.8764    316.955 -9.990e-29
      4.900     8.0289 209.387938     2.3101 1.5570e+02     0.5973    86.1294 6.8132e-01 6.6556e+02  0.0467301      4.997    12.8680    316.958 -9.990e-29
      4.900     8.0289 209.363986     2.3114 1.5614e+02     0.5961    86.1556 7.1062e-01 6.6556e+02  0.0467301      4.997    12.8765    316.922 -9.990e-29
      4.901     8.0290 209.399912     2.3114 1.5702e+02     0.5961    86.1556 7.5458e-01 6.6556e+02  0.0467301      4.998    12.8759    316.976 -9.990e-29
      4.903     8.0297 209.411889     2.3101 1.5969e+02     0.5961    86.1556 8.2173e-01 6.6556e+02  0.0467301      5.000    12.8672    316.987 -9.990e-29
      4.905     8.0301 209.387937     2.3101 1.6059e+02     0.5973    86.1294 8.4005e-01 6.6556e+02  0.0467301      5.002    12.8664    316.947 -9.990e-29
      4.906     8.0307 209.423864     2.3101 1.6104e+02     0.5961    86.1556 7.8632e-01 6.6556e+02  0.0467301      5.003    12.8679    316.995 -9.990e-29
      4.907     8.0311 209.399912     2.3114 1.6379e+02     0.5961    86.1556 7.2772e-01 6.6556e+02  0.0467301      5.004    12.8763    316.955 -9.990e-29
