data/05_metadata_exports/SeabirdData/202305_SeabirdData/83324_stn42.cnv
* Sea-Bird SBE 9 Data File:
* FileName = C:\Users\rosette\Rosette Data\2023\Ontario CSMI\stn42.hex
* Software Version Seasave V 7.26.6.26
* Temperature SN = 5270
* Conductivity SN = 1168
* Number of Bytes Per Scan = 40
* Number of Voltage Words = 5
* Number of Scans Averaged by the Deck Unit = 1
* NMEA Latitude = 43 50.40 N
* NMEA Longitude = 078 02.16 W
* NMEA UTC (Time) = Oct 01 2003  22:42:50
* NMEA baud rate = 4800
** Ship: Lake Guardian
** Ontario CSMI LWFS
** Station:  stn42
# nquan = 14                                
# nvalues = 14463                       
# units = specified
# name 0 = prDM: Pressure, Digiquartz [db]
# name 1 = t090C: Temperature [ITS-90, deg C]
# name 2 = c0uS/cm: Conductivity [uS/cm]
# name 3 = sbeox0V: Oxygen raw, SBE 43 [V]
# name 4 = par: PAR/Irradiance, Biospherical/Licor
# name 5 = bat: Beam Attenuation, Chelsea/Seatech [1/m]
# name 6 = xmiss: Beam Transmission, Chelsea/Seatech [%]
# name 7 = flSP: Fluorescence, Seapoint
# name 8 = spar: SPAR, Biospherical/Licor
# name 9 = upoly0: Upoly 0, Suna Nitrate
# name 10 = depFM: Depth [fresh water, m], lat = 43.84
# name 11 = sbeox0Mg/L: Oxygen, SBE 43 [mg/l], WS = 2
# name 12 = specc: Specific Conductance [uS/cm]
# name 13 = flag: flag
# span 0 =     -0.177,     64.057       
# span 1 =     4.1696,     8.0873       
# span 2 =  13.450077, 644.804092       
# span 3 =     1.9231,     2.3358       
# span 4 = 1.0000e-12, 1.2096e+03       
# span 5 =     0.1023,     2.7141       
# span 6 =    50.7366,    97.4740       
# span 7 = 0.0000e+00, 1.2869e+00       
# span 8 = 6.5177e+02, 7.5220e+02       
# span 9 =  0.0409094,  0.0608660       
# span 10 =     -0.180,     65.320      
# span 11 =    10.1049,    13.6926      
# span 12 =     21.388,   1024.544      
# span 13 = 0.0000e+00, 0.0000e+00      
# interval = seconds: 0.0416667
# start_time = Oct 01 2003 22:42:50 [NMEA time, header]
# bad_flag = -9.990e-29
*END*
[from data line 4130]
      2.107     8.0675 209.579473     2.3138 2.8910e+02     0.6058    85.9465 4.6764e-01 7.2266e+02  0.0467301      2.149    12.8703    316.878 -9.990e-29
      2.107     8.0670 209.531568     2.3150 2.8991e+02     0.6070    85.9203 4.5543e-01 7.2069e+02  0.0467301      2.149    12.8803    316.810 -9.990e-29
      2.106     8.0659 209.507616     2.3150 2.9237e+02     0.6070    85.9203 4.5543e-01 7.2069e+02  0.0467301      2.148    12.8801    316.785 -9.990e-29
      2.106     8.0646 209.507619     2.3150 2.9402e+02     0.6070    85.9203 4.5177e-01 7.2069e+02  0.0463143      2.148    12.8810    316.797 -9.990e-29
      2.104     8.0621 209.507618     2.3150 2.9402e+02     0.6058    85.9465 4.4933e-01 7.2069e+02  0.0467301      2.145    12.8823    316.821 -9.990e-29
      2.102     8.0589 209.543550     2.3162 2.9902e+02     0.6070    85.9203 4.4811e-01 7.2069e+02  0.0467301      2.143    12.8923    316.906 -9.990e-29
      2.099     8.0563 209.543552     2.3150 3.0155e+02     0.6070    85.9203 4.4078e-01 7.2069e+02  0.0463143      2.140    12.8853    316.931 -9.990e-29
      2.095     8.0538 209.531576     2.3138 3.0155e+02     0.6058    85.9465 4.3712e-01 7.2069e+02  0.0467301      2.136    12.8782    316.937 -9.990e-29
      2.091     8.0522 209.495650     2.3138 3.0841e+02     0.6070    85.9203 4.4322e-01 7.2069e+02  0.0467301      2.132    12.8782    316.898 -9.990e-29
      2.086     8.0512 209.519603     2.3126 3.1278e+02     0.6058    85.9465 4.4689e-01 7.2069e+02  0.0467301      2.127    12.8696    316.944 -9.990e-29
      2.079     8.0508 209.471698     2.3138 3.1278e+02     0.6070    85.9203 4.5055e-01 7.2069e+02  0.0467301      2.120    12.8777    316.875 -9.990e-29
      2.071     8.0505 209.447746     2.3150 3.1455e+02     0.6058    85.9465 4.4689e-01 7.2069e+02  0.0463143      2.112    12.8868    316.842 -9.990e-29
      2.064     8.0505 209.519602     2.3150 3.1632e+02     0.6070    85.9203 4.4200e-01 7.2069e+02  0.0467301      2.105    12.8874    316.950 -9.990e-29
      2.056     8.0501 209.471698     2.3138 3.1632e+02     0.6058    85.9465 4.3712e-01 7.2069e+02  0.0467301      2.097    12.8797    316.882 -9.990e-29
      2.049     8.0511 209.399841     2.3150 3.1721e+02     0.6021    86.0249 4.3101e-01 7.2069e+02  0.0467301      2.089    12.8873    316.763 -9.990e-29
      2.040     8.0524 209.471697     2.3150 3.1900e+02     0.6009    86.0510 4.2613e-01 7.2069e+02  0.0463143      2.080    12.8864    316.860 -9.990e-29
      2.030     8.0536 209.483671     2.3138 3.1990e+02     0.6021    86.0249 4.2491e-01 7.2069e+02  0.0463143      2.070    12.8773    316.866 -9.990e-29
      2.020     8.0536 209.519599     2.3138 3.2170e+02     0.6009    86.0510 4.1758e-01 7.2069e+02  0.0463143      2.060    12.8769    316.921 -9.990e-29
      2.012     8.0529 209.555528     2.3150 3.2534e+02     0.6021    86.0249 4.1758e-01 7.2069e+02  0.0467301      2.052    12.8853    316.982 -9.990e-29
      2.002     8.0519 209.495649     2.3150 3.2626e+02     0.6009    86.0510 4.1514e-01 7.2069e+02  0.0467301      2.041    12.8843    316.901 -9.990e-29
      1.991     8.0509 209.483671     2.3150 3.2718e+02     0.6021    86.0249 4.1270e-01 7.2069e+02  0.0463143      2.030    12.8834    316.892 -9.990e-29
      1.980     8.0492 209.411818     2.3150 3.2995e+02     0.6021    86.0249 4.1514e-01 7.2069e+02  0.0463143      2.019    12.8828    316.800 -9.990e-29
      1.969     8.0478 209.423794     2.3150 3.3088e+02     0.6021    86.0249 4.2247e-01 7.2069e+02  0.0467301      2.008    12.8820    316.831 -9.990e-29
      1.957     8.0471 209.399842     2.3150 3.3275e+02     0.6009    86.0510 4.2857e-01 7.2069e+02  0.0467301      1.996    12.8822    316.802 -9.990e-29
      1.946     8.0464 209.411818     2.3150 3.4032e+02     0.6021    86.0249 4.3468e-01 7.2069e+02  0.0467301      1.984    12.8835    316.827 -9.990e-29
      1.934     8.0456 209.435771     2.3150 3.4320e+02     0.6021    86.0249 4.3468e-01 7.2069e+02  0.0467301      1.972    12.8827    316.871 -9.990e-29
      1.922     8.0456 209.471698     2.3138 3.4320e+02     0.6009    86.0510 4.3223e-01 7.2069e+02  0.0467301      1.960    12.8742    316.925 -9.990e-29
      1.911     8.0461 209.447745     2.3150 3.4611e+02     0.6021    86.0249 4.2979e-01 7.2069e+02  0.0467301      1.949    12.8814    316.884 -9.990e-29
      1.902     8.0465 209.447745     2.3150 3.4806e+02     0.6009    86.0510 4.2735e-01 7.2069e+02  0.0467301      1.939    12.8814    316.880 -9.990e-29
      1.893     8.0469 209.447745     2.3150 3.4806e+02     0.6021    86.0249 4.2735e-01 7.2069e+02  0.0467301      1.930    12.8814    316.876 -9.990e-29
      1.883     8.0471 209.483673     2.3150 3.7552e+02     0.6021    86.0249 4.2491e-01 7.2069e+02  0.0467301      1.920    12.8827    316.929 -9.990e-29
      1.874     8.0477 209.435767     2.3150 3.9391e+02     0.6021    86.0249 4.2125e-01 7.2069e+02  0.0463143      1.911    12.8828    316.850 -9.990e-29
      1.865     8.0480 209.459720     2.3138 3.9725e+02     0.6021    86.0249 4.1514e-01 7.2069e+02  0.0467301      1.902    12.8735    316.884 -9.990e-29
      1.857     8.0484 209.495647     2.3138 3.7870e+02     0.6009    86.0510 4.0171e-01 7.2069e+02  0.0471458      1.894    12.8737    316.934 -9.990e-29
      1.849     8.0493 209.483670     2.3138 3.6511e+02     0.6009    86.0510 3.9683e-01 7.2069e+02  0.0471458      1.885    12.8715    316.908 -9.990e-29
      1.841     8.0495 209.483670     2.3150 3.6204e+02     0.5997    86.0772 4.0293e-01 7.2069e+02  0.0463143      1.877    12.8789    316.906 -9.990e-29
      1.834     8.0496 209.495646     2.3150 3.5398e+02     0.5997    86.0772 4.1026e-01 7.2069e+02  0.0467301      1.870    12.8791    316.923 -9.990e-29
      1.828     8.0498 209.411813     2.3150 3.4514e+02     0.5997    86.0772 4.0904e-01 7.2069e+02  0.0471458      1.864    12.8794    316.794 -9.990e-29
      1.824     8.0498 209.423790     2.3138 3.4224e+02     0.5997    86.0772 4.0293e-01 7.2069e+02  0.0467301      1.860    12.8702    316.812 -9.990e-29
      1.820     8.0497 209.483669     2.3138 3.3651e+02     0.5985    86.1033 3.9683e-01 7.2069e+02  0.0467301      1.856    12.8706    316.904 -9.990e-29
      1.818     8.0495 209.483669     2.3138 3.2534e+02     0.5997    86.0772 3.9683e-01 7.2069e+02  0.0463143      1.854    12.8711    316.906 -9.990e-29
      1.818     8.0498 209.519598     2.3138 3.2261e+02     0.5985    86.1033 4.0415e-01 7.2069e+02  0.0463143      1.854    12.8714    316.957 -9.990e-29
      1.819     8.0499 209.447740     2.3138 3.1455e+02     0.5997    86.0772 4.0049e-01 7.2069e+02  0.0463143      1.855    12.8717    316.847 -9.990e-29
      1.820     8.0501 209.435765     2.3126 2.9237e+02     0.5997    86.0772 3.8706e-01 7.2069e+02  0.0463143      1.856    12.8646    316.827 -9.990e-29
      1.822     8.0505 209.483668     2.3138 2.8506e+02     0.5997    86.0772 3.7729e-01 7.2069e+02  0.0467301      1.858    12.8732    316.896 -9.990e-29
      1.826     8.0509 209.483669     2.3138 2.8828e+02     0.5997    86.0772 3.7729e-01 7.2069e+02  0.0467301      1.862    12.8735    316.892 -9.990e-29
      1.830     8.0516 209.495644     2.3126 3.0240e+02     0.5997    86.0772 3.7973e-01 7.2069e+02  0.0467301      1.866    12.8664    316.904 -9.990e-29
      1.835     8.0521 209.507620     2.3138 3.0841e+02     0.5997    86.0772 3.8217e-01 7.2069e+02  0.0467301      1.871    12.8750    316.917 -9.990e-29
      1.842     8.0527 209.543548     2.3150 3.0928e+02     0.5997    86.0772 3.8828e-01 7.2069e+02  0.0463143      1.878    12.8837    316.965 -9.990e-29
      1.849     8.0532 209.471691     2.3138 3.1721e+02     0.5997    86.0772 3.9560e-01 7.2069e+02  0.0467301      1.885    12.8757    316.852 -9.990e-29
      1.857     8.0536 209.447739     2.3138 3.2170e+02     0.5997    86.0772 3.9927e-01 7.2069e+02  0.0467301      1.894    12.8772    316.812 -9.990e-29
      1.865     8.0539 209.483668     2.3126 3.2170e+02     0.5997    86.0772 3.9805e-01 7.2069e+02  0.0463143      1.902    12.8682    316.863 -9.990e-29
      1.873     8.0539 209.411811     2.3138 3.2718e+02     0.5997    86.0772 3.9927e-01 7.2069e+02  0.0463143      1.910    12.8772    316.755 -9.990e-29
      1.881     8.0542 209.471692     2.3138 3.2995e+02     0.5997    86.0772 4.0415e-01 7.2069e+02  0.0463143      1.918    12.8777    316.842 -9.990e-29
      1.891     8.0539 209.507620     2.3138 3.2995e+02     0.6009    86.0510 4.0659e-01 7.2069e+02  0.0463143      1.928    12.8795    316.900 -9.990e-29
      1.900     8.0537 209.507620     2.3138 3.2534e+02     0.6009    86.0510 4.0049e-01 7.2069e+02  0.0467301      1.937    12.8813    316.902 -9.990e-29
      1.909     8.0536 209.459717     2.3138 3.2261e+02     0.6009    86.0510 3.9560e-01 7.2069e+02  0.0467301      1.947    12.8821    316.830 -9.990e-29
      1.920     8.0536 209.471692     2.3150 3.2170e+02     0.6009    86.0510 3.9316e-01 7.2069e+02  0.0467301      1.958    12.8901    316.848 -9.990e-29
      1.931     8.0532 209.495646     2.3138 3.2080e+02     0.6021    86.0249 3.9316e-01 7.1872e+02  0.0463143      1.969    12.8814    316.888 -9.990e-29
      1.941     8.0532 209.459718     2.3138 3.2080e+02     0.6021    86.0249 3.9683e-01 7.1872e+02  0.0463143      1.979    12.8821    316.834 -9.990e-29
      1.951     8.0530 209.471694     2.3138 3.1990e+02     0.6009    86.0510 4.0415e-01 7.2069e+02  0.0463143      1.989    12.8829    316.854 -9.990e-29
      1.961     8.0526 209.435765     2.3138 3.1900e+02     0.6009    86.0510 4.1026e-01 7.2069e+02  0.0463143      2.000    12.8837    316.803 -9.990e-29
      1.973     8.0521 209.507624     2.3138 3.1632e+02     0.6009    86.0510 4.1392e-01 7.2069e+02  0.0467301      2.012    12.8847    316.917 -9.990e-29
      1.984     8.0509 209.471696     2.3138 3.1543e+02     0.6021    86.0249 4.1636e-01 7.2069e+02  0.0467301      2.023    12.8848    316.874 -9.990e-29
      1.993     8.0507 209.447745     2.3138 3.1455e+02     0.6021    86.0249 4.1392e-01 7.2069e+02  0.0463143      2.032    12.8856    316.840 -9.990e-29
      2.001     8.0498 209.411817     2.3150 3.1190e+02     0.6009    86.0510 4.1026e-01 7.2069e+02  0.0467301      2.040    12.8940    316.794 -9.990e-29
      2.009     8.0492 209.411818     2.3150 3.1103e+02     0.6009    86.0510 4.0781e-01 7.2069e+02  0.0467301      2.049    12.8938    316.800 -9.990e-29
      2.016     8.0492 209.459722     2.3150 3.1015e+02     0.6009    86.0510 4.1026e-01 7.1872e+02  0.0467301      2.056    12.8945    316.872 -9.990e-29
      2.024     8.0488 209.483674     2.3138 3.0841e+02     0.6021    86.0249 4.1148e-01 7.1872e+02  0.0467301      2.064    12.8848    316.912 -9.990e-29
      2.032     8.0498 209.483674     2.3138 3.0755e+02     0.6021    86.0249 4.1270e-01 7.2069e+02  0.0467301      2.072    12.8840    316.903 -9.990e-29
      2.040     8.0519 209.519600     2.3150 3.0755e+02     0.6009    86.0510 4.1758e-01 7.2069e+02  0.0467301      2.080    12.8913    316.937 -9.990e-29
      2.048     8.0553 209.543551     2.3138 3.0496e+02     0.6009    86.0510 4.2125e-01 7.1872e+02  0.0467301      2.088    12.8813    316.941 -9.990e-29
      2.056     8.0602 209.555524     2.3138 3.0325e+02     0.6021    86.0249 4.3223e-01 7.1872e+02  0.0471458      2.097    12.8791    316.912 -9.990e-29
      2.063     8.0660 209.567497     2.3138 3.0240e+02     0.6009    86.0510 4.5055e-01 7.1872e+02  0.0467301      2.104    12.8776    316.874 -9.990e-29
      2.070     8.0734 209.651325     2.3150 2.9567e+02     0.6021    86.0249 4.4811e-01 7.1872e+02  0.0467301      2.111    12.8841    316.930 -9.990e-29
      2.075     8.0790 209.639346     2.3138 2.9155e+02     0.6021    86.0249 4.4078e-01 7.1872e+02  0.0463143      2.116    12.8732    316.858 -9.990e-29
      2.079     8.0828 209.699224     2.3138 2.9155e+02     0.6021    86.0249 4.2979e-01 7.1872e+02  0.0463143      2.120    12.8714    316.912 -9.990e-29
      2.084     8.0839 209.651318     2.3138 2.9073e+02     0.6009    86.0510 4.2247e-01 7.1872e+02  0.0467301      2.125    12.8714    316.829 -9.990e-29
      2.088     8.0840 209.663295     2.3150 2.8910e+02     0.6021    86.0249 4.1880e-01 7.1872e+02  0.0467301      2.129    12.8802    316.847 -9.990e-29
      2.093     8.0832 209.639342     2.3150 2.8910e+02     0.6009    86.0510 4.1758e-01 7.1872e+02  0.0467301      2.134    12.8798    316.818 -9.990e-29
      2.096     8.0829 209.627367     2.3138 2.9818e+02     0.6021    86.0249 4.2247e-01 7.1872e+02  0.0463143      2.137    12.8719    316.803 -9.990e-29
      2.098     8.0845 209.603413     2.3138 3.0668e+02     0.6009    86.0510 4.2979e-01 7.1872e+02  0.0463143      2.139    12.8716    316.751 -9.990e-29
      2.098     8.0837 209.615390     2.3138 3.0841e+02     0.6021    86.0249 4.3834e-01 7.1872e+02  0.0467301      2.139    12.8733    316.777 -9.990e-29
      2.098     8.0827 209.627366     2.3150 3.0841e+02     0.6021    86.0249 4.4444e-01 7.1872e+02  0.0467301      2.139    12.8812    316.805 -9.990e-29
      2.098     8.0805 209.603415     2.3138 3.0841e+02     0.6021    86.0249 4.4078e-01 7.1872e+02  0.0463143      2.139    12.8738    316.790 -9.990e-29
      2.099     8.0772 209.603420     2.3138 3.0841e+02     0.6009    86.0510 4.2979e-01 7.1872e+02  0.0467301      2.140    12.8752    316.821 -9.990e-29
      2.097     8.0745 209.639348     2.3138 3.0928e+02     0.6021    86.0249 4.2125e-01 7.1872e+02  0.0467301      2.138    12.8763    316.901 -9.990e-29
      2.095     8.0709 209.591447     2.3138 3.1015e+02     0.6021    86.0249 4.2002e-01 7.1872e+02  0.0463143      2.136    12.8776    316.863 -9.990e-29
      2.091     8.0680 209.567496     2.3150 3.1015e+02     0.6009    86.0510 4.2491e-01 7.1872e+02  0.0467301      2.132    12.8860    316.855 -9.990e-29
      2.087     8.0652 209.543544     2.3138 3.1103e+02     0.6021    86.0249 4.2613e-01 7.1872e+02  0.0467301      2.128    12.8787    316.846 -9.990e-29
      2.082     8.0627 209.507618     2.3138 3.1278e+02     0.6009    86.0510 4.2369e-01 7.1872e+02  0.0467301      2.123    12.8807    316.815 -9.990e-29
      2.079     8.0615 209.579475     2.3150 3.1366e+02     0.6021    86.0249 4.2002e-01 7.1872e+02  0.0467301      2.120    12.8906    316.935 -9.990e-29
      2.075     8.0605 209.555525     2.3138 3.1543e+02     0.6021    86.0249 4.2247e-01 7.1872e+02  0.0467301      2.116    12.8837    316.909 -9.990e-29
      2.070     8.0594 209.543548     2.3138 3.2080e+02     0.6021    86.0249 4.2613e-01 7.1872e+02  0.0467301      2.111    12.8842    316.901 -9.990e-29
      2.065     8.0600 209.531572     2.3138 3.2352e+02     0.6021    86.0249 4.2491e-01 7.1872e+02  0.0467301      2.106    12.8839    316.877 -9.990e-29
      2.060     8.0602 209.507619     2.3150 3.2261e+02     0.6009    86.0510 4.2002e-01 7.1872e+02  0.0467301      2.101    12.8933    316.839 -9.990e-29
      2.055     8.0595 209.543548     2.3138 3.1632e+02     0.6009    86.0510 4.2002e-01 7.1872e+02  0.0463143      2.096    12.8851    316.900 -9.990e-29
      2.051     8.0587 209.543550     2.3138 3.1366e+02     0.6009    86.0510 4.2369e-01 7.2069e+02  0.0463143      2.091    12.8853    316.908 -9.990e-29
      2.045     8.0582 209.495644     2.3150 3.1278e+02     0.5997    86.0772 4.2125e-01 7.2069e+02  0.0463143      2.085    12.8937    316.840 -9.990e-29
      2.039     8.0576 209.519597     2.3138 3.1190e+02     0.5997    86.0772 4.1758e-01 7.2069e+02  0.0467301      2.079    12.8864    316.882 -9.990e-29
      2.033     8.0563 209.471693     2.3150 3.1103e+02     0.6009    86.0510 4.1270e-01 7.2069e+02  0.0467301      2.073    12.8951    316.822 -9.990e-29
      2.027     8.0550 209.483671     2.3150 3.1103e+02     0.5997    86.0772 4.1026e-01 7.2069e+02  0.0467301      2.067    12.8953    316.853 -9.990e-29
