data/05_metadata_exports/SeabirdData/202305_SeabirdData/83324_stn42.cnv
* Sea-Bird SBE 9 Data File:
* FileName = C:\Users\rosette\Rosette Data\2023\Ontario CSMI\stn42.hex
* Software Version Seasave V 7.26.6.26
* Temperature SN = 5270
* Conductivity SN = 1168
* Number of Bytes Per Scan = 40
* Number of Voltage Words = 5
* Number of Scans Averaged by the Deck Unit = 1
* NMEA Latitude = 43 50.40 N
* NMEA Longitude = 078 02.16 W
* NMEA UTC (Time) = Oct 01 2003  22:42:50
* NMEA baud rate = 4800
** Ship: Lake Guardian
** Ontario CSMI LWFS
** Station:  stn42
# nquan = 14                                
# nvalues = 14463                       
# units = specified
# name 0 = prDM: Pressure, Digiquartz [db]
# name 1 = t090C: Temperature [ITS-90, deg C]
# name 2 = c0uS/cm: Conductivity [uS/cm]
# name 3 = sbeox0V: Oxygen raw, SBE 43 [V]
# name 4 = par: PAR/Irradiance, Biospherical/Licor
# name 5 = bat: Beam Attenuation, Chelsea/Seatech [1/m]
# name 6 = xmiss: Beam Transmission, Chelsea/Seatech [%]
# name 7 = flSP: Fluorescence, Seapoint
# name 8 = spar: SPAR, Biospherical/Licor
# name 9 = upoly0: Upoly 0, Suna Nitrate
# name 10 = depFM: Depth [fresh water, m], lat = 43.84
# name 11 = sbeox0Mg/L: Oxygen, SBE 43 [mg/l], WS = 2
# name 12 = specc: Specific Conductance [uS/cm]
# name 13 = flag: flag
# span 0 =     -0.177,     64.057       
# span 1 =     4.1696,     8.0873       
# span 2 =  13.450077, 644.804092       
# span 3 =     1.9231,     2.3358       
# span 4 = 1.0000e-12, 1.2096e+03       
# span 5 =     0.1023,     2.7141       
# span 6 =    50.7366,    97.4740       
# span 7 = 0.0000e+00, 1.2869e+00       
# span 8 = 6.5177e+02, 7.5220e+02       
# span 9 =  0.0409094,  0.0608660       
# span 10 =     -0.180,     65.320      
# span 11 =    10.1049,    13.6926      
# span 12 =     21.388,   1024.544      
# span 13 = 0.0000e+00, 0.0000e+00      
# interval = seconds: 0.0416667
# start_time = Oct 01 2003 22:42:50 [NMEA time, header]
# bad_flag = -9.990e-29
*END*
[from data line 10220]
     45.450     4.2652 184.636128     2.0952 1.1461e-01     0.2487    93.9713 3.8095e-01 6.9510e+02  0.0483931     46.346    12.7026    315.442 0.0000e+00
     45.430     4.2654 184.612243     2.0952 1.1524e-01     0.2487    93.9713 3.8095e-01 6.9510e+02  0.0483931     46.326    12.7019    315.399 0.0000e+00
     45.411     4.2654 184.624185     2.0952 1.1587e-01     0.2487    93.9713 3.8584e-01 6.9510e+02  0.0483931     46.306    12.7014    315.420 0.0000e+00
     45.391     4.2655 184.636127     2.0965 1.1587e-01     0.2487    93.9713 3.7973e-01 6.9510e+02  0.0483931     46.286    12.7108    315.439 0.0000e+00
     45.372     4.2655 184.636126     2.0965 1.1461e-01     0.2487    93.9713 3.6264e-01 6.9510e+02  0.0483931     46.267    12.7115    315.439 0.0000e+00
     45.352     4.2655 184.671952     2.0965 1.1399e-01     0.2476    93.9974 3.4554e-01 6.9510e+02  0.0483931     46.246    12.7121    315.500 0.0000e+00
     45.333     4.2661 184.624183     2.0965 1.1399e-01     0.2465    94.0236 3.3211e-01 6.9510e+02  0.0483931     46.227    12.7109    315.412 0.0000e+00
     45.315     4.2665 184.600300     2.0952 1.1776e-01     0.2454    94.0497 3.1990e-01 6.9510e+02  0.0479774     46.208    12.7010    315.367 0.0000e+00
     45.296     4.2668 184.636124     2.0965 1.1966e-01     0.2454    94.0497 3.1624e-01 6.9510e+02  0.0483931     46.189    12.7114    315.425 0.0000e+00
     45.276     4.2666 184.588356     2.0952 1.2030e-01     0.2454    94.0497 3.1746e-01 6.9510e+02  0.0483931     46.169    12.7016    315.346 0.0000e+00
     45.257     4.2665 184.576415     2.0965 1.1712e-01     0.2465    94.0236 3.2112e-01 6.9510e+02  0.0483931     46.149    12.7105    315.326 0.0000e+00
     45.236     4.2666 184.588356     2.0952 1.1461e-01     0.2454    94.0497 3.2357e-01 6.9510e+02  0.0479774     46.128    12.7005    315.346 0.0000e+00
     45.216     4.2681 184.636121     2.0952 1.1399e-01     0.2454    94.0497 3.2234e-01 6.9510e+02  0.0483931     46.107    12.6971    315.411 0.0000e+00
     45.196     4.2722 184.695830     2.0952 1.1587e-01     0.2465    94.0236 3.2601e-01 6.9510e+02  0.0483931     46.087    12.6972    315.469 0.0000e+00
     45.175     4.2759 184.695825     2.0952 1.1776e-01     0.2465    94.0236 3.2357e-01 6.9510e+02  0.0483931     46.066    12.6974    315.429 0.0000e+00
     45.156     4.2792 184.731651     2.0965 1.1839e-01     0.2443    94.0758 3.1380e-01 6.9510e+02  0.0483931     46.046    12.7063    315.455 0.0000e+00
     45.136     4.2836 184.839126     2.0952 1.1839e-01     0.2454    94.0497 3.1502e-01 6.9510e+02  0.0483931     46.026    12.6944    315.591 0.0000e+00
     45.116     4.2897 184.839122     2.0952 1.1839e-01     0.2443    94.0758 3.0891e-01 6.9510e+02  0.0483931     46.006    12.6920    315.525 0.0000e+00
     45.094     4.2941 184.839120     2.0952 1.1903e-01     0.2454    94.0497 2.9792e-01 6.9510e+02  0.0483931     45.983    12.6901    315.478 0.0000e+00
     45.071     4.2965 184.791349     2.0952 1.1966e-01     0.2465    94.0236 2.8571e-01 6.9510e+02  0.0483931     45.960    12.6889    315.370 0.0000e+00
     45.048     4.2991 184.815230     2.0965 1.2288e-01     0.2454    94.0497 2.8327e-01 6.9510e+02  0.0483931     45.936    12.6978    315.383 0.0000e+00
     45.026     4.3005 184.862999     2.0965 1.2353e-01     0.2454    94.0497 2.9060e-01 6.9510e+02  0.0483931     45.914    12.6968    315.449 0.0000e+00
     45.003     4.3018 184.874938     2.0965 1.2418e-01     0.2454    94.0497 2.9670e-01 6.9510e+02  0.0483931     45.890    12.6959    315.456 0.0000e+00
     44.981     4.3032 184.874939     2.0965 1.2680e-01     0.2454    94.0497 2.9060e-01 6.9510e+02  0.0483931     45.868    12.6964    315.441 0.0000e+00
     44.960     4.3048 184.874937     2.0952 1.2746e-01     0.2465    94.0236 2.8327e-01 6.9510e+02  0.0483931     45.846    12.6851    315.423 0.0000e+00
     44.937     4.3071 184.827166     2.0952 1.2746e-01     0.2476    93.9974 2.7717e-01 6.9510e+02  0.0479774     45.823    12.6837    315.317 0.0000e+00
     44.915     4.3083 184.815223     2.0965 1.3415e-01     0.2498    93.9451 2.7350e-01 6.9510e+02  0.0479774     45.801    12.6927    315.284 0.0000e+00
     44.893     4.3097 184.815222     2.0965 1.3757e-01     0.2521    93.8929 2.7350e-01 6.9510e+02  0.0483931     45.778    12.6914    315.269 0.0000e+00
     44.871     4.3101 184.827164     2.0965 1.3826e-01     0.2521    93.8929 2.7473e-01 6.9510e+02  0.0483931     45.756    12.6935    315.285 0.0000e+00
     44.848     4.3108 184.862989     2.0965 1.3483e-01     0.2521    93.8929 2.7595e-01 6.9510e+02  0.0483931     45.732    12.6954    315.338 0.0000e+00
     44.825     4.3113 184.886873     2.0965 1.3348e-01     0.2521    93.8929 2.7839e-01 6.9510e+02  0.0483931     45.709    12.6973    315.374 0.0000e+00
     44.801     4.3126 184.898814     2.0965 1.3348e-01     0.2521    93.8929 2.7961e-01 6.9510e+02  0.0483931     45.684    12.6974    315.380 0.0000e+00
     44.778     4.3140 184.898813     2.0965 1.3078e-01     0.2521    93.8929 2.7717e-01 6.9510e+02  0.0483931     45.661    12.6974    315.365 0.0000e+00
     44.756     4.3158 184.922695     2.0965 1.2945e-01     0.2521    93.8929 2.7106e-01 6.9510e+02  0.0483931     45.638    12.7000    315.387 0.0000e+00
     44.734     4.3175 184.970465     2.0952 1.2878e-01     0.2521    93.8929 2.7350e-01 6.9510e+02  0.0483931     45.616    12.6880    315.450 0.0000e+00
     44.711     4.3190 184.958520     2.0965 1.3552e-01     0.2509    93.9190 2.7961e-01 6.9510e+02  0.0483931     45.593    12.6979    315.413 0.0000e+00
     44.687     4.3205 184.958518     2.0952 1.4315e-01     0.2521    93.8929 2.8694e-01 6.9510e+02  0.0483931     45.568    12.6859    315.397 0.0000e+00
     44.663     4.3229 185.006287     2.0965 1.4527e-01     0.2521    93.8929 2.8694e-01 6.9510e+02  0.0483931     45.544    12.6953    315.453 0.0000e+00
     44.640     4.3246 184.970457     2.0977 1.4385e-01     0.2521    93.8929 2.8083e-01 6.9510e+02  0.0483931     45.520    12.7039    315.373 0.0000e+00
     44.618     4.3259 184.958514     2.0965 1.4244e-01     0.2521    93.8929 2.7473e-01 6.9510e+02  0.0483931     45.498    12.6939    315.339 0.0000e+00
     44.597     4.3264 184.982399     2.0965 1.4244e-01     0.2532    93.8667 2.8449e-01 6.9510e+02  0.0483931     45.476    12.6950    315.374 0.0000e+00
     44.575     4.3273 184.970456     2.0965 1.4385e-01     0.2509    93.9190 2.8938e-01 6.9510e+02  0.0483931     45.454    12.6943    315.344 0.0000e+00
     44.551     4.3287 184.958512     2.0965 1.4813e-01     0.2521    93.8929 2.8816e-01 6.9510e+02  0.0483931     45.429    12.6948    315.309 0.0000e+00
     44.527     4.3299 185.042108     2.0965 1.4885e-01     0.2521    93.8929 2.8816e-01 6.9313e+02  0.0479774     45.405    12.6951    315.438 0.0000e+00
     44.502     4.3318 185.054047     2.0965 1.4885e-01     0.2521    93.8929 2.8816e-01 6.9510e+02  0.0483931     45.379    12.6935    315.438 0.0000e+00
     44.480     4.3338 185.065989     2.0965 1.5174e-01     0.2532    93.8667 2.9304e-01 6.9313e+02  0.0483931     45.357    12.6934    315.437 0.0000e+00
     44.458     4.3353 185.077930     2.0965 1.5247e-01     0.2565    93.7883 2.9670e-01 6.9313e+02  0.0483931     45.335    12.6934    315.441 0.0000e+00
     44.437     4.3376 185.125699     2.0965 1.5247e-01     0.2565    93.7883 3.0281e-01 6.9313e+02  0.0483931     45.313    12.6931    315.498 0.0000e+00
     44.416     4.3425 185.137638     2.0965 1.5102e-01     0.2565    93.7883 3.0891e-01 6.9313e+02  0.0483931     45.292    12.6931    315.466 0.0000e+00
     44.395     4.3478 185.161519     2.0965 1.5102e-01     0.2565    93.7883 3.1258e-01 6.9313e+02  0.0483931     45.270    12.6899    315.449 0.0000e+00
     44.373     4.3532 185.233172     2.0965 1.5102e-01     0.2565    93.7883 3.1502e-01 6.9313e+02  0.0483931     45.248    12.6865    315.513 0.0000e+00
     44.351     4.3587 185.173456     2.0965 1.5247e-01     0.2565    93.7883 3.1868e-01 6.9313e+02  0.0479774     45.225    12.6845    315.353 0.0000e+00
     44.329     4.3629 185.209279     2.0977 1.5247e-01     0.2565    93.7883 3.2234e-01 6.9313e+02  0.0479774     45.203    12.6938    315.369 0.0000e+00
     44.308     4.3653 185.197336     2.0977 1.5321e-01     0.2565    93.7883 3.1380e-01 6.9313e+02  0.0479774     45.182    12.6942    315.322 0.0000e+00
     44.288     4.3672 185.197335     2.0977 1.5541e-01     0.2565    93.7883 3.0647e-01 6.9313e+02  0.0483931     45.161    12.6947    315.302 0.0000e+00
     44.266     4.3690 185.197333     2.0965 1.5764e-01     0.2565    93.7883 3.0525e-01 6.9313e+02  0.0483931     45.139    12.6858    315.283 0.0000e+00
     44.244     4.3728 185.292871     2.0977 1.5764e-01     0.2576    93.7622 3.1380e-01 6.9313e+02  0.0483931     45.116    12.6947    315.404 0.0000e+00
     44.223     4.3767 185.340641     2.0989 1.5764e-01     0.2576    93.7622 3.2601e-01 6.9313e+02  0.0483931     45.095    12.7048    315.444 0.0000e+00
     44.202     4.3789 185.257038     2.0965 1.5839e-01     0.2576    93.7622 3.3700e-01 6.9313e+02  0.0483931     45.073    12.6874    315.278 0.0000e+00
     44.181     4.3809 185.292866     2.0965 1.5839e-01     0.2576    93.7622 3.4432e-01 6.9313e+02  0.0483931     45.052    12.6856    315.317 0.0000e+00
     44.161     4.3824 185.292864     2.0965 1.5913e-01     0.2588    93.7360 3.5165e-01 6.9313e+02  0.0483931     45.032    12.6868    315.301 0.0000e+00
     44.141     4.3848 185.328692     2.0977 1.5988e-01     0.2588    93.7360 3.6020e-01 6.9313e+02  0.0483931     45.011    12.6938    315.337 0.0000e+00
     44.121     4.3868 185.352575     2.0977 1.5988e-01     0.2588    93.7360 3.7118e-01 6.9313e+02  0.0479774     44.991    12.6944    315.356 0.0000e+00
     44.101     4.3886 185.412290     2.0977 1.6291e-01     0.2588    93.7360 3.7241e-01 6.9313e+02  0.0483931     44.970    12.6964    315.438 0.0000e+00
     44.081     4.3900 185.364515     2.0977 1.6984e-01     0.2576    93.7622 3.6508e-01 6.9313e+02  0.0483931     44.950    12.6970    315.342 0.0000e+00
     44.061     4.3913 185.316744     2.0977 1.7140e-01     0.2599    93.7099 3.5897e-01 6.9313e+02  0.0483931     44.930    12.6974    315.247 0.0000e+00
     44.042     4.3924 185.340628     2.0989 1.6984e-01     0.2576    93.7622 3.6630e-01 6.9313e+02  0.0483931     44.910    12.7071    315.275 0.0000e+00
     44.021     4.3924 185.352571     2.0989 1.6215e-01     0.2576    93.7622 3.6874e-01 6.9313e+02  0.0483931     44.889    12.7076    315.296 0.0000e+00
     44.001     4.3924 185.352570     2.0977 1.6064e-01     0.2576    93.7622 3.6508e-01 6.9313e+02  0.0483931     44.869    12.6986    315.296 0.0000e+00
     43.981     4.3922 185.364513     2.0977 1.6215e-01     0.2576    93.7622 3.6020e-01 6.9313e+02  0.0488089     44.848    12.6989    315.318 0.0000e+00
     43.962     4.3927 185.352569     2.0977 1.7218e-01     0.2588    93.7360 3.5653e-01 6.9313e+02  0.0483931     44.829    12.6988    315.292 0.0000e+00
     43.942     4.3934 185.316741     2.0977 1.7694e-01     0.2576    93.7622 3.5531e-01 6.9313e+02  0.0479774     44.808    12.6998    315.224 0.0000e+00
     43.921     4.3941 185.352567     2.0989 1.7694e-01     0.2565    93.7883 3.5775e-01 6.9313e+02  0.0479774     44.787    12.7099    315.277 0.0000e+00
     43.903     4.3946 185.304795     2.0977 1.7694e-01     0.2576    93.7622 3.6142e-01 6.9313e+02  0.0483931     44.769    12.7011    315.191 0.0000e+00
     43.887     4.3953 185.352567     2.0977 1.7694e-01     0.2565    93.7883 3.6630e-01 6.9313e+02  0.0483931     44.752    12.7000    315.265 0.0000e+00
     43.870     4.3959 185.376451     2.0977 1.7694e-01     0.2565    93.7883 3.7118e-01 6.9313e+02  0.0483931     44.735    12.6988    315.299 0.0000e+00
     43.853     4.3964 185.376451     2.0989 1.7140e-01     0.2588    93.7360 3.7973e-01 6.9313e+02  0.0483931     44.718    12.7067    315.293 0.0000e+00
     43.836     4.3974 185.364507     2.0989 1.6828e-01     0.2588    93.7360 3.8095e-01 6.9313e+02  0.0483931     44.700    12.7064    315.262 0.0000e+00
     43.818     4.3982 185.400335     2.0989 1.6751e-01     0.2576    93.7622 3.7607e-01 6.9313e+02  0.0483931     44.682    12.7061    315.315 0.0000e+00
     43.800     4.3992 185.364505     2.0989 1.7062e-01     0.2576    93.7622 3.7729e-01 6.9313e+02  0.0483931     44.664    12.7056    315.243 0.0000e+00
     43.782     4.4004 185.436161     2.0989 1.7376e-01     0.2588    93.7360 3.7729e-01 6.9313e+02  0.0483931     44.645    12.7048    315.352 0.0000e+00
     43.765     4.4019 185.400333     2.1001 1.7376e-01     0.2576    93.7622 3.7485e-01 6.9313e+02  0.0483931     44.628    12.7145    315.275 0.0000e+00
     43.747     4.4034 185.424217     2.1001 1.7455e-01     0.2588    93.7360 3.8339e-01 6.9313e+02  0.0483931     44.610    12.7161    315.300 0.0000e+00
     43.729     4.4044 185.460044     2.0989 1.7614e-01     0.2588    93.7360 3.9805e-01 6.9313e+02  0.0483931     44.591    12.7042    315.350 0.0000e+00
     43.712     4.4054 185.436158     2.1001 1.7614e-01     0.2588    93.7360 3.9805e-01 6.9313e+02  0.0488089     44.574    12.7107    315.298 0.0000e+00
     43.694     4.4065 185.460043     2.0989 1.8016e-01     0.2576    93.7622 3.8217e-01 6.9313e+02  0.0483931     44.555    12.6998    315.327 0.0000e+00
     43.676     4.4079 185.424212     2.1001 1.8587e-01     0.2576    93.7622 3.5897e-01 6.9313e+02  0.0479774     44.537    12.7086    315.251 0.0000e+00
     43.660     4.4098 185.448098     2.1001 1.8753e-01     0.2588    93.7360 3.4310e-01 6.9313e+02  0.0483931     44.521    12.7078    315.271 0.0000e+00
     43.643     4.4102 185.448097     2.1001 1.9086e-01     0.2588    93.7360 3.3333e-01 6.9313e+02  0.0483931     44.503    12.7073    315.267 0.0000e+00
     43.626     4.4114 185.507811     2.1001 2.0023e-01     0.2576    93.7622 3.2845e-01 6.9313e+02  0.0483931     44.486    12.7063    315.356 0.0000e+00
     43.608     4.4125 185.495867     2.1001 2.0371e-01     0.2565    93.7883 3.2357e-01 6.9313e+02  0.0483931     44.468    12.7053    315.324 0.0000e+00
     43.590     4.4156 185.531694     2.1001 2.0284e-01     0.2576    93.7622 3.2234e-01 6.9313e+02  0.0479774     44.449    12.7047    315.351 0.0000e+00
     43.571     4.4200 185.555578     2.1001 1.9937e-01     0.2565    93.7883 3.2357e-01 6.9313e+02  0.0479774     44.430    12.7036    315.345 0.0000e+00
     43.555     4.4230 185.519744     2.1001 1.9851e-01     0.2576    93.7622 3.2357e-01 6.9313e+02  0.0479774     44.414    12.7014    315.252 0.0000e+00
     43.540     4.4246 185.579462     2.1001 1.9851e-01     0.2576    93.7622 3.3700e-01 6.9313e+02  0.0483931     44.398    12.6995    315.336 0.0000e+00
     43.523     4.4252 185.567517     2.1013 1.9937e-01     0.2576    93.7622 3.6142e-01 6.9313e+02  0.0483931     44.381    12.7072    315.309 0.0000e+00
     43.504     4.4253 185.579460     2.1013 2.0023e-01     0.2588    93.7360 3.7485e-01 6.9313e+02  0.0483931     44.362    12.7071    315.329 0.0000e+00
     43.484     4.4254 185.555573     2.1013 2.0023e-01     0.2588    93.7360 3.6752e-01 6.9313e+02  0.0488089     44.341    12.7082    315.287 0.0000e+00
     43.463     4.4251 185.555571     2.1001 2.0110e-01     0.2588    93.7360 3.5897e-01 6.9313e+02  0.0483931     44.320    12.6984    315.290 0.0000e+00
     43.444     4.4246 185.579459     2.1001 2.0197e-01     0.2588    93.7360 3.6386e-01 6.9313e+02  0.0483931     44.301    12.6979    315.336 0.0000e+00
     43.427     4.4246 185.555572     2.1001 2.0197e-01     0.2588    93.7360 3.6142e-01 6.9313e+02  0.0483931     44.283    12.6954    315.295 0.0000e+00
     43.410     4.4261 185.555571     2.1001 2.0546e-01     0.2576    93.7622 3.4676e-01 6.9313e+02  0.0479774     44.266    12.6951    315.279 0.0000e+00
