data/05_metadata_exports/SeabirdData/202305_SeabirdData/83331_stn41-a.cnv
* Sea-Bird SBE 9 Data File:
* FileName = C:\Users\rosette\Rosette Data\2023\Ontario CSMI\stn41-a.hex
* Software Version Seasave V 7.26.6.26
* Temperature SN = 5270
* Conductivity SN = 1168
* Number of Bytes Per Scan = 40
* Number of Voltage Words = 5
* Number of Scans Averaged by the Deck Unit = 1
* NMEA Latitude = 43 43.01 N
* NMEA Longitude = 078 01.60 W
* NMEA UTC (Time) = Oct 01 2003  23:50:18
* NMEA baud rate = 4800
** Ship: Lake Guardian
** Ontario CSMI LWFS
** Station:  stn41-a
# nquan = 14                                
# nvalues = 20686                       
# units = specified
# name 0 = prDM: Pressure, Digiquartz [db]
# name 1 = t090C: Temperature [ITS-90, deg C]
# name 2 = c0uS/cm: Conductivity [uS/cm]
# name 3 = sbeox0V: Oxygen raw, SBE 43 [V]
# name 4 = par: PAR/Irradiance, Biospherical/Licor
# name 5 = bat: Beam Attenuation, Chelsea/Seatech [1/m]
# name 6 = xmiss: Beam Transmission, Chelsea/Seatech [%]
# name 7 = flSP: Fluorescence, Seapoint
# name 8 = spar: SPAR, Biospherical/Licor
# name 9 = upoly0: Upoly 0, Suna Nitrate
# name 10 = depFM: Depth [fresh water, m], lat = 43.7168
# name 11 = sbeox0Mg/L: Oxygen, SBE 43 [mg/l], WS = 2
# name 12 = specc: Specific Conductance [uS/cm]
# name 13 = flag: flag
# span 0 =     -0.288,    124.939       
# span 1 =     3.7619,     7.1502       
# span 2 =  11.039733, 395.840865       
# span 3 =     1.8889,     2.3358       
# span 4 = 1.0000e-12, 3.6924e+02       
# span 5 =     0.1013,     2.7451       
# span 6 =    50.3446,    97.5001       
# span 7 = 0.0000e+00, 9.7436e-01       
# span 8 = 1.1618e+02, 1.8116e+02       
# span 9 =  0.0741704,  0.3934761       
# span 10 =     -0.294,    127.402      
# span 11 =    10.1006,    13.4723      
# span 12 =     17.594,    629.473      
# span 13 = 0.0000e+00, 0.0000e+00      
# interval = seconds: 0.0416667
# start_time = Oct 01 2003 23:50:18 [NMEA time, header]
# bad_flag = -9.990e-29
*END*
[from data line 15691]
     73.697     3.8552 182.404014     2.1331 1.0000e-12     0.1563    96.1670 2.0391e-01 1.3390e+02  0.3880712     75.150    13.1923    316.058 0.0000e+00
     73.677     3.8552 182.356260     2.1343 1.0000e-12     0.1574    96.1409 2.0391e-01 1.3390e+02  0.3880712     75.130    13.2024    315.975 0.0000e+00
     73.658     3.8552 182.344320     2.1343 1.0000e-12     0.1574    96.1409 2.0024e-01 1.3390e+02  0.3880712     75.110    13.2030    315.954 0.0000e+00
     73.637     3.8552 182.356259     2.1343 1.0000e-12     0.1563    96.1670 2.0024e-01 1.3193e+02  0.3880712     75.089    13.2035    315.975 0.0000e+00
     73.616     3.8553 182.320441     2.1331 1.0000e-12     0.1563    96.1670 2.0147e-01 1.3193e+02  0.3880712     75.067    13.1930    315.912 0.0000e+00
     73.596     3.8555 182.308502     2.1343 1.0000e-12     0.1574    96.1409 2.0147e-01 1.3390e+02  0.3880712     75.047    13.2014    315.889 0.0000e+00
     73.576     3.8553 182.308503     2.1343 1.0000e-12     0.1574    96.1409 2.0513e-01 1.3390e+02  0.3876554     75.027    13.2020    315.891 0.0000e+00
     73.555     3.8553 182.344318     2.1343 1.0000e-12     0.1574    96.1409 2.0879e-01 1.3193e+02  0.3880712     75.005    13.2024    315.953 0.0000e+00
     73.536     3.8553 182.356256     2.1343 1.0000e-12     0.1574    96.1409 2.1612e-01 1.3390e+02  0.3880712     74.986    13.2044    315.974 0.0000e+00
     73.518     3.8553 182.392074     2.1343 1.0000e-12     0.1574    96.1409 2.1856e-01 1.3193e+02  0.3880712     74.967    13.2048    316.036 0.0000e+00
     73.498     3.8557 182.332378     2.1331 1.0000e-12     0.1563    96.1670 2.1490e-01 1.3390e+02  0.3880712     74.947    13.1955    315.928 0.0000e+00
     73.478     3.8557 182.368194     2.1343 1.0000e-12     0.1563    96.1670 2.0879e-01 1.3193e+02  0.3880712     74.927    13.2054    315.990 0.0000e+00
     73.458     3.8557 182.404010     2.1343 1.0000e-12     0.1563    96.1670 2.0635e-01 1.3193e+02  0.3880712     74.906    13.2058    316.052 0.0000e+00
     73.439     3.8557 182.368194     2.1343 1.0000e-12     0.1574    96.1409 2.0757e-01 1.3390e+02  0.3880712     74.887    13.2062    315.990 0.0000e+00
     73.419     3.8557 182.344316     2.1331 1.0000e-12     0.1563    96.1670 2.0757e-01 1.3390e+02  0.3880712     74.867    13.1955    315.949 0.0000e+00
     73.398     3.8558 182.344314     2.1343 1.0000e-12     0.1552    96.1931 2.0879e-01 1.3193e+02  0.3880712     74.845    13.2054    315.948 0.0000e+00
     73.378     3.8557 182.392071     2.1355 1.0000e-12     0.1563    96.1670 2.0757e-01 1.3193e+02  0.3880712     74.825    13.2153    316.032 0.0000e+00
     73.358     3.8555 182.368191     2.1343 1.0000e-12     0.1552    96.1931 2.1123e-01 1.3193e+02  0.3880712     74.804    13.2061    315.992 0.0000e+00
     73.337     3.8557 182.296559     2.1343 1.0000e-12     0.1552    96.1931 2.1123e-01 1.3390e+02  0.3880712     74.783    13.2064    315.866 0.0000e+00
     73.317     3.8557 182.284620     2.1343 1.0000e-12     0.1552    96.1931 2.1612e-01 1.3390e+02  0.3880712     74.763    13.2067    315.845 0.0000e+00
     73.297     3.8559 182.332375     2.1331 1.0000e-12     0.1552    96.1931 2.1368e-01 1.3193e+02  0.3880712     74.742    13.1975    315.926 0.0000e+00
     73.277     3.8558 182.284619     2.1331 1.0000e-12     0.1563    96.1670 2.1368e-01 1.3390e+02  0.3880712     74.722    13.1978    315.844 0.0000e+00
     73.257     3.8558 182.320435     2.1343 1.0000e-12     0.1552    96.1931 2.1612e-01 1.3390e+02  0.3880712     74.701    13.2077    315.906 0.0000e+00
     73.238     3.8558 182.308496     2.1343 1.0000e-12     0.1563    96.1670 2.1734e-01 1.3390e+02  0.3889027     74.682    13.2065    315.886 0.0000e+00
     73.218     3.8564 182.332373     2.1343 1.0000e-12     0.1552    96.1931 2.1856e-01 1.3390e+02  0.3889027     74.662    13.2050    315.920 0.0000e+00
     73.197     3.8563 182.356250     2.1343 1.0000e-12     0.1563    96.1670 2.2589e-01 1.3193e+02  0.3893185     74.640    13.2052    315.963 0.0000e+00
     73.174     3.8563 182.392066     2.1343 1.0000e-12     0.1563    96.1670 2.2955e-01 1.3390e+02  0.3889027     74.617    13.2053    316.025 0.0000e+00
     73.153     3.8563 182.332370     2.1343 1.0000e-12     0.1552    96.1931 2.3077e-01 1.3193e+02  0.3889027     74.595    13.2054    315.922 0.0000e+00
     73.134     3.8564 182.296555     2.1343 1.0000e-12     0.1552    96.1931 2.2955e-01 1.3193e+02  0.3889027     74.576    13.2054    315.858 0.0000e+00
     73.116     3.8566 182.296555     2.1343 1.0000e-12     0.1552    96.1931 2.2222e-01 1.3193e+02  0.3889027     74.558    13.2054    315.856 0.0000e+00
     73.097     3.8566 182.332371     2.1343 1.0000e-12     0.1552    96.1931 2.1612e-01 1.3193e+02  0.3893185     74.538    13.2053    315.918 0.0000e+00
     73.075     3.8568 182.344309     2.1343 1.0000e-12     0.1563    96.1670 2.1245e-01 1.3193e+02  0.3889027     74.516    13.2052    315.937 0.0000e+00
     73.054     3.8566 182.380124     2.1355 1.0000e-12     0.1552    96.1931 2.1123e-01 1.3193e+02  0.3889027     74.494    13.2148    316.001 0.0000e+00
     73.034     3.8569 182.356247     2.1343 1.0000e-12     0.1563    96.1670 2.1245e-01 1.3193e+02  0.3889027     74.474    13.2036    315.956 0.0000e+00
     73.014     3.8569 182.356247     2.1343 1.0000e-12     0.1552    96.1931 2.1123e-01 1.3193e+02  0.3889027     74.454    13.2022    315.956 0.0000e+00
     72.992     3.8568 182.344307     2.1343 1.0000e-12     0.1552    96.1931 2.0391e-01 1.3193e+02  0.3889027     74.431    13.2008    315.937 0.0000e+00
     72.970     3.8571 182.320429     2.1343 1.0000e-12     0.1552    96.1931 2.0269e-01 1.3193e+02  0.3889027     74.409    13.2007    315.892 0.0000e+00
     72.949     3.8569 182.415940     2.1343 1.0000e-12     0.1552    96.1931 2.0757e-01 1.3193e+02  0.3893185     74.387    13.2008    316.060 0.0000e+00
     72.928     3.8568 182.308490     2.1343 1.0000e-12     0.1552    96.1931 2.1734e-01 1.3193e+02  0.3893185     74.366    13.2008    315.875 0.0000e+00
     72.907     3.8571 182.296551     2.1343 1.0000e-12     0.1552    96.1931 2.3199e-01 1.3193e+02  0.3889027     74.344    13.1992    315.851 0.0000e+00
     72.887     3.8571 182.344305     2.1343 1.0000e-12     0.1552    96.1931 2.3687e-01 1.3193e+02  0.3889027     74.324    13.1992    315.933 0.0000e+00
     72.869     3.8572 182.392061     2.1343 1.0000e-12     0.1552    96.1931 2.3199e-01 1.3193e+02  0.3889027     74.306    13.2006    316.015 0.0000e+00
     72.849     3.8569 182.368182     2.1343 1.0000e-12     0.1552    96.1931 2.2466e-01 1.3193e+02  0.3889027     74.285    13.2008    315.977 0.0000e+00
     72.829     3.8571 182.356244     2.1343 1.0000e-12     0.1552    96.1931 2.2466e-01 1.3193e+02  0.3889027     74.265    13.2007    315.954 0.0000e+00
     72.808     3.8571 182.344304     2.1343 1.0000e-12     0.1552    96.1931 2.2955e-01 1.3193e+02  0.3889027     74.243    13.2008    315.933 0.0000e+00
     72.788     3.8571 182.344304     2.1343 1.0000e-12     0.1552    96.1931 2.2955e-01 1.3193e+02  0.3889027     74.223    13.1992    315.933 0.0000e+00
     72.767     3.8572 182.392059     2.1343 1.0000e-12     0.1552    96.1931 2.2711e-01 1.3193e+02  0.3893185     74.202    13.1976    316.015 0.0000e+00
     72.745     3.8571 182.368180     2.1343 1.0000e-12     0.1552    96.1931 2.2344e-01 1.3193e+02  0.3889027     74.179    13.1976    315.975 0.0000e+00
     72.722     3.8571 182.392058     2.1343 1.0000e-12     0.1552    96.1931 2.2100e-01 1.3193e+02  0.3893185     74.156    13.1975    316.016 0.0000e+00
     72.701     3.8569 182.368179     2.1355 1.0000e-12     0.1552    96.1931 2.1856e-01 1.3193e+02  0.3893185     74.134    13.2070    315.977 0.0000e+00
     72.679     3.8572 182.320424     2.1343 1.0000e-12     0.1552    96.1931 2.1612e-01 1.3193e+02  0.3876554     74.112    13.1987    315.891 0.0000e+00
     72.659     3.8568 182.320424     2.1343 1.0000e-12     0.1552    96.1931 2.1490e-01 1.3193e+02  0.3868239     74.092    13.2002    315.895 0.0000e+00
     72.638     3.8572 182.332362     2.1343 1.0000e-12     0.1552    96.1931 2.1734e-01 1.3193e+02  0.3872396     74.070    13.1998    315.912 0.0000e+00
     72.617     3.8572 182.380117     2.1355 1.0000e-12     0.1552    96.1931 2.1978e-01 1.3193e+02  0.3868239     74.049    13.2091    315.994 0.0000e+00
     72.597     3.8568 182.392056     2.1343 1.0000e-12     0.1563    96.1670 2.2100e-01 1.3193e+02  0.3868239     74.028    13.1995    316.019 0.0000e+00
     72.576     3.8568 182.356239     2.1343 1.0000e-12     0.1552    96.1931 2.2100e-01 1.3193e+02  0.3868239     74.007    13.2008    315.957 0.0000e+00
     72.555     3.8564 182.320423     2.1343 1.0000e-12     0.1542    96.2193 2.2222e-01 1.3193e+02  0.3868239     73.985    13.2007    315.900 0.0000e+00
     72.534     3.8564 182.380116     2.1331 1.0000e-12     0.1542    96.2193 2.2100e-01 1.3193e+02  0.3872396     73.964    13.1924    316.003 0.0000e+00
     72.512     3.8566 182.332360     2.1331 1.0000e-12     0.1552    96.1931 2.1856e-01 1.3193e+02  0.3872396     73.942    13.1921    315.918 0.0000e+00
     72.490     3.8564 182.344298     2.1343 1.0000e-12     0.1552    96.1931 2.1734e-01 1.3193e+02  0.3868239     73.919    13.2015    315.941 0.0000e+00
     72.470     3.8563 182.356238     2.1343 1.0000e-12     0.1552    96.1931 2.1856e-01 1.3193e+02  0.3872396     73.899    13.2028    315.963 0.0000e+00
     72.450     3.8563 182.344298     2.1343 1.0000e-12     0.1552    96.1931 2.2222e-01 1.3193e+02  0.3872396     73.878    13.2040    315.942 0.0000e+00
     72.430     3.8561 182.392054     2.1343 1.0000e-12     0.1542    96.2193 2.1368e-01 1.3193e+02  0.3872396     73.858    13.2052    316.027 0.0000e+00
     72.409     3.8559 182.320420     2.1343 1.0000e-12     0.1552    96.1931 2.0513e-01 1.3193e+02  0.3868239     73.837    13.2063    315.905 0.0000e+00
     72.388     3.8557 182.332358     2.1343 1.0000e-12     0.1552    96.1931 2.0024e-01 1.3193e+02  0.3872396     73.815    13.2074    315.928 0.0000e+00
     72.368     3.8557 182.344298     2.1343 1.0000e-12     0.1552    96.1931 2.0024e-01 1.3193e+02  0.3872396     73.795    13.2084    315.949 0.0000e+00
     72.347     3.8559 182.380113     2.1343 1.0000e-12     0.1552    96.1931 2.0513e-01 1.3193e+02  0.3872396     73.773    13.2077    316.009 0.0000e+00
     72.326     3.8558 182.392052     2.1343 1.0000e-12     0.1542    96.2193 2.1123e-01 1.3193e+02  0.3872396     73.752    13.2086    316.030 0.0000e+00
     72.305     3.8561 182.427868     2.1343 1.0000e-12     0.1552    96.1931 2.1978e-01 1.3193e+02  0.3872396     73.731    13.2079    316.089 0.0000e+00
     72.284     3.8563 182.368173     2.1343 1.0000e-12     0.1552    96.1931 2.2466e-01 1.3193e+02  0.3872396     73.709    13.2071    315.984 0.0000e+00
     72.261     3.8564 182.380111     2.1343 1.0000e-12     0.1552    96.1931 2.2466e-01 1.3193e+02  0.3872396     73.686    13.2064    316.003 0.0000e+00
     72.239     3.8566 182.332355     2.1343 1.0000e-12     0.1552    96.1931 2.2833e-01 1.3193e+02  0.3872396     73.663    13.2057    315.918 0.0000e+00
     72.217     3.8572 182.320416     2.1343 1.0000e-12     0.1542    96.2193 2.2589e-01 1.3193e+02  0.3872396     73.641    13.2048    315.891 0.0000e+00
     72.197     3.8572 182.320415     2.1343 1.0000e-12     0.1542    96.2193 2.2100e-01 1.3193e+02  0.3872396     73.620    13.2042    315.891 0.0000e+00
     72.178     3.8575 182.392048     2.1355 1.0000e-12     0.1552    96.1931 2.2466e-01 1.3193e+02  0.3872396     73.601    13.2145    316.012 0.0000e+00
     72.158     3.8577 182.368170     2.1355 1.0000e-12     0.1563    96.1670 2.3199e-01 1.3193e+02  0.3872396     73.581    13.2138    315.968 0.0000e+00
     72.138     3.8577 182.392048     2.1343 1.0000e-12     0.1563    96.1670 2.3932e-01 1.3193e+02  0.3876554     73.560    13.2037    316.010 0.0000e+00
     72.118     3.8580 182.392045     2.1343 1.0000e-12     0.1552    96.1931 2.4176e-01 1.3193e+02  0.3880712     73.540    13.2045    316.006 0.0000e+00
     72.100     3.8584 182.368169     2.1343 1.0000e-12     0.1574    96.1409 2.3565e-01 1.3193e+02  0.3880712     73.522    13.2052    315.961 0.0000e+00
     72.080     3.8588 182.356229     2.1355 1.0000e-12     0.1563    96.1670 2.2833e-01 1.3193e+02  0.3880712     73.501    13.2140    315.935 0.0000e+00
     72.058     3.8588 182.356229     2.1343 1.0000e-12     0.1563    96.1670 2.2589e-01 1.3193e+02  0.3880712     73.479    13.2039    315.935 0.0000e+00
     72.037     3.8590 182.356228     2.1343 1.0000e-12     0.1563    96.1670 2.2711e-01 1.3193e+02  0.3880712     73.457    13.2047    315.933 0.0000e+00
     72.017     3.8591 182.356227     2.1343 1.0000e-12     0.1552    96.1931 2.4176e-01 1.3193e+02  0.3880712     73.437    13.2039    315.932 0.0000e+00
     71.997     3.8593 182.403982     2.1343 1.0000e-12     0.1552    96.1931 2.5763e-01 1.3193e+02  0.3884869     73.416    13.2015    316.013 0.0000e+00
     71.978     3.8595 182.392044     2.1355 1.0000e-12     0.1563    96.1670 2.5885e-01 1.3193e+02  0.3880712     73.397    13.2116    315.990 0.0000e+00
     71.957     3.8595 182.392043     2.1355 1.0000e-12     0.1563    96.1670 2.5275e-01 1.3193e+02  0.3880712     73.376    13.2122    315.990 0.0000e+00
     71.936     3.8593 182.392043     2.1355 1.0000e-12     0.1563    96.1670 2.5397e-01 1.3193e+02  0.3880712     73.354    13.2128    315.992 0.0000e+00
     71.916     3.8597 182.439798     2.1355 1.0000e-12     0.1563    96.1670 2.6007e-01 1.3193e+02  0.3880712     73.334    13.2131    316.070 0.0000e+00
     71.896     3.8595 182.356225     2.1355 1.0000e-12     0.1552    96.1931 2.8694e-01 1.3193e+02  0.3880712     73.314    13.2136    315.928 0.0000e+00
     71.876     3.8595 182.368164     2.1355 1.0000e-12     0.1563    96.1670 2.8816e-01 1.3193e+02  0.3880712     73.293    13.2139    315.948 0.0000e+00
     71.858     3.8597 182.392041     2.1343 1.0000e-12     0.1563    96.1670 2.6374e-01 1.3193e+02  0.3880712     73.275    13.2046    315.988 0.0000e+00
     71.838     3.8597 182.320408     2.1355 1.0000e-12     0.1563    96.1670 2.3687e-01 1.3193e+02  0.3880712     73.254    13.2143    315.864 0.0000e+00
     71.819     3.8596 182.308468     2.1343 1.0000e-12     0.1563    96.1670 2.1978e-01 1.3193e+02  0.3880712     73.235    13.2050    315.844 0.0000e+00
     71.801     3.8595 182.392041     2.1343 1.0000e-12     0.1552    96.1931 2.1490e-01 1.3193e+02  0.3880712     73.217    13.2051    315.990 0.0000e+00
     71.783     3.8596 182.392040     2.1343 1.0000e-12     0.1563    96.1670 2.2100e-01 1.3193e+02  0.3880712     73.198    13.2051    315.989 0.0000e+00
     71.763     3.8595 182.368162     2.1343 1.0000e-12     0.1563    96.1670 2.2344e-01 1.3193e+02  0.3880712     73.178    13.2036    315.948 0.0000e+00
     71.744     3.8595 182.403978     2.1343 1.0000e-12     0.1552    96.1931 2.1612e-01 1.3193e+02  0.3880712     73.159    13.2021    316.011 0.0000e+00
     71.725     3.8596 182.368161     2.1343 1.0000e-12     0.1552    96.1931 2.1490e-01 1.3193e+02  0.3880712     73.139    13.2020    315.947 0.0000e+00
     71.706     3.8597 182.380099     2.1343 1.0000e-12     0.1563    96.1670 2.2344e-01 1.3193e+02  0.3880712     73.120    13.2019    315.967 0.0000e+00
     71.688     3.8597 182.392038     2.1343 1.0000e-12     0.1563    96.1670 2.3199e-01 1.3193e+02  0.3880712     73.101    13.2018    315.988 0.0000e+00
     71.670     3.8597 182.368161     2.1343 1.0000e-12     0.1552    96.1931 2.4054e-01 1.3193e+02  0.3880712     73.083    13.2018    315.946 0.0000e+00
     71.650     3.8597 182.332343     2.1355 1.0000e-12     0.1552    96.1931 2.4908e-01 1.3193e+02  0.3884869     73.063    13.2098    315.884 0.0000e+00
