data/05_metadata_exports/SeabirdData/202305_SeabirdData/83331_stn41-a.cnv
* Sea-Bird SBE 9 Data File:
* FileName = C:\Users\rosette\Rosette Data\2023\Ontario CSMI\stn41-a.hex
* Software Version Seasave V 7.26.6.26
* Temperature SN = 5270
* Conductivity SN = 1168
* Number of Bytes Per Scan = 40
* Number of Voltage Words = 5
* Number of Scans Averaged by the Deck Unit = 1
* NMEA Latitude = 43 43.01 N
* NMEA Longitude = 078 01.60 W
* NMEA UTC (Time) = Oct 01 2003  23:50:18
* NMEA baud rate = 4800
** Ship: Lake Guardian
** Ontario CSMI LWFS
** Station:  stn41-a
# nquan = 14                                
# nvalues = 20686                       
# units = specified
# name 0 = prDM: Pressure, Digiquartz [db]
# name 1 = t090C: Temperature [ITS-90, deg C]
# name 2 = c0uS/cm: Conductivity [uS/cm]
# name 3 = sbeox0V: Oxygen raw, SBE 43 [V]
# name 4 = par: PAR/Irradiance, Biospherical/Licor
# name 5 = bat: Beam Attenuation, Chelsea/Seatech [1/m]
# name 6 = xmiss: Beam Transmission, Chelsea/Seatech [%]
# name 7 = flSP: Fluorescence, Seapoint
# name 8 = spar: SPAR, Biospherical/Licor
# name 9 = upoly0: Upoly 0, Suna Nitrate
# name 10 = depFM: Depth [fresh water, m], lat = 43.7168
# name 11 = sbeox0Mg/L: Oxygen, SBE 43 [mg/l], WS = 2
# name 12 = specc: Specific Conductance [uS/cm]
# name 13 = flag: flag
# span 0 =     -0.288,    124.939       
# span 1 =     3.7619,     7.1502       
# span 2 =  11.039733, 395.840865       
# span 3 =     1.8889,     2.3358       
# span 4 = 1.0000e-12, 3.6924e+02       
# span 5 =     0.1013,     2.7451       
# span 6 =    50.3446,    97.5001       
# span 7 = 0.0000e+00, 9.7436e-01       
# span 8 = 1.1618e+02, 1.8116e+02       
# span 9 =  0.0741704,  0.3934761       
# span 10 =     -0.294,    127.402      
# span 11 =    10.1006,    13.4723      
# span 12 =     17.594,    629.473      
# span 13 = 0.0000e+00, 0.0000e+00      
# interval = seconds: 0.0416667
# start_time = Oct 01 2003 23:50:18 [NMEA time, header]
# bad_flag = -9.990e-29
*END*
[from data line 11252]
    124.804     3.7643 182.154247     2.1038 1.0000e-12     0.1045    97.4217 7.2039e-02 1.4178e+02  0.3922288    127.265    13.0829    316.623 -9.990e-29
    124.805     3.7643 182.237817     2.1026 1.0000e-12     0.1045    97.4217 7.4481e-02 1.4178e+02  0.3918130    127.266    13.0727    316.768 -9.990e-29
    124.806     3.7642 182.213940     2.1038 1.0000e-12     0.1045    97.4217 7.5702e-02 1.4178e+02  0.3918130    127.267    13.0818    316.727 -9.990e-29
    124.806     3.7644 182.202001     2.1038 1.0000e-12     0.1045    97.4217 7.5702e-02 1.4178e+02  0.3918130    127.267    13.0812    316.704 -9.990e-29
    124.806     3.7644 182.166186     2.1038 1.0000e-12     0.1045    97.4217 7.5702e-02 1.4178e+02  0.3918130    127.267    13.0792    316.642 -9.990e-29
    124.804     3.7643 182.190063     2.1038 1.0000e-12     0.1045    97.4217 7.3260e-02 1.4178e+02  0.3918130    127.265    13.0788    316.685 -9.990e-29
    124.804     3.7644 182.225878     2.1050 1.0000e-12     0.1034    97.4478 7.3260e-02 1.4178e+02  0.3918130    127.265    13.0911    316.746 -9.990e-29
    124.804     3.7643 182.202002     2.1026 1.0000e-12     0.1045    97.4217 7.4481e-02 1.4178e+02  0.3918130    127.265    13.0700    316.706 -9.990e-29
    124.806     3.7646 182.190063     2.1026 1.0000e-12     0.1056    97.3955 7.3260e-02 1.4178e+02  0.3918130    127.267    13.0695    316.682 -9.990e-29
    124.806     3.7642 182.178124     2.1050 1.0000e-12     0.1066    97.3694 7.2039e-02 1.4178e+02  0.3918130    127.267    13.0901    316.665 -9.990e-29
    124.806     3.7644 182.142308     2.1026 1.0000e-12     0.1077    97.3433 7.2039e-02 1.4178e+02  0.3922288    127.267    13.0705    316.601 -9.990e-29
    124.805     3.7643 182.166186     2.1038 1.0000e-12     0.1066    97.3694 7.0818e-02 1.4178e+02  0.3918130    127.266    13.0798    316.643 -9.990e-29
    124.805     3.7646 182.178123     2.1026 1.0000e-12     0.1077    97.3433 7.6923e-02 1.4178e+02  0.3918130    127.266    13.0697    316.661 -9.990e-29
    124.806     3.7643 182.178124     2.1026 1.0000e-12     0.1066    97.3694 8.0586e-02 1.4178e+02  0.3918130    127.267    13.0680    316.664 -9.990e-29
    124.807     3.7643 182.178124     2.1050 1.0000e-12     0.1077    97.3433 7.8144e-02 1.4178e+02  0.3918130    127.268    13.0853    316.664 -9.990e-29
    124.809     3.7644 182.178124     2.1038 1.0000e-12     0.1077    97.3433 7.5702e-02 1.4178e+02  0.3918130    127.270    13.0768    316.663 -9.990e-29
    124.810     3.7644 182.178124     2.1038 1.0000e-12     0.1077    97.3433 7.4481e-02 1.4178e+02  0.3918130    127.271    13.0750    316.663 -9.990e-29
    124.810     3.7644 182.154247     2.1038 1.0000e-12     0.1066    97.3694 7.2039e-02 1.4178e+02  0.3918130    127.271    13.0731    316.621 -9.990e-29
    124.810     3.7646 182.166185     2.1026 1.0000e-12     0.1066    97.3694 6.9597e-02 1.4178e+02  0.3918130    127.271    13.0631    316.640 -9.990e-29
    124.810     3.7644 182.190063     2.1050 1.0000e-12     0.1066    97.3694 7.0818e-02 1.4178e+02  0.3918130    127.271    13.0821    316.684 -9.990e-29
    124.810     3.7643 182.154247     2.1038 1.0000e-12     0.1066    97.3694 7.2039e-02 1.4178e+02  0.3909815    127.271    13.0723    316.623 -9.990e-29
    124.810     3.7644 182.154247     2.1026 1.0000e-12     0.1077    97.3433 7.3260e-02 1.4178e+02  0.3909815    127.271    13.0626    316.621 -9.990e-29
    124.810     3.7643 182.130369     2.1038 1.0000e-12     0.1077    97.3433 7.0818e-02 1.4178e+02  0.3909815    127.271    13.0706    316.581 -9.990e-29
    124.812     3.7644 182.178124     2.1026 1.0000e-12     0.1077    97.3433 6.9597e-02 1.4178e+02  0.3909815    127.273    13.0609    316.663 -9.990e-29
    124.814     3.7644 182.154248     2.1038 1.0000e-12     0.1077    97.3433 6.9597e-02 1.4178e+02  0.3905657    127.275    13.0689    316.621 -9.990e-29
    124.815     3.7644 182.154246     2.1026 1.0000e-12     0.1066    97.3694 7.0818e-02 1.4178e+02  0.3909815    127.276    13.0593    316.621 -9.990e-29
    124.817     3.7643 182.130370     2.1026 1.0000e-12     0.1066    97.3694 7.2039e-02 1.4178e+02  0.3909815    127.278    13.0578    316.581 -9.990e-29
    124.818     3.7643 182.154248     2.1026 1.0000e-12     0.1066    97.3694 7.3260e-02 1.4178e+02  0.3909815    127.279    13.0579    316.623 -9.990e-29
    124.818     3.7644 182.142308     2.1026 1.0000e-12     0.1088    97.3171 7.3260e-02 1.4178e+02  0.3909815    127.279    13.0580    316.601 -9.990e-29
    124.817     3.7643 182.178124     2.1026 1.0000e-12     0.1088    97.3171 7.2039e-02 1.4178e+02  0.3909815    127.278    13.0582    316.664 -9.990e-29
    124.817     3.7644 182.154246     2.1038 1.0000e-12     0.1088    97.3171 6.9597e-02 1.4178e+02  0.3909815    127.278    13.0680    316.621 -9.990e-29
    124.819     3.7644 182.166187     2.1026 1.0000e-12     0.1088    97.3171 6.8376e-02 1.4178e+02  0.3909815    127.280    13.0603    316.642 -9.990e-29
    124.819     3.7646 182.142308     2.1038 1.0000e-12     0.1088    97.3171 6.8376e-02 1.4178e+02  0.3909815    127.280    13.0687    316.599 -9.990e-29
    124.820     3.7643 182.154247     2.1026 1.0000e-12     0.1088    97.3171 7.0818e-02 1.4178e+02  0.3909815    127.281    13.0564    316.623 -9.990e-29
    124.820     3.7646 182.166185     2.1038 1.0000e-12     0.1088    97.3171 7.3260e-02 1.4178e+02  0.3909815    127.281    13.0680    316.640 -9.990e-29
    124.821     3.7644 182.190063     2.1026 1.0000e-12     0.1088    97.3171 7.3260e-02 1.4178e+02  0.3909815    127.282    13.0576    316.684 -9.990e-29
    124.823     3.7644 182.130370     2.1038 1.0000e-12     0.1088    97.3171 7.0818e-02 1.4178e+02  0.3909815    127.284    13.0678    316.580 -9.990e-29
    124.824     3.7646 182.118432     2.1026 1.0000e-12     0.1077    97.3433 6.8376e-02 1.4178e+02  0.3909815    127.285    13.0572    316.557 -9.990e-29
    124.823     3.7644 182.166186     2.1026 1.0000e-12     0.1088    97.3171 6.8376e-02 1.4178e+02  0.3909815    127.284    13.0548    316.642 -9.990e-29
    124.823     3.7643 182.190063     2.1038 1.0000e-12     0.1077    97.3433 6.9597e-02 1.4178e+02  0.3909815    127.284    13.0668    316.685 -9.990e-29
    124.823     3.7644 182.154247     2.1026 1.0000e-12     0.1077    97.3433 6.7155e-02 1.4178e+02  0.3909815    127.284    13.0580    316.621 -9.990e-29
    124.823     3.7642 182.178124     2.1026 1.0000e-12     0.1077    97.3433 6.4713e-02 1.4178e+02  0.3909815    127.284    13.0591    316.665 -9.990e-29
    124.825     3.7643 182.213940     2.1026 1.0000e-12     0.1088    97.3171 6.3492e-02 1.4178e+02  0.3909815    127.286    13.0584    316.726 -9.990e-29
    124.826     3.7643 182.202003     2.1026 1.0000e-12     0.1088    97.3171 6.3492e-02 1.4178e+02  0.3909815    127.287    13.0563    316.706 -9.990e-29
    124.826     3.7643 182.202001     2.1026 1.0000e-12     0.1088    97.3171 6.3492e-02 1.4178e+02  0.3909815    127.287    13.0591    316.706 -9.990e-29
    124.825     3.7644 182.154247     2.1026 1.0000e-12     0.1077    97.3433 6.2271e-02 1.4178e+02  0.3909815    127.286    13.0605    316.621 -9.990e-29
    124.825     3.7644 182.154247     2.1026 1.0000e-12     0.1077    97.3433 6.1050e-02 1.4178e+02  0.3913973    127.286    13.0603    316.621 -9.990e-29
    124.825     3.7644 182.142309     2.1026 1.0000e-12     0.1088    97.3171 6.2271e-02 1.4178e+02  0.3913973    127.286    13.0601    316.601 -9.990e-29
    124.825     3.7643 182.142308     2.1026 1.0000e-12     0.1077    97.3433 6.4713e-02 1.4178e+02  0.3909815    127.286    13.0584    316.602 -9.990e-29
    124.826     3.7643 182.142309     2.1026 1.0000e-12     0.1066    97.3694 6.4713e-02 1.4178e+02  0.3909815    127.287    13.0600    316.602 -9.990e-29
    124.826     3.7646 182.130370     2.1026 1.0000e-12     0.1056    97.3955 6.7155e-02 1.4178e+02  0.3909815    127.287    13.0600    316.578 -9.990e-29
    124.826     3.7642 182.130370     2.1026 1.0000e-12     0.1066    97.3694 6.8376e-02 1.4178e+02  0.3909815    127.287    13.0603    316.582 -9.990e-29
    124.827     3.7644 182.142308     2.1026 1.0000e-12     0.1056    97.3955 6.9597e-02 1.4178e+02  0.3913973    127.288    13.0603    316.601 -9.990e-29
    124.828     3.7643 182.142310     2.1026 1.0000e-12     0.1066    97.3694 6.8376e-02 1.4178e+02  0.3913973    127.289    13.0588    316.602 -9.990e-29
    124.827     3.7643 182.213940     2.1026 1.0000e-12     0.1066    97.3694 6.7155e-02 1.4178e+02  0.3909815    127.288    13.0589    316.726 -9.990e-29
    124.827     3.7644 182.130370     2.1026 1.0000e-12     0.1066    97.3694 6.7155e-02 1.4178e+02  0.3909815    127.288    13.0606    316.580 -9.990e-29
    124.826     3.7643 182.154248     2.1026 1.0000e-12     0.1066    97.3694 6.7155e-02 1.4178e+02  0.3909815    127.287    13.0593    316.623 -9.990e-29
    124.824     3.7644 182.178124     2.1013 1.0000e-12     0.1066    97.3694 6.7155e-02 1.4178e+02  0.3909815    127.285    13.0507    316.663 -9.990e-29
    124.822     3.7646 182.142307     2.1026 1.0000e-12     0.1066    97.3694 6.8376e-02 1.4178e+02  0.3909815    127.283    13.0597    316.599 -9.990e-29
    124.822     3.7644 182.202002     2.1026 1.0000e-12     0.1056    97.3955 7.0818e-02 1.4178e+02  0.3913973    127.283    13.0618    316.704 -9.990e-29
    124.822     3.7644 182.154247     2.1026 1.0000e-12     0.1056    97.3955 7.2039e-02 1.4178e+02  0.3913973    127.283    13.0623    316.621 -9.990e-29
    124.821     3.7648 182.225879     2.1026 1.0000e-12     0.1056    97.3955 7.0818e-02 1.4178e+02  0.3909815    127.282    13.0642    316.742 -9.990e-29
    124.821     3.7644 182.213940     2.1013 1.0000e-12     0.1056    97.3955 7.0818e-02 1.4178e+02  0.3913973    127.282    13.0545    316.725 -9.990e-29
    124.822     3.7644 182.213940     2.1026 1.0000e-12     0.1066    97.3694 7.2039e-02 1.4178e+02  0.3909815    127.283    13.0638    316.725 -9.990e-29
    124.822     3.7646 182.118431     2.1026 1.0000e-12     0.1066    97.3694 7.0818e-02 1.4178e+02  0.3909815    127.283    13.0659    316.557 -9.990e-29
    124.823     3.7649 182.082616     2.1026 1.0000e-12     0.1056    97.3955 6.9597e-02 1.4178e+02  0.3913973    127.284    13.0665    316.491 -9.990e-29
    124.822     3.7646 182.154247     2.1013 1.0000e-12     0.1066    97.3694 6.7155e-02 1.4178e+02  0.3909815    127.283    13.0553    316.619 -9.990e-29
    124.820     3.7642 182.178124     2.1013 1.0000e-12     0.1056    97.3955 6.4713e-02 1.4178e+02  0.3913973    127.281    13.0545    316.665 -9.990e-29
    124.819     3.7647 182.154247     2.1026 1.0000e-12     0.1066    97.3694 6.4713e-02 1.4178e+02  0.3909815    127.280    13.0656    316.618 -9.990e-29
    124.819     3.7646 182.166185     2.1026 1.0000e-12     0.1056    97.3955 6.7155e-02 1.4178e+02  0.3913973    127.280    13.0664    316.640 -9.990e-29
    124.819     3.7646 182.190063     2.1026 1.0000e-12     0.1056    97.3955 6.9597e-02 1.4178e+02  0.3913973    127.280    13.0672    316.682 -9.990e-29
    124.819     3.7644 182.130370     2.1013 1.0000e-12     0.1056    97.3955 6.8376e-02 1.4178e+02  0.3913973    127.280    13.0561    316.580 -9.990e-29
    124.819     3.7646 182.118432     2.1013 1.0000e-12     0.1056    97.3955 6.8376e-02 1.4178e+02  0.3913973    127.280    13.0552    316.557 -9.990e-29
    124.817     3.7648 182.166184     2.1026 1.0000e-12     0.1056    97.3955 6.8376e-02 1.4178e+02  0.3913973    127.278    13.0665    316.638 -9.990e-29
    124.818     3.7646 182.178124     2.1026 1.0000e-12     0.1056    97.3955 6.8376e-02 1.4178e+02  0.3913973    127.279    13.0676    316.661 -9.990e-29
    124.818     3.7647 182.142309     2.1026 1.0000e-12     0.1056    97.3955 6.9597e-02 1.4178e+02  0.3909815    127.279    13.0685    316.597 -9.990e-29
    124.817     3.7646 182.130369     2.1026 1.0000e-12     0.1045    97.4217 7.0818e-02 1.4178e+02  0.3909815    127.278    13.0695    316.578 -9.990e-29
    124.817     3.7646 182.130370     2.1013 1.0000e-12     0.1045    97.4217 7.0818e-02 1.4178e+02  0.3913973    127.278    13.0584    316.578 -9.990e-29
    124.818     3.7649 182.213941     2.1026 1.0000e-12     0.1045    97.4217 7.0818e-02 1.4178e+02  0.3909815    127.279    13.0697    316.720 -9.990e-29
    124.816     3.7644 182.142308     2.1026 1.0000e-12     0.1045    97.4217 7.0818e-02 1.4178e+02  0.3913973    127.277    13.0709    316.601 -9.990e-29
    124.815     3.7648 182.166184     2.1013 1.0000e-12     0.1045    97.4217 7.0818e-02 1.4178e+02  0.3913973    127.276    13.0614    316.638 -9.990e-29
    124.816     3.7645 182.225879     2.1026 1.0000e-12     0.1056    97.3955 7.3260e-02 1.4178e+02  0.3909815    127.277    13.0729    316.745 -9.990e-29
    124.817     3.7644 182.166187     2.1013 1.0000e-12     0.1056    97.3955 7.4481e-02 1.4178e+02  0.3909815    127.278    13.0619    316.642 -9.990e-29
    124.816     3.7648 182.142307     2.1026 1.0000e-12     0.1056    97.3955 7.3260e-02 1.4178e+02  0.3909815    127.277    13.0731    316.596 -9.990e-29
    124.816     3.7644 182.154248     2.1026 1.0000e-12     0.1056    97.3955 7.2039e-02 1.4178e+02  0.3909815    127.277    13.0742    316.621 -9.990e-29
    124.815     3.7646 182.166185     2.1026 1.0000e-12     0.1045    97.4217 7.2039e-02 1.4178e+02  0.3913973    127.276    13.0751    316.640 -9.990e-29
    124.813     3.7648 182.142307     2.1026 1.0000e-12     0.1045    97.4217 7.0818e-02 1.4178e+02  0.3913973    127.274    13.0760    316.596 -9.990e-29
    124.814     3.7645 182.118431     2.1013 1.0000e-12     0.1045    97.4217 6.8376e-02 1.4178e+02  0.3913973    127.275    13.0633    316.558 -9.990e-29
    124.815     3.7646 182.178125     2.1026 1.0000e-12     0.1056    97.3955 6.7155e-02 1.4178e+02  0.3909815    127.276    13.0730    316.661 -9.990e-29
    124.815     3.7643 182.166185     2.1026 1.0000e-12     0.1056    97.3955 6.5934e-02 1.4178e+02  0.3913973    127.276    13.0725    316.643 -9.990e-29
    124.815     3.7644 182.142308     2.1013 1.0000e-12     0.1066    97.3694 6.5934e-02 1.4178e+02  0.3909815    127.276    13.0615    316.601 -9.990e-29
    124.816     3.7645 182.225880     2.1013 1.0000e-12     0.1056    97.3955 6.4713e-02 1.4178e+02  0.3909815    127.277    13.0592    316.745 -9.990e-29
    124.816     3.7646 182.154246     2.1026 1.0000e-12     0.1066    97.3694 6.4713e-02 1.4178e+02  0.3913973    127.277    13.0674    316.619 -9.990e-29
    124.816     3.7646 182.154247     2.1026 1.0000e-12     0.1056    97.3955 6.5934e-02 1.4178e+02  0.3913973    127.277    13.0686    316.619 -9.990e-29
    124.818     3.7643 182.166186     2.1026 1.0000e-12     0.1056    97.3955 6.7155e-02 1.4178e+02  0.3909815    127.279    13.0682    316.643 -9.990e-29
    124.819     3.7648 182.130371     2.1013 1.0000e-12     0.1066    97.3694 6.9597e-02 1.4178e+02  0.3913973    127.280    13.0589    316.576 -9.990e-29
    124.819     3.7646 182.154247     2.1013 1.0000e-12     0.1066    97.3694 7.0818e-02 1.4178e+02  0.3909815    127.280    13.0568    316.619 -9.990e-29
    124.817     3.7645 182.166185     2.1026 1.0000e-12     0.1056    97.3955 6.9597e-02 1.4178e+02  0.3913973    127.278    13.0651    316.641 -9.990e-29
    124.816     3.7648 182.190062     2.1026 1.0000e-12     0.1066    97.3694 6.9597e-02 1.4178e+02  0.3909815    127.277    13.0663    316.679 -9.990e-29
    124.815     3.7646 182.202001     2.1026 1.0000e-12     0.1056    97.3955 6.9597e-02 1.4178e+02  0.3901500    127.276    13.0659    316.702 -9.990e-29
    124.815     3.7644 182.225878     2.1026 1.0000e-12     0.1066    97.3694 7.3260e-02 1.4178e+02  0.3897342    127.276    13.0673    316.746 -9.990e-29
    124.816     3.7648 182.154248     2.1013 1.0000e-12     0.1056    97.3955 7.3260e-02 1.4178e+02  0.3897342    127.277    13.0580    316.617 -9.990e-29
