data/05_metadata_exports/SeabirdData/202305_SeabirdData/83331_stn41-a.cnv
* Sea-Bird SBE 9 Data File:
* FileName = C:\Users\rosette\Rosette Data\2023\Ontario CSMI\stn41-a.hex
* Software Version Seasave V 7.26.6.26
* Temperature SN = 5270
* Conductivity SN = 1168
* Number of Bytes Per Scan = 40
* Number of Voltage Words = 5
* Number of Scans Averaged by the Deck Unit = 1
* NMEA Latitude = 43 43.01 N
* NMEA Longitude = 078 01.60 W
* NMEA UTC (Time) = Oct 01 2003  23:50:18
* NMEA baud rate = 4800
** Ship: Lake Guardian
** Ontario CSMI LWFS
** Station:  stn41-a
# nquan = 14                                
# nvalues = 20686                       
# units = specified
# name 0 = prDM: Pressure, Digiquartz [db]
# name 1 = t090C: Temperature [ITS-90, deg C]
# name 2 = c0uS/cm: Conductivity [uS/cm]
# name 3 = sbeox0V: Oxygen raw, SBE 43 [V]
# name 4 = par: PAR/Irradiance, Biospherical/Licor
# name 5 = bat: Beam Attenuation, Chelsea/Seatech [1/m]
# name 6 = xmiss: Beam Transmission, Chelsea/Seatech [%]
# name 7 = flSP: Fluorescence, Seapoint
# name 8 = spar: SPAR, Biospherical/Licor
# name 9 = upoly0: Upoly 0, Suna Nitrate
# name 10 = depFM: Depth [fresh water, m], lat = 43.7168
# name 11 = sbeox0Mg/L: Oxygen, SBE 43 [mg/l], WS = 2
# name 12 = specc: Specific Conductance [uS/cm]
# name 13 = flag: flag
# span 0 =     -0.288,    124.939       
# span 1 =     3.7619,     7.1502       
# span 2 =  11.039733, 395.840865       
# span 3 =     1.8889,     2.3358       
# span 4 = 1.0000e-12, 3.6924e+02       
# span 5 =     0.1013,     2.7451       
# span 6 =    50.3446,    97.5001       
# span 7 = 0.0000e+00, 9.7436e-01       
# span 8 = 1.1618e+02, 1.8116e+02       
# span 9 =  0.0741704,  0.3934761       
# span 10 =     -0.294,    127.402      
# span 11 =    10.1006,    13.4723      
# span 12 =     17.594,    629.473      
# span 13 = 0.0000e+00, 0.0000e+00      
# interval = seconds: 0.0416667
# start_time = Oct 01 2003 23:50:18 [NMEA time, header]
# bad_flag = -9.990e-29
*END*
[from data line 9394]
    107.819     3.8215 182.285242     2.1258 1.0000e-12     0.1455    96.4284 1.5629e-01 1.4571e+02  0.3897342    109.945    13.2049    316.221 0.0000e+00
    107.838     3.8217 182.368815     2.1258 1.0000e-12     0.1476    96.3761 1.5751e-01 1.4571e+02  0.3897342    109.964    13.2064    316.364 0.0000e+00
    107.857     3.8218 182.321058     2.1258 1.0000e-12     0.1466    96.4022 1.5873e-01 1.4571e+02  0.3897342    109.984    13.2063    316.280 0.0000e+00
    107.877     3.8219 182.309120     2.1258 1.0000e-12     0.1466    96.4022 1.5873e-01 1.4571e+02  0.3897342    110.004    13.2063    316.258 0.0000e+00
    107.896     3.8219 182.297183     2.1270 1.0000e-12     0.1476    96.3761 1.5629e-01 1.4571e+02  0.3897342    110.023    13.2158    316.238 0.0000e+00
    107.915     3.8219 182.297181     2.1258 1.0000e-12     0.1466    96.4022 1.5629e-01 1.4571e+02  0.3897342    110.043    13.2062    316.238 0.0000e+00
    107.935     3.8219 182.261366     2.1270 1.0000e-12     0.1466    96.4022 1.5385e-01 1.4571e+02  0.3897342    110.063    13.2158    316.175 0.0000e+00
    107.956     3.8221 182.321061     2.1258 1.0000e-12     0.1466    96.4022 1.5263e-01 1.4571e+02  0.3897342    110.084    13.2061    316.277 0.0000e+00
    107.974     3.8217 182.309122     2.1258 1.0000e-12     0.1466    96.4022 1.4896e-01 1.4571e+02  0.3897342    110.103    13.2062    316.261 0.0000e+00
    107.993     3.8216 182.332999     2.1258 1.0000e-12     0.1466    96.4022 1.4652e-01 1.4571e+02  0.3897342    110.122    13.2064    316.303 0.0000e+00
    108.012     3.8213 182.297185     2.1258 1.0000e-12     0.1466    96.4022 1.4652e-01 1.4571e+02  0.3897342    110.142    13.2050    316.244 0.0000e+00
    108.031     3.8213 182.309124     2.1258 1.0000e-12     0.1466    96.4022 1.4896e-01 1.4571e+02  0.3897342    110.161    13.2052    316.265 0.0000e+00
    108.049     3.8208 182.273307     2.1258 1.0000e-12     0.1466    96.4022 1.4896e-01 1.4571e+02  0.3897342    110.179    13.2070    316.208 0.0000e+00
    108.068     3.8208 182.261370     2.1258 1.0000e-12     0.1466    96.4022 1.5140e-01 1.4571e+02  0.3897342    110.199    13.2072    316.188 0.0000e+00
    108.087     3.8208 182.297186     2.1258 1.0000e-12     0.1466    96.4022 1.5507e-01 1.4571e+02  0.3897342    110.218    13.2073    316.250 0.0000e+00
    108.105     3.8206 182.285247     2.1245 1.0000e-12     0.1455    96.4284 1.5507e-01 1.4571e+02  0.3897342    110.236    13.1971    316.231 0.0000e+00
    108.124     3.8208 182.285248     2.1258 1.0000e-12     0.1466    96.4022 1.5263e-01 1.4571e+02  0.3897342    110.256    13.2075    316.229 0.0000e+00
    108.144     3.8207 182.333004     2.1258 1.0000e-12     0.1466    96.4022 1.5385e-01 1.4571e+02  0.3897342    110.276    13.2061    316.313 0.0000e+00
    108.163     3.8204 182.309126     2.1258 1.0000e-12     0.1466    96.4022 1.5751e-01 1.4571e+02  0.3897342    110.296    13.2064    316.275 0.0000e+00
    108.182     3.8202 182.333004     2.1258 1.0000e-12     0.1455    96.4284 1.5873e-01 1.4571e+02  0.3897342    110.315    13.2066    316.318 0.0000e+00
    108.202     3.8205 182.309127     2.1258 1.0000e-12     0.1476    96.3761 1.5751e-01 1.4571e+02  0.3897342    110.335    13.2050    316.274 0.0000e+00
    108.221     3.8201 182.309128     2.1258 1.0000e-12     0.1466    96.4022 1.5751e-01 1.4571e+02  0.3897342    110.355    13.2036    316.278 0.0000e+00
    108.240     3.8201 182.297189     2.1258 1.0000e-12     0.1466    96.4022 1.5751e-01 1.4571e+02  0.3901500    110.374    13.2037    316.257 0.0000e+00
    108.259     3.8197 182.285251     2.1258 1.0000e-12     0.1466    96.4022 1.5629e-01 1.4571e+02  0.3897342    110.393    13.2039    316.241 0.0000e+00
    108.277     3.8194 182.261374     2.1258 1.0000e-12     0.1455    96.4284 1.5629e-01 1.4571e+02  0.3897342    110.412    13.2040    316.203 0.0000e+00
    108.296     3.8197 182.297190     2.1270 1.0000e-12     0.1466    96.4022 1.5629e-01 1.4571e+02  0.3897342    110.431    13.2151    316.262 0.0000e+00
    108.314     3.8199 182.321068     2.1258 1.0000e-12     0.1466    96.4022 1.5873e-01 1.4571e+02  0.3897342    110.450    13.2054    316.301 0.0000e+00
    108.333     3.8196 182.309130     2.1258 1.0000e-12     0.1476    96.3761 1.6728e-01 1.4571e+02  0.3897342    110.469    13.2055    316.284 0.0000e+00
    108.351     3.8197 182.273313     2.1258 1.0000e-12     0.1476    96.3761 1.6850e-01 1.4571e+02  0.3897342    110.487    13.2054    316.220 0.0000e+00
    108.369     3.8200 182.285253     2.1258 1.0000e-12     0.1476    96.3761 1.6606e-01 1.4571e+02  0.3897342    110.506    13.2069    316.238 0.0000e+00
    108.388     3.8197 182.297191     2.1258 1.0000e-12     0.1487    96.3500 1.6361e-01 1.4571e+02  0.3897342    110.525    13.2085    316.262 0.0000e+00
    108.407     3.8202 182.249438     2.1258 1.0000e-12     0.1487    96.3500 1.5873e-01 1.4571e+02  0.3897342    110.544    13.2099    316.173 0.0000e+00
    108.427     3.8197 182.273314     2.1245 1.0000e-12     0.1487    96.3500 1.5995e-01 1.4571e+02  0.3897342    110.565    13.1998    316.220 0.0000e+00
    108.447     3.8197 182.261377     2.1258 1.0000e-12     0.1476    96.3761 1.6484e-01 1.4571e+02  0.3897342    110.585    13.2102    316.200 0.0000e+00
    108.467     3.8201 182.285254     2.1245 1.0000e-12     0.1476    96.3761 1.6484e-01 1.4571e+02  0.3897342    110.606    13.1997    316.237 0.0000e+00
    108.488     3.8196 182.309133     2.1258 1.0000e-12     0.1487    96.3500 1.6361e-01 1.4571e+02  0.3897342    110.627    13.2119    316.284 0.0000e+00
    108.508     3.8199 182.333010     2.1270 1.0000e-12     0.1476    96.3761 1.6484e-01 1.4571e+02  0.3897342    110.647    13.2228    316.322 0.0000e+00
    108.528     3.8197 182.237500     2.1258 1.0000e-12     0.1487    96.3500 1.6484e-01 1.4571e+02  0.3897342    110.668    13.2133    316.158 0.0000e+00
    108.547     3.8197 182.237502     2.1258 1.0000e-12     0.1476    96.3761 1.6606e-01 1.4571e+02  0.3897342    110.687    13.2132    316.158 0.0000e+00
    108.566     3.8197 182.285255     2.1258 1.0000e-12     0.1487    96.3500 1.6606e-01 1.4571e+02  0.3897342    110.706    13.2131    316.241 0.0000e+00
    108.586     3.8199 182.261380     2.1258 1.0000e-12     0.1487    96.3500 1.6850e-01 1.4571e+02  0.3897342    110.727    13.2128    316.197 0.0000e+00
    108.605     3.8197 182.297195     2.1245 1.0000e-12     0.1487    96.3500 1.6972e-01 1.4571e+02  0.3897342    110.746    13.2023    316.262 0.0000e+00
    108.626     3.8198 182.321073     2.1258 1.0000e-12     0.1487    96.3500 1.7827e-01 1.4571e+02  0.3897342    110.768    13.2124    316.302 0.0000e+00
    108.647     3.8197 182.273319     2.1258 1.0000e-12     0.1487    96.3500 1.7460e-01 1.4571e+02  0.3897342    110.789    13.2122    316.220 0.0000e+00
    108.666     3.8196 182.285258     2.1258 1.0000e-12     0.1487    96.3500 1.6728e-01 1.4571e+02  0.3897342    110.808    13.2105    316.242 0.0000e+00
    108.685     3.8194 182.285257     2.1258 1.0000e-12     0.1476    96.3761 1.5995e-01 1.4571e+02  0.3897342    110.828    13.2104    316.244 0.0000e+00
    108.705     3.8197 182.333014     2.1258 1.0000e-12     0.1487    96.3500 1.5385e-01 1.4571e+02  0.3897342    110.848    13.2101    316.324 0.0000e+00
    108.726     3.8199 182.309136     2.1258 1.0000e-12     0.1476    96.3761 1.5385e-01 1.4571e+02  0.3897342    110.870    13.2099    316.280 0.0000e+00
    108.747     3.8199 182.297199     2.1258 1.0000e-12     0.1476    96.3761 1.5385e-01 1.4571e+02  0.3901500    110.891    13.2098    316.260 0.0000e+00
    108.768     3.8198 182.297198     2.1270 1.0000e-12     0.1476    96.3761 1.5140e-01 1.4571e+02  0.3889027    110.912    13.2193    316.261 0.0000e+00
    108.788     3.8199 182.273321     2.1258 1.0000e-12     0.1476    96.3761 1.5140e-01 1.4571e+02  0.3884869    110.933    13.2111    316.218 0.0000e+00
    108.808     3.8199 182.297199     2.1258 1.0000e-12     0.1476    96.3761 1.5629e-01 1.4571e+02  0.3880712    110.953    13.2110    316.260 0.0000e+00
    108.830     3.8199 182.273321     2.1258 1.0000e-12     0.1476    96.3761 1.5873e-01 1.4571e+02  0.3880712    110.976    13.2110    316.218 0.0000e+00
    108.851     3.8199 182.297201     2.1258 1.0000e-12     0.1476    96.3761 1.5629e-01 1.4571e+02  0.3884869    110.997    13.2109    316.260 0.0000e+00
    108.870     3.8202 182.297200     2.1270 1.0000e-12     0.1476    96.3761 1.5629e-01 1.4571e+02  0.3884869    111.016    13.2203    316.256 0.0000e+00
    108.889     3.8198 182.297201     2.1258 1.0000e-12     0.1476    96.3761 1.5629e-01 1.4571e+02  0.3880712    111.036    13.2108    316.261 0.0000e+00
    108.909     3.8199 182.261383     2.1258 1.0000e-12     0.1476    96.3761 1.5629e-01 1.4571e+02  0.3884869    111.056    13.2107    316.197 0.0000e+00
    108.931     3.8202 182.297202     2.1258 1.0000e-12     0.1476    96.3761 1.5385e-01 1.4571e+02  0.3884869    111.079    13.2088    316.256 0.0000e+00
    108.954     3.8202 182.297202     2.1258 1.0000e-12     0.1487    96.3500 1.5140e-01 1.4571e+02  0.3880712    111.102    13.2087    316.256 0.0000e+00
    108.974     3.8202 182.297202     2.1270 1.0000e-12     0.1476    96.3761 1.5140e-01 1.4571e+02  0.3884869    111.123    13.2179    316.256 0.0000e+00
    108.995     3.8202 182.297202     2.1270 1.0000e-12     0.1476    96.3761 1.5018e-01 1.4571e+02  0.3884869    111.144    13.2192    316.256 0.0000e+00
    109.016     3.8201 182.249448     2.1258 1.0000e-12     0.1476    96.3761 1.5018e-01 1.4571e+02  0.3884869    111.165    13.2109    316.175 0.0000e+00
    109.037     3.8200 182.285264     2.1258 1.0000e-12     0.1487    96.3500 1.5140e-01 1.4571e+02  0.3884869    111.187    13.2106    316.238 0.0000e+00
    109.058     3.8199 182.297204     2.1258 1.0000e-12     0.1466    96.4022 1.5385e-01 1.4571e+02  0.3884869    111.208    13.2104    316.260 0.0000e+00
    109.078     3.8197 182.261388     2.1270 1.0000e-12     0.1476    96.3761 1.5507e-01 1.4571e+02  0.3884869    111.229    13.2213    316.200 0.0000e+00
    109.097     3.8199 182.261388     2.1258 1.0000e-12     0.1476    96.3761 1.5507e-01 1.4571e+02  0.3884869    111.248    13.2113    316.197 0.0000e+00
    109.117     3.8199 182.297205     2.1258 1.0000e-12     0.1487    96.3500 1.5385e-01 1.4571e+02  0.3884869    111.268    13.2093    316.260 0.0000e+00
    109.137     3.8199 182.309143     2.1258 1.0000e-12     0.1476    96.3761 1.5018e-01 1.4374e+02  0.3884869    111.289    13.2089    316.280 0.0000e+00
    109.157     3.8202 182.344961     2.1245 1.0000e-12     0.1487    96.3500 1.4652e-01 1.4571e+02  0.3884869    111.309    13.1964    316.339 0.0000e+00
    109.178     3.8202 182.285266     2.1258 1.0000e-12     0.1476    96.3761 1.5385e-01 1.4571e+02  0.3884869    111.331    13.2064    316.236 0.0000e+00
    109.199     3.8199 182.297206     2.1258 1.0000e-12     0.1476    96.3761 1.6361e-01 1.4571e+02  0.3884869    111.352    13.2062    316.260 0.0000e+00
    109.221     3.8194 182.249451     2.1258 1.0000e-12     0.1476    96.3761 1.6606e-01 1.4571e+02  0.3884869    111.374    13.2061    316.182 0.0000e+00
    109.244     3.8191 182.297207     2.1258 1.0000e-12     0.1466    96.4022 1.6117e-01 1.4571e+02  0.3884869    111.398    13.2059    316.268 0.0000e+00
    109.266     3.8189 182.273330     2.1258 1.0000e-12     0.1476    96.3761 1.5629e-01 1.4571e+02  0.3884869    111.420    13.2071    316.229 0.0000e+00
    109.287     3.8185 182.297209     2.1258 1.0000e-12     0.1476    96.3761 1.5385e-01 1.4571e+02  0.3884869    111.442    13.2084    316.275 0.0000e+00
    109.307     3.8185 182.273330     2.1258 1.0000e-12     0.1476    96.3761 1.5507e-01 1.4571e+02  0.3889027    111.462    13.2081    316.234 0.0000e+00
    109.328     3.8185 182.285271     2.1258 1.0000e-12     0.1476    96.3761 1.5629e-01 1.4571e+02  0.3893185    111.484    13.2062    316.254 0.0000e+00
    109.348     3.8191 182.333025     2.1258 1.0000e-12     0.1476    96.3761 1.5751e-01 1.4571e+02  0.3893185    111.504    13.2057    316.331 0.0000e+00
    109.369     3.8193 182.309148     2.1258 1.0000e-12     0.1476    96.3761 1.5263e-01 1.4571e+02  0.3893185    111.525    13.2053    316.287 0.0000e+00
    109.391     3.8196 182.261393     2.1258 1.0000e-12     0.1476    96.3761 1.5140e-01 1.4571e+02  0.3889027    111.548    13.2065    316.201 0.0000e+00
    109.413     3.8194 182.285271     2.1258 1.0000e-12     0.1476    96.3761 1.5263e-01 1.4571e+02  0.3889027    111.570    13.2064    316.244 0.0000e+00
    109.434     3.8197 182.261394     2.1258 1.0000e-12     0.1466    96.4022 1.5263e-01 1.4571e+02  0.3889027    111.592    13.2061    316.200 0.0000e+00
    109.455     3.8198 182.261395     2.1258 1.0000e-12     0.1487    96.3500 1.5018e-01 1.4571e+02  0.3893185    111.613    13.2042    316.199 0.0000e+00
    109.475     3.8199 182.333026     2.1270 1.0000e-12     0.1476    96.3761 1.4774e-01 1.4571e+02  0.3889027    111.633    13.2136    316.322 0.0000e+00
    109.496     3.8197 182.309150     2.1270 1.0000e-12     0.1476    96.3761 1.4652e-01 1.4571e+02  0.3889027    111.655    13.2151    316.283 0.0000e+00
    109.518     3.8196 182.333029     2.1258 1.0000e-12     0.1476    96.3761 1.4774e-01 1.4571e+02  0.3889027    111.677    13.2086    316.325 0.0000e+00
    109.538     3.8193 182.285274     2.1258 1.0000e-12     0.1476    96.3761 1.5018e-01 1.4571e+02  0.3889027    111.698    13.2086    316.245 0.0000e+00
    109.559     3.8189 182.249457     2.1258 1.0000e-12     0.1487    96.3500 1.4896e-01 1.4571e+02  0.3893185    111.719    13.2087    316.188 0.0000e+00
    109.582     3.8185 182.249459     2.1270 1.0000e-12     0.1476    96.3761 1.4408e-01 1.4571e+02  0.3893185    111.743    13.2199    316.192 0.0000e+00
    109.603     3.8182 182.285276     2.1258 1.0000e-12     0.1466    96.4022 1.4164e-01 1.4571e+02  0.3893185    111.764    13.2119    316.258 0.0000e+00
    109.623     3.8174 182.333030     2.1258 1.0000e-12     0.1476    96.3761 1.4774e-01 1.4571e+02  0.3893185    111.784    13.2121    316.349 0.0000e+00
    109.644     3.8169 182.261399     2.1258 1.0000e-12     0.1476    96.3761 1.5263e-01 1.4571e+02  0.3889027    111.806    13.2122    316.230 0.0000e+00
    109.667     3.8163 182.237522     2.1245 1.0000e-12     0.1466    96.4022 1.5507e-01 1.4571e+02  0.3889027    111.829    13.2020    316.196 0.0000e+00
    109.688     3.8155 182.249463     2.1258 1.0000e-12     0.1476    96.3761 1.5140e-01 1.4571e+02  0.3893185    111.851    13.2110    316.225 0.0000e+00
    109.709     3.8149 182.333033     2.1258 1.0000e-12     0.1466    96.4022 1.4896e-01 1.4571e+02  0.3889027    111.872    13.2094    316.377 0.0000e+00
    109.731     3.8142 182.285281     2.1258 1.0000e-12     0.1466    96.4022 1.4774e-01 1.4571e+02  0.3893185    111.894    13.2080    316.301 0.0000e+00
    109.752     3.8138 182.273341     2.1258 1.0000e-12     0.1466    96.4022 1.4896e-01 1.4571e+02  0.3889027    111.916    13.2065    316.285 0.0000e+00
    109.774     3.8134 182.261404     2.1270 1.0000e-12     0.1476    96.3761 1.4896e-01 1.4571e+02  0.3893185    111.938    13.2179    316.269 0.0000e+00
    109.795     3.8139 182.261404     2.1258 1.0000e-12     0.1476    96.3761 1.4896e-01 1.4571e+02  0.3893185    111.960    13.2096    316.263 0.0000e+00
    109.814     3.8138 182.285282     2.1258 1.0000e-12     0.1476    96.3761 1.4530e-01 1.4571e+02  0.3889027    111.979    13.2111    316.306 0.0000e+00
    109.833     3.8144 182.261403     2.1245 1.0000e-12     0.1476    96.3761 1.4530e-01 1.4571e+02  0.3893185    111.998    13.2003    316.258 0.0000e+00
    109.853     3.8142 182.249467     2.1258 1.0000e-12     0.1476    96.3761 1.4652e-01 1.4571e+02  0.3897342    112.019    13.2107    316.239 0.0000e+00
