data/05_metadata_exports/SeabirdData/202305_SeabirdData/83338_stn41-b.cnv
* Sea-Bird SBE 9 Data File:
* FileName = C:\Users\rosette\Rosette Data\2023\Ontario CSMI\stn41-b.hex
* Software Version Seasave V 7.26.6.26
* Temperature SN = 5270
* Conductivity SN = 1168
* Number of Bytes Per Scan = 40
* Number of Voltage Words = 5
* Number of Scans Averaged by the Deck Unit = 1
* NMEA Latitude = 43 43.03 N
* NMEA Longitude = 078 01.60 W
* NMEA UTC (Time) = Oct 02 2003  00:22:15
* NMEA baud rate = 4800
** Ship: Lake Guardian
** Ontario CSMI LWFS
** Station:  stn41-b
# nquan = 14                                
# nvalues = 4621                        
# units = specified
# name 0 = prDM: Pressure, Digiquartz [db]
# name 1 = t090C: Temperature [ITS-90, deg C]
# name 2 = c0uS/cm: Conductivity [uS/cm]
# name 3 = sbeox0V: Oxygen raw, SBE 43 [V]
# name 4 = par: PAR/Irradiance, Biospherical/Licor
# name 5 = bat: Beam Attenuation, Chelsea/Seatech [1/m]
# name 6 = xmiss: Beam Transmission, Chelsea/Seatech [%]
# name 7 = flSP: Fluorescence, Seapoint
# name 8 = spar: SPAR, Biospherical/Licor
# name 9 = upoly0: Upoly 0, Suna Nitrate
# name 10 = depFM: Depth [fresh water, m], lat = 43.7172
# name 11 = sbeox0Mg/L: Oxygen, SBE 43 [mg/l], WS = 2
# name 12 = specc: Specific Conductance [uS/cm]
# name 13 = flag: flag
# span 0 =     -0.145,      5.089       
# span 1 =     5.5499,     7.0181       
# span 2 =  21.025051, 278.549071       
# span 3 =     1.9158,     2.3346       
# span 4 = 4.9104e+00, 6.2551e+01       
# span 5 =     0.4742,    55.2620       
# span 6 =     0.0000,    88.8218       
# span 7 = 2.5641e-02, 1.2869e+00       
# span 8 = 2.7568e+01, 3.7413e+01       
# span 9 =  0.0741704,  0.3489895       
# span 10 =     -0.148,      5.189      
# span 11 =    10.3504,    13.9352      
# span 12 =     34.246,    454.419      
# span 13 = 0.0000e+00, 0.0000e+00      
# interval = seconds: 0.0416667
# start_time = Oct 02 2003 00:22:15 [NMEA time, header]
# bad_flag = -9.990e-29
*END*
[from data line 1859]
      1.916     7.0087 199.203000     2.2967 1.5342e+01     0.5418    87.3319 8.0464e-01 3.3475e+01  0.3452476      1.954    13.3367    311.154 -9.990e-29
      1.916     7.0083 199.238886     2.2955 1.5429e+01     0.5418    87.3319 7.8999e-01 3.1506e+01  0.3452476      1.954    13.3244    311.214 -9.990e-29
      1.916     7.0081 199.179075     2.2955 1.5517e+01     0.5418    87.3319 7.8144e-01 3.1506e+01  0.3448319      1.954    13.3207    311.122 -9.990e-29
      1.917     7.0079 199.226922     2.2979 1.5917e+01     0.5418    87.3319 7.8999e-01 3.1506e+01  0.3448319      1.955    13.3344    311.199 -9.990e-29
      1.920     7.0075 199.203002     2.2979 1.6099e+01     0.5406    87.3580 8.1074e-01 3.3475e+01  0.3452476      1.958    13.3311    311.165 -9.990e-29
      1.922     7.0076 199.214962     2.2979 1.6144e+01     0.5406    87.3580 8.3150e-01 3.3475e+01  0.3452476      1.960    13.3289    311.183 -9.990e-29
      1.923     7.0075 199.191038     2.2979 1.6374e+01     0.5418    87.3319 8.4493e-01 3.3475e+01  0.3448319      1.961    13.3258    311.147 -9.990e-29
      1.924     7.0074 199.214963     2.3004 1.6467e+01     0.5418    87.3319 8.6569e-01 3.3475e+01  0.3448319      1.962    13.3409    311.185 -9.990e-29
      1.926     7.0075 199.155153     2.3004 1.6467e+01     0.5418    87.3319 8.8034e-01 3.1506e+01  0.3448319      1.964    13.3381    311.091 -9.990e-29
      1.927     7.0076 199.155152     2.3004 1.6236e+01     0.5430    87.3057 8.8400e-01 3.1506e+01  0.3448319      1.965    13.3344    311.090 -9.990e-29
      1.929     7.0080 199.203000     2.3004 1.6099e+01     0.5418    87.3319 8.9499e-01 3.1506e+01  0.3448319      1.967    13.3309    311.161 -9.990e-29
      1.932     7.0080 199.191037     2.3016 1.6099e+01     0.5430    87.3057 9.1209e-01 3.3475e+01  0.3448319      1.970    13.3364    311.142 -9.990e-29
      1.937     7.0082 199.214962     2.3016 1.5783e+01     0.5096    88.0376 9.0720e-01 3.1506e+01  0.3448319      1.975    13.3323    311.177 -9.990e-29
      1.942     7.0081 199.226924     2.3016 1.5561e+01     0.4859    88.5604 8.7057e-01 3.1506e+01  0.3448319      1.980    13.3286    311.197 -9.990e-29
      1.948     7.0085 199.226924     2.3016 1.5517e+01     0.4824    88.6388 8.1807e-01 3.1506e+01  0.3448319      1.986    13.3240    311.193 -9.990e-29
      1.955     7.0083 199.226924     2.3028 1.5299e+01     0.4836    88.6127 7.9243e-01 3.1506e+01  0.3448319      1.994    13.3297    311.195 -9.990e-29
      1.962     7.0085 199.191038     2.3028 1.5084e+01     0.4848    88.5866 7.7167e-01 3.1506e+01  0.3448319      2.001    13.3270    311.137 -9.990e-29
      1.971     7.0083 199.226924     2.3028 1.5041e+01     0.4848    88.5866 7.5580e-01 3.1506e+01  0.3448319      2.010    13.3248    311.195 -9.990e-29
      1.981     7.0082 199.203001     2.3028 1.4746e+01     0.4836    88.6127 7.3748e-01 3.1506e+01  0.3448319      2.020    13.3217    311.159 -9.990e-29
      1.993     7.0080 199.214962     2.3040 1.4375e+01     0.4836    88.6127 7.1795e-01 3.1506e+01  0.3448319      2.032    13.3289    311.179 -9.990e-29
      2.006     7.0079 199.238888     2.3040 1.4294e+01     0.4848    88.5866 6.9963e-01 3.1506e+01  0.3448319      2.046    13.3267    311.218 -9.990e-29
      2.019     7.0080 199.250850     2.3053 1.4334e+01     0.4836    88.6127 6.9109e-01 3.1506e+01  0.3452476      2.059    13.3342    311.235 -9.990e-29
      2.032     7.0082 199.226925     2.3053 1.4498e+01     0.4824    88.6388 6.8010e-01 3.1506e+01  0.3448319      2.072    13.3317    311.196 -9.990e-29
      2.045     7.0083 199.226926     2.3065 1.4580e+01     0.4871    88.5343 6.6911e-01 3.1506e+01  0.3452476      2.085    13.3394    311.195 -9.990e-29
      2.059     7.0087 199.238888     2.3065 1.4580e+01     0.4895    88.4820 6.7155e-01 3.1506e+01  0.3452476      2.100    13.3388    311.210 -9.990e-29
      2.072     7.0085 199.250851     2.3065 1.4539e+01     0.4907    88.4559 6.7643e-01 3.1506e+01  0.3452476      2.113    13.3378    311.230 -9.990e-29
      2.084     7.0083 199.226926     2.3077 1.4539e+01     0.4907    88.4559 6.8376e-01 3.1506e+01  0.3452476      2.125    13.3435    311.195 -9.990e-29
      2.096     7.0087 199.238889     2.3077 1.4539e+01     0.4895    88.4820 6.8864e-01 3.1506e+01  0.3452476      2.137    13.3408    311.210 -9.990e-29
      2.107     7.0083 199.203003     2.3077 1.4457e+01     0.4895    88.4820 6.8132e-01 3.1506e+01  0.3452476      2.149    13.3400    311.158 0.0000e+00
      2.118     7.0083 199.214965     2.3089 1.4416e+01     0.4895    88.4820 6.8254e-01 3.1506e+01  0.3452476      2.160    13.3458    311.176 0.0000e+00
      2.130     7.0087 199.191041     2.3089 1.4375e+01     0.4895    88.4820 6.7766e-01 3.1506e+01  0.3452476      2.172    13.3434    311.135 0.0000e+00
      2.143     7.0088 199.226928     2.3089 1.4093e+01     0.4895    88.4820 6.7521e-01 3.1506e+01  0.3452476      2.185    13.3405    311.190 0.0000e+00
      2.156     7.0090 199.250851     2.3089 1.3934e+01     0.4895    88.4820 6.7766e-01 3.1506e+01  0.3452476      2.199    13.3404    311.226 0.0000e+00
      2.169     7.0093 199.250851     2.3089 1.3934e+01     0.4895    88.4820 6.7399e-01 3.1506e+01  0.3452476      2.212    13.3397    311.223 0.0000e+00
      2.183     7.0098 199.203005     2.3089 1.3583e+01     0.4895    88.4820 6.7643e-01 3.1506e+01  0.3448319      2.226    13.3371    311.143 0.0000e+00
      2.196     7.0095 199.214965     2.3101 1.3354e+01     0.4895    88.4820 6.8376e-01 3.1506e+01  0.3448319      2.239    13.3440    311.165 0.0000e+00
      2.209     7.0098 199.238890     2.3101 1.3316e+01     0.4895    88.4820 6.8987e-01 3.1506e+01  0.3444161      2.253    13.3426    311.199 0.0000e+00
      2.222     7.0100 199.203005     2.3101 1.3241e+01     0.4895    88.4820 6.9597e-01 3.1506e+01  0.3444161      2.266    13.3396    311.141 0.0000e+00
      2.234     7.0101 199.226928     2.3101 1.3166e+01     0.4895    88.4820 6.8742e-01 3.1506e+01  0.3444161      2.278    13.3372    311.177 0.0000e+00
      2.246     7.0100 199.203004     2.3114 1.3166e+01     0.4895    88.4820 6.7888e-01 3.1506e+01  0.3444161      2.290    13.3448    311.141 0.0000e+00
      2.258     7.0105 199.214967     2.3114 1.3241e+01     0.4895    88.4820 6.8254e-01 3.1506e+01  0.3448319      2.303    13.3423    311.155 0.0000e+00
      2.272     7.0108 199.262814     2.3114 1.3279e+01     0.4907    88.4559 6.8864e-01 3.1506e+01  0.3448319      2.317    13.3405    311.227 0.0000e+00
      2.285     7.0112 199.250853     2.3114 1.3279e+01     0.4895    88.4820 6.8987e-01 3.1506e+01  0.3444161      2.330    13.3381    311.204 0.0000e+00
      2.298     7.0108 199.226929     2.3126 1.3354e+01     0.4883    88.5081 6.8620e-01 3.1506e+01  0.3444161      2.343    13.3451    311.171 0.0000e+00
      2.311     7.0108 199.226929     2.3126 1.3468e+01     0.4836    88.6127 6.8742e-01 3.1506e+01  0.3444161      2.357    13.3440    311.171 0.0000e+00
      2.324     7.0110 199.226930     2.3126 1.3468e+01     0.4824    88.6388 6.9109e-01 3.1506e+01  0.3448319      2.370    13.3422    311.169 0.0000e+00
      2.338     7.0109 199.191044     2.3126 1.3506e+01     0.4836    88.6127 6.9719e-01 3.1506e+01  0.3444161      2.384    13.3400    311.114 0.0000e+00
      2.352     7.0104 199.214968     2.3138 1.3545e+01     0.4836    88.6127 7.0452e-01 3.1506e+01  0.3448319      2.398    13.3485    311.156 0.0000e+00
      2.366     7.0105 199.238893     2.3138 1.3583e+01     0.4836    88.6127 7.0818e-01 3.1506e+01  0.3444161      2.413    13.3487    311.192 0.0000e+00
      2.380     7.0104 199.226930     2.3138 1.3545e+01     0.4824    88.6388 7.0696e-01 3.1506e+01  0.3444161      2.427    13.3473    311.175 0.0000e+00
      2.394     7.0105 199.238893     2.3138 1.3241e+01     0.4824    88.6388 6.9841e-01 3.1506e+01  0.3448319      2.441    13.3453    311.192 0.0000e+00
      2.409     7.0108 199.203007     2.3150 1.3166e+01     0.4824    88.6388 6.8742e-01 3.1506e+01  0.3448319      2.456    13.3538    311.133 0.0000e+00
      2.424     7.0106 199.191046     2.3150 1.3129e+01     0.4836    88.6127 6.7399e-01 3.1506e+01  0.3448319      2.472    13.3533    311.117 0.0000e+00
      2.437     7.0108 199.226932     2.3138 1.2907e+01     0.4836    88.6127 6.7399e-01 3.1506e+01  0.3448319      2.485    13.3436    311.171 0.0000e+00
      2.450     7.0104 199.203008     2.3150 1.2798e+01     0.4836    88.6127 6.8010e-01 3.1506e+01  0.3448319      2.498    13.3520    311.137 0.0000e+00
      2.462     7.0105 199.226933     2.3150 1.2798e+01     0.4824    88.6388 6.8376e-01 3.1506e+01  0.3448319      2.511    13.3512    311.174 0.0000e+00
      2.474     7.0104 199.274780     2.3162 1.2654e+01     0.4836    88.6127 6.8498e-01 3.1506e+01  0.3444161      2.523    13.3587    311.249 0.0000e+00
      2.487     7.0101 199.238894     2.3162 1.2547e+01     0.4824    88.6388 6.8132e-01 3.1506e+01  0.3448319      2.536    13.3571    311.196 0.0000e+00
      2.502     7.0104 199.226933     2.3150 1.2547e+01     0.4836    88.6127 6.7277e-01 3.1506e+01  0.3448319      2.551    13.3463    311.175 0.0000e+00
      2.518     7.0102 199.238896     2.3162 1.2476e+01     0.4836    88.6127 6.7643e-01 3.1506e+01  0.3452476      2.568    13.3537    311.195 0.0000e+00
      2.532     7.0101 199.274783     2.3162 1.2440e+01     0.4836    88.6127 6.7399e-01 3.1506e+01  0.3460791      2.582    13.3530    311.252 0.0000e+00
      2.546     7.0101 199.238896     2.3150 1.2405e+01     0.4836    88.6127 6.7277e-01 3.1506e+01  0.3460791      2.596    13.3433    311.196 0.0000e+00
      2.559     7.0103 199.238897     2.3162 1.2405e+01     0.4836    88.6127 6.7643e-01 3.1506e+01  0.3460791      2.609    13.3503    311.194 0.0000e+00
      2.573     7.0102 199.274783     2.3175 1.2370e+01     0.4836    88.6127 6.8132e-01 3.1506e+01  0.3460791      2.624    13.3589    311.251 0.0000e+00
      2.587     7.0101 199.214973     2.3162 1.2335e+01     0.4824    88.6388 6.8498e-01 3.1506e+01  0.3456634      2.638    13.3484    311.159 0.0000e+00
      2.602     7.0102 199.214974     2.3175 1.2300e+01     0.4824    88.6388 6.7766e-01 3.1506e+01  0.3460791      2.653    13.3562    311.158 0.0000e+00
      2.616     7.0108 199.238897     2.3175 1.2196e+01     0.4824    88.6388 6.6667e-01 3.1506e+01  0.3460791      2.668    13.3540    311.189 0.0000e+00
      2.629     7.0114 199.274783     2.3187 1.2196e+01     0.4812    88.6650 6.6422e-01 3.1506e+01  0.3460791      2.681    13.3613    311.240 0.0000e+00
      2.642     7.0119 199.250859     2.3187 1.2127e+01     0.4812    88.6650 6.6911e-01 3.1506e+01  0.3460791      2.694    13.3607    311.197 0.0000e+00
      2.654     7.0124 199.179088     2.3187 1.1990e+01     0.4812    88.6650 6.7155e-01 3.1506e+01  0.3460791      2.706    13.3585    311.080 0.0000e+00
      2.667     7.0122 199.250858     2.3175 1.1922e+01     0.4812    88.6650 6.7033e-01 3.1506e+01  0.3460791      2.720    13.3477    311.194 0.0000e+00
      2.681     7.0119 199.238898     2.3199 1.1888e+01     0.4824    88.6388 6.6422e-01 3.1506e+01  0.3460791      2.734    13.3636    311.179 0.0000e+00
      2.696     7.0119 199.262822     2.3199 1.1754e+01     0.4812    88.6650 6.6911e-01 3.1506e+01  0.3460791      2.749    13.3629    311.216 0.0000e+00
      2.710     7.0119 199.238899     2.3187 1.1721e+01     0.4812    88.6650 6.7766e-01 3.1506e+01  0.3460791      2.763    13.3533    311.179 0.0000e+00
      2.723     7.0114 199.238899     2.3187 1.1688e+01     0.4824    88.6388 6.7643e-01 3.1506e+01  0.3460791      2.777    13.3521    311.184 0.0000e+00
      2.735     7.0113 199.286746     2.3199 1.1523e+01     0.4812    88.6650 6.8498e-01 3.1506e+01  0.3460791      2.789    13.3603    311.259 0.0000e+00
      2.749     7.0109 199.286747     2.3199 1.1458e+01     0.4812    88.6650 7.0330e-01 3.1506e+01  0.3460791      2.803    13.3596    311.263 0.0000e+00
      2.764     7.0110 199.250862     2.3199 1.1425e+01     0.4824    88.6388 7.0818e-01 3.1506e+01  0.3460791      2.818    13.3584    311.206 0.0000e+00
      2.778     7.0104 199.250863     2.3199 1.1264e+01     0.4824    88.6388 6.9719e-01 3.1506e+01  0.3460791      2.833    13.3559    311.212 0.0000e+00
      2.790     7.0106 199.250863     2.3199 1.1169e+01     0.4812    88.6650 6.8254e-01 3.1506e+01  0.3460791      2.845    13.3541    311.210 0.0000e+00
      2.802     7.0104 199.203014     2.3199 1.1169e+01     0.4812    88.6650 6.8132e-01 3.1506e+01  0.3460791      2.857    13.3533    311.137 0.0000e+00
      2.815     7.0106 199.226940     2.3199 1.1043e+01     0.4812    88.6650 6.8864e-01 3.1506e+01  0.3460791      2.871    13.3532    311.173 0.0000e+00
      2.828     7.0105 199.203015     2.3199 1.0949e+01     0.4824    88.6388 6.8620e-01 3.1506e+01  0.3460791      2.884    13.3529    311.136 0.0000e+00
      2.842     7.0109 199.214978     2.3211 1.0949e+01     0.4824    88.6388 6.6178e-01 3.1506e+01  0.3460791      2.898    13.3596    311.151 0.0000e+00
      2.856     7.0111 199.191054     2.3211 1.0856e+01     0.4836    88.6127 6.4713e-01 3.1506e+01  0.3460791      2.912    13.3586    311.112 0.0000e+00
      2.869     7.0114 199.262826     2.3211 1.0795e+01     0.4824    88.6388 6.5201e-01 3.1506e+01  0.3464949      2.926    13.3573    311.221 0.0000e+00
      2.881     7.0116 199.250863     2.3211 1.0764e+01     0.4836    88.6127 6.6422e-01 3.1506e+01  0.3469107      2.938    13.3545    311.200 0.0000e+00
      2.893     7.0117 199.250863     2.3223 1.0764e+01     0.4824    88.6388 6.6789e-01 3.1506e+01  0.3469107      2.950    13.3624    311.199 0.0000e+00
      2.907     7.0119 199.226940     2.3211 1.0734e+01     0.4836    88.6127 6.5690e-01 3.1506e+01  0.3469107      2.964    13.3539    311.160 0.0000e+00
      2.921     7.0122 199.286750     2.3211 1.0734e+01     0.4824    88.6388 6.4713e-01 3.1506e+01  0.3469107      2.979    13.3525    311.251 0.0000e+00
      2.935     7.0124 199.286751     2.3211 1.0764e+01     0.4836    88.6127 6.4713e-01 3.1506e+01  0.3469107      2.993    13.3508    311.249 0.0000e+00
      2.948     7.0125 199.250865     2.3223 1.0795e+01     0.4836    88.6127 6.5568e-01 3.1506e+01  0.3469107      3.006    13.3588    311.192 0.0000e+00
      2.960     7.0129 199.226940     2.3223 1.0826e+01     0.4824    88.6388 6.6300e-01 3.1506e+01  0.3469107      3.018    13.3589    311.150 0.0000e+00
      2.973     7.0128 199.226941     2.3211 1.0826e+01     0.4824    88.6388 6.6545e-01 3.1506e+01  0.3469107      3.032    13.3503    311.151 0.0000e+00
      2.986     7.0132 199.238902     2.3211 1.0887e+01     0.4824    88.6388 6.6178e-01 3.1506e+01  0.3469107      3.045    13.3500    311.166 0.0000e+00
      2.999     7.0133 199.322637     2.3223 1.0918e+01     0.4824    88.6388 6.6422e-01 3.1506e+01  0.3469107      3.058    13.3580    311.296 0.0000e+00
      3.011     7.0137 199.310675     2.3223 1.0918e+01     0.4836    88.6127 6.6911e-01 3.1506e+01  0.3469107      3.070    13.3583    311.273 0.0000e+00
      3.023     7.0136 199.262826     2.3223 1.1043e+01     0.4836    88.6127 6.6789e-01 3.1506e+01  0.3469107      3.083    13.3585    311.200 0.0000e+00
      3.036     7.0136 199.286753     2.3223 1.1106e+01     0.4824    88.6388 6.6545e-01 3.1506e+01  0.3469107      3.096    13.3573    311.237 0.0000e+00
      3.047     7.0138 199.238903     2.3236 1.1106e+01     0.4836    88.6127 6.6667e-01 3.1506e+01  0.3469107      3.107    13.3651    311.160 0.0000e+00
      3.058     7.0138 199.262828     2.3223 1.1043e+01     0.4836    88.6127 6.7155e-01 3.1506e+01  0.3469107      3.118    13.3564    311.198 0.0000e+00
      3.069     7.0137 199.286751     2.3223 1.1012e+01     0.4824    88.6388 6.8010e-01 3.1506e+01  0.3469107      3.130    13.3557    311.236 0.0000e+00
