data/05_metadata_exports/SeabirdData/202305_SeabirdData/83338_stn41-b.cnv
* Sea-Bird SBE 9 Data File:
* FileName = C:\Users\rosette\Rosette Data\2023\Ontario CSMI\stn41-b.hex
* Software Version Seasave V 7.26.6.26
* Temperature SN = 5270
* Conductivity SN = 1168
* Number of Bytes Per Scan = 40
* Number of Voltage Words = 5
* Number of Scans Averaged by the Deck Unit = 1
* NMEA Latitude = 43 43.03 N
* NMEA Longitude = 078 01.60 W
* NMEA UTC (Time) = Oct 02 2003  00:22:15
* NMEA baud rate = 4800
** Ship: Lake Guardian
** Ontario CSMI LWFS
** Station:  stn41-b
# nquan = 14                                
# nvalues = 4621                        
# units = specified
# name 0 = prDM: Pressure, Digiquartz [db]
# name 1 = t090C: Temperature [ITS-90, deg C]
# name 2 = c0uS/cm: Conductivity [uS/cm]
# name 3 = sbeox0V: Oxygen raw, SBE 43 [V]
# name 4 = par: PAR/Irradiance, Biospherical/Licor
# name 5 = bat: Beam Attenuation, Chelsea/Seatech [1/m]
# name 6 = xmiss: Beam Transmission, Chelsea/Seatech [%]
# name 7 = flSP: Fluorescence, Seapoint
# name 8 = spar: SPAR, Biospherical/Licor
# name 9 = upoly0: Upoly 0, Suna Nitrate
# name 10 = depFM: Depth [fresh water, m], lat = 43.7172
# name 11 = sbeox0Mg/L: Oxygen, SBE 43 [mg/l], WS = 2
# name 12 = specc: Specific Conductance [uS/cm]
# name 13 = flag: flag
# span 0 =     -0.145,      5.089       
# span 1 =     5.5499,     7.0181       
# span 2 =  21.025051, 278.549071       
# span 3 =     1.9158,     2.3346       
# span 4 = 4.9104e+00, 6.2551e+01       
# span 5 =     0.4742,    55.2620       
# span 6 =     0.0000,    88.8218       
# span 7 = 2.5641e-02, 1.2869e+00       
# span 8 = 2.7568e+01, 3.7413e+01       
# span 9 =  0.0741704,  0.3489895       
# span 10 =     -0.148,      5.189      
# span 11 =    10.3504,    13.9352      
# span 12 =     34.246,    454.419      
# span 13 = 0.0000e+00, 0.0000e+00      
# interval = seconds: 0.0416667
# start_time = Oct 02 2003 00:22:15 [NMEA time, header]
# bad_flag = -9.990e-29
*END*
     -0.033     5.5516  90.443942     1.9939 4.3003e+01     1.4356    69.8446 3.5409e-02 3.7413e+01  0.0932955     -0.034    11.4047    148.012 -9.990e-29
     -0.034     5.5514  90.349456     1.9951 4.3003e+01     1.4356    69.8446 3.5409e-02 3.7413e+01  0.0932955     -0.035    11.4138    147.858 -9.990e-29
     -0.034     5.5517  90.219542     1.9951 4.3003e+01     1.4356    69.8446 3.5409e-02 3.7413e+01  0.0937112     -0.035    11.4137    147.644 -9.990e-29
     -0.035     5.5516  90.266783     1.9951 4.3125e+01     1.4356    69.8446 3.5409e-02 3.7413e+01  0.0932955     -0.036    11.4137    147.722 -9.990e-29
     -0.035     5.5516  90.408509     1.9951 4.3125e+01     1.4356    69.8446 3.5409e-02 3.7413e+01  0.0937112     -0.036    11.4137    147.954 -9.990e-29
     -0.035     5.5519  90.408510     1.9951 4.3125e+01     1.4356    69.8446 3.5409e-02 3.7413e+01  0.0937112     -0.036    11.4136    147.952 -9.990e-29
     -0.034     5.5517  90.349457     1.9939 4.3003e+01     1.4356    69.8446 3.5409e-02 3.7413e+01  0.0932955     -0.035    11.4047    147.857 -9.990e-29
     -0.035     5.5517  90.195921     1.9951 4.3003e+01     1.4356    69.8446 3.5409e-02 3.7413e+01  0.0932955     -0.036    11.4137    147.606 -9.990e-29
     -0.036     5.5519  90.113248     1.9951 4.3125e+01     1.4341    69.8707 3.5409e-02 3.7413e+01  0.0932955     -0.037    11.4136    147.469 -9.990e-29
     -0.036     5.5522  90.278593     1.9951 4.3125e+01     1.4356    69.8446 3.5409e-02 3.7413e+01  0.0932955     -0.037    11.4135    147.738 -9.990e-29
     -0.035     5.5521  90.266783     1.9951 4.3125e+01     1.4341    69.8707 3.5409e-02 3.7413e+01  0.0932955     -0.036    11.4136    147.720 -9.990e-29
     -0.035     5.5522  90.278594     1.9963 4.3125e+01     1.4356    69.8446 3.5409e-02 3.7413e+01  0.0932955     -0.036    11.4225    147.738 -9.990e-29
     -0.036     5.5524  90.278593     1.9951 4.3125e+01     1.4341    69.8707 3.5409e-02 3.7413e+01  0.0932955     -0.037    11.4135    147.737 -9.990e-29
     -0.037     5.5522  90.207731     1.9951 4.3125e+01     1.4356    69.8446 3.5409e-02 3.7413e+01  0.0932955     -0.038    11.4135    147.622 -9.990e-29
     -0.037     5.5524  90.113248     1.9951 4.3125e+01     1.4356    69.8446 3.5409e-02 3.7413e+01  0.0932955     -0.038    11.4135    147.467 -9.990e-29
     -0.037     5.5525  90.184110     1.9963 4.3125e+01     1.4341    69.8707 3.6630e-02 3.7413e+01  0.0932955     -0.038    11.4224    147.582 -9.990e-29
     -0.036     5.5525  90.219541     1.9963 4.3125e+01     1.4356    69.8446 3.5409e-02 3.7413e+01  0.0932955     -0.037    11.4224    147.640 -9.990e-29
     -0.036     5.5525  90.254972     1.9963 4.3125e+01     1.4341    69.8707 3.5409e-02 3.7413e+01  0.0932955     -0.037    11.4224    147.698 -9.990e-29
     -0.036     5.5525  90.136869     1.9951 4.3125e+01     1.4341    69.8707 3.6630e-02 3.7413e+01  0.0932955     -0.037    11.4134    147.505 -9.990e-29
     -0.036     5.5525  90.054197     1.9963 4.3125e+01     1.4356    69.8446 3.6630e-02 3.7413e+01  0.0932955     -0.037    11.4224    147.370 -9.990e-29
     -0.035     5.5529  89.971527     1.9963 4.3125e+01     1.4341    69.8707 3.6630e-02 3.7413e+01  0.0932955     -0.036    11.4223    147.233 -9.990e-29
     -0.034     5.5527  90.018767     1.9951 4.3125e+01     1.4356    69.8446 3.6630e-02 3.7413e+01  0.0932955     -0.035    11.4134    147.311 -9.990e-29
     -0.035     5.5529  90.101438     1.9963 4.3125e+01     1.4341    69.8707 3.6630e-02 3.7413e+01  0.0932955     -0.036    11.4223    147.445 -9.990e-29
     -0.036     5.5530  90.125058     1.9963 4.3125e+01     1.4356    69.8446 3.5409e-02 3.7413e+01  0.0932955     -0.037    11.4223    147.483 -9.990e-29
     -0.038     5.5529  90.054197     1.9963 4.3003e+01     1.4341    69.8707 3.5409e-02 3.7413e+01  0.0932955     -0.039    11.4445    147.368 -9.990e-29
     -0.039     5.5529  89.947906     1.9951 4.3003e+01     1.4356    69.8446 3.6630e-02 3.7413e+01  0.0932955     -0.040    11.4335    147.194 -9.990e-29
     -0.038     5.5530  89.924286     1.9951 4.3003e+01     1.4341    69.8707 3.6630e-02 3.7413e+01  0.0932955     -0.039    11.4327    147.155 -9.990e-29
     -0.037     5.5532  89.924286     1.9963 4.3003e+01     1.4341    69.8707 3.6630e-02 3.7413e+01  0.0932955     -0.038    11.4421    147.154 -9.990e-29
     -0.036     5.5535  90.054197     1.9963 4.2882e+01     1.4341    69.8707 3.6630e-02 3.7413e+01  0.0937112     -0.037    11.4425    147.365 -9.990e-29
     -0.036     5.5532  90.160489     1.9963 4.2882e+01     1.4356    69.8446 3.5409e-02 3.7413e+01  0.0937112     -0.037    11.4429    147.540 -9.990e-29
     -0.036     5.5532  90.089627     1.9951 4.2762e+01     1.4326    69.8969 3.5409e-02 3.7413e+01  0.0937112     -0.037    11.4328    147.424 -9.990e-29
     -0.036     5.5532  90.148679     1.9963 4.2762e+01     1.4341    69.8707 3.5409e-02 3.7413e+01  0.0932955     -0.037    11.4406    147.521 -9.990e-29
     -0.035     5.5533  89.853427     1.9976 4.2641e+01     1.4341    69.8707 3.6630e-02 3.7413e+01  0.0932955     -0.036    11.4489    147.037 -9.990e-29
     -0.035     5.5537  89.593613     1.9976 4.2641e+01     1.4341    69.8707 3.6630e-02 3.7413e+01  0.0932955     -0.036    11.4474    146.610 -9.990e-29
     -0.033     5.5535  89.841617     1.9976 4.2641e+01     1.4341    69.8707 3.6630e-02 3.7413e+01  0.0932955     -0.034    11.4473    147.017 -9.990e-29
     -0.032     5.5535  90.207731     1.9963 4.2641e+01     1.4356    69.8446 3.5409e-02 3.7413e+01  0.0932955     -0.033    11.4374    147.616 -9.990e-29
     -0.031     5.5537  90.148679     1.9963 4.2641e+01     1.4341    69.8707 3.5409e-02 3.7413e+01  0.0932955     -0.032    11.4383    147.519 -9.990e-29
     -0.029     5.5538  90.361266     1.9963 4.2521e+01     1.4341    69.8707 3.5409e-02 3.7413e+01  0.0932955     -0.030    11.4365    147.866 -9.990e-29
     -0.025     5.5537  90.585671     1.9963 4.2521e+01     1.4341    69.8707 3.5409e-02 3.7413e+01  0.0932955     -0.025    11.4347    148.234 -9.990e-29
     -0.022     5.5538  90.184110     1.9976 4.2402e+01     1.4341    69.8707 3.5409e-02 3.7413e+01  0.0932955     -0.022    11.4439    147.576 -9.990e-29
     -0.019     5.5538  89.770758     1.9963 4.2402e+01     1.4341    69.8707 3.5409e-02 3.7413e+01  0.0932955     -0.019    11.4336    146.900 -9.990e-29
     -0.015     5.5540  89.936096     1.9963 4.2402e+01     1.4356    69.8446 3.5409e-02 3.7413e+01  0.0932955     -0.015    11.4329    147.169 -9.990e-29
     -0.010     5.5543  90.668347     1.9976 4.2282e+01     1.4341    69.8707 3.5409e-02 3.7413e+01  0.0932955     -0.010    11.4432    148.366 -9.990e-29
     -0.005     5.5540  91.648721     1.9976 4.1926e+01     1.4341    69.8707 3.5409e-02 3.7413e+01  0.0932955     -0.005    11.4426    149.972 -9.990e-29
     -0.005     5.5543  92.227547     1.9963 4.1690e+01     1.4326    69.8969 3.5409e-02 3.7413e+01  0.0937112     -0.005    11.4333    150.917 -9.990e-29
     -0.010     5.5545  92.215733     1.9963 4.1690e+01     1.4311    69.9230 3.5409e-02 3.7413e+01  0.0937112     -0.010    11.4337    150.897 -9.990e-29
     -0.016     5.5545  91.825907     1.9976 4.1456e+01     1.4326    69.8969 3.6630e-02 3.7413e+01  0.0932955     -0.016    11.4426    150.259 -9.990e-29
     -0.024     5.5548  91.140802     1.9976 4.1223e+01     1.4326    69.8969 3.6630e-02 3.7413e+01  0.0932955     -0.024    11.4428    149.137 -9.990e-29
     -0.034     5.5548  90.219540     1.9963 4.1339e+01     1.4326    69.8969 3.5409e-02 3.7413e+01  0.0932955     -0.035    11.4334    147.629 -9.990e-29
     -0.039     5.5551  90.054196     1.9963 4.3003e+01     1.4341    69.8707 3.5409e-02 3.7413e+01  0.0932955     -0.040    11.4348    147.357 -9.990e-29
     -0.040     5.5553  89.865236     1.9963 4.3984e+01     1.4326    69.8969 3.5409e-02 3.7413e+01  0.0932955     -0.041    11.4361    147.047 -9.990e-29
     -0.037     5.5558  88.814220     1.9976 4.4108e+01     1.4326    69.8969 3.5409e-02 3.7413e+01  0.0932955     -0.038    11.4443    145.325 -9.990e-29
     -0.031     5.5559  82.982876     1.9976 4.4860e+01     1.4326    69.8969 3.5409e-02 3.7413e+01  0.0932955     -0.032    11.4456    135.783 -9.990e-29
     -0.026     5.5562  89.593613     1.9976 4.5369e+01     1.4326    69.8969 3.5409e-02 3.7413e+01  0.0932955     -0.027    11.4486    146.598 -9.990e-29
     -0.023     5.5566  93.527099     1.9963 4.5497e+01     1.4341    69.8707 3.5409e-02 3.7413e+01  0.0932955     -0.023    11.4431    153.032 -9.990e-29
     -0.022     5.5566 103.161827     1.9976 4.4608e+01     1.4326    69.8969 3.5409e-02 3.7413e+01  0.0937112     -0.022    11.4539    168.797 -9.990e-29
     -0.019     5.5564 117.675986     1.9963 4.3860e+01     1.4326    69.8969 3.5409e-02 3.7413e+01  0.0932955     -0.019    11.4462    192.547 -9.990e-29
     -0.015     5.5567 122.642065     1.9963 4.3614e+01     1.4326    69.8969 3.5409e-02 3.7413e+01  0.0932955     -0.015    11.4510    200.671 -9.990e-29
     -0.012     5.5569 124.740781     1.9976 4.3003e+01     1.4326    69.8969 3.5409e-02 3.7413e+01  0.0932955     -0.012    11.4656    204.103 -9.990e-29
     -0.007     5.5572 126.365566     1.9976 4.2163e+01     1.4326    69.8969 3.5409e-02 3.7413e+01  0.0932955     -0.007    11.4702    206.760 -9.990e-29
     -0.003     5.5574 127.812716     1.9976 4.1926e+01     1.4326    69.8969 3.6630e-02 3.7413e+01  0.0932955     -0.003    11.4745    209.126 -9.990e-29
      0.000     5.5578 129.604201     1.9963 4.2402e+01     1.4326    69.8969 3.5409e-02 3.7413e+01  0.0932955      0.000    11.4688    212.055 -9.990e-29
      0.004     5.5578 131.550348     1.9963 4.3003e+01     1.4326    69.8969 3.5409e-02 3.7413e+01  0.0932955      0.004    11.4738    215.239 -9.990e-29
      0.005     5.5577 133.508810     1.9976 4.3246e+01     1.4326    69.8969 3.6630e-02 3.7413e+01  0.0932955      0.005    11.4895    218.444 -9.990e-29
      0.003     5.5581 135.372731     1.9963 4.3491e+01     1.4326    69.8969 3.1746e-02 3.7413e+01  0.0932955      0.003    11.4866    221.491 -9.990e-29
      0.003     5.5582 135.538963     1.9963 4.4483e+01     1.4326    69.8969 2.5641e-02 3.7413e+01  0.0932955      0.003    11.4930    221.762 -9.990e-29
      0.000     5.5582 133.675002     1.9976 4.4860e+01     1.4326    69.8969 2.5641e-02 3.7413e+01  0.0932955      0.000    11.5088    218.712 -9.990e-29
     -0.003     5.5583 131.621555     1.9976 4.5241e+01     1.4311    69.9230 2.9304e-02 3.7413e+01  0.0932955     -0.003    11.5172    215.352 -9.990e-29
     -0.004     5.5585 130.956963     1.9976 4.7328e+01     1.4326    69.8969 3.1746e-02 3.7413e+01  0.0932955     -0.004    11.5249    214.263 -9.990e-29
     -0.006     5.5585 133.200173     1.9976 4.8135e+01     1.4311    69.9230 3.2967e-02 3.7413e+01  0.0932955     -0.006    11.5332    217.933 -9.990e-29
     -0.011     5.5588 136.215787     1.9976 4.8270e+01     1.4326    69.8969 3.4188e-02 3.7413e+01  0.0932955     -0.011    11.5420    222.865 -9.990e-29
     -0.017     5.5588 138.448503     1.9976 4.8955e+01     1.4326    69.8969 3.4188e-02 3.7413e+01  0.0932955     -0.017    11.5530    226.518 -9.990e-29
     -0.023     5.5588 140.824375     1.9976 4.9371e+01     1.4311    69.9230 3.5409e-02 3.7413e+01  0.0932955     -0.023    11.5646    230.405 -9.990e-29
     -0.028     5.5562 143.177140     1.9988 4.9371e+01     1.4326    69.8969 3.5409e-02 3.7413e+01  0.0932955     -0.029    11.5852    234.275 -9.990e-29
     -0.033     5.5513 199.718285     2.0000 4.9790e+01     1.4326    69.8969 3.5409e-02 3.7413e+01  0.0932955     -0.034    11.6025    326.843 -9.990e-29
     -0.037     5.5499 162.356088     1.9976 4.9930e+01     1.4326    69.8969 3.5409e-02 3.7413e+01  0.0932955     -0.038    11.5963    265.711 -9.990e-29
     -0.040     5.5538 133.449456     1.9988 4.9930e+01     1.4311    69.9230 3.6630e-02 3.7413e+01  0.0932955     -0.041    11.6167    218.375 -9.990e-29
     -0.042     5.5649 119.109802     2.0012 4.9790e+01     1.4326    69.8969 3.5409e-02 3.7413e+01  0.0932955     -0.043    11.6431    194.839 -9.990e-29
     -0.041     5.5769 108.924258     2.0024 4.9510e+01     1.4311    69.9230 3.5409e-02 3.7413e+01  0.0932955     -0.042    11.6604    178.107 -9.990e-29
     -0.039     5.5832 105.374037     2.0012 4.9510e+01     1.4311    69.9230 3.5409e-02 3.7413e+01  0.0932955     -0.040    11.6588    172.267 -9.990e-29
     -0.034     5.5852 114.418189     2.0012 4.8543e+01     1.4311    69.9230 3.5409e-02 3.7413e+01  0.0932955     -0.035    11.6673    187.040 -9.990e-29
     -0.026     5.5863 127.504274     2.0024 4.7461e+01     1.4326    69.8969 3.5409e-02 3.7413e+01  0.0937112     -0.027    11.6839    208.424 -9.990e-29
     -0.015     5.5889 131.028153     2.0024 4.7194e+01     1.4326    69.8969 3.5409e-02 3.7413e+01  0.0937112     -0.015    11.6917    214.167 -9.990e-29
     -0.008     5.5919 129.853366     2.0024 4.5497e+01     1.4311    69.9230 3.5409e-02 3.7413e+01  0.0932955     -0.008    11.7012    212.226 -9.990e-29
     -0.007     5.5934 128.358411     2.0037 4.2402e+01     1.4296    69.9491 3.5409e-02 3.7413e+01  0.0932955     -0.007    11.7211    209.772 -9.990e-29
     -0.008     5.5943 127.017923     2.0037 4.1690e+01     1.4296    69.9491 3.5409e-02 3.7413e+01  0.0932955     -0.008    11.7316    207.575 -9.990e-29
     -0.004     5.5945 128.358411     2.0049 4.1107e+01     1.4296    69.9491 3.6630e-02 3.7413e+01  0.0932955     -0.004    11.7511    209.764 -9.990e-29
      0.001     5.5976 132.286185     2.0061 3.9294e+01     1.4281    69.9753 3.6630e-02 3.7413e+01  0.0932955      0.001    11.7680    216.161 -9.990e-29
      0.000     5.6024 134.327917     2.0061 3.8744e+01     1.4281    69.9753 3.6630e-02 3.7413e+01  0.0932955      0.000    11.7768    219.463 -9.990e-29
     -0.004     5.6074 130.114406     2.0073 3.8744e+01     1.4296    69.9491 3.6630e-02 3.7413e+01  0.0932955     -0.004    11.7933    212.544 -9.990e-29
     -0.008     5.6118 114.133924     2.0073 3.8854e+01     1.4296    69.9491 3.5409e-02 3.7413e+01  0.0932955     -0.008    11.8014    186.413 -9.990e-29
     -0.010     5.6168  99.815008     2.0085 3.8854e+01     1.4281    69.9753 3.5409e-02 3.7413e+01  0.0932955     -0.010    11.8181    163.000 -9.990e-29
     -0.012     5.6213  91.377020     2.0085 3.8854e+01     1.4296    69.9491 3.6630e-02 3.7413e+01  0.0932955     -0.012    11.8268    149.198 -9.990e-29
     -0.017     5.6256  85.673745     2.0110 3.8963e+01     1.4296    69.9491 3.5409e-02 3.7413e+01  0.0932955     -0.017    11.8525    139.867 -9.990e-29
     -0.022     5.6291  80.528761     2.0122 3.8963e+01     1.4281    69.9753 3.6630e-02 3.7413e+01  0.0932955     -0.022    11.8671    131.452 -9.990e-29
     -0.026     5.6330  75.292602     2.0134 3.8963e+01     1.4281    69.9753 3.6630e-02 3.7413e+01  0.0932955     -0.027    11.8812    122.889 -9.990e-29
     -0.029     5.6368  71.073027     2.0147 3.9852e+01     1.4296    69.9491 3.5409e-02 3.7413e+01  0.0932955     -0.030    11.8970    115.988 -9.990e-29
     -0.030     5.6405  67.515146     2.0159 4.0418e+01     1.4296    69.9491 3.5409e-02 3.7413e+01  0.0932955     -0.031    11.9115    110.168 -9.990e-29
     -0.030     5.6431  64.406179     2.0159 4.0418e+01     1.4296    69.9491 3.5409e-02 3.5444e+01  0.0932955     -0.031    11.9194    105.086 -9.990e-29
     -0.030     5.6448  62.075211     2.0159 4.2641e+01     1.4296    69.9491 3.5409e-02 3.7413e+01  0.0932955     -0.031    11.9310    101.277 -9.990e-29
     -0.028     5.6460  60.486286     2.0171 4.4483e+01     1.4281    69.9753 3.5409e-02 3.7413e+01  0.0932955     -0.029    11.9508     98.681 -9.990e-29
     -0.026     5.6467  59.297731     2.0183 4.4734e+01     1.4296    69.9491 3.6630e-02 3.7413e+01  0.0932955     -0.027    11.9725     96.740 -9.990e-29
     -0.026     5.6471  57.968163     2.0195 4.4608e+01     1.4296    69.9491 3.5409e-02 3.7413e+01  0.0932955     -0.027    11.9959     94.569 -9.990e-29
