data/05_metadata_exports/SeabirdData/202305_SeabirdData/83331_stn41-a.cnv
* Sea-Bird SBE 9 Data File:
* FileName = C:\Users\rosette\Rosette Data\2023\Ontario CSMI\stn41-a.hex
* Software Version Seasave V 7.26.6.26
* Temperature SN = 5270
* Conductivity SN = 1168
* Number of Bytes Per Scan = 40
* Number of Voltage Words = 5
* Number of Scans Averaged by the Deck Unit = 1
* NMEA Latitude = 43 43.01 N
* NMEA Longitude = 078 01.60 W
* NMEA UTC (Time) = Oct 01 2003  23:50:18
* NMEA baud rate = 4800
** Ship: Lake Guardian
** Ontario CSMI LWFS
** Station:  stn41-a
# nquan = 14                                
# nvalues = 20686                       
# units = specified
# name 0 = prDM: Pressure, Digiquartz [db]
# name 1 = t090C: Temperature [ITS-90, deg C]
# name 2 = c0uS/cm: Conductivity [uS/cm]
# name 3 = sbeox0V: Oxygen raw, SBE 43 [V]
# name 4 = par: PAR/Irradiance, Biospherical/Licor
# name 5 = bat: Beam Attenuation, Chelsea/Seatech [1/m]
# name 6 = xmiss: Beam Transmission, Chelsea/Seatech [%]
# name 7 = flSP: Fluorescence, Seapoint
# name 8 = spar: SPAR, Biospherical/Licor
# name 9 = upoly0: Upoly 0, Suna Nitrate
# name 10 = depFM: Depth [fresh water, m], lat = 43.7168
# name 11 = sbeox0Mg/L: Oxygen, SBE 43 [mg/l], WS = 2
# name 12 = specc: Specific Conductance [uS/cm]
# name 13 = flag: flag
# span 0 =     -0.288,    124.939       
# span 1 =     3.7619,     7.1502       
# span 2 =  11.039733, 395.840865       
# span 3 =     1.8889,     2.3358       
# span 4 = 1.0000e-12, 3.6924e+02       
# span 5 =     0.1013,     2.7451       
# span 6 =    50.3446,    97.5001       
# span 7 = 0.0000e+00, 9.7436e-01       
# span 8 = 1.1618e+02, 1.8116e+02       
# span 9 =  0.0741704,  0.3934761       
# span 10 =     -0.294,    127.402      
# span 11 =    10.1006,    13.4723      
# span 12 =     17.594,    629.473      
# span 13 = 0.0000e+00, 0.0000e+00      
# interval = seconds: 0.0416667
# start_time = Oct 01 2003 23:50:18 [NMEA time, header]
# bad_flag = -9.990e-29
*END*
[from data line 3201]
      1.772     7.0557 199.490058     2.3248 8.2893e+01     0.4966    88.3252 6.7521e-01 1.6737e+02  0.3440003      1.807    13.3400    311.145 -9.990e-29
      1.776     7.0560 199.537905     2.3248 8.3361e+01     0.4954    88.3513 6.8010e-01 1.6737e+02  0.3435846      1.811    13.3383    311.217 -9.990e-29
      1.781     7.0563 199.513981     2.3248 8.3361e+01     0.4954    88.3513 6.8864e-01 1.6737e+02  0.3440003      1.816    13.3364    311.177 -9.990e-29
      1.786     7.0564 199.502019     2.3248 8.3596e+01     0.4966    88.3252 6.9109e-01 1.6737e+02  0.3435846      1.821    13.3359    311.157 -9.990e-29
      1.791     7.0562 199.513982     2.3248 8.3596e+01     0.4966    88.3252 6.8620e-01 1.6737e+02  0.3440003      1.826    13.3352    311.178 -9.990e-29
      1.795     7.0567 199.525944     2.3248 8.3596e+01     0.4966    88.3252 6.9109e-01 1.6737e+02  0.3435846      1.830    13.3342    311.191 -9.990e-29
      1.799     7.0563 199.502019     2.3248 8.3596e+01     0.4966    88.3252 6.8498e-01 1.6737e+02  0.3431688      1.834    13.3321    311.158 -9.990e-29
      1.803     7.0563 199.537906     2.3248 8.4305e+01     0.4966    88.3252 6.7521e-01 1.6737e+02  0.3431688      1.839    13.3323    311.214 -9.990e-29
      1.807     7.0564 199.513981     2.3260 8.4781e+01     0.4966    88.3252 6.7521e-01 1.6737e+02  0.3423373      1.843    13.3410    311.176 -9.990e-29
      1.811     7.0566 199.502020     2.3248 8.4542e+01     0.4966    88.3252 6.8254e-01 1.6737e+02  0.3427530      1.847    13.3310    311.155 -9.990e-29
      1.813     7.0566 199.513981     2.3248 8.4305e+01     0.4978    88.2990 6.9353e-01 1.6737e+02  0.3431688      1.849    13.3295    311.174 -9.990e-29
      1.816     7.0569 199.525944     2.3260 8.4305e+01     0.4966    88.3252 6.9353e-01 1.6737e+02  0.3431688      1.852    13.3365    311.189 -9.990e-29
      1.819     7.0569 199.549869     2.3260 8.4068e+01     0.4966    88.3252 6.7643e-01 1.6737e+02  0.3431688      1.855    13.3337    311.227 -9.990e-29
      1.821     7.0570 199.490056     2.3248 8.4781e+01     0.4966    88.3252 6.6545e-01 1.6737e+02  0.3431688      1.857    13.3246    311.133 -9.990e-29
      1.823     7.0569 199.490057     2.3248 8.5259e+01     0.4966    88.3252 6.5934e-01 1.6737e+02  0.3431688      1.859    13.3252    311.134 -9.990e-29
      1.826     7.0567 199.502019     2.3248 8.5259e+01     0.4954    88.3513 6.6422e-01 1.6737e+02  0.3431688      1.862    13.3258    311.154 -9.990e-29
      1.828     7.0568 199.502020     2.3260 8.5982e+01     0.4966    88.3252 6.8132e-01 1.6737e+02  0.3431688      1.864    13.3325    311.153 -9.990e-29
      1.831     7.0569 199.466132     2.3260 8.6712e+01     0.4978    88.2990 6.9109e-01 1.6737e+02  0.3431688      1.867    13.3316    311.096 -9.990e-29
      1.833     7.0571 199.537907     2.3248 8.6956e+01     0.4989    88.2729 6.9841e-01 1.6737e+02  0.3431688      1.869    13.3220    311.206 -9.990e-29
      1.835     7.0568 199.525945     2.3248 8.6468e+01     0.4978    88.2990 7.0085e-01 1.6737e+02  0.3431688      1.871    13.3224    311.190 -9.990e-29
      1.837     7.0569 199.525943     2.3260 8.5500e+01     0.4978    88.2990 7.0452e-01 1.6737e+02  0.3431688      1.873    13.3311    311.189 -9.990e-29
      1.840     7.0571 199.502020     2.3260 8.5259e+01     0.4978    88.2990 7.1795e-01 1.6737e+02  0.3431688      1.876    13.3300    311.150 -9.990e-29
      1.844     7.0582 199.466132     2.3248 8.4781e+01     0.4989    88.2729 7.0452e-01 1.6737e+02  0.3431688      1.880    13.3199    311.084 -9.990e-29
      1.846     7.0589 199.490056     2.3260 8.3126e+01     0.4989    88.2729 6.8132e-01 1.6737e+02  0.3431688      1.882    13.3270    311.114 -9.990e-29
      1.848     7.0591 199.513981     2.3272 8.2660e+01     0.4978    88.2990 6.6667e-01 1.6737e+02  0.3431688      1.884    13.3343    311.149 -9.990e-29
      1.850     7.0597 199.549867     2.3260 8.2427e+01     0.4989    88.2729 6.7155e-01 1.6737e+02  0.3431688      1.886    13.3253    311.200 -9.990e-29
      1.852     7.0604 199.513980     2.3248 8.1504e+01     0.4989    88.2729 6.8742e-01 1.6737e+02  0.3431688      1.889    13.3162    311.137 -9.990e-29
      1.854     7.0609 199.513979     2.3248 8.1275e+01     0.4989    88.2729 7.0452e-01 1.6737e+02  0.3431688      1.891    13.3157    311.132 -9.990e-29
      1.856     7.0616 199.525942     2.3260 8.1047e+01     0.4989    88.2729 7.0330e-01 1.6737e+02  0.3431688      1.893    13.3238    311.144 -9.990e-29
      1.858     7.0623 199.561828     2.3260 8.0139e+01     0.4978    88.2990 6.9109e-01 1.6737e+02  0.3431688      1.895    13.3231    311.193 -9.990e-29
      1.859     7.0629 199.561829     2.3248 7.9689e+01     0.4989    88.2729 6.8864e-01 1.6737e+02  0.3431688      1.896    13.3150    311.187 -9.990e-29
      1.859     7.0637 199.561827     2.3260 7.9689e+01     0.4978    88.2990 7.0696e-01 1.6737e+02  0.3431688      1.896    13.3239    311.179 -9.990e-29
      1.858     7.0635 199.561827     2.3260 7.9019e+01     0.4989    88.2729 7.2772e-01 1.6737e+02  0.3431688      1.895    13.3234    311.181 -9.990e-29
      1.859     7.0637 199.561827     2.3260 7.8797e+01     0.4978    88.2990 7.1551e-01 1.6737e+02  0.3431688      1.896    13.3239    311.179 -9.990e-29
      1.859     7.0631 199.561828     2.3260 7.8797e+01     0.4978    88.2990 6.8254e-01 1.6737e+02  0.3431688      1.896    13.3234    311.185 -9.990e-29
      1.859     7.0617 199.513980     2.3248 7.7915e+01     0.4989    88.2729 6.5446e-01 1.6737e+02  0.3431688      1.896    13.3146    311.124 -9.990e-29
      1.857     7.0608 199.513980     2.3248 7.7259e+01     0.4978    88.2990 6.5934e-01 1.6737e+02  0.3444161      1.894    13.3153    311.133 -9.990e-29
      1.855     7.0600 199.478093     2.3260 7.7259e+01     0.4978    88.2990 6.6911e-01 1.6737e+02  0.3452476      1.892    13.3247    311.085 -9.990e-29
      1.853     7.0591 199.537905     2.3272 7.7477e+01     0.4978    88.2990 6.6178e-01 1.6737e+02  0.3456634      1.890    13.3329    311.187 -9.990e-29
      1.851     7.0588 199.513981     2.3260 7.8134e+01     0.4966    88.3252 6.5079e-01 1.6737e+02  0.3456634      1.887    13.3247    311.152 -9.990e-29
      1.848     7.0587 199.513981     2.3248 7.8134e+01     0.4978    88.2990 6.4835e-01 1.6737e+02  0.3452476      1.884    13.3163    311.153 -9.990e-29
      1.846     7.0582 199.549868     2.3260 7.7915e+01     0.4978    88.2990 6.5324e-01 1.6737e+02  0.3456634      1.882    13.3264    311.214 -9.990e-29
      1.843     7.0581 199.513981     2.3260 7.7695e+01     0.4978    88.2990 6.5690e-01 1.6737e+02  0.3456634      1.879    13.3266    311.159 -9.990e-29
      1.839     7.0584 199.537906     2.3260 7.7695e+01     0.4966    88.3252 6.5690e-01 1.6737e+02  0.3456634      1.875    13.3266    311.194 -9.990e-29
      1.835     7.0581 199.573793     2.3260 7.7695e+01     0.4966    88.3252 6.5568e-01 1.6737e+02  0.3456634      1.871    13.3267    311.252 -9.990e-29
      1.830     7.0581 199.537905     2.3248 7.7695e+01     0.4966    88.3252 6.5201e-01 1.6737e+02  0.3456634      1.866    13.3192    311.196 -9.990e-29
      1.825     7.0581 199.525944     2.3260 7.7915e+01     0.4978    88.2990 6.4591e-01 1.6737e+02  0.3456634      1.861    13.3288    311.178 -9.990e-29
      1.821     7.0577 199.478094     2.3260 7.8134e+01     0.4966    88.3252 6.4347e-01 1.6737e+02  0.3456634      1.857    13.3288    311.107 -9.990e-29
      1.816     7.0576 199.466132     2.3260 7.9242e+01     0.4978    88.2990 6.4347e-01 1.6737e+02  0.3456634      1.852    13.3297    311.089 -9.990e-29
      1.811     7.0576 199.466131     2.3260 7.9689e+01     0.4978    88.2990 6.5201e-01 1.6737e+02  0.3452476      1.847    13.3317    311.089 -9.990e-29
      1.806     7.0574 199.502018     2.3260 7.9689e+01     0.4966    88.3252 6.5201e-01 1.6737e+02  0.3456634      1.842    13.3326    311.147 -9.990e-29
      1.802     7.0572 199.525944     2.3260 7.9465e+01     0.4978    88.2990 6.4835e-01 1.6934e+02  0.3456634      1.838    13.3335    311.187 -9.990e-29
      1.797     7.0576 199.502018     2.3260 7.9465e+01     0.4966    88.3252 6.5079e-01 1.6737e+02  0.3456634      1.832    13.3328    311.145 -9.990e-29
      1.793     7.0571 199.502019     2.3260 7.9465e+01     0.4966    88.3252 6.5324e-01 1.6737e+02  0.3456634      1.828    13.3335    311.150 -9.990e-29
      1.788     7.0570 199.513981     2.3272 8.0592e+01     0.4978    88.2990 6.5934e-01 1.6737e+02  0.3456634      1.823    13.3427    311.170 -9.990e-29
      1.784     7.0566 199.525944     2.3272 8.1504e+01     0.4966    88.3252 6.5934e-01 1.6934e+02  0.3456634      1.819    13.3421    311.192 -9.990e-29
      1.779     7.0569 199.525943     2.3260 8.1504e+01     0.4966    88.3252 6.5324e-01 1.6934e+02  0.3456634      1.814    13.3338    311.189 -9.990e-29
      1.774     7.0566 199.478094     2.3260 8.3126e+01     0.4989    88.2729 6.5812e-01 1.6737e+02  0.3456634      1.809    13.3342    311.118 -9.990e-29
      1.769     7.0563 199.537906     2.3260 8.4305e+01     0.5001    88.2467 6.5812e-01 1.6934e+02  0.3456634      1.804    13.3346    311.214 -9.990e-29
      1.762     7.0561 199.490056     2.3260 8.4305e+01     0.5013    88.2206 6.5568e-01 1.6737e+02  0.3456634      1.797    13.3349    311.141 -9.990e-29
      1.757     7.0560 199.490056     2.3260 8.5500e+01     0.5013    88.2206 6.6056e-01 1.6737e+02  0.3456634      1.792    13.3339    311.142 -9.990e-29
      1.754     7.0560 199.561830     2.3260 8.6712e+01     0.5001    88.2467 6.6422e-01 1.6934e+02  0.3456634      1.789    13.3340    311.254 -9.990e-29
      1.752     7.0558 199.490057     2.3260 8.6956e+01     0.5013    88.2206 6.6545e-01 1.6737e+02  0.3452476      1.787    13.3340    311.144 -9.990e-29
      1.747     7.0557 199.490056     2.3272 8.7201e+01     0.5013    88.2206 6.5934e-01 1.6737e+02  0.3435846      1.781    13.3437    311.145 -9.990e-29
      1.743     7.0555 199.537905     2.3272 8.7693e+01     0.5001    88.2467 6.6056e-01 1.6737e+02  0.3431688      1.777    13.3448    311.222 -9.990e-29
      1.739     7.0553 199.513981     2.3272 8.7941e+01     0.5013    88.2206 6.7521e-01 1.6737e+02  0.3431688      1.773    13.3447    311.186 -9.990e-29
      1.735     7.0550 199.466132     2.3260 8.7941e+01     0.5013    88.2206 6.9109e-01 1.6737e+02  0.3431688      1.769    13.3370    311.115 -9.990e-29
      1.732     7.0550 199.490057     2.3272 8.8189e+01     0.5013    88.2206 6.9963e-01 1.6737e+02  0.3431688      1.766    13.3451    311.152 -9.990e-29
      1.727     7.0548 199.466132     2.3272 8.8189e+01     0.5001    88.2467 6.9719e-01 1.6737e+02  0.3431688      1.761    13.3447    311.117 -9.990e-29
      1.723     7.0547 199.490056     2.3272 8.7941e+01     0.5001    88.2467 6.9597e-01 1.6737e+02  0.3431688      1.757    13.3454    311.155 -9.990e-29
      1.721     7.0547 199.454170     2.3272 8.6956e+01     0.5013    88.2206 7.0696e-01 1.6737e+02  0.3431688      1.755    13.3436    311.099 -9.990e-29
      1.718     7.0542 199.454170     2.3272 8.6468e+01     0.5013    88.2206 7.0208e-01 1.6737e+02  0.3431688      1.752    13.3430    311.104 -9.990e-29
      1.716     7.0542 199.466131     2.3272 8.5982e+01     0.5013    88.2206 6.7277e-01 1.6737e+02  0.3431688      1.750    13.3423    311.122 -9.990e-29
      1.714     7.0540 199.466133     2.3272 8.3361e+01     0.5013    88.2206 6.5201e-01 1.6737e+02  0.3431688      1.748    13.3415    311.124 -9.990e-29
      1.712     7.0534 199.418283     2.3272 8.2196e+01     0.5001    88.2467 6.6911e-01 1.6737e+02  0.3431688      1.746    13.3409    311.056 -9.990e-29
      1.710     7.0531 199.490058     2.3284 8.2196e+01     0.5013    88.2206 7.0330e-01 1.6737e+02  0.3431688      1.744    13.3487    311.170 -9.990e-29
      1.709     7.0532 199.478094     2.3272 8.1504e+01     0.5013    88.2206 7.1551e-01 1.6737e+02  0.3431688      1.743    13.3391    311.151 -9.990e-29
      1.708     7.0532 199.442208     2.3272 8.1275e+01     0.5013    88.2206 7.0085e-01 1.6737e+02  0.3431688      1.742    13.3381    311.095 -9.990e-29
      1.707     7.0531 199.478095     2.3272 8.1275e+01     0.4966    88.3252 6.9353e-01 1.6737e+02  0.3431688      1.741    13.3371    311.152 -9.990e-29
      1.706     7.0534 199.454171     2.3272 8.1047e+01     0.4966    88.3252 6.7155e-01 1.6737e+02  0.3431688      1.740    13.3371    311.112 -9.990e-29
      1.704     7.0537 199.406320     2.3272 8.1047e+01     0.4954    88.3513 6.4713e-01 1.6737e+02  0.3431688      1.738    13.3382    311.034 -9.990e-29
      1.704     7.0534 199.478094     2.3272 8.1047e+01     0.4966    88.3252 6.3858e-01 1.6737e+02  0.3431688      1.738    13.3383    311.149 -9.990e-29
      1.705     7.0531 199.466133     2.3272 7.9689e+01     0.4954    88.3513 6.4225e-01 1.6737e+02  0.3431688      1.739    13.3383    311.133 -9.990e-29
      1.706     7.0534 199.466132     2.3272 7.8575e+01     0.4954    88.3513 6.4103e-01 1.6737e+02  0.3431688      1.740    13.3380    311.130 -9.990e-29
      1.708     7.0528 199.490057     2.3272 7.8575e+01     0.4966    88.3252 6.3980e-01 1.6737e+02  0.3431688      1.742    13.3380    311.173 -9.990e-29
      1.710     7.0531 199.430246     2.3284 7.9914e+01     0.4954    88.3513 6.4469e-01 1.6737e+02  0.3431688      1.744    13.3473    311.077 -9.990e-29
      1.712     7.0532 199.442208     2.3272 8.1504e+01     0.4966    88.3252 6.4591e-01 1.6737e+02  0.3431688      1.746    13.3382    311.095 -9.990e-29
      1.714     7.0537 199.502019     2.3272 8.1734e+01     0.4954    88.3513 6.4835e-01 1.6737e+02  0.3431688      1.748    13.3374    311.183 -9.990e-29
      1.716     7.0561 199.525943     2.3284 8.4068e+01     0.4966    88.3252 6.5201e-01 1.6737e+02  0.3435846      1.750    13.3444    311.197 -9.990e-29
      1.718     7.0605 199.561826     2.3284 8.7941e+01     0.4966    88.3252 6.5324e-01 1.6737e+02  0.3431688      1.752    13.3422    311.210 -9.990e-29
      1.722     7.0640 199.537900     2.3284 8.8936e+01     0.4954    88.3513 6.5324e-01 1.6737e+02  0.3431688      1.756    13.3414    311.139 -9.990e-29
      1.725     7.0652 199.549862     2.3272 8.9691e+01     0.4966    88.3252 6.5079e-01 1.6737e+02  0.3448319      1.759    13.3328    311.146 -9.990e-29
      1.728     7.0673 199.573785     2.3272 9.1733e+01     0.4966    88.3252 6.4347e-01 1.6737e+02  0.3431688      1.762    13.3323    311.163 -9.990e-29
      1.730     7.0680 199.537897     2.3284 9.2511e+01     0.4954    88.3513 6.3614e-01 1.6737e+02  0.3431688      1.764    13.3398    311.100 -9.990e-29
      1.734     7.0695 199.597707     2.3272 9.2772e+01     0.4954    88.3513 6.4225e-01 1.6737e+02  0.3431688      1.768    13.3308    311.179 -9.990e-29
      1.739     7.0719 199.621632     2.3272 9.4087e+01     0.4954    88.3513 6.3736e-01 1.6737e+02  0.3431688      1.773    13.3314    311.193 -9.990e-29
      1.744     7.0739 199.585744     2.3272 9.4352e+01     0.4966    88.3252 6.4469e-01 1.6737e+02  0.3431688      1.778    13.3308    311.118 -9.990e-29
      1.747     7.0747 199.561818     2.3272 9.4352e+01     0.4966    88.3252 6.5201e-01 1.6737e+02  0.3431688      1.781    13.3305    311.073 -9.990e-29
      1.751     7.0750 199.573780     2.3272 9.4087e+01     0.5084    88.0638 6.5934e-01 1.6737e+02  0.3431688      1.786    13.3304    311.088 -9.990e-29
      1.756     7.0752 199.537893     2.3272 9.3822e+01     0.5144    87.9331 6.5690e-01 1.6737e+02  0.3431688      1.791    13.3315    311.031 -9.990e-29
      1.761     7.0746 199.633594     2.3272 9.3822e+01     0.5168    87.8808 6.4957e-01 1.6737e+02  0.3431688      1.796    13.3340    311.186 -9.990e-29
      1.766     7.0740 199.585743     2.3272 9.1733e+01     0.5156    87.9069 6.5934e-01 1.6737e+02  0.3431688      1.801    13.3352    311.117 -9.990e-29
