data/05_metadata_exports/SeabirdData/202305_SeabirdData/83338_stn41-b.cnv
* Sea-Bird SBE 9 Data File:
* FileName = C:\Users\rosette\Rosette Data\2023\Ontario CSMI\stn41-b.hex
* Software Version Seasave V 7.26.6.26
* Temperature SN = 5270
* Conductivity SN = 1168
* Number of Bytes Per Scan = 40
* Number of Voltage Words = 5
* Number of Scans Averaged by the Deck Unit = 1
* NMEA Latitude = 43 43.03 N
* NMEA Longitude = 078 01.60 W
* NMEA UTC (Time) = Oct 02 2003  00:22:15
* NMEA baud rate = 4800
** Ship: Lake Guardian
** Ontario CSMI LWFS
** Station:  stn41-b
# nquan = 14                                
# nvalues = 4621                        
# units = specified
# name 0 = prDM: Pressure, Digiquartz [db]
# name 1 = t090C: Temperature [ITS-90, deg C]
# name 2 = c0uS/cm: Conductivity [uS/cm]
# name 3 = sbeox0V: Oxygen raw, SBE 43 [V]
# name 4 = par: PAR/Irradiance, Biospherical/Licor
# name 5 = bat: Beam Attenuation, Chelsea/Seatech [1/m]
# name 6 = xmiss: Beam Transmission, Chelsea/Seatech [%]
# name 7 = flSP: Fluorescence, Seapoint
# name 8 = spar: SPAR, Biospherical/Licor
# name 9 = upoly0: Upoly 0, Suna Nitrate
# name 10 = depFM: Depth [fresh water, m], lat = 43.7172
# name 11 = sbeox0Mg/L: Oxygen, SBE 43 [mg/l], WS = 2
# name 12 = specc: Specific Conductance [uS/cm]
# name 13 = flag: flag
# span 0 =     -0.145,      5.089       
# span 1 =     5.5499,     7.0181       
# span 2 =  21.025051, 278.549071       
# span 3 =     1.9158,     2.3346       
# span 4 = 4.9104e+00, 6.2551e+01       
# span 5 =     0.4742,    55.2620       
# span 6 =     0.0000,    88.8218       
# span 7 = 2.5641e-02, 1.2869e+00       
# span 8 = 2.7568e+01, 3.7413e+01       
# span 9 =  0.0741704,  0.3489895       
# span 10 =     -0.148,      5.189      
# span 11 =    10.3504,    13.9352      
# span 12 =     34.246,    454.419      
# span 13 = 0.0000e+00, 0.0000e+00      
# interval = seconds: 0.0416667
# start_time = Oct 02 2003 00:22:15 [NMEA time, header]
# bad_flag = -9.990e-29
*END*
[from data line 3613]
      4.998     7.0083 199.226983     2.3321 5.3062e+00     0.4871    88.5343 7.6313e-01 2.9537e+01  0.3435846      5.097    13.3766    311.195 -9.990e-29
      4.998     7.0079 199.238944     2.3346 5.3062e+00     0.4883    88.5081 7.5458e-01 2.9537e+01  0.3435846      5.097    13.3938    311.218 -9.990e-29
      4.997     7.0074 199.203059     2.3321 5.2910e+00     0.4883    88.5081 7.5580e-01 2.9537e+01  0.3435846      5.096    13.3763    311.166 -9.990e-29
      4.996     7.0072 199.215021     2.3321 5.2910e+00     0.4883    88.5081 7.8266e-01 2.9537e+01  0.3435846      5.095    13.3755    311.187 -9.990e-29
      4.994     7.0075 199.238944     2.3321 5.2910e+00     0.4883    88.5081 8.0952e-01 2.9537e+01  0.3435846      5.092    13.3745    311.222 -9.990e-29
      4.992     7.0082 199.286793     2.3333 5.2758e+00     0.4883    88.5081 8.2295e-01 2.9537e+01  0.3435846      5.090    13.3821    311.289 -9.990e-29
      4.991     7.0085 199.238943     2.3333 5.2758e+00     0.4883    88.5081 8.2906e-01 2.9537e+01  0.3435846      5.089    13.3836    311.212 -9.990e-29
      4.989     7.0090 199.238943     2.3333 5.2758e+00     0.4871    88.5343 8.2906e-01 2.9537e+01  0.3435846      5.087    13.3826    311.207 -9.990e-29
      4.988     7.0096 199.203058     2.3333 5.2607e+00     0.4848    88.5866 8.2418e-01 2.9537e+01  0.3435846      5.086    13.3817    311.145 -9.990e-29
      4.986     7.0098 199.215019     2.3321 5.2456e+00     0.4836    88.6127 8.0708e-01 2.9537e+01  0.3435846      5.084    13.3723    311.162 -9.990e-29
      4.985     7.0100 199.238942     2.3333 5.2456e+00     0.4848    88.5866 7.9243e-01 2.9537e+01  0.3435846      5.083    13.3815    311.197 -9.990e-29
      4.984     7.0099 199.274830     2.3321 5.2306e+00     0.4848    88.5866 7.8877e-01 2.9537e+01  0.3435846      5.082    13.3748    311.254 -9.990e-29
      4.983     7.0095 199.298753     2.3321 5.2156e+00     0.4836    88.6127 7.9853e-01 2.9537e+01  0.3435846      5.081    13.3756    311.296 -9.990e-29
      4.982     7.0090 199.215019     2.3321 5.2156e+00     0.4848    88.5866 8.1441e-01 2.9537e+01  0.3435846      5.080    13.3752    311.170 -9.990e-29
      4.982     7.0083 199.191097     2.3333 5.2007e+00     0.4848    88.5866 8.3028e-01 2.9537e+01  0.3435846      5.080    13.3850    311.139 -9.990e-29
      4.980     7.0081 199.215020     2.3333 5.1561e+00     0.4836    88.6127 8.4737e-01 2.9537e+01  0.3435846      5.078    13.3858    311.178 -9.990e-29
      4.978     7.0074 199.238944     2.3333 5.1561e+00     0.4848    88.5866 8.8034e-01 2.9537e+01  0.3435846      5.076    13.3870    311.223 -9.990e-29
      4.976     7.0072 199.203058     2.3333 5.1561e+00     0.4848    88.5866 9.1087e-01 2.9537e+01  0.3435846      5.074    13.3868    311.168 -9.990e-29
      4.976     7.0074 199.262868     2.3333 5.1709e+00     0.4848    88.5866 9.0720e-01 2.9537e+01  0.3435846      5.074    13.3866    311.260 -9.990e-29
      4.977     7.0072 199.298754     2.3333 5.1709e+00     0.4848    88.5866 8.8767e-01 2.9537e+01  0.3435846      5.075    13.3876    311.318 -9.990e-29
      4.977     7.0072 199.203060     2.3333 5.1709e+00     0.4836    88.6127 8.6813e-01 2.9537e+01  0.3435846      5.075    13.3886    311.168 -9.990e-29
      4.977     7.0070 199.203058     2.3321 5.2156e+00     0.4836    88.6127 8.5348e-01 2.9537e+01  0.3435846      5.075    13.3799    311.170 -9.990e-29
      4.976     7.0069 199.238944     2.3321 5.2306e+00     0.4848    88.5866 8.5836e-01 2.9537e+01  0.3435846      5.074    13.3823    311.227 -9.990e-29
      4.977     7.0069 199.226982     2.3333 5.2456e+00     0.4848    88.5866 8.5958e-01 2.9537e+01  0.3435846      5.075    13.3920    311.209 -9.990e-29
      4.978     7.0072 199.191097     2.3321 5.2910e+00     0.4848    88.5866 8.5104e-01 2.9537e+01  0.3440003      5.076    13.3843    311.150 -9.990e-29
      4.979     7.0074 199.215021     2.3321 5.3062e+00     0.4836    88.6127 8.4127e-01 2.9537e+01  0.3456634      5.077    13.3830    311.185 -9.990e-29
      4.979     7.0074 199.238944     2.3333 5.3214e+00     0.4848    88.5866 8.2906e-01 2.9537e+01  0.3481580      5.077    13.3929    311.223 -9.990e-29
      4.978     7.0075 199.226982     2.3321 5.3062e+00     0.4848    88.5866 8.1685e-01 2.9537e+01  0.3477422      5.076    13.3842    311.203 -9.990e-29
      4.979     7.0077 199.226982     2.3321 5.3214e+00     0.4824    88.6388 8.0830e-01 2.9537e+01  0.3477422      5.077    13.3841    311.201 -9.990e-29
      4.979     7.0077 199.238945     2.3321 5.3214e+00     0.4800    88.6911 7.9976e-01 2.9537e+01  0.3477422      5.077    13.3840    311.220 -9.990e-29
      4.979     7.0074 199.226982     2.3346 5.3214e+00     0.4812    88.6650 8.0342e-01 2.9537e+01  0.3477422      5.077    13.4020    311.204 -9.990e-29
      4.979     7.0075 199.238944     2.3321 5.3214e+00     0.4812    88.6650 8.0464e-01 2.9537e+01  0.3477422      5.077    13.3851    311.222 -9.990e-29
      4.981     7.0077 199.250906     2.3321 5.3214e+00     0.4812    88.6650 8.0220e-01 2.9537e+01  0.3477422      5.079    13.3861    311.238 -9.990e-29
      4.983     7.0072 199.203059     2.3321 5.3367e+00     0.4812    88.6650 7.9976e-01 2.9537e+01  0.3477422      5.081    13.3862    311.168 -9.990e-29
      4.985     7.0075 199.274831     2.3321 5.3520e+00     0.4800    88.6911 7.9731e-01 2.9537e+01  0.3477422      5.083    13.3849    311.278 -9.990e-29
      4.986     7.0074 199.203058     2.3333 5.3520e+00     0.4812    88.6650 7.9121e-01 2.9537e+01  0.3477422      5.084    13.3936    311.166 -9.990e-29
      4.986     7.0078 199.167173     2.3333 5.3674e+00     0.4812    88.6650 7.8266e-01 2.9537e+01  0.3477422      5.084    13.3923    311.107 -9.990e-29
      4.986     7.0082 199.226982     2.3321 5.3674e+00     0.4824    88.6388 7.8266e-01 2.9537e+01  0.3477422      5.084    13.3824    311.196 -9.990e-29
      4.986     7.0081 199.203058     2.3321 5.3828e+00     0.4812    88.6650 7.8266e-01 2.9537e+01  0.3477422      5.084    13.3813    311.160 -9.990e-29
      4.987     7.0092 199.215020     2.3333 5.3828e+00     0.4812    88.6650 7.9365e-01 2.9537e+01  0.3477422      5.085    13.3895    311.168 -9.990e-29
      4.988     7.0099 199.226980     2.3321 5.3674e+00     0.4812    88.6650 8.0220e-01 2.9537e+01  0.3477422      5.086    13.3819    311.180 -9.990e-29
      4.991     7.0100 199.310714     2.3321 5.3828e+00     0.4812    88.6650 8.0098e-01 2.9537e+01  0.3477422      5.089    13.3831    311.309 -9.990e-29
      4.994     7.0099 199.274831     2.3321 5.3674e+00     0.4812    88.6650 8.1197e-01 2.9537e+01  0.3477422      5.092    13.3843    311.254 -9.990e-29
      4.996     7.0100 199.250904     2.3333 5.3674e+00     0.4812    88.6650 8.2295e-01 2.9537e+01  0.3477422      5.095    13.3930    311.216 -9.990e-29
      4.998     7.0096 199.179134     2.3333 5.3828e+00     0.4812    88.6650 7.8999e-01 2.9537e+01  0.3477422      5.097    13.3945    311.108 -9.990e-29
      4.998     7.0100 199.226982     2.3321 5.3983e+00     0.4812    88.6650 7.5458e-01 2.9537e+01  0.3485737      5.097    13.3858    311.179 -9.990e-29
      4.998     7.0108 199.250904     2.3333 5.3983e+00     0.4800    88.6911 7.8755e-01 2.9537e+01  0.3485737      5.097    13.3932    311.208 -9.990e-29
      4.998     7.0110 199.274829     2.3333 5.3983e+00     0.4824    88.6388 8.1563e-01 2.9537e+01  0.3485737      5.097    13.3932    311.244 -9.990e-29
      4.998     7.0109 199.238942     2.3333 5.3983e+00     0.4848    88.5866 8.1074e-01 2.9537e+01  0.3485737      5.097    13.3945    311.188 -9.990e-29
      4.999     7.0108 199.191095     2.3321 5.3367e+00     0.4848    88.5866 8.0586e-01 2.9537e+01  0.3489895      5.098    13.3849    311.115 -9.990e-29
      5.000     7.0108 199.215018     2.3321 5.3214e+00     0.4871    88.5343 8.0342e-01 2.9537e+01  0.3485737      5.099    13.3839    311.152 -9.990e-29
      5.001     7.0109 199.238943     2.3333 5.3062e+00     0.4859    88.5604 8.0952e-01 2.9537e+01  0.3477422      5.100    13.3926    311.188 -9.990e-29
      5.002     7.0108 199.226980     2.3333 5.2758e+00     0.4859    88.5604 8.2540e-01 2.9537e+01  0.3477422      5.101    13.3940    311.171 -9.990e-29
      5.004     7.0104 199.191096     2.3333 5.2607e+00     0.4859    88.5604 8.3639e-01 2.9537e+01  0.3473264      5.103    13.3942    311.119 -9.990e-29
      5.006     7.0101 199.215020     2.3321 5.2607e+00     0.4859    88.5604 8.5226e-01 2.9537e+01  0.3477422      5.105    13.3845    311.159 -9.990e-29
      5.007     7.0104 199.262866     2.3333 5.2156e+00     0.4859    88.5604 8.8523e-01 2.9537e+01  0.3477422      5.106    13.3944    311.231 -9.990e-29
      5.008     7.0113 199.238944     2.3333 5.1709e+00     0.4859    88.5604 9.1941e-01 2.9537e+01  0.3477422      5.107    13.3941    311.185 -9.990e-29
      5.009     7.0112 199.238942     2.3321 5.1709e+00     0.4859    88.5604 9.3895e-01 2.9537e+01  0.3477422      5.108    13.3856    311.186 -9.990e-29
      5.009     7.0117 199.226980     2.3321 5.1413e+00     0.4859    88.5604 9.4872e-01 2.9537e+01  0.3473264      5.108    13.3843    311.162 -9.990e-29
      5.010     7.0126 199.262866     2.3321 5.0972e+00     0.4848    88.5866 9.4872e-01 2.9537e+01  0.3456634      5.109    13.3828    311.209 -9.990e-29
      5.010     7.0129 199.250902     2.3321 5.0826e+00     0.4859    88.5604 9.3651e-01 2.9537e+01  0.3452476      5.109    13.3816    311.188 -9.990e-29
      5.010     7.0132 199.250905     2.3321 5.0826e+00     0.4859    88.5604 9.2186e-01 2.9537e+01  0.3452476      5.109    13.3816    311.185 -9.990e-29
      5.009     7.0134 199.274826     2.3321 5.0681e+00     0.4848    88.5866 9.0720e-01 2.9537e+01  0.3452476      5.108    13.3805    311.220 -9.990e-29
      5.009     7.0130 199.238942     2.3321 5.0681e+00     0.4848    88.5866 8.9377e-01 2.9537e+01  0.3452476      5.108    13.3797    311.168 -9.990e-29
      5.010     7.0129 199.226979     2.3333 5.0681e+00     0.4859    88.5604 8.8278e-01 2.9537e+01  0.3452476      5.109    13.3885    311.150 -9.990e-29
      5.012     7.0125 199.262866     2.3333 5.0535e+00     0.4859    88.5604 8.7912e-01 2.9537e+01  0.3452476      5.111    13.3889    311.210 -9.990e-29
      5.015     7.0123 199.250904     2.3333 5.0535e+00     0.4859    88.5604 8.8523e-01 2.9537e+01  0.3452476      5.114    13.3891    311.194 -9.990e-29
      5.017     7.0124 199.274828     2.3321 5.0535e+00     0.4859    88.5604 8.9133e-01 2.9537e+01  0.3452476      5.116    13.3805    311.230 -9.990e-29
      5.018     7.0122 199.298752     2.3333 5.0826e+00     0.4871    88.5343 8.8767e-01 2.9537e+01  0.3452476      5.117    13.3893    311.269 -9.990e-29
      5.018     7.0126 199.262866     2.3321 5.0826e+00     0.4871    88.5343 8.7546e-01 2.9537e+01  0.3452476      5.117    13.3818    311.209 -9.990e-29
      5.017     7.0123 199.274828     2.3321 5.0826e+00     0.4871    88.5343 8.6569e-01 2.9537e+01  0.3452476      5.116    13.3820    311.231 -9.990e-29
      5.017     7.0127 199.298751     2.3333 5.1266e+00     0.4859    88.5604 8.5836e-01 2.9537e+01  0.3452476      5.116    13.3917    311.264 -9.990e-29
      5.018     7.0123 199.262867     2.3333 5.1413e+00     0.4871    88.5343 8.6447e-01 2.9537e+01  0.3452476      5.117    13.3920    311.212 -9.990e-29
      5.019     7.0124 199.250903     2.3321 5.1413e+00     0.4883    88.5081 8.6691e-01 2.9537e+01  0.3452476      5.118    13.3846    311.193 -9.990e-29
      5.019     7.0123 199.274829     2.3321 5.1858e+00     0.4871    88.5343 8.5104e-01 2.9537e+01  0.3452476      5.118    13.3847    311.231 -9.990e-29
      5.019     7.0122 199.238942     2.3321 5.2156e+00     0.4871    88.5343 8.2906e-01 2.9537e+01  0.3452476      5.118    13.3836    311.176 -9.990e-29
      5.018     7.0126 199.238940     2.3346 5.2156e+00     0.4871    88.5343 8.2051e-01 2.9537e+01  0.3452476      5.117    13.4016    311.172 -9.990e-29
      5.020     7.0122 199.203057     2.3333 5.2607e+00     0.4871    88.5343 8.1685e-01 2.9537e+01  0.3448319      5.119    13.3937    311.120 -9.990e-29
      5.022     7.0125 199.262866     2.3321 5.2910e+00     0.4871    88.5343 8.1563e-01 2.9537e+01  0.3435846      5.121    13.3862    311.210 -9.990e-29
      5.022     7.0122 199.215018     2.3321 5.3062e+00     0.4871    88.5343 8.2784e-01 2.9537e+01  0.3435846      5.121    13.3864    311.138 -9.990e-29
      5.022     7.0122 199.215018     2.3333 5.3214e+00     0.4871    88.5343 8.2906e-01 2.9537e+01  0.3435846      5.121    13.3963    311.138 -9.990e-29
      5.022     7.0125 199.262866     2.3333 5.3367e+00     0.4871    88.5343 8.1807e-01 2.9537e+01  0.3435846      5.121    13.3962    311.210 -9.990e-29
      5.021     7.0124 199.250904     2.3321 5.3520e+00     0.4871    88.5343 8.0342e-01 2.9537e+01  0.3435846      5.120    13.3877    311.193 -9.990e-29
      5.021     7.0123 199.250904     2.3321 5.3674e+00     0.4883    88.5081 7.9121e-01 2.9537e+01  0.3435846      5.120    13.3867    311.194 -9.990e-29
      5.020     7.0121 199.274828     2.3309 5.3983e+00     0.4859    88.5604 8.0830e-01 2.9537e+01  0.3435846      5.119    13.3770    311.233 -9.990e-29
      5.018     7.0122 199.322677     2.3321 5.3983e+00     0.4871    88.5343 8.4860e-01 2.9537e+01  0.3435846      5.117    13.3845    311.307 -9.990e-29
      5.016     7.0111 199.274829     2.3321 5.4138e+00     0.4871    88.5343 8.6081e-01 2.9537e+01  0.3435846      5.115    13.3850    311.243 -9.990e-29
      5.014     7.0105 199.226980     2.3321 5.4293e+00     0.4871    88.5343 8.3028e-01 2.9537e+01  0.3435846      5.113    13.3852    311.174 -9.990e-29
      5.013     7.0101 199.262867     2.3321 5.4449e+00     0.4871    88.5343 7.9853e-01 2.9537e+01  0.3435846      5.112    13.3853    311.234 -9.990e-29
      5.013     7.0102 199.215020     2.3333 5.4449e+00     0.4859    88.5604 7.9853e-01 2.9537e+01  0.3435846      5.112    13.3949    311.158 -9.990e-29
      5.013     7.0103 199.226981     2.3333 5.4605e+00     0.4848    88.5866 7.9853e-01 2.9537e+01  0.3435846      5.112    13.3960    311.176 -9.990e-29
      5.011     7.0105 199.250905     2.3333 5.4762e+00     0.4848    88.5866 7.8755e-01 2.9537e+01  0.3435846      5.110    13.3970    311.211 -9.990e-29
      5.009     7.0108 199.226980     2.3321 5.4762e+00     0.4836    88.6127 7.8266e-01 2.9537e+01  0.3435846      5.108    13.3882    311.171 -9.990e-29
      5.009     7.0108 199.238943     2.3333 5.4762e+00     0.4848    88.5866 7.8144e-01 2.9537e+01  0.3435846      5.108    13.3967    311.189 -9.990e-29
      5.009     7.0104 199.226982     2.3333 5.4762e+00     0.4848    88.5866 7.7778e-01 2.9537e+01  0.3435846      5.108    13.3967    311.175 -9.990e-29
      5.007     7.0102 199.226981     2.3333 5.4762e+00     0.4848    88.5866 7.7167e-01 2.9537e+01  0.3435846      5.106    13.3967    311.177 -9.990e-29
      5.004     7.0099 199.238942     2.3321 5.4605e+00     0.4836    88.6127 7.8022e-01 2.9537e+01  0.3435846      5.103    13.3891    311.198 -9.990e-29
      5.002     7.0100 199.274830     2.3333 5.4605e+00     0.4848    88.5866 7.8877e-01 2.9537e+01  0.3435846      5.101    13.3976    311.253 -9.990e-29
      5.001     7.0098 199.286791     2.3333 5.4605e+00     0.4848    88.5866 7.9121e-01 2.9537e+01  0.3435846      5.100    13.3975    311.274 -9.990e-29
      5.001     7.0093 199.286792     2.3321 5.4449e+00     0.4848    88.5866 7.9853e-01 2.9537e+01  0.3435846      5.100    13.3889    311.279 -9.990e-29
      5.000     7.0094 199.215020     2.3321 5.4449e+00     0.4836    88.6127 8.0586e-01 2.9537e+01  0.3435846      5.099    13.3886    311.166 -9.990e-29
      4.999     7.0093 199.274829     2.3333 5.4449e+00     0.4859    88.5604 8.0830e-01 2.9537e+01  0.3435846      5.098    13.3994    311.260 -9.990e-29
      4.998     7.0094 199.238944     2.3333 5.4138e+00     0.4848    88.5866 8.0220e-01 2.9537e+01  0.3435846      5.097    13.4016    311.203 -9.990e-29
