data/05_metadata_exports/SeabirdData/202305_SeabirdData/83338_stn41-b.cnv
* Sea-Bird SBE 9 Data File:
* FileName = C:\Users\rosette\Rosette Data\2023\Ontario CSMI\stn41-b.hex
* Software Version Seasave V 7.26.6.26
* Temperature SN = 5270
* Conductivity SN = 1168
* Number of Bytes Per Scan = 40
* Number of Voltage Words = 5
* Number of Scans Averaged by the Deck Unit = 1
* NMEA Latitude = 43 43.03 N
* NMEA Longitude = 078 01.60 W
* NMEA UTC (Time) = Oct 02 2003  00:22:15
* NMEA baud rate = 4800
** Ship: Lake Guardian
** Ontario CSMI LWFS
** Station:  stn41-b
# nquan = 14                                
# nvalues = 4621                        
# units = specified
# name 0 = prDM: Pressure, Digiquartz [db]
# name 1 = t090C: Temperature [ITS-90, deg C]
# name 2 = c0uS/cm: Conductivity [uS/cm]
# name 3 = sbeox0V: Oxygen raw, SBE 43 [V]
# name 4 = par: PAR/Irradiance, Biospherical/Licor
# name 5 = bat: Beam Attenuation, Chelsea/Seatech [1/m]
# name 6 = xmiss: Beam Transmission, Chelsea/Seatech [%]
# name 7 = flSP: Fluorescence, Seapoint
# name 8 = spar: SPAR, Biospherical/Licor
# name 9 = upoly0: Upoly 0, Suna Nitrate
# name 10 = depFM: Depth [fresh water, m], lat = 43.7172
# name 11 = sbeox0Mg/L: Oxygen, SBE 43 [mg/l], WS = 2
# name 12 = specc: Specific Conductance [uS/cm]
# name 13 = flag: flag
# span 0 =     -0.145,      5.089       
# span 1 =     5.5499,     7.0181       
# span 2 =  21.025051, 278.549071       
# span 3 =     1.9158,     2.3346       
# span 4 = 4.9104e+00, 6.2551e+01       
# span 5 =     0.4742,    55.2620       
# span 6 =     0.0000,    88.8218       
# span 7 = 2.5641e-02, 1.2869e+00       
# span 8 = 2.7568e+01, 3.7413e+01       
# span 9 =  0.0741704,  0.3489895       
# span 10 =     -0.148,      5.189      
# span 11 =    10.3504,    13.9352      
# span 12 =     34.246,    454.419      
# span 13 = 0.0000e+00, 0.0000e+00      
# interval = seconds: 0.0416667
# start_time = Oct 02 2003 00:22:15 [NMEA time, header]
# bad_flag = -9.990e-29
*END*
[from data line 310]
     -0.068     5.6543  35.515122     2.1429 3.5501e+01     1.4147    70.2105 3.5409e-02 3.5444e+01  0.0932955     -0.069    12.5397     57.926 -9.990e-29
     -0.069     5.6545  35.221788     2.1441 3.5702e+01     1.4147    70.2105 3.5409e-02 3.5444e+01  0.0937112     -0.070    12.5477     57.447 -9.990e-29
     -0.069     5.6543  35.069258     2.1441 3.5401e+01     1.4162    70.1844 3.5409e-02 3.7413e+01  0.0932955     -0.070    12.5492     57.199 -9.990e-29
     -0.068     5.6545  35.080992     2.1441 3.5004e+01     1.4162    70.1844 3.5409e-02 3.5444e+01  0.0932955     -0.069    12.5477     57.217 -9.990e-29
     -0.066     5.6543  35.350854     2.1441 3.5004e+01     1.4147    70.2105 3.5409e-02 3.5444e+01  0.0932955     -0.067    12.5474     57.658 -9.990e-29
     -0.065     5.6543  35.620725     2.1441 3.4906e+01     1.4162    70.1844 3.5409e-02 3.5444e+01  0.0932955     -0.066    12.5468     58.098 -9.990e-29
     -0.063     5.6545  35.890605     2.1453 3.4807e+01     1.4162    70.1844 3.5409e-02 3.5444e+01  0.0932955     -0.064    12.5549     58.538 -9.990e-29
     -0.061     5.6546  36.207432     2.1453 3.4709e+01     1.4162    70.1844 3.5409e-02 3.5444e+01  0.0932955     -0.062    12.5538     59.054 -9.990e-29
     -0.061     5.6545  36.301309     2.1453 3.4807e+01     1.4162    70.1844 3.5409e-02 3.5444e+01  0.0932955     -0.062    12.5526     59.208 -9.990e-29
     -0.061     5.6545  36.137025     2.1453 3.5302e+01     1.4162    70.1844 3.5409e-02 3.5444e+01  0.0932955     -0.062    12.5511     58.940 -9.990e-29
     -0.060     5.6548  35.667660     2.1453 3.5501e+01     1.4147    70.2105 3.5409e-02 3.5444e+01  0.0932955     -0.061    12.5508     58.174 -9.990e-29
     -0.060     5.6549  35.069258     2.1453 3.5602e+01     1.4162    70.1844 3.5409e-02 3.5444e+01  0.0932955     -0.061    12.5477     57.198 -9.990e-29
     -0.060     5.6548  34.869801     2.1465 3.6620e+01     1.4147    70.2105 3.5409e-02 3.5444e+01  0.0932955     -0.061    12.5548     56.872 -9.990e-29
     -0.059     5.6551  34.858068     2.1453 3.6931e+01     1.4162    70.1844 3.5409e-02 3.5444e+01  0.0932955     -0.060    12.5435     56.853 -9.990e-29
     -0.058     5.6551  34.869801     2.1453 3.6931e+01     1.4147    70.2105 3.5409e-02 3.5444e+01  0.0932955     -0.059    12.5411     56.872 -9.990e-29
     -0.056     5.6551  34.998861     2.1453 3.7245e+01     1.4147    70.2105 3.5409e-02 3.5444e+01  0.0932955     -0.057    12.5399     57.082 -9.990e-29
     -0.057     5.6551  35.116190     2.1453 3.7455e+01     1.4147    70.2105 3.5409e-02 3.7413e+01  0.0932955     -0.058    12.5398     57.274 -9.990e-29
     -0.059     5.6553  35.256988     2.1453 3.7455e+01     1.4147    70.2105 3.6630e-02 3.5444e+01  0.0932955     -0.060    12.5379     57.503 -9.990e-29
     -0.059     5.6553  35.339121     2.1453 3.7245e+01     1.4147    70.2105 3.5409e-02 3.5444e+01  0.0932955     -0.060    12.5374     57.637 -9.990e-29
     -0.061     5.6554  35.397787     2.1453 3.7140e+01     1.4162    70.1844 3.5409e-02 3.5444e+01  0.0932955     -0.062    12.5379     57.732 -9.990e-29
     -0.063     5.6554  35.432988     2.1465 3.7035e+01     1.4147    70.2105 3.5409e-02 3.5444e+01  0.0932955     -0.064    12.5485     57.790 -9.990e-29
     -0.064     5.6556  35.397787     2.1465 3.6414e+01     1.4147    70.2105 3.5409e-02 3.5444e+01  0.0932955     -0.065    12.5484     57.732 -9.990e-29
     -0.067     5.6557  35.585524     2.1465 3.5904e+01     1.4147    70.2105 3.5409e-02 3.5444e+01  0.0932955     -0.068    12.5483     58.038 -9.990e-29
     -0.070     5.6557  35.491655     2.1465 3.5803e+01     1.4132    70.2367 3.5409e-02 3.5444e+01  0.0932955     -0.071    12.5494     57.885 -9.990e-29
     -0.071     5.6557  35.327387     2.1465 3.5602e+01     1.4147    70.2105 3.5409e-02 3.5444e+01  0.0932955     -0.072    12.5503     57.617 -9.990e-29
     -0.069     5.6557  35.116190     2.1465 3.5302e+01     1.4147    70.2105 3.6630e-02 3.5444e+01  0.0932955     -0.070    12.5483     57.273 -9.990e-29
     -0.067     5.6559  34.975395     2.1477 3.5202e+01     1.4147    70.2105 3.6630e-02 3.5444e+01  0.0937112     -0.068    12.5563     57.043 -9.990e-29
     -0.064     5.6557  34.951930     2.1465 3.5202e+01     1.4162    70.1844 3.5409e-02 3.7413e+01  0.0937112     -0.065    12.5477     57.005 -9.990e-29
     -0.062     5.6559  35.080991     2.1465 3.5202e+01     1.4147    70.2105 3.6630e-02 3.7413e+01  0.0932955     -0.063    12.5477     57.215 -9.990e-29
     -0.061     5.6559  35.256988     2.1465 3.5202e+01     1.4147    70.2105 3.6630e-02 3.7413e+01  0.0932955     -0.062    12.5475     57.502 -9.990e-29
     -0.060     5.6559  35.444721     2.1465 3.5302e+01     1.4147    70.2105 3.6630e-02 3.7413e+01  0.0932955     -0.061    12.5458     57.808 -9.990e-29
     -0.059     5.6561  35.573790     2.1465 3.5401e+01     1.4132    70.2367 3.6630e-02 3.7413e+01  0.0932955     -0.060    12.5466     58.018 -9.990e-29
     -0.058     5.6561  35.702862     2.1465 3.5501e+01     1.4147    70.2105 3.6630e-02 3.5444e+01  0.0932955     -0.059    12.5472     58.229 -9.990e-29
     -0.058     5.6564  35.738063     2.1465 3.5602e+01     1.4147    70.2105 3.6630e-02 3.5444e+01  0.0932955     -0.059    12.5476     58.286 -9.990e-29
     -0.059     5.6566  35.773265     2.1465 3.6209e+01     1.4147    70.2105 3.5409e-02 3.5444e+01  0.0932955     -0.060    12.5465     58.343 -9.990e-29
     -0.058     5.6564 144.734076     2.1453 3.6517e+01     1.4147    70.2105 3.5409e-02 3.7413e+01  0.0932955     -0.059    12.5310    236.048 -9.990e-29
     -0.059     5.6562  71.532594     2.1465 3.6517e+01     1.4132    70.2367 3.6630e-02 3.5444e+01  0.0932955     -0.060    12.5447    116.664 -9.990e-29
     -0.059     5.6566  35.679394     2.1465 3.7035e+01     1.4117    70.2628 3.5409e-02 3.5444e+01  0.0932955     -0.060    12.5479     58.189 -9.990e-29
     -0.059     5.6566  35.585524     2.1465 3.7140e+01     1.4117    70.2628 3.5409e-02 3.5444e+01  0.0932955     -0.060    12.5464     58.036 -9.990e-29
     -0.059     5.6569  35.409521     2.1465 3.7140e+01     1.4117    70.2628 3.5409e-02 3.5444e+01  0.0932955     -0.060    12.5460     57.749 -9.990e-29
     -0.059     5.6569  35.198322     2.1477 3.6931e+01     1.4132    70.2367 3.5409e-02 3.5444e+01  0.0932955     -0.060    12.5544     57.404 -9.990e-29
     -0.059     5.6569  35.080991     2.1477 3.6827e+01     1.4132    70.2367 3.5409e-02 3.5444e+01  0.0937112     -0.060    12.5538     57.213 -9.990e-29
     -0.059     5.6569  35.022327     2.1477 3.6723e+01     1.4117    70.2628 3.6630e-02 3.5444e+01  0.0932955     -0.060    12.5530     57.117 -9.990e-29
     -0.059     5.6567  34.963662     2.1490 3.6311e+01     1.4132    70.2367 3.6630e-02 3.5444e+01  0.0932955     -0.060    12.5631     57.022 -9.990e-29
     -0.059     5.6569  34.916732     2.1490 3.6005e+01     1.4117    70.2628 3.5409e-02 3.5444e+01  0.0932955     -0.060    12.5618     56.945 -9.990e-29
     -0.060     5.6570  34.811137     2.1477 3.6005e+01     1.4132    70.2367 3.6630e-02 3.5444e+01  0.0932955     -0.061    12.5521     56.773 -9.990e-29
     -0.060     5.6572  34.787672     2.1477 3.5904e+01     1.4117    70.2628 3.6630e-02 3.5444e+01  0.0932955     -0.061    12.5518     56.734 -9.990e-29
     -0.059     5.6572  34.729010     2.1490 3.5803e+01     1.4132    70.2367 3.5409e-02 3.5444e+01  0.0937112     -0.060    12.5613     56.638 -9.990e-29
     -0.058     5.6570  34.576489     2.1490 3.5803e+01     1.4132    70.2367 3.6630e-02 3.5444e+01  0.0932955     -0.059    12.5610     56.390 -9.990e-29
     -0.057     5.6570  34.588221     2.1477 3.6005e+01     1.4132    70.2367 3.5409e-02 3.5444e+01  0.0932955     -0.058    12.5509     56.409 -9.990e-29
     -0.057     5.6574  34.564757     2.1477 3.6209e+01     1.4117    70.2628 3.5409e-02 3.5444e+01  0.0932955     -0.058    12.5501     56.370 -9.990e-29
     -0.057     5.6575  34.470900     2.1490 3.6209e+01     1.4132    70.2367 3.5409e-02 3.5444e+01  0.0932955     -0.058    12.5604     56.217 -9.990e-29
     -0.057     5.6575  34.506096     2.1490 3.6311e+01     1.4117    70.2628 3.5409e-02 3.5444e+01  0.0937112     -0.058    12.5597     56.274 -9.990e-29
     -0.056     5.6575  34.494364     2.1490 3.6311e+01     1.4117    70.2628 3.5409e-02 3.5444e+01  0.0932955     -0.057    12.5588     56.255 -9.990e-29
     -0.056     5.6577  34.623418     2.1477 3.6311e+01     1.4117    70.2628 3.6630e-02 3.5444e+01  0.0932955     -0.057    12.5494     56.465 -9.990e-29
     -0.056     5.6575  34.811138     2.1490 3.6311e+01     1.4132    70.2367 3.5409e-02 3.5444e+01  0.0932955     -0.057    12.5580     56.772 -9.990e-29
     -0.057     5.6577  34.904999     2.1490 3.6209e+01     1.4117    70.2628 3.5409e-02 3.5444e+01  0.0932955     -0.058    12.5567     56.924 -9.990e-29
     -0.059     5.6582  34.940197     2.1490 3.6209e+01     1.4117    70.2628 3.5409e-02 3.5444e+01  0.0932955     -0.060    12.5552     56.981 -9.990e-29
     -0.059     5.6578  34.951930     2.1477 3.6209e+01     1.4102    70.2889 3.6630e-02 3.5444e+01  0.0932955     -0.060    12.5441     57.001 -9.990e-29
     -0.060     5.6580  34.881533     2.1490 3.6311e+01     1.4117    70.2628 3.6630e-02 3.5444e+01  0.0932955     -0.061    12.5522     56.886 -9.990e-29
     -0.061     5.6582  34.893266     2.1490 3.6414e+01     1.4117    70.2628 3.5409e-02 3.5444e+01  0.0932955     -0.062    12.5504     56.904 -9.990e-29
     -0.061     5.6582  34.787672     2.1490 3.6414e+01     1.4117    70.2628 3.5409e-02 3.5444e+01  0.0932955     -0.062    12.5485     56.732 -9.990e-29
     -0.061     5.6583  34.764207     2.1477 3.6723e+01     1.4117    70.2628 3.5409e-02 3.5444e+01  0.0932955     -0.062    12.5381     56.694 -9.990e-29
     -0.062     5.6583  34.670348     2.1490 3.6827e+01     1.4117    70.2628 3.6630e-02 3.5444e+01  0.0932955     -0.063    12.5456     56.541 -9.990e-29
     -0.062     5.6585  34.529560     2.1490 3.6931e+01     1.4117    70.2628 3.5409e-02 3.5444e+01  0.0932955     -0.063    12.5433     56.311 -9.990e-29
     -0.063     5.6588  34.517828     2.1490 3.6931e+01     1.4102    70.2889 3.5409e-02 3.5444e+01  0.0932955     -0.064    12.5434     56.291 -9.990e-29
     -0.064     5.6586  34.459167     2.1490 3.7035e+01     1.4102    70.2889 3.5409e-02 3.5444e+01  0.0937112     -0.065    12.5448     56.196 -9.990e-29
     -0.066     5.6586  34.341847     2.1502 3.7035e+01     1.4117    70.2628 3.6630e-02 3.5444e+01  0.0932955     -0.067    12.5537     56.004 -9.990e-29
     -0.066     5.6586  34.212797     2.1490 3.7140e+01     1.4117    70.2628 3.6630e-02 3.5444e+01  0.0932955     -0.067    12.5460     55.794 -9.990e-29
     -0.066     5.6586  34.072018     2.1490 3.7350e+01     1.4117    70.2628 3.6630e-02 3.5444e+01  0.0932955     -0.067    12.5459     55.564 -9.990e-29
     -0.066     5.6590  33.954703     2.1490 3.7350e+01     1.4117    70.2628 3.5409e-02 3.5444e+01  0.0932955     -0.067    12.5455     55.372 -9.990e-29
     -0.067     5.6588  33.743541     2.1490 3.7245e+01     1.4117    70.2628 3.5409e-02 3.5444e+01  0.0932955     -0.068    12.5453     55.028 -9.990e-29
     -0.069     5.6588  33.532384     2.1490 3.7245e+01     1.4117    70.2628 3.5409e-02 3.5444e+01  0.0932955     -0.070    12.5462     54.684 -9.990e-29
     -0.069     5.6591  33.379886     2.1490 3.7245e+01     1.4117    70.2628 3.5409e-02 3.5444e+01  0.0932955     -0.070    12.5458     54.435 -9.990e-29
     -0.069     5.6588  33.227390     2.1490 3.7140e+01     1.4102    70.2889 3.6630e-02 3.5444e+01  0.0932955     -0.070    12.5454     54.187 -9.990e-29
     -0.069     5.6590  33.016246     2.1490 3.7140e+01     1.4117    70.2628 3.6630e-02 3.5444e+01  0.0932955     -0.070    12.5447     53.842 -9.990e-29
     -0.068     5.6590  32.922406     2.1490 3.7035e+01     1.4117    70.2628 3.6630e-02 3.5444e+01  0.0932955     -0.069    12.5454     53.689 -9.990e-29
     -0.067     5.6591  32.910676     2.1490 3.7035e+01     1.4117    70.2628 3.6630e-02 3.5444e+01  0.0937112     -0.068    12.5460     53.670 -9.990e-29
     -0.067     5.6590  32.793378     2.1502 3.7140e+01     1.4117    70.2628 3.6630e-02 3.5444e+01  0.0937112     -0.068    12.5556     53.478 -9.990e-29
     -0.069     5.6592  32.664352     2.1490 3.7140e+01     1.4117    70.2628 3.5409e-02 3.5444e+01  0.0932955     -0.070    12.5457     53.268 -9.990e-29
     -0.069     5.6596  32.617434     2.1490 3.7140e+01     1.4117    70.2628 3.6630e-02 3.5444e+01  0.0932955     -0.070    12.5460     53.190 -9.990e-29
     -0.069     5.6591  32.570516     2.1490 3.7140e+01     1.4102    70.2889 3.6630e-02 3.5444e+01  0.0932955     -0.070    12.5466     53.115 -9.990e-29
     -0.069     5.6596  32.418035     2.1490 3.7140e+01     1.4117    70.2628 3.5409e-02 3.5444e+01  0.0932955     -0.070    12.5467     52.865 -9.990e-29
     -0.069     5.6594  32.418035     2.1490 3.7140e+01     1.4117    70.2628 3.6630e-02 3.5444e+01  0.0932955     -0.070    12.5456     52.866 -9.990e-29
     -0.070     5.6595  32.394577     2.1502 3.7035e+01     1.4102    70.2889 3.6630e-02 3.5444e+01  0.0932955     -0.071    12.5547     52.827 -9.990e-29
     -0.071     5.6598  32.335931     2.1490 3.7035e+01     1.4117    70.2628 3.5409e-02 3.5444e+01  0.0932955     -0.072    12.5470     52.731 -9.990e-29
     -0.072     5.6596  32.300744     2.1502 3.7035e+01     1.4117    70.2628 3.5409e-02 3.5444e+01  0.0937112     -0.073    12.5561     52.674 -9.990e-29
     -0.072     5.6599  32.312473     2.1490 3.6931e+01     1.4117    70.2628 3.5409e-02 3.5444e+01  0.0932955     -0.073    12.5455     52.693 -9.990e-29
     -0.073     5.6601  32.242099     2.1490 3.6827e+01     1.4117    70.2628 3.5409e-02 3.5444e+01  0.0932955     -0.074    12.5453     52.578 -9.990e-29
     -0.074     5.6600  32.054437     2.1502 3.6827e+01     1.4102    70.2889 3.6630e-02 3.5444e+01  0.0932955     -0.075    12.5541     52.272 -9.990e-29
     -0.074     5.6601 141.180765     2.1514 3.6827e+01     1.4117    70.2628 3.6630e-02 3.5444e+01  0.0932955     -0.075    12.5560    230.225 -9.990e-29
     -0.074     5.6599  67.856727     2.1502 3.6723e+01     1.4117    70.2628 3.6630e-02 3.5444e+01  0.0932955     -0.075    12.5514    110.655 -9.990e-29
     -0.076     5.6603  32.030980     2.1502 3.6723e+01     1.4102    70.2889 3.6630e-02 3.5444e+01  0.0937112     -0.077    12.5544     52.233 -9.990e-29
     -0.077     5.6606  31.890237     2.1490 3.6827e+01     1.4102    70.2889 3.5409e-02 3.5444e+01  0.0937112     -0.079    12.5449     52.003 -9.990e-29
     -0.077     5.6606  31.784682     2.1502 3.6827e+01     1.4117    70.2628 3.5409e-02 3.5444e+01  0.0932955     -0.079    12.5535     51.831 -9.990e-29
     -0.076     5.6603  31.667399     2.1502 3.6827e+01     1.4117    70.2628 3.5409e-02 3.5444e+01  0.0932955     -0.077    12.5531     51.640 -9.990e-29
     -0.076     5.6609  31.526663     2.1502 3.6931e+01     1.4102    70.2889 3.5409e-02 3.5444e+01  0.0932955     -0.077    12.5524     51.410 -9.990e-29
     -0.076     5.6608  31.456295     2.1490 3.7035e+01     1.4102    70.2889 3.4188e-02 3.5444e+01  0.0932955     -0.077    12.5429     51.295 -9.990e-29
     -0.075     5.6606  31.303835     2.1502 3.7035e+01     1.4087    70.3151 3.4188e-02 3.5444e+01  0.0932955     -0.076    12.5513     51.047 -9.990e-29
     -0.075     5.6607  31.186559     2.1502 3.7035e+01     1.4087    70.3151 3.5409e-02 3.5444e+01  0.0932955     -0.076    12.5506     50.855 -9.990e-29
     -0.074     5.6608  31.116195     2.1502 3.7140e+01     1.4072    70.3412 3.5409e-02 3.5444e+01  0.0937112     -0.075    12.5498     50.740 -9.990e-29
     -0.072     5.6609  31.045831     2.1502 3.7245e+01     1.4072    70.3412 3.5409e-02 3.5444e+01  0.0932955     -0.073    12.5490     50.625 -9.990e-29
