data/05_metadata_exports/SeabirdData/202305_SeabirdData/83345_stn40.cnv
* Sea-Bird SBE 9 Data File:
* FileName = C:\Users\rosette\Rosette Data\2023\Ontario CSMI\stn40.hex
* Software Version Seasave V 7.26.6.26
* Temperature SN = 5270
* Conductivity SN = 1168
* Number of Bytes Per Scan = 40
* Number of Voltage Words = 5
* Number of Scans Averaged by the Deck Unit = 1
* NMEA Latitude = 43 35.52 N
* NMEA Longitude = 078 00.75 W
* NMEA UTC (Time) = Oct 02 2003  02:58:47
* NMEA baud rate = 4800
** Ship: Lake Guardian
** Ontario CSMI LWFS
** Station:  stn40
# nquan = 14                                
# nvalues = 23565                       
# units = specified
# name 0 = prDM: Pressure, Digiquartz [db]
# name 1 = t090C: Temperature [ITS-90, deg C]
# name 2 = c0uS/cm: Conductivity [uS/cm]
# name 3 = sbeox0V: Oxygen raw, SBE 43 [V]
# name 4 = par: PAR/Irradiance, Biospherical/Licor
# name 5 = bat: Beam Attenuation, Chelsea/Seatech [1/m]
# name 6 = xmiss: Beam Transmission, Chelsea/Seatech [%]
# name 7 = flSP: Fluorescence, Seapoint
# name 8 = spar: SPAR, Biospherical/Licor
# name 9 = upoly0: Upoly 0, Suna Nitrate
# name 10 = depFM: Depth [fresh water, m], lat = 43.592
# name 11 = sbeox0Mg/L: Oxygen, SBE 43 [mg/l], WS = 2
# name 12 = specc: Specific Conductance [uS/cm]
# name 13 = flag: flag
# span 0 =     -0.176,    177.748       
# span 1 =     3.8015,     5.5045       
# span 2 =  37.627459, 395.157190       
# span 3 =     1.7558,     2.2418       
# span 4 = 1.0000e-12, 2.4625e+00       
# span 5 =     0.0153,     1.9153       
# span 6 =    61.9505,    99.6174       
# span 7 = 3.4188e-02, 1.0379e+00       
# span 8 = 0.0000e+00, 1.9691e+00       
# span 9 =  0.0737546,  0.3905657       
# span 10 =     -0.179,    181.252      
# span 11 =     9.6135,    13.6391      
# span 12 =     61.813,    647.798      
# span 13 = 0.0000e+00, 0.0000e+00      
# interval = seconds: 0.0416667
# start_time = Oct 02 2003 02:58:47 [NMEA time, header]
# bad_flag = -9.990e-29
*END*
[from data line 8155]
     84.454     4.0442 183.036874     2.0842 1.0000e-12     0.1088    97.3171 6.1050e-02 1.9691e+00  0.3843293     86.119    12.7438    315.090 0.0000e+00
     84.476     4.0441 183.048815     2.0830 1.0000e-12     0.1088    97.3171 5.9829e-02 1.9691e+00  0.3843293     86.142    12.7367    315.112 0.0000e+00
     84.498     4.0442 183.084634     2.0830 1.0000e-12     0.1088    97.3171 5.9829e-02 1.9691e+00  0.3843293     86.164    12.7374    315.172 0.0000e+00
     84.521     4.0441 183.096575     2.0830 1.0000e-12     0.1088    97.3171 6.1050e-02 1.9691e+00  0.3847451     86.187    12.7382    315.194 0.0000e+00
     84.543     4.0442 183.072695     2.0855 1.0000e-12     0.1088    97.3171 6.3492e-02 1.9691e+00  0.3847451     86.210    12.7572    315.152 0.0000e+00
     84.565     4.0441 183.096576     2.0842 1.0000e-12     0.1088    97.3171 6.3492e-02 1.9691e+00  0.3847451     86.232    12.7480    315.194 0.0000e+00
     84.587     4.0443 183.072696     2.0842 1.0000e-12     0.1077    97.3433 6.2271e-02 1.9691e+00  0.3843293     86.255    12.7474    315.151 0.0000e+00
     84.608     4.0439 183.108516     2.0842 1.0000e-12     0.1088    97.3171 6.1050e-02 1.9691e+00  0.3843293     86.276    12.7471    315.217 0.0000e+00
     84.629     4.0440 183.036878     2.0842 1.0000e-12     0.1088    97.3171 6.1050e-02 1.9691e+00  0.3847451     86.298    12.7467    315.092 0.0000e+00
     84.650     4.0444 183.048817     2.0830 1.0000e-12     0.1088    97.3171 5.9829e-02 1.9691e+00  0.3847451     86.319    12.7367    315.108 0.0000e+00
     84.671     4.0442 183.096577     2.0830 1.0000e-12     0.1088    97.3171 5.9829e-02 1.9691e+00  0.3847451     86.340    12.7379    315.193 0.0000e+00
     84.694     4.0439 183.072698     2.0830 1.0000e-12     0.1088    97.3171 6.1050e-02 1.9691e+00  0.3847451     86.364    12.7363    315.155 0.0000e+00
     84.716     4.0440 183.108518     2.0830 1.0000e-12     0.1109    97.2649 6.1050e-02 1.9691e+00  0.3847451     86.386    12.7344    315.216 0.0000e+00
     84.739     4.0441 183.108518     2.0842 1.0000e-12     0.1099    97.2910 6.1050e-02 1.9691e+00  0.3843293     86.410    12.7436    315.214 0.0000e+00
     84.760     4.0440 183.108519     2.0842 1.0000e-12     0.1099    97.2910 5.9829e-02 1.9691e+00  0.3847451     86.431    12.7449    315.216 0.0000e+00
     84.781     4.0442 183.108518     2.0830 1.0000e-12     0.1109    97.2649 5.8608e-02 1.9691e+00  0.3843293     86.453    12.7366    315.213 0.0000e+00
     84.803     4.0443 183.096580     2.0830 1.0000e-12     0.1099    97.2910 5.8608e-02 1.9691e+00  0.3847451     86.475    12.7378    315.192 0.0000e+00
     84.823     4.0442 183.060760     2.0855 1.0000e-12     0.1099    97.2910 5.9829e-02 1.9691e+00  0.3847451     86.495    12.7588    315.131 0.0000e+00
     84.845     4.0442 183.048820     2.0842 1.0000e-12     0.1109    97.2649 5.9829e-02 1.9691e+00  0.3847451     86.518    12.7498    315.111 0.0000e+00
     84.867     4.0442 183.060761     2.0842 1.0000e-12     0.1099    97.2910 5.9829e-02 1.9691e+00  0.3847451     86.540    12.7510    315.131 0.0000e+00
     84.888     4.0443 183.060762     2.0830 1.0000e-12     0.1099    97.2910 5.8608e-02 1.9691e+00  0.3847451     86.562    12.7398    315.130 0.0000e+00
     84.908     4.0441 183.048822     2.0842 1.0000e-12     0.1099    97.2910 5.9829e-02 1.9691e+00  0.3847451     86.582    12.7491    315.112 0.0000e+00
     84.928     4.0443 183.084642     2.0842 1.0000e-12     0.1099    97.2910 6.2271e-02 1.9691e+00  0.3843293     86.602    12.7473    315.171 0.0000e+00
     84.948     4.0444 183.108521     2.0842 1.0000e-12     0.1099    97.2910 6.2271e-02 1.9691e+00  0.3847451     86.623    12.7471    315.211 0.0000e+00
     84.969     4.0442 183.120461     2.0830 1.0000e-12     0.1109    97.2649 6.2271e-02 1.9691e+00  0.3847451     86.644    12.7376    315.234 0.0000e+00
     84.991     4.0441 183.072703     2.0842 1.0000e-12     0.1099    97.2910 6.1050e-02 1.9691e+00  0.3847451     86.667    12.7486    315.153 0.0000e+00
     85.013     4.0443 183.001065     2.0842 1.0000e-12     0.1099    97.2910 6.1050e-02 1.9691e+00  0.3843293     86.689    12.7484    315.027 0.0000e+00
     85.035     4.0444 183.048824     2.0842 1.0000e-12     0.1109    97.2649 6.1050e-02 1.9691e+00  0.3847451     86.712    12.7482    315.108 0.0000e+00
     85.056     4.0440 183.096585     2.0830 1.0000e-12     0.1109    97.2649 6.1050e-02 1.9691e+00  0.3847451     86.733    12.7372    315.195 0.0000e+00
     85.077     4.0441 183.048824     2.0830 1.0000e-12     0.1099    97.2910 6.1050e-02 1.9691e+00  0.3843293     86.754    12.7387    315.112 0.0000e+00
     85.099     4.0442 183.060765     2.0830 1.0000e-12     0.1109    97.2649 6.1050e-02 1.9691e+00  0.3843293     86.777    12.7400    315.131 0.0000e+00
     85.121     4.0441 183.108524     2.0830 1.0000e-12     0.1109    97.2649 6.1050e-02 1.9691e+00  0.3839135     86.799    12.7401    315.214 0.0000e+00
     85.142     4.0441 183.036887     2.0830 1.0000e-12     0.1099    97.2910 6.1050e-02 1.9691e+00  0.3839135     86.821    12.7415    315.091 0.0000e+00
     85.163     4.0442 183.048826     2.0830 1.0000e-12     0.1088    97.3171 6.1050e-02 1.9691e+00  0.3839135     86.842    12.7430    315.111 0.0000e+00
     85.184     4.0441 183.013007     2.0842 1.0000e-12     0.1088    97.3171 6.1050e-02 1.9691e+00  0.3839135     86.863    12.7510    315.050 0.0000e+00
     85.205     4.0438 183.036888     2.0830 1.0000e-12     0.1088    97.3171 7.5702e-02 1.9691e+00  0.3839135     86.885    12.7402    315.094 0.0000e+00
     85.226     4.0442 183.060767     2.0830 1.0000e-12     0.1088    97.3171 8.6691e-02 1.9691e+00  0.3839135     86.906    12.7385    315.131 0.0000e+00
     85.246     4.0438 183.072708     2.0830 1.0000e-12     0.1099    97.2910 8.0586e-02 1.9691e+00  0.3839135     86.927    12.7386    315.156 0.0000e+00
     85.266     4.0441 183.084647     2.0842 1.0000e-12     0.1088    97.3171 7.0818e-02 1.9691e+00  0.3839135     86.947    12.7494    315.173 0.0000e+00
     85.286     4.0438 183.072708     2.0842 1.0000e-12     0.1088    97.3171 6.5934e-02 1.9691e+00  0.3839135     86.967    12.7495    315.156 0.0000e+00
     85.307     4.0439 183.072709     2.0842 1.0000e-12     0.1099    97.2910 6.3492e-02 1.9691e+00  0.3839135     86.989    12.7480    315.155 0.0000e+00
     85.327     4.0438 183.096588     2.0842 1.0000e-12     0.1088    97.3171 6.1050e-02 1.9691e+00  0.3839135     87.009    12.7480    315.197 0.0000e+00
     85.348     4.0437 183.072710     2.0842 1.0000e-12     0.1088    97.3171 5.9829e-02 1.9691e+00  0.3839135     87.031    12.7496    315.157 0.0000e+00
     85.368     4.0435 183.060770     2.0842 1.0000e-12     0.1088    97.3171 5.9829e-02 1.9691e+00  0.3839135     87.051    12.7498    315.139 0.0000e+00
     85.388     4.0437 183.096590     2.0830 1.0000e-12     0.1099    97.2910 5.9829e-02 1.9691e+00  0.3839135     87.072    12.7404    315.198 0.0000e+00
     85.409     4.0435 183.072710     2.0830 1.0000e-12     0.1088    97.3171 5.9829e-02 1.9691e+00  0.3839135     87.093    12.7392    315.159 0.0000e+00
     85.430     4.0434 183.096591     2.0830 1.0000e-12     0.1088    97.3171 5.9829e-02 1.9691e+00  0.3843293     87.114    12.7394    315.202 0.0000e+00
     85.449     4.0434 183.072711     2.0830 1.0000e-12     0.1088    97.3171 5.9829e-02 1.9691e+00  0.3839135     87.134    12.7397    315.160 0.0000e+00
     85.469     4.0436 183.108531     2.0830 1.0000e-12     0.1077    97.3433 5.9829e-02 1.9691e+00  0.3839135     87.154    12.7400    315.220 0.0000e+00
     85.488     4.0434 183.060772     2.0842 1.0000e-12     0.1088    97.3171 5.9829e-02 1.9691e+00  0.3843293     87.173    12.7469    315.140 0.0000e+00
     85.509     4.0432 183.084652     2.0842 1.0000e-12     0.1088    97.3171 5.9829e-02 1.9691e+00  0.3839135     87.195    12.7475    315.183 0.0000e+00
     85.530     4.0432 183.072713     2.0842 1.0000e-12     0.1099    97.2910 5.9829e-02 1.9691e+00  0.3839135     87.216    12.7480    315.163 0.0000e+00
     85.551     4.0431 183.060773     2.0830 1.0000e-12     0.1099    97.2910 5.9829e-02 1.9691e+00  0.3839135     87.238    12.7391    315.143 0.0000e+00
     85.572     4.0427 183.048835     2.0830 1.0000e-12     0.1099    97.2910 5.9829e-02 1.9691e+00  0.3839135     87.259    12.7369    315.127 0.0000e+00
     85.593     4.0428 183.060774     2.0842 1.0000e-12     0.1099    97.2910 6.1050e-02 1.9691e+00  0.3843293     87.281    12.7456    315.146 0.0000e+00
     85.613     4.0424 182.977197     2.0830 1.0000e-12     0.1099    97.2910 6.1050e-02 1.9691e+00  0.3843293     87.301    12.7354    315.007 0.0000e+00
     85.634     4.0421 183.024956     2.0842 1.0000e-12     0.1099    97.2910 6.1050e-02 1.9691e+00  0.3839135     87.322    12.7442    315.092 0.0000e+00
     85.656     4.0418 183.060776     2.0842 1.0000e-12     0.1099    97.2910 6.1050e-02 1.9691e+00  0.3834978     87.345    12.7435    315.157 0.0000e+00
     85.677     4.0418 183.048838     2.0830 1.0000e-12     0.1099    97.2910 5.9829e-02 1.9691e+00  0.3830820     87.366    12.7332    315.137 0.0000e+00
     85.697     4.0416 183.084657     2.0830 1.0000e-12     0.1099    97.2910 5.9829e-02 1.9691e+00  0.3830820     87.387    12.7340    315.201 0.0000e+00
     85.717     4.0414 183.072717     2.0830 1.0000e-12     0.1088    97.3171 5.9829e-02 1.9691e+00  0.3834978     87.407    12.7333    315.182 0.0000e+00
     85.739     4.0413 183.060778     2.0842 1.0000e-12     0.1099    97.2910 5.8608e-02 1.9691e+00  0.3834978     87.429    12.7420    315.163 0.0000e+00
     85.761     4.0410 183.096598     2.0842 1.0000e-12     0.1088    97.3171 5.9829e-02 1.9691e+00  0.3834978     87.452    12.7429    315.228 0.0000e+00
     85.784     4.0408 183.060780     2.0830 1.0000e-12     0.1088    97.3171 5.9829e-02 1.9691e+00  0.3834978     87.475    12.7342    315.168 0.0000e+00
     85.804     4.0409 183.060778     2.0830 1.0000e-12     0.1099    97.2910 5.9829e-02 1.9691e+00  0.3834978     87.496    12.7349    315.167 0.0000e+00
     85.825     4.0407 183.060780     2.0842 1.0000e-12     0.1088    97.3171 5.9829e-02 1.9691e+00  0.3834978     87.517    12.7453    315.169 0.0000e+00
     85.846     4.0407 183.024961     2.0830 1.0000e-12     0.1088    97.3171 5.9829e-02 1.9691e+00  0.3830820     87.539    12.7367    315.108 0.0000e+00
     85.866     4.0403 182.989142     2.0830 1.0000e-12     0.1099    97.2910 6.1050e-02 1.9691e+00  0.3830820     87.559    12.7378    315.050 0.0000e+00
     85.887     4.0407 183.001081     2.0830 1.0000e-12     0.1099    97.2910 6.1050e-02 1.9691e+00  0.3834978     87.580    12.7386    315.066 0.0000e+00
     85.909     4.0407 183.024962     2.0830 1.0000e-12     0.1099    97.2910 6.1050e-02 1.9691e+00  0.3834978     87.603    12.7382    315.108 0.0000e+00
     85.931     4.0403 183.060782     2.0830 1.0000e-12     0.1088    97.3171 6.1050e-02 1.9691e+00  0.3830820     87.625    12.7379    315.174 0.0000e+00
     85.953     4.0403 183.048842     2.0830 1.0000e-12     0.1099    97.2910 5.9829e-02 1.9691e+00  0.3834978     87.648    12.7374    315.153 0.0000e+00
     85.975     4.0403 183.060782     2.0830 1.0000e-12     0.1099    97.2910 5.9829e-02 1.9691e+00  0.3834978     87.670    12.7355    315.174 0.0000e+00
     85.997     4.0403 183.024965     2.0818 1.0000e-12     0.1077    97.3433 6.1050e-02 1.9691e+00  0.3834978     87.693    12.7242    315.112 0.0000e+00
     86.019     4.0404 183.084663     2.0830 1.0000e-12     0.1088    97.3171 6.1050e-02 1.9691e+00  0.3834978     87.715    12.7334    315.214 0.0000e+00
     86.039     4.0402 183.036904     2.0830 1.0000e-12     0.1077    97.3433 6.1050e-02 1.9691e+00  0.3834978     87.735    12.7333    315.133 0.0000e+00
     86.061     4.0401 183.036904     2.0830 1.0000e-12     0.1088    97.3171 5.9829e-02 1.9691e+00  0.3834978     87.758    12.7333    315.135 0.0000e+00
     86.084     4.0401 183.084664     2.0818 1.0000e-12     0.1088    97.3171 5.8608e-02 1.9691e+00  0.3830820     87.781    12.7224    315.217 0.0000e+00
     86.107     4.0404 183.001087     2.0830 1.0000e-12     0.1077    97.3433 5.9829e-02 1.9691e+00  0.3834978     87.805    12.7319    315.070 0.0000e+00
     86.128     4.0402 183.024966     2.0830 1.0000e-12     0.1088    97.3171 5.9829e-02 1.9691e+00  0.3834978     87.826    12.7321    315.113 0.0000e+00
     86.148     4.0404 183.084664     2.0830 1.0000e-12     0.1088    97.3171 5.9829e-02 1.9691e+00  0.3834978     87.846    12.7322    315.214 0.0000e+00
     86.170     4.0405 183.108546     2.0830 1.0000e-12     0.1077    97.3433 5.9829e-02 1.9691e+00  0.3834978     87.869    12.7325    315.254 0.0000e+00
     86.192     4.0403 183.072726     2.0830 1.0000e-12     0.1088    97.3171 5.9829e-02 1.9691e+00  0.3839135     87.891    12.7344    315.194 0.0000e+00
     86.214     4.0405 183.036907     2.0830 1.0000e-12     0.1088    97.3171 5.9829e-02 1.9691e+00  0.3843293     87.914    12.7347    315.130 0.0000e+00
     86.236     4.0409 183.036908     2.0830 1.0000e-12     0.1077    97.3433 5.9829e-02 1.9691e+00  0.3843293     87.936    12.7350    315.126 0.0000e+00
     86.257     4.0408 183.001089     2.0830 1.0000e-12     0.1088    97.3171 5.9829e-02 1.9691e+00  0.3843293     87.958    12.7354    315.065 0.0000e+00
     86.278     4.0410 183.096606     2.0842 1.0000e-12     0.1077    97.3433 5.8608e-02 1.9691e+00  0.3843293     87.979    12.7468    315.228 0.0000e+00
     86.300     4.0408 183.120487     2.0830 1.0000e-12     0.1077    97.3433 5.8608e-02 1.9691e+00  0.3843293     88.001    12.7393    315.271 0.0000e+00
     86.322     4.0410 183.060788     2.0830 1.0000e-12     0.1077    97.3433 5.9829e-02 1.9691e+00  0.3843293     88.024    12.7398    315.166 0.0000e+00
     86.344     4.0410 183.013030     2.0830 1.0000e-12     0.1077    97.3433 6.1050e-02 1.9691e+00  0.3843293     88.046    12.7389    315.084 0.0000e+00
     86.366     4.0407 183.048849     2.0830 1.0000e-12     0.1088    97.3171 5.9829e-02 1.9691e+00  0.3843293     88.069    12.7411    315.149 0.0000e+00
     86.388     4.0407 183.096610     2.0830 1.0000e-12     0.1077    97.3433 6.1050e-02 1.9691e+00  0.3843293     88.091    12.7417    315.231 0.0000e+00
     86.410     4.0407 183.048850     2.0830 1.0000e-12     0.1088    97.3171 6.1050e-02 1.9691e+00  0.3843293     88.114    12.7424    315.149 0.0000e+00
     86.432     4.0409 182.965273     2.0830 1.0000e-12     0.1088    97.3171 5.9829e-02 1.9691e+00  0.3843293     88.136    12.7430    315.003 0.0000e+00
     86.453     4.0410 183.024971     2.0830 1.0000e-12     0.1088    97.3171 6.1050e-02 1.9691e+00  0.3843293     88.158    12.7436    315.104 0.0000e+00
     86.475     4.0414 183.048852     2.0830 1.0000e-12     0.1088    97.3171 6.1050e-02 1.9691e+00  0.3843293     88.180    12.7441    315.141 0.0000e+00
     86.496     4.0415 183.036911     2.0818 1.0000e-12     0.1088    97.3171 6.1050e-02 1.9691e+00  0.3843293     88.201    12.7352    315.119 0.0000e+00
     86.517     4.0420 183.036911     2.0818 1.0000e-12     0.1077    97.3433 5.9829e-02 1.9691e+00  0.3843293     88.223    12.7356    315.114 0.0000e+00
     86.539     4.0418 183.048852     2.0818 1.0000e-12     0.1088    97.3171 5.9829e-02 1.9691e+00  0.3843293     88.245    12.7348    315.137 0.0000e+00
     86.561     4.0418 183.060793     2.0818 1.0000e-12     0.1077    97.3433 5.8608e-02 1.9691e+00  0.3843293     88.268    12.7354    315.157 0.0000e+00
     86.582     4.0415 183.096612     2.0818 1.0000e-12     0.1088    97.3171 5.8608e-02 1.9691e+00  0.3843293     88.289    12.7361    315.222 0.0000e+00
     86.604     4.0412 183.001094     2.0818 1.0000e-12     0.1088    97.3171 5.8608e-02 1.9691e+00  0.3843293     88.311    12.7368    315.061 0.0000e+00
     86.627     4.0411 183.048854     2.0830 1.0000e-12     0.1088    97.3171 5.8608e-02 1.9691e+00  0.3843293     88.335    12.7439    315.144 0.0000e+00
