data/05_metadata_exports/SeabirdData/202305_SeabirdData/83345_stn40.cnv
* Sea-Bird SBE 9 Data File:
* FileName = C:\Users\rosette\Rosette Data\2023\Ontario CSMI\stn40.hex
* Software Version Seasave V 7.26.6.26
* Temperature SN = 5270
* Conductivity SN = 1168
* Number of Bytes Per Scan = 40
* Number of Voltage Words = 5
* Number of Scans Averaged by the Deck Unit = 1
* NMEA Latitude = 43 35.52 N
* NMEA Longitude = 078 00.75 W
* NMEA UTC (Time) = Oct 02 2003  02:58:47
* NMEA baud rate = 4800
** Ship: Lake Guardian
** Ontario CSMI LWFS
** Station:  stn40
# nquan = 14                                
# nvalues = 23565                       
# units = specified
# name 0 = prDM: Pressure, Digiquartz [db]
# name 1 = t090C: Temperature [ITS-90, deg C]
# name 2 = c0uS/cm: Conductivity [uS/cm]
# name 3 = sbeox0V: Oxygen raw, SBE 43 [V]
# name 4 = par: PAR/Irradiance, Biospherical/Licor
# name 5 = bat: Beam Attenuation, Chelsea/Seatech [1/m]
# name 6 = xmiss: Beam Transmission, Chelsea/Seatech [%]
# name 7 = flSP: Fluorescence, Seapoint
# name 8 = spar: SPAR, Biospherical/Licor
# name 9 = upoly0: Upoly 0, Suna Nitrate
# name 10 = depFM: Depth [fresh water, m], lat = 43.592
# name 11 = sbeox0Mg/L: Oxygen, SBE 43 [mg/l], WS = 2
# name 12 = specc: Specific Conductance [uS/cm]
# name 13 = flag: flag
# span 0 =     -0.176,    177.748       
# span 1 =     3.8015,     5.5045       
# span 2 =  37.627459, 395.157190       
# span 3 =     1.7558,     2.2418       
# span 4 = 1.0000e-12, 2.4625e+00       
# span 5 =     0.0153,     1.9153       
# span 6 =    61.9505,    99.6174       
# span 7 = 3.4188e-02, 1.0379e+00       
# span 8 = 0.0000e+00, 1.9691e+00       
# span 9 =  0.0737546,  0.3905657       
# span 10 =     -0.179,    181.252      
# span 11 =     9.6135,    13.6391      
# span 12 =     61.813,    647.798      
# span 13 = 0.0000e+00, 0.0000e+00      
# interval = seconds: 0.0416667
# start_time = Oct 02 2003 02:58:47 [NMEA time, header]
# bad_flag = -9.990e-29
*END*
[from data line 7020]
     60.241     4.1127 183.346847     2.0965 1.0000e-12     0.1552    96.1931 7.3260e-02 1.9691e+00  0.3631254     61.429    12.7858    314.881 0.0000e+00
     60.264     4.1125 183.346848     2.0965 1.0000e-12     0.1455    96.4284 7.3260e-02 1.9691e+00  0.3631254     61.452    12.7873    314.883 0.0000e+00
     60.287     4.1127 183.311029     2.0965 1.0000e-12     0.1239    96.9512 7.3260e-02 1.9691e+00  0.3631254     61.476    12.7900    314.819 0.0000e+00
     60.309     4.1125 183.322968     2.0965 1.0000e-12     0.1142    97.1864 7.3260e-02 1.9691e+00  0.3631254     61.498    12.7900    314.842 0.0000e+00
     60.330     4.1125 183.358790     2.0965 1.0000e-12     0.1142    97.1864 7.3260e-02 1.9691e+00  0.3631254     61.519    12.7898    314.904 0.0000e+00
     60.350     4.1123 183.322969     2.0965 1.0000e-12     0.1152    97.1603 7.3260e-02 1.9691e+00  0.3631254     61.540    12.7898    314.844 0.0000e+00
     60.371     4.1127 183.382671     2.0965 1.0000e-12     0.1142    97.1864 7.3260e-02 1.9691e+00  0.3631254     61.561    12.7895    314.942 0.0000e+00
     60.391     4.1127 183.358790     2.0965 1.0000e-12     0.1142    97.1864 7.3260e-02 1.9691e+00  0.3631254     61.582    12.7894    314.901 0.0000e+00
     60.412     4.1125 183.287150     2.0977 1.0000e-12     0.1152    97.1603 7.2039e-02 1.9691e+00  0.3631254     61.603    12.7988    314.780 0.0000e+00
     60.434     4.1125 183.370732     2.0977 1.0000e-12     0.1152    97.1603 7.3260e-02 1.9691e+00  0.3635412     61.626    12.7984    314.924 0.0000e+00
     60.457     4.1125 183.358792     2.0965 1.0000e-12     0.1152    97.1603 7.3260e-02 1.9691e+00  0.3635412     61.649    12.7887    314.904 0.0000e+00
     60.480     4.1127 183.346852     2.0965 1.0000e-12     0.1142    97.1864 7.3260e-02 1.9691e+00  0.3635412     61.672    12.7884    314.881 0.0000e+00
     60.503     4.1127 183.382673     2.0965 1.0000e-12     0.1152    97.1603 7.3260e-02 1.9691e+00  0.3635412     61.696    12.7866    314.942 0.0000e+00
     60.525     4.1128 183.358793     2.0965 1.0000e-12     0.1152    97.1603 7.2039e-02 1.9691e+00  0.3635412     61.718    12.7847    314.900 0.0000e+00
     60.547     4.1128 183.346852     2.0965 1.0000e-12     0.1152    97.1603 7.0818e-02 1.9691e+00  0.3631254     61.741    12.7845    314.880 0.0000e+00
     60.569     4.1130 183.346854     2.0965 1.0000e-12     0.1152    97.1603 7.2039e-02 1.9691e+00  0.3631254     61.763    12.7842    314.878 0.0000e+00
     60.590     4.1125 183.358794     2.0965 1.0000e-12     0.1131    97.2126 7.3260e-02 1.9691e+00  0.3631254     61.785    12.7841    314.904 0.0000e+00
     60.612     4.1128 183.370735     2.0977 1.0000e-12     0.1142    97.1864 7.4481e-02 1.9691e+00  0.3631254     61.807    12.7946    314.921 0.0000e+00
     60.634     4.1128 183.299094     2.0965 1.0000e-12     0.1142    97.1864 7.4481e-02 1.9691e+00  0.3631254     61.829    12.7863    314.798 0.0000e+00
     60.657     4.1130 183.322975     2.0965 1.0000e-12     0.1131    97.2126 7.3260e-02 1.9691e+00  0.3631254     61.853    12.7859    314.837 0.0000e+00
     60.679     4.1128 183.406556     2.0965 1.0000e-12     0.1131    97.2126 7.3260e-02 1.9691e+00  0.3635412     61.875    12.7840    314.982 0.0000e+00
     60.701     4.1128 183.358796     2.0977 1.0000e-12     0.1142    97.1864 7.4481e-02 1.9691e+00  0.3635412     61.898    12.7915    314.900 0.0000e+00
     60.722     4.1130 183.311036     2.0965 1.0000e-12     0.1142    97.1864 7.4481e-02 1.9691e+00  0.3631254     61.919    12.7816    314.816 0.0000e+00
     60.742     4.1128 183.346856     2.0965 1.0000e-12     0.1142    97.1864 7.4481e-02 1.9691e+00  0.3631254     61.940    12.7813    314.880 0.0000e+00
     60.763     4.1130 183.346856     2.0965 1.0000e-12     0.1152    97.1603 7.3260e-02 1.9691e+00  0.3631254     61.961    12.7808    314.878 0.0000e+00
     60.785     4.1127 183.311037     2.0977 1.0000e-12     0.1142    97.1864 7.3260e-02 1.9691e+00  0.3631254     61.983    12.7915    314.819 0.0000e+00
     60.807     4.1130 183.311038     2.0977 1.0000e-12     0.1142    97.1864 7.4481e-02 1.9691e+00  0.3631254     62.006    12.7909    314.816 0.0000e+00
     60.827     4.1128 183.334918     2.0965 1.0000e-12     0.1142    97.1864 7.4481e-02 1.9691e+00  0.3631254     62.026    12.7811    314.859 0.0000e+00
     60.847     4.1127 183.406558     2.0965 1.0000e-12     0.1131    97.2126 7.5702e-02 1.9691e+00  0.3631254     62.047    12.7807    314.983 0.0000e+00
     60.869     4.1128 183.334919     2.0965 1.0000e-12     0.1142    97.1864 7.5702e-02 1.9691e+00  0.3631254     62.069    12.7817    314.859 0.0000e+00
     60.890     4.1128 183.311039     2.0965 1.0000e-12     0.1142    97.1864 7.4481e-02 1.9691e+00  0.3631254     62.091    12.7812    314.818 0.0000e+00
     60.909     4.1125 183.382680     2.0965 1.0000e-12     0.1131    97.2126 7.4481e-02 1.9691e+00  0.3635412     62.110    12.7808    314.945 0.0000e+00
     60.930     4.1128 183.334919     2.0965 1.0000e-12     0.1142    97.1864 7.5702e-02 1.9691e+00  0.3635412     62.131    12.7802    314.859 0.0000e+00
     60.952     4.1127 183.382681     2.0977 1.0000e-12     0.1142    97.1864 7.5702e-02 1.9691e+00  0.3635412     62.154    12.7921    314.942 0.0000e+00
     60.974     4.1125 183.311040     2.0965 1.0000e-12     0.1142    97.1864 7.6923e-02 1.9691e+00  0.3635412     62.176    12.7838    314.822 0.0000e+00
     60.997     4.1130 183.322981     2.0965 1.0000e-12     0.1142    97.1864 7.5702e-02 1.9691e+00  0.3635412     62.200    12.7832    314.837 0.0000e+00
     61.018     4.1127 183.382682     2.0952 1.0000e-12     0.1142    97.1864 7.4481e-02 1.9691e+00  0.3631254     62.221    12.7710    314.942 0.0000e+00
     61.040     4.1128 183.334921     2.0965 1.0000e-12     0.1142    97.1864 7.4481e-02 1.9691e+00  0.3631254     62.243    12.7809    314.859 0.0000e+00
     61.061     4.1128 183.311042     2.0965 1.0000e-12     0.1152    97.1603 7.5702e-02 1.9691e+00  0.3631254     62.265    12.7805    314.818 0.0000e+00
     61.083     4.1130 183.287162     2.0965 1.0000e-12     0.1142    97.1864 7.5702e-02 1.9691e+00  0.3631254     62.287    12.7800    314.775 0.0000e+00
     61.105     4.1127 183.322983     2.0965 1.0000e-12     0.1152    97.1603 7.4481e-02 1.9691e+00  0.3631254     62.310    12.7798    314.840 0.0000e+00
     61.125     4.1128 183.299103     2.0977 1.0000e-12     0.1152    97.1603 7.3260e-02 1.9691e+00  0.3631254     62.330    12.7888    314.798 0.0000e+00
     61.145     4.1122 183.322983     2.0977 1.0000e-12     0.1142    97.1864 7.2039e-02 1.9691e+00  0.3635412     62.351    12.7902    314.845 0.0000e+00
     61.165     4.1117 183.299104     2.0965 1.0000e-12     0.1152    97.1603 7.3260e-02 1.9691e+00  0.3631254     62.371    12.7806    314.810 0.0000e+00
     61.185     4.1111 183.299104     2.0952 1.0000e-12     0.1142    97.1864 7.4481e-02 1.9691e+00  0.3631254     62.391    12.7717    314.816 0.0000e+00
     61.206     4.1107 183.311046     2.0965 1.0000e-12     0.1142    97.1864 7.5702e-02 1.9691e+00  0.3635412     62.413    12.7817    314.841 0.0000e+00
     61.227     4.1101 183.334926     2.0965 1.0000e-12     0.1152    97.1603 7.4481e-02 1.9691e+00  0.3631254     62.434    12.7831    314.888 0.0000e+00
     61.249     4.1098 183.382688     2.0965 1.0000e-12     0.1142    97.1864 7.4481e-02 1.9691e+00  0.3631254     62.457    12.7829    314.974 0.0000e+00
     61.271     4.1093 183.334928     2.0965 1.0000e-12     0.1152    97.1603 7.5702e-02 1.9691e+00  0.3631254     62.479    12.7828    314.897 0.0000e+00
     61.292     4.1090 183.311048     2.0977 1.0000e-12     0.1142    97.1864 7.8144e-02 1.9691e+00  0.3631254     62.500    12.7935    314.859 0.0000e+00
     61.312     4.1089 183.394629     2.0965 1.0000e-12     0.1142    97.1864 7.8144e-02 1.9691e+00  0.3631254     62.521    12.7852    315.004 0.0000e+00
     61.333     4.1087 183.334929     2.0965 1.0000e-12     0.1152    97.1603 7.5702e-02 1.9691e+00  0.3631254     62.542    12.7865    314.904 0.0000e+00
     61.355     4.1085 183.334930     2.0965 1.0000e-12     0.1152    97.1603 7.4481e-02 1.9691e+00  0.3631254     62.565    12.7877    314.906 0.0000e+00
     61.377     4.1086 183.287169     2.0977 1.0000e-12     0.1142    97.1864 7.4481e-02 1.9691e+00  0.3635412     62.587    12.7953    314.823 0.0000e+00
     61.400     4.1082 183.299111     2.0965 1.0000e-12     0.1152    97.1603 7.4481e-02 1.9691e+00  0.3635412     62.611    12.7842    314.848 0.0000e+00
     61.422     4.1079 183.346871     2.0965 1.0000e-12     0.1142    97.1864 7.4481e-02 1.9691e+00  0.3631254     62.633    12.7841    314.933 0.0000e+00
     61.443     4.1081 183.322992     2.0965 1.0000e-12     0.1152    97.1603 7.3260e-02 1.9691e+00  0.3635412     62.654    12.7838    314.890 0.0000e+00
     61.463     4.1079 183.334931     2.0977 1.0000e-12     0.1142    97.1864 7.3260e-02 1.9691e+00  0.3635412     62.675    12.7932    314.912 0.0000e+00
     61.485     4.1079 183.334932     2.0965 1.0000e-12     0.1152    97.1603 7.3260e-02 1.9691e+00  0.3635412     62.697    12.7851    314.912 0.0000e+00
     61.507     4.1074 183.311053     2.0965 1.0000e-12     0.1142    97.1864 7.2039e-02 1.9691e+00  0.3631254     62.720    12.7836    314.877 0.0000e+00
     61.528     4.1075 183.334933     2.0952 1.0000e-12     0.1131    97.2126 7.0818e-02 1.9691e+00  0.3631254     62.741    12.7732    314.917 0.0000e+00
     61.548     4.1068 183.346874     2.0965 1.0000e-12     0.1152    97.1603 7.2039e-02 1.9691e+00  0.3631254     62.761    12.7820    314.945 0.0000e+00
     61.569     4.1063 183.287175     2.0965 1.0000e-12     0.1152    97.1603 7.3260e-02 1.9691e+00  0.3631254     62.783    12.7805    314.848 0.0000e+00
     61.589     4.1059 183.275235     2.0965 1.0000e-12     0.1142    97.1864 7.3260e-02 1.9691e+00  0.3631254     62.803    12.7806    314.831 0.0000e+00
     61.608     4.1059 183.299115     2.0965 1.0000e-12     0.1152    97.1603 7.2039e-02 1.9691e+00  0.3635412     62.823    12.7806    314.872 0.0000e+00
     61.629     4.1055 183.287176     2.0965 1.0000e-12     0.1152    97.1603 7.2039e-02 1.9691e+00  0.3631254     62.844    12.7821    314.856 0.0000e+00
     61.650     4.1055 183.251355     2.0965 1.0000e-12     0.1152    97.1603 7.2039e-02 1.9691e+00  0.3631254     62.865    12.7835    314.795 0.0000e+00
     61.672     4.1050 183.287177     2.0965 1.0000e-12     0.1142    97.1864 7.2039e-02 1.9691e+00  0.3631254     62.888    12.7836    314.862 0.0000e+00
     61.694     4.1056 183.311057     2.0977 1.0000e-12     0.1152    97.1603 7.2039e-02 1.9691e+00  0.3631254     62.910    12.7929    314.896 0.0000e+00
     61.715     4.1055 183.287177     2.0965 1.0000e-12     0.1152    97.1603 7.0818e-02 1.9691e+00  0.3631254     62.932    12.7819    314.856 0.0000e+00
     61.735     4.1054 183.287178     2.0965 1.0000e-12     0.1142    97.1864 6.9597e-02 1.9691e+00  0.3631254     62.952    12.7819    314.857 0.0000e+00
     61.756     4.1052 183.322998     2.0965 1.0000e-12     0.1142    97.1864 6.9597e-02 1.9691e+00  0.3631254     62.974    12.7820    314.921 0.0000e+00
     61.777     4.1052 183.334940     2.0965 1.0000e-12     0.1142    97.1864 6.9597e-02 1.9691e+00  0.3631254     62.995    12.7820    314.942 0.0000e+00
     61.798     4.1052 183.311058     2.0977 1.0000e-12     0.1142    97.1864 7.2039e-02 1.9691e+00  0.3635412     63.016    12.7915    314.901 0.0000e+00
     61.819     4.1052 183.287179     2.0965 1.0000e-12     0.1142    97.1864 7.3260e-02 1.9691e+00  0.3635412     63.038    12.7835    314.860 0.0000e+00
     61.841     4.1048 183.251359     2.0965 1.0000e-12     0.1142    97.1864 7.4481e-02 1.9691e+00  0.3635412     63.060    12.7838    314.802 0.0000e+00
     61.863     4.1050 183.311061     2.0977 1.0000e-12     0.1152    97.1603 7.8144e-02 1.9691e+00  0.3635412     63.083    12.7946    314.903 0.0000e+00
     61.885     4.1050 183.299120     2.0952 1.0000e-12     0.1142    97.1864 7.8144e-02 1.9691e+00  0.3631254     63.105    12.7750    314.882 0.0000e+00
     61.907     4.1048 183.299122     2.0952 1.0000e-12     0.1152    97.1603 7.5702e-02 1.9691e+00  0.3635412     63.128    12.7766    314.884 0.0000e+00
     61.927     4.1049 183.311062     2.0965 1.0000e-12     0.1142    97.1864 7.3260e-02 1.9691e+00  0.3631254     63.148    12.7868    314.904 0.0000e+00
     61.947     4.1047 183.334942     2.0965 1.0000e-12     0.1142    97.1864 7.4481e-02 1.9691e+00  0.3635412     63.168    12.7870    314.947 0.0000e+00
     61.967     4.1047 183.358822     2.0965 1.0000e-12     0.1142    97.1864 7.3260e-02 1.9691e+00  0.3631254     63.189    12.7855    314.988 0.0000e+00
     61.988     4.1048 183.275243     2.0965 1.0000e-12     0.1142    97.1864 7.3260e-02 1.9691e+00  0.3631254     63.210    12.7855    314.843 0.0000e+00
     62.009     4.1046 183.287183     2.0952 1.0000e-12     0.1152    97.1603 7.4481e-02 1.9691e+00  0.3631254     63.232    12.7740    314.866 0.0000e+00
     62.031     4.1046 183.334944     2.0965 1.0000e-12     0.1152    97.1603 7.5702e-02 1.9691e+00  0.3631254     63.254    12.7846    314.948 0.0000e+00
     62.052     4.1043 183.311064     2.0965 1.0000e-12     0.1142    97.1864 7.4481e-02 1.9691e+00  0.3631254     63.275    12.7834    314.910 0.0000e+00
     62.074     4.1043 183.346884     2.0952 1.0000e-12     0.1152    97.1603 7.4481e-02 1.9691e+00  0.3639569     63.298    12.7734    314.972 0.0000e+00
     62.096     4.1046 183.299125     2.0965 1.0000e-12     0.1142    97.1864 8.0586e-02 1.9691e+00  0.3689461     63.320    12.7838    314.887 0.0000e+00
     62.118     4.1045 183.346885     2.0965 1.0000e-12     0.1142    97.1864 8.0586e-02 1.9691e+00  0.3780929     63.343    12.7841    314.970 0.0000e+00
     62.139     4.1049 183.323006     2.0977 1.0000e-12     0.1142    97.1864 7.6923e-02 1.9691e+00  0.3830820     63.364    12.7921    314.924 0.0000e+00
     62.159     4.1049 183.311066     2.0965 1.0000e-12     0.1152    97.1603 7.3260e-02 1.9691e+00  0.3834978     63.385    12.7829    314.904 0.0000e+00
     62.179     4.1044 183.334946     2.0952 1.0000e-12     0.1152    97.1603 7.2039e-02 1.9691e+00  0.3830820     63.405    12.7716    314.950 0.0000e+00
     62.199     4.1039 183.299126     2.0965 1.0000e-12     0.1142    97.1864 7.0818e-02 1.9691e+00  0.3830820     63.425    12.7824    314.894 0.0000e+00
     62.220     4.1032 183.287188     2.0965 1.0000e-12     0.1142    97.1864 7.0818e-02 1.9691e+00  0.3830820     63.447    12.7846    314.881 0.0000e+00
     62.240     4.1027 183.299128     2.0965 1.0000e-12     0.1142    97.1864 6.9597e-02 1.9691e+00  0.3830820     63.467    12.7837    314.907 0.0000e+00
     62.261     4.1017 183.334949     2.0965 1.0000e-12     0.1142    97.1864 6.8376e-02 1.9691e+00  0.3830820     63.489    12.7830    314.979 0.0000e+00
     62.283     4.1011 183.251370     2.0965 1.0000e-12     0.1142    97.1864 6.8376e-02 1.9691e+00  0.3830820     63.511    12.7838    314.842 0.0000e+00
     62.305     4.1002 183.239431     2.0965 1.0000e-12     0.1142    97.1864 6.8376e-02 1.9691e+00  0.3830820     63.533    12.7847    314.832 0.0000e+00
     62.326     4.1001 183.227491     2.0965 1.0000e-12     0.1142    97.1864 6.9597e-02 1.9691e+00  0.3830820     63.555    12.7853    314.812 0.0000e+00
     62.346     4.0998 183.239431     2.0965 1.0000e-12     0.1131    97.2126 7.0818e-02 1.9691e+00  0.3830820     63.575    12.7845    314.836 0.0000e+00
     62.366     4.0995 183.275252     2.0977 1.0000e-12     0.1142    97.1864 7.0818e-02 1.9691e+00  0.3830820     63.596    12.7948    314.901 0.0000e+00
     62.388     4.0992 183.251373     2.0965 1.0000e-12     0.1142    97.1864 7.0818e-02 1.9691e+00  0.3830820     63.618    12.7862    314.863 0.0000e+00
