data/05_metadata_exports/SeabirdData/202305_SeabirdData/83345_stn40.cnv
* Sea-Bird SBE 9 Data File:
* FileName = C:\Users\rosette\Rosette Data\2023\Ontario CSMI\stn40.hex
* Software Version Seasave V 7.26.6.26
* Temperature SN = 5270
* Conductivity SN = 1168
* Number of Bytes Per Scan = 40
* Number of Voltage Words = 5
* Number of Scans Averaged by the Deck Unit = 1
* NMEA Latitude = 43 35.52 N
* NMEA Longitude = 078 00.75 W
* NMEA UTC (Time) = Oct 02 2003  02:58:47
* NMEA baud rate = 4800
** Ship: Lake Guardian
** Ontario CSMI LWFS
** Station:  stn40
# nquan = 14                                
# nvalues = 23565                       
# units = specified
# name 0 = prDM: Pressure, Digiquartz [db]
# name 1 = t090C: Temperature [ITS-90, deg C]
# name 2 = c0uS/cm: Conductivity [uS/cm]
# name 3 = sbeox0V: Oxygen raw, SBE 43 [V]
# name 4 = par: PAR/Irradiance, Biospherical/Licor
# name 5 = bat: Beam Attenuation, Chelsea/Seatech [1/m]
# name 6 = xmiss: Beam Transmission, Chelsea/Seatech [%]
# name 7 = flSP: Fluorescence, Seapoint
# name 8 = spar: SPAR, Biospherical/Licor
# name 9 = upoly0: Upoly 0, Suna Nitrate
# name 10 = depFM: Depth [fresh water, m], lat = 43.592
# name 11 = sbeox0Mg/L: Oxygen, SBE 43 [mg/l], WS = 2
# name 12 = specc: Specific Conductance [uS/cm]
# name 13 = flag: flag
# span 0 =     -0.176,    177.748       
# span 1 =     3.8015,     5.5045       
# span 2 =  37.627459, 395.157190       
# span 3 =     1.7558,     2.2418       
# span 4 = 1.0000e-12, 2.4625e+00       
# span 5 =     0.0153,     1.9153       
# span 6 =    61.9505,    99.6174       
# span 7 = 3.4188e-02, 1.0379e+00       
# span 8 = 0.0000e+00, 1.9691e+00       
# span 9 =  0.0737546,  0.3905657       
# span 10 =     -0.179,    181.252      
# span 11 =     9.6135,    13.6391      
# span 12 =     61.813,    647.798      
# span 13 = 0.0000e+00, 0.0000e+00      
# interval = seconds: 0.0416667
# start_time = Oct 02 2003 02:58:47 [NMEA time, header]
# bad_flag = -9.990e-29
*END*
[from data line 18581]
     94.256     4.0141 182.929605     2.0769 1.0000e-12     0.1056    97.3955 6.9597e-02 1.9691e+00  0.3847451     96.114    12.7377    315.232 0.0000e+00
     94.231     4.0144 182.989304     2.0781 1.0000e-12     0.1045    97.4217 6.5934e-02 1.9691e+00  0.3847451     96.089    12.7464    315.332 0.0000e+00
     94.207     4.0150 182.965424     2.0781 1.0000e-12     0.1045    97.4217 6.3492e-02 1.9691e+00  0.3847451     96.064    12.7453    315.284 0.0000e+00
     94.183     4.0155 182.977363     2.0781 1.0000e-12     0.1045    97.4217 6.2271e-02 1.9691e+00  0.3847451     96.040    12.7457    315.299 0.0000e+00
     94.159     4.0160 182.953482     2.0769 1.0000e-12     0.1056    97.3955 6.1050e-02 1.9691e+00  0.3847451     96.015    12.7365    315.253 0.0000e+00
     94.137     4.0158 183.025121     2.0769 1.0000e-12     0.1045    97.4217 6.1050e-02 1.9691e+00  0.3847451     95.993    12.7355    315.378 0.0000e+00
     94.115     4.0164 182.977362     2.0757 1.0000e-12     0.1045    97.4217 5.9829e-02 1.9691e+00  0.3847451     95.971    12.7246    315.289 0.0000e+00
     94.091     4.0172 182.977360     2.0781 1.0000e-12     0.1056    97.3955 5.9829e-02 1.9691e+00  0.3851608     95.946    12.7420    315.281 0.0000e+00
     94.068     4.0178 183.001239     2.0769 1.0000e-12     0.1045    97.4217 6.1050e-02 1.9691e+00  0.3855766     95.923    12.7323    315.315 0.0000e+00
     94.045     4.0187 183.001239     2.0769 1.0000e-12     0.1045    97.4217 6.2271e-02 1.9691e+00  0.3859924     95.899    12.7320    315.306 0.0000e+00
     94.019     4.0200 182.965418     2.0769 1.0000e-12     0.1056    97.3955 6.3492e-02 1.9691e+00  0.3855766     95.873    12.7315    315.230 0.0000e+00
     93.994     4.0208 183.037055     2.0781 1.0000e-12     0.1056    97.3955 6.3492e-02 1.9691e+00  0.3855766     95.847    12.7406    315.344 0.0000e+00
     93.970     4.0211 183.048994     2.0781 1.0000e-12     0.1045    97.4217 6.3492e-02 1.9691e+00  0.3855766     95.823    12.7403    315.362 0.0000e+00
     93.946     4.0212 183.013175     2.0781 1.0000e-12     0.1045    97.4217 6.3492e-02 1.9691e+00  0.3855766     95.798    12.7416    315.299 0.0000e+00
     93.923     4.0216 183.048993     2.0769 1.0000e-12     0.1045    97.4217 6.3492e-02 1.9691e+00  0.3859924     95.775    12.7332    315.356 0.0000e+00
     93.900     4.0214 183.060933     2.0781 1.0000e-12     0.1045    97.4217 6.1050e-02 1.9691e+00  0.3859924     95.751    12.7426    315.379 0.0000e+00
     93.876     4.0220 183.001234     2.0781 1.0000e-12     0.1045    97.4217 5.9829e-02 1.9691e+00  0.3855766     95.727    12.7421    315.270 0.0000e+00
     93.851     4.0224 183.072871     2.0781 1.0000e-12     0.1045    97.4217 5.8608e-02 1.9691e+00  0.3855766     95.701    12.7416    315.389 0.0000e+00
     93.826     4.0222 183.048990     2.0781 1.0000e-12     0.1034    97.4478 5.6166e-02 1.9691e+00  0.3855766     95.676    12.7412    315.350 0.0000e+00
     93.802     4.0216 182.965413     2.0781 1.0000e-12     0.1034    97.4478 5.3724e-02 1.9691e+00  0.3855766     95.651    12.7410    315.212 0.0000e+00
     93.779     4.0210 183.025113     2.0769 1.0000e-12     0.1034    97.4478 5.2503e-02 1.9691e+00  0.3855766     95.628    12.7297    315.322 0.0000e+00
     93.754     4.0205 183.060931     2.0781 1.0000e-12     0.1034    97.4478 5.3724e-02 1.9691e+00  0.3855766     95.602    12.7373    315.389 0.0000e+00
     93.728     4.0200 183.048991     2.0769 1.0000e-12     0.1045    97.4217 6.1050e-02 1.9691e+00  0.3855766     95.576    12.7274    315.374 0.0000e+00
     93.703     4.0197 183.037050     2.0781 1.0000e-12     0.1045    97.4217 6.5934e-02 1.9691e+00  0.3855766     95.550    12.7363    315.356 0.0000e+00
     93.679     4.0206 183.037051     2.0781 1.0000e-12     0.1034    97.4478 6.5934e-02 1.9691e+00  0.3855766     95.526    12.7352    315.347 0.0000e+00
     93.655     4.0216 183.001229     2.0781 1.0000e-12     0.1045    97.4217 6.3492e-02 1.9691e+00  0.3855766     95.502    12.7339    315.274 0.0000e+00
     93.631     4.0221 183.048988     2.0781 1.0000e-12     0.1034    97.4478 6.1050e-02 1.9691e+00  0.3855766     95.477    12.7360    315.351 0.0000e+00
     93.606     4.0231 183.001229     2.0781 1.0000e-12     0.1045    97.4217 5.8608e-02 1.9691e+00  0.3855766     95.452    12.7362    315.258 0.0000e+00
     93.580     4.0238 183.025106     2.0781 1.0000e-12     0.1045    97.4217 5.8608e-02 1.9691e+00  0.3859924     95.425    12.7365    315.291 0.0000e+00
     93.556     4.0248 183.048984     2.0781 1.0000e-12     0.1045    97.4217 5.7387e-02 1.9691e+00  0.3855766     95.401    12.7351    315.322 0.0000e+00
     93.533     4.0251 183.001226     2.0781 1.0000e-12     0.1045    97.4217 5.7387e-02 1.9691e+00  0.3855766     95.377    12.7356    315.236 0.0000e+00
     93.509     4.0251 182.989286     2.0781 1.0000e-12     0.1045    97.4217 5.8608e-02 1.9691e+00  0.3855766     95.353    12.7345    315.215 0.0000e+00
     93.484     4.0251 183.060923     2.0781 1.0000e-12     0.1034    97.4478 5.8608e-02 1.9691e+00  0.3855766     95.327    12.7363    315.339 0.0000e+00
     93.459     4.0256 183.060922     2.0781 1.0000e-12     0.1023    97.4740 5.8608e-02 1.9691e+00  0.3859924     95.302    12.7363    315.333 0.0000e+00
     93.435     4.0257 183.048982     2.0781 1.0000e-12     0.1034    97.4478 5.9829e-02 1.9691e+00  0.3859924     95.277    12.7363    315.312 0.0000e+00
     93.411     4.0257 183.084802     2.0781 1.0000e-12     0.1034    97.4478 6.1050e-02 1.9691e+00  0.3859924     95.253    12.7362    315.373 0.0000e+00
     93.386     4.0257 183.025101     2.0781 1.0000e-12     0.1034    97.4478 5.9829e-02 1.9691e+00  0.3855766     95.227    12.7376    315.271 0.0000e+00
     93.362     4.0243 182.989283     2.0781 1.0000e-12     0.1034    97.4478 5.8608e-02 1.9691e+00  0.3855766     95.203    12.7394    315.224 0.0000e+00
     93.338     4.0229 183.048983     2.0781 1.0000e-12     0.1034    97.4478 5.8608e-02 1.9691e+00  0.3855766     95.178    12.7411    315.342 0.0000e+00
     93.312     4.0230 183.001222     2.0781 1.0000e-12     0.1034    97.4478 6.2271e-02 1.9691e+00  0.3855766     95.152    12.7406    315.259 0.0000e+00
     93.288     4.0241 182.989282     2.0781 1.0000e-12     0.1034    97.4478 6.4713e-02 1.9691e+00  0.3855766     95.127    12.7412    315.226 0.0000e+00
     93.263     4.0249 183.025101     2.0781 1.0000e-12     0.1023    97.4740 6.3492e-02 1.9691e+00  0.3855766     95.102    12.7419    315.279 0.0000e+00
     93.237     4.0258 183.037038     2.0781 1.0000e-12     0.1023    97.4740 6.1050e-02 1.9691e+00  0.3855766     95.075    12.7408    315.290 0.0000e+00
     93.211     4.0265 183.001218     2.0781 1.0000e-12     0.1023    97.4740 5.8608e-02 1.9691e+00  0.3855766     95.049    12.7398    315.221 0.0000e+00
     93.187     4.0270 183.025098     2.0769 1.0000e-12     0.1023    97.4740 5.8608e-02 1.9691e+00  0.3855766     95.024    12.7294    315.256 0.0000e+00
     93.162     4.0279 183.013158     2.0781 1.0000e-12     0.1023    97.4740 5.9829e-02 1.9691e+00  0.3859924     94.999    12.7379    315.226 0.0000e+00
     93.136     4.0286 183.001216     2.0781 1.0000e-12     0.1034    97.4478 5.8608e-02 1.9691e+00  0.3855766     94.972    12.7368    315.198 0.0000e+00
     93.110     4.0286 183.037035     2.0781 1.0000e-12     0.1023    97.4740 5.7387e-02 1.9691e+00  0.3855766     94.946    12.7360    315.260 0.0000e+00
     93.085     4.0294 183.048974     2.0781 1.0000e-12     0.1034    97.4478 5.7387e-02 1.9691e+00  0.3859924     94.920    12.7363    315.272 0.0000e+00
     93.059     4.0294 183.048974     2.0781 1.0000e-12     0.1034    97.4478 5.6166e-02 1.9691e+00  0.3855766     94.894    12.7369    315.272 0.0000e+00
     93.033     4.0294 183.048972     2.0794 1.0000e-12     0.1023    97.4740 5.6166e-02 1.9691e+00  0.3855766     94.867    12.7491    315.272 0.0000e+00
     93.009     4.0300 183.048972     2.0781 1.0000e-12     0.1034    97.4478 5.6166e-02 1.9691e+00  0.3855766     94.843    12.7404    315.265 0.0000e+00
     92.985     4.0299 183.132552     2.0781 1.0000e-12     0.1034    97.4478 5.6166e-02 1.9691e+00  0.3855766     94.818    12.7407    315.410 0.0000e+00
     92.961     4.0305 183.096730     2.0781 1.0000e-12     0.1023    97.4740 5.7387e-02 1.9691e+00  0.3855766     94.794    12.7406    315.342 0.0000e+00
     92.936     4.0305 183.084790     2.0794 1.0000e-12     0.1034    97.4478 5.8608e-02 1.9691e+00  0.3855766     94.768    12.7525    315.321 0.0000e+00
     92.912     4.0308 183.060910     2.0794 1.0000e-12     0.1034    97.4478 5.8608e-02 1.9691e+00  0.3859924     94.744    12.7524    315.277 0.0000e+00
     92.887     4.0306 183.060910     2.0794 1.0000e-12     0.1034    97.4478 5.8608e-02 1.9691e+00  0.3855766     94.718    12.7507    315.279 0.0000e+00
     92.862     4.0310 183.072848     2.0794 1.0000e-12     0.1034    97.4478 5.8608e-02 1.9691e+00  0.3855766     94.693    12.7489    315.295 0.0000e+00
     92.838     4.0311 183.060909     2.0794 1.0000e-12     0.1023    97.4740 5.9829e-02 1.9691e+00  0.3859924     94.668    12.7488    315.274 0.0000e+00
     92.813     4.0313 182.977329     2.0794 1.0000e-12     0.1034    97.4478 6.1050e-02 1.9691e+00  0.3859924     94.643    12.7485    315.128 0.0000e+00
     92.788     4.0316 183.025088     2.0794 1.0000e-12     0.1034    97.4478 6.1050e-02 1.9691e+00  0.3859924     94.617    12.7482    315.207 0.0000e+00
     92.762     4.0318 183.060907     2.0794 1.0000e-12     0.1034    97.4478 5.9829e-02 1.9691e+00  0.3855766     94.591    12.7478    315.266 0.0000e+00
     92.735     4.0319 183.072846     2.0794 1.0000e-12     0.1034    97.4478 5.8608e-02 1.9691e+00  0.3855766     94.563    12.7474    315.286 0.0000e+00
     92.709     4.0318 183.060905     2.0794 1.0000e-12     0.1023    97.4740 5.8608e-02 1.9691e+00  0.3855766     94.537    12.7470    315.266 0.0000e+00
     92.683     4.0320 183.060904     2.0794 1.0000e-12     0.1034    97.4478 5.8608e-02 1.9691e+00  0.3855766     94.510    12.7479    315.264 0.0000e+00
     92.659     4.0321 183.001207     2.0794 1.0000e-12     0.1034    97.4478 5.7387e-02 1.9691e+00  0.3855766     94.486    12.7487    315.160 0.0000e+00
     92.634     4.0320 183.072844     2.0781 1.0000e-12     0.1034    97.4478 5.6166e-02 1.9691e+00  0.3859924     94.460    12.7377    315.284 0.0000e+00
     92.609     4.0319 183.072843     2.0781 1.0000e-12     0.1034    97.4478 5.4945e-02 1.9691e+00  0.3859924     94.435    12.7369    315.285 0.0000e+00
     92.585     4.0324 183.096723     2.0781 1.0000e-12     0.1023    97.4740 5.4945e-02 1.9691e+00  0.3855766     94.410    12.7359    315.321 0.0000e+00
     92.561     4.0321 183.072843     2.0794 1.0000e-12     0.1034    97.4478 5.4945e-02 1.9691e+00  0.3855766     94.386    12.7438    315.283 0.0000e+00
     92.536     4.0320 183.108663     2.0781 1.0000e-12     0.1034    97.4478 5.6166e-02 1.9691e+00  0.3855766     94.360    12.7339    315.346 0.0000e+00
     92.510     4.0318 183.037022     2.0794 1.0000e-12     0.1034    97.4478 5.4945e-02 1.9691e+00  0.3855766     94.334    12.7431    315.225 0.0000e+00
     92.485     4.0316 183.001203     2.0794 1.0000e-12     0.1045    97.4217 5.4945e-02 1.9691e+00  0.3855766     94.308    12.7419    315.165 0.0000e+00
     92.461     4.0314 183.072842     2.0794 1.0000e-12     0.1056    97.3955 5.4945e-02 1.9691e+00  0.3855766     94.284    12.7406    315.291 0.0000e+00
     92.435     4.0311 183.013142     2.0806 1.0000e-12     0.1045    97.4217 5.3724e-02 1.9691e+00  0.3855766     94.257    12.7489    315.191 0.0000e+00
     92.411     4.0306 183.025081     2.0806 1.0000e-12     0.1045    97.4217 5.2503e-02 1.9691e+00  0.3859924     94.233    12.7492    315.217 0.0000e+00
     92.387     4.0305 183.096722     2.0794 1.0000e-12     0.1056    97.3955 5.4945e-02 1.9691e+00  0.3859924     94.209    12.7383    315.342 0.0000e+00
     92.361     4.0305 183.037020     2.0794 1.0000e-12     0.1056    97.3955 5.6166e-02 1.9691e+00  0.3855766     94.182    12.7368    315.239 0.0000e+00
     92.336     4.0297 183.048960     2.0806 1.0000e-12     0.1056    97.3955 5.7387e-02 1.9691e+00  0.3859924     94.156    12.7450    315.268 0.0000e+00
     92.311     4.0295 183.048961     2.0794 1.0000e-12     0.1045    97.4217 5.6166e-02 1.9691e+00  0.3855766     94.131    12.7355    315.270 0.0000e+00
     92.286     4.0294 183.108659     2.0781 1.0000e-12     0.1056    97.3955 5.8608e-02 1.9691e+00  0.3855766     94.106    12.7253    315.374 0.0000e+00
     92.260     4.0300 183.060898     2.0781 1.0000e-12     0.1045    97.4217 6.2271e-02 1.9691e+00  0.3859924     94.079    12.7250    315.286 0.0000e+00
     92.235     4.0310 183.060898     2.0794 1.0000e-12     0.1056    97.3955 6.4713e-02 1.9691e+00  0.3859924     94.054    12.7333    315.275 0.0000e+00
     92.210     4.0319 183.048956     2.0794 1.0000e-12     0.1045    97.4217 6.4713e-02 1.9691e+00  0.3855766     94.028    12.7331    315.244 0.0000e+00
     92.185     4.0321 183.108656     2.0794 1.0000e-12     0.1056    97.3955 6.2271e-02 1.9691e+00  0.3855766     94.003    12.7330    315.345 0.0000e+00
     92.160     4.0316 183.072836     2.0794 1.0000e-12     0.1045    97.4217 5.9829e-02 1.9691e+00  0.3859924     93.977    12.7333    315.289 0.0000e+00
     92.135     4.0318 183.048956     2.0794 1.0000e-12     0.1045    97.4217 5.8608e-02 1.9691e+00  0.3859924     93.952    12.7333    315.245 0.0000e+00
     92.111     4.0316 183.060896     2.0794 1.0000e-12     0.1056    97.3955 5.9829e-02 1.9691e+00  0.3855766     93.927    12.7318    315.268 0.0000e+00
     92.085     4.0314 183.096714     2.0806 1.0000e-12     0.1056    97.3955 5.9829e-02 1.9691e+00  0.3855766     93.901    12.7415    315.332 0.0000e+00
     92.060     4.0314 183.108653     2.0806 1.0000e-12     0.1056    97.3955 5.9829e-02 1.9691e+00  0.3855766     93.875    12.7416    315.353 0.0000e+00
     92.036     4.0321 183.096713     2.0794 1.0000e-12     0.1045    97.4217 5.8608e-02 1.9691e+00  0.3855766     93.851    12.7320    315.324 0.0000e+00
     92.013     4.0325 183.025074     2.0794 1.0000e-12     0.1045    97.4217 5.8608e-02 1.9691e+00  0.3855766     93.827    12.7303    315.197 0.0000e+00
     91.987     4.0327 183.037013     2.0794 1.0000e-12     0.1056    97.3955 6.1050e-02 1.9691e+00  0.3855766     93.801    12.7286    315.215 0.0000e+00
     91.963     4.0325 183.013133     2.0794 1.0000e-12     0.1045    97.4217 6.3492e-02 1.9691e+00  0.3859924     93.776    12.7270    315.176 0.0000e+00
     91.939     4.0332 183.072831     2.0806 1.0000e-12     0.1045    97.4217 6.5934e-02 1.9691e+00  0.3859924     93.752    12.7362    315.271 0.0000e+00
     91.915     4.0339 183.072831     2.0794 1.0000e-12     0.1056    97.3955 6.7155e-02 1.9691e+00  0.3855766     93.727    12.7247    315.264 0.0000e+00
     91.888     4.0337 183.108649     2.0794 1.0000e-12     0.1056    97.3955 6.5934e-02 1.9691e+00  0.3855766     93.700    12.7246    315.328 0.0000e+00
     91.862     4.0336 183.060889     2.0794 1.0000e-12     0.1045    97.4217 6.8376e-02 1.9691e+00  0.3855766     93.673    12.7245    315.246 0.0000e+00
     91.837     4.0343 183.060890     2.0794 1.0000e-12     0.1045    97.4217 6.8376e-02 1.9691e+00  0.3855766     93.648    12.7241    315.239 0.0000e+00
     91.812     4.0341 183.084767     2.0794 1.0000e-12     0.1056    97.3955 6.5934e-02 1.9691e+00  0.3855766     93.622    12.7256    315.282 0.0000e+00
     91.788     4.0345 183.072828     2.0794 1.0000e-12     0.1056    97.3955 6.3492e-02 1.9691e+00  0.3855766     93.598    12.7269    315.257 0.0000e+00
     91.764     4.0349 183.072827     2.0794 1.0000e-12     0.1056    97.3955 6.3492e-02 1.9691e+00  0.3855766     93.573    12.7267    315.253 0.0000e+00
