data/05_metadata_exports/SeabirdData/202305_SeabirdData/83345_stn40.cnv
* Sea-Bird SBE 9 Data File:
* FileName = C:\Users\rosette\Rosette Data\2023\Ontario CSMI\stn40.hex
* Software Version Seasave V 7.26.6.26
* Temperature SN = 5270
* Conductivity SN = 1168
* Number of Bytes Per Scan = 40
* Number of Voltage Words = 5
* Number of Scans Averaged by the Deck Unit = 1
* NMEA Latitude = 43 35.52 N
* NMEA Longitude = 078 00.75 W
* NMEA UTC (Time) = Oct 02 2003  02:58:47
* NMEA baud rate = 4800
** Ship: Lake Guardian
** Ontario CSMI LWFS
** Station:  stn40
# nquan = 14                                
# nvalues = 23565                       
# units = specified
# name 0 = prDM: Pressure, Digiquartz [db]
# name 1 = t090C: Temperature [ITS-90, deg C]
# name 2 = c0uS/cm: Conductivity [uS/cm]
# name 3 = sbeox0V: Oxygen raw, SBE 43 [V]
# name 4 = par: PAR/Irradiance, Biospherical/Licor
# name 5 = bat: Beam Attenuation, Chelsea/Seatech [1/m]
# name 6 = xmiss: Beam Transmission, Chelsea/Seatech [%]
# name 7 = flSP: Fluorescence, Seapoint
# name 8 = spar: SPAR, Biospherical/Licor
# name 9 = upoly0: Upoly 0, Suna Nitrate
# name 10 = depFM: Depth [fresh water, m], lat = 43.592
# name 11 = sbeox0Mg/L: Oxygen, SBE 43 [mg/l], WS = 2
# name 12 = specc: Specific Conductance [uS/cm]
# name 13 = flag: flag
# span 0 =     -0.176,    177.748       
# span 1 =     3.8015,     5.5045       
# span 2 =  37.627459, 395.157190       
# span 3 =     1.7558,     2.2418       
# span 4 = 1.0000e-12, 2.4625e+00       
# span 5 =     0.0153,     1.9153       
# span 6 =    61.9505,    99.6174       
# span 7 = 3.4188e-02, 1.0379e+00       
# span 8 = 0.0000e+00, 1.9691e+00       
# span 9 =  0.0737546,  0.3905657       
# span 10 =     -0.179,    181.252      
# span 11 =     9.6135,    13.6391      
# span 12 =     61.813,    647.798      
# span 13 = 0.0000e+00, 0.0000e+00      
# interval = seconds: 0.0416667
# start_time = Oct 02 2003 02:58:47 [NMEA time, header]
# bad_flag = -9.990e-29
*END*
[from data line 8981]
    102.052     3.9661 182.750679     2.0745 1.0000e-12     0.1034    97.4478 5.1282e-02 1.9691e+00  0.3826663    104.064    12.7218    315.446 0.0000e+00
    102.074     3.9660 182.762619     2.0745 1.0000e-12     0.1034    97.4478 5.1282e-02 1.9691e+00  0.3826663    104.086    12.7200    315.467 0.0000e+00
    102.095     3.9660 182.738741     2.0745 1.0000e-12     0.1034    97.4478 5.1282e-02 1.9691e+00  0.3826663    104.108    12.7197    315.426 0.0000e+00
    102.115     3.9661 182.738741     2.0745 1.0000e-12     0.1034    97.4478 5.1282e-02 1.9691e+00  0.3826663    104.128    12.7210    315.425 0.0000e+00
    102.135     3.9660 182.714861     2.0745 1.0000e-12     0.1034    97.4478 5.0061e-02 1.9691e+00  0.3826663    104.149    12.7209    315.385 0.0000e+00
    102.156     3.9660 182.750681     2.0733 1.0000e-12     0.1034    97.4478 5.1282e-02 1.9691e+00  0.3826663    104.170    12.7112    315.447 0.0000e+00
    102.178     3.9658 182.750682     2.0757 1.0000e-12     0.1023    97.4740 5.1282e-02 1.9691e+00  0.3826663    104.193    12.7287    315.449 0.0000e+00
    102.199     3.9659 182.738742     2.0745 1.0000e-12     0.1023    97.4740 5.1282e-02 1.9691e+00  0.3826663    104.214    12.7206    315.427 0.0000e+00
    102.219     3.9660 182.714864     2.0745 1.0000e-12     0.1034    97.4478 5.1282e-02 1.9691e+00  0.3826663    104.234    12.7206    315.385 0.0000e+00
    102.240     3.9658 182.714863     2.0745 1.0000e-12     0.1034    97.4478 5.1282e-02 1.9691e+00  0.3826663    104.256    12.7193    315.387 0.0000e+00
    102.262     3.9657 182.750684     2.0745 1.0000e-12     0.1034    97.4478 5.1282e-02 1.9691e+00  0.3826663    104.278    12.7180    315.450 0.0000e+00
    102.283     3.9657 182.738744     2.0757 1.0000e-12     0.1023    97.4740 5.1282e-02 1.9691e+00  0.3830820    104.300    12.7293    315.430 0.0000e+00
    102.303     3.9655 182.702926     2.0745 1.0000e-12     0.1023    97.4740 5.1282e-02 1.9691e+00  0.3834978    104.320    12.7186    315.370 0.0000e+00
    102.324     3.9655 182.750684     2.0745 1.0000e-12     0.1023    97.4740 5.1282e-02 1.9691e+00  0.3834978    104.341    12.7190    315.452 0.0000e+00
    102.346     3.9655 182.702927     2.0733 1.0000e-12     0.1023    97.4740 5.1282e-02 1.9691e+00  0.3834978    104.364    12.7083    315.370 0.0000e+00
    102.368     3.9652 182.750685     2.0757 1.0000e-12     0.1023    97.4740 5.2503e-02 1.9691e+00  0.3834978    104.386    12.7279    315.456 0.0000e+00
    102.390     3.9653 182.738747     2.0745 1.0000e-12     0.1023    97.4740 5.1282e-02 1.9691e+00  0.3834978    104.409    12.7174    315.434 0.0000e+00
    102.412     3.9653 182.714867     2.0745 1.0000e-12     0.1023    97.4740 5.1282e-02 1.9691e+00  0.3834978    104.431    12.7165    315.393 0.0000e+00
    102.435     3.9655 182.690990     2.0745 1.0000e-12     0.1023    97.4740 5.0061e-02 1.9691e+00  0.3834978    104.455    12.7156    315.349 0.0000e+00
    102.457     3.9650 182.726808     2.0745 1.0000e-12     0.1034    97.4478 5.0061e-02 1.9691e+00  0.3834978    104.477    12.7166    315.417 0.0000e+00
    102.478     3.9652 182.786505     2.0745 1.0000e-12     0.1034    97.4478 5.0061e-02 1.9691e+00  0.3834978    104.498    12.7189    315.517 0.0000e+00
    102.499     3.9652 182.714869     2.0733 1.0000e-12     0.1034    97.4478 5.0061e-02 1.9691e+00  0.3834978    104.520    12.7088    315.394 0.0000e+00
    102.521     3.9650 182.774567     2.0733 1.0000e-12     0.1023    97.4740 5.0061e-02 1.9691e+00  0.3834978    104.542    12.7083    315.499 0.0000e+00
    102.543     3.9652 182.738749     2.0745 1.0000e-12     0.1034    97.4478 5.0061e-02 1.9691e+00  0.3834978    104.565    12.7189    315.435 0.0000e+00
    102.566     3.9650 182.726810     2.0733 1.0000e-12     0.1034    97.4478 5.1282e-02 1.9691e+00  0.3834978    104.588    12.7091    315.417 0.0000e+00
    102.588     3.9650 182.714871     2.0733 1.0000e-12     0.1034    97.4478 5.2503e-02 1.9691e+00  0.3834978    104.611    12.7088    315.396 0.0000e+00
    102.610     3.9652 182.714872     2.0733 1.0000e-12     0.1034    97.4478 5.2503e-02 1.9691e+00  0.3834978    104.633    12.7085    315.394 0.0000e+00
    102.631     3.9650 182.714871     2.0745 1.0000e-12     0.1034    97.4478 5.2503e-02 1.9691e+00  0.3834978    104.654    12.7180    315.396 0.0000e+00
    102.654     3.9650 182.750690     2.0745 1.0000e-12     0.1023    97.4740 5.2503e-02 1.9691e+00  0.3834978    104.678    12.7179    315.458 0.0000e+00
    102.676     3.9647 182.738752     2.0745 1.0000e-12     0.1034    97.4478 5.1282e-02 1.9691e+00  0.3834978    104.700    12.7180    315.440 0.0000e+00
    102.698     3.9646 182.738752     2.0733 1.0000e-12     0.1023    97.4740 5.1282e-02 1.9691e+00  0.3834978    104.723    12.7070    315.442 0.0000e+00
    102.718     3.9646 182.702934     2.0745 1.0000e-12     0.1034    97.4478 5.1282e-02 1.9691e+00  0.3834978    104.743    12.7181    315.380 0.0000e+00
    102.739     3.9644 182.726814     2.0733 1.0000e-12     0.1034    97.4478 5.1282e-02 1.9691e+00  0.3834978    104.765    12.7088    315.423 0.0000e+00
    102.760     3.9641 182.690995     2.0733 1.0000e-12     0.1034    97.4478 5.0061e-02 1.9691e+00  0.3834978    104.786    12.7091    315.365 0.0000e+00
    102.781     3.9642 182.726815     2.0733 1.0000e-12     0.1023    97.4740 5.0061e-02 1.9691e+00  0.3834978    104.807    12.7094    315.425 0.0000e+00
    102.802     3.9644 182.750693     2.0745 1.0000e-12     0.1034    97.4478 5.1282e-02 1.9691e+00  0.3834978    104.829    12.7176    315.464 0.0000e+00
    102.823     3.9639 182.750693     2.0733 1.0000e-12     0.1023    97.4740 5.1282e-02 1.9691e+00  0.3834978    104.850    12.7117    315.470 0.0000e+00
    102.844     3.9639 182.679059     2.0745 1.0000e-12     0.1023    97.4740 5.1282e-02 1.9691e+00  0.3834978    104.872    12.7218    315.346 0.0000e+00
    102.865     3.9637 182.690997     2.0733 1.0000e-12     0.1023    97.4740 5.1282e-02 1.9691e+00  0.3834978    104.893    12.7129    315.369 0.0000e+00
    102.887     3.9637 182.702938     2.0733 1.0000e-12     0.1034    97.4478 5.1282e-02 1.9691e+00  0.3834978    104.916    12.7104    315.390 0.0000e+00
    102.910     3.9639 182.786514     2.0733 1.0000e-12     0.1023    97.4740 5.1282e-02 1.9691e+00  0.3834978    104.939    12.7126    315.532 0.0000e+00
    102.931     3.9641 182.738756     2.0733 1.0000e-12     0.1023    97.4740 5.1282e-02 1.9691e+00  0.3834978    104.960    12.7134    315.447 0.0000e+00
    102.953     3.9637 182.726817     2.0733 1.0000e-12     0.1023    97.4740 5.0061e-02 1.9691e+00  0.3834978    104.983    12.7145    315.431 0.0000e+00
    102.975     3.9636 182.702940     2.0733 1.0000e-12     0.1013    97.5001 5.0061e-02 1.9691e+00  0.3834978    105.005    12.7155    315.391 0.0000e+00
    102.996     3.9639 182.750697     2.0745 1.0000e-12     0.1023    97.4740 5.0061e-02 1.9691e+00  0.3834978    105.027    12.7259    315.470 0.0000e+00
    103.017     3.9637 182.774576     2.0733 1.0000e-12     0.1023    97.4740 5.0061e-02 1.9691e+00  0.3834978    105.048    12.7176    315.513 0.0000e+00
    103.039     3.9637 182.738759     2.0733 1.0000e-12     0.1023    97.4740 5.1282e-02 1.9691e+00  0.3834978    105.071    12.7172    315.451 0.0000e+00
    103.061     3.9639 182.714880     2.0733 1.0000e-12     0.1013    97.5001 5.1282e-02 1.9691e+00  0.3834978    105.093    12.7167    315.408 0.0000e+00
    103.082     3.9639 182.738759     2.0733 1.0000e-12     0.1023    97.4740 5.1282e-02 1.9691e+00  0.3834978    105.114    12.7179    315.449 0.0000e+00
    103.103     3.9639 182.762638     2.0733 1.0000e-12     0.1023    97.4740 5.1282e-02 1.9691e+00  0.3834978    105.136    12.7175    315.490 0.0000e+00
    103.124     3.9636 182.679063     2.0733 1.0000e-12     0.1034    97.4478 5.1282e-02 1.9691e+00  0.3834978    105.157    12.7173    315.349 0.0000e+00
    103.145     3.9637 182.667124     2.0733 1.0000e-12     0.1034    97.4478 5.1282e-02 1.9691e+00  0.3834978    105.179    12.7170    315.328 0.0000e+00
    103.166     3.9636 182.726821     2.0733 1.0000e-12     0.1023    97.4740 5.1282e-02 1.9691e+00  0.3834978    105.200    12.7166    315.432 0.0000e+00
    103.187     3.9634 182.714883     2.0733 1.0000e-12     0.1023    97.4740 5.0061e-02 1.9691e+00  0.3834978    105.221    12.7180    315.413 0.0000e+00
    103.207     3.9636 182.691003     2.0733 1.0000e-12     0.1034    97.4478 4.8840e-02 1.9691e+00  0.3834978    105.242    12.7194    315.370 0.0000e+00
    103.228     3.9636 182.726822     2.0733 1.0000e-12     0.1034    97.4478 4.8840e-02 1.9691e+00  0.3834978    105.263    12.7193    315.432 0.0000e+00
    103.249     3.9634 182.738763     2.0733 1.0000e-12     0.1034    97.4478 5.0061e-02 1.9691e+00  0.3834978    105.285    12.7208    315.455 0.0000e+00
    103.270     3.9636 182.786520     2.0733 1.0000e-12     0.1045    97.4217 5.1282e-02 1.9691e+00  0.3834978    105.306    12.7208    315.535 0.0000e+00
    103.291     3.9634 182.774580     2.0733 1.0000e-12     0.1045    97.4217 5.0061e-02 1.9691e+00  0.3834978    105.327    12.7208    315.516 0.0000e+00
    103.313     3.9637 182.702946     2.0720 1.0000e-12     0.1034    97.4478 5.0061e-02 1.9691e+00  0.3834978    105.350    12.7104    315.390 0.0000e+00
    103.336     3.9634 182.726824     2.0745 1.0000e-12     0.1045    97.4217 5.0061e-02 1.9691e+00  0.3834978    105.373    12.7319    315.434 0.0000e+00
    103.357     3.9634 182.738765     2.0733 1.0000e-12     0.1034    97.4478 5.0061e-02 1.9691e+00  0.3834978    105.395    12.7224    315.455 0.0000e+00
    103.378     3.9631 182.679067     2.0733 1.0000e-12     0.1045    97.4217 5.1282e-02 1.9691e+00  0.3834978    105.416    12.7241    315.355 0.0000e+00
    103.400     3.9634 182.726825     2.0720 1.0000e-12     0.1034    97.4478 5.1282e-02 1.9691e+00  0.3834978    105.439    12.7138    315.434 0.0000e+00
    103.422     3.9636 182.691008     2.0733 1.0000e-12     0.1045    97.4217 5.1282e-02 1.9691e+00  0.3834978    105.461    12.7225    315.370 0.0000e+00
    103.443     3.9633 182.726825     2.0733 1.0000e-12     0.1034    97.4478 5.2503e-02 1.9691e+00  0.3834978    105.482    12.7228    315.435 0.0000e+00
    103.465     3.9634 182.679070     2.0733 1.0000e-12     0.1034    97.4478 5.4945e-02 1.9691e+00  0.3834978    105.505    12.7230    315.352 0.0000e+00
    103.487     3.9636 182.691009     2.0733 1.0000e-12     0.1034    97.4478 5.4945e-02 1.9691e+00  0.3834978    105.527    12.7215    315.370 0.0000e+00
    103.508     3.9636 182.726827     2.0733 1.0000e-12     0.1034    97.4478 5.3724e-02 1.9691e+00  0.3834978    105.549    12.7201    315.432 0.0000e+00
    103.528     3.9634 182.738767     2.0733 1.0000e-12     0.1045    97.4217 5.2503e-02 1.9691e+00  0.3834978    105.569    12.7235    315.455 0.0000e+00
    103.548     3.9639 182.702949     2.0733 1.0000e-12     0.1045    97.4217 5.1282e-02 1.9691e+00  0.3834978    105.590    12.7236    315.387 0.0000e+00
    103.569     3.9636 182.702949     2.0733 1.0000e-12     0.1034    97.4478 5.2503e-02 1.9691e+00  0.3834978    105.611    12.7241    315.391 0.0000e+00
    103.592     3.9631 182.714890     2.0733 1.0000e-12     0.1034    97.4478 5.2503e-02 1.9691e+00  0.3834978    105.634    12.7246    315.417 0.0000e+00
    103.614     3.9623 182.679073     2.0733 1.0000e-12     0.1045    97.4217 5.2503e-02 1.9691e+00  0.3834978    105.657    12.7252    315.364 0.0000e+00
    103.634     3.9619 182.679073     2.0733 1.0000e-12     0.1045    97.4217 5.2503e-02 1.9691e+00  0.3834978    105.677    12.7256    315.368 0.0000e+00
    103.655     3.9609 182.702953     2.0733 1.0000e-12     0.1034    97.4478 5.1282e-02 1.9691e+00  0.3834978    105.699    12.7263    315.420 0.0000e+00
    103.675     3.9607 182.691013     2.0720 1.0000e-12     0.1023    97.4740 5.1282e-02 1.9691e+00  0.3834978    105.719    12.7164    315.402 0.0000e+00
    103.696     3.9604 182.726832     2.0733 1.0000e-12     0.1034    97.4478 5.0061e-02 1.9691e+00  0.3834978    105.740    12.7271    315.467 0.0000e+00
    103.719     3.9600 182.702955     2.0733 1.0000e-12     0.1034    97.4478 5.0061e-02 1.9691e+00  0.3834978    105.764    12.7291    315.430 0.0000e+00
    103.741     3.9600 182.655198     2.0733 1.0000e-12     0.1034    97.4478 5.0061e-02 1.9691e+00  0.3834978    105.786    12.7293    315.347 0.0000e+00
    103.764     3.9596 182.726834     2.0733 1.0000e-12     0.1023    97.4740 5.0061e-02 1.9691e+00  0.3834978    105.810    12.7297    315.475 0.0000e+00
    103.787     3.9591 182.679078     2.0733 1.0000e-12     0.1034    97.4478 4.8840e-02 1.9691e+00  0.3834978    105.833    12.7302    315.398 0.0000e+00
    103.810     3.9585 182.667140     2.0733 1.0000e-12     0.1034    97.4478 4.8840e-02 1.9691e+00  0.3834978    105.857    12.7307    315.384 0.0000e+00
    103.831     3.9581 182.726836     2.0733 1.0000e-12     0.1023    97.4740 4.8840e-02 1.9691e+00  0.3834978    105.878    12.7311    315.492 0.0000e+00
    103.852     3.9574 182.679080     2.0733 1.0000e-12     0.1023    97.4740 4.8840e-02 1.9691e+00  0.3834978    105.900    12.7299    315.417 0.0000e+00
    103.872     3.9569 182.691019     2.0733 1.0000e-12     0.1023    97.4740 4.8840e-02 1.9691e+00  0.3834978    105.920    12.7318    315.443 0.0000e+00
    103.893     3.9558 182.702959     2.0733 1.0000e-12     0.1034    97.4478 5.0061e-02 1.9691e+00  0.3834978    105.941    12.7325    315.476 0.0000e+00
    103.916     3.9548 182.667143     2.0733 1.0000e-12     0.1023    97.4740 4.8840e-02 1.9691e+00  0.3834978    105.965    12.7346    315.425 0.0000e+00
    103.939     3.9541 182.691023     2.0720 1.0000e-12     0.1034    97.4478 4.8840e-02 1.9691e+00  0.3834978    105.988    12.7230    315.474 0.0000e+00
    103.962     3.9533 182.667144     2.0733 1.0000e-12     0.1034    97.4478 4.8840e-02 1.9691e+00  0.3834978    106.012    12.7322    315.441 0.0000e+00
    103.985     3.9525 182.667146     2.0733 1.0000e-12     0.1034    97.4478 4.7619e-02 1.9691e+00  0.3843293    106.035    12.7327    315.450 0.0000e+00
    104.008     3.9519 182.655206     2.0720 1.0000e-12     0.1034    97.4478 4.7619e-02 1.9691e+00  0.3851608    106.059    12.7228    315.436 0.0000e+00
    104.030     3.9516 182.631330     2.0720 1.0000e-12     0.1034    97.4478 4.7619e-02 1.9691e+00  0.3855766    106.081    12.7231    315.398 0.0000e+00
    104.051     3.9511 182.667147     2.0745 1.0000e-12     0.1034    97.4478 4.7619e-02 1.9691e+00  0.3855766    106.102    12.7433    315.465 0.0000e+00
    104.072     3.9506 182.691027     2.0733 1.0000e-12     0.1034    97.4478 4.8840e-02 1.9691e+00  0.3851608    106.124    12.7341    315.512 0.0000e+00
    104.093     3.9503 182.655209     2.0733 1.0000e-12     0.1034    97.4478 4.8840e-02 1.9691e+00  0.3855766    106.145    12.7344    315.453 0.0000e+00
    104.114     3.9507 182.643270     2.0733 1.0000e-12     0.1023    97.4740 4.8840e-02 1.9691e+00  0.3851608    106.167    12.7345    315.428 0.0000e+00
    104.136     3.9514 182.655210     2.0733 1.0000e-12     0.1034    97.4478 4.8840e-02 1.9691e+00  0.3855766    106.189    12.7328    315.441 0.0000e+00
    104.158     3.9520 182.655209     2.0733 1.0000e-12     0.1034    97.4478 4.8840e-02 1.9691e+00  0.3855766    106.212    12.7328    315.435 0.0000e+00
    104.180     3.9524 182.667150     2.0733 1.0000e-12     0.1034    97.4478 5.0061e-02 1.9691e+00  0.3855766    106.234    12.7329    315.451 0.0000e+00
    104.202     3.9533 182.726846     2.0733 1.0000e-12     0.1034    97.4478 4.8840e-02 1.9691e+00  0.3855766    106.256    12.7328    315.544 0.0000e+00
    104.224     3.9534 182.679088     2.0733 1.0000e-12     0.1034    97.4478 4.8840e-02 1.9691e+00  0.3855766    106.279    12.7314    315.461 0.0000e+00
