data/05_metadata_exports/SeabirdData/202305_SeabirdData/83359_stn38.cnv
* Sea-Bird SBE 9 Data File:
* FileName = C:\Users\rosette\Rosette Data\2023\Ontario CSMI\stn38.hex
* Software Version Seasave V 7.26.6.26
* Temperature SN = 5270
* Conductivity SN = 1168
* Number of Bytes Per Scan = 40
* Number of Voltage Words = 5
* Number of Scans Averaged by the Deck Unit = 1
* NMEA Latitude = 43 23.02 N
* NMEA Longitude = 077 59.37 W
* NMEA UTC (Time) = Oct 02 2003  06:23:42
* NMEA baud rate = 4800
** Ship: Lake Guardian
** Ontario CSMI LWFS
** Station:  stn38
# nquan = 14                                
# nvalues = 16778                       
# units = specified
# name 0 = prDM: Pressure, Digiquartz [db]
# name 1 = t090C: Temperature [ITS-90, deg C]
# name 2 = c0uS/cm: Conductivity [uS/cm]
# name 3 = sbeox0V: Oxygen raw, SBE 43 [V]
# name 4 = par: PAR/Irradiance, Biospherical/Licor
# name 5 = bat: Beam Attenuation, Chelsea/Seatech [1/m]
# name 6 = xmiss: Beam Transmission, Chelsea/Seatech [%]
# name 7 = flSP: Fluorescence, Seapoint
# name 8 = spar: SPAR, Biospherical/Licor
# name 9 = upoly0: Upoly 0, Suna Nitrate
# name 10 = depFM: Depth [fresh water, m], lat = 43.3837
# name 11 = sbeox0Mg/L: Oxygen, SBE 43 [mg/l], WS = 2
# name 12 = specc: Specific Conductance [uS/cm]
# name 13 = flag: flag
# span 0 =     -0.237,     16.792       
# span 1 =   -98.9762,    99.0000       
# span 2 =  13.450157, 221.841995       
# span 3 =     1.7607,     2.4420       
# span 4 = 1.0000e-12, 2.9433e+00       
# span 5 =     0.8919,     2.4703       
# span 6 =    53.9257,    80.0128       
# span 7 = 3.6630e-02, 2.9072e+00       
# span 8 = 0.0000e+00, 1.9691e+00       
# span 9 =  0.0737546,  0.3099078       
# span 10 =     -0.242,     17.123      
# span 11 =  -800.4727,    31.2573      
# span 12 =  -5816.584,    424.706      
# span 13 = 0.0000e+00, 0.0000e+00      
# interval = seconds: 0.0416667
# start_time = Oct 02 2003 06:23:42 [NMEA time, header]
# bad_flag = -9.990e-29
*END*
[from data line 6504]
     16.733    11.0826 211.997222     2.4005 1.0000e-12     0.9419    79.0195 1.5995e+00 1.9691e+00  0.3040871     17.063    12.4994    293.745 -9.990e-29
     16.733    11.0831 211.985242     2.4005 1.0000e-12     0.9432    78.9934 1.6215e+00 0.0000e+00  0.3040871     17.063    12.4989    293.724 -9.990e-29
     16.733    11.0836 211.985243     2.4005 1.0000e-12     0.9419    79.0195 1.6459e+00 0.0000e+00  0.3040871     17.063    12.4983    293.720 -9.990e-29
     16.732    11.0840 211.985241     2.4005 1.0000e-12     0.9432    78.9934 1.6679e+00 1.9691e+00  0.3040871     17.062    12.4986    293.717 -9.990e-29
     16.732    11.0844 211.961283     2.4017 1.0000e-12     0.9419    79.0195 1.6862e+00 0.0000e+00  0.3040871     17.062    12.5066    293.680 -9.990e-29
     16.733    11.0849 211.961282     2.4017 1.0000e-12     0.9432    78.9934 1.6972e+00 0.0000e+00  0.3040871     17.063    12.5068    293.676 -9.990e-29
     16.733    11.0854 211.961282     2.4005 1.0000e-12     0.9432    78.9934 1.7070e+00 0.0000e+00  0.3040871     17.063    12.4992    293.672 -9.990e-29
     16.733    11.0857 211.997220     2.4005 1.0000e-12     0.9432    78.9934 1.7192e+00 0.0000e+00  0.3040871     17.063    12.4994    293.720 -9.990e-29
     16.732    11.0861 212.021179     2.4005 1.0000e-12     0.9432    78.9934 1.7326e+00 0.0000e+00  0.3040871     17.062    12.4995    293.750 -9.990e-29
     16.732    11.0867 211.973260     2.4005 1.0000e-12     0.9419    79.0195 1.7436e+00 0.0000e+00  0.3040871     17.062    12.4996    293.678 -9.990e-29
     16.732    11.0869 211.961281     2.4005 1.0000e-12     0.9419    79.0195 1.7509e+00 0.0000e+00  0.3040871     17.062    12.4997    293.660 -9.990e-29
     16.733    11.0877 211.961280     2.4005 1.0000e-12     0.9432    78.9934 1.7607e+00 0.0000e+00  0.3040871     17.063    12.4996    293.654 -9.990e-29
     16.733    11.0880 211.925342     2.4005 1.0000e-12     0.9419    79.0195 1.7741e+00 1.9691e+00  0.3040871     17.063    12.5006    293.601 -9.990e-29
     16.734    11.0881 211.949301     2.4005 1.0000e-12     0.9432    78.9934 1.7863e+00 1.9691e+00  0.3040871     17.064    12.4999    293.634 -9.990e-29
     16.733    11.0887 211.937321     2.4005 1.0000e-12     0.9419    79.0195 1.7998e+00 1.9691e+00  0.3040871     17.063    12.4990    293.612 -9.990e-29
     16.733    11.0887 211.949300     2.4005 1.0000e-12     0.9432    78.9934 1.8156e+00 0.0000e+00  0.3045029     17.063    12.4983    293.629 -9.990e-29
     16.732    11.0891 211.961279     2.4005 1.0000e-12     0.9419    79.0195 1.8315e+00 0.0000e+00  0.3036714     17.062    12.4993    293.642 -9.990e-29
     16.732    11.0892 211.973258     2.4005 1.0000e-12     0.9419    79.0195 1.8315e+00 1.9691e+00  0.3032556     17.062    12.5003    293.658 -9.990e-29
     16.733    11.0896 211.961279     2.4017 1.0000e-12     0.9565    78.7320 1.8083e+00 1.9691e+00  0.3028398     17.063    12.5081    293.638 -9.990e-29
     16.734    11.0899 211.925341     2.4017 1.0000e-12     0.9671    78.5229 1.7766e+00 0.0000e+00  0.3032556     17.064    12.5073    293.586 -9.990e-29
     16.734    11.0899 211.973258     2.4005 1.0000e-12     0.9698    78.4706 1.7485e+00 0.0000e+00  0.3028398     17.064    12.4997    293.652 -9.990e-29
     16.734    11.0901 211.985238     2.4005 1.0000e-12     0.9685    78.4967 1.7204e+00 0.0000e+00  0.3028398     17.064    12.4998    293.667 -9.990e-29
     16.734    11.0904 211.985237     2.4017 1.0000e-12     0.9685    78.4967 1.6874e+00 0.0000e+00  0.3028398     17.064    12.5077    293.665 -9.990e-29
     16.734    11.0901 211.913361     2.4017 1.0000e-12     0.9685    78.4967 1.6532e+00 0.0000e+00  0.3032556     17.064    12.5070    293.568 -9.990e-29
     16.734    11.0902 211.865444     2.4017 1.0000e-12     0.9671    78.5229 1.6203e+00 1.9691e+00  0.3028398     17.064    12.5062    293.500 -9.990e-29
     16.733    11.0904 211.937319     2.4005 1.0000e-12     0.9671    78.5229 1.5934e+00 0.0000e+00  0.3032556     17.063    12.4985    293.598 -9.990e-29
     16.734    11.0904 211.985237     2.4005 1.0000e-12     0.9685    78.4967 1.5702e+00 0.0000e+00  0.3032556     17.064    12.4986    293.665 -9.990e-29
     16.735    11.0904 211.937320     2.4017 1.0000e-12     0.9685    78.4967 1.5446e+00 0.0000e+00  0.3032556     17.065    12.5064    293.598 -9.990e-29
     16.736    11.0906 211.949299     2.4017 1.0000e-12     0.9685    78.4967 1.5250e+00 0.0000e+00  0.3032556     17.066    12.5063    293.613 -9.990e-29
     16.737    11.0906 211.973258     2.4017 1.0000e-12     0.9685    78.4967 1.5201e+00 0.0000e+00  0.3032556     17.067    12.5072    293.647 -9.990e-29
     16.738    11.0906 211.937320     2.4017 1.0000e-12     0.9671    78.5229 1.5226e+00 0.0000e+00  0.3032556     17.068    12.5089    293.597 -9.990e-29
     16.739    11.0907 211.949299     2.4017 1.0000e-12     0.9685    78.4967 1.5250e+00 0.0000e+00  0.3032556     17.069    12.5088    293.613 -9.990e-29
     16.740    11.0907 211.937319     2.4017 1.0000e-12     0.9685    78.4967 1.5238e+00 1.9691e+00  0.3028398     17.070    12.5087    293.596 -9.990e-29
     16.741    11.0907 211.901382     2.4017 1.0000e-12     0.9685    78.4967 1.5250e+00 1.9691e+00  0.3032556     17.071    12.5085    293.546 -9.990e-29
     16.741    11.0907 211.937319     2.4017 1.0000e-12     0.9685    78.4967 1.5433e+00 0.0000e+00  0.3028398     17.071    12.5092    293.596 -9.990e-29
     16.740    11.0908 211.925340     2.4005 1.0000e-12     0.9685    78.4967 1.5824e+00 0.0000e+00  0.3028398     17.070    12.5012    293.579 -9.990e-29
     16.740    11.0910 211.925340     2.4017 1.0000e-12     0.9685    78.4967 1.6154e+00 0.0000e+00  0.3032556     17.070    12.5086    293.577 -9.990e-29
     16.740    11.0907 211.949299     2.4005 1.0000e-12     0.9685    78.4967 1.6264e+00 0.0000e+00  0.3032556     17.070    12.5006    293.613 -9.990e-29
     16.740    11.0910 211.937319     2.4005 1.0000e-12     0.9618    78.6274 1.6190e+00 1.9691e+00  0.3032556     17.070    12.5001    293.594 -9.990e-29
     16.741    11.0910 211.973257     2.4005 1.0000e-12     0.9538    78.7843 1.5910e+00 0.0000e+00  0.3032556     17.071    12.5006    293.643 -9.990e-29
     16.742    11.0909 211.985237     2.4017 1.0000e-12     0.9525    78.8104 1.5531e+00 0.0000e+00  0.3032556     17.072    12.5079    293.661 -9.990e-29
     16.743    11.0908 212.021176     2.4017 1.0000e-12     0.9525    78.8104 1.5250e+00 0.0000e+00  0.3032556     17.073    12.5075    293.711 -9.990e-29
     16.743    11.0907 211.997216     2.4017 1.0000e-12     0.9525    78.8104 1.5201e+00 0.0000e+00  0.3036714     17.073    12.5061    293.679 -9.990e-29
     16.742    11.0907 211.961278     2.4005 1.0000e-12     0.9538    78.7843 1.5324e+00 1.9691e+00  0.3040871     17.072    12.4987    293.629 -9.990e-29
     16.742    11.0906 211.961278     2.4005 1.0000e-12     0.9512    78.8365 1.5385e+00 0.0000e+00  0.3040871     17.072    12.4991    293.630 -9.990e-29
     16.743    11.0904 211.973258     2.4017 1.0000e-12     0.9525    78.8104 1.5311e+00 0.0000e+00  0.3040871     17.073    12.5064    293.648 -9.990e-29
     16.744    11.0904 212.009196     2.4017 1.0000e-12     0.9525    78.8104 1.5226e+00 0.0000e+00  0.3040871     17.074    12.5058    293.698 -9.990e-29
     16.745    11.0901 212.033155     2.4005 1.0000e-12     0.9525    78.8104 1.5116e+00 0.0000e+00  0.3040871     17.075    12.4976    293.734 -9.990e-29
     16.747    11.0900 211.997218     2.4005 1.0000e-12     0.9538    78.7843 1.4994e+00 0.0000e+00  0.3040871     17.077    12.4979    293.685 -9.990e-29
     16.747    11.0897 211.961278     2.4017 1.0000e-12     0.9525    78.8104 1.5055e+00 0.0000e+00  0.3040871     17.077    12.5061    293.637 -9.990e-29
     16.747    11.0901 211.913362     2.4017 1.0000e-12     0.9525    78.8104 1.5128e+00 0.0000e+00  0.3040871     17.077    12.5046    293.568 -9.990e-29
     16.746    11.0897 211.937320     2.4017 1.0000e-12     0.9525    78.8104 1.4982e+00 1.9691e+00  0.3040871     17.076    12.5033    293.604 -9.990e-29
     16.745    11.0897 211.961279     2.4017 1.0000e-12     0.9525    78.8104 1.4835e+00 0.0000e+00  0.3040871     17.075    12.5028    293.637 -9.990e-29
     16.745    11.0894 211.961279     2.4017 1.0000e-12     0.9512    78.8365 1.4896e+00 0.0000e+00  0.3040871     17.075    12.5032    293.640 -9.990e-29
     16.745    11.0892 211.961279     2.4029 1.0000e-12     0.9525    78.8104 1.4982e+00 0.0000e+00  0.3040871     17.075    12.5114    293.641 -9.990e-29
     16.746    11.0891 211.985238     2.4017 1.0000e-12     0.9525    78.8104 1.4921e+00 1.9691e+00  0.3040871     17.076    12.5040    293.675 -9.990e-29
     16.748    11.0890 212.009197     2.4017 1.0000e-12     0.9525    78.8104 1.4860e+00 0.0000e+00  0.3045029     17.078    12.5044    293.709 -9.990e-29
     16.750    11.0891 211.949301     2.4017 1.0000e-12     0.9538    78.7843 1.5079e+00 0.0000e+00  0.3040871     17.080    12.5047    293.626 -9.990e-29
     16.750    11.0886 211.997219     2.4029 1.0000e-12     0.9552    78.7581 1.5592e+00 1.9691e+00  0.3040871     17.080    12.5130    293.696 -9.990e-29
     16.750    11.0885 212.021177     2.4017 1.0000e-12     0.9605    78.6536 1.6190e+00 1.9691e+00  0.3040871     17.080    12.5056    293.730 -9.990e-29
     16.748    11.0884 211.985239     2.4017 1.0000e-12     0.9631    78.6013 1.6716e+00 0.0000e+00  0.3040871     17.078    12.5043    293.681 -9.990e-29
     16.748    11.0882 211.961280     2.4017 1.0000e-12     0.9618    78.6274 1.6862e+00 0.0000e+00  0.3040871     17.078    12.5038    293.650 -9.990e-29
     16.749    11.0882 211.925342     2.4017 1.0000e-12     0.9618    78.6274 1.6740e+00 1.9691e+00  0.3040871     17.079    12.5033    293.600 -9.990e-29
     16.749    11.0882 211.997219     2.4029 1.0000e-12     0.9618    78.6274 1.6520e+00 0.0000e+00  0.3040871     17.079    12.5106    293.699 -9.990e-29
     16.749    11.0880 211.949300     2.4017 1.0000e-12     0.9618    78.6274 1.6288e+00 0.0000e+00  0.3040871     17.079    12.5014    293.635 -9.990e-29
     16.749    11.0876 211.997220     2.4017 1.0000e-12     0.9618    78.6274 1.5995e+00 0.0000e+00  0.3045029     17.079    12.5010    293.704 -9.990e-29
     16.748    11.0876 212.033157     2.4005 1.0000e-12     0.9618    78.6274 1.5726e+00 1.9691e+00  0.3045029     17.078    12.4928    293.754 -9.990e-29
     16.748    11.0874 212.009198     2.4017 1.0000e-12     0.9618    78.6274 1.5556e+00 0.0000e+00  0.3045029     17.078    12.5001    293.722 -9.990e-29
     16.748    11.0873 211.985239     2.4017 1.0000e-12     0.9618    78.6274 1.5482e+00 0.0000e+00  0.3045029     17.078    12.4997    293.690 -9.990e-29
     16.748    11.0872 211.985239     2.4017 1.0000e-12     0.9618    78.6274 1.5531e+00 0.0000e+00  0.3049186     17.078    12.4992    293.691 -9.990e-29
     16.749    11.0869 211.937323     2.4017 1.0000e-12     0.9618    78.6274 1.5665e+00 0.0000e+00  0.3053344     17.079    12.4988    293.627 -9.990e-29
     16.748    11.0866 211.961281     2.4005 1.0000e-12     0.9631    78.6013 1.5849e+00 1.9691e+00  0.3049186     17.078    12.4915    293.663 -9.990e-29
     16.748    11.0871 211.985239     2.4017 1.0000e-12     0.9618    78.6274 1.6032e+00 0.0000e+00  0.3049186     17.078    12.4987    293.692 -9.990e-29
     16.749    11.0866 211.961282     2.4017 1.0000e-12     0.9618    78.6274 1.6215e+00 1.9691e+00  0.3049186     17.079    12.4983    293.663 -9.990e-29
     16.749    11.0871 212.021178     2.4005 1.0000e-12     0.9618    78.6274 1.6337e+00 0.0000e+00  0.3049186     17.079    12.4907    293.741 -9.990e-29
     16.750    11.0864 211.973261     2.4005 1.0000e-12     0.9618    78.6274 1.6410e+00 1.9691e+00  0.3053344     17.080    12.4921    293.681 -9.990e-29
     16.751    11.0866 211.961281     2.4005 1.0000e-12     0.9631    78.6013 1.6459e+00 0.0000e+00  0.3053344     17.081    12.4923    293.663 -9.990e-29
     16.752    11.0867 211.973262     2.4017 1.0000e-12     0.9618    78.6274 1.6508e+00 1.9691e+00  0.3049186     17.082    12.5003    293.678 -9.990e-29
     16.752    11.0868 212.009199     2.4017 1.0000e-12     0.9631    78.6013 1.6618e+00 0.0000e+00  0.3049186     17.082    12.5006    293.727 -9.990e-29
     16.751    11.0866 212.045138     2.4017 1.0000e-12     0.9618    78.6274 1.6777e+00 1.9691e+00  0.3049186     17.081    12.5018    293.779 -9.990e-29
     16.750    11.0866 211.949301     2.4017 1.0000e-12     0.9631    78.6013 1.6911e+00 0.0000e+00  0.3049186     17.080    12.5021    293.646 -9.990e-29
     16.749    11.0864 211.961281     2.4017 1.0000e-12     0.9618    78.6274 1.6947e+00 0.0000e+00  0.3049186     17.079    12.5025    293.664 -9.990e-29
     16.750    11.0866 211.961282     2.4017 1.0000e-12     0.9618    78.6274 1.6947e+00 0.0000e+00  0.3053344     17.080    12.5028    293.663 -9.990e-29
     16.749    11.0863 211.961281     2.4017 1.0000e-12     0.9618    78.6274 1.6960e+00 0.0000e+00  0.3053344     17.079    12.5041    293.665 -9.990e-29
     16.748    11.0864 211.961281     2.4005 1.0000e-12     0.9618    78.6274 1.6972e+00 0.0000e+00  0.3049186     17.078    12.4966    293.664 -9.990e-29
     16.748    11.0866 211.985240     2.4005 1.0000e-12     0.9631    78.6013 1.6996e+00 0.0000e+00  0.3049186     17.078    12.4969    293.696 -9.990e-29
     16.747    11.0866 211.985241     2.4017 1.0000e-12     0.9618    78.6274 1.7045e+00 0.0000e+00  0.3053344     17.077    12.5050    293.696 -9.990e-29
     16.747    11.0866 211.985239     2.4017 1.0000e-12     0.9618    78.6274 1.7045e+00 0.0000e+00  0.3053344     17.077    12.5054    293.696 -9.990e-29
     16.747    11.0868 212.021179     2.4005 1.0000e-12     0.9618    78.6274 1.6996e+00 0.0000e+00  0.3049186     17.077    12.4988    293.744 -9.990e-29
     16.748    11.0866 211.997219     2.4005 1.0000e-12     0.9631    78.6013 1.6911e+00 0.0000e+00  0.3049186     17.078    12.5001    293.712 -9.990e-29
     16.749    11.0868 212.009200     2.4005 1.0000e-12     0.9618    78.6274 1.6728e+00 0.0000e+00  0.3053344     17.079    12.5013    293.727 -9.990e-29
     16.748    11.0866 211.973260     2.4005 1.0000e-12     0.9618    78.6274 1.6484e+00 0.0000e+00  0.3049186     17.078    12.5016    293.679 -9.990e-29
     16.747    11.0871 211.973260     2.4017 1.0000e-12     0.9631    78.6013 1.6276e+00 0.0000e+00  0.3053344     17.077    12.5103    293.675 -9.990e-29
     16.747    11.0871 211.913363     2.4017 1.0000e-12     0.9618    78.6274 1.6154e+00 0.0000e+00  0.3053344     17.077    12.5114    293.592 -9.990e-29
     16.746    11.0874 211.937323     2.4005 1.0000e-12     0.9631    78.6013 1.6007e+00 0.0000e+00  0.3053344     17.076    12.5045    293.623 -9.990e-29
     16.744    11.0874 211.961281     2.4017 1.0000e-12     0.9618    78.6274 1.5726e+00 0.0000e+00  0.3045029     17.074    12.5133    293.656 -9.990e-29
     16.742    11.0871 212.033157     2.4017 1.0000e-12     0.9618    78.6274 1.5458e+00 0.0000e+00  0.3045029     17.072    12.5126    293.758 -9.990e-29
     16.742    11.0876 211.997219     2.4017 1.0000e-12     0.9618    78.6274 1.5372e+00 0.0000e+00  0.3045029     17.072    12.5125    293.704 -9.990e-29
     16.743    11.0877 211.985239     2.4017 1.0000e-12     0.9631    78.6013 1.5409e+00 0.0000e+00  0.3045029     17.073    12.5134    293.687 -9.990e-29
     16.743    11.0874 211.985240     2.4029 1.0000e-12     0.9605    78.6536 1.5592e+00 0.0000e+00  0.3045029     17.073    12.5213    293.689 -9.990e-29
     16.741    11.0879 211.961280     2.4017 1.0000e-12     0.9591    78.6797 1.5958e+00 0.0000e+00  0.3045029     17.071    12.5124    293.652 -9.990e-29
     16.740    11.0879 211.961279     2.4017 1.0000e-12     0.9591    78.6797 1.6142e+00 1.9691e+00  0.3045029     17.070    12.5123    293.652 -9.990e-29
