data/05_metadata_exports/SeabirdData/202305_SeabirdData/83359_stn38.cnv
* Sea-Bird SBE 9 Data File:
* FileName = C:\Users\rosette\Rosette Data\2023\Ontario CSMI\stn38.hex
* Software Version Seasave V 7.26.6.26
* Temperature SN = 5270
* Conductivity SN = 1168
* Number of Bytes Per Scan = 40
* Number of Voltage Words = 5
* Number of Scans Averaged by the Deck Unit = 1
* NMEA Latitude = 43 23.02 N
* NMEA Longitude = 077 59.37 W
* NMEA UTC (Time) = Oct 02 2003  06:23:42
* NMEA baud rate = 4800
** Ship: Lake Guardian
** Ontario CSMI LWFS
** Station:  stn38
# nquan = 14                                
# nvalues = 16778                       
# units = specified
# name 0 = prDM: Pressure, Digiquartz [db]
# name 1 = t090C: Temperature [ITS-90, deg C]
# name 2 = c0uS/cm: Conductivity [uS/cm]
# name 3 = sbeox0V: Oxygen raw, SBE 43 [V]
# name 4 = par: PAR/Irradiance, Biospherical/Licor
# name 5 = bat: Beam Attenuation, Chelsea/Seatech [1/m]
# name 6 = xmiss: Beam Transmission, Chelsea/Seatech [%]
# name 7 = flSP: Fluorescence, Seapoint
# name 8 = spar: SPAR, Biospherical/Licor
# name 9 = upoly0: Upoly 0, Suna Nitrate
# name 10 = depFM: Depth [fresh water, m], lat = 43.3837
# name 11 = sbeox0Mg/L: Oxygen, SBE 43 [mg/l], WS = 2
# name 12 = specc: Specific Conductance [uS/cm]
# name 13 = flag: flag
# span 0 =     -0.237,     16.792       
# span 1 =   -98.9762,    99.0000       
# span 2 =  13.450157, 221.841995       
# span 3 =     1.7607,     2.4420       
# span 4 = 1.0000e-12, 2.9433e+00       
# span 5 =     0.8919,     2.4703       
# span 6 =    53.9257,    80.0128       
# span 7 = 3.6630e-02, 2.9072e+00       
# span 8 = 0.0000e+00, 1.9691e+00       
# span 9 =  0.0737546,  0.3099078       
# span 10 =     -0.242,     17.123      
# span 11 =  -800.4727,    31.2573      
# span 12 =  -5816.584,    424.706      
# span 13 = 0.0000e+00, 0.0000e+00      
# interval = seconds: 0.0416667
# start_time = Oct 02 2003 06:23:42 [NMEA time, header]
# bad_flag = -9.990e-29
*END*
[from data line 517]
     -0.127     4.9199  85.827395     2.1600 6.7060e-01     0.9831    78.2092 3.9072e-02 1.9691e+00  0.0928797     -0.130    12.8796    143.423 -9.990e-29
     -0.128     4.9199  49.337103     2.1587 7.1329e-01     0.9845    78.1831 3.9072e-02 1.9691e+00  0.0928797     -0.131    12.8724     82.445 -9.990e-29
     -0.131     4.9200  32.206989     2.1600 1.2425e+00     0.9831    78.2092 3.9072e-02 1.9691e+00  0.0928797     -0.134    12.8823     53.820 -9.990e-29
     -0.136     4.9200  33.907859     2.1600 1.8992e+00     0.9831    78.2092 3.9072e-02 0.0000e+00  0.0928797     -0.139    12.8826     56.662 -9.990e-29
     -0.143     4.9202  36.078439     2.1600 2.0333e+00     0.9818    78.2353 3.9072e-02 0.0000e+00  0.0924639     -0.146    12.8814     60.289 -9.990e-29
     -0.148     4.9202  39.939948     2.1587 1.8936e+00     0.9831    78.2092 3.9072e-02 0.0000e+00  0.0924639     -0.151    12.8717     66.741 -9.990e-29
     -0.152     4.9202  45.612215     2.1612 1.7789e+00     0.9831    78.2092 3.9072e-02 0.0000e+00  0.0924639     -0.155    12.8909     76.220 -9.990e-29
     -0.155     4.9202  49.301844     2.1600 1.7578e+00     0.9818    78.2353 3.9072e-02 0.0000e+00  0.0924639     -0.158    12.8820     82.386 -9.990e-29
     -0.158     4.9205  48.009113     2.1600 1.8936e+00     0.9818    78.2353 3.9072e-02 0.0000e+00  0.0924639     -0.161    12.8825     80.225 -9.990e-29
     -0.160     4.9207  46.305365     2.1587 2.1255e+00     0.9831    78.2092 3.9072e-02 0.0000e+00  0.0924639     -0.163    12.8701     77.377 -9.990e-29
     -0.163     4.9209  43.885465     2.1600 2.1827e+00     0.9831    78.2092 3.7851e-02 1.9691e+00  0.0928797     -0.166    12.8806     73.333 -9.990e-29
     -0.166     4.9209  41.759820     2.1600 2.1827e+00     0.9818    78.2353 3.9072e-02 1.9691e+00  0.0928797     -0.169    12.8825     69.781 -9.990e-29
     -0.165     4.9211  40.879188     2.1600 2.1892e+00     0.9831    78.2092 3.9072e-02 0.0000e+00  0.0924639     -0.168    12.8830     68.309 -9.990e-29
     -0.162     4.9214  41.137497     2.1600 2.1956e+00     0.9831    78.2092 3.9072e-02 1.9691e+00  0.0928797     -0.165    12.8818     68.740 -9.990e-29
     -0.160     4.9214  40.879188     2.1600 2.1444e+00     0.9831    78.2092 3.9072e-02 1.9691e+00  0.0928797     -0.163    12.8823     68.308 -9.990e-29
     -0.157     4.9219  41.830275     2.1600 1.9739e+00     0.9818    78.2353 3.9072e-02 1.9691e+00  0.0928797     -0.160    12.8811     69.896 -9.990e-29
     -0.153     4.9218  40.984859     2.1587 1.9105e+00     0.9818    78.2353 3.9072e-02 1.9691e+00  0.0924639     -0.156    12.8702     68.484 -9.990e-29
     -0.149     4.9222  38.813001     2.1600 1.9564e+00     0.9831    78.2092 3.9072e-02 1.9691e+00  0.0928797     -0.152    12.8805     64.854 -9.990e-29
     -0.147     4.9222  36.242721     2.1600 2.3220e+00     0.9818    78.2353 3.9072e-02 1.9691e+00  0.0928797     -0.150    12.8795     60.559 -9.990e-29
     -0.145     4.9224  33.673235     2.1600 2.5062e+00     0.9818    78.2353 3.9072e-02 1.9691e+00  0.0928797     -0.148    12.8799     56.265 -9.990e-29
     -0.145     4.9227  32.265634     2.1600 2.4989e+00     0.9831    78.2092 3.9072e-02 1.9691e+00  0.0928797     -0.148    12.8788     53.913 -9.990e-29
     -0.147     4.9229  31.831671     2.1600 2.2151e+00     0.9831    78.2092 3.9072e-02 1.9691e+00  0.0928797     -0.150    12.8791     53.187 -9.990e-29
     -0.152     4.9231  32.253905     2.1600 2.0820e+00     0.9818    78.2353 3.9072e-02 1.9691e+00  0.0928797     -0.155    12.8794     53.893 -9.990e-29
     -0.158     4.9230  40.703072     2.1600 2.0697e+00     0.9831    78.2092 3.9072e-02 1.9691e+00  0.0928797     -0.161    12.8792     68.010 -9.990e-29
     -0.163     4.9229  47.868100     2.1600 2.1507e+00     0.9831    78.2092 3.9072e-02 1.9691e+00  0.0928797     -0.166    12.8806     79.983 -9.990e-29
     -0.170     4.9235  57.603585     2.1600 2.2021e+00     0.9818    78.2353 3.9072e-02 1.9691e+00  0.0924639     -0.173    12.8802     96.248 -9.990e-29
     -0.176     4.9234  71.839160     2.1587 2.2151e+00     0.9831    78.2092 3.9072e-02 1.9691e+00  0.0924639     -0.179    12.8683    120.034 -9.990e-29
     -0.181     4.9234  78.901137     2.1600 2.3357e+00     0.9831    78.2092 3.9072e-02 1.9691e+00  0.0928797     -0.185    12.8781    131.833 -9.990e-29
     -0.184     4.9235  66.419964     2.1587 2.4553e+00     0.9831    78.2092 3.9072e-02 1.9691e+00  0.0928797     -0.188    12.8693    110.979 -9.990e-29
     -0.181     4.9240  60.627652     2.1600 2.4770e+00     0.9818    78.2353 3.9072e-02 1.9691e+00  0.0928797     -0.185    12.8798    101.299 -9.990e-29
     -0.177     4.9240  63.346716     2.1600 2.2746e+00     0.9831    78.2092 3.9072e-02 0.0000e+00  0.0928797     -0.180    12.8785    105.842 -9.990e-29
     -0.173     4.9243  53.145959     2.1600 2.0333e+00     0.9831    78.2092 3.9072e-02 1.9691e+00  0.0924639     -0.176    12.8807     88.797 -9.990e-29
     -0.169     4.9243  43.697541     2.1600 1.9798e+00     0.9831    78.2092 3.9072e-02 1.9691e+00  0.0928797     -0.172    12.8817     73.011 -9.990e-29
     -0.168     4.9243  46.046895     2.1587 1.9334e+00     0.9831    78.2092 3.7851e-02 0.0000e+00  0.0928797     -0.171    12.8720     76.936 -9.990e-29
     -0.171     4.9248  44.813401     2.1600 1.8381e+00     0.9831    78.2092 3.9072e-02 0.0000e+00  0.0924639     -0.174    12.8807     74.874 -9.990e-29
     -0.173     4.9246  43.932446     2.1612 1.8110e+00     0.9831    78.2092 3.9072e-02 0.0000e+00  0.0928797     -0.176    12.8903     73.402 -9.990e-29
     -0.174     4.9247  59.003698     2.1600 1.0622e+00     0.9818    78.2353 3.7851e-02 0.0000e+00  0.0928797     -0.177    12.8804     98.583 -9.990e-29
     -0.174     4.9249  64.241491     2.1587 1.7535e-01     0.9831    78.2092 3.9072e-02 1.9691e+00  0.0928797     -0.177    12.8704    107.334 -9.990e-29
     -0.173     4.9249  70.872872     2.1600 6.8897e-02     0.9818    78.2353 3.9072e-02 1.9691e+00  0.0928797     -0.176    12.8787    118.413 -9.990e-29
     -0.172     4.9249  65.913566     2.1600 6.8897e-02     0.9831    78.2092 3.9072e-02 1.9691e+00  0.0928797     -0.175    12.8794    110.127 -9.990e-29
     -0.171     4.9249  51.370628     2.1600 6.4009e-02     0.9818    78.2353 3.9072e-02 0.0000e+00  0.0928797     -0.174    12.8793     85.829 -9.990e-29
     -0.168     4.9251  44.554979     2.1600 6.1141e-02     0.9831    78.2092 3.9072e-02 0.0000e+00  0.0928797     -0.171    12.8771     74.441 -9.990e-29
     -0.169     4.9253  44.378785     2.1600 6.3528e-02     0.9831    78.2092 3.9072e-02 0.0000e+00  0.0928797     -0.172    12.8775     74.146 -9.990e-29
     -0.171     4.9254  43.991173     2.1600 9.7229e-02     0.9818    78.2353 3.9072e-02 1.9691e+00  0.0928797     -0.174    12.8779     73.498 -9.990e-29
     -0.174     4.9254  56.309570     2.1587 1.1587e-01     0.9831    78.2092 3.9072e-02 1.9691e+00  0.0924639     -0.177    12.8676     94.080 -9.990e-29
     -0.175     4.9253  72.852701     2.1600 1.2030e-01     0.9831    78.2092 3.9072e-02 0.0000e+00  0.0928797     -0.178    12.8769    121.719 -9.990e-29
     -0.175     4.9253  79.396523     2.1600 5.5168e-01     0.9831    78.2092 3.9072e-02 1.9691e+00  0.0928797     -0.178    12.8769    132.653 -9.990e-29
     -0.175     4.9253  78.594483     2.1600 1.1977e+00     0.9831    78.2092 3.9072e-02 0.0000e+00  0.0928797     -0.178    12.8774    131.313 -9.990e-29
     -0.174     4.9254  74.396820     2.1600 1.3126e+00     0.9818    78.2353 3.9072e-02 0.0000e+00  0.0928797     -0.177    12.8766    124.299 -9.990e-29
     -0.171     4.9258  67.291511     2.1600 1.3531e+00     0.9831    78.2092 3.9072e-02 0.0000e+00  0.0928797     -0.174    12.8774    112.426 -9.990e-29
     -0.167     4.9257  60.215750     2.1600 1.4160e+00     0.9831    78.2092 3.9072e-02 1.9691e+00  0.0924639     -0.170    12.8784    100.605 -9.990e-29
     -0.162     4.9258  56.497779     2.1600 1.4332e+00     0.9831    78.2092 3.9072e-02 1.9691e+00  0.0928797     -0.165    12.8776     94.393 -9.990e-29
     -0.159     4.9259  53.228269     2.1600 1.2928e+00     0.9831    78.2092 3.9072e-02 1.9691e+00  0.0928797     -0.162    12.8768     88.930 -9.990e-29
     -0.158     4.9259  52.946069     2.1600 1.1438e+00     0.9818    78.2353 3.9072e-02 1.9691e+00  0.0928797     -0.161    12.8758     88.458 -9.990e-29
     -0.159     4.9259 221.841995     2.1600 1.1160e+00     0.9831    78.2092 3.9072e-02 1.9691e+00  0.0928797     -0.162    12.8649    370.638 -9.990e-29
     -0.160     4.9259 119.453728     2.1600 1.3246e+00     0.9831    78.2092 3.9072e-02 1.9691e+00  0.0928797     -0.163    12.8723    199.575 -9.990e-29
     -0.161     4.9260  69.600372     2.1600 1.7630e+00     0.9831    78.2092 3.9072e-02 0.0000e+00  0.0928797     -0.164    12.8759    116.283 -9.990e-29
     -0.163     4.9259  71.391354     2.1600 1.9049e+00     0.9831    78.2092 3.7851e-02 1.9691e+00  0.0928797     -0.166    12.8763    119.276 -9.990e-29
     -0.166     4.9259  71.214595     2.1600 1.8712e+00     0.9831    78.2092 3.7851e-02 1.9691e+00  0.0928797     -0.169    12.8752    118.980 -9.990e-29
     -0.167     4.9258  68.210267     2.1600 1.8164e+00     0.9831    78.2092 3.7851e-02 1.9691e+00  0.0924639     -0.170    12.8744    113.961 -9.990e-29
     -0.166     4.9259  63.852958     2.1600 1.8002e+00     0.9831    78.2092 3.7851e-02 1.9691e+00  0.0928797     -0.169    12.8764    106.681 -9.990e-29
     -0.165     4.9259  59.568516     2.1600 1.6263e+00     0.9831    78.2092 3.9072e-02 0.0000e+00  0.0928797     -0.168    12.8772     99.523 -9.990e-29
     -0.164     4.9259  53.792697     2.1587 1.0170e+00     0.9818    78.2353 3.7851e-02 1.9691e+00  0.0924639     -0.167    12.8666     89.873 -9.990e-29
     -0.165     4.9260  49.348855     2.1600 8.4249e-01     0.9818    78.2353 3.7851e-02 1.9691e+00  0.0928797     -0.168    12.8758     82.448 -9.990e-29
     -0.165     4.9261  49.771977     2.1587 8.1616e-01     0.9831    78.2092 3.9072e-02 1.9691e+00  0.0928797     -0.168    12.8663     83.155 -9.990e-29
     -0.166     4.9259  54.510047     2.1587 6.3429e-01     0.9818    78.2353 3.7851e-02 1.9691e+00  0.0928797     -0.169    12.8651     91.071 -9.990e-29
     -0.166     4.9259  61.804627     2.1600 5.5727e-01     0.9818    78.2353 3.9072e-02 1.9691e+00  0.0928797     -0.169    12.8750    103.259 -9.990e-29
     -0.167     4.9258  67.880446     2.1600 5.5354e-01     0.9818    78.2353 3.9072e-02 0.0000e+00  0.0928797     -0.170    12.8766    113.410 -9.990e-29
     -0.168     4.9259  71.603469     2.1600 5.9968e-01     0.9818    78.2353 3.9072e-02 1.9691e+00  0.0928797     -0.171    12.8768    119.630 -9.990e-29
     -0.169     4.9258  71.155676     2.1600 6.2394e-01     0.9831    78.2092 3.9072e-02 1.9691e+00  0.0928797     -0.172    12.8744    118.882 -9.990e-29
     -0.167     4.9260  68.752145     2.1600 6.2806e-01     0.9818    78.2353 3.9072e-02 1.9691e+00  0.0928797     -0.170    12.8735    114.866 -9.990e-29
     -0.165     4.9256  65.242341     2.1600 6.1780e-01     0.9818    78.2353 3.7851e-02 1.9691e+00  0.0932955     -0.168    12.8744    109.003 -9.990e-29
     -0.163     4.9259  61.180810     2.1587 6.1171e-01     0.9818    78.2353 3.7851e-02 1.9691e+00  0.0928797     -0.166    12.8652    102.216 -9.990e-29
     -0.160     4.9258  57.674173     2.1600 6.0969e-01     0.9818    78.2353 3.9072e-02 1.9691e+00  0.0928797     -0.163    12.8745     96.358 -9.990e-29
     -0.157     4.9258  55.650876     2.1600 6.6190e-01     0.9818    78.2353 3.9072e-02 1.9691e+00  0.0928797     -0.160    12.8752     92.978 -9.990e-29
     -0.154     4.9258  56.827152     2.1600 7.2258e-01     0.9818    78.2353 3.7851e-02 1.9691e+00  0.0928797     -0.157    12.8771     94.943 -9.990e-29
     -0.152     4.9259  61.263199     2.1587 7.3670e-01     0.9805    78.2615 3.7851e-02 1.9691e+00  0.0928797     -0.155    12.8674    102.354 -9.990e-29
     -0.150     4.9258  67.185507     2.1600 7.3907e-01     0.9818    78.2353 3.7851e-02 1.9691e+00  0.0924639     -0.153    12.8775    112.249 -9.990e-29
     -0.149     4.9258  69.223372     2.1600 7.4624e-01     0.9831    78.2092 3.7851e-02 1.9691e+00  0.0924639     -0.152    12.8780    115.654 -9.990e-29
     -0.149     4.9258  67.126617     2.1600 7.4865e-01     0.9818    78.2353 3.9072e-02 1.9691e+00  0.0928797     -0.152    12.8786    112.151 -9.990e-29
     -0.150     4.9256  63.664585     2.1600 7.3907e-01     0.9831    78.2092 3.9072e-02 1.9691e+00  0.0928797     -0.153    12.8781    106.367 -9.990e-29
     -0.152     4.9256  61.639841     2.1600 7.1792e-01     0.9818    78.2353 3.9072e-02 1.9691e+00  0.0924639     -0.155    12.8788    102.984 -9.990e-29
     -0.155     4.9256  62.946451     2.1600 7.1099e-01     0.9818    78.2353 3.9072e-02 0.0000e+00  0.0928797     -0.158    12.8793    105.167 -9.990e-29
     -0.156     4.9255  66.561290     2.1587 7.5833e-01     0.9831    78.2092 3.9072e-02 0.0000e+00  0.0924639     -0.159    12.8698    111.207 -9.990e-29
     -0.159     4.9256  70.778607     2.1600 9.5855e-01     0.9818    78.2353 3.9072e-02 0.0000e+00  0.0928797     -0.162    12.8800    118.253 -9.990e-29
     -0.163     4.9256  73.229864     2.1600 1.0426e+00     0.9818    78.2353 3.9072e-02 1.9691e+00  0.0928797     -0.166    12.8805    122.348 -9.990e-29
     -0.167     4.9253  73.123785     2.1600 1.0266e+00     0.9805    78.2615 3.9072e-02 1.9691e+00  0.0928797     -0.170    12.8812    122.172 -9.990e-29
     -0.170     4.9254  71.191027     2.1587 9.0310e-01     0.9805    78.2615 3.9072e-02 1.9691e+00  0.0928797     -0.173    12.8690    118.943 -9.990e-29
     -0.173     4.9253  69.953825     2.1600 8.5594e-01     0.9818    78.2353 3.9072e-02 1.9691e+00  0.0928797     -0.176    12.8782    116.876 -9.990e-29
     -0.174     4.9251  71.238163     2.1587 8.5324e-01     0.9831    78.2092 3.9072e-02 1.9691e+00  0.0928797     -0.177    12.8675    119.023 -9.990e-29
     -0.177     4.9253  74.090331     2.1600 8.3717e-01     0.9818    78.2353 3.9072e-02 1.9691e+00  0.0928797     -0.180    12.8762    123.787 -9.990e-29
     -0.179     4.9249  76.342106     2.1612 8.2923e-01     0.9818    78.2353 3.9072e-02 1.9691e+00  0.0928797     -0.183    12.8845    127.551 -9.990e-29
     -0.180     4.9251  75.552147     2.1600 8.2923e-01     0.9818    78.2353 3.9072e-02 0.0000e+00  0.0928797     -0.184    12.8759    126.230 -9.990e-29
     -0.178     4.9249  71.650607     2.1587 9.3778e-01     0.9831    78.2092 3.7851e-02 0.0000e+00  0.0928797     -0.182    12.8669    119.713 -9.990e-29
     -0.175     4.9251  67.091283     2.1587 1.0202e+00     0.9831    78.2092 3.7851e-02 1.9691e+00  0.0928797     -0.178    12.8678    112.094 -9.990e-29
     -0.174     4.9248  64.100205     2.1600 1.0330e+00     0.9818    78.2353 3.9072e-02 0.0000e+00  0.0928797     -0.177    12.8772    107.098 -9.990e-29
     -0.171     4.9251  62.393177     2.1600 8.7509e-01     0.9818    78.2353 3.7851e-02 0.0000e+00  0.0928797     -0.174    12.8764    104.245 -9.990e-29
     -0.169     4.9248  61.322048     2.1587 7.4624e-01     0.9818    78.2353 3.9072e-02 1.9691e+00  0.0928797     -0.172    12.8659    102.456 -9.990e-29
     -0.168     4.9249  60.521733     2.1600 7.2491e-01     0.9818    78.2353 3.9072e-02 1.9691e+00  0.0928797     -0.171    12.8750    101.119 -9.990e-29
     -0.168     4.9249  61.051345     2.1612 7.4865e-01     0.9818    78.2353 3.9072e-02 1.9691e+00  0.0928797     -0.171    12.8849    102.004 -9.990e-29
     -0.169     4.9248  65.536731     2.1600 7.7306e-01     0.9818    78.2353 3.9072e-02 1.9691e+00  0.0928797     -0.172    12.8762    109.498 -9.990e-29
     -0.170     4.9246  71.933437     2.1600 7.8051e-01     0.9805    78.2615 3.9072e-02 1.9691e+00  0.0928797     -0.173    12.8751    120.186 -9.990e-29
