data/05_metadata_exports/SeabirdData/202305_SeabirdData/83359_stn38.cnv
* Sea-Bird SBE 9 Data File:
* FileName = C:\Users\rosette\Rosette Data\2023\Ontario CSMI\stn38.hex
* Software Version Seasave V 7.26.6.26
* Temperature SN = 5270
* Conductivity SN = 1168
* Number of Bytes Per Scan = 40
* Number of Voltage Words = 5
* Number of Scans Averaged by the Deck Unit = 1
* NMEA Latitude = 43 23.02 N
* NMEA Longitude = 077 59.37 W
* NMEA UTC (Time) = Oct 02 2003  06:23:42
* NMEA baud rate = 4800
** Ship: Lake Guardian
** Ontario CSMI LWFS
** Station:  stn38
# nquan = 14                                
# nvalues = 16778                       
# units = specified
# name 0 = prDM: Pressure, Digiquartz [db]
# name 1 = t090C: Temperature [ITS-90, deg C]
# name 2 = c0uS/cm: Conductivity [uS/cm]
# name 3 = sbeox0V: Oxygen raw, SBE 43 [V]
# name 4 = par: PAR/Irradiance, Biospherical/Licor
# name 5 = bat: Beam Attenuation, Chelsea/Seatech [1/m]
# name 6 = xmiss: Beam Transmission, Chelsea/Seatech [%]
# name 7 = flSP: Fluorescence, Seapoint
# name 8 = spar: SPAR, Biospherical/Licor
# name 9 = upoly0: Upoly 0, Suna Nitrate
# name 10 = depFM: Depth [fresh water, m], lat = 43.3837
# name 11 = sbeox0Mg/L: Oxygen, SBE 43 [mg/l], WS = 2
# name 12 = specc: Specific Conductance [uS/cm]
# name 13 = flag: flag
# span 0 =     -0.237,     16.792       
# span 1 =   -98.9762,    99.0000       
# span 2 =  13.450157, 221.841995       
# span 3 =     1.7607,     2.4420       
# span 4 = 1.0000e-12, 2.9433e+00       
# span 5 =     0.8919,     2.4703       
# span 6 =    53.9257,    80.0128       
# span 7 = 3.6630e-02, 2.9072e+00       
# span 8 = 0.0000e+00, 1.9691e+00       
# span 9 =  0.0737546,  0.3099078       
# span 10 =     -0.242,     17.123      
# span 11 =  -800.4727,    31.2573      
# span 12 =  -5816.584,    424.706      
# span 13 = 0.0000e+00, 0.0000e+00      
# interval = seconds: 0.0416667
# start_time = Oct 02 2003 06:23:42 [NMEA time, header]
# bad_flag = -9.990e-29
*END*
[from data line 13936]
     13.596    11.2890 211.949099     2.4359 1.0000e-12     0.9711    78.4445 1.7118e+00 1.9691e+00  0.2982664     13.864    12.6483    292.008 -9.990e-29
     13.597    11.2889 211.973058     2.4347 1.0000e-12     0.9711    78.4445 1.7216e+00 1.9691e+00  0.2982664     13.865    12.6408    292.041 -9.990e-29
     13.597    11.2890 211.985037     2.4347 1.0000e-12     0.9711    78.4445 1.7326e+00 0.0000e+00  0.2982664     13.865    12.6411    292.057 -9.990e-29
     13.597    11.2888 211.985037     2.4347 1.0000e-12     0.9711    78.4445 1.7509e+00 0.0000e+00  0.2982664     13.865    12.6415    292.059 -9.990e-29
     13.596    11.2890 211.985036     2.4347 1.0000e-12     0.9725    78.4183 1.7741e+00 0.0000e+00  0.2982664     13.864    12.6419    292.057 -9.990e-29
     13.596    11.2887 211.985037     2.4347 1.0000e-12     0.9725    78.4183 1.7851e+00 0.0000e+00  0.2982664     13.864    12.6424    292.060 -9.990e-29
     13.597    11.2886 211.949099     2.4347 1.0000e-12     0.9698    78.4706 1.7766e+00 0.0000e+00  0.2982664     13.865    12.6429    292.011 -9.990e-29
     13.597    11.2888 211.949098     2.4359 1.0000e-12     0.9711    78.4445 1.7607e+00 0.0000e+00  0.2982664     13.865    12.6510    292.009 -9.990e-29
     13.598    11.2888 212.020975     2.4359 1.0000e-12     0.9711    78.4445 1.7424e+00 0.0000e+00  0.2982664     13.866    12.6515    292.108 -9.990e-29
     13.599    11.2886 211.973059     2.4359 1.0000e-12     0.9698    78.4706 1.7241e+00 0.0000e+00  0.2982664     13.867    12.6522    292.044 -9.990e-29
     13.598    11.2888 211.973058     2.4347 1.0000e-12     0.9698    78.4706 1.7094e+00 0.0000e+00  0.2982664     13.866    12.6450    292.042 -9.990e-29
     13.597    11.2888 211.985036     2.4347 1.0000e-12     0.9698    78.4706 1.7033e+00 0.0000e+00  0.2982664     13.865    12.6456    292.059 -9.990e-29
     13.596    11.2887 212.008996     2.4347 1.0000e-12     0.9711    78.4445 1.7070e+00 0.0000e+00  0.2982664     13.864    12.6454    292.093 -9.990e-29
     13.596    11.2886 211.949099     2.4347 1.0000e-12     0.9711    78.4445 1.7216e+00 0.0000e+00  0.2982664     13.864    12.6444    292.011 -9.990e-29
     13.596    11.2888 211.961077     2.4347 1.0000e-12     0.9711    78.4445 1.7448e+00 0.0000e+00  0.2982664     13.864    12.6442    292.026 -9.990e-29
     13.596    11.2888 211.961078     2.4347 1.0000e-12     0.9711    78.4445 1.7692e+00 0.0000e+00  0.2978507     13.864    12.6440    292.026 -9.990e-29
     13.597    11.2889 211.961078     2.4347 1.0000e-12     0.9711    78.4445 1.7900e+00 0.0000e+00  0.2974349     13.865    12.6448    292.025 -9.990e-29
     13.597    11.2888 211.997017     2.4347 1.0000e-12     0.9698    78.4706 1.8083e+00 0.0000e+00  0.2974349     13.865    12.6447    292.075 -9.990e-29
     13.596    11.2890 211.973057     2.4347 1.0000e-12     0.9698    78.4706 1.8217e+00 1.9691e+00  0.2974349     13.864    12.6446    292.041 -9.990e-29
     13.597    11.2890 211.925140     2.4347 1.0000e-12     0.9711    78.4445 1.8315e+00 0.0000e+00  0.2974349     13.865    12.6445    291.975 -9.990e-29
     13.597    11.2889 211.961078     2.4347 1.0000e-12     0.9698    78.4706 1.8388e+00 0.0000e+00  0.2974349     13.865    12.6453    292.025 -9.990e-29
     13.597    11.2891 211.937119     2.4347 1.0000e-12     0.9711    78.4445 1.8449e+00 0.0000e+00  0.2978507     13.865    12.6460    291.990 -9.990e-29
     13.596    11.2891 211.961077     2.4347 1.0000e-12     0.9711    78.4445 1.8510e+00 0.0000e+00  0.2974349     13.864    12.6476    292.023 -9.990e-29
     13.597    11.2894 211.985037     2.4347 1.0000e-12     0.9711    78.4445 1.8608e+00 1.9691e+00  0.2974349     13.865    12.6482    292.054 -9.990e-29
     13.597    11.2895 211.985037     2.4335 1.0000e-12     0.9725    78.4183 1.8706e+00 0.0000e+00  0.2974349     13.865    12.6402    292.053 -9.990e-29
     13.597    11.2891 211.961078     2.4347 1.0000e-12     0.9671    78.5229 1.8816e+00 1.9691e+00  0.2974349     13.865    12.6488    292.023 -9.990e-29
     13.597    11.2895 211.961078     2.4347 1.0000e-12     0.9658    78.5490 1.8840e+00 0.0000e+00  0.2974349     13.865    12.6494    292.020 -9.990e-29
     13.596    11.2891 211.961078     2.4347 1.0000e-12     0.9658    78.5490 1.8706e+00 0.0000e+00  0.2974349     13.864    12.6502    292.023 -9.990e-29
     13.595    11.2893 211.973056     2.4347 1.0000e-12     0.9658    78.5490 1.8523e+00 0.0000e+00  0.2978507     13.863    12.6507    292.038 -9.990e-29
     13.596    11.2893 211.961078     2.4347 1.0000e-12     0.9658    78.5490 1.8364e+00 1.9691e+00  0.2974349     13.864    12.6505    292.022 -9.990e-29
     13.596    11.2894 211.985037     2.4347 1.0000e-12     0.9658    78.5490 1.8291e+00 1.9691e+00  0.2974349     13.864    12.6510    292.054 -9.990e-29
     13.595    11.2893 211.937119     2.4347 1.0000e-12     0.9658    78.5490 1.8242e+00 0.0000e+00  0.2974349     13.863    12.6508    291.989 -9.990e-29
     13.594    11.2893 211.949098     2.4347 1.0000e-12     0.9658    78.5490 1.8193e+00 0.0000e+00  0.2974349     13.862    12.6514    292.005 -9.990e-29
     13.594    11.2893 211.973057     2.4347 1.0000e-12     0.9658    78.5490 1.8132e+00 0.0000e+00  0.2974349     13.862    12.6528    292.038 -9.990e-29
     13.594    11.2894 212.008996     2.4347 1.0000e-12     0.9658    78.5490 1.8022e+00 0.0000e+00  0.2978507     13.862    12.6543    292.087 -9.990e-29
     13.594    11.2895 211.949097     2.4347 1.0000e-12     0.9645    78.5752 1.7875e+00 0.0000e+00  0.2974349     13.862    12.6549    292.004 -9.990e-29
     13.594    11.2893 211.925140     2.4347 1.0000e-12     0.9658    78.5490 1.7729e+00 0.0000e+00  0.2974349     13.862    12.6546    291.972 -9.990e-29
     13.595    11.2895 211.925140     2.4335 1.0000e-12     0.9645    78.5752 1.7631e+00 0.0000e+00  0.2978507     13.863    12.6466    291.971 -9.990e-29
     13.594    11.2896 211.997016     2.4347 1.0000e-12     0.9658    78.5490 1.7570e+00 1.9691e+00  0.2974349     13.862    12.6540    292.069 -9.990e-29
     13.593    11.2896 211.985035     2.4335 1.0000e-12     0.9658    78.5490 1.7534e+00 0.0000e+00  0.2978507     13.861    12.6468    292.052 -9.990e-29
     13.593    11.2896 211.889202     2.4347 1.0000e-12     0.9658    78.5490 1.7485e+00 0.0000e+00  0.2978507     13.861    12.6542    291.920 -9.990e-29
     13.593    11.2894 211.913161     2.4347 1.0000e-12     0.9645    78.5752 1.7460e+00 0.0000e+00  0.2978507     13.861    12.6540    291.955 -9.990e-29
     13.592    11.2895 211.973057     2.4347 1.0000e-12     0.9658    78.5490 1.7473e+00 0.0000e+00  0.2978507     13.860    12.6536    292.037 -9.990e-29
     13.592    11.2896 211.889201     2.4347 1.0000e-12     0.9658    78.5490 1.7485e+00 0.0000e+00  0.2978507     13.860    12.6533    291.920 -9.990e-29
     13.593    11.2896 211.949098     2.4359 1.0000e-12     0.9658    78.5490 1.7485e+00 0.0000e+00  0.2978507     13.861    12.6607    292.003 -9.990e-29
     13.593    11.2896 211.937119     2.4359 1.0000e-12     0.9645    78.5752 1.7485e+00 0.0000e+00  0.2978507     13.861    12.6604    291.986 -9.990e-29
     13.592    11.2898 212.008995     2.4359 1.0000e-12     0.9631    78.6013 1.7534e+00 0.0000e+00  0.2978507     13.860    12.6600    292.084 -9.990e-29
     13.591    11.2896 211.937118     2.4359 1.0000e-12     0.9618    78.6274 1.7582e+00 1.9691e+00  0.2978507     13.859    12.6597    291.986 -9.990e-29
     13.591    11.2897 212.008995     2.4347 1.0000e-12     0.9618    78.6274 1.7607e+00 0.0000e+00  0.2978507     13.859    12.6517    292.084 -9.990e-29
     13.591    11.2898 211.949097     2.4347 1.0000e-12     0.9618    78.6274 1.7607e+00 0.0000e+00  0.2978507     13.859    12.6505    292.001 -9.990e-29
     13.592    11.2900 211.961078     2.4359 1.0000e-12     0.9618    78.6274 1.7607e+00 1.9691e+00  0.2978507     13.860    12.6578    292.016 -9.990e-29
     13.593    11.2898 211.961078     2.4359 1.0000e-12     0.9618    78.6274 1.7680e+00 0.0000e+00  0.2978507     13.861    12.6575    292.018 -9.990e-29
     13.592    11.2901 212.044934     2.4359 1.0000e-12     0.9618    78.6274 1.7766e+00 0.0000e+00  0.2978507     13.860    12.6570    292.131 -9.990e-29
     13.591    11.2902 211.937118     2.4347 1.0000e-12     0.9631    78.6013 1.7851e+00 0.0000e+00  0.2978507     13.859    12.6498    291.981 -9.990e-29
     13.590    11.2900 212.008995     2.4359 1.0000e-12     0.9631    78.6013 1.7924e+00 0.0000e+00  0.2978507     13.858    12.6580    292.082 -9.990e-29
     13.590    11.2903 211.973056     2.4347 1.0000e-12     0.9618    78.6274 1.8010e+00 0.0000e+00  0.2978507     13.858    12.6498    292.030 -9.990e-29
     13.591    11.2901 211.961077     2.4347 1.0000e-12     0.9618    78.6274 1.8156e+00 0.0000e+00  0.2978507     13.859    12.6494    292.015 -9.990e-29
     13.591    11.2903 211.925139     2.4359 1.0000e-12     0.9618    78.6274 1.8352e+00 0.0000e+00  0.2978507     13.859    12.6567    291.964 -9.990e-29
     13.590    11.2902 211.949098     2.4359 1.0000e-12     0.9618    78.6274 1.8559e+00 0.0000e+00  0.2978507     13.858    12.6563    291.998 -9.990e-29
     13.589    11.2902 211.997016     2.4359 1.0000e-12     0.9618    78.6274 1.8742e+00 0.0000e+00  0.2978507     13.857    12.6558    292.064 -9.990e-29
     13.587    11.2903 212.020973     2.4347 1.0000e-12     0.9618    78.6274 1.8864e+00 0.0000e+00  0.2978507     13.855    12.6477    292.096 -9.990e-29
     13.587    11.2902 211.949097     2.4347 1.0000e-12     0.9631    78.6013 1.8889e+00 0.0000e+00  0.2978507     13.855    12.6473    291.998 -9.990e-29
     13.588    11.2903 211.961077     2.4347 1.0000e-12     0.9618    78.6274 1.8864e+00 1.9691e+00  0.2978507     13.856    12.6460    292.014 -9.990e-29
     13.589    11.2904 211.937119     2.4359 1.0000e-12     0.9618    78.6274 1.8755e+00 0.0000e+00  0.2978507     13.857    12.6532    291.980 -9.990e-29
     13.589    11.2903 211.997014     2.4347 1.0000e-12     0.9618    78.6274 1.8547e+00 0.0000e+00  0.2978507     13.857    12.6450    292.063 -9.990e-29
     13.589    11.2902 211.925139     2.4347 1.0000e-12     0.9658    78.5490 1.8352e+00 1.9691e+00  0.2978507     13.857    12.6454    291.965 -9.990e-29
     13.589    11.2904 211.865243     2.4347 1.0000e-12     0.9698    78.4706 1.8217e+00 0.0000e+00  0.2982664     13.857    12.6447    291.881 -9.990e-29
     13.589    11.2903 211.937117     2.4347 1.0000e-12     0.9698    78.4706 1.8156e+00 0.0000e+00  0.2982664     13.857    12.6442    291.981 -9.990e-29
     13.589    11.2905 211.961077     2.4347 1.0000e-12     0.9698    78.4706 1.8144e+00 1.9691e+00  0.2982664     13.857    12.6436    292.012 -9.990e-29
     13.588    11.2902 211.961077     2.4347 1.0000e-12     0.9711    78.4445 1.8193e+00 0.0000e+00  0.2982664     13.856    12.6440    292.014 -9.990e-29
     13.587    11.2901 211.973056     2.4347 1.0000e-12     0.9711    78.4445 1.8266e+00 0.0000e+00  0.2978507     13.855    12.6452    292.032 -9.990e-29
     13.586    11.2903 211.985036     2.4347 1.0000e-12     0.9711    78.4445 1.8291e+00 1.9691e+00  0.2982664     13.854    12.6455    292.047 -9.990e-29
     13.585    11.2902 211.985035     2.4347 1.0000e-12     0.9698    78.4706 1.8193e+00 0.0000e+00  0.2982664     13.853    12.6459    292.047 -9.990e-29
     13.584    11.2901 211.937119     2.4347 1.0000e-12     0.9711    78.4445 1.8034e+00 0.0000e+00  0.2982664     13.852    12.6463    291.982 -9.990e-29
     13.584    11.2900 211.949097     2.4347 1.0000e-12     0.9698    78.4706 1.7839e+00 0.0000e+00  0.2982664     13.852    12.6459    292.000 -9.990e-29
     13.584    11.2900 211.925139     2.4347 1.0000e-12     0.9711    78.4445 1.7619e+00 0.0000e+00  0.2982664     13.852    12.6462    291.967 -9.990e-29
     13.585    11.2898 211.961078     2.4347 1.0000e-12     0.9711    78.4445 1.7411e+00 0.0000e+00  0.2982664     13.853    12.6467    292.018 -9.990e-29
     13.585    11.2904 211.961076     2.4359 1.0000e-12     0.9711    78.4445 1.7204e+00 0.0000e+00  0.2982664     13.853    12.6556    292.013 -9.990e-29
     13.585    11.2902 211.961077     2.4359 1.0000e-12     0.9711    78.4445 1.7070e+00 0.0000e+00  0.2982664     13.853    12.6560    292.014 -9.990e-29
     13.585    11.2900 211.925138     2.4347 1.0000e-12     0.9698    78.4706 1.7045e+00 0.0000e+00  0.2982664     13.853    12.6496    291.967 -9.990e-29
     13.586    11.2902 211.949098     2.4347 1.0000e-12     0.9711    78.4445 1.7155e+00 0.0000e+00  0.2982664     13.854    12.6491    291.998 -9.990e-29
     13.587    11.2903 211.973056     2.4347 1.0000e-12     0.9711    78.4445 1.7399e+00 1.9691e+00  0.2982664     13.855    12.6486    292.030 -9.990e-29
     13.588    11.2902 211.961077     2.4347 1.0000e-12     0.9711    78.4445 1.7656e+00 1.9691e+00  0.2982664     13.856    12.6491    292.014 -9.990e-29
     13.588    11.2903 211.961077     2.4347 1.0000e-12     0.9711    78.4445 1.7705e+00 0.0000e+00  0.2982664     13.856    12.6495    292.014 -9.990e-29
     13.589    11.2904 211.973056     2.4347 1.0000e-12     0.9711    78.4445 1.7582e+00 1.9691e+00  0.2982664     13.857    12.6508    292.029 -9.990e-29
     13.589    11.2908 211.961077     2.4347 1.0000e-12     0.9698    78.4706 1.7399e+00 1.9691e+00  0.2982664     13.857    12.6503    292.010 -9.990e-29
     13.589    11.2903 211.961077     2.4347 1.0000e-12     0.9618    78.6274 1.7937e+00 0.0000e+00  0.2982664     13.857    12.6501    292.014 -9.990e-29
     13.589    11.2905 211.961076     2.4347 1.0000e-12     0.9605    78.6536 1.9902e+00 0.0000e+00  0.2982664     13.857    12.6496    292.012 -9.990e-29
     13.589    11.2906 211.985036     2.4359 1.0000e-12     0.9605    78.6536 2.3810e+00 1.9691e+00  0.2982664     13.857    12.6578    292.044 -9.990e-29
     13.589    11.2905 211.985036     2.4359 1.0000e-12     0.9605    78.6536 2.8156e+00 0.0000e+00  0.2982664     13.857    12.6575    292.045 -9.990e-29
     13.588    11.2905 211.985035     2.4347 1.0000e-12     0.9605    78.6536 2.9072e+00 0.0000e+00  0.2982664     13.856    12.6494    292.045 -9.990e-29
     13.588    11.2902 211.985036     2.4347 1.0000e-12     0.9605    78.6536 2.6642e+00 1.9691e+00  0.2982664     13.856    12.6500    292.047 -9.990e-29
     13.589    11.2905 211.937118     2.4347 1.0000e-12     0.9605    78.6536 2.3443e+00 0.0000e+00  0.2982664     13.857    12.6504    291.979 -9.990e-29
     13.589    11.2903 211.949097     2.4347 1.0000e-12     0.9591    78.6797 2.1087e+00 0.0000e+00  0.2990980     13.857    12.6500    291.997 -9.990e-29
     13.590    11.2903 211.985036     2.4359 1.0000e-12     0.9605    78.6536 1.9573e+00 0.0000e+00  0.2995137     13.858    12.6573    292.047 -9.990e-29
     13.590    11.2902 211.985036     2.4347 1.0000e-12     0.9605    78.6536 1.8523e+00 0.0000e+00  0.2995137     13.858    12.6500    292.047 -9.990e-29
     13.591    11.2903 211.985035     2.4347 1.0000e-12     0.9618    78.6274 1.7729e+00 0.0000e+00  0.2995137     13.859    12.6504    292.047 -9.990e-29
     13.591    11.2902 211.961077     2.4359 1.0000e-12     0.9605    78.6536 1.7131e+00 0.0000e+00  0.2995137     13.859    12.6585    292.014 -9.990e-29
     13.592    11.2902 212.020974     2.4347 1.0000e-12     0.9605    78.6536 1.6862e+00 0.0000e+00  0.2995137     13.860    12.6511    292.097 -9.990e-29
     13.592    11.2903 211.973056     2.4347 1.0000e-12     0.9605    78.6536 1.6874e+00 0.0000e+00  0.2995137     13.860    12.6513    292.030 -9.990e-29
     13.593    11.2903 211.937119     2.4347 1.0000e-12     0.9591    78.6797 1.6947e+00 0.0000e+00  0.2995137     13.861    12.6516    291.981 -9.990e-29
     13.594    11.2903 211.901181     2.4359 1.0000e-12     0.9605    78.6536 1.6911e+00 1.9691e+00  0.2995137     13.862    12.6587    291.931 -9.990e-29
