data/05_metadata_exports/SeabirdData/202305_SeabirdData/83359_stn38.cnv
* Sea-Bird SBE 9 Data File:
* FileName = C:\Users\rosette\Rosette Data\2023\Ontario CSMI\stn38.hex
* Software Version Seasave V 7.26.6.26
* Temperature SN = 5270
* Conductivity SN = 1168
* Number of Bytes Per Scan = 40
* Number of Voltage Words = 5
* Number of Scans Averaged by the Deck Unit = 1
* NMEA Latitude = 43 23.02 N
* NMEA Longitude = 077 59.37 W
* NMEA UTC (Time) = Oct 02 2003  06:23:42
* NMEA baud rate = 4800
** Ship: Lake Guardian
** Ontario CSMI LWFS
** Station:  stn38
# nquan = 14                                
# nvalues = 16778                       
# units = specified
# name 0 = prDM: Pressure, Digiquartz [db]
# name 1 = t090C: Temperature [ITS-90, deg C]
# name 2 = c0uS/cm: Conductivity [uS/cm]
# name 3 = sbeox0V: Oxygen raw, SBE 43 [V]
# name 4 = par: PAR/Irradiance, Biospherical/Licor
# name 5 = bat: Beam Attenuation, Chelsea/Seatech [1/m]
# name 6 = xmiss: Beam Transmission, Chelsea/Seatech [%]
# name 7 = flSP: Fluorescence, Seapoint
# name 8 = spar: SPAR, Biospherical/Licor
# name 9 = upoly0: Upoly 0, Suna Nitrate
# name 10 = depFM: Depth [fresh water, m], lat = 43.3837
# name 11 = sbeox0Mg/L: Oxygen, SBE 43 [mg/l], WS = 2
# name 12 = specc: Specific Conductance [uS/cm]
# name 13 = flag: flag
# span 0 =     -0.237,     16.792       
# span 1 =   -98.9762,    99.0000       
# span 2 =  13.450157, 221.841995       
# span 3 =     1.7607,     2.4420       
# span 4 = 1.0000e-12, 2.9433e+00       
# span 5 =     0.8919,     2.4703       
# span 6 =    53.9257,    80.0128       
# span 7 = 3.6630e-02, 2.9072e+00       
# span 8 = 0.0000e+00, 1.9691e+00       
# span 9 =  0.0737546,  0.3099078       
# span 10 =     -0.242,     17.123      
# span 11 =  -800.4727,    31.2573      
# span 12 =  -5816.584,    424.706      
# span 13 = 0.0000e+00, 0.0000e+00      
# interval = seconds: 0.0416667
# start_time = Oct 02 2003 06:23:42 [NMEA time, header]
# bad_flag = -9.990e-29
*END*
[from data line 15794]
      4.876    12.3913 219.834128     2.3455 1.0000e-12     0.9805    78.2615 1.2527e+00 0.0000e+00  0.3040871      4.972    11.7430    293.941 -9.990e-29
      4.875    12.3913 219.870099     2.3443 1.0000e-12     0.9805    78.2615 1.3150e+00 0.0000e+00  0.3045029      4.971    11.7360    293.989 -9.990e-29
      4.874    12.3913 219.858108     2.3443 1.0000e-12     0.9831    78.2092 1.3932e+00 0.0000e+00  0.3053344      4.970    11.7366    293.973 -9.990e-29
      4.875    12.3913 219.834127     2.3443 1.0000e-12     0.9831    78.2092 1.4603e+00 0.0000e+00  0.3057502      4.971    11.7371    293.941 -9.990e-29
      4.875    12.3915 219.798159     2.3443 1.0000e-12     0.9845    78.1831 1.4835e+00 0.0000e+00  0.3057502      4.971    11.7375    293.891 -9.990e-29
      4.875    12.3913 219.870097     2.3443 1.0000e-12     0.9858    78.1569 1.4469e+00 0.0000e+00  0.3057502      4.971    11.7380    293.989 -9.990e-29
      4.875    12.3912 219.822139     2.3443 1.0000e-12     0.9845    78.1831 1.3700e+00 0.0000e+00  0.3057502      4.971    11.7385    293.926 -9.990e-29
      4.874    12.3915 219.834127     2.3455 1.0000e-12     0.9831    78.2092 1.2857e+00 0.0000e+00  0.3057502      4.970    11.7471    293.939 -9.990e-29
      4.875    12.3912 219.894079     2.3443 1.0000e-12     0.9818    78.2353 1.2063e+00 0.0000e+00  0.3057502      4.971    11.7400    294.022 -9.990e-29
      4.877    12.3913 219.822138     2.3443 1.0000e-12     0.9818    78.2353 1.1392e+00 0.0000e+00  0.3057502      4.973    11.7395    293.925 -9.990e-29
      4.878    12.3915 219.798157     2.3443 1.0000e-12     0.9805    78.2615 1.0904e+00 0.0000e+00  0.3057502      4.974    11.7398    293.891 -9.990e-29
      4.879    12.3916 219.822139     2.3443 1.0000e-12     0.9778    78.3138 1.0574e+00 0.0000e+00  0.3057502      4.975    11.7400    293.923 -9.990e-29
      4.879    12.3916 219.834126     2.3443 1.0000e-12     0.9778    78.3138 1.0366e+00 0.0000e+00  0.3057502      4.975    11.7410    293.939 -9.990e-29
      4.881    12.3913 219.834129     2.3443 1.0000e-12     0.9791    78.2876 1.0244e+00 0.0000e+00  0.3057502      4.977    11.7413    293.941 -9.990e-29
      4.883    12.3916 219.834128     2.3443 1.0000e-12     0.9791    78.2876 1.0171e+00 0.0000e+00  0.3057502      4.979    11.7413    293.939 -9.990e-29
      4.883    12.3913 219.846119     2.3443 1.0000e-12     0.9791    78.2876 1.0110e+00 0.0000e+00  0.3057502      4.979    11.7407    293.957 -9.990e-29
      4.882    12.3913 219.882089     2.3443 1.0000e-12     0.9778    78.3138 1.0061e+00 0.0000e+00  0.3057502      4.978    11.7400    294.005 -9.990e-29
      4.880    12.3912 219.858109     2.3443 1.0000e-12     0.9778    78.3138 1.0012e+00 0.0000e+00  0.3057502      4.976    11.7410    293.974 -9.990e-29
      4.879    12.3913 219.834127     2.3443 1.0000e-12     0.9778    78.3138 9.9878e-01 0.0000e+00  0.3057502      4.975    11.7410    293.941 -9.990e-29
      4.880    12.3913 219.798159     2.3443 1.0000e-12     0.9791    78.2876 9.9878e-01 1.9691e+00  0.3057502      4.976    11.7418    293.893 -9.990e-29
      4.880    12.3913 219.834128     2.3455 1.0000e-12     0.9778    78.3138 9.9634e-01 0.0000e+00  0.3057502      4.976    11.7493    293.941 -9.990e-29
      4.880    12.3913 219.882088     2.3443 1.0000e-12     0.9791    78.2876 9.9389e-01 0.0000e+00  0.3057502      4.976    11.7416    294.005 -9.990e-29
      4.881    12.3915 219.846118     2.3455 1.0000e-12     0.9778    78.3138 9.9023e-01 0.0000e+00  0.3057502      4.977    11.7490    293.955 -9.990e-29
      4.883    12.3913 219.834129     2.3455 1.0000e-12     0.9791    78.2876 9.8779e-01 0.0000e+00  0.3057502      4.979    11.7497    293.941 -9.990e-29
      4.882    12.3913 219.846118     2.3455 1.0000e-12     0.9778    78.3138 9.8413e-01 0.0000e+00  0.3057502      4.978    11.7495    293.957 -9.990e-29
      4.881    12.3913 219.858108     2.3455 1.0000e-12     0.9791    78.2876 9.7802e-01 0.0000e+00  0.3057502      4.977    11.7500    293.973 -9.990e-29
      4.880    12.3913 219.810148     2.3455 1.0000e-12     0.9791    78.2876 9.7680e-01 0.0000e+00  0.3057502      4.976    11.7506    293.909 -9.990e-29
      4.880    12.3912 219.834128     2.3455 1.0000e-12     0.9765    78.3399 9.8168e-01 1.9691e+00  0.3061659      4.976    11.7511    293.942 -9.990e-29
      4.879    12.3913 219.834128     2.3455 1.0000e-12     0.9765    78.3399 9.8779e-01 0.0000e+00  0.3061659      4.975    11.7506    293.941 -9.990e-29
      4.879    12.3912 219.798158     2.3455 1.0000e-12     0.9765    78.3399 9.9023e-01 0.0000e+00  0.3065817      4.975    11.7502    293.894 -9.990e-29
      4.877    12.3915 219.774177     2.3455 1.0000e-12     0.9751    78.3660 9.8291e-01 0.0000e+00  0.3061659      4.973    11.7505    293.859 -9.990e-29
      4.876    12.3915 219.834128     2.3468 1.0000e-12     0.9738    78.3922 9.6703e-01 0.0000e+00  0.3061659      4.972    11.7590    293.939 -9.990e-29
      4.875    12.3915 219.894078     2.3455 1.0000e-12     0.9738    78.3922 9.4017e-01 0.0000e+00  0.3061659      4.971    11.7519    294.019 -9.990e-29
      4.875    12.3916 219.822139     2.3443 1.0000e-12     0.9738    78.3922 9.0720e-01 0.0000e+00  0.3061659      4.971    11.7445    293.923 -9.990e-29
      4.875    12.3916 219.822138     2.3455 1.0000e-12     0.9751    78.3660 8.8278e-01 0.0000e+00  0.3061659      4.971    11.7522    293.923 -9.990e-29
      4.873    12.3916 219.870098     2.3455 1.0000e-12     0.9751    78.3660 8.6691e-01 0.0000e+00  0.3061659      4.969    11.7522    293.987 -9.990e-29
      4.872    12.3918 219.846117     2.3468 1.0000e-12     0.9738    78.3922 8.6569e-01 0.0000e+00  0.3065817      4.968    11.7603    293.953 -9.990e-29
      4.872    12.3916 219.834128     2.3455 1.0000e-12     0.9751    78.3660 8.8645e-01 0.0000e+00  0.3061659      4.968    11.7529    293.939 -9.990e-29
      4.873    12.3920 219.762187     2.3455 1.0000e-12     0.9751    78.3660 8.8767e-01 0.0000e+00  0.3061659      4.969    11.7526    293.839 -9.990e-29
      4.873    12.3918 219.870098     2.3443 1.0000e-12     0.9738    78.3922 8.6447e-01 0.0000e+00  0.3061659      4.969    11.7449    293.985 -9.990e-29
      4.872    12.3918 219.822137     2.3443 1.0000e-12     0.9751    78.3660 8.5958e-01 0.0000e+00  0.3061659      4.968    11.7446    293.921 -9.990e-29
      4.871    12.3916 219.870098     2.3468 1.0000e-12     0.9738    78.3922 8.5958e-01 0.0000e+00  0.3065817      4.967    11.7591    293.987 -9.990e-29
      4.870    12.3916 219.822138     2.3455 1.0000e-12     0.9738    78.3922 8.4982e-01 0.0000e+00  0.3061659      4.966    11.7498    293.923 -9.990e-29
      4.868    12.3913 219.834128     2.3468 1.0000e-12     0.9738    78.3922 8.6569e-01 0.0000e+00  0.3065817      4.964    11.7567    293.941 -9.990e-29
      4.866    12.3913 219.834127     2.3455 1.0000e-12     0.9738    78.3922 8.8400e-01 0.0000e+00  0.3065817      4.962    11.7481    293.941 -9.990e-29
      4.866    12.3913 219.846117     2.3455 1.0000e-12     0.9738    78.3922 8.7912e-01 0.0000e+00  0.3061659      4.962    11.7491    293.957 -9.990e-29
      4.868    12.3915 219.810149     2.3455 1.0000e-12     0.9765    78.3399 8.6569e-01 0.0000e+00  0.3061659      4.964    11.7485    293.907 -9.990e-29
      4.868    12.3916 219.798156     2.3468 1.0000e-12     0.9845    78.1831 8.6935e-01 0.0000e+00  0.3061659      4.964    11.7567    293.890 -9.990e-29
      4.868    12.3915 219.870100     2.3455 1.0000e-12     0.9885    78.1046 8.7790e-01 0.0000e+00  0.3061659      4.964    11.7487    293.987 -9.990e-29
      4.867    12.3916 219.858107     2.3455 1.0000e-12     0.9885    78.1046 8.8400e-01 1.9691e+00  0.3061659      4.963    11.7479    293.971 -9.990e-29
      4.867    12.3916 219.858108     2.3468 1.0000e-12     0.9885    78.1046 8.8889e-01 0.0000e+00  0.3065817      4.963    11.7553    293.971 -9.990e-29
      4.867    12.3920 219.834128     2.3468 1.0000e-12     0.9885    78.1046 8.8523e-01 0.0000e+00  0.3061659      4.963    11.7552    293.935 -9.990e-29
      4.866    12.3916 219.846118     2.3455 1.0000e-12     0.9871    78.1308 8.8767e-01 0.0000e+00  0.3065817      4.962    11.7472    293.955 -9.990e-29
      4.865    12.3915 219.858107     2.3455 1.0000e-12     0.9871    78.1308 9.0232e-01 0.0000e+00  0.3065817      4.961    11.7473    293.971 -9.990e-29
      4.865    12.3915 219.786168     2.3468 1.0000e-12     0.9885    78.1046 9.1941e-01 0.0000e+00  0.3065817      4.961    11.7554    293.875 -9.990e-29
      4.865    12.3916 219.834128     2.3468 1.0000e-12     0.9898    78.0785 9.4872e-01 0.0000e+00  0.3065817      4.961    11.7544    293.939 -9.990e-29
      4.864    12.3915 219.882089     2.3468 1.0000e-12     0.9898    78.0785 9.7070e-01 0.0000e+00  0.3061659      4.960    11.7544    294.003 -9.990e-29
      4.863    12.3913 219.858107     2.3468 1.0000e-12     0.9885    78.1046 9.6581e-01 0.0000e+00  0.3061659      4.959    11.7536    293.973 -9.990e-29
      4.863    12.3918 219.834128     2.3468 1.0000e-12     0.9898    78.0785 9.5482e-01 0.0000e+00  0.3061659      4.959    11.7526    293.937 -9.990e-29
      4.863    12.3918 219.918059     2.3468 1.0000e-12     0.9898    78.0785 9.6215e-01 0.0000e+00  0.3061659      4.959    11.7525    294.049 -9.990e-29
      4.863    12.3913 219.882088     2.3468 1.0000e-12     0.9885    78.1046 9.7436e-01 1.9691e+00  0.3061659      4.959    11.7517    294.005 -9.990e-29
      4.864    12.3915 219.834128     2.3480 1.0000e-12     0.9898    78.0785 9.7924e-01 0.0000e+00  0.3061659      4.960    11.7599    293.939 -9.990e-29
      4.865    12.3915 219.870099     2.3468 1.0000e-12     0.9898    78.0785 9.7192e-01 0.0000e+00  0.3061659      4.961    11.7522    293.987 -9.990e-29
      4.864    12.3913 219.906069     2.3468 1.0000e-12     0.9898    78.0785 9.6215e-01 0.0000e+00  0.3061659      4.960    11.7521    294.037 -9.990e-29
      4.863    12.3915 219.870097     2.3468 1.0000e-12     0.9898    78.0785 9.6093e-01 0.0000e+00  0.3061659      4.959    11.7510    293.987 -9.990e-29
      4.864    12.3915 219.834128     2.3455 1.0000e-12     0.9885    78.1046 9.6581e-01 0.0000e+00  0.3061659      4.960    11.7418    293.939 -9.990e-29
      4.865    12.3916 219.834128     2.3455 1.0000e-12     0.9898    78.0785 9.6459e-01 0.0000e+00  0.3061659      4.961    11.7423    293.939 -9.990e-29
      4.864    12.3913 219.834128     2.3455 1.0000e-12     0.9831    78.2092 9.6703e-01 0.0000e+00  0.3061659      4.960    11.7420    293.941 -9.990e-29
      4.863    12.3915 219.846118     2.3468 1.0000e-12     0.9765    78.3399 9.6825e-01 0.0000e+00  0.3061659      4.959    11.7498    293.955 -9.990e-29
      4.861    12.3915 219.882087     2.3480 1.0000e-12     0.9751    78.3660 9.5360e-01 0.0000e+00  0.3061659      4.957    11.7561    294.003 -9.990e-29
      4.861    12.3916 219.822137     2.3468 1.0000e-12     0.9751    78.3660 9.2674e-01 0.0000e+00  0.3061659      4.957    11.7474    293.923 -9.990e-29
      4.863    12.3916 219.834128     2.3468 1.0000e-12     0.9765    78.3399 9.0354e-01 0.0000e+00  0.3061659      4.959    11.7470    293.939 -9.990e-29
      4.865    12.3915 219.834128     2.3468 1.0000e-12     0.9751    78.3660 8.8645e-01 0.0000e+00  0.3061659      4.961    11.7467    293.939 -9.990e-29
      4.865    12.3913 219.846118     2.3455 1.0000e-12     0.9738    78.3922 8.8034e-01 0.0000e+00  0.3061659      4.961    11.7383    293.957 -9.990e-29
      4.864    12.3913 219.834128     2.3455 1.0000e-12     0.9751    78.3660 8.9744e-01 0.0000e+00  0.3061659      4.960    11.7379    293.941 -9.990e-29
      4.863    12.3913 219.846117     2.3468 1.0000e-12     0.9751    78.3660 9.2674e-01 0.0000e+00  0.3061659      4.959    11.7465    293.957 -9.990e-29
      4.864    12.3913 219.834128     2.3468 1.0000e-12     0.9751    78.3660 9.3895e-01 1.9691e+00  0.3061659      4.960    11.7461    293.941 -9.990e-29
      4.864    12.3913 219.798158     2.3468 1.0000e-12     0.9751    78.3660 9.3284e-01 0.0000e+00  0.3061659      4.960    11.7449    293.893 -9.990e-29
      4.865    12.3914 219.834127     2.3468 1.0000e-12     0.9751    78.3660 9.2063e-01 0.0000e+00  0.3061659      4.961    11.7445    293.940 -9.990e-29
      4.865    12.3915 219.858108     2.3455 1.0000e-12     0.9751    78.3660 9.0720e-01 1.9691e+00  0.3061659      4.961    11.7360    293.971 -9.990e-29
      4.866    12.3915 219.810148     2.3455 1.0000e-12     0.9738    78.3922 8.9621e-01 1.9691e+00  0.3061659      4.962    11.7365    293.907 -9.990e-29
      4.865    12.3912 219.882089     2.3455 1.0000e-12     0.9738    78.3922 8.9133e-01 0.0000e+00  0.2995137      4.961    11.7362    294.006 -9.990e-29
      4.865    12.3915 219.846117     2.3468 1.0000e-12     0.9751    78.3660 8.8523e-01 0.0000e+00  0.2878724      4.961    11.7448    293.955 -9.990e-29
      4.867    12.3912 219.870099     2.3468 1.0000e-12     0.9738    78.3922 8.7790e-01 0.0000e+00  0.2845463      4.963    11.7446    293.990 -9.990e-29
      4.867    12.3913 219.846119     2.3455 1.0000e-12     0.9738    78.3922 8.7668e-01 0.0000e+00  0.2845463      4.963    11.7361    293.957 -9.990e-29
      4.866    12.3913 219.834127     2.3468 1.0000e-12     0.9738    78.3922 8.8278e-01 0.0000e+00  0.2853778      4.962    11.7449    293.941 -9.990e-29
      4.866    12.3913 219.834128     2.3468 1.0000e-12     0.9738    78.3922 8.8889e-01 0.0000e+00  0.2853778      4.962    11.7463    293.941 -9.990e-29
      4.866    12.3912 219.798157     2.3468 1.0000e-12     0.9778    78.3138 8.9011e-01 0.0000e+00  0.2853778      4.962    11.7469    293.894 -9.990e-29
      4.868    12.3912 219.882089     2.3468 1.0000e-12     0.9778    78.3138 8.8400e-01 0.0000e+00  0.2853778      4.964    11.7467    294.006 -9.990e-29
      4.869    12.3915 219.822138     2.3468 1.0000e-12     0.9791    78.2876 8.7668e-01 0.0000e+00  0.2853778      4.965    11.7465    293.923 -9.990e-29
      4.869    12.3912 219.930050     2.3468 1.0000e-12     0.9778    78.3138 8.7790e-01 0.0000e+00  0.2853778      4.965    11.7455    294.070 -9.990e-29
      4.869    12.3913 219.870099     2.3468 1.0000e-12     0.9791    78.2876 8.8523e-01 1.9691e+00  0.2853778      4.965    11.7445    293.989 -9.990e-29
      4.868    12.3910 219.870099     2.3455 1.0000e-12     0.9791    78.2876 8.9866e-01 0.0000e+00  0.2853778      4.964    11.7363    293.991 -9.990e-29
      4.867    12.3913 219.846117     2.3455 1.0000e-12     0.9805    78.2615 9.1453e-01 1.9691e+00  0.2853778      4.963    11.7369    293.957 -9.990e-29
      4.868    12.3915 219.870099     2.3455 1.0000e-12     0.9805    78.2615 9.3407e-01 0.0000e+00  0.2853778      4.964    11.7383    293.987 -9.990e-29
      4.868    12.3918 219.846118     2.3468 1.0000e-12     0.9805    78.2615 9.5360e-01 0.0000e+00  0.2853778      4.964    11.7462    293.953 -9.990e-29
      4.868    12.3916 219.846118     2.3455 1.0000e-12     0.9805    78.2615 9.7192e-01 0.0000e+00  0.2857936      4.964    11.7380    293.955 -9.990e-29
      4.868    12.3918 219.858107     2.3468 1.0000e-12     0.9805    78.2615 9.9023e-01 0.0000e+00  0.2857936      4.964    11.7468    293.969 -9.990e-29
      4.869    12.3918 219.858108     2.3468 1.0000e-12     0.9805    78.2615 1.0012e+00 0.0000e+00  0.2853778      4.965    11.7459    293.969 -9.990e-29
      4.871    12.3922 219.858108     2.3468 1.0000e-12     0.9805    78.2615 1.0085e+00 0.0000e+00  0.2853778      4.967    11.7457    293.966 -9.990e-29
      4.872    12.3927 219.810147     2.3455 1.0000e-12     0.9818    78.2353 1.0134e+00 0.0000e+00  0.2853778      4.968    11.7381    293.898 -9.990e-29
      4.873    12.3931 219.882088     2.3455 1.0000e-12     0.9818    78.2353 1.0147e+00 1.9691e+00  0.2853778      4.969    11.7388    293.991 -9.990e-29
