data/05_metadata_exports/SeabirdData/202305_SeabirdData/83366_stn35-day.cnv
* Sea-Bird SBE 9 Data File:
* FileName = C:\Users\rosette\Rosette Data\2023\Ontario CSMI\stn35-day.hex
* Software Version Seasave V 7.26.6.26
* Temperature SN = 5270
* Conductivity SN = 1168
* Number of Bytes Per Scan = 40
* Number of Voltage Words = 5
* Number of Scans Averaged by the Deck Unit = 1
* NMEA Latitude = 43 21.72 N
* NMEA Longitude = 078 43.79 W
* NMEA UTC (Time) = Oct 02 2003  11:54:02
* NMEA baud rate = 4800
** Ship: Lake Guardian
** Ontario CSMI LWFS
** Station:  stn35-day
# nquan = 14                                
# nvalues = 12331                       
# units = specified
# name 0 = prDM: Pressure, Digiquartz [db]
# name 1 = t090C: Temperature [ITS-90, deg C]
# name 2 = c0uS/cm: Conductivity [uS/cm]
# name 3 = sbeox0V: Oxygen raw, SBE 43 [V]
# name 4 = par: PAR/Irradiance, Biospherical/Licor
# name 5 = bat: Beam Attenuation, Chelsea/Seatech [1/m]
# name 6 = xmiss: Beam Transmission, Chelsea/Seatech [%]
# name 7 = flSP: Fluorescence, Seapoint
# name 8 = spar: SPAR, Biospherical/Licor
# name 9 = upoly0: Upoly 0, Suna Nitrate
# name 10 = depFM: Depth [fresh water, m], lat = 43.362
# name 11 = sbeox0Mg/L: Oxygen, SBE 43 [mg/l], WS = 2
# name 12 = specc: Specific Conductance [uS/cm]
# name 13 = flag: flag
# span 0 =     -0.232,     26.722       
# span 1 =   -31.3522,    11.3843       
# span 2 =   9.694468, 207.182336       
# span 3 =     1.7497,     2.4017       
# span 4 = 1.0000e-12, 1.5845e+03       
# span 5 =     0.0332,     4.8463       
# span 6 =    29.7728,    99.1730       
# span 7 = 0.0000e+00, 1.6935e+00       
# span 8 = 1.2149e+03, 1.2642e+03       
# span 9 =  0.0741704,  0.3776771       
# span 10 =     -0.237,     27.249      
# span 11 =  -195.9283,    13.0433      
# span 12 =   -400.872,    689.613      
# span 13 = 0.0000e+00, 0.0000e+00      
# interval = seconds: 0.0416667
# start_time = Oct 02 2003 11:54:02 [NMEA time, header]
# bad_flag = -9.990e-29
*END*
[from data line 9188]
     23.657     6.9221 192.937684     2.1575 1.9851e-01     0.5442    87.2796 3.6996e-01 1.2504e+03  0.3681146     24.123    12.3046    302.185 0.0000e+00
     23.638     6.9233 192.973541     2.1575 1.9851e-01     0.5442    87.2796 3.9438e-01 1.2504e+03  0.3681146     24.104    12.3023    302.230 0.0000e+00
     23.619     6.9239 192.925728     2.1575 1.9937e-01     0.5430    87.3057 4.1270e-01 1.2504e+03  0.3681146     24.085    12.3009    302.149 0.0000e+00
     23.599     6.9273 192.865960     2.1575 2.0023e-01     0.5430    87.3057 4.0293e-01 1.2504e+03  0.3681146     24.064    12.2979    302.024 0.0000e+00
     23.579     6.9305 192.901816     2.1587 2.0023e-01     0.5406    87.3580 3.8950e-01 1.2504e+03  0.3681146     24.044    12.3043    302.049 0.0000e+00
     23.559     6.9334 192.925721     2.1587 2.0459e-01     0.5406    87.3580 3.7607e-01 1.2504e+03  0.3685303     24.023    12.3027    302.059 0.0000e+00
     23.540     6.9380 192.961577     2.1587 2.0900e-01     0.5394    87.3841 3.6874e-01 1.2504e+03  0.3689461     24.004    12.3001    302.072 0.0000e+00
     23.522     6.9408 192.901809     2.1587 2.1079e-01     0.5394    87.3841 3.6630e-01 1.2504e+03  0.3689461     23.986    12.2975    301.952 0.0000e+00
     23.503     6.9454 192.901807     2.1612 2.1168e-01     0.5406    87.3580 3.5653e-01 1.2504e+03  0.3685303     23.966    12.3118    301.908 0.0000e+00
     23.484     6.9486 192.913756     2.1612 2.1439e-01     0.5406    87.3580 3.4310e-01 1.2504e+03  0.3685303     23.947    12.3092    301.897 0.0000e+00
     23.466     6.9516 192.913755     2.1600 2.1529e-01     0.5406    87.3580 3.3211e-01 1.2504e+03  0.3685303     23.929    12.2975    301.869 0.0000e+00
     23.448     6.9549 192.913752     2.1600 2.1711e-01     0.5406    87.3580 3.3700e-01 1.2504e+03  0.3685303     23.910    12.2939    301.837 0.0000e+00
     23.429     6.9567 192.925704     2.1612 2.2171e-01     0.5418    87.3319 3.4432e-01 1.2504e+03  0.3689461     23.891    12.2990    301.839 0.0000e+00
     23.410     6.9588 192.889843     2.1612 2.2356e-01     0.5406    87.3580 3.4676e-01 1.2504e+03  0.3685303     23.872    12.2948    301.763 0.0000e+00
     23.392     6.9616 192.877888     2.1612 2.2449e-01     0.5406    87.3580 3.4921e-01 1.2504e+03  0.3685303     23.853    12.2924    301.718 0.0000e+00
     23.372     6.9651 192.830072     2.1612 2.2825e-01     0.5406    87.3580 3.5409e-01 1.2504e+03  0.3685303     23.833    12.2905    301.610 0.0000e+00
     23.353     6.9674 192.865930     2.1624 2.3014e-01     0.5406    87.3580 3.5287e-01 1.2504e+03  0.3685303     23.813    12.2972    301.645 0.0000e+00
     23.334     6.9700 192.901788     2.1612 2.3014e-01     0.5418    87.3319 3.5043e-01 1.2524e+03  0.3685303     23.794    12.2849    301.676 0.0000e+00
     23.316     6.9712 192.913739     2.1624 2.3014e-01     0.5406    87.3580 3.5043e-01 1.2524e+03  0.3689461     23.776    12.2912    301.683 0.0000e+00
     23.298     6.9721 192.877879     2.1624 2.3014e-01     0.5406    87.3580 3.4921e-01 1.2524e+03  0.3689461     23.757    12.2897    301.619 0.0000e+00
     23.280     6.9726 192.877879     2.1624 2.3109e-01     0.5406    87.3580 3.5043e-01 1.2524e+03  0.3689461     23.739    12.2879    301.614 0.0000e+00
     23.262     6.9729 192.913738     2.1624 2.3782e-01     0.5406    87.3580 3.5287e-01 1.2524e+03  0.3685303     23.721    12.2858    301.667 0.0000e+00
     23.242     6.9737 192.913736     2.1636 2.4271e-01     0.5418    87.3319 3.4921e-01 1.2524e+03  0.3689461     23.700    12.2906    301.660 0.0000e+00
     23.222     6.9745 192.865922     2.1636 2.4369e-01     0.5394    87.3841 3.4066e-01 1.2524e+03  0.3685303     23.680    12.2888    301.578 0.0000e+00
     23.204     6.9755 192.865922     2.1636 2.4667e-01     0.5358    87.4626 3.3455e-01 1.2524e+03  0.3685303     23.661    12.2865    301.568 0.0000e+00
     23.185     6.9770 192.901780     2.1636 2.4967e-01     0.5358    87.4626 3.3578e-01 1.2524e+03  0.3685303     23.642    12.2848    301.610 0.0000e+00
     23.167     6.9784 193.021312     2.1636 2.4967e-01     0.5358    87.4626 3.3578e-01 1.2524e+03  0.3689461     23.624    12.2828    301.784 0.0000e+00
     23.149     6.9792 192.925685     2.1636 2.4967e-01     0.5358    87.4626 3.3700e-01 1.2524e+03  0.3685303     23.605    12.2795    301.627 0.0000e+00
     23.131     6.9821 192.925682     2.1648 2.4967e-01     0.5358    87.4626 3.4066e-01 1.2524e+03  0.3685303     23.587    12.2849    301.599 0.0000e+00
     23.114     6.9856 192.913727     2.1648 2.4967e-01     0.5358    87.4626 3.5165e-01 1.2524e+03  0.3689461     23.570    12.2822    301.548 0.0000e+00
     23.096     6.9892 192.913725     2.1648 2.5269e-01     0.5358    87.4626 3.5165e-01 1.2524e+03  0.3689461     23.551    12.2781    301.514 0.0000e+00
     23.078     6.9922 192.925675     2.1648 2.5676e-01     0.5370    87.4364 3.4188e-01 1.2524e+03  0.3689461     23.533    12.2738    301.504 0.0000e+00
     23.060     6.9945 192.865907     2.1648 2.5779e-01     0.5370    87.4364 3.3700e-01 1.2524e+03  0.3693618     23.515    12.2695    301.389 0.0000e+00
     23.041     6.9990 192.889811     2.1648 2.5985e-01     0.5358    87.4626 3.5165e-01 1.2524e+03  0.3697776     23.495    12.2678    301.384 0.0000e+00
     23.022     7.0019 192.913715     2.1648 2.6610e-01     0.5358    87.4626 3.7363e-01 1.2524e+03  0.3697776     23.476    12.2664    301.394 0.0000e+00
     23.004     7.0036 192.877854     2.1648 2.6820e-01     0.5358    87.4626 3.8462e-01 1.2524e+03  0.3697776     23.458    12.2639    301.322 0.0000e+00
     22.986     7.0070 192.901757     2.1648 2.6926e-01     0.5358    87.4626 3.6752e-01 1.2524e+03  0.3697776     23.439    12.2594    301.327 0.0000e+00
     22.968     7.0123 192.841989     2.1648 2.7459e-01     0.5358    87.4626 3.4188e-01 1.2524e+03  0.3693618     23.421    12.2553    301.184 0.0000e+00
     22.950     7.0174 192.853938     2.1661 2.7567e-01     0.5358    87.4626 3.3211e-01 1.2524e+03  0.3697776     23.402    12.2615    301.155 0.0000e+00
     22.931     7.0231 192.853933     2.1661 2.7675e-01     0.5358    87.4626 3.3578e-01 1.2524e+03  0.3697776     23.383    12.2568    301.101 0.0000e+00
     22.913     7.0281 192.913697     2.1661 2.8000e-01     0.5370    87.4364 3.3700e-01 1.2524e+03  0.3697776     23.365    12.2533    301.147 0.0000e+00
     22.894     7.0346 192.841973     2.1648 2.8109e-01     0.5370    87.4364 3.7241e-01 1.2524e+03  0.3697776     23.345    12.2408    300.974 0.0000e+00
     22.876     7.0427 192.901733     2.1661 2.8218e-01     0.5370    87.4364 3.9316e-01 1.2524e+03  0.3697776     23.327    12.2452    300.991 0.0000e+00
     22.858     7.0497 192.841963     2.1661 2.8770e-01     0.5370    87.4364 3.8339e-01 1.2524e+03  0.3697776     23.309    12.2427    300.832 0.0000e+00
     22.841     7.0571 192.901724     2.1661 2.8993e-01     0.5358    87.4626 3.7118e-01 1.2524e+03  0.3697776     23.291    12.2386    300.856 0.0000e+00
     22.822     7.0664 192.913671     2.1661 2.9105e-01     0.5346    87.4887 3.6630e-01 1.2524e+03  0.3697776     23.272    12.2337    300.788 0.0000e+00
     22.805     7.0746 192.865852     2.1648 2.9217e-01     0.5334    87.5148 3.5653e-01 1.2524e+03  0.3697776     23.255    12.2197    300.636 0.0000e+00
     22.787     7.0806 192.865848     2.1673 2.9329e-01     0.5346    87.4887 3.4432e-01 1.2524e+03  0.3697776     23.236    12.2347    300.580 0.0000e+00
     22.769     7.0845 192.913660     2.1661 2.9329e-01     0.5346    87.4887 3.3333e-01 1.2524e+03  0.3697776     23.218    12.2248    300.618 0.0000e+00
     22.751     7.0890 192.853889     2.1673 2.9669e-01     0.5346    87.4887 3.2967e-01 1.2524e+03  0.3697776     23.200    12.2317    300.483 0.0000e+00
     22.732     7.0945 192.841933     2.1673 3.0126e-01     0.5346    87.4887 3.2967e-01 1.2524e+03  0.3697776     23.180    12.2295    300.412 0.0000e+00
     22.714     7.0995 192.889742     2.1661 3.0126e-01     0.5346    87.4887 3.7241e-01 1.2524e+03  0.3697776     23.162    12.2187    300.440 0.0000e+00
     22.696     7.1029 192.877786     2.1673 3.0126e-01     0.5346    87.4887 4.1270e-01 1.2524e+03  0.3697776     23.143    12.2254    300.390 0.0000e+00
     22.677     7.1051 192.853878     2.1673 3.0011e-01     0.5346    87.4887 4.1392e-01 1.2524e+03  0.3697776     23.124    12.2250    300.332 0.0000e+00
     22.658     7.1061 192.865831     2.1661 2.9897e-01     0.5346    87.4887 4.0415e-01 1.2524e+03  0.3697776     23.105    12.2161    300.341 0.0000e+00
     22.639     7.1102 192.853874     2.1661 3.0472e-01     0.5346    87.4887 3.8217e-01 1.2524e+03  0.3697776     23.085    12.2147    300.284 0.0000e+00
     22.619     7.1162 192.889729     2.1661 3.1766e-01     0.5358    87.4626 3.6142e-01 1.2524e+03  0.3697776     23.065    12.2125    300.284 0.0000e+00
     22.599     7.1226 192.877772     2.1673 3.2126e-01     0.5346    87.4887 3.4921e-01 1.2524e+03  0.3701934     23.045    12.2198    300.205 0.0000e+00
     22.581     7.1316 192.901672     2.1673 3.2247e-01     0.5346    87.4887 3.3822e-01 1.2524e+03  0.3693618     23.026    12.2162    300.158 0.0000e+00
     22.562     7.1414 192.913620     2.1673 3.2611e-01     0.5346    87.4887 3.2967e-01 1.2524e+03  0.3685303     23.007    12.2123    300.085 0.0000e+00
     22.543     7.1469 192.913615     2.1661 3.2856e-01     0.5346    87.4887 3.2357e-01 1.2524e+03  0.3681146     22.987    12.2010    300.034 0.0000e+00
     22.523     7.1497 192.913612     2.1661 3.2856e-01     0.5358    87.4626 3.2112e-01 1.2524e+03  0.3681146     22.967    12.1991    300.008 0.0000e+00
     22.505     7.1532 192.889704     2.1673 3.2979e-01     0.5358    87.4626 3.1868e-01 1.2524e+03  0.3681146     22.949    12.2066    299.938 0.0000e+00
     22.488     7.1569 192.877748     2.1661 3.3225e-01     0.5358    87.4626 3.2357e-01 1.2524e+03  0.3681146     22.931    12.1967    299.885 0.0000e+00
     22.470     7.1600 192.949466     2.1673 3.3102e-01     0.5370    87.4364 3.2112e-01 1.2524e+03  0.3681146     22.913    12.2042    299.968 0.0000e+00
     22.451     7.1641 192.877744     2.1673 3.3349e-01     0.5382    87.4103 3.1380e-01 1.2524e+03  0.3685303     22.894    12.2026    299.818 0.0000e+00
     22.431     7.1671 192.913600     2.1673 3.3473e-01     0.5370    87.4364 3.2723e-01 1.2524e+03  0.3685303     22.873    12.2000    299.846 0.0000e+00
     22.411     7.1671 192.973367     2.1685 3.3473e-01     0.5370    87.4364 3.3211e-01 1.2524e+03  0.3681146     22.853    12.2093    299.939 0.0000e+00
     22.392     7.1665 192.949460     2.1673 3.3722e-01     0.5382    87.4103 3.2357e-01 1.2524e+03  0.3685303     22.833    12.2003    299.907 0.0000e+00
     22.374     7.1671 192.973366     2.1673 3.3722e-01     0.5382    87.4103 3.1990e-01 1.2524e+03  0.3685303     22.815    12.1994    299.939 0.0000e+00
     22.356     7.1682 192.949459     2.1673 3.3847e-01     0.5370    87.4364 3.2723e-01 1.2524e+03  0.3685303     22.797    12.1994    299.891 0.0000e+00
     22.337     7.1702 192.961409     2.1673 3.4352e-01     0.5370    87.4364 3.3455e-01 1.2524e+03  0.3685303     22.777    12.1977    299.891 0.0000e+00
     22.319     7.1757 192.973359     2.1685 3.4862e-01     0.5382    87.4103 3.2967e-01 1.2524e+03  0.3685303     22.759    12.2056    299.858 0.0000e+00
     22.300     7.1815 192.985309     2.1685 3.4990e-01     0.5382    87.4103 3.2357e-01 1.2524e+03  0.3685303     22.740    12.2036    299.823 0.0000e+00
     22.281     7.1867 192.973352     2.1685 3.5378e-01     0.5382    87.4103 3.1746e-01 1.2524e+03  0.3685303     22.720    12.2029    299.756 0.0000e+00
     22.263     7.1934 192.973347     2.1685 3.5899e-01     0.5382    87.4103 3.1013e-01 1.2524e+03  0.3685303     22.702    12.2015    299.693 0.0000e+00
     22.244     7.2030 192.937481     2.1685 3.6030e-01     0.5382    87.4103 3.1380e-01 1.2524e+03  0.3685303     22.683    12.1979    299.548 0.0000e+00
     22.225     7.2085 192.973338     2.1685 3.6162e-01     0.5382    87.4103 3.1380e-01 1.2524e+03  0.3685303     22.663    12.1978    299.553 0.0000e+00
     22.205     7.2125 192.973334     2.1685 3.6559e-01     0.5370    87.4364 3.1868e-01 1.2524e+03  0.3685303     22.643    12.1970    299.516 0.0000e+00
     22.186     7.2182 192.937470     2.1685 3.6559e-01     0.5370    87.4364 3.1868e-01 1.2524e+03  0.3685303     22.623    12.1943    299.407 0.0000e+00
     22.166     7.2255 193.021139     2.1685 3.6693e-01     0.5370    87.4364 3.3089e-01 1.2524e+03  0.3685303     22.603    12.1909    299.469 0.0000e+00
     22.146     7.2339 193.080900     2.1697 3.6826e-01     0.5382    87.4103 3.4188e-01 1.2524e+03  0.3685303     22.583    12.1957    299.484 0.0000e+00
     22.125     7.2537 193.104794     2.1685 3.6826e-01     0.5382    87.4103 3.5165e-01 1.2524e+03  0.3685303     22.561    12.1816    299.337 0.0000e+00
     22.106     7.2762 193.188454     2.1685 3.6960e-01     0.5370    87.4364 3.6386e-01 1.2524e+03  0.3685303     22.542    12.1751    299.258 0.0000e+00
     22.087     7.3036 193.260160     2.1685 3.7094e-01     0.5370    87.4364 3.5653e-01 1.2524e+03  0.3685303     22.522    12.1668    299.115 0.0000e+00
     22.069     7.3205 193.272101     2.1685 3.7094e-01     0.5382    87.4103 3.4676e-01 1.2524e+03  0.3685303     22.504    12.1607    298.977 0.0000e+00
     22.050     7.3336 193.307955     2.1697 3.7094e-01     0.5370    87.4364 3.4310e-01 1.2524e+03  0.3685303     22.485    12.1642    298.911 0.0000e+00
     22.031     7.3460 193.331854     2.1685 3.7635e-01     0.5370    87.4364 3.3822e-01 1.2524e+03  0.3681146     22.465    12.1531    298.833 0.0000e+00
     22.012     7.3536 193.343802     2.1685 3.7908e-01     0.5382    87.4103 3.2479e-01 1.2524e+03  0.3681146     22.446    12.1495    298.782 0.0000e+00
     21.993     7.3660 193.379657     2.1685 3.7908e-01     0.5370    87.4364 3.1868e-01 1.2524e+03  0.3681146     22.427    12.1465    298.723 0.0000e+00
     21.974     7.3787 193.403555     2.1685 3.8736e-01     0.5358    87.4626 3.2234e-01 1.2524e+03  0.3681146     22.407    12.1421    298.642 0.0000e+00
     21.955     7.3899 193.439409     2.1697 3.9155e-01     0.5370    87.4364 3.3089e-01 1.2524e+03  0.3685303     22.388    12.1477    298.594 0.0000e+00
     21.937     7.4048 193.463309     2.1685 3.9155e-01     0.5370    87.4364 3.3944e-01 1.2524e+03  0.3685303     22.370    12.1371    298.494 0.0000e+00
     21.918     7.4240 193.546974     2.1685 3.9295e-01     0.5382    87.4103 3.3700e-01 1.2524e+03  0.3681146     22.350    12.1323    298.446 0.0000e+00
     21.899     7.4351 193.570875     2.1697 3.9155e-01     0.5382    87.4103 3.3211e-01 1.2524e+03  0.3681146     22.331    12.1385    298.381 0.0000e+00
     21.880     7.4440 193.606731     2.1697 3.9155e-01     0.5358    87.4626 3.2723e-01 1.2524e+03  0.3685303     22.311    12.1355    298.354 0.0000e+00
     21.861     7.4506 193.654544     2.1697 3.9295e-01     0.5370    87.4364 3.2234e-01 1.2524e+03  0.3681146     22.292    12.1342    298.367 0.0000e+00
     21.841     7.4552 193.594770     2.1697 3.9436e-01     0.5370    87.4364 3.1258e-01 1.2524e+03  0.3685303     22.272    12.1345    298.233 0.0000e+00
     21.822     7.4628 193.678443     2.1697 3.9577e-01     0.5382    87.4103 3.1136e-01 1.2524e+03  0.3685303     22.252    12.1336    298.292 0.0000e+00
     21.803     7.4699 193.690394     2.1697 4.0147e-01     0.5370    87.4364 3.2357e-01 1.2524e+03  0.3685303     22.233    12.1326    298.245 0.0000e+00
     21.782     7.4719 193.666483     2.1697 4.1304e-01     0.5370    87.4364 3.7485e-01 1.2524e+03  0.3685303     22.211    12.1332    298.190 0.0000e+00
     21.762     7.4778 193.726250     2.1709 4.1598e-01     0.5370    87.4364 4.1880e-01 1.2524e+03  0.3685303     22.191    12.1408    298.228 0.0000e+00
