data/05_metadata_exports/SeabirdData/202305_SeabirdData/83366_stn35-day.cnv
* Sea-Bird SBE 9 Data File:
* FileName = C:\Users\rosette\Rosette Data\2023\Ontario CSMI\stn35-day.hex
* Software Version Seasave V 7.26.6.26
* Temperature SN = 5270
* Conductivity SN = 1168
* Number of Bytes Per Scan = 40
* Number of Voltage Words = 5
* Number of Scans Averaged by the Deck Unit = 1
* NMEA Latitude = 43 21.72 N
* NMEA Longitude = 078 43.79 W
* NMEA UTC (Time) = Oct 02 2003  11:54:02
* NMEA baud rate = 4800
** Ship: Lake Guardian
** Ontario CSMI LWFS
** Station:  stn35-day
# nquan = 14                                
# nvalues = 12331                       
# units = specified
# name 0 = prDM: Pressure, Digiquartz [db]
# name 1 = t090C: Temperature [ITS-90, deg C]
# name 2 = c0uS/cm: Conductivity [uS/cm]
# name 3 = sbeox0V: Oxygen raw, SBE 43 [V]
# name 4 = par: PAR/Irradiance, Biospherical/Licor
# name 5 = bat: Beam Attenuation, Chelsea/Seatech [1/m]
# name 6 = xmiss: Beam Transmission, Chelsea/Seatech [%]
# name 7 = flSP: Fluorescence, Seapoint
# name 8 = spar: SPAR, Biospherical/Licor
# name 9 = upoly0: Upoly 0, Suna Nitrate
# name 10 = depFM: Depth [fresh water, m], lat = 43.362
# name 11 = sbeox0Mg/L: Oxygen, SBE 43 [mg/l], WS = 2
# name 12 = specc: Specific Conductance [uS/cm]
# name 13 = flag: flag
# span 0 =     -0.232,     26.722       
# span 1 =   -31.3522,    11.3843       
# span 2 =   9.694468, 207.182336       
# span 3 =     1.7497,     2.4017       
# span 4 = 1.0000e-12, 1.5845e+03       
# span 5 =     0.0332,     4.8463       
# span 6 =    29.7728,    99.1730       
# span 7 = 0.0000e+00, 1.6935e+00       
# span 8 = 1.2149e+03, 1.2642e+03       
# span 9 =  0.0741704,  0.3776771       
# span 10 =     -0.237,     27.249      
# span 11 =  -195.9283,    13.0433      
# span 12 =   -400.872,    689.613      
# span 13 = 0.0000e+00, 0.0000e+00      
# interval = seconds: 0.0416667
# start_time = Oct 02 2003 11:54:02 [NMEA time, header]
# bad_flag = -9.990e-29
*END*
[from data line 12181]
      2.295    11.2770 206.607730     2.3907 4.3465e+02     1.2072    73.9485 9.9145e-01 1.2622e+03  0.2957719      2.340    12.3433    284.743 -9.990e-29
      2.294    11.2750 206.583789     2.3907 4.4205e+02     1.1945    74.1837 9.8168e-01 1.2622e+03  0.2953561      2.339    12.3438    284.726 -9.990e-29
      2.293    11.2732 206.619705     2.3907 4.4454e+02     1.1566    74.8895 9.8901e-01 1.2622e+03  0.2953561      2.338    12.3443    284.789 -9.990e-29
      2.293    11.2714 206.607734     2.3895 4.4579e+02     1.1441    75.1247 9.9878e-01 1.2622e+03  0.2953561      2.338    12.3371    284.787 -9.990e-29
      2.295    11.2694 206.511961     2.3895 4.6369e+02     1.1455    75.0986 1.0037e+00 1.2642e+03  0.2953561      2.340    12.3386    284.670 -9.990e-29
      2.298    11.2666 206.595765     2.3895 4.7424e+02     1.1441    75.1247 1.0073e+00 1.2642e+03  0.2953561      2.343    12.3394    284.808 -9.990e-29
      2.301    11.2645 206.571825     2.3895 4.7558e+02     1.1469    75.0725 1.0232e+00 1.2622e+03  0.2953561      2.346    12.3401    284.791 -9.990e-29
      2.302    11.2633 206.571824     2.3895 4.9190e+02     1.1469    75.0725 1.0476e+00 1.2642e+03  0.2953561      2.347    12.3405    284.801 -9.990e-29
      2.302    11.2613 206.511967     2.3895 5.0451e+02     1.1469    75.0725 1.0611e+00 1.2642e+03  0.2953561      2.347    12.3413    284.734 -9.990e-29
      2.304    11.2606 206.511966     2.3895 5.0735e+02     1.1455    75.0986 1.0659e+00 1.2642e+03  0.2953561      2.349    12.3416    284.740 -9.990e-29
      2.305    11.2594 206.523940     2.3895 5.4278e+02     1.1469    75.0725 1.0733e+00 1.2642e+03  0.2953561      2.350    12.3422    284.766 -9.990e-29
      2.306    11.2573 206.571828     2.3907 5.8231e+02     1.1469    75.0725 1.0830e+00 1.2642e+03  0.2949403      2.351    12.3507    284.848 -9.990e-29
      2.307    11.2610 206.595772     2.3895 5.9055e+02     1.1469    75.0725 1.0891e+00 1.2642e+03  0.2949403      2.352    12.3421    284.852 -9.990e-29
      2.306    11.2616 206.511965     2.3895 5.7257e+02     1.1469    75.0725 1.0781e+00 1.2642e+03  0.2949403      2.351    12.3422    284.732 -9.990e-29
      2.305    11.2593 206.523940     2.3895 5.4431e+02     1.1455    75.0986 1.0672e+00 1.2642e+03  0.2949403      2.350    12.3441    284.766 -9.990e-29
      2.306    11.2578 206.523939     2.3895 5.3822e+02     1.1469    75.0725 1.0635e+00 1.2642e+03  0.2949403      2.351    12.3457    284.778 -9.990e-29
      2.307    11.2570 206.535915     2.3895 5.1309e+02     1.1455    75.0986 1.0659e+00 1.2642e+03  0.2949403      2.352    12.3471    284.801 -9.990e-29
      2.307    11.2551 206.499999     2.3895 4.5851e+02     1.1469    75.0725 1.0684e+00 1.2622e+03  0.2949403      2.352    12.3480    284.766 -9.990e-29
      2.306    11.2535 206.523943     2.3895 4.4205e+02     1.1455    75.0986 1.0879e+00 1.2642e+03  0.2953561      2.351    12.3488    284.812 -9.990e-29
      2.306    11.2523 206.583804     2.3895 4.4205e+02     1.1455    75.0986 1.1197e+00 1.2642e+03  0.2953561      2.351    12.3487    284.904 -9.990e-29
      2.306    11.2511 206.488030     2.3895 4.3833e+02     1.1469    75.0725 1.1551e+00 1.2622e+03  0.2949403      2.351    12.3495    284.781 -9.990e-29
      2.305    11.2505 206.500001     2.3895 4.3588e+02     1.1469    75.0725 1.1624e+00 1.2642e+03  0.2949403      2.350    12.3501    284.802 -9.990e-29
      2.304    11.2518 206.583804     2.3907 4.4454e+02     1.1538    74.9418 1.1477e+00 1.2622e+03  0.2949403      2.349    12.3578    284.908 -9.990e-29
      2.303    11.2527 206.535916     2.3907 5.1022e+02     1.1552    74.9156 1.1282e+00 1.2642e+03  0.2949403      2.348    12.3580    284.835 -9.990e-29
      2.301    11.2535 206.488027     2.3895 5.4278e+02     1.1566    74.8895 1.1074e+00 1.2642e+03  0.2949403      2.346    12.3497    284.762 -9.990e-29
      2.300    11.2525 206.511973     2.3895 5.4431e+02     1.1552    74.9156 1.1172e+00 1.2622e+03  0.2949403      2.345    12.3514    284.803 -9.990e-29
      2.300    11.2518 206.535916     2.3895 5.2182e+02     1.1566    74.8895 1.1197e+00 1.2622e+03  0.2949403      2.345    12.3530    284.842 -9.990e-29
      2.299    11.2545 206.547887     2.3895 5.1165e+02     1.1552    74.9156 1.1123e+00 1.2622e+03  0.2949403      2.344    12.3527    284.837 -9.990e-29
      2.298    11.2573 206.523940     2.3907 5.1022e+02     1.1552    74.9156 1.0952e+00 1.2642e+03  0.2953561      2.343    12.3592    284.782 -9.990e-29
      2.296    11.2609 206.559855     2.3895 4.9887e+02     1.1552    74.9156 1.0769e+00 1.2642e+03  0.2953561      2.341    12.3492    284.803 -9.990e-29
      2.294    11.2633 206.595769     2.3895 4.8914e+02     1.1552    74.9156 1.0562e+00 1.2622e+03  0.2953561      2.339    12.3474    284.834 -9.990e-29
      2.291    11.2649 206.547879     2.3895 4.8777e+02     1.1566    74.8895 1.0391e+00 1.2642e+03  0.2949403      2.336    12.3458    284.755 -9.990e-29
      2.288    11.2658 206.607738     2.3895 5.1454e+02     1.1566    74.8895 1.0305e+00 1.2622e+03  0.2949403      2.333    12.3453    284.831 -9.990e-29
      2.287    11.2663 206.643654     2.3895 5.4125e+02     1.1552    74.9156 1.0269e+00 1.2622e+03  0.2949403      2.332    12.3449    284.876 -9.990e-29
      2.287    11.2644 206.547879     2.3895 5.4584e+02     1.1552    74.9156 1.0379e+00 1.2642e+03  0.2949403      2.332    12.3453    284.759 -9.990e-29
      2.287    11.2620 206.559854     2.3895 5.1309e+02     1.1566    74.8895 1.0623e+00 1.2642e+03  0.2949403      2.332    12.3458    284.795 -9.990e-29
      2.287    11.2596 206.547882     2.3895 4.7424e+02     1.1552    74.9156 1.0916e+00 1.2642e+03  0.2949403      2.332    12.3472    284.797 -9.990e-29
      2.286    11.2566 206.523942     2.3895 4.6631e+02     1.1552    74.9156 1.0830e+00 1.2642e+03  0.2949403      2.331    12.3488    284.788 -9.990e-29
      2.284    11.2516 206.523944     2.3907 4.7558e+02     1.1552    74.9156 1.0708e+00 1.2642e+03  0.2949403      2.329    12.3579    284.827 -9.990e-29
      2.282    11.2456 206.488033     2.3907 4.9190e+02     1.1552    74.9156 1.0635e+00 1.2642e+03  0.2949403      2.327    12.3595    284.824 -9.990e-29
      2.280    11.2435 206.523949     2.3907 4.9607e+02     1.1552    74.9156 1.0549e+00 1.2642e+03  0.2949403      2.325    12.3591    284.890 -9.990e-29
      2.280    11.2444 206.476062     2.3895 4.7826e+02     1.1552    74.9156 1.0366e+00 1.2642e+03  0.2949403      2.325    12.3509    284.817 -9.990e-29
      2.281    11.2479 206.500003     2.3895 4.2498e+02     1.1594    74.8372 1.0195e+00 1.2642e+03  0.2953561      2.326    12.3497    284.823 -9.990e-29
      2.281    11.2516 206.535917     2.3895 4.0858e+02     1.1594    74.8372 1.0183e+00 1.2642e+03  0.2953561      2.326    12.3483    284.843 -9.990e-29
      2.281    11.2548 206.499998     2.3895 4.1905e+02     1.1608    74.8111 1.0232e+00 1.2642e+03  0.2953561      2.326    12.3472    284.769 -9.990e-29
      2.279    11.2573 206.464081     2.3895 4.7558e+02     1.1608    74.8111 1.0366e+00 1.2642e+03  0.2949403      2.324    12.3463    284.699 -9.990e-29
      2.279    11.2570 206.523940     2.3895 5.0027e+02     1.1608    74.8111 1.0354e+00 1.2642e+03  0.2953561      2.324    12.3453    284.784 -9.990e-29
      2.279    11.2565 206.499997     2.3895 4.9607e+02     1.1608    74.8111 1.0171e+00 1.2642e+03  0.2949403      2.324    12.3462    284.755 -9.990e-29
      2.281    11.2537 206.511971     2.3895 4.3100e+02     1.1594    74.8372 1.0073e+00 1.2642e+03  0.2949403      2.326    12.3470    284.794 -9.990e-29
      2.282    11.2520 206.488029     2.3907 4.0174e+02     1.1608    74.8111 1.0085e+00 1.2642e+03  0.2953561      2.327    12.3544    284.774 -9.990e-29
      2.282    11.2516 206.559860     2.3907 4.0061e+02     1.1608    74.8111 1.0012e+00 1.2642e+03  0.2949403      2.327    12.3545    284.876 -9.990e-29
      2.282    11.2527 206.511971     2.3895 4.1204e+02     1.1608    74.8111 9.9512e-01 1.2642e+03  0.2953561      2.327    12.3456    284.802 -9.990e-29
      2.283    11.2537 206.452112     2.3895 4.1905e+02     1.1594    74.8372 9.9267e-01 1.2642e+03  0.2953561      2.328    12.3453    284.711 -9.990e-29
      2.284    11.2541 206.500000     2.3883 4.1905e+02     1.1608    74.8111 9.8657e-01 1.2642e+03  0.2953561      2.329    12.3384    284.774 -9.990e-29
      2.285    11.2546 206.535913     2.3883 4.3343e+02     1.1608    74.8111 9.8168e-01 1.2642e+03  0.2953561      2.330    12.3375    284.820 -9.990e-29
      2.288    11.2555 206.571830     2.3883 4.4579e+02     1.1608    74.8111 9.8168e-01 1.2642e+03  0.2953561      2.333    12.3365    284.862 -9.990e-29
      2.291    11.2562 206.511969     2.3895 4.4705e+02     1.1608    74.8111 9.8291e-01 1.2642e+03  0.2953561      2.336    12.3433    284.774 -9.990e-29
      2.293    11.2581 206.511969     2.3895 4.5851e+02     1.1608    74.8111 9.9145e-01 1.2642e+03  0.2953561      2.338    12.3420    284.759 -9.990e-29
      2.294    11.2596 206.559854     2.3895 4.7424e+02     1.1594    74.8372 1.0122e+00 1.2642e+03  0.2953561      2.339    12.3410    284.813 -9.990e-29
      2.296    11.2606 206.547883     2.3895 4.7692e+02     1.1594    74.8372 1.0269e+00 1.2642e+03  0.2953561      2.341    12.3409    284.789 -9.990e-29
      2.298    11.2616 206.571825     2.3895 4.6500e+02     1.1608    74.8111 1.0464e+00 1.2642e+03  0.2953561      2.343    12.3400    284.814 -9.990e-29
      2.300    11.2626 206.535910     2.3907 4.4454e+02     1.1608    74.8111 1.0403e+00 1.2642e+03  0.2953561      2.345    12.3477    284.757 -9.990e-29
      2.301    11.2628 206.595768     2.3895 4.3957e+02     1.1608    74.8111 1.0330e+00 1.2642e+03  0.2953561      2.346    12.3402    284.838 -9.990e-29
      2.302    11.2629 206.547881     2.3895 4.4329e+02     1.1608    74.8111 1.0330e+00 1.2642e+03  0.2953561      2.347    12.3413    284.771 -9.990e-29
      2.303    11.2634 206.535909     2.3883 4.4957e+02     1.1608    74.8111 1.0293e+00 1.2642e+03  0.2953561      2.348    12.3346    284.751 -9.990e-29
      2.303    11.2642 206.583795     2.3895 4.5211e+02     1.1622    74.7849 1.0232e+00 1.2642e+03  0.2953561      2.348    12.3425    284.810 -9.990e-29
      2.304    11.2649 206.559852     2.3895 4.5594e+02     1.1608    74.8111 1.0183e+00 1.2642e+03  0.2953561      2.349    12.3427    284.772 -9.990e-29
      2.306    11.2652 206.571823     2.3895 4.7158e+02     1.1608    74.8111 1.0256e+00 1.2642e+03  0.2953561      2.351    12.3422    284.786 -9.990e-29
      2.308    11.2659 206.547879     2.3895 4.7826e+02     1.1608    74.8111 1.0269e+00 1.2642e+03  0.2953561      2.354    12.3416    284.747 -9.990e-29
      2.310    11.2663 206.631683     2.3895 4.7961e+02     1.1608    74.8111 1.0220e+00 1.2642e+03  0.2957719      2.356    12.3411    284.860 -9.990e-29
      2.311    11.2671 206.571822     2.3883 4.9329e+02     1.1608    74.8111 1.0208e+00 1.2642e+03  0.2953561      2.357    12.3329    284.771 -9.990e-29
      2.311    11.2676 206.571822     2.3895 5.0168e+02     1.1608    74.8111 1.0293e+00 1.2642e+03  0.2957719      2.357    12.3402    284.767 -9.990e-29
      2.311    11.2682 206.571820     2.3883 5.0168e+02     1.1608    74.8111 1.0574e+00 1.2642e+03  0.2953561      2.357    12.3320    284.762 -9.990e-29
      2.312    11.2686 206.571822     2.3883 4.9329e+02     1.1608    74.8111 1.0623e+00 1.2642e+03  0.2953561      2.358    12.3317    284.759 -9.990e-29
      2.313    11.2687 206.595765     2.3895 4.8914e+02     1.1608    74.8111 1.0501e+00 1.2642e+03  0.2953561      2.359    12.3409    284.792 -9.990e-29
      2.313    11.2691 206.631681     2.3883 4.8777e+02     1.1594    74.8372 1.0342e+00 1.2642e+03  0.2953561      2.359    12.3338    284.838 -9.990e-29
      2.312    11.2693 206.571821     2.3895 5.0027e+02     1.1608    74.8111 1.0281e+00 1.2642e+03  0.2953561      2.358    12.3414    284.754 -9.990e-29
      2.311    11.2684 206.583792     2.3895 5.1022e+02     1.1608    74.8111 1.0354e+00 1.2642e+03  0.2953561      2.357    12.3416    284.777 -9.990e-29
      2.312    11.2681 206.559849     2.3883 5.1165e+02     1.1608    74.8111 1.0452e+00 1.2642e+03  0.2953561      2.358    12.3331    284.747 -9.990e-29
      2.314    11.2680 206.583795     2.3883 5.0168e+02     1.1608    74.8111 1.0452e+00 1.2642e+03  0.2953561      2.360    12.3323    284.781 -9.990e-29
      2.314    11.2677 206.607738     2.3883 4.9190e+02     1.1608    74.8111 1.0488e+00 1.2642e+03  0.2957719      2.360    12.3315    284.816 -9.990e-29
      2.312    11.2681 206.607737     2.3883 4.8914e+02     1.1622    74.7849 1.0488e+00 1.2642e+03  0.2957719      2.358    12.3322    284.813 -9.990e-29
      2.311    11.2687 206.619708     2.3883 4.8777e+02     1.1608    74.8111 1.0403e+00 1.2642e+03  0.2953561      2.357    12.3329    284.825 -9.990e-29
      2.311    11.2700 206.607736     2.3895 4.8231e+02     1.1580    74.8634 1.0354e+00 1.2642e+03  0.2949403      2.357    12.3410    284.798 -9.990e-29
      2.310    11.2718 206.583792     2.3883 4.8231e+02     1.1580    74.8634 1.0317e+00 1.2642e+03  0.2945246      2.356    12.3328    284.751 -9.990e-29
      2.308    11.2734 206.595762     2.3895 4.8777e+02     1.1594    74.8372 1.0317e+00 1.2642e+03  0.2945246      2.354    12.3409    284.755 -9.990e-29
      2.306    11.2747 206.607732     2.3895 5.0309e+02     1.1580    74.8634 1.0330e+00 1.2642e+03  0.2949403      2.351    12.3422    284.761 -9.990e-29
      2.304    11.2760 206.631676     2.3895 5.0735e+02     1.1580    74.8634 1.0305e+00 1.2622e+03  0.2949403      2.349    12.3427    284.784 -9.990e-29
      2.304    11.2767 206.607731     2.3895 5.0027e+02     1.1580    74.8634 1.0330e+00 1.2642e+03  0.2945246      2.349    12.3434    284.745 -9.990e-29
      2.304    11.2771 206.607731     2.3883 4.7826e+02     1.1580    74.8634 1.0440e+00 1.2642e+03  0.2949403      2.349    12.3348    284.742 -9.990e-29
      2.303    11.2778 206.631675     2.3895 4.7026e+02     1.1580    74.8634 1.0891e+00 1.2642e+03  0.2949403      2.348    12.3423    284.770 -9.990e-29
      2.301    11.2778 206.643646     2.3883 4.7291e+02     1.1580    74.8634 1.0952e+00 1.2642e+03  0.2945246      2.346    12.3355    284.786 -9.990e-29
      2.299    11.2778 206.607731     2.3883 4.8640e+02     1.1580    74.8634 1.0781e+00 1.2642e+03  0.2945246      2.344    12.3357    284.737 -9.990e-29
      2.298    11.2774 206.619702     2.3883 4.9329e+02     1.1580    74.8634 1.0623e+00 1.2642e+03  0.2949403      2.343    12.3359    284.756 -9.990e-29
      2.297    11.2769 206.607732     2.3883 4.9190e+02     1.1580    74.8634 1.0623e+00 1.2642e+03  0.2949403      2.342    12.3362    284.744 -9.990e-29
      2.296    11.2767 206.607731     2.3883 4.6762e+02     1.1580    74.8634 1.0647e+00 1.2642e+03  0.2949403      2.341    12.3356    284.745 -9.990e-29
      2.295    11.2769 206.643648     2.3883 4.5465e+02     1.1580    74.8634 1.0562e+00 1.2642e+03  0.2949403      2.340    12.3358    284.793 -9.990e-29
      2.293    11.2769 206.619703     2.3883 4.5338e+02     1.1580    74.8634 1.0440e+00 1.2642e+03  0.2949403      2.338    12.3351    284.760 -9.990e-29
      2.292    11.2777 206.607730     2.3895 4.4081e+02     1.1580    74.8634 1.0330e+00 1.2642e+03  0.2949403      2.337    12.3420    284.737 -9.990e-29
      2.291    11.2789 206.679562     2.3883 4.3221e+02     1.1580    74.8634 1.0549e+00 1.2642e+03  0.2949403      2.336    12.3341    284.827 -9.990e-29
      2.290    11.2799 206.655617     2.3883 4.3100e+02     1.1580    74.8634 1.0574e+00 1.2642e+03  0.2949403      2.335    12.3333    284.786 -9.990e-29
      2.290    11.2799 206.703505     2.3883 4.5722e+02     1.1580    74.8634 1.0464e+00 1.2642e+03  0.2949403      2.335    12.3335    284.852 -9.990e-29
