data/05_metadata_exports/SeabirdData/202305_SeabirdData/83366_stn35-day.cnv
* Sea-Bird SBE 9 Data File:
* FileName = C:\Users\rosette\Rosette Data\2023\Ontario CSMI\stn35-day.hex
* Software Version Seasave V 7.26.6.26
* Temperature SN = 5270
* Conductivity SN = 1168
* Number of Bytes Per Scan = 40
* Number of Voltage Words = 5
* Number of Scans Averaged by the Deck Unit = 1
* NMEA Latitude = 43 21.72 N
* NMEA Longitude = 078 43.79 W
* NMEA UTC (Time) = Oct 02 2003  11:54:02
* NMEA baud rate = 4800
** Ship: Lake Guardian
** Ontario CSMI LWFS
** Station:  stn35-day
# nquan = 14                                
# nvalues = 12331                       
# units = specified
# name 0 = prDM: Pressure, Digiquartz [db]
# name 1 = t090C: Temperature [ITS-90, deg C]
# name 2 = c0uS/cm: Conductivity [uS/cm]
# name 3 = sbeox0V: Oxygen raw, SBE 43 [V]
# name 4 = par: PAR/Irradiance, Biospherical/Licor
# name 5 = bat: Beam Attenuation, Chelsea/Seatech [1/m]
# name 6 = xmiss: Beam Transmission, Chelsea/Seatech [%]
# name 7 = flSP: Fluorescence, Seapoint
# name 8 = spar: SPAR, Biospherical/Licor
# name 9 = upoly0: Upoly 0, Suna Nitrate
# name 10 = depFM: Depth [fresh water, m], lat = 43.362
# name 11 = sbeox0Mg/L: Oxygen, SBE 43 [mg/l], WS = 2
# name 12 = specc: Specific Conductance [uS/cm]
# name 13 = flag: flag
# span 0 =     -0.232,     26.722       
# span 1 =   -31.3522,    11.3843       
# span 2 =   9.694468, 207.182336       
# span 3 =     1.7497,     2.4017       
# span 4 = 1.0000e-12, 1.5845e+03       
# span 5 =     0.0332,     4.8463       
# span 6 =    29.7728,    99.1730       
# span 7 = 0.0000e+00, 1.6935e+00       
# span 8 = 1.2149e+03, 1.2642e+03       
# span 9 =  0.0741704,  0.3776771       
# span 10 =     -0.237,     27.249      
# span 11 =  -195.9283,    13.0433      
# span 12 =   -400.872,    689.613      
# span 13 = 0.0000e+00, 0.0000e+00      
# interval = seconds: 0.0416667
# start_time = Oct 02 2003 11:54:02 [NMEA time, header]
# bad_flag = -9.990e-29
*END*
[from data line 9910]
     10.146    10.9859 205.458846     2.3419 1.7133e+01     0.7507    82.8882 6.2149e-01 1.2563e+03  0.3294486     10.346    12.1767    285.450 0.0000e+00
     10.137    10.9895 205.434903     2.3419 1.7181e+01     0.7520    82.8620 5.9463e-01 1.2563e+03  0.3294486     10.337    12.1746    285.389 0.0000e+00
     10.127    10.9889 205.434903     2.3419 1.7328e+01     0.7520    82.8620 5.7143e-01 1.2563e+03  0.3294486     10.327    12.1753    285.393 0.0000e+00
     10.117    10.9880 205.434904     2.3419 1.7377e+01     0.7520    82.8620 5.5433e-01 1.2563e+03  0.3294486     10.316    12.1750    285.400 0.0000e+00
     10.106    10.9900 205.387020     2.3419 1.7377e+01     0.7520    82.8620 5.5067e-01 1.2563e+03  0.3298644     10.305    12.1736    285.318 0.0000e+00
     10.094    10.9923 205.482782     2.3419 1.7475e+01     0.7520    82.8620 5.4701e-01 1.2563e+03  0.3298644     10.293    12.1710    285.433 0.0000e+00
     10.083    10.9938 205.470809     2.3431 1.7525e+01     0.7520    82.8620 5.3968e-01 1.2563e+03  0.3302802     10.282    12.1781    285.404 0.0000e+00
     10.073    10.9938 205.434899     2.3431 1.7574e+01     0.7520    82.8620 5.4579e-01 1.2563e+03  0.3315275     10.272    12.1795    285.354 0.0000e+00
     10.064    10.9963 205.434897     2.3443 1.7674e+01     0.7520    82.8620 5.4457e-01 1.2563e+03  0.3319432     10.262    12.1868    285.335 0.0000e+00
     10.055    10.9976 205.446865     2.3443 1.7724e+01     0.7419    83.0711 5.3236e-01 1.2563e+03  0.3319432     10.253    12.1855    285.341 0.0000e+00
     10.046    10.9955 205.434897     2.3431 1.7724e+01     0.7381    83.1496 5.2747e-01 1.2563e+03  0.3319432     10.244    12.1774    285.341 0.0000e+00
     10.037    10.9932 205.398987     2.3443 1.7825e+01     0.7369    83.1757 5.3480e-01 1.2563e+03  0.3319432     10.235    12.1856    285.309 0.0000e+00
     10.029    10.9913 205.422929     2.3443 1.7875e+01     0.7369    83.1757 5.4212e-01 1.2563e+03  0.3319432     10.227    12.1857    285.358 0.0000e+00
     10.020    10.9904 205.446870     2.3443 1.7875e+01     0.7369    83.1757 5.5311e-01 1.2563e+03  0.3319432     10.218    12.1863    285.398 0.0000e+00
     10.012    10.9900 205.410959     2.3443 1.7926e+01     0.7369    83.1757 5.6654e-01 1.2563e+03  0.3319432     10.209    12.1856    285.351 0.0000e+00
     10.004    10.9920 205.398987     2.3431 1.7977e+01     0.7381    83.1496 5.7631e-01 1.2563e+03  0.3319432     10.201    12.1762    285.319 0.0000e+00
      9.997    10.9899 205.422930     2.3443 1.7977e+01     0.7381    83.1496 5.6532e-01 1.2563e+03  0.3319432     10.194    12.1844    285.369 0.0000e+00
      9.990    10.9751 205.446879     2.3443 1.8079e+01     0.7369    83.1757 5.4457e-01 1.2563e+03  0.3319432     10.187    12.1885    285.519 0.0000e+00
      9.982    10.9715 205.458853     2.3443 1.8130e+01     0.7381    83.1496 5.4212e-01 1.2563e+03  0.3319432     10.179    12.1899    285.565 0.0000e+00
      9.973    10.9741 205.458850     2.3443 1.8181e+01     0.7369    83.1757 5.5800e-01 1.2563e+03  0.3319432     10.170    12.1892    285.544 0.0000e+00
      9.964    10.9749 205.387028     2.3443 1.8181e+01     0.7381    83.1496 5.8120e-01 1.2563e+03  0.3319432     10.160    12.1872    285.438 0.0000e+00
      9.954    10.9695 205.387031     2.3443 1.8233e+01     0.7381    83.1496 5.9829e-01 1.2563e+03  0.3319432     10.150    12.1877    285.481 0.0000e+00
      9.945    10.9640 205.351123     2.3443 1.8284e+01     0.7381    83.1496 6.1050e-01 1.2563e+03  0.3319432     10.141    12.1882    285.475 0.0000e+00
      9.937    10.9659 205.339152     2.3443 1.8284e+01     0.7369    83.1757 6.1661e-01 1.2563e+03  0.3319432     10.133    12.1864    285.443 0.0000e+00
      9.930    10.9688 205.363091     2.3443 1.8388e+01     0.7381    83.1496 6.0562e-01 1.2563e+03  0.3319432     10.126    12.1841    285.453 0.0000e+00
      9.921    10.9726 205.387028     2.3443 1.8388e+01     0.7369    83.1757 5.8852e-01 1.2563e+03  0.3319432     10.117    12.1814    285.456 0.0000e+00
      9.912    10.9751 205.398997     2.3455 1.8440e+01     0.7369    83.1757 5.7143e-01 1.2563e+03  0.3319432     10.107    12.1860    285.453 0.0000e+00
      9.904    10.9730 205.327176     2.3455 1.8492e+01     0.7369    83.1757 5.6288e-01 1.2563e+03  0.3319432     10.099    12.1849    285.370 0.0000e+00
      9.896    10.9541 205.171577     2.3455 1.8545e+01     0.7369    83.1757 5.6166e-01 1.2563e+03  0.3319432     10.091    12.1880    285.303 0.0000e+00
      9.889    10.9233 205.039928     2.3443 1.8545e+01     0.7432    83.0450 5.7143e-01 1.2563e+03  0.3319432     10.084    12.1869    285.365 0.0000e+00
      9.882    10.8828 204.896319     2.3455 1.8650e+01     0.7482    82.9404 5.6654e-01 1.2563e+03  0.3319432     10.077    12.2034    285.487 0.0000e+00
      9.875    10.8340 204.716807     2.3468 1.8703e+01     0.7482    82.9404 5.4579e-01 1.2563e+03  0.3319432     10.070    12.2240    285.625 0.0000e+00
      9.870    10.8007 204.609106     2.3468 1.8703e+01     0.7482    82.9404 5.2259e-01 1.2563e+03  0.3323590     10.065    12.2314    285.741 0.0000e+00
      9.865    10.7595 204.489443     2.3455 1.8809e+01     0.7482    82.9404 5.0794e-01 1.2563e+03  0.3319432     10.059    12.2345    285.903 0.0000e+00
      9.858    10.6955 204.393732     2.3455 1.8809e+01     0.7469    82.9666 5.0183e-01 1.2563e+03  0.3319432     10.052    12.2522    286.281 0.0000e+00
      9.853    10.6705 204.309965     2.3455 1.8862e+01     0.7482    82.9404 4.9695e-01 1.2563e+03  0.3319432     10.047    12.2571    286.364 -9.990e-29
      9.850    10.6624 204.321940     2.3468 1.8969e+01     0.7482    82.9404 4.8962e-01 1.2563e+03  0.3319432     10.044    12.2653    286.446 -9.990e-29
      9.848    10.6579 204.369819     2.3468 1.9076e+01     0.7482    82.9404 4.8718e-01 1.2563e+03  0.3319432     10.042    12.2648    286.550 -9.990e-29
      9.846    10.6474 204.489516     2.3455 1.9076e+01     0.7482    82.9404 4.8962e-01 1.2563e+03  0.3319432     10.040    12.2578    286.802 -9.990e-29
      9.845    10.6911 204.633116     2.3468 1.9185e+01     0.7469    82.9666 4.9451e-01 1.2563e+03  0.3319432     10.039    12.2511    286.652 -9.990e-29
      9.845    10.7804 204.932295     2.3468 1.9239e+01     0.7469    82.9666 5.0183e-01 1.2563e+03  0.3319432     10.039    12.2220    286.354 -9.990e-29
      9.846    10.8411 205.051953     2.3468 1.9239e+01     0.7482    82.9404 5.0061e-01 1.2563e+03  0.3319432     10.040    12.2026    286.036 -9.990e-29
      9.844    10.8660 205.135725     2.3468 1.9293e+01     0.7495    82.9143 5.0794e-01 1.2563e+03  0.3319432     10.038    12.1942    285.954 -9.990e-29
      9.842    10.8907 205.195556     2.3468 1.9293e+01     0.7495    82.9143 5.1770e-01 1.2563e+03  0.3319432     10.036    12.1858    285.841 -9.990e-29
      9.844    10.9101 205.255397     2.3455 1.9348e+01     0.7482    82.9404 5.2869e-01 1.2563e+03  0.3319432     10.038    12.1706    285.770 -9.990e-29
      9.845    10.9286 205.303264     2.3455 1.9293e+01     0.7495    82.9143 5.4945e-01 1.2563e+03  0.3319432     10.039    12.1642    285.689 -9.990e-29
      9.845    10.9389 205.279317     2.3455 1.9348e+01     0.7482    82.9404 5.7875e-01 1.2563e+03  0.3319432     10.039    12.1611    285.574 -9.990e-29
      9.844    10.9470 205.303252     2.3455 1.9348e+01     0.7482    82.9404 6.1172e-01 1.2563e+03  0.3319432     10.038    12.1586    285.543 -9.990e-29
      9.842    10.9498 205.243400     2.3455 1.9293e+01     0.7482    82.9404 6.4713e-01 1.2563e+03  0.3319432     10.036    12.1577    285.437 -9.990e-29
      9.841    10.9525 205.303247     2.3455 1.9293e+01     0.7419    83.0711 6.6422e-01 1.2563e+03  0.3319432     10.035    12.1568    285.499 -9.990e-29
      9.842    10.9624 205.315212     2.3443 1.9293e+01     0.7343    83.2280 6.7155e-01 1.2563e+03  0.3319432     10.036    12.1458    285.437 -9.990e-29
      9.843    10.9736 205.327175     2.3455 1.9293e+01     0.7331    83.2541 6.7033e-01 1.2563e+03  0.3319432     10.037    12.1510    285.365 -9.990e-29
      9.843    10.9824 205.410961     2.3443 1.9348e+01     0.7331    83.2541 6.6545e-01 1.2563e+03  0.3319432     10.037    12.1412    285.412 -9.990e-29
      9.843    10.9828 205.363079     2.3443 1.9348e+01     0.7343    83.2280 6.7888e-01 1.2563e+03  0.3319432     10.037    12.1410    285.342 -9.990e-29
      9.842    10.9664 205.267329     2.3431 1.9348e+01     0.7331    83.2541 6.8498e-01 1.2563e+03  0.3319432     10.036    12.1380    285.339 -9.990e-29
      9.841    10.9433 205.255374     2.3431 1.9293e+01     0.7343    83.2280 6.7155e-01 1.2563e+03  0.3319432     10.035    12.1449    285.506 -9.990e-29
      9.840    10.9207 205.183567     2.3431 1.9293e+01     0.7343    83.2280 6.6667e-01 1.2563e+03  0.3319432     10.034    12.1534    285.585 -9.990e-29
      9.840    10.9063 205.135698     2.3443 1.9293e+01     0.7331    83.2541 6.6911e-01 1.2563e+03  0.3319432     10.034    12.1674    285.633 -9.990e-29
      9.841    10.8987 205.087823     2.3431 1.9239e+01     0.7343    83.2280 6.7033e-01 1.2563e+03  0.3323590     10.035    12.1619    285.627 -9.990e-29
      9.841    10.8873 205.111771     2.3431 1.9239e+01     0.7331    83.2541 6.8987e-01 1.2563e+03  0.3327747     10.035    12.1653    285.751 -9.990e-29
      9.840    10.8822 205.135714     2.3419 1.9239e+01     0.7331    83.2541 7.0574e-01 1.2563e+03  0.3331905     10.034    12.1600    285.825 -9.990e-29
      9.840    10.8828 205.171623     2.3431 1.9239e+01     0.7343    83.2280 7.6435e-01 1.2563e+03  0.3327747     10.034    12.1704    285.871 -9.990e-29
      9.842    10.8904 205.123739     2.3431 1.9239e+01     0.7331    83.2541 7.8632e-01 1.2563e+03  0.3327747     10.036    12.1700    285.743 -9.990e-29
      9.842    10.8825 205.135715     2.3431 1.9239e+01     0.7343    83.2280 7.7534e-01 1.2563e+03  0.3327747     10.036    12.1734    285.823 -9.990e-29
      9.841    10.8797 205.159655     2.3443 1.9185e+01     0.7331    83.2541 7.1917e-01 1.2563e+03  0.3327747     10.035    12.1840    285.879 -9.990e-29
      9.841    10.8886 205.135710     2.3443 1.9185e+01     0.7318    83.2803 6.4347e-01 1.2563e+03  0.3327747     10.035    12.1824    285.774 -9.990e-29
      9.841    10.8963 205.195555     2.3443 1.9185e+01     0.7331    83.2541 5.8608e-01 1.2563e+03  0.3327747     10.035    12.1820    285.796 -9.990e-29
      9.841    10.9000 205.195552     2.3443 1.9130e+01     0.7331    83.2541 5.6532e-01 1.2563e+03  0.3327747     10.035    12.1830    285.767 -9.990e-29
      9.841    10.9028 205.207519     2.3443 1.9130e+01     0.7343    83.2280 5.5922e-01 1.2563e+03  0.3327747     10.035    12.1843    285.761 -9.990e-29
      9.842    10.9129 205.171604     2.3443 1.9130e+01     0.7381    83.1496 5.4701e-01 1.2543e+03  0.3327747     10.036    12.1815    285.631 -9.990e-29
      9.844    10.9405 205.195525     2.3455 1.9076e+01     0.7469    82.9666 5.2381e-01 1.2563e+03  0.3331905     10.038    12.1813    285.445 -9.990e-29
      9.846    10.9614 205.171571     2.3455 1.9076e+01     0.7482    82.9404 5.0794e-01 1.2563e+03  0.3331905     10.040    12.1753    285.246 -9.990e-29
      9.847    10.9374 205.159617     2.3455 1.9076e+01     0.7482    82.9404 4.8962e-01 1.2543e+03  0.3331905     10.041    12.1839    285.419 -9.990e-29
      9.847    10.9020 205.111761     2.3455 1.9076e+01     0.7482    82.9404 4.8962e-01 1.2543e+03  0.3331905     10.041    12.1951    285.634 -9.990e-29
      9.848    10.8974 205.027975     2.3455 1.9076e+01     0.7482    82.9404 5.1893e-01 1.2563e+03  0.3331905     10.042    12.1970    285.554 -9.990e-29
      9.848    10.8933 204.980099     2.3455 1.9076e+01     0.7482    82.9404 5.4823e-01 1.2563e+03  0.3327747     10.042    12.1978    285.520 -9.990e-29
      9.848    10.8690 205.004054     2.3455 1.9076e+01     0.7482    82.9404 5.5311e-01 1.2543e+03  0.3327747     10.042    12.2058    285.747 -9.990e-29
      9.847    10.8569 205.051942     2.3443 1.9023e+01     0.7482    82.9404 5.4823e-01 1.2543e+03  0.3327747     10.041    12.2013    285.910 -9.990e-29
      9.846    10.8708 205.039963     2.3455 1.9023e+01     0.7482    82.9404 5.5189e-01 1.2563e+03  0.3331905     10.040    12.2045    285.783 -9.990e-29
      9.845    10.8756 204.944201     2.3443 1.9023e+01     0.7469    82.9666 5.5922e-01 1.2543e+03  0.3327747     10.039    12.1939    285.611 -9.990e-29
      9.844    10.8502 204.992097     2.3455 1.9023e+01     0.7482    82.9404 5.5678e-01 1.2563e+03  0.3331905     10.038    12.2082    285.880 -9.990e-29
      9.843    10.8554 205.051941     2.3455 1.9023e+01     0.7482    82.9404 5.3602e-01 1.2543e+03  0.3331905     10.037    12.2053    285.922 -9.990e-29
      9.845    10.8757 205.075868     2.3443 1.9023e+01     0.7482    82.9404 5.1526e-01 1.2543e+03  0.3331905     10.039    12.1917    285.794 -9.990e-29
      9.848    10.8799 205.004048     2.3443 1.8969e+01     0.7482    82.9404 5.1282e-01 1.2543e+03  0.3331905     10.042    12.1890    285.660 -9.990e-29
      9.849    10.8630 205.016028     2.3455 1.8969e+01     0.7469    82.9666 5.1282e-01 1.2563e+03  0.3331905     10.043    12.2005    285.811 -9.990e-29
      9.849    10.8437 204.992101     2.3468 1.8969e+01     0.7482    82.9404 5.1648e-01 1.2543e+03  0.3336063     10.043    12.2116    285.932 -9.990e-29
      9.849    10.8308 205.004080     2.3455 1.8969e+01     0.7482    82.9404 5.3114e-01 1.2543e+03  0.3323590     10.043    12.2056    286.052 -9.990e-29
      9.849    10.8224 204.980146     2.3455 1.8969e+01     0.7482    82.9404 5.5067e-01 1.2563e+03  0.3311117     10.043    12.2066    286.085 -9.990e-29
      9.848    10.8165 204.980150     2.3455 1.8969e+01     0.7495    82.9143 5.5800e-01 1.2543e+03  0.3306959     10.042    12.2068    286.133 -9.990e-29
      9.848    10.8082 204.932276     2.3443 1.8969e+01     0.7545    82.8097 5.9096e-01 1.2563e+03  0.3306959     10.042    12.2008    286.132 -9.990e-29
      9.847    10.7979 204.920314     2.3455 1.8969e+01     0.7798    82.2870 6.2637e-01 1.2543e+03  0.3311117     10.041    12.2101    286.198 -9.990e-29
      9.846    10.7880 204.920320     2.3455 1.8969e+01     0.7900    82.0778 6.2637e-01 1.2543e+03  0.3311117     10.040    12.2124    286.277 -9.990e-29
      9.846    10.7860 204.884411     2.3455 1.8969e+01     0.7913    82.0517 6.2759e-01 1.2543e+03  0.3311117     10.040    12.2124    286.243 -9.990e-29
      9.847    10.7906 204.956229     2.3443 1.8969e+01     0.7900    82.0778 6.3370e-01 1.2543e+03  0.3311117     10.041    12.2025    286.306 -9.990e-29
      9.846    10.7974 204.932284     2.3443 1.8969e+01     0.7900    82.0778 6.4713e-01 1.2543e+03  0.3311117     10.040    12.1997    286.218 -9.990e-29
      9.844    10.8029 205.028038     2.3443 1.8969e+01     0.7900    82.0778 6.4469e-01 1.2543e+03  0.3311117     10.038    12.1982    286.308 -9.990e-29
      9.843    10.8072 205.004094     2.3455 1.8969e+01     0.7887    82.1040 6.4347e-01 1.2543e+03  0.3311117     10.037    12.2050    286.240 -9.990e-29
      9.844    10.8089 204.980155     2.3443 1.8969e+01     0.7900    82.0778 6.3980e-01 1.2543e+03  0.3311117     10.038    12.1969    286.193 -9.990e-29
      9.846    10.8099 205.111822     2.3443 1.8969e+01     0.7900    82.0778 6.5079e-01 1.2543e+03  0.3311117     10.040    12.1969    286.369 -9.990e-29
      9.847    10.8139 205.051970     2.3443 1.8969e+01     0.7887    82.1040 6.4469e-01 1.2543e+03  0.3311117     10.041    12.1952    286.254 -9.990e-29
      9.847    10.8228 205.099844     2.3443 1.8969e+01     0.7887    82.1040 6.3858e-01 1.2543e+03  0.3311117     10.041    12.1912    286.249 -9.990e-29
      9.848    10.8294 205.099840     2.3443 1.8969e+01     0.7900    82.0778 6.9109e-01 1.2543e+03  0.3311117     10.042    12.1897    286.196 -9.990e-29
