data/05_metadata_exports/SeabirdData/202305_SeabirdData/83366_stn35-day.cnv
* Sea-Bird SBE 9 Data File:
* FileName = C:\Users\rosette\Rosette Data\2023\Ontario CSMI\stn35-day.hex
* Software Version Seasave V 7.26.6.26
* Temperature SN = 5270
* Conductivity SN = 1168
* Number of Bytes Per Scan = 40
* Number of Voltage Words = 5
* Number of Scans Averaged by the Deck Unit = 1
* NMEA Latitude = 43 21.72 N
* NMEA Longitude = 078 43.79 W
* NMEA UTC (Time) = Oct 02 2003  11:54:02
* NMEA baud rate = 4800
** Ship: Lake Guardian
** Ontario CSMI LWFS
** Station:  stn35-day
# nquan = 14                                
# nvalues = 12331                       
# units = specified
# name 0 = prDM: Pressure, Digiquartz [db]
# name 1 = t090C: Temperature [ITS-90, deg C]
# name 2 = c0uS/cm: Conductivity [uS/cm]
# name 3 = sbeox0V: Oxygen raw, SBE 43 [V]
# name 4 = par: PAR/Irradiance, Biospherical/Licor
# name 5 = bat: Beam Attenuation, Chelsea/Seatech [1/m]
# name 6 = xmiss: Beam Transmission, Chelsea/Seatech [%]
# name 7 = flSP: Fluorescence, Seapoint
# name 8 = spar: SPAR, Biospherical/Licor
# name 9 = upoly0: Upoly 0, Suna Nitrate
# name 10 = depFM: Depth [fresh water, m], lat = 43.362
# name 11 = sbeox0Mg/L: Oxygen, SBE 43 [mg/l], WS = 2
# name 12 = specc: Specific Conductance [uS/cm]
# name 13 = flag: flag
# span 0 =     -0.232,     26.722       
# span 1 =   -31.3522,    11.3843       
# span 2 =   9.694468, 207.182336       
# span 3 =     1.7497,     2.4017       
# span 4 = 1.0000e-12, 1.5845e+03       
# span 5 =     0.0332,     4.8463       
# span 6 =    29.7728,    99.1730       
# span 7 = 0.0000e+00, 1.6935e+00       
# span 8 = 1.2149e+03, 1.2642e+03       
# span 9 =  0.0741704,  0.3776771       
# span 10 =     -0.237,     27.249      
# span 11 =  -195.9283,    13.0433      
# span 12 =   -400.872,    689.613      
# span 13 = 0.0000e+00, 0.0000e+00      
# interval = seconds: 0.0416667
# start_time = Oct 02 2003 11:54:02 [NMEA time, header]
# bad_flag = -9.990e-29
*END*
[from data line 2168]
      2.346    11.3719 196.186348     1.9011 3.9391e+02     1.2001    74.0792 8.2295e-01 1.2189e+03  0.2945246      2.392     9.0405    269.675 -9.990e-29
      2.346    11.3719 196.186349     1.8999 3.7870e+02     1.2001    74.0792 8.4371e-01 1.2189e+03  0.2945246      2.392     9.0327    269.675 -9.990e-29
      2.347    11.3719 196.198306     1.8987 3.7658e+02     1.1987    74.1053 8.4982e-01 1.2189e+03  0.2949403      2.393     9.0255    269.691 -9.990e-29
      2.348    11.3722 196.282011     1.8987 3.7870e+02     1.2001    74.0792 8.3883e-01 1.2189e+03  0.2945246      2.394     9.0250    269.804 -9.990e-29
      2.348    11.3719 196.270052     1.8987 3.8084e+02     1.1987    74.1053 8.2784e-01 1.2189e+03  0.2945246      2.394     9.0253    269.790 -9.990e-29
      2.348    11.3721 196.305925     1.8987 3.8084e+02     1.2001    74.0792 8.3272e-01 1.2189e+03  0.2945246      2.394     9.0244    269.838 -9.990e-29
      2.351    11.3722 196.305926     1.8974 3.7870e+02     1.1987    74.1053 8.4493e-01 1.2189e+03  0.2945246      2.397     9.0169    269.837 -9.990e-29
      2.353    11.3719 196.270053     1.8974 3.7658e+02     1.2001    74.0792 8.6203e-01 1.2189e+03  0.2945246      2.399     9.0176    269.790 -9.990e-29
      2.353    11.3720 196.270053     1.8962 3.7658e+02     1.2016    74.0530 8.6935e-01 1.2189e+03  0.2945246      2.399     9.0095    269.789 -9.990e-29
      2.353    11.3716 196.293968     1.8950 3.7870e+02     1.2016    74.0530 8.6691e-01 1.2189e+03  0.2945246      2.399     9.0021    269.825 -9.990e-29
      2.353    11.3714 196.305926     1.8950 3.8191e+02     1.2001    74.0792 8.6081e-01 1.2189e+03  0.2945246      2.399     9.0023    269.843 -9.990e-29
      2.353    11.3711 196.305925     1.8950 3.8298e+02     1.2016    74.0530 8.6325e-01 1.2189e+03  0.2945246      2.399     9.0023    269.845 -9.990e-29
      2.354    11.3707 196.341800     1.8950 3.8191e+02     1.2016    74.0530 8.6935e-01 1.2189e+03  0.2945246      2.400     9.0013    269.897 -9.990e-29
      2.354    11.3703 196.317885     1.8938 3.7870e+02     1.2016    74.0530 8.6935e-01 1.2189e+03  0.2945246      2.400     8.9933    269.867 -9.990e-29
      2.355    11.3700 196.270053     1.8938 3.7870e+02     1.2030    74.0269 8.6325e-01 1.2189e+03  0.2945246      2.401     8.9937    269.804 -9.990e-29
      2.355    11.3700 196.222224     1.8926 3.8084e+02     1.2016    74.0530 8.5470e-01 1.2189e+03  0.2945246      2.401     8.9862    269.738 -9.990e-29
      2.356    11.3700 196.138519     1.8926 3.9280e+02     1.2016    74.0530 8.4615e-01 1.2208e+03  0.2945246      2.402     8.9862    269.623 -9.990e-29
      2.357    11.3704 196.138520     1.8913 3.9613e+02     1.2016    74.0530 8.4493e-01 1.2189e+03  0.2945246      2.403     8.9785    269.620 -9.990e-29
      2.359    11.3708 196.102647     1.8913 3.9949e+02     1.2016    74.0530 8.4127e-01 1.2189e+03  0.2945246      2.406     8.9781    269.568 -9.990e-29
      2.359    11.3711 196.114605     1.8913 4.2141e+02     1.2016    74.0530 8.3516e-01 1.2208e+03  0.2945246      2.406     8.9767    269.582 -9.990e-29
      2.358    11.3714 196.030902     1.8901 4.3100e+02     1.2016    74.0530 8.3028e-01 1.2189e+03  0.2949403      2.404     8.9684    269.465 -9.990e-29
      2.357    11.3719 195.971115     1.8889 4.3343e+02     1.2016    74.0530 8.3272e-01 1.2208e+03  0.2945246      2.403     8.9606    269.379 -9.990e-29
      2.357    11.3718 195.923287     1.8901 4.5722e+02     1.2016    74.0530 8.4737e-01 1.2208e+03  0.2932773      2.403     8.9683    269.314 -9.990e-29
      2.357    11.3722 195.863500     1.8889 4.7291e+02     1.2016    74.0530 8.5836e-01 1.2189e+03  0.2932773      2.403     8.9603    269.229 -9.990e-29
      2.358    11.3724 195.815672     1.8877 4.7424e+02     1.2016    74.0530 8.5348e-01 1.2208e+03  0.2932773      2.404     8.9521    269.161 -9.990e-29
      2.359    11.3726 195.743930     1.8877 4.4957e+02     1.2001    74.0792 8.3516e-01 1.2189e+03  0.2932773      2.406     8.9524    269.061 -9.990e-29
      2.359    11.3729 195.731973     1.8877 4.3100e+02     1.2016    74.0530 8.1807e-01 1.2189e+03  0.2932773      2.406     8.9525    269.043 -9.990e-29
      2.358    11.3731 195.684144     1.8864 4.2858e+02     1.2016    74.0530 8.0342e-01 1.2208e+03  0.2932773      2.404     8.9442    268.976 -9.990e-29
      2.358    11.3732 195.672188     1.8864 4.3343e+02     1.2030    74.0269 7.9853e-01 1.2208e+03  0.2932773      2.404     8.9439    268.958 -9.990e-29
      2.358    11.3729 195.624361     1.8852 4.3833e+02     1.2016    74.0530 8.1319e-01 1.2189e+03  0.2932773      2.404     8.9368    268.895 -9.990e-29
      2.356    11.3727 195.612404     1.8852 4.3957e+02     1.2001    74.0792 8.3639e-01 1.2208e+03  0.2932773      2.402     8.9372    268.880 -9.990e-29
      2.355    11.3721 195.612403     1.8852 4.4329e+02     1.1987    74.1053 8.4249e-01 1.2189e+03  0.2932773      2.401     8.9375    268.884 -9.990e-29
      2.354    11.3700 195.612406     1.8840 4.5084e+02     1.2001    74.0792 8.3516e-01 1.2208e+03  0.2932773      2.400     8.9311    268.900 -9.990e-29
      2.353    11.3657 195.576537     1.8852 4.5211e+02     1.2001    74.0792 8.3272e-01 1.2189e+03  0.2932773      2.399     8.9396    268.882 -9.990e-29
      2.352    11.3576 195.672198     1.8840 4.4081e+02     1.1987    74.1053 8.3272e-01 1.2189e+03  0.2932773      2.398     8.9334    269.074 -9.990e-29
      2.351    11.3478 195.672204     1.8828 4.1670e+02     1.1987    74.1053 8.3272e-01 1.2189e+03  0.2932773      2.397     8.9290    269.146 -9.990e-29
      2.349    11.3375 195.636339     1.8816 4.0973e+02     1.1987    74.1053 8.3150e-01 1.2208e+03  0.2932773      2.395     8.9245    269.173 -9.990e-29
      2.348    11.3272 195.660259     1.8816 4.1204e+02     1.2001    74.0792 8.2906e-01 1.2208e+03  0.2932773      2.394     8.9276    269.283 -9.990e-29
      2.348    11.3182 195.696137     1.8816 4.1670e+02     1.2001    74.0792 8.2906e-01 1.2189e+03  0.2932773      2.394     8.9303    269.399 -9.990e-29
      2.348    11.3104 195.648313     1.8803 4.1787e+02     1.1987    74.1053 8.3639e-01 1.2189e+03  0.2932773      2.394     8.9241    269.391 -9.990e-29
      2.348    11.3039 195.660275     1.8803 4.1436e+02     1.1987    74.1053 8.4615e-01 1.2189e+03  0.2932773      2.394     8.9267    269.455 -9.990e-29
      2.346    11.2983 195.708106     1.8803 3.9280e+02     1.2001    74.0792 8.4615e-01 1.2189e+03  0.2932773      2.392     8.9281    269.563 -9.990e-29
      2.344    11.2932 195.708109     1.8791 3.8406e+02     1.2001    74.0792 8.4249e-01 1.2189e+03  0.2932773      2.390     8.9213    269.601 -9.990e-29
      2.343    11.2881 195.791811     1.8779 3.8515e+02     1.2001    74.0792 8.4615e-01 1.2189e+03  0.2932773      2.389     8.9144    269.754 -9.990e-29
      2.342    11.2827 195.732030     1.8779 4.0858e+02     1.1987    74.1053 8.4493e-01 1.2189e+03  0.2932773      2.388     8.9160    269.712 -9.990e-29
      2.340    11.2776 195.767903     1.8779 4.2141e+02     1.2001    74.0792 8.3516e-01 1.2189e+03  0.2932773      2.386     8.9165    269.799 -9.990e-29
      2.339    11.2722 195.767907     1.8779 4.2260e+02     1.2001    74.0792 8.2418e-01 1.2189e+03  0.2936931      2.385     8.9170    269.839 -9.990e-29
      2.339    11.2670 195.767911     1.8767 4.2738e+02     1.2001    74.0792 8.1685e-01 1.2189e+03  0.2932773      2.385     8.9112    269.878 -9.990e-29
      2.339    11.2619 195.732042     1.8767 4.3100e+02     1.2001    74.0792 8.0952e-01 1.2189e+03  0.2928615      2.385     8.9129    269.867 -9.990e-29
      2.338    11.2570 195.684218     1.8755 4.3221e+02     1.2030    74.0269 8.0708e-01 1.2189e+03  0.2924458      2.384     8.9059    269.837 -9.990e-29
      2.338    11.2520 195.744007     1.8755 4.1088e+02     1.2030    74.0269 8.0220e-01 1.2189e+03  0.2924458      2.384     8.9072    269.957 -9.990e-29
      2.337    11.2472 195.767923     1.8755 3.9170e+02     1.2016    74.0530 7.9487e-01 1.2189e+03  0.2924458      2.383     8.9092    270.025 -9.990e-29
      2.337    11.2424 195.732055     1.8742 3.8950e+02     1.2030    74.0269 7.9365e-01 1.2189e+03  0.2924458      2.383     8.9026    270.012 -9.990e-29
      2.337    11.2378 195.708145     1.8742 3.8841e+02     1.2030    74.0269 7.9731e-01 1.2189e+03  0.2928615      2.383     8.9040    270.013 -9.990e-29
      2.336    11.2331 195.708147     1.8730 3.8623e+02     1.2030    74.0269 8.0220e-01 1.2189e+03  0.2924458      2.382     8.8975    270.048 -9.990e-29
      2.335    11.2283 195.744021     1.8730 3.8515e+02     1.2030    74.0269 8.0830e-01 1.2189e+03  0.2924458      2.381     8.8986    270.133 -9.990e-29
      2.336    11.2232 195.779895     1.8730 3.9170e+02     1.2030    74.0269 8.2173e-01 1.2189e+03  0.2924458      2.382     8.9004    270.221 -9.990e-29
      2.336    11.2174 195.767943     1.8718 4.0287e+02     1.2030    74.0269 8.2662e-01 1.2189e+03  0.2924458      2.382     8.8935    270.248 -9.990e-29
      2.336    11.2117 195.767945     1.8718 4.0628e+02     1.2030    74.0269 8.2540e-01 1.2189e+03  0.2924458      2.382     8.8968    270.290 -9.990e-29
      2.336    11.2046 195.779907     1.8730 4.1204e+02     1.2030    74.0269 8.2662e-01 1.2189e+03  0.2928615      2.382     8.9071    270.360 -9.990e-29
      2.336    11.1963 195.767956     1.8718 4.2858e+02     1.2030    74.0269 8.3516e-01 1.2189e+03  0.2928615      2.382     8.9020    270.405 -9.990e-29
      2.336    11.1871 195.779918     1.8706 4.3465e+02     1.2030    74.0269 8.5348e-01 1.2189e+03  0.2928615      2.382     8.8960    270.491 -9.990e-29
      2.335    11.1773 195.767967     1.8706 4.3343e+02     1.2030    74.0269 8.6935e-01 1.2189e+03  0.2928615      2.381     8.8985    270.547 -9.990e-29
      2.335    11.1667 195.827759     1.8694 4.2979e+02     1.2030    74.0269 8.7057e-01 1.2189e+03  0.2928615      2.381     8.8940    270.709 -9.990e-29
      2.336    11.1562 195.875595     1.8706 4.2738e+02     1.2030    74.0269 8.5714e-01 1.2189e+03  0.2928615      2.382     8.9039    270.854 -9.990e-29
      2.336    11.1457 195.851687     1.8681 4.2738e+02     1.2030    74.0269 8.4982e-01 1.2189e+03  0.2928615      2.382     8.8914    270.900 -9.990e-29
      2.336    11.1350 195.827779     1.8681 4.1670e+02     1.2016    74.0530 8.4493e-01 1.2189e+03  0.2924458      2.382     8.8949    270.947 -9.990e-29
      2.336    11.1247 195.863658     1.8669 4.1204e+02     1.2030    74.0269 8.4127e-01 1.2208e+03  0.2924458      2.382     8.8902    271.074 -9.990e-29
      2.335    11.1150 195.887578     1.8669 4.1204e+02     1.2030    74.0269 8.4371e-01 1.2208e+03  0.2928615      2.381     8.8920    271.180 -9.990e-29
      2.335    11.1061 195.887583     1.8657 4.0287e+02     1.2058    73.9746 8.6203e-01 1.2189e+03  0.2928615      2.381     8.8874    271.247 -9.990e-29
      2.336    11.0987 195.899545     1.8657 3.9836e+02     1.2086    73.9223 8.7790e-01 1.2189e+03  0.2928615      2.382     8.8899    271.319 -9.990e-29
      2.337    11.0922 195.983251     1.8657 3.9725e+02     1.2086    73.9223 8.7668e-01 1.2189e+03  0.2928615      2.383     8.8928    271.484 -9.990e-29
      2.337    11.0877 195.971296     1.8657 3.9060e+02     1.2086    73.9223 8.6935e-01 1.2189e+03  0.2928615      2.383     8.8942    271.501 -9.990e-29
      2.337    11.0841 195.995212     1.8645 3.8515e+02     1.2072    73.9485 8.7057e-01 1.2189e+03  0.2928615      2.383     8.8882    271.561 -9.990e-29
      2.337    11.0803 196.007173     1.8645 3.8406e+02     1.2072    73.9485 8.7179e-01 1.2189e+03  0.2949403      2.383     8.8898    271.606 -9.990e-29
      2.337    11.0769 196.043046     1.8645 4.0743e+02     1.2072    73.9485 8.6935e-01 1.2189e+03  0.2961876      2.383     8.8910    271.682 -9.990e-29
      2.337    11.0726 196.078921     1.8645 4.3465e+02     1.2072    73.9485 8.6691e-01 1.2189e+03  0.2961876      2.383     8.8930    271.764 -9.990e-29
      2.338    11.0670 196.126756     1.8632 4.3957e+02     1.2072    73.9485 8.6447e-01 1.2189e+03  0.2961876      2.384     8.8865    271.872 -9.990e-29
      2.338    11.0600 196.126760     1.8632 4.5211e+02     1.2086    73.9223 8.5958e-01 1.2208e+03  0.2961876      2.384     8.8893    271.925 -9.990e-29
      2.338    11.0518 196.126765     1.8620 4.7291e+02     1.2072    73.9485 8.5104e-01 1.2189e+03  0.2961876      2.384     8.8835    271.987 -9.990e-29
      2.339    11.0421 196.162644     1.8620 4.7826e+02     1.2072    73.9485 8.4493e-01 1.2189e+03  0.2961876      2.385     8.8871    272.110 -9.990e-29
      2.338    11.0315 196.198523     1.8608 4.7158e+02     1.2072    73.9485 8.4493e-01 1.2189e+03  0.2961876      2.384     8.8838    272.240 -9.990e-29
      2.339    11.0208 196.186572     1.8620 4.5594e+02     1.2086    73.9223 8.4493e-01 1.2189e+03  0.2961876      2.385     8.8948    272.304 -9.990e-29
      2.340    11.0092 196.246369     1.8608 4.5084e+02     1.2086    73.9223 8.4493e-01 1.2189e+03  0.2961876      2.386     8.8910    272.475 -9.990e-29
      2.340    10.9968 196.306164     1.8608 4.4579e+02     1.2072    73.9485 8.6325e-01 1.2189e+03  0.2961876      2.386     8.8965    272.652 -9.990e-29
      2.341    10.9845 196.330088     1.8596 4.3100e+02     1.2072    73.9485 8.8523e-01 1.2189e+03  0.2961876      2.387     8.8940    272.778 -9.990e-29
      2.342    10.9718 196.270308     1.8596 4.2618e+02     1.2072    73.9485 8.8400e-01 1.2189e+03  0.2961876      2.388     8.8982    272.791 -9.990e-29
      2.343    10.9595 196.330103     1.8596 4.2498e+02     1.2072    73.9485 8.6935e-01 1.2189e+03  0.2961876      2.389     8.9028    272.968 -9.990e-29
      2.343    10.9469 196.330113     1.8584 4.2498e+02     1.2072    73.9485 8.5836e-01 1.2189e+03  0.2961876      2.389     8.8993    273.064 -9.990e-29
      2.344    10.9350 196.330119     1.8596 4.2498e+02     1.2072    73.9485 8.5836e-01 1.2189e+03  0.2961876      2.390     8.9127    273.154 -9.990e-29
      2.343    10.9245 196.366000     1.8584 4.2498e+02     1.2058    73.9746 8.5226e-01 1.2189e+03  0.2961876      2.389     8.9079    273.284 -9.990e-29
      2.342    10.9146 196.389921     1.8584 4.3465e+02     1.2058    73.9746 8.4249e-01 1.2189e+03  0.2961876      2.388     8.9122    273.392 -9.990e-29
      2.341    10.9056 196.425802     1.8571 4.4081e+02     1.2058    73.9746 8.6691e-01 1.2189e+03  0.2961876      2.387     8.9075    273.511 -9.990e-29
      2.340    10.8966 196.425807     1.8584 4.4081e+02     1.2058    73.9746 9.2796e-01 1.2208e+03  0.2961876      2.386     8.9201    273.580 -9.990e-29
      2.339    10.8873 196.461686     1.8571 4.1787e+02     1.2058    73.9746 9.2674e-01 1.2189e+03  0.2961876      2.385     8.9145    273.700 -9.990e-29
      2.340    10.8781 196.485608     1.8571 4.0174e+02     1.2072    73.9485 8.8645e-01 1.2189e+03  0.2961876      2.386     8.9178    273.804 -9.990e-29
      2.341    10.8690 196.485615     1.8559 3.9949e+02     1.2058    73.9746 8.5836e-01 1.2189e+03  0.2961876      2.387     8.9137    273.873 -9.990e-29
      2.342    10.8607 196.521493     1.8559 4.0401e+02     1.2058    73.9746 8.4615e-01 1.2189e+03  0.2961876      2.388     8.9176    273.987 -9.990e-29
      2.342    10.8528 196.545416     1.8559 4.0858e+02     1.2058    73.9746 8.3516e-01 1.2189e+03  0.2961876      2.388     8.9210    274.081 -9.990e-29
      2.342    10.8450 196.581294     1.8547 4.0973e+02     1.2058    73.9746 8.2906e-01 1.2189e+03  0.2961876      2.388     8.9170    274.190 -9.990e-29
      2.342    10.8374 196.617174     1.8547 4.0973e+02     1.2072    73.9485 8.3150e-01 1.2189e+03  0.2945246      2.388     8.9212    274.299 -9.990e-29
      2.341    10.8294 196.581304     1.8547 4.1088e+02     1.2058    73.9746 8.3394e-01 1.2189e+03  0.2928615      2.387     8.9258    274.310 -9.990e-29
