data/05_metadata_exports/SeabirdData/202305_SeabirdData/83373_stn34-day.cnv
* Sea-Bird SBE 9 Data File:
* FileName = C:\Users\rosette\Rosette Data\2023\Ontario CSMI\stn34-day.hex
* Software Version Seasave V 7.26.6.26
* Temperature SN = 5270
* Conductivity SN = 1168
* Number of Bytes Per Scan = 40
* Number of Voltage Words = 5
* Number of Scans Averaged by the Deck Unit = 1
* NMEA Latitude = 43 27.68 N
* NMEA Longitude = 078 45.55 W
* NMEA UTC (Time) = Oct 02 2003  12:59:11
* NMEA baud rate = 4800
** Ship: Lake Guardian
** Ontario CSMI LWFS
** Station:  stn34-day
# nquan = 14                                
# nvalues = 22750                       
# units = specified
# name 0 = prDM: Pressure, Digiquartz [db]
# name 1 = t090C: Temperature [ITS-90, deg C]
# name 2 = c0uS/cm: Conductivity [uS/cm]
# name 3 = sbeox0V: Oxygen raw, SBE 43 [V]
# name 4 = par: PAR/Irradiance, Biospherical/Licor
# name 5 = bat: Beam Attenuation, Chelsea/Seatech [1/m]
# name 6 = xmiss: Beam Transmission, Chelsea/Seatech [%]
# name 7 = flSP: Fluorescence, Seapoint
# name 8 = spar: SPAR, Biospherical/Licor
# name 9 = upoly0: Upoly 0, Suna Nitrate
# name 10 = depFM: Depth [fresh water, m], lat = 43.4613
# name 11 = sbeox0Mg/L: Oxygen, SBE 43 [mg/l], WS = 2
# name 12 = specc: Specific Conductance [uS/cm]
# name 13 = flag: flag
# span 0 =     -0.303,    132.202       
# span 1 =     3.8393,     8.7341       
# span 2 =  14.889515, 325.433739       
# span 3 =     1.8266,     2.5153       
# span 4 = 1.0000e-12, 2.5339e+03       
# span 5 =    -0.0171,     1.8120       
# span 6 =    63.5711,   100.4277       
# span 7 = 0.0000e+00, 2.4103e+00       
# span 8 = 1.5713e+03, 1.6442e+03       
# span 9 =  0.0745862,  0.3984652       
# span 10 =     -0.309,    134.808      
# span 11 =     9.2712,    14.1776      
# span 12 =     22.439,    487.090      
# span 13 = 0.0000e+00, 0.0000e+00      
# interval = seconds: 0.0416667
# start_time = Oct 02 2003 12:59:11 [NMEA time, header]
# bad_flag = -9.990e-29
*END*
[from data line 13420]
    132.067     3.8579 182.524423     2.0403 1.0000e-12     0.0788    98.0490 3.9072e-02 1.6166e+03  0.3959707    134.671    12.5626    316.237 -9.990e-29
    132.067     3.8582 182.512483     2.0415 1.0000e-12     0.0788    98.0490 4.0293e-02 1.6166e+03  0.3963864    134.671    12.5712    316.213 -9.990e-29
    132.066     3.8580 182.560240     2.0415 1.0000e-12     0.0788    98.0490 4.1514e-02 1.6166e+03  0.3963864    134.670    12.5704    316.298 -9.990e-29
    132.066     3.8580 182.536361     2.0415 1.0000e-12     0.0788    98.0490 4.1514e-02 1.6166e+03  0.3959707    134.670    12.5694    316.256 -9.990e-29
    132.066     3.8580 182.512483     2.0403 1.0000e-12     0.0788    98.0490 4.0293e-02 1.6166e+03  0.3959707    134.670    12.5587    316.215 -9.990e-29
    132.068     3.8579 182.536362     2.0403 1.0000e-12     0.0788    98.0490 4.2735e-02 1.6166e+03  0.3959707    134.672    12.5592    316.257 -9.990e-29
    132.068     3.8580 182.512484     2.0415 1.0000e-12     0.0788    98.0490 4.3956e-02 1.6166e+03  0.3959707    134.672    12.5692    316.215 -9.990e-29
    132.067     3.8584 182.512482     2.0403 1.0000e-12     0.0777    98.0752 4.3956e-02 1.6166e+03  0.3963864    134.671    12.5599    316.211 -9.990e-29
    132.066     3.8580 182.548301     2.0415 1.0000e-12     0.0788    98.0490 4.2735e-02 1.6166e+03  0.3959707    134.670    12.5700    316.277 -9.990e-29
    132.064     3.8582 182.536361     2.0415 1.0000e-12     0.0788    98.0490 4.1514e-02 1.6166e+03  0.3959707    134.668    12.5688    316.254 -9.990e-29
    132.063     3.8580 182.560239     2.0415 1.0000e-12     0.0788    98.0490 3.9072e-02 1.6166e+03  0.3959707    134.667    12.5677    316.298 -9.990e-29
    132.063     3.8580 182.584118     2.0415 1.0000e-12     0.0788    98.0490 3.9072e-02 1.6166e+03  0.3963864    134.667    12.5665    316.339 -9.990e-29
    132.062     3.8580 182.572178     2.0415 1.0000e-12     0.0788    98.0490 3.7851e-02 1.6166e+03  0.3959707    134.666    12.5651    316.318 -9.990e-29
    132.062     3.8582 182.584117     2.0415 1.0000e-12     0.0788    98.0490 3.6630e-02 1.6166e+03  0.3959707    134.666    12.5668    316.337 -9.990e-29
    132.064     3.8582 182.584118     2.0415 1.0000e-12     0.0788    98.0490 3.7851e-02 1.6166e+03  0.3959707    134.668    12.5669    316.337 -9.990e-29
    132.063     3.8584 182.524423     2.0415 1.0000e-12     0.0799    98.0229 3.7851e-02 1.6166e+03  0.3959707    134.667    12.5654    316.231 -9.990e-29
    132.061     3.8580 182.596057     2.0415 1.0000e-12     0.0799    98.0229 3.6630e-02 1.6166e+03  0.3963864    134.665    12.5640    316.360 -9.990e-29
    132.060     3.8582 182.596057     2.0415 1.0000e-12     0.0809    97.9968 3.6630e-02 1.6166e+03  0.3963864    134.664    12.5639    316.358 -9.990e-29
    132.059     3.8582 182.536362     2.0427 1.0000e-12     0.0809    97.9968 3.6630e-02 1.6166e+03  0.3963864    134.663    12.5735    316.254 -9.990e-29
    132.058     3.8580 182.524422     2.0427 1.0000e-12     0.0799    98.0229 3.6630e-02 1.6166e+03  0.3963864    134.662    12.5736    316.236 -9.990e-29
    132.056     3.8584 182.572178     2.0415 1.0000e-12     0.0799    98.0229 3.9072e-02 1.6166e+03  0.3959707    134.660    12.5654    316.314 -9.990e-29
    132.057     3.8582 182.572178     2.0415 1.0000e-12     0.0799    98.0229 4.1514e-02 1.6166e+03  0.3955549    134.661    12.5671    316.316 -9.990e-29
    132.057     3.8582 182.572179     2.0415 1.0000e-12     0.0799    98.0229 4.3956e-02 1.6166e+03  0.3951391    134.661    12.5686    316.316 -9.990e-29
    132.057     3.8584 182.572178     2.0427 1.0000e-12     0.0799    98.0229 4.5177e-02 1.6166e+03  0.3951391    134.661    12.5765    316.314 -9.990e-29
    132.057     3.8582 182.572178     2.0415 1.0000e-12     0.0809    97.9968 4.5177e-02 1.6166e+03  0.3951391    134.661    12.5668    316.316 -9.990e-29
    132.058     3.8584 182.572179     2.0415 1.0000e-12     0.0799    98.0229 4.3956e-02 1.6166e+03  0.3951391    134.662    12.5650    316.314 -9.990e-29
    132.058     3.8580 182.572178     2.0415 1.0000e-12     0.0799    98.0229 4.1514e-02 1.6166e+03  0.3951391    134.662    12.5650    316.318 -9.990e-29
    132.057     3.8584 182.548301     2.0415 1.0000e-12     0.0809    97.9968 4.1514e-02 1.6166e+03  0.3951391    134.661    12.5662    316.273 -9.990e-29
    132.056     3.8582 182.584117     2.0415 1.0000e-12     0.0809    97.9968 4.0293e-02 1.6166e+03  0.3951391    134.660    12.5675    316.337 -9.990e-29
    132.054     3.8582 182.548300     2.0415 1.0000e-12     0.0799    98.0229 4.0293e-02 1.6166e+03  0.3951391    134.658    12.5656    316.275 -9.990e-29
    132.054     3.8582 182.560239     2.0415 1.0000e-12     0.0799    98.0229 3.9072e-02 1.6166e+03  0.3951391    134.658    12.5637    316.296 -9.990e-29
    132.055     3.8582 182.572179     2.0415 1.0000e-12     0.0799    98.0229 3.6630e-02 1.6166e+03  0.3951391    134.659    12.5632    316.316 -9.990e-29
    132.054     3.8582 182.524422     2.0415 1.0000e-12     0.0809    97.9968 3.5409e-02 1.6166e+03  0.3951391    134.658    12.5612    316.233 -9.990e-29
    132.053     3.8580 182.512483     2.0415 1.0000e-12     0.0809    97.9968 3.5409e-02 1.6166e+03  0.3951391    134.657    12.5608    316.215 -9.990e-29
    132.053     3.8582 182.524422     2.0415 1.0000e-12     0.0799    98.0229 3.5409e-02 1.6166e+03  0.3951391    134.657    12.5617    316.233 -9.990e-29
    132.054     3.8582 182.536362     2.0415 1.0000e-12     0.0799    98.0229 3.5409e-02 1.6166e+03  0.3951391    134.658    12.5627    316.254 -9.990e-29
    132.053     3.8582 182.560239     2.0415 1.0000e-12     0.0788    98.0490 3.5409e-02 1.6166e+03  0.3951391    134.657    12.5620    316.296 -9.990e-29
    132.052     3.8580 182.536361     2.0427 1.0000e-12     0.0767    98.1013 3.5409e-02 1.6166e+03  0.3951391    134.656    12.5711    316.256 -9.990e-29
    132.051     3.8582 182.560239     2.0415 1.0000e-12     0.0767    98.1013 3.6630e-02 1.6166e+03  0.3951391    134.655    12.5608    316.296 -9.990e-29
    132.052     3.8582 182.572178     2.0415 1.0000e-12     0.0767    98.1013 3.6630e-02 1.6166e+03  0.3951391    134.656    12.5602    316.316 -9.990e-29
    132.053     3.8580 182.572179     2.0415 1.0000e-12     0.0767    98.1013 3.7851e-02 1.6166e+03  0.3951391    134.657    12.5596    316.318 -9.990e-29
    132.053     3.8582 182.524422     2.0415 1.0000e-12     0.0767    98.1013 3.9072e-02 1.6166e+03  0.3951391    134.657    12.5604    316.233 -9.990e-29
    132.052     3.8580 182.596058     2.0415 1.0000e-12     0.0767    98.1013 4.0293e-02 1.6166e+03  0.3951391    134.656    12.5598    316.360 -9.990e-29
    132.050     3.8580 182.584116     2.0415 1.0000e-12     0.0777    98.0752 4.1514e-02 1.6166e+03  0.3951391    134.653    12.5607    316.339 -9.990e-29
    132.051     3.8579 182.548300     2.0415 1.0000e-12     0.0767    98.1013 4.2735e-02 1.6166e+03  0.3951391    134.655    12.5616    316.278 -9.990e-29
    132.053     3.8580 182.560240     2.0427 1.0000e-12     0.0767    98.1013 4.5177e-02 1.6166e+03  0.3951391    134.657    12.5706    316.298 -9.990e-29
    132.053     3.8580 182.584117     2.0427 1.0000e-12     0.0767    98.1013 4.7619e-02 1.6166e+03  0.3951391    134.657    12.5701    316.339 -9.990e-29
    132.052     3.8582 182.596057     2.0415 1.0000e-12     0.0767    98.1013 5.0061e-02 1.6166e+03  0.3947234    134.656    12.5598    316.358 -9.990e-29
    132.053     3.8582 182.536361     2.0415 1.0000e-12     0.0777    98.0752 5.2503e-02 1.6166e+03  0.3947234    134.657    12.5624    316.254 -9.990e-29
    132.054     3.8582 182.572179     2.0415 1.0000e-12     0.0777    98.0752 5.3724e-02 1.6166e+03  0.3947234    134.658    12.5633    316.316 -9.990e-29
    132.054     3.8580 182.572178     2.0415 1.0000e-12     0.0777    98.0752 5.1282e-02 1.6166e+03  0.3947234    134.658    12.5627    316.318 -9.990e-29
    132.054     3.8582 182.536361     2.0427 1.0000e-12     0.0777    98.0752 4.8840e-02 1.6166e+03  0.3947234    134.658    12.5731    316.254 -9.990e-29
    132.055     3.8582 182.560240     2.0427 1.0000e-12     0.0767    98.1013 4.6398e-02 1.6166e+03  0.3947234    134.659    12.5725    316.296 -9.990e-29
    132.053     3.8582 182.536361     2.0415 1.0000e-12     0.0767    98.1013 4.2735e-02 1.6166e+03  0.3947234    134.657    12.5622    316.254 -9.990e-29
    132.052     3.8582 182.572178     2.0415 1.0000e-12     0.0777    98.0752 4.1514e-02 1.6166e+03  0.3947234    134.656    12.5630    316.316 -9.990e-29
    132.052     3.8582 182.596057     2.0415 1.0000e-12     0.0777    98.0752 3.9072e-02 1.6166e+03  0.3947234    134.656    12.5622    316.358 -9.990e-29
    132.053     3.8582 182.572178     2.0415 1.0000e-12     0.0767    98.1013 3.9072e-02 1.6166e+03  0.3947234    134.657    12.5615    316.316 -9.990e-29
    132.053     3.8582 182.536362     2.0415 1.0000e-12     0.0777    98.0752 3.7851e-02 1.6166e+03  0.3947234    134.657    12.5607    316.254 -9.990e-29
    132.053     3.8584 182.524422     2.0427 1.0000e-12     0.0777    98.0752 3.7851e-02 1.6166e+03  0.3947234    134.657    12.5695    316.231 -9.990e-29
    132.052     3.8580 182.572178     2.0427 1.0000e-12     0.0777    98.0752 3.7851e-02 1.6166e+03  0.3947234    134.656    12.5689    316.318 -9.990e-29
    132.051     3.8580 182.572179     2.0415 1.0000e-12     0.0777    98.0752 3.7851e-02 1.6166e+03  0.3947234    134.655    12.5585    316.318 -9.990e-29
    132.051     3.8580 182.548299     2.0415 1.0000e-12     0.0777    98.0752 3.9072e-02 1.6166e+03  0.3947234    134.655    12.5578    316.277 -9.990e-29
    132.051     3.8584 182.584118     2.0415 1.0000e-12     0.0767    98.1013 4.0293e-02 1.6166e+03  0.3947234    134.655    12.5584    316.335 -9.990e-29
    132.051     3.8580 182.548300     2.0415 1.0000e-12     0.0767    98.1013 4.0293e-02 1.6166e+03  0.3947234    134.655    12.5594    316.277 -9.990e-29
    132.050     3.8582 182.607996     2.0415 1.0000e-12     0.0767    98.1013 4.0293e-02 1.6166e+03  0.3947234    134.653    12.5601    316.378 -9.990e-29
    132.051     3.8580 182.596057     2.0427 1.0000e-12     0.0777    98.0752 4.0293e-02 1.6166e+03  0.3947234    134.655    12.5704    316.360 -9.990e-29
    132.053     3.8580 182.584117     2.0415 1.0000e-12     0.0777    98.0752 4.0293e-02 1.6166e+03  0.3947234    134.657    12.5615    316.339 -9.990e-29
    132.055     3.8582 182.524423     2.0415 1.0000e-12     0.0777    98.0752 4.0293e-02 1.6166e+03  0.3947234    134.659    12.5605    316.233 -9.990e-29
    132.056     3.8582 182.572178     2.0415 1.0000e-12     0.0777    98.0752 4.0293e-02 1.6166e+03  0.3947234    134.660    12.5610    316.316 -9.990e-29
    132.056     3.8579 182.500545     2.0415 1.0000e-12     0.0777    98.0752 4.1514e-02 1.6166e+03  0.3947234    134.660    12.5602    316.195 -9.990e-29
    132.055     3.8580 182.512483     2.0415 1.0000e-12     0.0777    98.0752 4.0293e-02 1.6166e+03  0.3947234    134.659    12.5622    316.215 -9.990e-29
    132.055     3.8582 182.572178     2.0415 1.0000e-12     0.0777    98.0752 4.0293e-02 1.6166e+03  0.3947234    134.659    12.5642    316.316 -9.990e-29
    132.055     3.8582 182.572178     2.0427 1.0000e-12     0.0777    98.0752 3.9072e-02 1.6166e+03  0.3947234    134.659    12.5728    316.316 -9.990e-29
    132.056     3.8584 182.584118     2.0427 1.0000e-12     0.0777    98.0752 3.9072e-02 1.6166e+03  0.3955549    134.660    12.5732    316.335 -9.990e-29
    132.056     3.8580 182.560239     2.0415 1.0000e-12     0.0777    98.0752 3.9072e-02 1.6166e+03  0.3959707    134.660    12.5627    316.298 -9.990e-29
    132.056     3.8584 182.584118     2.0427 1.0000e-12     0.0777    98.0752 3.7851e-02 1.6166e+03  0.3959707    134.660    12.5711    316.335 -9.990e-29
    132.054     3.8584 182.548300     2.0415 1.0000e-12     0.0777    98.0752 3.7851e-02 1.6166e+03  0.3963864    134.658    12.5620    316.273 -9.990e-29
    132.053     3.8582 182.560239     2.0415 1.0000e-12     0.0788    98.0490 3.9072e-02 1.6166e+03  0.3959707    134.657    12.5626    316.296 -9.990e-29
    132.053     3.8582 182.584117     2.0427 1.0000e-12     0.0788    98.0490 4.1514e-02 1.6166e+03  0.3959707    134.657    12.5713    316.337 -9.990e-29
    132.054     3.8580 182.560239     2.0415 1.0000e-12     0.0788    98.0490 4.8840e-02 1.6166e+03  0.3959707    134.658    12.5608    316.298 -9.990e-29
    132.055     3.8582 182.536362     2.0415 1.0000e-12     0.0777    98.0752 5.3724e-02 1.6166e+03  0.3963864    134.659    12.5613    316.254 -9.990e-29
    132.055     3.8584 182.560239     2.0415 1.0000e-12     0.0777    98.0752 5.3724e-02 1.6166e+03  0.3963864    134.659    12.5617    316.293 -9.990e-29
    132.054     3.8580 182.572179     2.0415 1.0000e-12     0.0777    98.0752 5.0061e-02 1.6166e+03  0.3959707    134.658    12.5623    316.318 -9.990e-29
    132.054     3.8584 182.572177     2.0415 1.0000e-12     0.0777    98.0752 4.7619e-02 1.6166e+03  0.3959707    134.658    12.5626    316.314 -9.990e-29
    132.054     3.8582 182.572179     2.0415 1.0000e-12     0.0788    98.0490 4.5177e-02 1.6166e+03  0.3959707    134.658    12.5647    316.316 -9.990e-29
    132.055     3.8582 182.536361     2.0415 1.0000e-12     0.0777    98.0752 4.2735e-02 1.6166e+03  0.3963864    134.659    12.5651    316.254 -9.990e-29
    132.055     3.8582 182.512483     2.0415 1.0000e-12     0.0788    98.0490 4.0293e-02 1.6166e+03  0.3959707    134.659    12.5655    316.213 -9.990e-29
    132.055     3.8584 182.560238     2.0427 1.0000e-12     0.0788    98.0490 4.0293e-02 1.6166e+03  0.3963864    134.659    12.5738    316.293 -9.990e-29
    132.056     3.8580 182.548301     2.0427 1.0000e-12     0.0777    98.0752 3.9072e-02 1.6166e+03  0.3963864    134.660    12.5728    316.277 -9.990e-29
    132.057     3.8579 182.572178     2.0427 1.0000e-12     0.0777    98.0752 3.9072e-02 1.6166e+03  0.3959707    134.661    12.5716    316.319 -9.990e-29
    132.057     3.8582 182.524423     2.0427 1.0000e-12     0.0777    98.0752 3.7851e-02 1.6166e+03  0.3959707    134.661    12.5719    316.233 -9.990e-29
    132.056     3.8582 182.512483     2.0415 1.0000e-12     0.0777    98.0752 3.7851e-02 1.6166e+03  0.3959707    134.660    12.5612    316.213 -9.990e-29
    132.055     3.8580 182.512483     2.0427 1.0000e-12     0.0788    98.0490 3.7851e-02 1.6166e+03  0.3959707    134.659    12.5712    316.215 -9.990e-29
    132.055     3.8580 182.572179     2.0415 1.0000e-12     0.0788    98.0490 3.6630e-02 1.6166e+03  0.3963864    134.659    12.5619    316.318 -9.990e-29
    132.054     3.8582 182.548299     2.0427 1.0000e-12     0.0777    98.0752 3.9072e-02 1.6166e+03  0.3963864    134.658    12.5717    316.275 -9.990e-29
    132.055     3.8580 182.536362     2.0427 1.0000e-12     0.0777    98.0752 3.9072e-02 1.6166e+03  0.3963864    134.659    12.5720    316.256 -9.990e-29
    132.056     3.8582 182.572178     2.0415 1.0000e-12     0.0788    98.0490 4.0293e-02 1.6166e+03  0.3963864    134.660    12.5609    316.316 -9.990e-29
    132.057     3.8582 182.619936     2.0427 1.0000e-12     0.0799    98.0229 4.0293e-02 1.6166e+03  0.3959707    134.661    12.5707    316.399 -9.990e-29
    132.056     3.8582 182.596057     2.0415 1.0000e-12     0.0799    98.0229 3.9072e-02 1.6166e+03  0.3963864    134.660    12.5629    316.358 -9.990e-29
    132.056     3.8579 182.572178     2.0415 1.0000e-12     0.0809    97.9968 3.7851e-02 1.6166e+03  0.3963864    134.660    12.5632    316.319 -9.990e-29
    132.056     3.8582 182.572179     2.0415 1.0000e-12     0.0799    98.0229 3.9072e-02 1.6166e+03  0.3959707    134.660    12.5647    316.316 -9.990e-29
    132.055     3.8580 182.572178     2.0415 1.0000e-12     0.0799    98.0229 3.9072e-02 1.6166e+03  0.3955549    134.659    12.5649    316.318 -9.990e-29
