data/05_metadata_exports/SeabirdData/202305_SeabirdData/83373_stn34-day.cnv
* Sea-Bird SBE 9 Data File:
* FileName = C:\Users\rosette\Rosette Data\2023\Ontario CSMI\stn34-day.hex
* Software Version Seasave V 7.26.6.26
* Temperature SN = 5270
* Conductivity SN = 1168
* Number of Bytes Per Scan = 40
* Number of Voltage Words = 5
* Number of Scans Averaged by the Deck Unit = 1
* NMEA Latitude = 43 27.68 N
* NMEA Longitude = 078 45.55 W
* NMEA UTC (Time) = Oct 02 2003  12:59:11
* NMEA baud rate = 4800
** Ship: Lake Guardian
** Ontario CSMI LWFS
** Station:  stn34-day
# nquan = 14                                
# nvalues = 22750                       
# units = specified
# name 0 = prDM: Pressure, Digiquartz [db]
# name 1 = t090C: Temperature [ITS-90, deg C]
# name 2 = c0uS/cm: Conductivity [uS/cm]
# name 3 = sbeox0V: Oxygen raw, SBE 43 [V]
# name 4 = par: PAR/Irradiance, Biospherical/Licor
# name 5 = bat: Beam Attenuation, Chelsea/Seatech [1/m]
# name 6 = xmiss: Beam Transmission, Chelsea/Seatech [%]
# name 7 = flSP: Fluorescence, Seapoint
# name 8 = spar: SPAR, Biospherical/Licor
# name 9 = upoly0: Upoly 0, Suna Nitrate
# name 10 = depFM: Depth [fresh water, m], lat = 43.4613
# name 11 = sbeox0Mg/L: Oxygen, SBE 43 [mg/l], WS = 2
# name 12 = specc: Specific Conductance [uS/cm]
# name 13 = flag: flag
# span 0 =     -0.303,    132.202       
# span 1 =     3.8393,     8.7341       
# span 2 =  14.889515, 325.433739       
# span 3 =     1.8266,     2.5153       
# span 4 = 1.0000e-12, 2.5339e+03       
# span 5 =    -0.0171,     1.8120       
# span 6 =    63.5711,   100.4277       
# span 7 = 0.0000e+00, 2.4103e+00       
# span 8 = 1.5713e+03, 1.6442e+03       
# span 9 =  0.0745862,  0.3984652       
# span 10 =     -0.309,    134.808      
# span 11 =     9.2712,    14.1776      
# span 12 =     22.439,    487.090      
# span 13 = 0.0000e+00, 0.0000e+00      
# interval = seconds: 0.0416667
# start_time = Oct 02 2003 12:59:11 [NMEA time, header]
# bad_flag = -9.990e-29
*END*
[from data line 12181]
    126.817     3.8561 182.500454     2.0464 1.0000e-12     0.0788    98.0490 3.6630e-02 1.6127e+03  0.3976337    129.317    12.5799    316.215 0.0000e+00
    126.836     3.8555 182.476575     2.0464 1.0000e-12     0.0799    98.0229 3.6630e-02 1.6127e+03  0.3976337    129.337    12.5798    316.180 0.0000e+00
    126.855     3.8546 182.512394     2.0464 1.0000e-12     0.0788    98.0490 3.6630e-02 1.6127e+03  0.3976337    129.356    12.5813    316.252 0.0000e+00
    126.875     3.8534 182.500456     2.0452 1.0000e-12     0.0788    98.0490 3.6630e-02 1.6127e+03  0.3976337    129.376    12.5735    316.245 0.0000e+00
    126.895     3.8526 182.381068     2.0452 1.0000e-12     0.0777    98.0752 3.6630e-02 1.6127e+03  0.3980495    129.397    12.5753    316.046 0.0000e+00
    126.914     3.8519 182.381068     2.0452 1.0000e-12     0.0788    98.0490 3.6630e-02 1.6127e+03  0.3976337    129.416    12.5756    316.054 0.0000e+00
    126.933     3.8515 182.452702     2.0464 1.0000e-12     0.0788    98.0490 3.5409e-02 1.6127e+03  0.3980495    129.436    12.5854    316.183 0.0000e+00
    126.953     3.8515 182.476581     2.0464 1.0000e-12     0.0788    98.0490 3.6630e-02 1.6127e+03  0.3880712    129.456    12.5840    316.224 0.0000e+00
    126.971     3.8525 182.476580     2.0464 1.0000e-12     0.0788    98.0490 3.6630e-02 1.6127e+03  0.3776771    129.474    12.5822    316.213 0.0000e+00
    126.989     3.8532 182.512397     2.0464 1.0000e-12     0.0777    98.0752 3.6630e-02 1.6127e+03  0.3755983    129.493    12.5836    316.267 0.0000e+00
    127.008     3.8537 182.536275     2.0452 1.0000e-12     0.0777    98.0752 3.6630e-02 1.6127e+03  0.3760141    129.512    12.5755    316.303 0.0000e+00
    127.028     3.8537 182.536276     2.0452 1.0000e-12     0.0788    98.0490 3.6630e-02 1.6127e+03  0.3764298    129.532    12.5772    316.303 0.0000e+00
    127.048     3.8536 182.452704     2.0464 1.0000e-12     0.0788    98.0490 3.6630e-02 1.6127e+03  0.3764298    129.553    12.5885    316.160 0.0000e+00
    127.066     3.8528 182.464642     2.0452 1.0000e-12     0.0788    98.0490 3.6630e-02 1.6127e+03  0.3764298    129.571    12.5778    316.189 0.0000e+00
    127.085     3.8521 182.452704     2.0452 1.0000e-12     0.0788    98.0490 3.6630e-02 1.6127e+03  0.3764298    129.591    12.5766    316.176 0.0000e+00
    127.104     3.8515 182.416888     2.0452 1.0000e-12     0.0788    98.0490 3.6630e-02 1.6127e+03  0.3764298    129.610    12.5754    316.121 0.0000e+00
    127.122     3.8510 182.452706     2.0452 1.0000e-12     0.0788    98.0490 3.6630e-02 1.6127e+03  0.3764298    129.628    12.5773    316.188 0.0000e+00
    127.141     3.8510 182.428827     2.0452 1.0000e-12     0.0788    98.0490 3.6630e-02 1.6127e+03  0.3764298    129.648    12.5789    316.147 0.0000e+00
    127.161     3.8507 182.440768     2.0464 1.0000e-12     0.0788    98.0490 3.6630e-02 1.6127e+03  0.3764298    129.668    12.5888    316.171 0.0000e+00
    127.180     3.8507 182.416889     2.0464 1.0000e-12     0.0788    98.0490 3.5409e-02 1.6127e+03  0.3764298    129.687    12.5890    316.129 0.0000e+00
    127.199     3.8509 182.464646     2.0464 1.0000e-12     0.0788    98.0490 3.5409e-02 1.6127e+03  0.3764298    129.707    12.5877    316.210 0.0000e+00
    127.219     3.8509 182.416890     2.0464 1.0000e-12     0.0788    98.0490 3.5409e-02 1.6127e+03  0.3764298    129.727    12.5879    316.127 0.0000e+00
    127.239     3.8509 182.452708     2.0452 1.0000e-12     0.0788    98.0490 3.5409e-02 1.6127e+03  0.3764298    129.748    12.5756    316.189 0.0000e+00
    127.258     3.8509 182.452708     2.0452 1.0000e-12     0.0777    98.0752 3.6630e-02 1.6127e+03  0.3764298    129.767    12.5775    316.189 0.0000e+00
    127.277     3.8510 182.464647     2.0452 1.0000e-12     0.0788    98.0490 3.6630e-02 1.6127e+03  0.3764298    129.786    12.5794    316.209 0.0000e+00
    127.296     3.8509 182.464648     2.0452 1.0000e-12     0.0788    98.0490 3.6630e-02 1.6127e+03  0.3764298    129.806    12.5814    316.210 0.0000e+00
    127.314     3.8510 182.428831     2.0452 1.0000e-12     0.0788    98.0490 3.6630e-02 1.6127e+03  0.3764298    129.824    12.5832    316.147 0.0000e+00
    127.332     3.8512 182.500464     2.0452 1.0000e-12     0.0788    98.0490 3.6630e-02 1.6127e+03  0.3764298    129.842    12.5851    316.269 0.0000e+00
    127.353     3.8512 182.488527     2.0452 1.0000e-12     0.0788    98.0490 3.6630e-02 1.6127e+03  0.3764298    129.864    12.5854    316.248 0.0000e+00
    127.373     3.8514 182.440771     2.0452 1.0000e-12     0.0788    98.0490 3.6630e-02 1.6127e+03  0.3768456    129.884    12.5841    316.163 0.0000e+00
    127.393     3.8515 182.464650     2.0452 1.0000e-12     0.0788    98.0490 3.6630e-02 1.6127e+03  0.3764298    129.905    12.5844    316.203 0.0000e+00
    127.411     3.8519 182.476588     2.0452 1.0000e-12     0.0777    98.0752 3.6630e-02 1.6127e+03  0.3764298    129.923    12.5860    316.220 0.0000e+00
    127.429     3.8517 182.512406     2.0452 1.0000e-12     0.0777    98.0752 3.6630e-02 1.6127e+03  0.3764298    129.941    12.5864    316.284 0.0000e+00
    127.447     3.8513 182.524345     2.0464 1.0000e-12     0.0788    98.0490 3.6630e-02 1.6127e+03  0.3764298    129.960    12.5964    316.309 0.0000e+00
    127.466     3.8512 182.464650     2.0464 1.0000e-12     0.0788    98.0490 3.6630e-02 1.6127e+03  0.3764298    129.979    12.5969    316.207 0.0000e+00
    127.486     3.8512 182.452712     2.0464 1.0000e-12     0.0788    98.0490 3.6630e-02 1.6127e+03  0.3764298    130.000    12.5958    316.186 0.0000e+00
    127.507     3.8507 182.464651     2.0464 1.0000e-12     0.0777    98.0752 3.6630e-02 1.6127e+03  0.3764298    130.021    12.5949    316.212 0.0000e+00
    127.528     3.8503 182.464653     2.0452 1.0000e-12     0.0788    98.0490 3.6630e-02 1.6127e+03  0.3764298    130.042    12.5859    316.216 0.0000e+00
    127.548     3.8504 182.404958     2.0452 1.0000e-12     0.0788    98.0490 3.5409e-02 1.6127e+03  0.3764298    130.063    12.5848    316.112 0.0000e+00
    127.568     3.8499 182.452714     2.0452 1.0000e-12     0.0777    98.0752 3.5409e-02 1.6127e+03  0.3764298    130.083    12.5840    316.200 0.0000e+00
    127.588     3.8499 182.404959     2.0464 1.0000e-12     0.0788    98.0490 3.6630e-02 1.6127e+03  0.3764298    130.104    12.5910    316.117 0.0000e+00
    127.607     3.8498 182.404959     2.0464 1.0000e-12     0.0788    98.0490 3.5409e-02 1.6127e+03  0.3764298    130.123    12.5901    316.119 0.0000e+00
    127.626     3.8498 182.416898     2.0452 1.0000e-12     0.0788    98.0490 3.5409e-02 1.6127e+03  0.3764298    130.142    12.5795    316.139 0.0000e+00
    127.644     3.8499 182.488533     2.0452 1.0000e-12     0.0788    98.0490 3.6630e-02 1.6127e+03  0.3764298    130.161    12.5801    316.262 0.0000e+00
    127.664     3.8499 182.476593     2.0452 1.0000e-12     0.0788    98.0490 3.7851e-02 1.6127e+03  0.3764298    130.181    12.5793    316.242 0.0000e+00
    127.684     3.8496 182.452717     2.0452 1.0000e-12     0.0777    98.0752 3.7851e-02 1.6127e+03  0.3764298    130.201    12.5802    316.203 0.0000e+00
    127.702     3.8495 182.452717     2.0440 1.0000e-12     0.0777    98.0752 3.7851e-02 1.6127e+03  0.3764298    130.220    12.5714    316.205 0.0000e+00
    127.721     3.8496 182.452716     2.0464 1.0000e-12     0.0777    98.0752 3.7851e-02 1.6127e+03  0.3764298    130.239    12.5899    316.203 0.0000e+00
    127.740     3.8495 182.488535     2.0464 1.0000e-12     0.0788    98.0490 3.7851e-02 1.6127e+03  0.3764298    130.259    12.5893    316.267 0.0000e+00
    127.759     3.8493 182.464656     2.0464 1.0000e-12     0.0788    98.0490 3.6630e-02 1.6127e+03  0.3764298    130.278    12.5872    316.227 0.0000e+00
    127.778     3.8495 182.500474     2.0464 1.0000e-12     0.0788    98.0490 3.6630e-02 1.6127e+03  0.3764298    130.297    12.5850    316.287 0.0000e+00
    127.797     3.8495 182.464658     2.0464 1.0000e-12     0.0777    98.0752 3.6630e-02 1.6127e+03  0.3764298    130.317    12.5845    316.225 0.0000e+00
    127.815     3.8495 182.488535     2.0464 1.0000e-12     0.0788    98.0490 3.6630e-02 1.6127e+03  0.3764298    130.335    12.5855    316.267 0.0000e+00
    127.833     3.8495 182.464658     2.0452 1.0000e-12     0.0777    98.0752 3.6630e-02 1.6127e+03  0.3764298    130.353    12.5768    316.225 0.0000e+00
    127.852     3.8495 182.464658     2.0464 1.0000e-12     0.0788    98.0490 3.6630e-02 1.6127e+03  0.3764298    130.373    12.5872    316.225 0.0000e+00
    127.871     3.8493 182.416902     2.0464 1.0000e-12     0.0788    98.0490 3.7851e-02 1.6127e+03  0.3764298    130.392    12.5866    316.145 0.0000e+00
    127.891     3.8493 182.393026     2.0452 1.0000e-12     0.0777    98.0752 3.6630e-02 1.6127e+03  0.3764298    130.412    12.5763    316.103 0.0000e+00
    127.909     3.8496 182.428842     2.0452 1.0000e-12     0.0788    98.0490 3.6630e-02 1.6127e+03  0.3764298    130.431    12.5754    316.162 0.0000e+00
    127.927     3.8496 182.452720     2.0452 1.0000e-12     0.0777    98.0752 3.6630e-02 1.6127e+03  0.3764298    130.449    12.5763    316.203 0.0000e+00
    127.947     3.8495 182.381087     2.0452 1.0000e-12     0.0788    98.0490 3.6630e-02 1.6127e+03  0.3764298    130.470    12.5772    316.080 0.0000e+00
    127.967     3.8495 182.440782     2.0452 1.0000e-12     0.0788    98.0490 3.7851e-02 1.6127e+03  0.3764298    130.490    12.5797    316.184 0.0000e+00
    127.986     3.8499 182.452722     2.0452 1.0000e-12     0.0788    98.0490 3.7851e-02 1.6127e+03  0.3764298    130.509    12.5820    316.200 0.0000e+00
    128.005     3.8498 182.416905     2.0452 1.0000e-12     0.0788    98.0490 3.9072e-02 1.6127e+03  0.3764298    130.529    12.5815    316.139 0.0000e+00
    128.023     3.8495 182.404966     2.0452 1.0000e-12     0.0788    98.0490 3.7851e-02 1.6127e+03  0.3764298    130.547    12.5810    316.122 0.0000e+00
    128.042     3.8496 182.476600     2.0440 1.0000e-12     0.0777    98.0752 3.6630e-02 1.6127e+03  0.3764298    130.566    12.5708    316.245 0.0000e+00
    128.062     3.8495 182.476601     2.0452 1.0000e-12     0.0777    98.0752 3.6630e-02 1.6127e+03  0.3764298    130.587    12.5814    316.246 0.0000e+00
    128.082     3.8491 182.452723     2.0452 1.0000e-12     0.0777    98.0752 3.5409e-02 1.6127e+03  0.3764298    130.607    12.5826    316.209 0.0000e+00
    128.102     3.8493 182.464663     2.0452 1.0000e-12     0.0788    98.0490 3.5409e-02 1.6127e+03  0.3764298    130.628    12.5835    316.227 0.0000e+00
    128.121     3.8492 182.440785     2.0440 1.0000e-12     0.0777    98.0752 3.5409e-02 1.6127e+03  0.3764298    130.647    12.5749    316.187 0.0000e+00
    128.140     3.8493 182.488541     2.0452 1.0000e-12     0.0777    98.0752 3.5409e-02 1.6127e+03  0.3764298    130.666    12.5854    316.269 0.0000e+00
    128.158     3.8493 182.464664     2.0452 1.0000e-12     0.0777    98.0752 3.5409e-02 1.6127e+03  0.3764298    130.685    12.5862    316.227 0.0000e+00
    128.175     3.8490 182.416908     2.0452 1.0000e-12     0.0777    98.0752 3.5409e-02 1.6127e+03  0.3764298    130.702    12.5841    316.148 0.0000e+00
    128.194     3.8492 182.464664     2.0452 1.0000e-12     0.0777    98.0752 3.6630e-02 1.6127e+03  0.3764298    130.721    12.5848    316.229 0.0000e+00
    128.214     3.8493 182.452726     2.0440 1.0000e-12     0.0788    98.0490 3.6630e-02 1.6127e+03  0.3764298    130.742    12.5760    316.207 0.0000e+00
    128.232     3.8490 182.416909     2.0440 1.0000e-12     0.0777    98.0752 3.7851e-02 1.6127e+03  0.3764298    130.760    12.5785    316.148 0.0000e+00
    128.250     3.8492 182.416909     2.0452 1.0000e-12     0.0777    98.0752 3.9072e-02 1.6127e+03  0.3764298    130.779    12.5889    316.146 0.0000e+00
    128.268     3.8492 182.416909     2.0464 1.0000e-12     0.0777    98.0752 3.9072e-02 1.6127e+03  0.3764298    130.797    12.5995    316.146 0.0000e+00
    128.287     3.8493 182.464666     2.0464 1.0000e-12     0.0777    98.0752 3.9072e-02 1.6127e+03  0.3764298    130.816    12.6005    316.227 0.0000e+00
    128.305     3.8493 182.428849     2.0464 1.0000e-12     0.0777    98.0752 3.7851e-02 1.6127e+03  0.3764298    130.835    12.6000    316.165 0.0000e+00
    128.325     3.8492 182.440788     2.0452 1.0000e-12     0.0777    98.0752 3.6630e-02 1.6127e+03  0.3764298    130.855    12.5916    316.187 0.0000e+00
    128.345     3.8493 182.452728     2.0452 1.0000e-12     0.0777    98.0752 3.6630e-02 1.6127e+03  0.3760141    130.875    12.5942    316.207 0.0000e+00
    128.365     3.8495 182.428850     2.0452 1.0000e-12     0.0777    98.0752 3.6630e-02 1.6127e+03  0.3764298    130.896    12.5937    316.163 0.0000e+00
    128.384     3.8496 182.440790     2.0452 1.0000e-12     0.0777    98.0752 3.6630e-02 1.6127e+03  0.3764298    130.915    12.5948    316.183 0.0000e+00
    128.404     3.8496 182.416911     2.0452 1.0000e-12     0.0788    98.0490 3.6630e-02 1.6127e+03  0.3764298    130.936    12.5958    316.141 0.0000e+00
    128.423     3.8498 182.440791     2.0464 1.0000e-12     0.0777    98.0752 3.6630e-02 1.6127e+03  0.3764298    130.955    12.6063    316.181 0.0000e+00
    128.442     3.8495 182.452729     2.0464 1.0000e-12     0.0777    98.0752 3.7851e-02 1.6127e+03  0.3764298    130.974    12.6073    316.205 0.0000e+00
    128.460     3.8493 182.428852     2.0452 1.0000e-12     0.0777    98.0752 3.7851e-02 1.6127e+03  0.3764298    130.993    12.5972    316.165 0.0000e+00
    128.479     3.8495 182.452730     2.0452 1.0000e-12     0.0777    98.0752 3.7851e-02 1.6127e+03  0.3764298    131.012    12.5979    316.205 0.0000e+00
    128.498     3.8487 182.452731     2.0452 1.0000e-12     0.0788    98.0490 3.7851e-02 1.6127e+03  0.3764298    131.031    12.5975    316.213 0.0000e+00
    128.518     3.8488 182.416915     2.0452 1.0000e-12     0.0788    98.0490 3.7851e-02 1.6127e+03  0.3764298    131.052    12.5967    316.150 0.0000e+00
    128.538     3.8488 182.452732     2.0452 1.0000e-12     0.0788    98.0490 3.6630e-02 1.6127e+03  0.3764298    131.072    12.5973    316.212 0.0000e+00
    128.557     3.8488 182.404977     2.0464 1.0000e-12     0.0788    98.0490 3.7851e-02 1.6127e+03  0.3764298    131.092    12.6075    316.130 0.0000e+00
    128.576     3.8490 182.428854     2.0464 1.0000e-12     0.0777    98.0752 3.7851e-02 1.6127e+03  0.3764298    131.111    12.6080    316.169 0.0000e+00
    128.595     3.8488 182.416917     2.0464 1.0000e-12     0.0788    98.0490 3.6630e-02 1.6127e+03  0.3764298    131.130    12.6055    316.150 0.0000e+00
    128.613     3.8490 182.404977     2.0464 1.0000e-12     0.0788    98.0490 3.6630e-02 1.6127e+03  0.3764298    131.149    12.6058    316.127 0.0000e+00
    128.632     3.8488 182.452733     2.0452 1.0000e-12     0.0788    98.0490 3.6630e-02 1.6127e+03  0.3764298    131.168    12.5981    316.212 0.0000e+00
    128.652     3.8492 182.476612     2.0452 1.0000e-12     0.0788    98.0490 3.6630e-02 1.6127e+03  0.3764298    131.189    12.5982    316.249 0.0000e+00
    128.671     3.8493 182.452733     2.0452 1.0000e-12     0.0788    98.0490 3.6630e-02 1.6127e+03  0.3764298    131.208    12.5983    316.207 0.0000e+00
    128.690     3.8493 182.500491     2.0464 1.0000e-12     0.0777    98.0752 3.6630e-02 1.6127e+03  0.3764298    131.227    12.6064    316.290 0.0000e+00
    128.708     3.8496 182.440795     2.0452 1.0000e-12     0.0788    98.0490 3.7851e-02 1.6127e+03  0.3764298    131.246    12.5951    316.183 0.0000e+00
    128.728     3.8496 182.488551     2.0452 1.0000e-12     0.0777    98.0752 3.7851e-02 1.6127e+03  0.3764298    131.266    12.5950    316.266 0.0000e+00
    128.748     3.8496 182.476613     2.0452 1.0000e-12     0.0777    98.0752 3.6630e-02 1.6127e+03  0.3764298    131.286    12.5963    316.245 0.0000e+00
