data/05_metadata_exports/SeabirdData/202305_SeabirdData/83373_stn34-day.cnv
* Sea-Bird SBE 9 Data File:
* FileName = C:\Users\rosette\Rosette Data\2023\Ontario CSMI\stn34-day.hex
* Software Version Seasave V 7.26.6.26
* Temperature SN = 5270
* Conductivity SN = 1168
* Number of Bytes Per Scan = 40
* Number of Voltage Words = 5
* Number of Scans Averaged by the Deck Unit = 1
* NMEA Latitude = 43 27.68 N
* NMEA Longitude = 078 45.55 W
* NMEA UTC (Time) = Oct 02 2003  12:59:11
* NMEA baud rate = 4800
** Ship: Lake Guardian
** Ontario CSMI LWFS
** Station:  stn34-day
# nquan = 14                                
# nvalues = 22750                       
# units = specified
# name 0 = prDM: Pressure, Digiquartz [db]
# name 1 = t090C: Temperature [ITS-90, deg C]
# name 2 = c0uS/cm: Conductivity [uS/cm]
# name 3 = sbeox0V: Oxygen raw, SBE 43 [V]
# name 4 = par: PAR/Irradiance, Biospherical/Licor
# name 5 = bat: Beam Attenuation, Chelsea/Seatech [1/m]
# name 6 = xmiss: Beam Transmission, Chelsea/Seatech [%]
# name 7 = flSP: Fluorescence, Seapoint
# name 8 = spar: SPAR, Biospherical/Licor
# name 9 = upoly0: Upoly 0, Suna Nitrate
# name 10 = depFM: Depth [fresh water, m], lat = 43.4613
# name 11 = sbeox0Mg/L: Oxygen, SBE 43 [mg/l], WS = 2
# name 12 = specc: Specific Conductance [uS/cm]
# name 13 = flag: flag
# span 0 =     -0.303,    132.202       
# span 1 =     3.8393,     8.7341       
# span 2 =  14.889515, 325.433739       
# span 3 =     1.8266,     2.5153       
# span 4 = 1.0000e-12, 2.5339e+03       
# span 5 =    -0.0171,     1.8120       
# span 6 =    63.5711,   100.4277       
# span 7 = 0.0000e+00, 2.4103e+00       
# span 8 = 1.5713e+03, 1.6442e+03       
# span 9 =  0.0745862,  0.3984652       
# span 10 =     -0.309,    134.808      
# span 11 =     9.2712,    14.1776      
# span 12 =     22.439,    487.090      
# span 13 = 0.0000e+00, 0.0000e+00      
# interval = seconds: 0.0416667
# start_time = Oct 02 2003 12:59:11 [NMEA time, header]
# bad_flag = -9.990e-29
*END*
[from data line 17549]
     59.157     4.1372 183.633382     2.1038 1.0000e-12     0.1131    97.2126 9.8901e-02 1.6088e+03  0.3893185     60.323    12.8317    315.108 0.0000e+00
     59.137     4.1375 183.621442     2.1026 1.0000e-12     0.1131    97.2126 1.0501e-01 1.6088e+03  0.3893185     60.303    12.8242    315.084 0.0000e+00
     59.117     4.1374 183.609501     2.1026 1.0000e-12     0.1131    97.2126 1.0745e-01 1.6088e+03  0.3889027     60.283    12.8233    315.065 0.0000e+00
     59.097     4.1374 183.573679     2.1026 1.0000e-12     0.1120    97.2387 1.0623e-01 1.6088e+03  0.3893185     60.262    12.8253    315.003 0.0000e+00
     59.077     4.1374 183.537857     2.1026 1.0000e-12     0.1131    97.2126 1.0379e-01 1.6088e+03  0.3893185     60.242    12.8244    314.942 0.0000e+00
     59.055     4.1374 183.561739     2.1026 1.0000e-12     0.1120    97.2387 1.0134e-01 1.6088e+03  0.3893185     60.219    12.8249    314.983 0.0000e+00
     59.033     4.1375 183.597558     2.1026 1.0000e-12     0.1120    97.2387 9.8901e-02 1.6088e+03  0.3893185     60.197    12.8238    315.043 0.0000e+00
     59.012     4.1374 183.513975     2.1038 1.0000e-12     0.1131    97.2126 9.5238e-02 1.6088e+03  0.3893185     60.175    12.8337    314.901 0.0000e+00
     58.992     4.1370 183.549796     2.1038 1.0000e-12     0.1131    97.2126 9.5238e-02 1.6088e+03  0.3893185     60.155    12.8328    314.966 0.0000e+00
     58.972     4.1375 183.597558     2.1038 1.0000e-12     0.1131    97.2126 9.8901e-02 1.6088e+03  0.3893185     60.135    12.8316    315.043 0.0000e+00
     58.951     4.1378 183.633378     2.1026 1.0000e-12     0.1120    97.2387 1.0501e-01 1.6088e+03  0.3893185     60.113    12.8224    315.101 0.0000e+00
     58.929     4.1386 183.573675     2.1038 1.0000e-12     0.1120    97.2387 1.0745e-01 1.6088e+03  0.3893185     60.091    12.8304    314.990 0.0000e+00
     58.909     4.1393 183.561733     2.1026 1.0000e-12     0.1120    97.2387 1.0256e-01 1.6088e+03  0.3893185     60.070    12.8225    314.962 0.0000e+00
     58.888     4.1397 183.573675     2.1026 1.0000e-12     0.1131    97.2126 9.8901e-02 1.6088e+03  0.3893185     60.049    12.8211    314.978 0.0000e+00
     58.867     4.1398 183.585613     2.1038 1.0000e-12     0.1131    97.2126 9.8901e-02 1.6088e+03  0.3893185     60.028    12.8307    314.998 0.0000e+00
     58.845     4.1394 183.585614     2.1026 1.0000e-12     0.1131    97.2126 1.0134e-01 1.6088e+03  0.3893185     60.005    12.8230    315.002 0.0000e+00
     58.824     4.1394 183.597554     2.1038 1.0000e-12     0.1120    97.2387 1.0256e-01 1.6088e+03  0.3893185     59.984    12.8340    315.022 0.0000e+00
     58.802     4.1389 183.573672     2.1026 1.0000e-12     0.1131    97.2126 1.0256e-01 1.6088e+03  0.3893185     59.961    12.8248    314.987 0.0000e+00
     58.782     4.1393 183.573672     2.1038 1.0000e-12     0.1120    97.2387 1.0501e-01 1.6088e+03  0.3893185     59.941    12.8357    314.983 0.0000e+00
     58.761     4.1393 183.585613     2.1026 1.0000e-12     0.1120    97.2387 1.0501e-01 1.6088e+03  0.3893185     59.920    12.8263    315.003 0.0000e+00
     58.740     4.1393 183.597552     2.1026 1.0000e-12     0.1120    97.2387 1.0379e-01 1.6088e+03  0.3893185     59.898    12.8278    315.024 0.0000e+00
     58.719     4.1397 183.561730     2.1026 1.0000e-12     0.1131    97.2126 1.0256e-01 1.6088e+03  0.3893185     59.877    12.8290    314.958 0.0000e+00
     58.698     4.1407 183.633372     2.1038 1.0000e-12     0.1131    97.2126 1.0012e-01 1.6088e+03  0.3893185     59.855    12.8378    315.070 0.0000e+00
     58.678     4.1418 183.597549     2.1026 1.0000e-12     0.1131    97.2126 1.0256e-01 1.6088e+03  0.3897342     59.835    12.8263    314.996 0.0000e+00
     58.659     4.1420 183.585610     2.1038 1.0000e-12     0.1131    97.2126 1.0501e-01 1.6088e+03  0.3901500     59.816    12.8339    314.974 0.0000e+00
     58.638     4.1418 183.585608     2.1038 1.0000e-12     0.1131    97.2126 1.0012e-01 1.6088e+03  0.3901500     59.794    12.8338    314.976 0.0000e+00
     58.618     4.1421 183.573668     2.1026 1.0000e-12     0.1131    97.2126 9.6459e-02 1.6088e+03  0.3901500     59.774    12.8255    314.952 0.0000e+00
     58.597     4.1421 183.597548     2.1038 1.0000e-12     0.1120    97.2387 9.7680e-02 1.6088e+03  0.3901500     59.752    12.8331    314.993 0.0000e+00
     58.576     4.1420 183.585607     2.1026 1.0000e-12     0.1120    97.2387 1.0134e-01 1.6088e+03  0.3901500     59.731    12.8234    314.974 0.0000e+00
     58.556     4.1424 183.621429     2.1038 1.0000e-12     0.1131    97.2126 1.0134e-01 1.6088e+03  0.3901500     59.710    12.8323    315.031 0.0000e+00
     58.535     4.1424 183.597547     2.1026 1.0000e-12     0.1131    97.2126 9.7680e-02 1.6088e+03  0.3901500     59.689    12.8210    314.990 0.0000e+00
     58.513     4.1432 183.597546     2.1038 1.0000e-12     0.1131    97.2126 9.5238e-02 1.6088e+03  0.3901500     59.667    12.8296    314.981 0.0000e+00
     58.490     4.1439 183.645307     2.1026 1.0000e-12     0.1120    97.2387 9.6459e-02 1.6088e+03  0.3901500     59.643    12.8209    315.056 0.0000e+00
     58.468     4.1445 183.621425     2.1026 1.0000e-12     0.1120    97.2387 1.0256e-01 1.6088e+03  0.3901500     59.621    12.8187    315.008 0.0000e+00
     58.448     4.1444 183.585604     2.1038 1.0000e-12     0.1131    97.2126 1.0867e-01 1.6088e+03  0.3901500     59.600    12.8307    314.948 0.0000e+00
     58.427     4.1445 183.597544     2.1026 1.0000e-12     0.1131    97.2126 1.0745e-01 1.6088e+03  0.3901500     59.579    12.8208    314.967 0.0000e+00
     58.406     4.1445 183.585603     2.1050 1.0000e-12     0.1131    97.2126 1.0256e-01 1.6088e+03  0.3901500     59.558    12.8392    314.947 0.0000e+00
     58.385     4.1446 183.597543     2.1026 1.0000e-12     0.1131    97.2126 1.0134e-01 1.6088e+03  0.3905657     59.536    12.8198    314.966 0.0000e+00
     58.364     4.1450 183.633364     2.1038 1.0000e-12     0.1131    97.2126 1.0012e-01 1.6088e+03  0.3905657     59.515    12.8272    315.023 0.0000e+00
     58.344     4.1445 183.573662     2.1050 1.0000e-12     0.1120    97.2387 9.8901e-02 1.6088e+03  0.3901500     59.494    12.8363    314.926 0.0000e+00
     58.323     4.1446 183.609482     2.1038 1.0000e-12     0.1131    97.2126 9.6459e-02 1.6088e+03  0.3901500     59.473    12.8264    314.987 0.0000e+00
     58.303     4.1448 183.597541     2.1026 1.0000e-12     0.1131    97.2126 9.8901e-02 1.6088e+03  0.3901500     59.453    12.8179    314.964 0.0000e+00
     58.282     4.1450 183.621422     2.1038 1.0000e-12     0.1120    97.2387 9.8901e-02 1.6088e+03  0.3901500     59.431    12.8253    315.003 0.0000e+00
     58.260     4.1453 183.597540     2.1038 1.0000e-12     0.1131    97.2126 9.7680e-02 1.6088e+03  0.3901500     59.409    12.8276    314.959 0.0000e+00
     58.238     4.1456 183.597540     2.1050 1.0000e-12     0.1131    97.2126 9.5238e-02 1.6088e+03  0.3901500     59.386    12.8364    314.955 0.0000e+00
     58.216     4.1450 183.621420     2.1050 1.0000e-12     0.1120    97.2387 9.5238e-02 1.6088e+03  0.3901500     59.364    12.8345    315.003 0.0000e+00
     58.195     4.1451 183.657242     2.1038 1.0000e-12     0.1131    97.2126 9.4017e-02 1.6088e+03  0.3901500     59.342    12.8244    315.063 0.0000e+00
     58.175     4.1448 183.597539     2.1026 1.0000e-12     0.1120    97.2387 9.6459e-02 1.6088e+03  0.3901500     59.322    12.8129    314.964 0.0000e+00
     58.154     4.1450 183.597538     2.1026 1.0000e-12     0.1142    97.1864 9.7680e-02 1.6088e+03  0.3901500     59.301    12.8137    314.962 0.0000e+00
     58.134     4.1451 183.621419     2.1026 1.0000e-12     0.1131    97.2126 1.0256e-01 1.6088e+03  0.3901500     59.280    12.8160    315.002 0.0000e+00
     58.113     4.1450 183.597538     2.1050 1.0000e-12     0.1131    97.2126 1.0623e-01 1.6088e+03  0.3876554     59.259    12.8370    314.962 0.0000e+00
     58.091     4.1453 183.597537     2.1026 1.0000e-12     0.1142    97.1864 1.0501e-01 1.6088e+03  0.3872396     59.236    12.8158    314.959 0.0000e+00
     58.070     4.1453 183.609478     2.1038 1.0000e-12     0.1131    97.2126 1.0256e-01 1.6088e+03  0.3872396     59.215    12.8259    314.979 0.0000e+00
     58.049     4.1456 183.585595     2.1038 1.0000e-12     0.1142    97.1864 1.0012e-01 1.6088e+03  0.3872396     59.193    12.8250    314.935 0.0000e+00
     58.028     4.1454 183.669180     2.1026 1.0000e-12     0.1142    97.1864 9.7680e-02 1.6088e+03  0.3872396     59.172    12.8149    315.080 0.0000e+00
     58.007     4.1454 183.657238     2.1038 1.0000e-12     0.1131    97.2126 9.7680e-02 1.6088e+03  0.3872396     59.151    12.8249    315.060 0.0000e+00
     57.986     4.1457 183.597536     2.1038 1.0000e-12     0.1142    97.1864 9.8901e-02 1.6088e+03  0.3872396     59.129    12.8268    314.954 0.0000e+00
     57.965     4.1456 183.621416     2.1013 1.0000e-12     0.1131    97.2126 9.8901e-02 1.6088e+03  0.3872396     59.108    12.8077    314.996 0.0000e+00
     57.943     4.1457 183.597535     2.1050 1.0000e-12     0.1142    97.1864 1.0012e-01 1.6088e+03  0.3872396     59.085    12.8342    314.954 0.0000e+00
     57.921     4.1456 183.669177     2.1038 1.0000e-12     0.1142    97.1864 1.0012e-01 1.6088e+03  0.3872396     59.063    12.8252    315.078 0.0000e+00
     57.900     4.1456 183.585593     2.1026 1.0000e-12     0.1131    97.2126 1.0012e-01 1.6088e+03  0.3872396     59.042    12.8146    314.935 0.0000e+00
     57.879     4.1460 183.621414     2.1038 1.0000e-12     0.1131    97.2126 1.0012e-01 1.6088e+03  0.3872396     59.020    12.8243    314.992 0.0000e+00
     57.859     4.1457 183.645296     2.1026 1.0000e-12     0.1131    97.2126 1.0012e-01 1.6088e+03  0.3872396     59.000    12.8140    315.036 0.0000e+00
     57.837     4.1461 183.585592     2.1026 1.0000e-12     0.1131    97.2126 1.0012e-01 1.6088e+03  0.3889027     58.977    12.8142    314.929 0.0000e+00
     57.815     4.1462 183.645294     2.1038 1.0000e-12     0.1131    97.2126 9.8901e-02 1.6088e+03  0.3893185     58.955    12.8255    315.031 0.0000e+00
     57.794     4.1466 183.621412     2.1038 1.0000e-12     0.1131    97.2126 9.6459e-02 1.6088e+03  0.3889027     58.933    12.8272    314.986 0.0000e+00
     57.773     4.1464 183.633353     2.1026 1.0000e-12     0.1131    97.2126 9.8901e-02 1.6088e+03  0.3889027     58.912    12.8153    315.008 0.0000e+00
     57.752     4.1463 183.645293     2.1050 1.0000e-12     0.1142    97.1864 1.0134e-01 1.6088e+03  0.3889027     58.891    12.8346    315.030 0.0000e+00
     57.732     4.1462 183.585590     2.1038 1.0000e-12     0.1142    97.1864 1.0012e-01 1.6088e+03  0.3889027     58.870    12.8256    314.928 0.0000e+00
     57.712     4.1462 183.621411     2.1026 1.0000e-12     0.1131    97.2126 9.8901e-02 1.6088e+03  0.3889027     58.850    12.8195    314.990 0.0000e+00
     57.691     4.1466 183.573648     2.1038 1.0000e-12     0.1142    97.1864 9.7680e-02 1.6088e+03  0.3889027     58.828    12.8307    314.904 0.0000e+00
     57.671     4.1462 183.585589     2.1013 1.0000e-12     0.1131    97.2126 1.0012e-01 1.6088e+03  0.3893185     58.808    12.8117    314.928 0.0000e+00
     57.651     4.1464 183.609470     2.1050 1.0000e-12     0.1142    97.1864 1.0501e-01 1.6088e+03  0.3889027     58.788    12.8396    314.967 0.0000e+00
     57.630     4.1462 183.609469     2.1050 1.0000e-12     0.1131    97.2126 1.0867e-01 1.6088e+03  0.3889027     58.766    12.8371    314.969 0.0000e+00
     57.610     4.1466 183.609469     2.1050 1.0000e-12     0.1131    97.2126 1.0867e-01 1.6088e+03  0.3889027     58.746    12.8359    314.965 0.0000e+00
     57.589     4.1464 183.609469     2.1026 1.0000e-12     0.1131    97.2126 1.0867e-01 1.6088e+03  0.3893185     58.724    12.8190    314.967 0.0000e+00
     57.568     4.1467 183.645289     2.1038 1.0000e-12     0.1142    97.1864 1.0745e-01 1.6088e+03  0.3897342     58.703    12.8272    315.025 0.0000e+00
     57.545     4.1466 183.597527     2.1038 1.0000e-12     0.1131    97.2126 1.0501e-01 1.6088e+03  0.3897342     58.680    12.8290    314.945 0.0000e+00
     57.523     4.1464 183.621407     2.1026 1.0000e-12     0.1131    97.2126 1.0623e-01 1.6088e+03  0.3897342     58.657    12.8213    314.988 0.0000e+00
     57.502     4.1464 183.645288     2.1050 1.0000e-12     0.1131    97.2126 1.0989e-01 1.6088e+03  0.3897342     58.636    12.8403    315.029 0.0000e+00
     57.481     4.1467 183.609467     2.1050 1.0000e-12     0.1142    97.1864 1.0989e-01 1.6088e+03  0.3897342     58.614    12.8389    314.964 0.0000e+00
     57.460     4.1466 183.633347     2.1050 1.0000e-12     0.1142    97.1864 1.1111e-01 1.6088e+03  0.3893185     58.593    12.8376    315.006 0.0000e+00
     57.439     4.1464 183.609466     2.1026 1.0000e-12     0.1131    97.2126 1.1355e-01 1.6088e+03  0.3897342     58.571    12.8174    314.967 0.0000e+00
     57.418     4.1464 183.561703     2.1038 1.0000e-12     0.1131    97.2126 1.1233e-01 1.6088e+03  0.3897342     58.550    12.8283    314.885 0.0000e+00
     57.398     4.1467 183.621406     2.1038 1.0000e-12     0.1142    97.1864 1.1111e-01 1.6088e+03  0.3897342     58.530    12.8269    314.984 0.0000e+00
     57.376     4.1464 183.609465     2.1026 1.0000e-12     0.1142    97.1864 1.1355e-01 1.6088e+03  0.3897342     58.507    12.8162    314.967 0.0000e+00
     57.354     4.1466 183.609464     2.1038 1.0000e-12     0.1131    97.2126 1.1966e-01 1.6088e+03  0.3897342     58.485    12.8271    314.965 0.0000e+00
     57.332     4.1467 183.633345     2.1038 1.0000e-12     0.1131    97.2126 1.1844e-01 1.6088e+03  0.3897342     58.462    12.8270    315.005 0.0000e+00
     57.311     4.1466 183.657226     2.1038 1.0000e-12     0.1142    97.1864 1.1111e-01 1.6088e+03  0.3897342     58.441    12.8269    315.047 0.0000e+00
     57.289     4.1466 183.597522     2.1050 1.0000e-12     0.1131    97.2126 1.0745e-01 1.6088e+03  0.3897342     58.419    12.8361    314.945 0.0000e+00
     57.268     4.1466 183.585582     2.1026 1.0000e-12     0.1142    97.1864 1.0623e-01 1.6088e+03  0.3897342     58.397    12.8185    314.924 0.0000e+00
     57.247     4.1467 183.645284     2.1038 1.0000e-12     0.1131    97.2126 1.0867e-01 1.6088e+03  0.3897342     58.376    12.8261    315.025 0.0000e+00
     57.225     4.1466 183.645283     2.1038 1.0000e-12     0.1131    97.2126 1.1233e-01 1.6088e+03  0.3897342     58.353    12.8288    315.026 0.0000e+00
     57.203     4.1464 183.657224     2.1050 1.0000e-12     0.1142    97.1864 1.1600e-01 1.6088e+03  0.3897342     58.331    12.8394    315.049 0.0000e+00
     57.181     4.1464 183.645282     2.1038 1.0000e-12     0.1142    97.1864 1.1722e-01 1.6088e+03  0.3897342     58.308    12.8295    315.029 0.0000e+00
     57.161     4.1464 183.609461     2.1038 1.0000e-12     0.1142    97.1864 1.1844e-01 1.6088e+03  0.3897342     58.288    12.8304    314.967 0.0000e+00
     57.141     4.1467 183.645282     2.1038 1.0000e-12     0.1142    97.1864 1.1844e-01 1.6088e+03  0.3897342     58.268    12.8266    315.025 0.0000e+00
     57.120     4.1467 183.621401     2.1026 1.0000e-12     0.1142    97.1864 1.1355e-01 1.6088e+03  0.3897342     58.246    12.8194    314.984 0.0000e+00
     57.099     4.1472 183.633339     2.1038 1.0000e-12     0.1142    97.1864 1.1111e-01 1.6088e+03  0.3897342     58.225    12.8295    314.999 0.0000e+00
     57.079     4.1472 183.609459     2.1038 1.0000e-12     0.1131    97.2126 1.1355e-01 1.6088e+03  0.3897342     58.204    12.8318    314.959 0.0000e+00
     57.058     4.1473 183.645281     2.1038 1.0000e-12     0.1131    97.2126 1.1477e-01 1.6088e+03  0.3897342     58.183    12.8311    315.019 0.0000e+00
     57.037     4.1473 183.597517     2.1050 1.0000e-12     0.1142    97.1864 1.1111e-01 1.6088e+03  0.3897342     58.162    12.8412    314.937 0.0000e+00
