data/05_metadata_exports/SeabirdData/202305_SeabirdData/83373_stn34-day.cnv
* Sea-Bird SBE 9 Data File:
* FileName = C:\Users\rosette\Rosette Data\2023\Ontario CSMI\stn34-day.hex
* Software Version Seasave V 7.26.6.26
* Temperature SN = 5270
* Conductivity SN = 1168
* Number of Bytes Per Scan = 40
* Number of Voltage Words = 5
* Number of Scans Averaged by the Deck Unit = 1
* NMEA Latitude = 43 27.68 N
* NMEA Longitude = 078 45.55 W
* NMEA UTC (Time) = Oct 02 2003  12:59:11
* NMEA baud rate = 4800
** Ship: Lake Guardian
** Ontario CSMI LWFS
** Station:  stn34-day
# nquan = 14                                
# nvalues = 22750                       
# units = specified
# name 0 = prDM: Pressure, Digiquartz [db]
# name 1 = t090C: Temperature [ITS-90, deg C]
# name 2 = c0uS/cm: Conductivity [uS/cm]
# name 3 = sbeox0V: Oxygen raw, SBE 43 [V]
# name 4 = par: PAR/Irradiance, Biospherical/Licor
# name 5 = bat: Beam Attenuation, Chelsea/Seatech [1/m]
# name 6 = xmiss: Beam Transmission, Chelsea/Seatech [%]
# name 7 = flSP: Fluorescence, Seapoint
# name 8 = spar: SPAR, Biospherical/Licor
# name 9 = upoly0: Upoly 0, Suna Nitrate
# name 10 = depFM: Depth [fresh water, m], lat = 43.4613
# name 11 = sbeox0Mg/L: Oxygen, SBE 43 [mg/l], WS = 2
# name 12 = specc: Specific Conductance [uS/cm]
# name 13 = flag: flag
# span 0 =     -0.303,    132.202       
# span 1 =     3.8393,     8.7341       
# span 2 =  14.889515, 325.433739       
# span 3 =     1.8266,     2.5153       
# span 4 = 1.0000e-12, 2.5339e+03       
# span 5 =    -0.0171,     1.8120       
# span 6 =    63.5711,   100.4277       
# span 7 = 0.0000e+00, 2.4103e+00       
# span 8 = 1.5713e+03, 1.6442e+03       
# span 9 =  0.0745862,  0.3984652       
# span 10 =     -0.309,    134.808      
# span 11 =     9.2712,    14.1776      
# span 12 =     22.439,    487.090      
# span 13 = 0.0000e+00, 0.0000e+00      
# interval = seconds: 0.0416667
# start_time = Oct 02 2003 12:59:11 [NMEA time, header]
# bad_flag = -9.990e-29
*END*
[from data line 18168]
     46.138     4.1757 183.716716     2.1099 1.0000e-12     0.1228    96.9773 1.3431e-01 1.6068e+03  0.3855766     47.048    12.8465    314.835 0.0000e+00
     46.115     4.1756 183.704774     2.1099 1.0000e-12     0.1239    96.9512 1.3309e-01 1.6068e+03  0.3855766     47.024    12.8475    314.815 0.0000e+00
     46.092     4.1757 183.740595     2.1099 1.0000e-12     0.1239    96.9512 1.3187e-01 1.6068e+03  0.3855766     47.001    12.8468    314.876 0.0000e+00
     46.071     4.1758 183.728654     2.1087 1.0000e-12     0.1217    97.0035 1.3553e-01 1.6068e+03  0.3868239     46.979    12.8368    314.854 0.0000e+00
     46.050     4.1763 183.752535     2.1099 1.0000e-12     0.1228    96.9773 1.3919e-01 1.6068e+03  0.3880712     46.958    12.8467    314.890 0.0000e+00
     46.029     4.1760 183.728654     2.1099 1.0000e-12     0.1228    96.9773 1.3919e-01 1.6068e+03  0.3880712     46.937    12.8460    314.852 0.0000e+00
     46.006     4.1763 183.752534     2.1099 1.0000e-12     0.1228    96.9773 1.3675e-01 1.6068e+03  0.3876554     46.913    12.8450    314.890 0.0000e+00
     45.983     4.1765 183.728652     2.1099 1.0000e-12     0.1228    96.9773 1.3309e-01 1.6068e+03  0.3872396     46.890    12.8440    314.846 0.0000e+00
     45.961     4.1766 183.752533     2.1099 1.0000e-12     0.1228    96.9773 1.3187e-01 1.6068e+03  0.3872396     46.867    12.8445    314.886 0.0000e+00
     45.941     4.1766 183.764474     2.1099 1.0000e-12     0.1228    96.9773 1.3309e-01 1.6068e+03  0.3872396     46.847    12.8450    314.907 0.0000e+00
     45.920     4.1766 183.800296     2.1099 1.0000e-12     0.1228    96.9773 1.3187e-01 1.6068e+03  0.3872396     46.825    12.8440    314.968 0.0000e+00
     45.899     4.1768 183.752532     2.1099 1.0000e-12     0.1228    96.9773 1.2821e-01 1.6068e+03  0.3872396     46.804    12.8429    314.884 0.0000e+00
     45.877     4.1770 183.728650     2.1099 1.0000e-12     0.1228    96.9773 1.2698e-01 1.6068e+03  0.3872396     46.782    12.8417    314.841 0.0000e+00
     45.854     4.1774 183.704768     2.1099 1.0000e-12     0.1228    96.9773 1.2821e-01 1.6068e+03  0.3872396     46.758    12.8404    314.796 0.0000e+00
     45.833     4.1774 183.740590     2.1099 1.0000e-12     0.1228    96.9773 1.2698e-01 1.6068e+03  0.3872396     46.737    12.8406    314.857 0.0000e+00
     45.812     4.1776 183.776412     2.1087 1.0000e-12     0.1239    96.9512 1.2943e-01 1.6068e+03  0.3872396     46.715    12.8314    314.916 0.0000e+00
     45.791     4.1777 183.740589     2.1087 1.0000e-12     0.1217    97.0035 1.3309e-01 1.6068e+03  0.3872396     46.694    12.8317    314.854 0.0000e+00
     45.770     4.1781 183.752529     2.1087 1.0000e-12     0.1217    97.0035 1.3675e-01 1.6068e+03  0.3872396     46.672    12.8318    314.870 0.0000e+00
     45.748     4.1782 183.728647     2.1087 1.0000e-12     0.1228    96.9773 1.3553e-01 1.6068e+03  0.3872396     46.650    12.8320    314.828 0.0000e+00
     45.726     4.1781 183.752528     2.1099 1.0000e-12     0.1217    97.0035 1.3309e-01 1.6068e+03  0.3872396     46.628    12.8417    314.870 0.0000e+00
     45.703     4.1786 183.764468     2.1099 1.0000e-12     0.1217    97.0035 1.3309e-01 1.6068e+03  0.3872396     46.604    12.8418    314.885 0.0000e+00
     45.680     4.1790 183.764467     2.1099 1.0000e-12     0.1217    97.0035 1.3187e-01 1.6068e+03  0.3872396     46.581    12.8404    314.881 0.0000e+00
     45.658     4.1792 183.728645     2.1099 1.0000e-12     0.1228    96.9773 1.2943e-01 1.6068e+03  0.3872396     46.558    12.8405    314.817 0.0000e+00
     45.637     4.1793 183.728644     2.1099 1.0000e-12     0.1217    97.0035 1.2943e-01 1.6068e+03  0.3872396     46.537    12.8407    314.816 0.0000e+00
     45.616     4.1795 183.752526     2.1099 1.0000e-12     0.1217    97.0035 1.3309e-01 1.6068e+03  0.3872396     46.515    12.8422    314.855 0.0000e+00
     45.595     4.1802 183.764465     2.1099 1.0000e-12     0.1228    96.9773 1.4530e-01 1.6068e+03  0.3872396     46.494    12.8421    314.868 0.0000e+00
     45.572     4.1800 183.728642     2.1099 1.0000e-12     0.1217    97.0035 1.5385e-01 1.6068e+03  0.3876554     46.470    12.8423    314.809 0.0000e+00
     45.552     4.1802 183.752524     2.1099 1.0000e-12     0.1217    97.0035 1.5629e-01 1.6068e+03  0.3872396     46.450    12.8424    314.847 0.0000e+00
     45.531     4.1808 183.728642     2.1111 1.0000e-12     0.1217    97.0035 1.5995e-01 1.6068e+03  0.3876554     46.429    12.8502    314.800 0.0000e+00
     45.511     4.1809 183.764464     2.1099 1.0000e-12     0.1217    97.0035 1.6484e-01 1.6068e+03  0.3872396     46.408    12.8409    314.860 0.0000e+00
     45.488     4.1811 183.740581     2.1099 1.0000e-12     0.1217    97.0035 1.6606e-01 1.6068e+03  0.3864081     46.385    12.8409    314.817 0.0000e+00
     45.466     4.1814 183.764462     2.1099 1.0000e-12     0.1217    97.0035 1.6728e-01 1.6068e+03  0.3864081     46.362    12.8423    314.855 0.0000e+00
     45.445     4.1816 183.740580     2.1099 1.0000e-12     0.1228    96.9773 1.6972e-01 1.6068e+03  0.3859924     46.341    12.8422    314.812 0.0000e+00
     45.424     4.1822 183.752521     2.1099 1.0000e-12     0.1217    97.0035 1.7460e-01 1.6068e+03  0.3864081     46.320    12.8435    314.826 0.0000e+00
     45.402     4.1822 183.776401     2.1099 1.0000e-12     0.1217    97.0035 1.7949e-01 1.6068e+03  0.3859924     46.297    12.8448    314.867 0.0000e+00
     45.380     4.1828 183.764460     2.1099 1.0000e-12     0.1228    96.9773 1.8315e-01 1.6068e+03  0.3864081     46.275    12.8445    314.840 0.0000e+00
     45.359     4.1832 183.776400     2.1099 1.0000e-12     0.1228    96.9773 1.7827e-01 1.6068e+03  0.3864081     46.253    12.8443    314.856 0.0000e+00
     45.338     4.1836 183.740577     2.1099 1.0000e-12     0.1228    96.9773 1.6484e-01 1.6068e+03  0.3864081     46.232    12.8455    314.790 0.0000e+00
     45.317     4.1838 183.812222     2.1099 1.0000e-12     0.1239    96.9512 1.5385e-01 1.6068e+03  0.3864081     46.210    12.8467    314.911 0.0000e+00
     45.296     4.1841 183.800279     2.1099 1.0000e-12     0.1239    96.9512 1.4530e-01 1.6068e+03  0.3859924     46.189    12.8463    314.887 0.0000e+00
     45.274     4.1844 183.788338     2.1099 1.0000e-12     0.1239    96.9512 1.4286e-01 1.6068e+03  0.3864081     46.167    12.8445    314.863 0.0000e+00
     45.253     4.1844 183.788339     2.1099 1.0000e-12     0.1239    96.9512 1.5140e-01 1.6068e+03  0.3864081     46.145    12.8428    314.863 0.0000e+00
     45.230     4.1846 183.764456     2.1099 1.0000e-12     0.1239    96.9512 1.6361e-01 1.6068e+03  0.3864081     46.122    12.8409    314.820 0.0000e+00
     45.208     4.1849 183.824159     2.1099 1.0000e-12     0.1239    96.9512 1.6606e-01 1.6068e+03  0.3864081     46.099    12.8403    314.919 0.0000e+00
     45.187     4.1850 183.752514     2.1099 1.0000e-12     0.1228    96.9773 1.5995e-01 1.6068e+03  0.3864081     46.078    12.8397    314.796 0.0000e+00
     45.168     4.1855 183.800277     2.1099 1.0000e-12     0.1239    96.9512 1.5018e-01 1.6068e+03  0.3864081     46.059    12.8405    314.872 0.0000e+00
     45.148     4.1853 183.788336     2.1099 1.0000e-12     0.1228    96.9773 1.4164e-01 1.6068e+03  0.3868239     46.038    12.8414    314.854 0.0000e+00
     45.128     4.1856 183.812217     2.1099 1.0000e-12     0.1228    96.9773 1.3797e-01 1.6068e+03  0.3868239     46.018    12.8421    314.891 0.0000e+00
     45.107     4.1857 183.776395     2.1111 1.0000e-12     0.1239    96.9512 1.4042e-01 1.6068e+03  0.3864081     45.996    12.8522    314.829 0.0000e+00
     45.084     4.1853 183.800275     2.1099 1.0000e-12     0.1228    96.9773 1.3919e-01 1.6068e+03  0.3864081     45.973    12.8436    314.874 0.0000e+00
     45.061     4.1858 183.752511     2.1099 1.0000e-12     0.1228    96.9773 1.3797e-01 1.6068e+03  0.3868239     45.949    12.8426    314.787 0.0000e+00
     45.040     4.1857 183.800274     2.1099 1.0000e-12     0.1239    96.9512 1.3675e-01 1.6068e+03  0.3868239     45.928    12.8418    314.870 0.0000e+00
     45.020     4.1853 183.752511     2.1099 1.0000e-12     0.1239    96.9512 1.3309e-01 1.6068e+03  0.3868239     45.908    12.8426    314.792 0.0000e+00
     44.999     4.1855 183.752511     2.1099 1.0000e-12     0.1239    96.9512 1.3187e-01 1.6068e+03  0.3868239     45.886    12.8460    314.790 0.0000e+00
     44.978     4.1855 183.776392     2.1099 1.0000e-12     0.1228    96.9773 1.3309e-01 1.6068e+03  0.3868239     45.865    12.8465    314.831 0.0000e+00
     44.955     4.1853 183.740570     2.1111 1.0000e-12     0.1239    96.9512 1.3675e-01 1.6068e+03  0.3868239     45.841    12.8564    314.772 0.0000e+00
     44.933     4.1853 183.752509     2.1099 1.0000e-12     0.1249    96.9250 1.3919e-01 1.6068e+03  0.3868239     45.819    12.8474    314.792 0.0000e+00
     44.911     4.1855 183.776391     2.1111 1.0000e-12     0.1271    96.8728 1.3919e-01 1.6068e+03  0.3868239     45.796    12.8571    314.831 0.0000e+00
     44.890     4.1855 183.764450     2.1111 1.0000e-12     0.1260    96.8989 1.3919e-01 1.6068e+03  0.3868239     45.775    12.8559    314.811 0.0000e+00
     44.868     4.1853 183.764449     2.1099 1.0000e-12     0.1271    96.8728 1.3675e-01 1.6068e+03  0.3868239     45.753    12.8454    314.813 0.0000e+00
     44.846     4.1852 183.800272     2.1099 1.0000e-12     0.1260    96.8989 1.3797e-01 1.6068e+03  0.3868239     45.730    12.8443    314.875 0.0000e+00
     44.825     4.1853 183.752508     2.1111 1.0000e-12     0.1260    96.8989 1.4042e-01 1.6068e+03  0.3868239     45.709    12.8539    314.792 0.0000e+00
     44.805     4.1847 183.800271     2.1111 1.0000e-12     0.1260    96.8989 1.4164e-01 1.6068e+03  0.3868239     45.688    12.8529    314.881 0.0000e+00
     44.784     4.1849 183.776389     2.1099 1.0000e-12     0.1271    96.8728 1.4164e-01 1.6068e+03  0.3868239     45.667    12.8422    314.838 0.0000e+00
     44.763     4.1850 183.776389     2.1099 1.0000e-12     0.1271    96.8728 1.3919e-01 1.6068e+03  0.3868239     45.646    12.8409    314.836 0.0000e+00
     44.741     4.1852 183.740565     2.1099 1.0000e-12     0.1271    96.8728 1.3797e-01 1.6068e+03  0.3864081     45.623    12.8396    314.773 0.0000e+00
     44.720     4.1853 183.752506     2.1099 1.0000e-12     0.1271    96.8728 1.3553e-01 1.6068e+03  0.3868239     45.602    12.8384    314.792 0.0000e+00
     44.700     4.1853 183.728624     2.1111 1.0000e-12     0.1260    96.8989 1.3553e-01 1.6068e+03  0.3868239     45.581    12.8480    314.751 0.0000e+00
     44.680     4.1855 183.800268     2.1099 1.0000e-12     0.1271    96.8728 1.3431e-01 1.6068e+03  0.3868239     45.561    12.8386    314.872 0.0000e+00
     44.660     4.1852 183.704743     2.1111 1.0000e-12     0.1260    96.8989 1.3431e-01 1.6068e+03  0.3868239     45.541    12.8468    314.712 0.0000e+00
     44.639     4.1853 183.740564     2.1111 1.0000e-12     0.1271    96.8728 1.3553e-01 1.6068e+03  0.3868239     45.519    12.8454    314.772 0.0000e+00
     44.618     4.1855 183.776386     2.1111 1.0000e-12     0.1260    96.8989 1.3675e-01 1.6068e+03  0.3868239     45.498    12.8440    314.831 0.0000e+00
     44.598     4.1858 183.764445     2.1111 1.0000e-12     0.1271    96.8728 1.3675e-01 1.6068e+03  0.3868239     45.477    12.8426    314.807 0.0000e+00
     44.576     4.1855 183.776385     2.1111 1.0000e-12     0.1260    96.8989 1.3431e-01 1.6068e+03  0.3868239     45.455    12.8428    314.831 0.0000e+00
     44.554     4.1857 183.788325     2.1099 1.0000e-12     0.1271    96.8728 1.3065e-01 1.6068e+03  0.3868239     45.432    12.8335    314.849 0.0000e+00
     44.533     4.1858 183.788324     2.1099 1.0000e-12     0.1260    96.8989 1.2576e-01 1.6048e+03  0.3868239     45.411    12.8335    314.848 0.0000e+00
     44.511     4.1858 183.824147     2.1111 1.0000e-12     0.1260    96.8989 1.2332e-01 1.6048e+03  0.3868239     45.389    12.8429    314.910 0.0000e+00
     44.490     4.1862 183.824146     2.1123 1.0000e-12     0.1260    96.8989 1.2576e-01 1.6048e+03  0.3868239     45.367    12.8521    314.905 0.0000e+00
     44.469     4.1862 183.776382     2.1111 1.0000e-12     0.1260    96.8989 1.3065e-01 1.6068e+03  0.3868239     45.346    12.8427    314.824 0.0000e+00
     44.448     4.1863 183.764442     2.1111 1.0000e-12     0.1260    96.8989 1.3553e-01 1.6068e+03  0.3868239     45.324    12.8425    314.802 0.0000e+00
     44.427     4.1863 183.764441     2.1111 1.0000e-12     0.1260    96.8989 1.4042e-01 1.6048e+03  0.3868239     45.303    12.8437    314.802 0.0000e+00
     44.407     4.1863 183.800264     2.1111 1.0000e-12     0.1260    96.8989 1.4530e-01 1.6048e+03  0.3868239     45.283    12.8421    314.863 0.0000e+00
     44.386     4.1863 183.776381     2.1099 1.0000e-12     0.1271    96.8728 1.5140e-01 1.6048e+03  0.3859924     45.261    12.8354    314.822 0.0000e+00
     44.364     4.1863 183.764440     2.1099 1.0000e-12     0.1271    96.8728 1.5995e-01 1.6048e+03  0.3851608     45.239    12.8366    314.802 0.0000e+00
     44.343     4.1860 183.764440     2.1099 1.0000e-12     0.1260    96.8989 1.6728e-01 1.6048e+03  0.3851608     45.217    12.8365    314.805 0.0000e+00
     44.322     4.1862 183.776380     2.1111 1.0000e-12     0.1260    96.8989 1.7460e-01 1.6048e+03  0.3851608     45.196    12.8440    314.824 0.0000e+00
     44.301     4.1862 183.788320     2.1099 1.0000e-12     0.1271    96.8728 1.7827e-01 1.6048e+03  0.3855766     45.174    12.8358    314.844 0.0000e+00
     44.280     4.1862 183.788320     2.1099 1.0000e-12     0.1260    96.8989 1.7705e-01 1.6048e+03  0.3851608     45.153    12.8369    314.844 0.0000e+00
     44.260     4.1858 183.740557     2.1099 1.0000e-12     0.1260    96.8989 1.7094e-01 1.6048e+03  0.3855766     45.133    12.8353    314.766 0.0000e+00
     44.239     4.1857 183.752497     2.1099 1.0000e-12     0.1271    96.8728 1.6117e-01 1.6048e+03  0.3855766     45.111    12.8350    314.788 0.0000e+00
     44.219     4.1855 183.764438     2.1099 1.0000e-12     0.1260    96.8989 1.5263e-01 1.6048e+03  0.3855766     45.091    12.8347    314.811 0.0000e+00
     44.198     4.1855 183.776379     2.1111 1.0000e-12     0.1260    96.8989 1.4408e-01 1.6068e+03  0.3855766     45.069    12.8437    314.831 0.0000e+00
     44.176     4.1853 183.740556     2.1111 1.0000e-12     0.1260    96.8989 1.4164e-01 1.6068e+03  0.3855766     45.047    12.8447    314.772 0.0000e+00
     44.154     4.1855 183.800259     2.1099 1.0000e-12     0.1260    96.8989 1.4652e-01 1.6068e+03  0.3855766     45.025    12.8347    314.872 0.0000e+00
     44.133     4.1856 183.788317     2.1099 1.0000e-12     0.1260    96.8989 1.5263e-01 1.6068e+03  0.3855766     45.003    12.8356    314.850 0.0000e+00
     44.112     4.1855 183.740554     2.1099 1.0000e-12     0.1271    96.8728 1.5629e-01 1.6048e+03  0.3855766     44.982    12.8366    314.770 0.0000e+00
     44.092     4.1857 183.728614     2.1099 1.0000e-12     0.1271    96.8728 1.5873e-01 1.6068e+03  0.3855766     44.961    12.8374    314.747 0.0000e+00
     44.071     4.1857 183.752495     2.1099 1.0000e-12     0.1260    96.8989 1.5873e-01 1.6068e+03  0.3851608     44.940    12.8383    314.788 0.0000e+00
     44.048     4.1858 183.800256     2.1111 1.0000e-12     0.1271    96.8728 1.5629e-01 1.6068e+03  0.3855766     44.916    12.8486    314.869 0.0000e+00
     44.027     4.1857 183.776376     2.1111 1.0000e-12     0.1271    96.8728 1.5263e-01 1.6068e+03  0.3855766     44.895    12.8481    314.829 0.0000e+00
     44.007     4.1860 183.776374     2.1111 1.0000e-12     0.1271    96.8728 1.4774e-01 1.6068e+03  0.3851608     44.875    12.8473    314.826 0.0000e+00
     43.987     4.1853 183.764434     2.1111 1.0000e-12     0.1271    96.8728 1.4286e-01 1.6068e+03  0.3855766     44.854    12.8484    314.813 0.0000e+00
