data/05_metadata_exports/SeabirdData/202305_SeabirdData/83380_stn33-day.cnv
* Sea-Bird SBE 9 Data File:
* FileName = C:\Users\rosette\Rosette Data\2023\Ontario CSMI\stn33-day.hex
* Software Version Seasave V 7.26.6.26
* Temperature SN = 5270
* Conductivity SN = 1168
* Number of Bytes Per Scan = 40
* Number of Voltage Words = 5
* Number of Scans Averaged by the Deck Unit = 1
* NMEA Latitude = 43 35.78 N
* NMEA Longitude = 078 48.84 W
* NMEA UTC (Time) = Oct 02 2003  15:38:21
* NMEA baud rate = 4800
** Ship: Lake Guardian
** Ontario CSMI LWFS
** Station:  stn33-day
# nquan = 14                                
# nvalues = 21229                       
# units = specified
# name 0 = prDM: Pressure, Digiquartz [db]
# name 1 = t090C: Temperature [ITS-90, deg C]
# name 2 = c0uS/cm: Conductivity [uS/cm]
# name 3 = sbeox0V: Oxygen raw, SBE 43 [V]
# name 4 = par: PAR/Irradiance, Biospherical/Licor
# name 5 = bat: Beam Attenuation, Chelsea/Seatech [1/m]
# name 6 = xmiss: Beam Transmission, Chelsea/Seatech [%]
# name 7 = flSP: Fluorescence, Seapoint
# name 8 = spar: SPAR, Biospherical/Licor
# name 9 = upoly0: Upoly 0, Suna Nitrate
# name 10 = depFM: Depth [fresh water, m], lat = 43.5963
# name 11 = sbeox0Mg/L: Oxygen, SBE 43 [mg/l], WS = 2
# name 12 = specc: Specific Conductance [uS/cm]
# name 13 = flag: flag
# span 0 =     -0.154,    132.544       
# span 1 =     3.8580,     8.6084       
# span 2 =  13.637226, 210.752817       
# span 3 =     1.7607,     2.4322       
# span 4 = 1.0000e-12, 4.7301e+03       
# span 5 =     0.0906,     1.3176       
# span 6 =    71.9357,    97.7615       
# span 7 = 0.0000e+00, 1.1807e+00       
# span 8 = 1.7564e+03, 1.8037e+03       
# span 9 =  0.0737546,  0.3913973       
# span 10 =     -0.157,    135.157      
# span 11 =     8.9841,    13.8569      
# span 12 =     20.335,    316.551      
# span 13 = 0.0000e+00, 0.0000e+00      
# interval = seconds: 0.0416667
# start_time = Oct 02 2003 15:38:21 [NMEA time, header]
# bad_flag = -9.990e-29
*END*
[from data line 15897]
     88.502     3.9103 182.547509     2.1026 1.0000e-12     0.1099    97.2910 8.7912e-02 1.7742e+03  0.3855766     90.247    12.9689    315.703 0.0000e+00
     88.479     3.9098 182.571386     2.1026 1.0000e-12     0.1109    97.2649 8.9133e-02 1.7742e+03  0.3855766     90.223    12.9703    315.750 0.0000e+00
     88.455     3.9101 182.595265     2.1038 1.0000e-12     0.1099    97.2910 8.7912e-02 1.7761e+03  0.3855766     90.199    12.9793    315.788 0.0000e+00
     88.432     3.9100 182.547507     2.1026 1.0000e-12     0.1109    97.2649 8.7912e-02 1.7761e+03  0.3855766     90.176    12.9708    315.707 0.0000e+00
     88.409     3.9101 182.619142     2.1038 1.0000e-12     0.1109    97.2649 9.0354e-02 1.7761e+03  0.3855766     90.152    12.9798    315.829 0.0000e+00
     88.386     3.9100 182.547507     2.1050 1.0000e-12     0.1109    97.2649 8.9133e-02 1.7761e+03  0.3855766     90.129    12.9858    315.707 0.0000e+00
     88.362     3.9098 182.559445     2.1050 1.0000e-12     0.1109    97.2649 8.6691e-02 1.7761e+03  0.3855766     90.104    12.9853    315.729 0.0000e+00
     88.338     3.9100 182.631080     2.1050 1.0000e-12     0.1099    97.2910 8.6691e-02 1.7761e+03  0.3859924     90.080    12.9862    315.851 0.0000e+00
     88.314     3.9098 182.607201     2.1050 1.0000e-12     0.1099    97.2910 8.6691e-02 1.7761e+03  0.3859924     90.055    12.9856    315.812 0.0000e+00
     88.291     3.9100 182.571383     2.1038 1.0000e-12     0.1099    97.2910 8.5470e-02 1.7761e+03  0.3880712     90.032    12.9783    315.748 0.0000e+00
     88.268     3.9100 182.571382     2.1038 1.0000e-12     0.1109    97.2649 8.3028e-02 1.7761e+03  0.3859924     90.008    12.9806    315.748 0.0000e+00
     88.245     3.9099 182.571382     2.1038 1.0000e-12     0.1109    97.2649 8.0586e-02 1.7761e+03  0.3859924     89.985    12.9814    315.749 0.0000e+00
     88.223     3.9098 182.583321     2.1050 1.0000e-12     0.1109    97.2649 7.9365e-02 1.7761e+03  0.3859924     89.962    12.9902    315.771 0.0000e+00
     88.201     3.9098 182.595260     2.1050 1.0000e-12     0.1109    97.2649 8.0586e-02 1.7761e+03  0.3859924     89.940    12.9892    315.791 0.0000e+00
     88.178     3.9100 182.619139     2.1050 1.0000e-12     0.1109    97.2649 8.1807e-02 1.7761e+03  0.3864081     89.917    12.9880    315.831 0.0000e+00
     88.154     3.9098 182.559441     2.1026 1.0000e-12     0.1099    97.2910 8.4249e-02 1.7761e+03  0.3864081     89.892    12.9679    315.729 0.0000e+00
     88.130     3.9098 182.583320     2.1038 1.0000e-12     0.1109    97.2649 8.4249e-02 1.7761e+03  0.3859924     89.868    12.9760    315.771 0.0000e+00
     88.106     3.9100 182.619137     2.1038 1.0000e-12     0.1099    97.2910 8.4249e-02 1.7761e+03  0.3859924     89.843    12.9745    315.831 0.0000e+00
     88.083     3.9101 182.583318     2.1038 1.0000e-12     0.1099    97.2910 8.3028e-02 1.7761e+03  0.3859924     89.820    12.9730    315.767 0.0000e+00
     88.060     3.9098 182.595258     2.1038 1.0000e-12     0.1099    97.2910 8.0586e-02 1.7761e+03  0.3859924     89.796    12.9730    315.791 0.0000e+00
     88.036     3.9100 182.571379     2.1050 1.0000e-12     0.1088    97.3171 7.9365e-02 1.7761e+03  0.3859924     89.772    12.9823    315.748 0.0000e+00
     88.014     3.9101 182.583315     2.1050 1.0000e-12     0.1099    97.2910 8.0586e-02 1.7761e+03  0.3872396     89.749    12.9835    315.767 0.0000e+00
     87.994     3.9096 182.595257     2.1050 1.0000e-12     0.1088    97.3171 8.4249e-02 1.7761e+03  0.3864081     89.729    12.9850    315.794 0.0000e+00
     87.973     3.9101 182.595256     2.1050 1.0000e-12     0.1099    97.2910 8.7912e-02 1.7781e+03  0.3859924     89.707    12.9860    315.788 0.0000e+00
     87.950     3.9105 182.535560     2.1050 1.0000e-12     0.1099    97.2910 8.9133e-02 1.7781e+03  0.3864081     89.684    12.9872    315.681 0.0000e+00
     87.927     3.9100 182.571376     2.1050 1.0000e-12     0.1099    97.2910 8.7912e-02 1.7781e+03  0.3859924     89.661    12.9855    315.748 0.0000e+00
     87.904     3.9103 182.619133     2.1050 1.0000e-12     0.1099    97.2910 8.7912e-02 1.7761e+03  0.3859924     89.637    12.9820    315.827 0.0000e+00
     87.881     3.9100 182.595254     2.1050 1.0000e-12     0.1099    97.2910 8.9133e-02 1.7761e+03  0.3859924     89.614    12.9801    315.789 0.0000e+00
     87.858     3.9104 182.583315     2.1038 1.0000e-12     0.1099    97.2910 8.7912e-02 1.7761e+03  0.3859924     89.590    12.9684    315.764 0.0000e+00
     87.835     3.9101 182.523619     2.1026 1.0000e-12     0.1099    97.2910 8.6691e-02 1.7761e+03  0.3859924     89.567    12.9584    315.664 0.0000e+00
     87.812     3.9105 182.595252     2.1038 1.0000e-12     0.1099    97.2910 8.5470e-02 1.7761e+03  0.3859924     89.543    12.9687    315.784 0.0000e+00
     87.789     3.9103 182.631071     2.1050 1.0000e-12     0.1099    97.2910 8.4249e-02 1.7742e+03  0.3859924     89.520    12.9792    315.848 0.0000e+00
     87.766     3.9105 182.547495     2.1050 1.0000e-12     0.1099    97.2910 8.4249e-02 1.7742e+03  0.3859924     89.496    12.9800    315.701 0.0000e+00
     87.744     3.9105 182.595251     2.1050 1.0000e-12     0.1099    97.2910 8.3028e-02 1.7742e+03  0.3859924     89.474    12.9809    315.784 0.0000e+00
     87.723     3.9106 182.559435     2.1050 1.0000e-12     0.1099    97.2910 8.1807e-02 1.7742e+03  0.3864081     89.453    12.9787    315.721 0.0000e+00
     87.700     3.9105 182.643008     2.1050 1.0000e-12     0.1099    97.2910 8.3028e-02 1.7761e+03  0.3739352     89.429    12.9811    315.866 0.0000e+00
     87.674     3.9105 182.619128     2.1050 1.0000e-12     0.1088    97.3171 8.3028e-02 1.7761e+03  0.3656200     89.403    12.9817    315.825 0.0000e+00
     87.650     3.9105 182.631066     2.1050 1.0000e-12     0.1088    97.3171 8.4249e-02 1.7761e+03  0.3643727     89.378    12.9823    315.846 0.0000e+00
     87.628     3.9106 182.631068     2.1050 1.0000e-12     0.1088    97.3171 8.5470e-02 1.7761e+03  0.3652042     89.356    12.9828    315.845 0.0000e+00
     87.605     3.9106 182.595249     2.1050 1.0000e-12     0.1088    97.3171 8.7912e-02 1.7761e+03  0.3656200     89.332    12.9834    315.783 0.0000e+00
     87.582     3.9107 182.571369     2.1050 1.0000e-12     0.1088    97.3171 8.9133e-02 1.7761e+03  0.3656200     89.309    12.9794    315.740 0.0000e+00
     87.560     3.9106 182.571371     2.1050 1.0000e-12     0.1088    97.3171 9.0354e-02 1.7761e+03  0.3656200     89.286    12.9769    315.741 0.0000e+00
     87.536     3.9107 182.619126     2.1038 1.0000e-12     0.1077    97.3433 9.0354e-02 1.7761e+03  0.3652042     89.262    12.9663    315.823 0.0000e+00
     87.513     3.9106 182.631064     2.1050 1.0000e-12     0.1077    97.3433 9.2796e-02 1.7761e+03  0.3656200     89.238    12.9748    315.845 0.0000e+00
     87.491     3.9111 182.559430     2.1062 1.0000e-12     0.1077    97.3433 9.6459e-02 1.7761e+03  0.3656200     89.216    12.9845    315.715 0.0000e+00
     87.469     3.9111 182.535550     2.1050 1.0000e-12     0.1088    97.3171 9.7680e-02 1.7761e+03  0.3656200     89.194    12.9752    315.674 0.0000e+00
     87.447     3.9111 182.654943     2.1050 1.0000e-12     0.1088    97.3171 9.4017e-02 1.7761e+03  0.3656200     89.171    12.9755    315.880 0.0000e+00
     87.424     3.9114 182.619124     2.1050 1.0000e-12     0.1088    97.3171 9.0354e-02 1.7761e+03  0.3656200     89.148    12.9771    315.815 0.0000e+00
     87.400     3.9116 182.571366     2.1050 1.0000e-12     0.1088    97.3171 8.7912e-02 1.7761e+03  0.3656200     89.123    12.9772    315.730 0.0000e+00
     87.377     3.9121 182.607184     2.1050 1.0000e-12     0.1088    97.3171 8.6691e-02 1.7761e+03  0.3656200     89.100    12.9772    315.787 0.0000e+00
     87.354     3.9122 182.607183     2.1038 1.0000e-12     0.1077    97.3433 8.6691e-02 1.7781e+03  0.3656200     89.076    12.9679    315.786 0.0000e+00
     87.331     3.9125 182.547487     2.1038 1.0000e-12     0.1088    97.3171 8.7912e-02 1.7781e+03  0.3656200     89.053    12.9680    315.679 0.0000e+00
     87.307     3.9132 182.607182     2.1050 1.0000e-12     0.1088    97.3171 8.6691e-02 1.7781e+03  0.3656200     89.028    12.9789    315.775 0.0000e+00
     87.283     3.9138 182.559423     2.1050 1.0000e-12     0.1088    97.3171 8.5470e-02 1.7781e+03  0.3652042     89.004    12.9773    315.686 0.0000e+00
     87.261     3.9143 182.571363     2.1050 1.0000e-12     0.1088    97.3171 8.4249e-02 1.7781e+03  0.3656200     88.981    12.9741    315.701 0.0000e+00
     87.239     3.9139 182.619119     2.1050 1.0000e-12     0.1099    97.2910 8.5470e-02 1.7781e+03  0.3652042     88.959    12.9742    315.788 0.0000e+00
     87.216     3.9144 182.631057     2.1050 1.0000e-12     0.1099    97.2910 8.7912e-02 1.7781e+03  0.3656200     88.936    12.9753    315.803 0.0000e+00
     87.192     3.9144 182.595240     2.1050 1.0000e-12     0.1099    97.2910 8.6691e-02 1.7781e+03  0.3656200     88.911    12.9751    315.741 0.0000e+00
     87.169     3.9150 182.595238     2.1038 1.0000e-12     0.1088    97.3171 8.5470e-02 1.7781e+03  0.3652042     88.888    12.9651    315.735 0.0000e+00
     87.146     3.9154 182.595238     2.1074 1.0000e-12     0.1099    97.2910 8.7912e-02 1.7781e+03  0.3656200     88.864    12.9933    315.730 0.0000e+00
     87.124     3.9155 182.631055     2.1062 1.0000e-12     0.1099    97.2910 8.7912e-02 1.7781e+03  0.3652042     88.842    12.9850    315.791 0.0000e+00
     87.101     3.9160 182.583298     2.1050 1.0000e-12     0.1088    97.3171 8.5470e-02 1.7761e+03  0.3652042     88.818    12.9750    315.703 0.0000e+00
     87.076     3.9160 182.583297     2.1050 1.0000e-12     0.1099    97.2910 8.4249e-02 1.7761e+03  0.3652042     88.793    12.9747    315.703 0.0000e+00
     87.052     3.9165 182.595236     2.1050 1.0000e-12     0.1088    97.3171 8.3028e-02 1.7761e+03  0.3656200     88.768    12.9757    315.718 0.0000e+00
     87.028     3.9165 182.642991     2.1038 1.0000e-12     0.1099    97.2910 8.4249e-02 1.7761e+03  0.3656200     88.744    12.9658    315.801 0.0000e+00
     87.005     3.9168 182.607174     2.1038 1.0000e-12     0.1088    97.3171 8.5470e-02 1.7761e+03  0.3656200     88.720    12.9654    315.736 0.0000e+00
     86.982     3.9168 182.571356     2.1050 1.0000e-12     0.1099    97.2910 8.4249e-02 1.7761e+03  0.3656200     88.697    12.9745    315.674 0.0000e+00
     86.960     3.9171 182.619112     2.1050 1.0000e-12     0.1099    97.2910 8.3028e-02 1.7761e+03  0.3656200     88.675    12.9740    315.753 0.0000e+00
     86.938     3.9171 182.631052     2.1062 1.0000e-12     0.1099    97.2910 8.1807e-02 1.7742e+03  0.3656200     88.652    12.9831    315.774 0.0000e+00
     86.915     3.9173 182.631050     2.1050 1.0000e-12     0.1099    97.2910 8.3028e-02 1.7742e+03  0.3656200     88.629    12.9731    315.771 0.0000e+00
     86.891     3.9176 182.631050     2.1050 1.0000e-12     0.1099    97.2910 8.3028e-02 1.7742e+03  0.3656200     88.604    12.9726    315.768 0.0000e+00
     86.867     3.9176 182.607171     2.1062 1.0000e-12     0.1088    97.3171 8.3028e-02 1.7761e+03  0.3656200     88.580    12.9847    315.727 0.0000e+00
     86.844     3.9176 182.595232     2.1050 1.0000e-12     0.1099    97.2910 8.1807e-02 1.7761e+03  0.3656200     88.556    12.9747    315.706 0.0000e+00
     86.821     3.9174 182.666866     2.1050 1.0000e-12     0.1099    97.2910 8.3028e-02 1.7761e+03  0.3656200     88.533    12.9743    315.832 0.0000e+00
     86.799     3.9176 182.619109     2.1050 1.0000e-12     0.1099    97.2910 8.4249e-02 1.7761e+03  0.3656200     88.510    12.9753    315.747 0.0000e+00
     86.777     3.9178 182.595231     2.1050 1.0000e-12     0.1099    97.2910 8.3028e-02 1.7761e+03  0.3652042     88.488    12.9731    315.704 0.0000e+00
     86.754     3.9182 182.595229     2.1062 1.0000e-12     0.1099    97.2910 8.3028e-02 1.7761e+03  0.3652042     88.464    12.9804    315.700 0.0000e+00
     86.730     3.9180 182.642987     2.1050 1.0000e-12     0.1109    97.2649 8.3028e-02 1.7781e+03  0.3652042     88.440    12.9703    315.784 0.0000e+00
     86.706     3.9180 182.583289     2.1050 1.0000e-12     0.1099    97.2910 8.3028e-02 1.7781e+03  0.3652042     88.415    12.9726    315.681 0.0000e+00
     86.684     3.9184 182.607167     2.1062 1.0000e-12     0.1099    97.2910 8.0586e-02 1.7781e+03  0.3656200     88.393    12.9826    315.718 0.0000e+00
     86.661     3.9182 182.631046     2.1062 1.0000e-12     0.1099    97.2910 8.0586e-02 1.7801e+03  0.3656200     88.370    12.9819    315.762 0.0000e+00
     86.638     3.9184 182.607166     2.1050 1.0000e-12     0.1099    97.2910 8.0586e-02 1.7801e+03  0.3656200     88.346    12.9729    315.718 0.0000e+00
     86.615     3.9184 182.595227     2.1050 1.0000e-12     0.1099    97.2910 8.4249e-02 1.7801e+03  0.3652042     88.323    12.9720    315.697 0.0000e+00
     86.593     3.9184 182.619105     2.1050 1.0000e-12     0.1109    97.2649 8.7912e-02 1.7801e+03  0.3652042     88.300    12.9696    315.739 0.0000e+00
     86.571     3.9185 182.595226     2.1062 1.0000e-12     0.1109    97.2649 8.6691e-02 1.7801e+03  0.3652042     88.278    12.9827    315.696 0.0000e+00
     86.549     3.9187 182.631043     2.1050 1.0000e-12     0.1099    97.2910 8.5470e-02 1.7801e+03  0.3656200     88.255    12.9737    315.756 0.0000e+00
     86.527     3.9187 182.607165     2.1050 1.0000e-12     0.1109    97.2649 8.5470e-02 1.7781e+03  0.3656200     88.233    12.9729    315.715 0.0000e+00
     86.504     3.9187 182.631043     2.1062 1.0000e-12     0.1099    97.2910 8.4249e-02 1.7781e+03  0.3652042     88.210    12.9830    315.756 0.0000e+00
     86.480     3.9187 182.607163     2.1050 1.0000e-12     0.1099    97.2910 8.3028e-02 1.7781e+03  0.3656200     88.185    12.9726    315.715 0.0000e+00
     86.456     3.9189 182.666860     2.1050 1.0000e-12     0.1099    97.2910 8.1807e-02 1.7761e+03  0.3656200     88.161    12.9686    315.816 0.0000e+00
     86.431     3.9187 182.666858     2.1050 1.0000e-12     0.1099    97.2910 8.4249e-02 1.7761e+03  0.3656200     88.135    12.9662    315.818 0.0000e+00
     86.407     3.9191 182.607162     2.1062 1.0000e-12     0.1109    97.2649 8.7912e-02 1.7761e+03  0.3656200     88.111    12.9761    315.710 0.0000e+00
     86.383     3.9190 182.571345     2.1050 1.0000e-12     0.1088    97.3171 8.9133e-02 1.7761e+03  0.3652042     88.086    12.9671    315.650 0.0000e+00
     86.360     3.9191 182.595222     2.1038 1.0000e-12     0.1088    97.3171 8.9133e-02 1.7761e+03  0.3656200     88.063    12.9595    315.690 0.0000e+00
     86.337     3.9190 182.595222     2.1050 1.0000e-12     0.1109    97.2649 9.0354e-02 1.7761e+03  0.3656200     88.039    12.9679    315.691 0.0000e+00
     86.315     3.9190 182.619100     2.1074 1.0000e-12     0.1099    97.2910 9.0354e-02 1.7761e+03  0.3656200     88.017    12.9888    315.732 0.0000e+00
     86.291     3.9190 182.583282     2.1050 1.0000e-12     0.1099    97.2910 9.0354e-02 1.7761e+03  0.3656200     87.992    12.9701    315.670 0.0000e+00
     86.268     3.9189 182.631038     2.1050 1.0000e-12     0.1088    97.3171 9.1575e-02 1.7761e+03  0.3652042     87.969    12.9705    315.754 0.0000e+00
     86.246     3.9190 182.619099     2.1062 1.0000e-12     0.1099    97.2910 9.1575e-02 1.7761e+03  0.3652042     87.946    12.9802    315.732 0.0000e+00
     86.223     3.9191 182.595220     2.1050 1.0000e-12     0.1099    97.2910 9.1575e-02 1.7761e+03  0.3652042     87.923    12.9709    315.690 0.0000e+00
     86.200     3.9189 182.595219     2.1050 1.0000e-12     0.1099    97.2910 9.1575e-02 1.7761e+03  0.3672830     87.900    12.9711    315.692 0.0000e+00
     86.178     3.9189 182.666855     2.1050 1.0000e-12     0.1099    97.2910 9.1575e-02 1.7761e+03  0.3656200     87.877    12.9742    315.816 0.0000e+00
     86.155     3.9190 182.619096     2.1074 1.0000e-12     0.1088    97.3171 9.1575e-02 1.7761e+03  0.3656200     87.854    12.9918    315.732 0.0000e+00
