data/05_metadata_exports/SeabirdData/202305_SeabirdData/83387_stn33-day-b.cnv
* Sea-Bird SBE 9 Data File:
* FileName = C:\Users\rosette\Rosette Data\2023\Ontario CSMI\stn33-day-b.hex
* Software Version Seasave V 7.26.6.26
* Temperature SN = 5270
* Conductivity SN = 1168
* Number of Bytes Per Scan = 40
* Number of Voltage Words = 5
* Number of Scans Averaged by the Deck Unit = 1
* NMEA Latitude = 43 35.78 N
* NMEA Longitude = 078 48.72 W
* NMEA UTC (Time) = Oct 02 2003  16:21:57
* NMEA baud rate = 4800
** Ship: Lake Guardian
** Ontario CSMI LWFS
** Station:  stn33-day-b
# nquan = 14                                
# nvalues = 4386                        
# units = specified
# name 0 = prDM: Pressure, Digiquartz [db]
# name 1 = t090C: Temperature [ITS-90, deg C]
# name 2 = c0uS/cm: Conductivity [uS/cm]
# name 3 = sbeox0V: Oxygen raw, SBE 43 [V]
# name 4 = par: PAR/Irradiance, Biospherical/Licor
# name 5 = bat: Beam Attenuation, Chelsea/Seatech [1/m]
# name 6 = xmiss: Beam Transmission, Chelsea/Seatech [%]
# name 7 = flSP: Fluorescence, Seapoint
# name 8 = spar: SPAR, Biospherical/Licor
# name 9 = upoly0: Upoly 0, Suna Nitrate
# name 10 = depFM: Depth [fresh water, m], lat = 43.5963
# name 11 = sbeox0Mg/L: Oxygen, SBE 43 [mg/l], WS = 2
# name 12 = specc: Specific Conductance [uS/cm]
# name 13 = flag: flag
# span 0 =     -0.021,      5.495       
# span 1 =     8.2339,     8.9710       
# span 2 =   7.144819, 290.746248       
# span 3 =     1.7924,     2.4371       
# span 4 = 6.1773e+02, 4.4589e+03       
# span 5 =     0.4624,     1.8767       
# span 6 =    62.5517,    89.0832       
# span 7 = 0.0000e+00, 1.0183e+00       
# span 8 = 1.6836e+03, 1.8155e+03       
# span 9 =  0.0745862,  0.3340220       
# span 10 =     -0.021,      5.603      
# span 11 =     9.0921,    13.6794      
# span 12 =     10.529,    428.533      
# span 13 = 0.0000e+00, 0.0000e+00      
# interval = seconds: 0.0416667
# start_time = Oct 02 2003 16:21:57 [NMEA time, header]
# bad_flag = -9.990e-29
*END*
[from data line 2581]
      4.866     8.2611 204.826147     2.4322 7.0106e+02     0.7469    82.9666 2.1734e-01 1.7840e+03  0.3240437      4.962    13.6411    307.888 -9.990e-29
      4.866     8.2609 204.850087     2.4322 7.4161e+02     0.7469    82.9666 2.1734e-01 1.7840e+03  0.3232122      4.962    13.6421    307.926 -9.990e-29
      4.867     8.2609 204.826148     2.4335 7.5423e+02     0.7469    82.9666 2.1734e-01 1.7840e+03  0.3232122      4.963    13.6498    307.890 -9.990e-29
      4.867     8.2611 204.850087     2.4335 7.8451e+02     0.7469    82.9666 2.2222e-01 1.7840e+03  0.3248753      4.963    13.6496    307.924 -9.990e-29
      4.867     8.2611 204.874026     2.4335 9.1059e+02     0.7444    83.0189 2.2711e-01 1.7840e+03  0.3248753      4.963    13.6504    307.960 -9.990e-29
      4.867     8.2611 204.838118     2.4335 9.6597e+02     0.7432    83.0450 2.2589e-01 1.7840e+03  0.3248753      4.963    13.6502    307.906 -9.990e-29
      4.867     8.2614 204.850087     2.4335 9.6597e+02     0.7432    83.0450 2.2344e-01 1.7840e+03  0.3248753      4.963    13.6508    307.921 -9.990e-29
      4.866     8.2614 204.897966     2.4335 9.5517e+02     0.7444    83.0189 2.1978e-01 1.7840e+03  0.3252910      4.962    13.6504    307.993 -9.990e-29
      4.865     8.2616 204.874025     2.4335 9.5249e+02     0.7432    83.0450 2.1978e-01 1.7840e+03  0.3252910      4.961    13.6521    307.955 -9.990e-29
      4.866     8.2612 204.921905     2.4335 9.4981e+02     0.7444    83.0189 2.1856e-01 1.7840e+03  0.3248753      4.962    13.6529    308.031 -9.990e-29
      4.866     8.2609 204.838118     2.4335 8.9284e+02     0.7432    83.0450 2.1978e-01 1.7840e+03  0.3252910      4.962    13.6547    307.908 -9.990e-29
      4.865     8.2611 204.814178     2.4347 8.6079e+02     0.7432    83.0450 2.2100e-01 1.7840e+03  0.3252910      4.961    13.6636    307.870 -9.990e-29
      4.865     8.2611 204.826147     2.4335 8.5596e+02     0.7432    83.0450 2.1978e-01 1.7840e+03  0.3252910      4.961    13.6569    307.888 -9.990e-29
      4.865     8.2609 204.826148     2.4347 8.0916e+02     0.7432    83.0450 2.1978e-01 1.7840e+03  0.3257068      4.961    13.6649    307.890 -9.990e-29
      4.865     8.2611 204.826148     2.4335 7.7356e+02     0.7432    83.0450 2.2589e-01 1.7840e+03  0.3257068      4.961    13.6560    307.888 -9.990e-29
      4.864     8.2609 204.850086     2.4335 7.6922e+02     0.7432    83.0450 2.2955e-01 1.7840e+03  0.3252910      4.960    13.6567    307.926 -9.990e-29
      4.865     8.2609 204.826148     2.4347 7.6276e+02     0.7432    83.0450 2.2833e-01 1.7840e+03  0.3252910      4.961    13.6655    307.890 -9.990e-29
      4.866     8.2611 204.897966     2.4347 7.5635e+02     0.7444    83.0189 2.2466e-01 1.7840e+03  0.3248753      4.962    13.6660    307.996 -9.990e-29
      4.865     8.2614 204.885996     2.4335 7.5423e+02     0.7444    83.0189 2.2222e-01 1.7840e+03  0.3248753      4.961    13.6580    307.975 -9.990e-29
      4.865     8.2611 204.885995     2.4335 7.3953e+02     0.7432    83.0450 2.2344e-01 1.7840e+03  0.3236280      4.961    13.6585    307.978 -9.990e-29
      4.866     8.2611 204.862057     2.4347 7.1499e+02     0.7432    83.0450 2.2589e-01 1.7820e+03  0.3227964      4.962    13.6660    307.942 -9.990e-29
      4.867     8.2614 204.874026     2.4335 7.1098e+02     0.7444    83.0189 2.3077e-01 1.7820e+03  0.3232122      4.963    13.6566    307.957 -9.990e-29
      4.867     8.2612 204.862057     2.4347 7.3745e+02     0.7444    83.0189 2.3565e-01 1.7820e+03  0.3232122      4.963    13.6652    307.941 -9.990e-29
      4.866     8.2614 204.862056     2.4335 7.9338e+02     0.7432    83.0450 2.3810e-01 1.7820e+03  0.3232122      4.962    13.6570    307.939 -9.990e-29
      4.866     8.2612 204.826148     2.4335 8.1143e+02     0.7432    83.0450 2.3687e-01 1.7820e+03  0.3232122      4.962    13.6571    307.887 -9.990e-29
      4.866     8.2614 204.826148     2.4347 8.1831e+02     0.7419    83.0711 2.3687e-01 1.7820e+03  0.3236280      4.962    13.6643    307.885 -9.990e-29
      4.866     8.2612 204.850086     2.4335 8.3928e+02     0.7419    83.0711 2.3565e-01 1.7820e+03  0.3232122      4.962    13.6548    307.923 -9.990e-29
      4.867     8.2616 204.862057     2.4335 8.4877e+02     0.7419    83.0711 2.3443e-01 1.7820e+03  0.3115708      4.963    13.6545    307.937 -9.990e-29
      4.868     8.2611 204.814178     2.4347 8.4401e+02     0.7419    83.0711 2.3321e-01 1.7820e+03  0.3032556      4.964    13.6618    307.870 -9.990e-29
      4.869     8.2611 204.838118     2.4335 8.1601e+02     0.7432    83.0450 2.3321e-01 1.7820e+03  0.3015925      4.965    13.6523    307.906 -9.990e-29
      4.868     8.2612 204.874027     2.4347 8.0462e+02     0.7406    83.0973 2.3199e-01 1.7820e+03  0.3024241      4.964    13.6604    307.959 -9.990e-29
      4.867     8.2611 204.862057     2.4347 8.0462e+02     0.7406    83.0973 2.2833e-01 1.7820e+03  0.3024241      4.963    13.6602    307.942 -9.990e-29
      4.865     8.2614 204.862056     2.4347 8.2756e+02     0.7406    83.0973 2.2466e-01 1.7820e+03  0.3028398      4.961    13.6598    307.939 -9.990e-29
      4.864     8.2611 204.862057     2.4347 8.3692e+02     0.7406    83.0973 2.2222e-01 1.7820e+03  0.3024241      4.960    13.6586    307.942 -9.990e-29
      4.863     8.2612 204.826147     2.4347 8.3928e+02     0.7406    83.0973 2.2344e-01 1.7820e+03  0.3028398      4.959    13.6583    307.887 -9.990e-29
      4.864     8.2614 204.862057     2.4347 8.3457e+02     0.7419    83.0711 2.2466e-01 1.7820e+03  0.3028398      4.960    13.6578    307.939 -9.990e-29
      4.864     8.2611 204.909936     2.4347 8.2989e+02     0.7419    83.0711 2.2589e-01 1.7820e+03  0.3028398      4.960    13.6586    308.014 -9.990e-29
      4.864     8.2611 204.850087     2.4335 8.2989e+02     0.7432    83.0450 2.2711e-01 1.7820e+03  0.3028398      4.960    13.6499    307.924 -9.990e-29
      4.863     8.2612 204.826147     2.4335 8.0011e+02     0.7432    83.0450 2.2833e-01 1.7820e+03  0.3028398      4.959    13.6505    307.887 -9.990e-29
      4.863     8.2611 204.874027     2.4347 7.7139e+02     0.7419    83.0711 2.3199e-01 1.7820e+03  0.3028398      4.959    13.6585    307.960 -9.990e-29
      4.864     8.2611 204.885996     2.4347 7.6706e+02     0.7419    83.0711 2.3687e-01 1.7820e+03  0.3028398      4.960    13.6580    307.978 -9.990e-29
      4.864     8.2611 204.862056     2.4347 7.5000e+02     0.7419    83.0711 2.3932e-01 1.7820e+03  0.3032556      4.960    13.6586    307.942 -9.990e-29
      4.865     8.2612 204.826148     2.4347 7.2716e+02     0.7419    83.0711 2.4054e-01 1.7820e+03  0.3032556      4.961    13.6591    307.887 -9.990e-29
      4.866     8.2612 204.778269     2.4347 7.2308e+02     0.7432    83.0450 2.3932e-01 1.7820e+03  0.3028398      4.962    13.6586    307.815 -9.990e-29
      4.865     8.2612 204.850087     2.4347 7.4579e+02     0.7394    83.1234 2.3565e-01 1.7820e+03  0.3028398      4.961    13.6591    307.923 -9.990e-29
      4.864     8.2616 204.862055     2.4347 7.8672e+02     0.7356    83.2018 2.3199e-01 1.7820e+03  0.3028398      4.960    13.6604    307.937 -9.990e-29
      4.864     8.2612 204.862057     2.4347 7.9786e+02     0.7356    83.2018 2.2711e-01 1.7820e+03  0.3028398      4.960    13.6598    307.941 -9.990e-29
      4.865     8.2612 204.897966     2.4347 8.0916e+02     0.7369    83.1757 2.2222e-01 1.7820e+03  0.3028398      4.961    13.6602    307.995 -9.990e-29
      4.864     8.2612 204.874027     2.4347 8.4164e+02     0.7343    83.2280 2.1856e-01 1.7820e+03  0.3028398      4.960    13.6605    307.959 -9.990e-29
      4.863     8.2614 204.897965     2.4347 8.5356e+02     0.7356    83.2018 2.3810e-01 1.7840e+03  0.3028398      4.959    13.6596    307.993 -9.990e-29
      4.863     8.2616 204.850087     2.4347 8.4639e+02     0.7369    83.1757 2.7961e-01 1.7840e+03  0.3028398      4.959    13.6597    307.919 -9.990e-29
      4.865     8.2622 204.850085     2.4347 8.1601e+02     0.7369    83.1757 2.8083e-01 1.7840e+03  0.3028398      4.961    13.6586    307.914 -9.990e-29
      4.867     8.2621 204.874028     2.4335 8.0236e+02     0.7343    83.2280 2.5763e-01 1.7840e+03  0.3028398      4.963    13.6494    307.951 -9.990e-29
      4.867     8.2627 204.885994     2.4335 7.9786e+02     0.7343    83.2280 2.4054e-01 1.7840e+03  0.3024241      4.963    13.6504    307.963 -9.990e-29
      4.865     8.2629 204.838116     2.4347 7.4161e+02     0.7356    83.2018 2.3199e-01 1.7840e+03  0.3024241      4.961    13.6587    307.889 -9.990e-29
      4.864     8.2630 204.862056     2.4347 7.1499e+02     0.7356    83.2018 2.2955e-01 1.7840e+03  0.3024241      4.960    13.6587    307.924 -9.990e-29
      4.862     8.2629 204.862054     2.4347 7.1499e+02     0.7356    83.2018 2.2955e-01 1.7840e+03  0.3028398      4.958    13.6587    307.925 -9.990e-29
      4.862     8.2629 204.826147     2.4335 7.2920e+02     0.7369    83.1757 2.2955e-01 1.7840e+03  0.3028398      4.958    13.6503    307.871 -9.990e-29
      4.863     8.2630 204.862054     2.4347 7.3745e+02     0.7369    83.1757 2.2833e-01 1.7840e+03  0.3028398      4.959    13.6597    307.924 -9.990e-29
      4.864     8.2622 204.909936     2.4347 7.3953e+02     0.7356    83.2018 2.2589e-01 1.7840e+03  0.3028398      4.960    13.6599    308.004 -9.990e-29
      4.863     8.2621 204.885994     2.4347 8.0916e+02     0.7369    83.1757 2.2711e-01 1.7840e+03  0.3028398      4.959    13.6589    307.969 -9.990e-29
      4.863     8.2619 204.838117     2.4347 8.6808e+02     0.7369    83.1757 2.2955e-01 1.7840e+03  0.3028398      4.959    13.6590    307.899 -9.990e-29
      4.863     8.2616 204.850086     2.4347 8.7544e+02     0.7356    83.2018 2.2955e-01 1.7840e+03  0.3028398      4.959    13.6569    307.919 -9.990e-29
      4.864     8.2612 204.897966     2.4347 8.8285e+02     0.7356    83.2018 2.2589e-01 1.7840e+03  0.3032556      4.960    13.6560    307.995 -9.990e-29
      4.864     8.2614 204.874026     2.4347 8.9033e+02     0.7419    83.0711 2.1734e-01 1.7840e+03  0.3032556      4.960    13.6559    307.957 -9.990e-29
      4.864     8.2612 204.826148     2.4347 8.9033e+02     0.7495    82.9143 2.1245e-01 1.7840e+03  0.3028398      4.960    13.6559    307.887 -9.990e-29
      4.863     8.2612 204.897965     2.4347 8.4164e+02     0.7495    82.9143 2.1245e-01 1.7840e+03  0.3028398      4.959    13.6559    307.995 -9.990e-29
      4.863     8.2619 204.850087     2.4347 7.6922e+02     0.7495    82.9143 2.1734e-01 1.7840e+03  0.3028398      4.959    13.6556    307.917 -9.990e-29
      4.864     8.2619 204.826147     2.4359 7.5423e+02     0.7507    82.8882 2.2344e-01 1.7840e+03  0.3028398      4.960    13.6639    307.881 -9.990e-29
      4.863     8.2624 204.862056     2.4359 7.3332e+02     0.7507    82.8882 2.2589e-01 1.7840e+03  0.3028398      4.959    13.6626    307.930 -9.990e-29
      4.862     8.2626 204.838115     2.4347 6.8933e+02     0.7520    82.8620 2.2222e-01 1.7840e+03  0.3028398      4.958    13.6532    307.892 -9.990e-29
      4.861     8.2629 204.909935     2.4347 6.7589e+02     0.7520    82.8620 2.1856e-01 1.7840e+03  0.3028398      4.957    13.6520    307.997 -9.990e-29
      4.861     8.2627 204.921903     2.4359 6.8546e+02     0.7507    82.8882 2.1978e-01 1.7840e+03  0.3028398      4.957    13.6605    308.017 -9.990e-29
      4.862     8.2629 204.874025     2.4347 7.1902e+02     0.7507    82.8882 2.2711e-01 1.7840e+03  0.3028398      4.958    13.6522    307.943 -9.990e-29
      4.862     8.2630 204.862056     2.4347 7.3126e+02     0.7520    82.8620 2.2955e-01 1.7840e+03  0.3024241      4.958    13.6512    307.924 -9.990e-29
      4.863     8.2630 204.862054     2.4347 7.4370e+02     0.7507    82.8882 2.3321e-01 1.7840e+03  0.3028398      4.959    13.6514    307.924 -9.990e-29
      4.864     8.2627 204.862056     2.4347 8.2989e+02     0.7507    82.8882 2.3321e-01 1.7840e+03  0.3028398      4.960    13.6516    307.927 -9.990e-29
      4.866     8.2627 204.862056     2.4359 8.7298e+02     0.7507    82.8882 2.2833e-01 1.7840e+03  0.3028398      4.962    13.6580    307.927 -9.990e-29
      4.866     8.2629 204.897965     2.4359 8.7790e+02     0.7507    82.8882 2.3321e-01 1.7840e+03  0.3028398      4.962    13.6559    307.979 -9.990e-29
      4.865     8.2622 204.874026     2.4347 9.5517e+02     0.7507    82.8882 2.4298e-01 1.7840e+03  0.3028398      4.961    13.6469    307.950 -9.990e-29
      4.863     8.2624 204.862055     2.4347 1.0019e+03     0.7520    82.8620 2.5153e-01 1.7840e+03  0.3028398      4.959    13.6459    307.930 -9.990e-29
      4.862     8.2626 204.862056     2.4347 1.0076e+03     0.7507    82.8882 2.5641e-01 1.7840e+03  0.3028398      4.958    13.6450    307.928 -9.990e-29
      4.862     8.2626 204.826146     2.4359 9.4449e+02     0.7520    82.8620 2.5397e-01 1.7840e+03  0.3028398      4.958    13.6526    307.874 -9.990e-29
      4.862     8.2626 204.802208     2.4347 9.0548e+02     0.7520    82.8620 2.4542e-01 1.7840e+03  0.3028398      4.958    13.6434    307.838 -9.990e-29
      4.863     8.2627 204.885995     2.4335 9.0040e+02     0.7520    82.8620 2.3443e-01 1.7840e+03  0.3028398      4.959    13.6342    307.963 -9.990e-29
      4.861     8.2629 204.885995     2.4347 8.3692e+02     0.7444    83.0189 2.2711e-01 1.7840e+03  0.3032556      4.957    13.6418    307.961 -9.990e-29
      4.860     8.2629 204.814176     2.4335 7.7792e+02     0.7432    83.0450 2.2711e-01 1.7840e+03  0.3028398      4.956    13.6327    307.853 -9.990e-29
      4.860     8.2629 204.885995     2.4347 7.6922e+02     0.7432    83.0450 2.3199e-01 1.7840e+03  0.3028398      4.956    13.6415    307.961 -9.990e-29
      4.860     8.2629 204.921903     2.4347 7.1902e+02     0.7432    83.0450 2.3687e-01 1.7840e+03  0.3028398      4.956    13.6408    308.015 -9.990e-29
      4.861     8.2629 204.921904     2.4347 6.5715e+02     0.7432    83.0450 2.4542e-01 1.7840e+03  0.3024241      4.957    13.6402    308.015 -9.990e-29
      4.862     8.2629 204.850086     2.4347 6.4253e+02     0.7432    83.0450 2.4786e-01 1.7840e+03  0.3024241      4.958    13.6396    307.907 -9.990e-29
      4.862     8.2630 204.862054     2.4347 6.4253e+02     0.7419    83.0711 2.3932e-01 1.7840e+03  0.3028398      4.958    13.6401    307.924 -9.990e-29
      4.862     8.2629 204.838116     2.4347 6.3713e+02     0.7432    83.0450 2.2955e-01 1.7840e+03  0.3028398      4.958    13.6407    307.889 -9.990e-29
      4.863     8.2629 204.826147     2.4335 6.3356e+02     0.7432    83.0450 2.2100e-01 1.7840e+03  0.3028398      4.959    13.6339    307.871 -9.990e-29
      4.861     8.2627 204.826147     2.4335 6.3356e+02     0.7432    83.0450 2.1734e-01 1.7840e+03  0.3028398      4.957    13.6357    307.873 -9.990e-29
      4.860     8.2626 204.874024     2.4335 6.3001e+02     0.7432    83.0450 2.2344e-01 1.7840e+03  0.3028398      4.956    13.6363    307.946 -9.990e-29
      4.860     8.2629 204.885995     2.4347 6.2824e+02     0.7432    83.0450 2.2955e-01 1.7840e+03  0.3024241      4.956    13.6451    307.961 -9.990e-29
      4.860     8.2627 204.862055     2.4347 6.3178e+02     0.7432    83.0450 2.2955e-01 1.7840e+03  0.3024241      4.956    13.6469    307.927 -9.990e-29
      4.862     8.2629 204.862056     2.4335 6.4980e+02     0.7432    83.0450 2.2711e-01 1.7840e+03  0.3024241      4.958    13.6391    307.925 -9.990e-29
      4.862     8.2630 204.874026     2.4347 6.5715e+02     0.7432    83.0450 2.2466e-01 1.7840e+03  0.3024241      4.958    13.6471    307.942 -9.990e-29
      4.861     8.2630 204.862056     2.4347 6.5900e+02     0.7432    83.0450 2.2589e-01 1.7820e+03  0.3024241      4.957    13.6478    307.924 -9.990e-29
      4.859     8.2632 204.897963     2.4335 6.8739e+02     0.7419    83.0711 2.2833e-01 1.7820e+03  0.3028398      4.955    13.6400    307.977 -9.990e-29
