data/05_metadata_exports/SeabirdData/202305_SeabirdData/83387_stn33-day-b.cnv
* Sea-Bird SBE 9 Data File:
* FileName = C:\Users\rosette\Rosette Data\2023\Ontario CSMI\stn33-day-b.hex
* Software Version Seasave V 7.26.6.26
* Temperature SN = 5270
* Conductivity SN = 1168
* Number of Bytes Per Scan = 40
* Number of Voltage Words = 5
* Number of Scans Averaged by the Deck Unit = 1
* NMEA Latitude = 43 35.78 N
* NMEA Longitude = 078 48.72 W
* NMEA UTC (Time) = Oct 02 2003  16:21:57
* NMEA baud rate = 4800
** Ship: Lake Guardian
** Ontario CSMI LWFS
** Station:  stn33-day-b
# nquan = 14                                
# nvalues = 4386                        
# units = specified
# name 0 = prDM: Pressure, Digiquartz [db]
# name 1 = t090C: Temperature [ITS-90, deg C]
# name 2 = c0uS/cm: Conductivity [uS/cm]
# name 3 = sbeox0V: Oxygen raw, SBE 43 [V]
# name 4 = par: PAR/Irradiance, Biospherical/Licor
# name 5 = bat: Beam Attenuation, Chelsea/Seatech [1/m]
# name 6 = xmiss: Beam Transmission, Chelsea/Seatech [%]
# name 7 = flSP: Fluorescence, Seapoint
# name 8 = spar: SPAR, Biospherical/Licor
# name 9 = upoly0: Upoly 0, Suna Nitrate
# name 10 = depFM: Depth [fresh water, m], lat = 43.5963
# name 11 = sbeox0Mg/L: Oxygen, SBE 43 [mg/l], WS = 2
# name 12 = specc: Specific Conductance [uS/cm]
# name 13 = flag: flag
# span 0 =     -0.021,      5.495       
# span 1 =     8.2339,     8.9710       
# span 2 =   7.144819, 290.746248       
# span 3 =     1.7924,     2.4371       
# span 4 = 6.1773e+02, 4.4589e+03       
# span 5 =     0.4624,     1.8767       
# span 6 =    62.5517,    89.0832       
# span 7 = 0.0000e+00, 1.0183e+00       
# span 8 = 1.6836e+03, 1.8155e+03       
# span 9 =  0.0745862,  0.3340220       
# span 10 =     -0.021,      5.603      
# span 11 =     9.0921,    13.6794      
# span 12 =     10.529,    428.533      
# span 13 = 0.0000e+00, 0.0000e+00      
# interval = seconds: 0.0416667
# start_time = Oct 02 2003 16:21:57 [NMEA time, header]
# bad_flag = -9.990e-29
*END*
[from data line 2478]
      4.869     8.2564 204.885999     2.4335 6.7970e+02     0.6757    84.4565 2.0391e-01 1.7840e+03  0.3236280      4.965    13.6492    308.022 -9.990e-29
      4.868     8.2572 204.874028     2.4347 6.7021e+02     0.6770    84.4304 2.0513e-01 1.7840e+03  0.3236280      4.964    13.6581    307.996 -9.990e-29
      4.867     8.2583 204.826150     2.4347 6.6833e+02     0.6770    84.4304 2.0513e-01 1.7840e+03  0.3236280      4.963    13.6575    307.914 -9.990e-29
      4.867     8.2588 204.826148     2.4335 6.5346e+02     0.6770    84.4304 2.1001e-01 1.7840e+03  0.3236280      4.963    13.6488    307.909 -9.990e-29
      4.869     8.2585 204.850089     2.4335 6.4073e+02     0.6757    84.4565 2.1978e-01 1.7840e+03  0.3236280      4.965    13.6487    307.948 -9.990e-29
      4.870     8.2572 204.826151     2.4335 6.3713e+02     0.6782    84.4042 2.2955e-01 1.7840e+03  0.3240437      4.966    13.6489    307.924 -9.990e-29
      4.871     8.2562 204.826151     2.4347 7.0106e+02     0.6745    84.4827 2.3687e-01 1.7840e+03  0.3240437      4.967    13.6574    307.933 -9.990e-29
      4.872     8.2552 204.850091     2.4335 7.9786e+02     0.6733    84.5088 2.3932e-01 1.7840e+03  0.3240437      4.968    13.6492    307.979 -9.990e-29
      4.871     8.2553 204.862061     2.4335 8.2292e+02     0.6733    84.5088 2.3687e-01 1.7840e+03  0.3240437      4.967    13.6490    307.996 -9.990e-29
      4.870     8.2549 204.814182     2.4335 8.5837e+02     0.6733    84.5088 2.3199e-01 1.7860e+03  0.3240437      4.966    13.6489    307.928 -9.990e-29
      4.870     8.2553 204.838120     2.4335 9.3655e+02     0.6733    84.5088 2.2711e-01 1.7840e+03  0.3244595      4.966    13.6484    307.960 -9.990e-29
      4.870     8.2562 204.862060     2.4335 9.6056e+02     0.6733    84.5088 2.2100e-01 1.7840e+03  0.3244595      4.966    13.6466    307.987 -9.990e-29
      4.871     8.2567 204.897969     2.4335 9.4981e+02     0.6720    84.5349 2.1490e-01 1.7840e+03  0.3244595      4.967    13.6461    308.037 -9.990e-29
      4.871     8.2566 204.826151     2.4335 9.2348e+02     0.6733    84.5088 2.0879e-01 1.7840e+03  0.3240437      4.967    13.6458    307.930 -9.990e-29
      4.870     8.2562 204.886000     2.4335 9.1572e+02     0.6733    84.5088 2.0635e-01 1.7840e+03  0.3240437      4.966    13.6456    308.023 -9.990e-29
      4.869     8.2574 204.874028     2.4335 8.9284e+02     0.6733    84.5088 2.0757e-01 1.7840e+03  0.3236280      4.965    13.6458    307.994 -9.990e-29
      4.870     8.2587 204.862059     2.4335 7.7139e+02     0.6733    84.5088 2.0879e-01 1.7840e+03  0.3240437      4.966    13.6450    307.964 -9.990e-29
      4.871     8.2596 204.862058     2.4335 7.2511e+02     0.6733    84.5088 2.1245e-01 1.7840e+03  0.3236280      4.967    13.6454    307.956 -9.990e-29
      4.872     8.2605 204.814179     2.4335 7.2511e+02     0.6733    84.5088 2.1856e-01 1.7840e+03  0.3240437      4.968    13.6458    307.876 -9.990e-29
      4.871     8.2605 204.838118     2.4335 7.4161e+02     0.6720    84.5349 2.2222e-01 1.7840e+03  0.3240437      4.967    13.6465    307.912 -9.990e-29
      4.871     8.2600 204.838118     2.4347 7.5000e+02     0.6733    84.5088 2.2833e-01 1.7840e+03  0.3240437      4.967    13.6557    307.916 -9.990e-29
      4.870     8.2593 204.826148     2.4335 7.5000e+02     0.6733    84.5088 2.3810e-01 1.7840e+03  0.3240437      4.966    13.6483    307.905 -9.990e-29
      4.870     8.2587 204.850089     2.4335 7.8894e+02     0.6733    84.5088 2.3687e-01 1.7840e+03  0.3244595      4.966    13.6481    307.946 -9.990e-29
      4.870     8.2583 204.874028     2.4335 8.1372e+02     0.6733    84.5088 2.3077e-01 1.7840e+03  0.3244595      4.966    13.6478    307.986 -9.990e-29
      4.869     8.2582 204.838120     2.4335 8.1601e+02     0.6733    84.5088 2.3321e-01 1.7840e+03  0.3244595      4.965    13.6474    307.933 -9.990e-29
      4.868     8.2576 204.802210     2.4347 8.3928e+02     0.6733    84.5088 2.3932e-01 1.7840e+03  0.3236280      4.964    13.6555    307.885 -9.990e-29
      4.869     8.2579 204.814180     2.4335 8.6321e+02     0.6708    84.5611 2.5031e-01 1.7840e+03  0.3232122      4.965    13.6487    307.900 -9.990e-29
      4.870     8.2588 204.897968     2.4335 8.6565e+02     0.6695    84.5872 2.5519e-01 1.7840e+03  0.3232122      4.966    13.6501    308.017 -9.990e-29
      4.870     8.2593 204.826149     2.4335 8.2989e+02     0.6683    84.6134 2.5397e-01 1.7840e+03  0.3236280      4.966    13.6495    307.905 -9.990e-29
      4.870     8.2591 204.862058     2.4335 7.8894e+02     0.6695    84.5872 2.5275e-01 1.7840e+03  0.3236280      4.966    13.6502    307.961 -9.990e-29
      4.869     8.2595 204.838118     2.4335 7.8011e+02     0.6695    84.5872 2.5031e-01 1.7840e+03  0.3236280      4.965    13.6496    307.921 -9.990e-29
      4.869     8.2594 204.826149     2.4335 7.9562e+02     0.6708    84.5611 2.4664e-01 1.7840e+03  0.3236280      4.965    13.6502    307.904 -9.990e-29
      4.869     8.2598 204.862058     2.4335 8.2292e+02     0.6695    84.5872 2.4054e-01 1.7840e+03  0.3236280      4.965    13.6496    307.954 -9.990e-29
      4.868     8.2601 204.862058     2.4335 8.2989e+02     0.6683    84.6134 2.3687e-01 1.7840e+03  0.3236280      4.964    13.6491    307.951 -9.990e-29
      4.867     8.2603 204.838117     2.4347 8.1372e+02     0.6695    84.5872 2.3565e-01 1.7840e+03  0.3236280      4.963    13.6579    307.914 -9.990e-29
      4.868     8.2606 204.826148     2.4335 7.7792e+02     0.6695    84.5872 2.3687e-01 1.7840e+03  0.3236280      4.964    13.6490    307.893 -9.990e-29
      4.869     8.2606 204.850088     2.4335 7.6706e+02     0.6695    84.5872 2.4054e-01 1.7840e+03  0.3236280      4.965    13.6485    307.929 -9.990e-29
      4.869     8.2598 204.862058     2.4335 7.6706e+02     0.6695    84.5872 2.4420e-01 1.7840e+03  0.3240437      4.965    13.6484    307.954 -9.990e-29
      4.869     8.2585 204.814180     2.4335 7.7139e+02     0.6720    84.5349 2.4298e-01 1.7840e+03  0.3240437      4.965    13.6494    307.894 -9.990e-29
      4.868     8.2575 204.885999     2.4347 7.7356e+02     0.6844    84.2735 2.3687e-01 1.7840e+03  0.3240437      4.964    13.6586    308.011 -9.990e-29
      4.866     8.2570 204.826150     2.4335 7.7574e+02     0.7081    83.7769 2.3077e-01 1.7840e+03  0.3236280      4.962    13.6499    307.926 -9.990e-29
      4.865     8.2561 204.862060     2.4335 8.0462e+02     0.7193    83.5416 2.2344e-01 1.7840e+03  0.3236280      4.961    13.6496    307.988 -9.990e-29
      4.865     8.2559 204.885999     2.4335 8.2061e+02     0.7206    83.5155 2.1856e-01 1.7840e+03  0.3236280      4.961    13.6492    308.026 -9.990e-29
      4.866     8.2564 204.790242     2.4347 8.2061e+02     0.7193    83.5416 2.1734e-01 1.7840e+03  0.3236280      4.962    13.6568    307.878 -9.990e-29
      4.866     8.2562 204.790242     2.4347 8.5837e+02     0.7218    83.4894 2.2100e-01 1.7840e+03  0.3236280      4.962    13.6573    307.879 -9.990e-29
      4.866     8.2561 204.838121     2.4347 8.8285e+02     0.7268    83.3848 2.2466e-01 1.7840e+03  0.3236280      4.962    13.6589    307.952 -9.990e-29
      4.865     8.2561 204.814182     2.4335 8.8534e+02     0.7343    83.2280 2.2711e-01 1.7840e+03  0.3236280      4.961    13.6499    307.916 -9.990e-29
      4.864     8.2559 204.826150     2.4335 8.6079e+02     0.7369    83.1757 2.2833e-01 1.7840e+03  0.3236280      4.960    13.6482    307.936 -9.990e-29
      4.864     8.2559 204.826151     2.4335 8.4164e+02     0.7369    83.1757 2.2589e-01 1.7840e+03  0.3236280      4.960    13.6477    307.936 -9.990e-29
      4.865     8.2557 204.826151     2.4335 8.3928e+02     0.7381    83.1496 2.2344e-01 1.7840e+03  0.3236280      4.961    13.6472    307.938 -9.990e-29
      4.866     8.2559 204.826151     2.4347 8.3457e+02     0.7381    83.1496 2.2466e-01 1.7840e+03  0.3240437      4.962    13.6560    307.936 -9.990e-29
      4.867     8.2559 204.850091     2.4347 8.2989e+02     0.7356    83.2018 2.2466e-01 1.7840e+03  0.3236280      4.963    13.6555    307.972 -9.990e-29
      4.867     8.2559 204.874030     2.4335 8.2756e+02     0.7331    83.2541 2.2711e-01 1.7840e+03  0.3236280      4.963    13.6466    308.008 -9.990e-29
      4.866     8.2561 204.814182     2.4347 8.0462e+02     0.7356    83.2018 2.2711e-01 1.7840e+03  0.3232122      4.962    13.6544    307.916 -9.990e-29
      4.864     8.2564 204.862059     2.4335 7.6706e+02     0.7381    83.1496 2.2344e-01 1.7840e+03  0.3232122      4.960    13.6454    307.986 -9.990e-29
      4.865     8.2564 204.742364     2.4335 7.6062e+02     0.7394    83.1234 2.1978e-01 1.7840e+03  0.3232122      4.961    13.6449    307.806 -9.990e-29
      4.865     8.2567 204.838121     2.4335 7.5635e+02     0.7406    83.0973 2.1612e-01 1.7840e+03  0.3236280      4.961    13.6431    307.947 -9.990e-29
      4.864     8.2573 204.862059     2.4335 7.4579e+02     0.7406    83.0973 2.1123e-01 1.7840e+03  0.3236280      4.960    13.6424    307.977 -9.990e-29
      4.862     8.2575 204.862058     2.4347 7.4161e+02     0.7406    83.0973 2.0635e-01 1.7840e+03  0.3236280      4.958    13.6502    307.975 -9.990e-29
      4.862     8.2576 204.874029     2.4335 7.3538e+02     0.7406    83.0973 2.0391e-01 1.7840e+03  0.3236280      4.958    13.6425    307.992 -9.990e-29
      4.862     8.2579 204.885997     2.4335 7.1298e+02     0.7406    83.0973 2.0269e-01 1.7840e+03  0.3236280      4.958    13.6419    308.008 -9.990e-29
      4.863     8.2580 204.850089     2.4335 7.0501e+02     0.7406    83.0973 2.0024e-01 1.7840e+03  0.3236280      4.959    13.6403    307.953 -9.990e-29
      4.863     8.2582 204.766302     2.4347 7.0699e+02     0.7406    83.0973 1.9780e-01 1.7840e+03  0.3236280      4.959    13.6493    307.825 -9.990e-29
      4.863     8.2585 204.802210     2.4347 7.3126e+02     0.7406    83.0973 1.9658e-01 1.7840e+03  0.3236280      4.959    13.6487    307.876 -9.990e-29
      4.862     8.2590 204.826148     2.4335 7.4161e+02     0.7406    83.0973 2.0024e-01 1.7840e+03  0.3240437      4.958    13.6419    307.908 -9.990e-29
      4.862     8.2591 204.826149     2.4335 7.4370e+02     0.7419    83.0711 2.1001e-01 1.7840e+03  0.3240437      4.958    13.6415    307.907 -9.990e-29
      4.861     8.2596 204.826149     2.4335 7.6062e+02     0.7444    83.0189 2.1490e-01 1.7840e+03  0.3236280      4.957    13.6419    307.902 -9.990e-29
      4.861     8.2591 204.826148     2.4335 7.7139e+02     0.7469    82.9666 2.1612e-01 1.7840e+03  0.3236280      4.957    13.6416    307.907 -9.990e-29
      4.862     8.2591 204.897967     2.4347 7.7139e+02     0.7469    82.9666 2.1612e-01 1.7840e+03  0.3236280      4.958    13.6506    308.015 -9.990e-29
      4.865     8.2593 204.826149     2.4347 8.2989e+02     0.7457    82.9927 2.1490e-01 1.7840e+03  0.3232122      4.961    13.6512    307.905 -9.990e-29
      4.866     8.2590 204.838120     2.4335 8.7298e+02     0.7457    82.9927 2.1612e-01 1.7840e+03  0.3236280      4.962    13.6436    307.926 -9.990e-29
      4.865     8.2595 204.874026     2.4322 8.8037e+02     0.7457    82.9927 2.1856e-01 1.7840e+03  0.3236280      4.961    13.6341    307.975 -9.990e-29
      4.864     8.2596 204.838119     2.4335 8.6079e+02     0.7469    82.9666 2.1734e-01 1.7840e+03  0.3236280      4.960    13.6427    307.920 -9.990e-29
      4.863     8.2600 204.802209     2.4335 8.4401e+02     0.7469    82.9666 2.1490e-01 1.7840e+03  0.3236280      4.959    13.6423    307.862 -9.990e-29
      4.862     8.2603 204.814178     2.4335 8.3928e+02     0.7469    82.9666 2.1612e-01 1.7840e+03  0.3236280      4.958    13.6407    307.878 -9.990e-29
      4.862     8.2608 204.874027     2.4335 8.6321e+02     0.7469    82.9666 2.2100e-01 1.7840e+03  0.3236280      4.958    13.6402    307.963 -9.990e-29
      4.864     8.2608 204.838117     2.4335 8.9284e+02     0.7469    82.9666 2.1978e-01 1.7840e+03  0.3240437      4.960    13.6411    307.909 -9.990e-29
      4.865     8.2609 204.802210     2.4335 9.0040e+02     0.7482    82.9404 2.1734e-01 1.7840e+03  0.3244595      4.961    13.6409    307.854 -9.990e-29
      4.865     8.2606 204.862056     2.4335 9.0548e+02     0.7469    82.9666 2.1490e-01 1.7840e+03  0.3244595      4.961    13.6419    307.947 -9.990e-29
      4.864     8.2605 204.814179     2.4335 9.1572e+02     0.7469    82.9666 2.1734e-01 1.7840e+03  0.3244595      4.960    13.6407    307.876 -9.990e-29
      4.864     8.2605 204.838117     2.4322 9.1830e+02     0.7469    82.9666 2.2100e-01 1.7840e+03  0.3244595      4.960    13.6305    307.912 -9.990e-29
      4.865     8.2601 204.862058     2.4335 9.0040e+02     0.7482    82.9404 2.2100e-01 1.7840e+03  0.3244595      4.961    13.6396    307.951 -9.990e-29
      4.867     8.2598 204.874027     2.4335 8.4877e+02     0.7482    82.9404 2.1734e-01 1.7840e+03  0.3244595      4.963    13.6397    307.972 -9.990e-29
      4.867     8.2596 204.885997     2.4335 8.3223e+02     0.7469    82.9666 2.1368e-01 1.7840e+03  0.3244595      4.963    13.6409    307.992 -9.990e-29
      4.866     8.2596 204.862058     2.4335 8.1601e+02     0.7469    82.9666 2.1490e-01 1.7840e+03  0.3244595      4.962    13.6409    307.956 -9.990e-29
      4.865     8.2598 204.862057     2.4322 7.3538e+02     0.7469    82.9666 2.1856e-01 1.7840e+03  0.3244595      4.961    13.6318    307.954 -9.990e-29
      4.865     8.2595 204.826149     2.4347 7.0501e+02     0.7482    82.9404 2.1978e-01 1.7840e+03  0.3244595      4.961    13.6493    307.903 -9.990e-29
      4.866     8.2594 204.850088     2.4335 7.0303e+02     0.7469    82.9666 2.1856e-01 1.7840e+03  0.3248753      4.962    13.6421    307.940 -9.990e-29
      4.866     8.2590 204.862058     2.4347 7.0106e+02     0.7457    82.9927 2.1490e-01 1.7840e+03  0.3248753      4.962    13.6518    307.962 -9.990e-29
      4.866     8.2587 204.862059     2.4335 6.9909e+02     0.7457    82.9927 2.1490e-01 1.7840e+03  0.3248753      4.962    13.6437    307.964 -9.990e-29
      4.866     8.2590 204.874028     2.4347 6.9909e+02     0.7469    82.9666 2.1856e-01 1.7840e+03  0.3252910      4.962    13.6530    307.980 -9.990e-29
      4.865     8.2590 204.862058     2.4335 7.3126e+02     0.7469    82.9666 2.2100e-01 1.7840e+03  0.3248753      4.961    13.6448    307.962 -9.990e-29
      4.864     8.2591 204.897966     2.4335 7.5000e+02     0.7469    82.9666 2.1978e-01 1.7840e+03  0.3248753      4.960    13.6458    308.015 -9.990e-29
      4.865     8.2591 204.874028     2.4335 7.5211e+02     0.7469    82.9666 2.1490e-01 1.7840e+03  0.3244595      4.961    13.6469    307.979 -9.990e-29
      4.865     8.2593 204.862058     2.4335 7.8451e+02     0.7469    82.9666 2.1123e-01 1.7840e+03  0.3244595      4.961    13.6480    307.959 -9.990e-29
      4.864     8.2596 204.862058     2.4335 8.1372e+02     0.7469    82.9666 2.1001e-01 1.7840e+03  0.3244595      4.960    13.6491    307.956 -9.990e-29
      4.863     8.2596 204.862057     2.4335 8.1831e+02     0.7469    82.9666 2.0879e-01 1.7840e+03  0.3244595      4.959    13.6490    307.956 -9.990e-29
      4.863     8.2600 204.826149     2.4335 8.0688e+02     0.7469    82.9666 2.1123e-01 1.7840e+03  0.3244595      4.959    13.6488    307.898 -9.990e-29
      4.864     8.2601 204.802208     2.4322 7.9338e+02     0.7482    82.9404 2.1245e-01 1.7840e+03  0.3244595      4.960    13.6398    307.861 -9.990e-29
      4.865     8.2601 204.838118     2.4322 7.9116e+02     0.7469    82.9666 2.1001e-01 1.7840e+03  0.3244595      4.961    13.6408    307.915 -9.990e-29
      4.867     8.2605 204.814179     2.4335 7.5423e+02     0.7469    82.9666 2.0757e-01 1.7840e+03  0.3248753      4.963    13.6496    307.876 -9.990e-29
      4.867     8.2603 204.814179     2.4335 6.9712e+02     0.7469    82.9666 2.0879e-01 1.7840e+03  0.3248753      4.963    13.6507    307.878 -9.990e-29
