data/05_metadata_exports/SeabirdData/202305_SeabirdData/83387_stn33-day-b.cnv
* Sea-Bird SBE 9 Data File:
* FileName = C:\Users\rosette\Rosette Data\2023\Ontario CSMI\stn33-day-b.hex
* Software Version Seasave V 7.26.6.26
* Temperature SN = 5270
* Conductivity SN = 1168
* Number of Bytes Per Scan = 40
* Number of Voltage Words = 5
* Number of Scans Averaged by the Deck Unit = 1
* NMEA Latitude = 43 35.78 N
* NMEA Longitude = 078 48.72 W
* NMEA UTC (Time) = Oct 02 2003  16:21:57
* NMEA baud rate = 4800
** Ship: Lake Guardian
** Ontario CSMI LWFS
** Station:  stn33-day-b
# nquan = 14                                
# nvalues = 4386                        
# units = specified
# name 0 = prDM: Pressure, Digiquartz [db]
# name 1 = t090C: Temperature [ITS-90, deg C]
# name 2 = c0uS/cm: Conductivity [uS/cm]
# name 3 = sbeox0V: Oxygen raw, SBE 43 [V]
# name 4 = par: PAR/Irradiance, Biospherical/Licor
# name 5 = bat: Beam Attenuation, Chelsea/Seatech [1/m]
# name 6 = xmiss: Beam Transmission, Chelsea/Seatech [%]
# name 7 = flSP: Fluorescence, Seapoint
# name 8 = spar: SPAR, Biospherical/Licor
# name 9 = upoly0: Upoly 0, Suna Nitrate
# name 10 = depFM: Depth [fresh water, m], lat = 43.5963
# name 11 = sbeox0Mg/L: Oxygen, SBE 43 [mg/l], WS = 2
# name 12 = specc: Specific Conductance [uS/cm]
# name 13 = flag: flag
# span 0 =     -0.021,      5.495       
# span 1 =     8.2339,     8.9710       
# span 2 =   7.144819, 290.746248       
# span 3 =     1.7924,     2.4371       
# span 4 = 6.1773e+02, 4.4589e+03       
# span 5 =     0.4624,     1.8767       
# span 6 =    62.5517,    89.0832       
# span 7 = 0.0000e+00, 1.0183e+00       
# span 8 = 1.6836e+03, 1.8155e+03       
# span 9 =  0.0745862,  0.3340220       
# span 10 =     -0.021,      5.603      
# span 11 =     9.0921,    13.6794      
# span 12 =     10.529,    428.533      
# span 13 = 0.0000e+00, 0.0000e+00      
# interval = seconds: 0.0416667
# start_time = Oct 02 2003 16:21:57 [NMEA time, header]
# bad_flag = -9.990e-29
*END*
[from data line 207]
      0.094     8.9221  16.235590     2.1685 3.9070e+03     0.4836    88.6127 3.2967e-02 1.7860e+03  0.0962058      0.096    11.6381     23.929 -9.990e-29
      0.094     8.9221  16.177059     2.1685 3.9070e+03     0.4848    88.5866 3.4188e-02 1.7860e+03  0.0962058      0.096    11.6367     23.843 -9.990e-29
      0.094     8.9223  16.141940     2.1685 3.9070e+03     0.4836    88.6127 2.9304e-02 1.7860e+03  0.0962058      0.096    11.6361     23.791 -9.990e-29
      0.096     8.9221  16.106822     2.1685 3.9070e+03     0.4824    88.6388 3.0525e-02 1.7860e+03  0.0962058      0.098    11.6354     23.739 -9.990e-29
      0.098     8.9226  16.048292     2.1673 3.9180e+03     0.4848    88.5866 3.0525e-02 1.7860e+03  0.0962058      0.100    11.6262     23.653 -9.990e-29
      0.099     8.9225  16.001468     2.1673 3.9180e+03     0.4836    88.6127 3.0525e-02 1.7860e+03  0.0962058      0.101    11.6251     23.584 -9.990e-29
      0.099     8.9226  15.978056     2.1685 3.9070e+03     0.4836    88.6127 2.6862e-02 1.7880e+03  0.0966216      0.101    11.6321     23.549 -9.990e-29
      0.098     8.9226  15.978056     2.1685 3.9070e+03     0.4848    88.5866 2.5641e-02 1.7880e+03  0.0962058      0.100    11.6316     23.549 -9.990e-29
      0.098     8.9226  15.942939     2.1673 3.9180e+03     0.4824    88.6388 2.5641e-02 1.7880e+03  0.0962058      0.100    11.6230     23.498 -9.990e-29
      0.097     8.9228  15.872704     2.1685 3.9070e+03     0.4836    88.6127 4.5177e-02 1.7880e+03  0.0962058      0.099    11.6305     23.394 -9.990e-29
      0.097     8.9231  15.825881     2.1685 3.9070e+03     0.4848    88.5866 6.4713e-02 1.7880e+03  0.0962058      0.099    11.6296     23.325 -9.990e-29
      0.096     8.9227  15.825881     2.1685 3.9180e+03     0.4848    88.5866 6.2271e-02 1.7880e+03  0.0962058      0.098    11.6289     23.325 -9.990e-29
      0.095     8.9229  15.802470     2.1685 3.9070e+03     0.4848    88.5866 5.3724e-02 1.7880e+03  0.0962058      0.097    11.6288     23.290 -9.990e-29
      0.094     8.9234  15.755647     2.1685 3.9070e+03     0.4859    88.5604 5.7387e-02 1.7880e+03  0.0962058      0.096    11.6285     23.221 -9.990e-29
      0.094     8.9231  15.755647     2.1697 3.9180e+03     0.4848    88.5866 5.3724e-02 1.7880e+03  0.0962058      0.096    11.6355     23.221 -9.990e-29
      0.094     8.9234  15.662003     2.1697 3.9180e+03     0.4848    88.5866 4.5177e-02 1.7880e+03  0.0962058      0.096    11.6349     23.083 -9.990e-29
      0.095     8.9231  15.638592     2.1685 3.9070e+03     0.4859    88.5604 4.2735e-02 1.7880e+03  0.0962058      0.097    11.6262     23.049 -9.990e-29
      0.096     8.9236  15.615182     2.1685 3.9180e+03     0.4836    88.6127 4.3956e-02 1.7880e+03  0.0962058      0.098    11.6263     23.014 -9.990e-29
      0.097     8.9237  15.556655     2.1697 3.9180e+03     0.4848    88.5866 3.5409e-02 1.7880e+03  0.0966216      0.099    11.6326     22.927 -9.990e-29
      0.096     8.9234  15.544950     2.1697 3.9180e+03     0.4848    88.5866 2.3199e-02 1.7880e+03  0.0966216      0.098    11.6307     22.910 -9.990e-29
      0.096     8.9237  15.509834     2.1685 3.9180e+03     0.4848    88.5866 1.5873e-02 1.7880e+03  0.0970373      0.098    11.6222     22.858 -9.990e-29
      0.095     8.9237  15.580066     2.1697 3.9290e+03     0.4848    88.5866 9.7680e-03 1.7880e+03  0.0966216      0.097    11.6312     22.962 -9.990e-29
      0.095     8.9236  15.463013     2.1697 3.9290e+03     0.4848    88.5866 1.4652e-02 1.7880e+03  0.0962058      0.097    11.6309     22.789 -9.990e-29
      0.094     8.9243  15.381077     2.1697 3.9290e+03     0.4848    88.5866 2.5641e-02 1.7880e+03  0.0962058      0.096    11.6313     22.668 -9.990e-29
      0.093     8.9241  15.369372     2.1685 3.9290e+03     0.4848    88.5866 3.2967e-02 1.7880e+03  0.0962058      0.095    11.6226     22.651 -9.990e-29
      0.093     8.9242  15.369372     2.1697 3.9290e+03     0.4859    88.5604 3.4188e-02 1.7880e+03  0.0962058      0.095    11.6322     22.651 -9.990e-29
      0.092     8.9239  15.275732     2.1697 3.9290e+03     0.4836    88.6127 3.5409e-02 1.7880e+03  0.0962058      0.094    11.6326     22.513 -9.990e-29
      0.093     8.9244  15.287437     2.1697 3.9290e+03     0.4848    88.5866 3.2967e-02 1.7880e+03  0.0962058      0.095    11.6326     22.530 -9.990e-29
      0.094     8.9243  15.240618     2.1697 3.9290e+03     0.4848    88.5866 2.1978e-02 1.7880e+03  0.0962058      0.096    11.6327     22.461 -9.990e-29
      0.096     8.9242  15.240618     2.1697 3.9290e+03     0.4848    88.5866 4.8840e-03 1.7880e+03  0.0966216      0.098    11.6317     22.461 -9.990e-29
      0.098     8.9241  15.205503     2.1697 3.9400e+03     0.4836    88.6127 1.9536e-02 1.7880e+03  0.0962058      0.100    11.6306     22.410 -9.990e-29
      0.099     8.9241  15.193799     2.1709 3.9400e+03     0.4848    88.5866 4.0293e-02 1.7880e+03  0.0966216      0.101    11.6385     22.392 -9.990e-29
      0.100     8.9246  15.123570     2.1697 3.9400e+03     0.4859    88.5604 4.1514e-02 1.7880e+03  0.0966216      0.102    11.6298     22.289 -9.990e-29
      0.100     8.9243  15.217208     2.1697 3.9400e+03     0.4848    88.5866 3.9072e-02 1.7880e+03  0.0966216      0.102    11.6275     22.427 -9.990e-29
      0.101     8.9246  15.182094     2.1697 3.9400e+03     0.4836    88.6127 3.4188e-02 1.7880e+03  0.0966216      0.103    11.6269     22.375 -9.990e-29
      0.103     8.9249  15.111866     2.1697 3.9400e+03     0.4812    88.6650 3.6630e-02 1.7880e+03  0.0962058      0.105    11.6262     22.271 -9.990e-29
      0.105     8.9250  15.135275     2.1709 3.9400e+03     0.4824    88.6388 3.9072e-02 1.7880e+03  0.0962058      0.107    11.6337     22.306 -9.990e-29
      0.105     8.9251  15.135275     2.1709 3.9290e+03     0.4836    88.6127 4.1514e-02 1.7880e+03  0.0962058      0.107    11.6330     22.305 -9.990e-29
      0.104     8.9254  15.065047     2.1697 3.9290e+03     0.4836    88.6127 5.0061e-02 1.7880e+03  0.0962058      0.106    11.6238     22.202 -9.990e-29
      0.102     8.9254  15.041638     2.1709 3.9290e+03     0.4836    88.6127 5.6166e-02 1.7880e+03  0.0962058      0.104    11.6322     22.167 -9.990e-29
      0.099     8.9260  14.971411     2.1709 3.9290e+03     0.4836    88.6127 4.8840e-02 1.7880e+03  0.0962058      0.101    11.6320     22.063 -9.990e-29
      0.097     8.9262  14.936297     2.1709 3.9290e+03     0.4824    88.6388 4.2735e-02 1.7880e+03  0.0962058      0.099    11.6310     22.012 -9.990e-29
      0.096     8.9262  14.901184     2.1697 3.9290e+03     0.4836    88.6127 3.7851e-02 1.7880e+03  0.0966216      0.098    11.6217     21.960 -9.990e-29
      0.094     8.9265  14.819254     2.1697 3.9290e+03     0.4824    88.6388 3.0525e-02 1.7880e+03  0.0966216      0.096    11.6226     21.839 -9.990e-29
      0.092     8.9264  14.784141     2.1709 3.9290e+03     0.4824    88.6388 2.5641e-02 1.7880e+03  0.0966216      0.094    11.6317     21.787 -9.990e-29
      0.091     8.9265  14.784141     2.1709 3.9290e+03     0.4836    88.6127 1.7094e-02 1.7880e+03  0.0966216      0.093    11.6303     21.787 -9.990e-29
      0.091     8.9266  14.760733     2.1709 3.9290e+03     0.4824    88.6388 7.3260e-03 1.7880e+03  0.0966216      0.093    11.6299     21.753 -9.990e-29
      0.091     8.9267  14.842662     2.1709 3.9400e+03     0.4824    88.6388 8.5470e-03 1.7880e+03  0.0966216      0.093    11.6305     21.873 -9.990e-29
      0.092     8.9266 177.673337     2.1709 3.9400e+03     0.4812    88.6650 1.3431e-02 1.7880e+03  0.0966216      0.094    11.6229    261.833 -9.990e-29
      0.094     8.9272  68.197603     2.1722 3.9290e+03     0.4824    88.6388 2.4420e-02 1.7880e+03  0.0962058      0.096    11.6367    100.499 -9.990e-29
      0.095     8.9270  14.643692     2.1709 3.9290e+03     0.4824    88.6388 3.4188e-02 1.7880e+03  0.0962058      0.097    11.6297     21.580 -9.990e-29
      0.095     8.9272  14.620284     2.1709 3.9290e+03     0.4824    88.6388 3.1746e-02 1.7880e+03  0.0962058      0.097    11.6289     21.545 -9.990e-29
      0.095     8.9273  14.643692     2.1709 3.9400e+03     0.4836    88.6127 2.8083e-02 1.7880e+03  0.0962058      0.097    11.6291     21.580 -9.990e-29
      0.095     8.9275  14.620284     2.1709 3.9400e+03     0.4824    88.6388 2.5641e-02 1.7880e+03  0.0962058      0.097    11.6282     21.545 -9.990e-29
      0.095     8.9279  14.608580     2.1709 3.9290e+03     0.4824    88.6388 3.2967e-02 1.7880e+03  0.0962058      0.097    11.6271     21.528 -9.990e-29
      0.095     8.9277  14.550060     2.1709 3.9290e+03     0.4812    88.6650 4.1514e-02 1.7880e+03  0.0962058      0.097    11.6262     21.441 -9.990e-29
      0.093     8.9282  14.514949     2.1709 3.9400e+03     0.4812    88.6650 3.7851e-02 1.7880e+03  0.0962058      0.095    11.6271     21.389 -9.990e-29
      0.092     8.9281  14.479837     2.1697 3.9290e+03     0.4812    88.6650 2.5641e-02 1.7880e+03  0.0966216      0.094    11.6190     21.338 -9.990e-29
      0.090     8.9282  14.456430     2.1709 3.9290e+03     0.4824    88.6388 1.4652e-02 1.7880e+03  0.0966216      0.092    11.6271     21.303 -9.990e-29
      0.090     8.9281  14.421319     2.1709 3.9290e+03     0.4812    88.6650 2.4420e-02 1.7880e+03  0.0966216      0.092    11.6270     21.251 -9.990e-29
      0.090     8.9286  14.351097     2.1709 3.9290e+03     0.4812    88.6650 5.1282e-02 1.7880e+03  0.0966216      0.092    11.6266     21.148 -9.990e-29
      0.090     8.9285  14.327690     2.1709 3.9290e+03     0.4812    88.6650 6.1050e-02 1.7880e+03  0.0962058      0.092    11.6273     21.113 -9.990e-29
      0.089     8.9285  14.339393     2.1709 3.9290e+03     0.4824    88.6388 4.6398e-02 1.7880e+03  0.0962058      0.091    11.6269     21.130 -9.990e-29
      0.088     8.9285  14.292579     2.1709 3.9290e+03     0.4824    88.6388 2.4420e-02 1.7880e+03  0.0962058      0.090    11.6254     21.061 -9.990e-29
      0.087     8.9288  14.245765     2.1709 3.9400e+03     0.4824    88.6388 3.0525e-02 1.7880e+03  0.0962058      0.089    11.6249     20.992 -9.990e-29
      0.086     8.9291  14.269172     2.1709 3.9400e+03     0.4812    88.6650 4.8840e-02 1.7880e+03  0.0962058      0.088    11.6254     21.027 -9.990e-29
      0.086     8.9290  14.198951     2.1709 3.9400e+03     0.4824    88.6388 4.7619e-02 1.7880e+03  0.0962058      0.088    11.6260     20.923 -9.990e-29
      0.086     8.9291  14.187248     2.1722 3.9400e+03     0.4824    88.6388 3.6630e-02 1.7880e+03  0.0966216      0.088    11.6344     20.906 -9.990e-29
      0.087     8.9290  14.163841     2.1722 3.9400e+03     0.4812    88.6650 3.4188e-02 1.7880e+03  0.0966216      0.089    11.6327     20.871 -9.990e-29
      0.088     8.9296  14.140435     2.1709 3.9400e+03     0.4812    88.6650 5.4945e-02 1.7880e+03  0.0962058      0.090    11.6241     20.837 -9.990e-29
      0.089     8.9293  14.070215     2.1709 3.9400e+03     0.4824    88.6388 6.3492e-02 1.7880e+03  0.0962058      0.091    11.6255     20.733 -9.990e-29
      0.091     8.9296  14.093622     2.1722 3.9400e+03     0.4824    88.6388 6.5934e-02 1.7880e+03  0.0966216      0.093    11.6346     20.768 -9.990e-29
      0.093     8.9296  14.140435     2.1722 3.9400e+03     0.4824    88.6388 5.8608e-02 1.7880e+03  0.0966216      0.095    11.6348     20.837 -9.990e-29
      0.095     8.9297  14.081918     2.1722 3.9400e+03     0.4824    88.6388 4.8840e-02 1.7880e+03  0.0970373      0.097    11.6339     20.750 -9.990e-29
      0.096     8.9299  14.117028     2.1709 3.9400e+03     0.4812    88.6650 4.7619e-02 1.7880e+03  0.0966216      0.098    11.6262     20.802 -9.990e-29
      0.095     8.9300  14.058512     2.1709 3.9400e+03     0.4812    88.6650 4.0293e-02 1.7880e+03  0.0966216      0.097    11.6253     20.716 -9.990e-29
      0.094     8.9304  14.035106     2.1722 3.9400e+03     0.4824    88.6388 3.6630e-02 1.7880e+03  0.0962058      0.096    11.6332     20.681 -9.990e-29
      0.093     8.9304  14.046809     2.1709 3.9400e+03     0.4824    88.6388 2.6862e-02 1.7880e+03  0.0962058      0.095    11.6234     20.698 -9.990e-29
      0.093     8.9307  13.988293     2.1709 3.9400e+03     0.4824    88.6388 6.1050e-03 1.7880e+03  0.0962058      0.095    11.6235     20.612 -9.990e-29
      0.092     8.9311  13.953184     2.1709 3.9400e+03     0.4812    88.6650 1.4652e-02 1.7880e+03  0.0962058      0.094    11.6235     20.560 -9.990e-29
      0.090     8.9310  13.894669     2.1722 3.9400e+03     0.4824    88.6388 2.1978e-02 1.7880e+03  0.0962058      0.092    11.6325     20.474 -9.990e-29
      0.090     8.9312  13.847857     2.1722 3.9400e+03     0.4812    88.6650 2.4420e-02 1.7899e+03  0.0962058      0.092    11.6325     20.404 -9.990e-29
      0.089     8.9312  13.836154     2.1722 3.9400e+03     0.4812    88.6650 2.4420e-03 1.7880e+03  0.0966216      0.091    11.6314     20.387 -9.990e-29
      0.088     8.9315  13.812749     2.1722 3.9400e+03     0.4824    88.6388 3.6630e-03 1.7880e+03  0.0962058      0.090    11.6323     20.353 -9.990e-29
      0.088     8.9317  13.754235     2.1722 3.9400e+03     0.4812    88.6650 1.0989e-02 1.7899e+03  0.0966216      0.090    11.6320     20.266 -9.990e-29
      0.090     8.9313  13.730829     2.1722 3.9400e+03     0.4812    88.6650 2.5641e-02 1.7880e+03  0.0966216      0.092    11.6319     20.232 -9.990e-29
      0.090     8.9319  13.719127     2.1709 3.9400e+03     0.4824    88.6388 2.9304e-02 1.7880e+03  0.0962058      0.092    11.6226     20.214 -9.990e-29
      0.091     8.9316  13.719127     2.1709 3.9400e+03     0.4812    88.6650 2.9304e-02 1.7880e+03  0.0962058      0.093    11.6224     20.215 -9.990e-29
      0.094     8.9319  13.695721     2.1709 3.9400e+03     0.4812    88.6650 2.9304e-02 1.7880e+03  0.0962058      0.096    11.6220     20.180 -9.990e-29
      0.095     8.9320  13.648911     2.1722 3.9400e+03     0.4812    88.6650 2.0757e-02 1.7880e+03  0.0962058      0.097    11.6304     20.111 -9.990e-29
      0.095     8.9320  13.648911     2.1722 3.9400e+03     0.4824    88.6388 2.5641e-02 1.7880e+03  0.0962058      0.097    11.6300     20.111 -9.990e-29
      0.094     8.9323  13.672316     2.1722 3.9400e+03     0.4824    88.6388 4.5177e-02 1.7880e+03  0.0962058      0.096    11.6304     20.145 -9.990e-29
      0.095     8.9323  13.684019     2.1709 3.9400e+03     0.4824    88.6388 6.2271e-02 1.7880e+03  0.0966216      0.097    11.6230     20.162 -9.990e-29
      0.094     8.9328  13.637208     2.1722 3.9400e+03     0.4836    88.6127 5.8608e-02 1.7880e+03  0.0962058      0.096    11.6323     20.093 -9.990e-29
      0.092     8.9327  13.531885     2.1734 3.9400e+03     0.4824    88.6388 5.0061e-02 1.7880e+03  0.0962058      0.094    11.6399     19.938 -9.990e-29
      0.090     8.9328  13.543588     2.1722 3.9400e+03     0.4824    88.6388 4.1514e-02 1.7880e+03  0.0966216      0.092    11.6320     19.955 -9.990e-29
      0.088     8.9334  13.531885     2.1722 3.9400e+03     0.4824    88.6388 3.2967e-02 1.7880e+03  0.0962058      0.090    11.6332     19.938 -9.990e-29
      0.087     8.9331  13.461671     2.1709 3.9400e+03     0.4824    88.6388 2.9304e-02 1.7880e+03  0.0966216      0.089    11.6237     19.834 -9.990e-29
      0.086     8.9334  13.449969     2.1722 3.9400e+03     0.4812    88.6650 3.4188e-02 1.7880e+03  0.0970373      0.088    11.6317     19.817 -9.990e-29
      0.086     8.9337  13.414862     2.1709 3.9400e+03     0.4812    88.6650 4.8840e-02 1.7880e+03  0.0966216      0.088    11.6210     19.765 -9.990e-29
      0.086     8.9336  13.438266     2.1709 3.9400e+03     0.4812    88.6650 5.4945e-02 1.7880e+03  0.0966216      0.088    11.6203     19.800 -9.990e-29
      0.085     8.9335  13.251032     2.1709 3.9400e+03     0.4812    88.6650 4.0293e-02 1.7880e+03  0.0962058      0.087    11.6208     19.524 -9.990e-29
