data/05_metadata_exports/SeabirdData/202305_SeabirdData/83387_stn33-day-b.cnv
* Sea-Bird SBE 9 Data File:
* FileName = C:\Users\rosette\Rosette Data\2023\Ontario CSMI\stn33-day-b.hex
* Software Version Seasave V 7.26.6.26
* Temperature SN = 5270
* Conductivity SN = 1168
* Number of Bytes Per Scan = 40
* Number of Voltage Words = 5
* Number of Scans Averaged by the Deck Unit = 1
* NMEA Latitude = 43 35.78 N
* NMEA Longitude = 078 48.72 W
* NMEA UTC (Time) = Oct 02 2003  16:21:57
* NMEA baud rate = 4800
** Ship: Lake Guardian
** Ontario CSMI LWFS
** Station:  stn33-day-b
# nquan = 14                                
# nvalues = 4386                        
# units = specified
# name 0 = prDM: Pressure, Digiquartz [db]
# name 1 = t090C: Temperature [ITS-90, deg C]
# name 2 = c0uS/cm: Conductivity [uS/cm]
# name 3 = sbeox0V: Oxygen raw, SBE 43 [V]
# name 4 = par: PAR/Irradiance, Biospherical/Licor
# name 5 = bat: Beam Attenuation, Chelsea/Seatech [1/m]
# name 6 = xmiss: Beam Transmission, Chelsea/Seatech [%]
# name 7 = flSP: Fluorescence, Seapoint
# name 8 = spar: SPAR, Biospherical/Licor
# name 9 = upoly0: Upoly 0, Suna Nitrate
# name 10 = depFM: Depth [fresh water, m], lat = 43.5963
# name 11 = sbeox0Mg/L: Oxygen, SBE 43 [mg/l], WS = 2
# name 12 = specc: Specific Conductance [uS/cm]
# name 13 = flag: flag
# span 0 =     -0.021,      5.495       
# span 1 =     8.2339,     8.9710       
# span 2 =   7.144819, 290.746248       
# span 3 =     1.7924,     2.4371       
# span 4 = 6.1773e+02, 4.4589e+03       
# span 5 =     0.4624,     1.8767       
# span 6 =    62.5517,    89.0832       
# span 7 = 0.0000e+00, 1.0183e+00       
# span 8 = 1.6836e+03, 1.8155e+03       
# span 9 =  0.0745862,  0.3340220       
# span 10 =     -0.021,      5.603      
# span 11 =     9.0921,    13.6794      
# span 12 =     10.529,    428.533      
# span 13 = 0.0000e+00, 0.0000e+00      
# interval = seconds: 0.0416667
# start_time = Oct 02 2003 16:21:57 [NMEA time, header]
# bad_flag = -9.990e-29
*END*
[from data line 4336]
      4.838     8.3015 205.077486     2.4359 7.8672e+02     0.6449    85.1100 2.3199e-01 1.7958e+03  0.3240437      4.933    13.6567    307.892 -9.990e-29
      4.838     8.3009 205.113396     2.4359 8.0011e+02     0.6449    85.1100 2.3077e-01 1.7958e+03  0.3236280      4.933    13.6562    307.951 -9.990e-29
      4.838     8.3002 205.101428     2.4359 8.2524e+02     0.6437    85.1362 2.2589e-01 1.7958e+03  0.3240437      4.933    13.6558    307.940 -9.990e-29
      4.837     8.2989 205.125368     2.4359 8.3223e+02     0.6449    85.1100 2.2222e-01 1.7958e+03  0.3240437      4.932    13.6555    307.988 -9.990e-29
      4.836     8.2983 205.101428     2.4359 8.1372e+02     0.6449    85.1100 2.1978e-01 1.7958e+03  0.3240437      4.931    13.6571    307.957 -9.990e-29
      4.836     8.2979 205.101428     2.4359 7.6922e+02     0.6449    85.1100 2.1856e-01 1.7958e+03  0.3240437      4.931    13.6575    307.961 -9.990e-29
      4.837     8.2970 205.125370     2.4359 7.5423e+02     0.6449    85.1100 2.1856e-01 1.7958e+03  0.3240437      4.932    13.6560    308.005 -9.990e-29
      4.836     8.2969 205.089459     2.4359 7.4579e+02     0.6461    85.0839 2.1734e-01 1.7958e+03  0.3240437      4.931    13.6541    307.952 -9.990e-29
      4.836     8.2962 205.077489     2.4359 7.0501e+02     0.6486    85.0316 2.1734e-01 1.7958e+03  0.3240437      4.931    13.6525    307.941 -9.990e-29
      4.837     8.2953 205.137340     2.4359 6.8739e+02     0.6486    85.0316 2.1734e-01 1.7958e+03  0.3240437      4.932    13.6520    308.039 -9.990e-29
      4.839     8.2947 205.197192     2.4359 6.8933e+02     0.6486    85.0316 2.1368e-01 1.7958e+03  0.3244595      4.934    13.6525    308.135 -9.990e-29
      4.839     8.2944 205.125371     2.4359 7.0106e+02     0.6486    85.0316 2.1245e-01 1.7958e+03  0.3244595      4.934    13.6528    308.029 -9.990e-29
      4.840     8.2940 205.101431     2.4359 7.0699e+02     0.6474    85.0577 2.1734e-01 1.7958e+03  0.3244595      4.935    13.6521    307.997 -9.990e-29
      4.840     8.2944 205.137342     2.4359 7.0898e+02     0.6486    85.0316 2.2711e-01 1.7958e+03  0.3244595      4.935    13.6522    308.047 -9.990e-29
      4.840     8.2947 205.161281     2.4371 7.4161e+02     0.6486    85.0316 2.3443e-01 1.7958e+03  0.3244595      4.935    13.6607    308.081 -9.990e-29
      4.839     8.2952 205.113400     2.4359 7.6491e+02     0.6486    85.0316 2.3565e-01 1.7958e+03  0.3240437      4.934    13.6514    308.004 -9.990e-29
      4.839     8.2956 205.077491     2.4359 7.6706e+02     0.6486    85.0316 2.2955e-01 1.7939e+03  0.3240437      4.934    13.6504    307.946 -9.990e-29
      4.839     8.2958 205.113400     2.4359 7.8894e+02     0.6498    85.0055 2.2344e-01 1.7939e+03  0.3240437      4.934    13.6483    307.999 -9.990e-29
      4.838     8.2954 205.065520     2.4359 8.0688e+02     0.6486    85.0316 2.2344e-01 1.7939e+03  0.3240437      4.933    13.6465    307.930 -9.990e-29
      4.838     8.2955 205.041581     2.4371 8.1143e+02     0.6486    85.0316 2.2833e-01 1.7939e+03  0.3240437      4.933    13.6539    307.893 -9.990e-29
      4.838     8.2958 205.065520     2.4359 8.1143e+02     0.6486    85.0316 2.3199e-01 1.7939e+03  0.3240437      4.933    13.6456    307.927 -9.990e-29
      4.837     8.2959 205.089460     2.4359 8.1372e+02     0.6486    85.0316 2.4176e-01 1.7939e+03  0.3240437      4.932    13.6457    307.962 -9.990e-29
      4.836     8.2962 205.053549     2.4359 8.1601e+02     0.6474    85.0577 2.5397e-01 1.7939e+03  0.3240437      4.931    13.6457    307.905 -9.990e-29
      4.837     8.2963 205.041579     2.4359 8.1143e+02     0.6486    85.0316 2.6007e-01 1.7939e+03  0.3244595      4.932    13.6458    307.886 -9.990e-29
      4.838     8.2970 205.041580     2.4359 8.0688e+02     0.6486    85.0316 2.5641e-01 1.7939e+03  0.3244595      4.933    13.6457    307.880 -9.990e-29
      4.838     8.2969 205.113399     2.4359 8.0462e+02     0.6486    85.0316 2.4542e-01 1.7939e+03  0.3244595      4.933    13.6448    307.988 -9.990e-29
      4.838     8.2971 205.101429     2.4359 7.9786e+02     0.6498    85.0055 2.3932e-01 1.7939e+03  0.3244595      4.933    13.6491    307.969 -9.990e-29
      4.839     8.2976 205.053550     2.4359 7.8011e+02     0.6461    85.0839 2.4298e-01 1.7939e+03  0.3240437      4.934    13.6489    307.892 -9.990e-29
      4.839     8.2976 205.041579     2.4371 7.7574e+02     0.6412    85.1884 2.4908e-01 1.7939e+03  0.3240437      4.934    13.6572    307.874 -9.990e-29
      4.840     8.2975 205.077488     2.4359 7.6706e+02     0.6400    85.2146 2.5519e-01 1.7939e+03  0.3240437      4.935    13.6489    307.929 -9.990e-29
      4.841     8.2971 205.101430     2.4347 7.2716e+02     0.6400    85.2146 2.5153e-01 1.7939e+03  0.3240437      4.936    13.6408    307.969 -9.990e-29
      4.842     8.2970 205.137338     2.4347 7.1499e+02     0.6412    85.1884 2.4542e-01 1.7939e+03  0.3240437      4.937    13.6408    308.023 -9.990e-29
      4.843     8.2972 205.113400     2.4347 7.1298e+02     0.6388    85.2407 2.4420e-01 1.7939e+03  0.3240437      4.938    13.6407    307.986 -9.990e-29
      4.844     8.2972 205.125370     2.4359 7.0501e+02     0.6400    85.2146 2.5031e-01 1.7939e+03  0.3240437      4.940    13.6491    308.004 -9.990e-29
      4.842     8.2975 205.065518     2.4359 7.0106e+02     0.6400    85.2146 2.5519e-01 1.7939e+03  0.3240437      4.937    13.6489    307.911 -9.990e-29
      4.842     8.2982 205.077488     2.4359 7.0106e+02     0.6400    85.2146 2.5641e-01 1.7939e+03  0.3240437      4.937    13.6487    307.922 -9.990e-29
      4.842     8.2988 205.125369     2.4347 6.8739e+02     0.6400    85.2146 2.5641e-01 1.7939e+03  0.3244595      4.937    13.6401    307.989 -9.990e-29
      4.841     8.2989 205.089458     2.4359 6.8162e+02     0.6400    85.2146 2.5519e-01 1.7939e+03  0.3244595      4.936    13.6484    307.934 -9.990e-29
      4.841     8.2986 205.161278     2.4359 6.8162e+02     0.6400    85.2146 2.5275e-01 1.7939e+03  0.3244595      4.936    13.6485    308.044 -9.990e-29
      4.842     8.2982 205.125369     2.4359 7.0699e+02     0.6400    85.2146 2.4908e-01 1.7939e+03  0.3244595      4.937    13.6487    307.994 -9.990e-29
      4.841     8.2979 205.077489     2.4359 7.2716e+02     0.6400    85.2146 2.4298e-01 1.7939e+03  0.3244595      4.936    13.6488    307.925 -9.990e-29
      4.841     8.2982 205.113398     2.4347 7.2920e+02     0.6388    85.2407 2.3565e-01 1.7939e+03  0.3244595      4.936    13.6404    307.976 -9.990e-29
      4.841     8.2984 205.065518     2.4347 7.6922e+02     0.6388    85.2407 2.3077e-01 1.7939e+03  0.3240437      4.936    13.6403    307.903 -9.990e-29
      4.842     8.2985 205.077489     2.4359 8.1372e+02     0.6400    85.2146 2.2955e-01 1.7939e+03  0.3240437      4.937    13.6486    307.920 -9.990e-29
      4.843     8.2989 205.137338     2.4359 8.2061e+02     0.6400    85.2146 2.3077e-01 1.7939e+03  0.3240437      4.938    13.6484    308.006 -9.990e-29
      4.843     8.2990 205.113399     2.4359 8.5596e+02     0.6412    85.1884 2.3565e-01 1.7939e+03  0.3240437      4.938    13.6484    307.969 -9.990e-29
      4.842     8.2994 205.101427     2.4359 9.1059e+02     0.6412    85.1884 2.4054e-01 1.7939e+03  0.3240437      4.937    13.6483    307.947 -9.990e-29
      4.842     8.2997 205.101427     2.4359 9.2348e+02     0.6400    85.2146 2.4542e-01 1.7939e+03  0.3240437      4.937    13.6481    307.944 -9.990e-29
      4.843     8.3003 205.101428     2.4359 9.0294e+02     0.6388    85.2407 2.4664e-01 1.7939e+03  0.3240437      4.938    13.6479    307.939 -9.990e-29
      4.843     8.3005 205.029607     2.4347 8.6565e+02     0.6375    85.2668 2.4664e-01 1.7939e+03  0.3248753      4.938    13.6395    307.829 -9.990e-29
