data/05_metadata_exports/SeabirdData/202305_SeabirdData/83380_stn33-day.cnv
* Sea-Bird SBE 9 Data File:
* FileName = C:\Users\rosette\Rosette Data\2023\Ontario CSMI\stn33-day.hex
* Software Version Seasave V 7.26.6.26
* Temperature SN = 5270
* Conductivity SN = 1168
* Number of Bytes Per Scan = 40
* Number of Voltage Words = 5
* Number of Scans Averaged by the Deck Unit = 1
* NMEA Latitude = 43 35.78 N
* NMEA Longitude = 078 48.84 W
* NMEA UTC (Time) = Oct 02 2003  15:38:21
* NMEA baud rate = 4800
** Ship: Lake Guardian
** Ontario CSMI LWFS
** Station:  stn33-day
# nquan = 14                                
# nvalues = 21229                       
# units = specified
# name 0 = prDM: Pressure, Digiquartz [db]
# name 1 = t090C: Temperature [ITS-90, deg C]
# name 2 = c0uS/cm: Conductivity [uS/cm]
# name 3 = sbeox0V: Oxygen raw, SBE 43 [V]
# name 4 = par: PAR/Irradiance, Biospherical/Licor
# name 5 = bat: Beam Attenuation, Chelsea/Seatech [1/m]
# name 6 = xmiss: Beam Transmission, Chelsea/Seatech [%]
# name 7 = flSP: Fluorescence, Seapoint
# name 8 = spar: SPAR, Biospherical/Licor
# name 9 = upoly0: Upoly 0, Suna Nitrate
# name 10 = depFM: Depth [fresh water, m], lat = 43.5963
# name 11 = sbeox0Mg/L: Oxygen, SBE 43 [mg/l], WS = 2
# name 12 = specc: Specific Conductance [uS/cm]
# name 13 = flag: flag
# span 0 =     -0.154,    132.544       
# span 1 =     3.8580,     8.6084       
# span 2 =  13.637226, 210.752817       
# span 3 =     1.7607,     2.4322       
# span 4 = 1.0000e-12, 4.7301e+03       
# span 5 =     0.0906,     1.3176       
# span 6 =    71.9357,    97.7615       
# span 7 = 0.0000e+00, 1.1807e+00       
# span 8 = 1.7564e+03, 1.8037e+03       
# span 9 =  0.0737546,  0.3913973       
# span 10 =     -0.157,    135.157      
# span 11 =     8.9841,    13.8569      
# span 12 =     20.335,    316.551      
# span 13 = 0.0000e+00, 0.0000e+00      
# interval = seconds: 0.0416667
# start_time = Oct 02 2003 15:38:21 [NMEA time, header]
# bad_flag = -9.990e-29
*END*
[from data line 826]
     -0.094     8.6075  17.898063     2.1795 3.7773e+03     0.1858    95.4612 3.5409e-02 1.7939e+03  0.0970373     -0.096    11.7767     26.626 -9.990e-29
     -0.096     8.6074  17.827812     2.1795 3.7667e+03     0.1858    95.4612 3.4188e-02 1.7939e+03  0.0970373     -0.098    11.7769     26.522 -9.990e-29
     -0.097     8.6075  17.839520     2.1783 3.7773e+03     0.1858    95.4612 3.4188e-02 1.7939e+03  0.0970373     -0.099    11.7698     26.539 -9.990e-29
     -0.097     8.6075  17.816103     2.1795 3.7667e+03     0.1858    95.4612 3.6630e-02 1.7939e+03  0.0966216     -0.099    11.7772     26.505 -9.990e-29
     -0.097     8.6076  17.816103     2.1795 3.7667e+03     0.1858    95.4612 4.0293e-02 1.7939e+03  0.0966216     -0.099    11.7762     26.504 -9.990e-29
     -0.097     8.6077  17.745852     2.1783 3.7667e+03     0.1858    95.4612 4.0293e-02 1.7939e+03  0.0966216     -0.099    11.7679     26.400 -9.990e-29
     -0.098     8.6076  17.710727     2.1783 3.7667e+03     0.1869    95.4351 4.1514e-02 1.7939e+03  0.0966216     -0.100    11.7680     26.348 -9.990e-29
     -0.100     8.6077  17.628769     2.1807 3.7667e+03     0.1858    95.4612 4.0293e-02 1.7939e+03  0.0966216     -0.102    11.7845     26.226 -9.990e-29
     -0.101     8.6079  17.535104     2.1795 3.7667e+03     0.1858    95.4612 4.0293e-02 1.7939e+03  0.0970373     -0.103    11.7763     26.086 -9.990e-29
     -0.101     8.6077  17.371192     2.1783 3.7667e+03     0.1858    95.4612 4.2735e-02 1.7939e+03  0.0970373     -0.103    11.7671     25.842 -9.990e-29
     -0.100     8.6077  17.289237     2.1795 3.7562e+03     0.1869    95.4351 4.0293e-02 1.7939e+03  0.0966216     -0.102    11.7765     25.721 -9.990e-29
     -0.100     8.6077  17.172161     2.1795 3.7562e+03     0.1869    95.4351 3.6630e-02 1.7939e+03  0.0966216     -0.102    11.7765     25.546 -9.990e-29
     -0.097     8.6075 126.518504     2.1807 3.7562e+03     0.1847    95.4874 3.7851e-02 1.7939e+03  0.0970373     -0.099    11.7793    188.218 -9.990e-29
     -0.094     8.6076 107.313584     2.1807 3.7562e+03     0.1847    95.4874 3.6630e-02 1.7939e+03  0.0970373     -0.096    11.7793    159.647 -9.990e-29
     -0.092     8.6071  34.998525     2.1795 3.7562e+03     0.1847    95.4874 3.2967e-02 1.7939e+03  0.0970373     -0.094    11.7749     52.067 -9.990e-29
     -0.089     8.6072  17.125330     2.1795 3.7562e+03     0.1847    95.4874 3.5409e-02 1.7939e+03  0.0970373     -0.091    11.7757     25.477 -9.990e-29
     -0.087     8.6075  17.078500     2.1795 3.7562e+03     0.1858    95.4612 3.5409e-02 1.7939e+03  0.0970373     -0.089    11.7746     25.407 -9.990e-29
     -0.084     8.6074  17.230699     2.1783 3.7562e+03     0.1847    95.4874 3.6630e-02 1.7939e+03  0.0970373     -0.086    11.7664     25.634 -9.990e-29
     -0.081     8.6075  17.336068     2.1795 3.7562e+03     0.1847    95.4874 4.0293e-02 1.7939e+03  0.0966216     -0.083    11.7747     25.790 -9.990e-29
     -0.078     8.6077  17.464856     2.1795 3.7456e+03     0.1858    95.4612 4.2735e-02 1.7939e+03  0.0966216     -0.080    11.7747     25.982 -9.990e-29
     -0.078     8.6076  17.699019     2.1795 3.7456e+03     0.1847    95.4874 4.2735e-02 1.7939e+03  0.0966216     -0.080    11.7747     26.330 -9.990e-29
     -0.080     8.6080  17.909772     2.1795 3.7562e+03     0.1847    95.4874 4.6398e-02 1.7939e+03  0.0966216     -0.082    11.7746     26.643 -9.990e-29
     -0.082     8.6080  18.120530     2.1795 3.7562e+03     0.1858    95.4612 4.8840e-02 1.7939e+03  0.0970373     -0.084    11.7747     26.957 -9.990e-29
     -0.084     8.6080  18.307875     2.1807 3.7456e+03     0.1858    95.4612 5.0061e-02 1.7939e+03  0.0966216     -0.086    11.7830     27.236 -9.990e-29
     -0.087     8.6080  18.389839     2.1795 3.7562e+03     0.1847    95.4874 4.6398e-02 1.7939e+03  0.0966216     -0.089    11.7747     27.358 -9.990e-29
     -0.091     8.6082  18.506933     2.1795 3.7456e+03     0.1858    95.4612 4.5177e-02 1.7939e+03  0.0970373     -0.093    11.7737     27.532 -9.990e-29
     -0.097     8.6084  18.518643     2.1807 3.7456e+03     0.1847    95.4874 4.6398e-02 1.7939e+03  0.0970373     -0.099    11.7820     27.549 -9.990e-29
     -0.102     8.6082  18.296165     2.1795 3.7562e+03     0.1858    95.4612 4.3956e-02 1.7939e+03  0.0970373     -0.104    11.7728     27.218 -9.990e-29
     -0.107     8.6083  18.190783     2.1795 3.7562e+03     0.1858    95.4612 4.2735e-02 1.7939e+03  0.0966216     -0.109    11.7728     27.061 -9.990e-29
     -0.110     8.6080  17.898063     2.1795 3.7562e+03     0.1847    95.4874 4.0293e-02 1.7939e+03  0.0966216     -0.112    11.7729     26.626 -9.990e-29
     -0.113     8.6078  17.757561     2.1795 3.7562e+03     0.1858    95.4612 4.0293e-02 1.7939e+03  0.0966216     -0.115    11.7710     26.417 -9.990e-29
     -0.115     8.6077  17.617061     2.1795 3.7562e+03     0.1858    95.4612 4.0293e-02 1.7939e+03  0.0966216     -0.117    11.7700     26.208 -9.990e-29
     -0.116     8.6074  17.570228     2.1795 3.7667e+03     0.1836    95.5135 3.6630e-02 1.7939e+03  0.0966216     -0.118    11.7722     26.139 -9.990e-29
     -0.114     8.6070  17.488271     2.1783 3.7773e+03     0.1836    95.5135 3.7851e-02 1.7939e+03  0.0966216     -0.116    11.7640     26.017 -9.990e-29
     -0.111     8.6068  17.464856     2.1807 3.7773e+03     0.1847    95.4874 4.0293e-02 1.7939e+03  0.0966216     -0.113    11.7796     25.983 -9.990e-29
     -0.107     8.6066  17.511688     2.1795 3.7773e+03     0.1836    95.5135 4.0293e-02 1.7939e+03  0.0966216     -0.109    11.7713     26.052 -9.990e-29
     -0.101     8.6065  17.663894     2.1795 3.7880e+03     0.1847    95.4874 3.7851e-02 1.7939e+03  0.0966216     -0.103    11.7703     26.279 -9.990e-29
     -0.096     8.6064  17.745852     2.1795 3.7986e+03     0.1836    95.5135 3.6630e-02 1.7939e+03  0.0966216     -0.098    11.7714     26.401 -9.990e-29
     -0.093     8.6061  17.862937     2.1795 3.7880e+03     0.1836    95.5135 3.5409e-02 1.7939e+03  0.0966216     -0.095    11.7726     26.575 -9.990e-29
     -0.091     8.6059  18.085403     2.1795 3.7880e+03     0.1836    95.5135 4.0293e-02 1.7939e+03  0.0970373     -0.093    11.7727     26.906 -9.990e-29
     -0.091     8.6062  18.378130     2.1783 3.7880e+03     0.1847    95.4874 4.0293e-02 1.7939e+03  0.0970373     -0.093    11.7644     27.342 -9.990e-29
     -0.091     8.6060  18.506933     2.1795 3.7880e+03     0.1836    95.5135 3.6630e-02 1.7939e+03  0.0970373     -0.093    11.7728     27.533 -9.990e-29
     -0.092     8.6062  18.542062     2.1795 3.7773e+03     0.1836    95.5135 3.7851e-02 1.7939e+03  0.0970373     -0.094    11.7718     27.586 -9.990e-29
     -0.096     8.6062  18.553771     2.1795 3.7773e+03     0.1836    95.5135 3.9072e-02 1.7939e+03  0.0970373     -0.098    11.7718     27.603 -9.990e-29
     -0.102     8.6061  18.413258     2.1795 3.7773e+03     0.1836    95.5135 3.7851e-02 1.7939e+03  0.0966216     -0.104    11.7719     27.394 -9.990e-29
     -0.108     8.6062  18.249329     2.1795 3.7773e+03     0.1847    95.4874 3.6630e-02 1.7939e+03  0.0966216     -0.110    11.7709     27.150 -9.990e-29
     -0.114     8.6062  18.073694     2.1795 3.7880e+03     0.1847    95.4874 3.6630e-02 1.7939e+03  0.0966216     -0.116    11.7700     26.889 -9.990e-29
     -0.119     8.6058  17.816103     2.1795 3.7880e+03     0.1847    95.4874 3.7851e-02 1.7939e+03  0.0966216     -0.121    11.7692     26.506 -9.990e-29
     -0.122     8.6054  17.617061     2.1795 3.7986e+03     0.1836    95.5135 4.0293e-02 1.7939e+03  0.0966216     -0.124    11.7706     26.210 -9.990e-29
     -0.123     8.6054  17.488272     2.1783 3.7986e+03     0.1836    95.5135 4.6398e-02 1.7939e+03  0.0966216     -0.125    11.7625     26.018 -9.990e-29
     -0.122     8.6051  17.453148     2.1795 3.7986e+03     0.1847    95.4874 5.2503e-02 1.7939e+03  0.0966216     -0.124    11.7711     25.966 -9.990e-29
     -0.121     8.6046  17.499980     2.1795 3.8093e+03     0.1847    95.4874 5.2503e-02 1.7939e+03  0.0966216     -0.123    11.7725     26.036 -9.990e-29
     -0.121     8.6041  17.570228     2.1795 3.8093e+03     0.1847    95.4874 4.8840e-02 1.7939e+03  0.0970373     -0.123    11.7719     26.141 -9.990e-29
     -0.117     8.6039  17.558520     2.1795 3.8201e+03     0.1836    95.5135 4.5177e-02 1.7939e+03  0.0970373     -0.119    11.7712     26.124 -9.990e-29
     -0.112     8.6036  17.382900     2.1783 3.8093e+03     0.1847    95.4874 4.2735e-02 1.7939e+03  0.0970373     -0.114    11.7634     25.863 -9.990e-29
     -0.107     8.6033  17.605353     2.1795 3.8093e+03     0.1825    95.5396 4.3956e-02 1.7939e+03  0.0966216     -0.109    11.7731     26.194 -9.990e-29
     -0.100     8.6030  18.026859     2.1807 3.8093e+03     0.1836    95.5135 4.3956e-02 1.7939e+03  0.0966216     -0.102    11.7818     26.822 -9.990e-29
     -0.093     8.6026  18.565481     2.1795 3.7986e+03     0.1847    95.4874 4.3956e-02 1.7939e+03  0.0966216     -0.095    11.7739     27.623 -9.990e-29
     -0.088     8.6025  19.022167     2.1795 3.7773e+03     0.1836    95.5135 4.3956e-02 1.7939e+03  0.0966216     -0.090    11.7732     28.303 -9.990e-29
     -0.084     8.6026  19.256374     2.1795 3.7773e+03     0.1847    95.4874 4.6398e-02 1.7939e+03  0.0966216     -0.086    11.7745     28.651 -9.990e-29
     -0.081     8.6027  19.432034     2.1783 3.7667e+03     0.1847    95.4874 4.2735e-02 1.7939e+03  0.0966216     -0.083    11.7664     28.913 -9.990e-29
     -0.078     8.6028  19.502299     2.1795 3.7562e+03     0.1836    95.5135 4.0293e-02 1.7939e+03  0.0970373     -0.080    11.7750     29.017 -9.990e-29
     -0.079     8.6031  19.373480     2.1795 3.7562e+03     0.1847    95.4874 4.0293e-02 1.7939e+03  0.0966216     -0.081    11.7752     28.825 -9.990e-29
     -0.081     8.6033  19.338348     2.1795 3.7562e+03     0.1836    95.5135 4.0293e-02 1.7939e+03  0.0966216     -0.083    11.7754     28.773 -9.990e-29
     -0.084     8.6033  19.150980     2.1795 3.7456e+03     0.1836    95.5135 4.3956e-02 1.7939e+03  0.0966216     -0.086    11.7757     28.494 -9.990e-29
     -0.086     8.6034  19.069007     2.1795 3.7456e+03     0.1847    95.4874 4.1514e-02 1.7939e+03  0.0966216     -0.088    11.7749     28.372 -9.990e-29
     -0.086     8.6035  18.998746     2.1795 3.7456e+03     0.1825    95.5396 3.4188e-02 1.7939e+03  0.0970373     -0.088    11.7752     28.267 -9.990e-29
     -0.088     8.6034  18.588900     2.1795 3.7456e+03     0.1836    95.5135 1.9536e-02 1.7939e+03  0.0970373     -0.090    11.7755     27.658 -9.990e-29
     -0.092     8.6033  18.495224     2.1795 3.7456e+03     0.1836    95.5135 1.3431e-02 1.7939e+03  0.0970373     -0.094    11.7757     27.518 -9.990e-29
     -0.095     8.6034  18.401549     2.1783 3.7456e+03     0.1836    95.5135 2.4420e-02 1.7939e+03  0.0970373     -0.097    11.7667     27.379 -9.990e-29
     -0.096     8.6031  18.237620     2.1783 3.7456e+03     0.1836    95.5135 2.9304e-02 1.7939e+03  0.0970373     -0.098    11.7671     27.135 -9.990e-29
     -0.095     8.6030  18.003441     2.1783 3.7456e+03     0.1847    95.4874 2.6862e-02 1.7939e+03  0.0966216     -0.097    11.7674     26.787 -9.990e-29
     -0.094     8.6026  17.968315     2.1795 3.7456e+03     0.1836    95.5135 3.4188e-02 1.7939e+03  0.0966216     -0.096    11.7751     26.735 -9.990e-29
     -0.094     8.6025  17.921481     2.1795 3.7456e+03     0.1836    95.5135 3.9072e-02 1.7939e+03  0.0970373     -0.096    11.7755     26.665 -9.990e-29
     -0.093     8.6024  17.769269     2.1795 3.7456e+03     0.1836    95.5135 4.1514e-02 1.7939e+03  0.0966216     -0.095    11.7738     26.439 -9.990e-29
     -0.091     8.6021  17.898063     2.1795 3.7456e+03     0.1825    95.5396 5.1282e-02 1.7939e+03  0.0966216     -0.093    11.7742     26.631 -9.990e-29
     -0.089     8.6018  18.061986     2.1783 3.7456e+03     0.1847    95.4874 5.3724e-02 1.7939e+03  0.0970373     -0.091    11.7664     26.875 -9.990e-29
     -0.088     8.6018  18.319584     2.1783 3.7456e+03     0.1825    95.5396 5.3724e-02 1.7939e+03  0.0970373     -0.090    11.7667     27.258 -9.990e-29
     -0.087     8.6016  18.787966     2.1795 3.7456e+03     0.1836    95.5135 5.2503e-02 1.7939e+03  0.0970373     -0.089    11.7753     27.955 -9.990e-29
     -0.087     8.6017  19.057297     2.1807 3.7456e+03     0.1836    95.5135 4.5177e-02 1.7939e+03  0.0970373     -0.089    11.7828     28.356 -9.990e-29
     -0.090     8.6016  19.139269     2.1795 3.7456e+03     0.1836    95.5135 4.0293e-02 1.7939e+03  0.0970373     -0.092    11.7749     28.478 -9.990e-29
     -0.093     8.6017  19.115849     2.1795 3.7456e+03     0.1825    95.5396 3.9072e-02 1.7939e+03  0.0970373     -0.095    11.7762     28.443 -9.990e-29
     -0.097     8.6018  18.916775     2.1795 3.7456e+03     0.1825    95.5396 3.9072e-02 1.7939e+03  0.0966216     -0.099    11.7765     28.147 -9.990e-29
     -0.102     8.6015  18.799676     2.1795 3.7456e+03     0.1836    95.5135 4.0293e-02 1.7939e+03  0.0966216     -0.104    11.7769     27.973 -9.990e-29
     -0.107     8.6013  18.682578     2.1795 3.7456e+03     0.1836    95.5135 4.2735e-02 1.7939e+03  0.0966216     -0.109    11.7773     27.799 -9.990e-29
     -0.112     8.6010  18.588900     2.1795 3.7562e+03     0.1836    95.5135 4.3956e-02 1.7939e+03  0.0966216     -0.114    11.7757     27.660 -9.990e-29
     -0.116     8.6005  18.553772     2.1795 3.7562e+03     0.1825    95.5396 4.6398e-02 1.7939e+03  0.0966216     -0.118    11.7772     27.608 -9.990e-29
     -0.119     8.6000  18.588900     2.1795 3.7562e+03     0.1836    95.5135 4.6398e-02 1.7939e+03  0.0966216     -0.121    11.7777     27.660 -9.990e-29
     -0.122     8.5995  18.530353     2.1795 3.7667e+03     0.1836    95.5135 4.2735e-02 1.7939e+03  0.0966216     -0.124    11.7781     27.574 -9.990e-29
     -0.123     8.5994  18.506934     2.1795 3.7773e+03     0.1836    95.5135 4.2735e-02 1.7939e+03  0.0966216     -0.125    11.7784     27.539 -9.990e-29
     -0.123     8.5989  18.506934     2.1795 3.7880e+03     0.1836    95.5135 4.1514e-02 1.7939e+03  0.0966216     -0.125    11.7789     27.539 -9.990e-29
     -0.123     8.5981  18.401549     2.1795 3.7986e+03     0.1836    95.5135 4.3956e-02 1.7939e+03  0.0966216     -0.125    11.7784     27.383 -9.990e-29
     -0.123     8.5975  18.378131     2.1795 3.8201e+03     0.1836    95.5135 4.7619e-02 1.7939e+03  0.0970373     -0.125    11.7789     27.349 -9.990e-29
     -0.121     8.5974  18.331294     2.1783 3.8308e+03     0.1836    95.5135 4.7619e-02 1.7939e+03  0.0970373     -0.123    11.7721     27.279 -9.990e-29
     -0.119     8.5967  18.284457     2.1795 3.8308e+03     0.1825    95.5396 4.6398e-02 1.7939e+03  0.0970373     -0.121    11.7798     27.210 -9.990e-29
     -0.115     8.5961  18.214202     2.1795 3.8416e+03     0.1825    95.5396 4.0293e-02 1.7939e+03  0.0970373     -0.117    11.7792     27.106 -9.990e-29
     -0.111     8.5959  18.272748     2.1783 3.8524e+03     0.1825    95.5396 3.4188e-02 1.7939e+03  0.0966216     -0.113    11.7701     27.193 -9.990e-29
     -0.107     8.5953  18.249330     2.1795 3.8524e+03     0.1814    95.5658 3.4188e-02 1.7939e+03  0.0966216     -0.109    11.7798     27.159 -9.990e-29
     -0.105     8.5951  18.307875     2.1783 3.8524e+03     0.1814    95.5658 3.6630e-02 1.7939e+03  0.0966216     -0.107    11.7727     27.246 -9.990e-29
     -0.103     8.5948  18.343003     2.1795 3.8524e+03     0.1825    95.5396 3.2967e-02 1.7939e+03  0.0966216     -0.105    11.7822     27.299 -9.990e-29
     -0.102     8.5947  18.436677     2.1795 3.8633e+03     0.1825    95.5396 3.2967e-02 1.7939e+03  0.0970373     -0.104    11.7822     27.438 -9.990e-29
     -0.101     8.5945  18.553772     2.1795 3.8633e+03     0.1825    95.5396 3.2967e-02 1.7939e+03  0.0966216     -0.103    11.7803     27.613 -9.990e-29
     -0.101     8.5942  18.624030     2.1795 3.8633e+03     0.1825    95.5396 3.2967e-02 1.7939e+03  0.0966216     -0.103    11.7793     27.717 -9.990e-29
