data/05_metadata_exports/SeabirdData/202305_SeabirdData/83380_stn33-day.cnv
* Sea-Bird SBE 9 Data File:
* FileName = C:\Users\rosette\Rosette Data\2023\Ontario CSMI\stn33-day.hex
* Software Version Seasave V 7.26.6.26
* Temperature SN = 5270
* Conductivity SN = 1168
* Number of Bytes Per Scan = 40
* Number of Voltage Words = 5
* Number of Scans Averaged by the Deck Unit = 1
* NMEA Latitude = 43 35.78 N
* NMEA Longitude = 078 48.84 W
* NMEA UTC (Time) = Oct 02 2003  15:38:21
* NMEA baud rate = 4800
** Ship: Lake Guardian
** Ontario CSMI LWFS
** Station:  stn33-day
# nquan = 14                                
# nvalues = 21229                       
# units = specified
# name 0 = prDM: Pressure, Digiquartz [db]
# name 1 = t090C: Temperature [ITS-90, deg C]
# name 2 = c0uS/cm: Conductivity [uS/cm]
# name 3 = sbeox0V: Oxygen raw, SBE 43 [V]
# name 4 = par: PAR/Irradiance, Biospherical/Licor
# name 5 = bat: Beam Attenuation, Chelsea/Seatech [1/m]
# name 6 = xmiss: Beam Transmission, Chelsea/Seatech [%]
# name 7 = flSP: Fluorescence, Seapoint
# name 8 = spar: SPAR, Biospherical/Licor
# name 9 = upoly0: Upoly 0, Suna Nitrate
# name 10 = depFM: Depth [fresh water, m], lat = 43.5963
# name 11 = sbeox0Mg/L: Oxygen, SBE 43 [mg/l], WS = 2
# name 12 = specc: Specific Conductance [uS/cm]
# name 13 = flag: flag
# span 0 =     -0.154,    132.544       
# span 1 =     3.8580,     8.6084       
# span 2 =  13.637226, 210.752817       
# span 3 =     1.7607,     2.4322       
# span 4 = 1.0000e-12, 4.7301e+03       
# span 5 =     0.0906,     1.3176       
# span 6 =    71.9357,    97.7615       
# span 7 = 0.0000e+00, 1.1807e+00       
# span 8 = 1.7564e+03, 1.8037e+03       
# span 9 =  0.0737546,  0.3913973       
# span 10 =     -0.157,    135.157      
# span 11 =     8.9841,    13.8569      
# span 12 =     20.335,    316.551      
# span 13 = 0.0000e+00, 0.0000e+00      
# interval = seconds: 0.0416667
# start_time = Oct 02 2003 15:38:21 [NMEA time, header]
# bad_flag = -9.990e-29
*END*
[from data line 1239]
     -0.134     8.4160  72.144748     2.1795 4.6772e+03     0.1760    95.6965 6.3492e-02 1.7919e+03  0.0970373     -0.137    11.8269    107.943 -9.990e-29
     -0.133     8.4154  72.969735     2.1795 4.6904e+03     0.1760    95.6965 5.8608e-02 1.7919e+03  0.0970373     -0.136    11.8275    109.179 -9.990e-29
     -0.132     8.4147  72.792946     2.1795 4.6904e+03     0.1760    95.6965 5.2503e-02 1.7919e+03  0.0966216     -0.135    11.8283    108.917 -9.990e-29
     -0.131     8.4139  72.097609     2.1807 4.6904e+03     0.1760    95.6965 4.2735e-02 1.7919e+03  0.0966216     -0.134    11.8364    107.879 -9.990e-29
     -0.131     8.4137  71.508384     2.1807 4.6904e+03     0.1749    95.7226 5.3724e-02 1.7919e+03  0.0970373     -0.134    11.8361    106.998 -9.990e-29
     -0.130     8.4131  72.050470     2.1807 4.6904e+03     0.1749    95.7226 5.8608e-02 1.7919e+03  0.0970373     -0.133    11.8358    107.811 -9.990e-29
     -0.129     8.4124  72.545446     2.1795 4.6904e+03     0.1749    95.7226 2.5641e-02 1.7919e+03  0.0970373     -0.132    11.8282    108.554 -9.990e-29
     -0.129     8.4116  72.215459     2.1795 4.6904e+03     0.1738    95.7488 1.8315e-02 1.7919e+03  0.0970373     -0.132    11.8291    108.063 -9.990e-29
     -0.130     8.4110  71.685148     2.1795 4.6904e+03     0.1749    95.7226 1.5629e-01 1.7919e+03  0.0970373     -0.133    11.8300    107.271 -9.990e-29
     -0.132     8.4103  70.754239     2.1807 4.6904e+03     0.1770    95.6703 2.2589e-01 1.7919e+03  0.0974531     -0.135    11.8382    105.880 -9.990e-29
     -0.135     8.4100  69.740962     2.1795 4.6904e+03     0.1781    95.6442 2.6129e-01 1.7919e+03  0.0970373     -0.138    11.8296    104.365 -9.990e-29
     -0.137     8.4089  69.246150     2.1795 4.6904e+03     0.1781    95.6442 2.0635e-01 1.7919e+03  0.0966216     -0.140    11.8305    103.628 -9.990e-29
     -0.138     8.4085  69.163684     2.1795 4.6904e+03     0.1770    95.6703 1.2332e-01 1.7919e+03  0.0966216     -0.141    11.8333    103.506 -9.990e-29
     -0.139     8.4072  69.045877     2.1795 4.6904e+03     0.1770    95.6703 8.7912e-02 1.7919e+03  0.0966216     -0.142    11.8353    103.334 -9.990e-29
     -0.140     8.4062  69.163685     2.1807 4.6772e+03     0.1760    95.6965 9.1575e-02 1.7919e+03  0.0966216     -0.143    11.8434    103.513 -9.990e-29
     -0.143     8.4051  68.503987     2.1807 4.6904e+03     0.1760    95.6965 1.0989e-01 1.7919e+03  0.0966216     -0.146    11.8433    102.529 -9.990e-29
     -0.145     8.4043  68.138820     2.1795 4.6772e+03     0.1760    95.6965 1.0256e-01 1.7919e+03  0.0966216     -0.148    11.8347    101.985 -9.990e-29
     -0.146     8.4032  68.315512     2.1795 4.6772e+03     0.1749    95.7226 9.7680e-02 1.7919e+03  0.0970373     -0.149    11.8356    102.253 -9.990e-29
     -0.145     8.4017  69.752745     2.1795 4.6772e+03     0.1770    95.6703 8.1807e-02 1.7919e+03  0.0970373     -0.148    11.8355    104.409 -9.990e-29
     -0.141     8.4007  71.685150     2.1783 4.6772e+03     0.1760    95.6965 6.8376e-02 1.7919e+03  0.0970373     -0.144    11.8270    107.304 -9.990e-29
     -0.138     8.3995  73.464771     2.1795 4.6641e+03     0.1760    95.6965 1.3431e-01 1.7919e+03  0.0966216     -0.141    11.8351    109.972 -9.990e-29
     -0.136     8.3988  73.900894     2.1795 4.6641e+03     0.1781    95.6442 2.8205e-01 1.7919e+03  0.0970373     -0.139    11.8348    110.627 -9.990e-29
     -0.133     8.3981  74.502074     2.1795 4.6641e+03     0.1792    95.6181 2.6984e-01 1.7919e+03  0.0970373     -0.136    11.8345    111.530 -9.990e-29
     -0.131     8.3974  75.280136     2.1795 4.6641e+03     0.1781    95.6442 2.0269e-01 1.7919e+03  0.0970373     -0.134    11.8342    112.697 -9.990e-29
     -0.130     8.3970  75.657403     2.1795 4.6641e+03     0.1781    95.6442 1.5629e-01 1.7919e+03  0.0970373     -0.133    11.8350    113.263 -9.990e-29
     -0.130     8.3965  75.739934     2.1795 4.6641e+03     0.1760    95.6965 1.1966e-01 1.7919e+03  0.0970373     -0.133    11.8357    113.388 -9.990e-29
     -0.130     8.3960  75.822464     2.1795 4.6641e+03     0.1760    95.6965 1.2576e-01 1.7919e+03  0.0970373     -0.133    11.8354    113.513 -9.990e-29
     -0.129     8.3957  75.657404     2.1795 4.6641e+03     0.1781    95.6442 3.3578e-01 1.7919e+03  0.0966216     -0.132    11.8350    113.267 -9.990e-29
     -0.128     8.3958  74.950041     2.1795 4.6641e+03     0.1803    95.5919 3.4676e-01 1.7919e+03  0.0970373     -0.131    11.8356    112.208 -9.990e-29
     -0.129     8.3954  74.360617     2.1795 4.6641e+03     0.1792    95.6181 2.3443e-01 1.7919e+03  0.0966216     -0.132    11.8375    111.327 -9.990e-29
     -0.132     8.3952  73.877320     2.1795 4.6641e+03     0.1760    95.6965 1.1111e-01 1.7919e+03  0.0966216     -0.135    11.8382    110.604 -9.990e-29
     -0.134     8.3947  72.910810     2.1795 4.6641e+03     0.1760    95.6965 5.7387e-02 1.7919e+03  0.0970373     -0.137    11.8380    109.159 -9.990e-29
     -0.134     8.3945  72.309744     2.1807 4.6772e+03     0.1781    95.6442 2.7473e-01 1.7919e+03  0.0970373     -0.137    11.8460    108.259 -9.990e-29
     -0.135     8.3944  71.744074     2.1795 4.6772e+03     0.1792    95.6181 3.0159e-01 1.7919e+03  0.0970373     -0.138    11.8374    107.413 -9.990e-29
     -0.138     8.3935  71.520173     2.1795 4.6641e+03     0.1781    95.6442 1.9902e-01 1.7919e+03  0.0970373     -0.141    11.8394    107.081 -9.990e-29
     -0.140     8.3931  73.959832     2.1807 4.6772e+03     0.1781    95.6442 1.9048e-01 1.7919e+03  0.0970373     -0.143    11.8483    110.735 -9.990e-29
     -0.140     8.3921  77.850609     2.1819 4.6772e+03     0.1792    95.6181 4.1514e-01 1.7919e+03  0.0970373     -0.143    11.8574    116.563 -9.990e-29
     -0.140     8.3918  80.115162     2.1807 4.6641e+03     0.1814    95.5658 5.2747e-01 1.7919e+03  0.0970373     -0.143    11.8496    119.955 -9.990e-29
     -0.140     8.3911  80.952729     2.1795 4.6641e+03     0.1836    95.5135 5.8852e-01 1.7919e+03  0.0966216     -0.143    11.8409    121.212 -9.990e-29
     -0.138     8.3908  81.165083     2.1795 4.6641e+03     0.1814    95.5658 4.8962e-01 1.7919e+03  0.0966216     -0.141    11.8416    121.531 -9.990e-29
     -0.137     8.3910  81.353848     2.1795 4.6641e+03     0.1803    95.5919 3.7729e-01 1.7919e+03  0.0966216     -0.140    11.8431    121.813 -9.990e-29
     -0.135     8.3914  82.203336     2.1795 4.6641e+03     0.1825    95.5396 5.8730e-01 1.7919e+03  0.0966216     -0.138    11.8435    123.083 -9.990e-29
     -0.132     8.3920  83.111913     2.1795 4.6510e+03     0.1847    95.4874 6.3980e-01 1.7919e+03  0.0966216     -0.135    11.8428    124.441 -9.990e-29
     -0.130     8.3924  83.784558     2.1795 4.6510e+03     0.1836    95.5135 6.4103e-01 1.7919e+03  0.0970373     -0.133    11.8431    125.447 -9.990e-29
     -0.127     8.3929  83.678348     2.1795 4.6510e+03     0.1847    95.4874 6.2027e-01 1.7919e+03  0.0970373     -0.130    11.8414    125.286 -9.990e-29
     -0.125     8.3938  83.229916     2.1795 4.6510e+03     0.1847    95.4874 6.1783e-01 1.7919e+03  0.0982846     -0.127    11.8415    124.611 -9.990e-29
     -0.123     8.3944  71.708721     2.1795 4.6510e+03     0.1847    95.4874 6.6545e-01 1.7919e+03  0.0957901     -0.125    11.8423    107.360 -9.990e-29
     -0.121     8.3947  52.451651     2.1795 4.6510e+03     0.1836    95.5135 5.3602e-01 1.7919e+03  0.0966216     -0.123    11.8426     78.528 -9.990e-29
     -0.115     8.3845  41.641929     2.1795 4.6510e+03     0.1792    95.6181 2.4908e-01 1.7919e+03  0.0966216     -0.117    11.8467     62.363 -9.990e-29
     -0.106     8.3537  33.473437     2.1807 4.6510e+03     0.1792    95.6181 2.7228e-01 1.7919e+03  0.0970373     -0.108    11.8644     50.176 -9.990e-29
     -0.095     8.3264  37.005098     2.1795 4.6379e+03     0.1803    95.5919 3.5043e-01 1.7919e+03  0.0970373     -0.097    11.8637     55.516 -9.990e-29
     -0.082     8.3018  49.301303     2.1795 4.6379e+03     0.1814    95.5658 4.4811e-01 1.7919e+03  0.0966216     -0.084    11.8712     74.018 -9.990e-29
     -0.068     8.2770  46.692575     2.1795 4.6379e+03     0.1814    95.5658 4.4444e-01 1.7919e+03  0.0966216     -0.069    11.8783     70.153 -9.990e-29
     -0.053     8.2537  46.915817     2.1807 4.6249e+03     0.1803    95.5919 3.8950e-01 1.7919e+03  0.0966216     -0.054    11.8933     70.538 -9.990e-29
     -0.038     8.2365  47.162563     2.1795 4.6249e+03     0.1803    95.5919 4.2735e-01 1.7919e+03  0.0966216     -0.039    11.8896     70.946 -9.990e-29
     -0.022     8.2242  62.686796     2.1795 4.6249e+03     0.1825    95.5396 5.6166e-01 1.7919e+03  0.0966216     -0.022    11.8919     94.333 -9.990e-29
     -0.006     8.2150 105.668928     2.1795 4.6249e+03     0.1836    95.5135 6.8498e-01 1.7919e+03  0.0966216     -0.006    11.8939    159.059 -9.990e-29
      0.011     8.2081 133.460176     2.1795 4.6249e+03     0.1836    95.5135 5.4090e-01 1.7919e+03  0.0966216      0.011    11.8958    200.933 -9.990e-29
      0.028     8.2028 167.978442     2.1807 4.6119e+03     0.1803    95.5919 3.5775e-01 1.7919e+03  0.0966216      0.029    11.9042    252.943 -9.990e-29
      0.046     8.1987 196.774275     2.1807 4.6119e+03     0.1814    95.5658 5.1282e-01 1.7919e+03  0.0966216      0.047    11.9040    296.341 -9.990e-29
      0.065     8.1969 203.461665     2.1807 4.6119e+03     0.1836    95.5135 5.9463e-01 1.7919e+03  0.0966216      0.066    11.9054    306.429 -9.990e-29
      0.086     8.1992 204.610646     2.1807 4.5989e+03     0.1825    95.5396 6.1538e-01 1.7919e+03  0.0970373      0.088    11.9080    308.138 -9.990e-29
      0.104     8.2017 205.041549     2.1795 4.5989e+03     0.1869    95.4351 8.1074e-01 1.7919e+03  0.0916324      0.106    11.9011    308.763 -9.990e-29
      0.124     8.2037 205.041548     2.1795 4.5989e+03     0.3115    92.5075 9.8779e-01 1.7919e+03  0.0787438      0.126    11.9016    308.745 -9.990e-29
      0.146     8.2039 204.885941     2.1807 4.5860e+03     0.4007    90.4686 9.4139e-01 1.7919e+03  0.0737546      0.149    11.9099    308.509 -9.990e-29
      0.169     8.2047 204.826094     2.1807 4.5860e+03     0.4122    90.2072 7.6923e-01 1.7919e+03  0.0741704      0.172    11.9106    308.411 -9.990e-29
      0.190     8.2059 204.862002     2.1795 4.5860e+03     0.4053    90.3640 6.3248e-01 1.7919e+03  0.0741704      0.194    11.9028    308.454 -9.990e-29
      0.211     8.2065 204.862001     2.1807 4.5732e+03     0.3995    90.4947 4.8840e-01 1.7919e+03  0.0745862      0.215    11.9129    308.448 -9.990e-29
      0.232     8.2071 204.814123     2.1795 4.5603e+03     0.3995    90.4947 5.3724e-01 1.7919e+03  0.0745862      0.237    11.9072    308.371 -9.990e-29
      0.253     8.2070 204.885942     2.1807 4.5603e+03     0.4007    90.4686 5.3114e-01 1.7919e+03  0.0745862      0.258    11.9172    308.480 -9.990e-29
      0.274     8.2070 204.921851     2.1807 4.5475e+03     0.4007    90.4686 4.7619e-01 1.7919e+03  0.0750019      0.279    11.9197    308.534 -9.990e-29
      0.295     8.2065 204.885943     2.1795 4.5475e+03     0.4007    90.4686 3.8950e-01 1.7919e+03  0.0745862      0.301    11.9139    308.484 -9.990e-29
      0.316     8.2059 204.838065     2.1807 4.5347e+03     0.3984    90.5209 3.3578e-01 1.7919e+03  0.0750019      0.322    11.9257    308.418 -9.990e-29
      0.337     8.2059 204.802157     2.1795 4.5475e+03     0.3972    90.5470 3.1380e-01 1.7919e+03  0.0745862      0.344    11.9214    308.364 -9.990e-29
      0.356     8.2053 204.909884     2.1795 4.5347e+03     0.3960    90.5732 2.7961e-01 1.7919e+03  0.0745862      0.363    11.9265    308.532 -9.990e-29
      0.375     8.2023 204.897917     2.1807 4.5347e+03     0.3972    90.5470 2.4908e-01 1.7919e+03  0.0750019      0.382    11.9393    308.542 -9.990e-29
      0.395     8.1980 204.885950     2.1795 4.5347e+03     0.3972    90.5470 2.4420e-01 1.7919e+03  0.0750019      0.403    11.9367    308.563 -9.990e-29
      0.415     8.1955 204.862013     2.1795 4.5347e+03     0.3960    90.5732 2.4664e-01 1.7919e+03  0.0750019      0.423    11.9416    308.551 -9.990e-29
      0.435     8.1938 204.826105     2.1795 4.5347e+03     0.3972    90.5470 2.5397e-01 1.7919e+03  0.0750019      0.444    11.9491    308.512 -9.990e-29
      0.455     8.1966 204.826105     2.1795 4.5347e+03     0.3972    90.5470 2.5641e-01 1.7919e+03  0.0745862      0.464    11.9538    308.486 -9.990e-29
      0.477     8.2014 204.802161     2.1819 4.5347e+03     0.3972    90.5470 2.5763e-01 1.7919e+03  0.0745862      0.486    11.9751    308.406 -9.990e-29
      0.499     8.2089 204.802158     2.1807 4.5347e+03     0.3972    90.5470 2.5885e-01 1.7919e+03  0.0745862      0.509    11.9712    308.336 0.0000e+00
      0.523     8.2179 204.766244     2.1807 4.5220e+03     0.3972    90.5470 2.6129e-01 1.7919e+03  0.0745862      0.533    11.9746    308.198 0.0000e+00
      0.547     8.2265 204.766238     2.1807 4.5220e+03     0.7596    82.7052 2.6252e-01 1.7919e+03  0.0745862      0.558    11.9809    308.119 0.0000e+00
      0.570     8.2314 204.742297     2.1807 4.5220e+03     1.2115    73.8701 2.5519e-01 1.7919e+03  0.0745862      0.581    11.9890    308.037 0.0000e+00
      0.593     8.2337 204.742295     2.1819 4.5220e+03     1.3176    71.9357 2.5397e-01 1.7919e+03  0.0750019      0.605    12.0066    308.016 0.0000e+00
      0.616     8.2345 204.754264     2.1819 4.5347e+03     1.2958    72.3278 2.5763e-01 1.7919e+03  0.0745862      0.628    12.0168    308.026 0.0000e+00
      0.639     8.2347 204.790174     2.1819 4.5220e+03     1.2757    72.6938 2.6252e-01 1.7919e+03  0.0745862      0.652    12.0266    308.079 0.0000e+00
      0.662     8.2339 204.766235     2.1807 4.5220e+03     1.2728    72.7461 2.6984e-01 1.7919e+03  0.0745862      0.675    12.0286    308.050 0.0000e+00
      0.684     8.2329 204.766237     2.1819 4.5220e+03     1.2728    72.7461 2.7595e-01 1.7919e+03  0.0745862      0.697    12.0498    308.059 0.0000e+00
      0.705     8.2319 204.790177     2.1819 4.5220e+03     1.2742    72.7199 2.7839e-01 1.7919e+03  0.0745862      0.719    12.0629    308.105 0.0000e+00
      0.726     8.2303 204.802147     2.1832 4.5220e+03     1.2757    72.6938 2.7350e-01 1.7919e+03  0.0745862      0.740    12.0843    308.137 0.0000e+00
      0.748     8.2279 204.861998     2.1844 4.5093e+03     1.2742    72.7199 2.6374e-01 1.7919e+03  0.0745862      0.763    12.1064    308.250 0.0000e+00
      0.770     8.2255 204.862001     2.1832 4.4967e+03     1.2757    72.6938 2.5885e-01 1.7919e+03  0.0745862      0.785    12.1109    308.272 0.0000e+00
      0.791     8.2225 204.873972     2.1844 4.4967e+03     1.2742    72.7199 2.5885e-01 1.7919e+03  0.0745862      0.807    12.1344    308.318 0.0000e+00
      0.812     8.2193 204.921854     2.1844 4.4967e+03     1.2742    72.7199 2.6740e-01 1.7919e+03  0.0745862      0.828    12.1497    308.420 0.0000e+00
      0.832     8.2162 204.969735     2.1856 4.4714e+03     1.2757    72.6938 2.7106e-01 1.7919e+03  0.0745862      0.848    12.1731    308.520 0.0000e+00
      0.854     8.2146 204.945797     2.1868 4.4714e+03     1.2742    72.7199 2.7839e-01 1.7919e+03  0.0750019      0.871    12.1979    308.499 0.0000e+00
      0.876     8.2144 204.897919     2.1868 4.4589e+03     1.2742    72.7199 2.8449e-01 1.7919e+03  0.0750019      0.893    12.2126    308.429 0.0000e+00
      0.898     8.2155 204.957767     2.1868 4.2508e+03     1.2742    72.7199 2.8571e-01 1.7919e+03  0.0750019      0.916    12.2276    308.509 0.0000e+00
      0.921     8.2176 204.933827     2.1880 4.1329e+03     1.2757    72.6938 2.8205e-01 1.7919e+03  0.0750019      0.939    12.2511    308.453 0.0000e+00
      0.944     8.2193 204.933826     2.1880 4.1213e+03     1.2757    72.6938 2.7595e-01 1.7919e+03  0.0745862      0.963    12.2650    308.438 0.0000e+00
