data/05_metadata_exports/SeabirdData/202305_SeabirdData/83380_stn33-day.cnv
* Sea-Bird SBE 9 Data File:
* FileName = C:\Users\rosette\Rosette Data\2023\Ontario CSMI\stn33-day.hex
* Software Version Seasave V 7.26.6.26
* Temperature SN = 5270
* Conductivity SN = 1168
* Number of Bytes Per Scan = 40
* Number of Voltage Words = 5
* Number of Scans Averaged by the Deck Unit = 1
* NMEA Latitude = 43 35.78 N
* NMEA Longitude = 078 48.84 W
* NMEA UTC (Time) = Oct 02 2003  15:38:21
* NMEA baud rate = 4800
** Ship: Lake Guardian
** Ontario CSMI LWFS
** Station:  stn33-day
# nquan = 14                                
# nvalues = 21229                       
# units = specified
# name 0 = prDM: Pressure, Digiquartz [db]
# name 1 = t090C: Temperature [ITS-90, deg C]
# name 2 = c0uS/cm: Conductivity [uS/cm]
# name 3 = sbeox0V: Oxygen raw, SBE 43 [V]
# name 4 = par: PAR/Irradiance, Biospherical/Licor
# name 5 = bat: Beam Attenuation, Chelsea/Seatech [1/m]
# name 6 = xmiss: Beam Transmission, Chelsea/Seatech [%]
# name 7 = flSP: Fluorescence, Seapoint
# name 8 = spar: SPAR, Biospherical/Licor
# name 9 = upoly0: Upoly 0, Suna Nitrate
# name 10 = depFM: Depth [fresh water, m], lat = 43.5963
# name 11 = sbeox0Mg/L: Oxygen, SBE 43 [mg/l], WS = 2
# name 12 = specc: Specific Conductance [uS/cm]
# name 13 = flag: flag
# span 0 =     -0.154,    132.544       
# span 1 =     3.8580,     8.6084       
# span 2 =  13.637226, 210.752817       
# span 3 =     1.7607,     2.4322       
# span 4 = 1.0000e-12, 4.7301e+03       
# span 5 =     0.0906,     1.3176       
# span 6 =    71.9357,    97.7615       
# span 7 = 0.0000e+00, 1.1807e+00       
# span 8 = 1.7564e+03, 1.8037e+03       
# span 9 =  0.0737546,  0.3913973       
# span 10 =     -0.157,    135.157      
# span 11 =     8.9841,    13.8569      
# span 12 =     20.335,    316.551      
# span 13 = 0.0000e+00, 0.0000e+00      
# interval = seconds: 0.0416667
# start_time = Oct 02 2003 15:38:21 [NMEA time, header]
# bad_flag = -9.990e-29
*END*
[from data line 21162]
      2.043     7.9668 203.402018     2.4188 1.4894e+03     0.6424    85.1623 3.5775e-01 1.7919e+03  0.3290329      2.083    13.5614    308.477 -9.990e-29
      2.044     7.9734 203.390046     2.4188 1.5492e+03     0.6424    85.1623 3.5897e-01 1.7919e+03  0.3290329      2.084    13.5601    308.397 -9.990e-29
      2.045     7.9801 203.413977     2.4188 1.5536e+03     0.6424    85.1623 3.6264e-01 1.7919e+03  0.3290329      2.085    13.5592    308.371 -9.990e-29
      2.045     7.9859 203.509715     2.4188 1.6714e+03     0.6412    85.1884 3.6264e-01 1.7919e+03  0.3290329      2.085    13.5589    308.462 -9.990e-29
      2.045     7.9899 203.509712     2.4176 1.7582e+03     0.6388    85.2407 3.6508e-01 1.7919e+03  0.3294486      2.085    13.5500    308.425 -9.990e-29
      2.044     7.9937 203.509710     2.4176 1.7681e+03     0.6375    85.2668 3.5775e-01 1.7939e+03  0.3302802      2.084    13.5510    308.389 -9.990e-29
      2.044     7.9973 203.569547     2.4176 1.7931e+03     0.6375    85.2668 3.4921e-01 1.7939e+03  0.3302802      2.084    13.5523    308.446 -9.990e-29
      2.043     8.0004 203.533641     2.4176 1.8134e+03     0.6388    85.2407 3.4799e-01 1.7939e+03  0.3290329      2.083    13.5531    308.363 -9.990e-29
      2.043     8.0041 203.557573     2.4176 1.8185e+03     0.6375    85.2668 3.4554e-01 1.7939e+03  0.3290329      2.083    13.5560    308.364 -9.990e-29
      2.044     8.0085 203.581507     2.4176 1.6251e+03     0.6375    85.2668 3.4799e-01 1.7939e+03  0.3294486      2.084    13.5590    308.359 -9.990e-29
      2.045     8.0125 203.593472     2.4164 1.4001e+03     0.6388    85.2407 3.5409e-01 1.7939e+03  0.3294486      2.085    13.5529    308.340 -9.990e-29
      2.047     8.0164 203.545598     2.4164 1.3536e+03     0.6388    85.2407 3.5287e-01 1.7939e+03  0.3294486      2.087    13.5545    308.231 -9.990e-29
      2.048     8.0191 203.641340     2.4164 1.3235e+03     0.6375    85.2668 3.5653e-01 1.7939e+03  0.3294486      2.088    13.5579    308.351 -9.990e-29
      2.048     8.0212 203.641340     2.4164 1.2582e+03     0.6375    85.2668 3.6142e-01 1.7939e+03  0.3282014      2.088    13.5618    308.331 -9.990e-29
      2.047     8.0226 203.665273     2.4164 1.2406e+03     0.6375    85.2668 3.6508e-01 1.7919e+03  0.3277856      2.087    13.5672    308.355 -9.990e-29
      2.047     8.0256 203.689208     2.4164 1.2868e+03     0.6375    85.2668 3.6630e-01 1.7919e+03  0.3277856      2.087    13.5690    308.363 -9.990e-29
      2.047     8.0263 203.593463     2.4164 1.4360e+03     0.6375    85.2668 3.7241e-01 1.7919e+03  0.3277856      2.087    13.5720    308.211 -9.990e-29
      2.047     8.0245 203.605432     2.4164 1.4894e+03     0.6388    85.2407 3.7363e-01 1.7939e+03  0.3277856      2.087    13.5771    308.246 -9.990e-29
      2.047     8.0224 203.629370     2.4164 1.5233e+03     0.6375    85.2668 3.7973e-01 1.7939e+03  0.3277856      2.087    13.5814    308.302 -9.990e-29
      2.047     8.0250 203.593464     2.4176 1.7046e+03     0.6375    85.2668 3.8584e-01 1.7939e+03  0.3277856      2.087    13.5926    308.223 -9.990e-29
      2.047     8.0273 203.665271     2.4164 1.7831e+03     0.6375    85.2668 3.9560e-01 1.7939e+03  0.3282014      2.087    13.5885    308.311 -9.990e-29
      2.046     8.0312 203.725108     2.4164 1.7731e+03     0.6388    85.2407 3.9927e-01 1.7939e+03  0.3277856      2.086    13.5911    308.365 -9.990e-29
      2.045     8.0389 203.761008     2.4151 1.5756e+03     0.6375    85.2668 3.8828e-01 1.7939e+03  0.3277856      2.085    13.5823    308.347 -9.990e-29
      2.044     8.0454 203.796908     2.4164 1.4852e+03     0.6388    85.2407 3.8584e-01 1.7939e+03  0.3277856      2.084    13.5923    308.341 -9.990e-29
      2.042     8.0509 203.820841     2.4164 1.4811e+03     0.6400    85.2146 3.8095e-01 1.7939e+03  0.3277856      2.082    13.5924    308.326 -9.990e-29
      2.040     8.0592 203.868708     2.4164 1.5889e+03     0.6412    85.1884 3.7607e-01 1.7939e+03  0.3277856      2.080    13.5916    308.321 -9.990e-29
      2.040     8.0631 203.880672     2.4164 1.6574e+03     0.6412    85.1884 3.7241e-01 1.7939e+03  0.3277856      2.080    13.5925    308.303 -9.990e-29
      2.042     8.0696 203.892639     2.4164 1.6667e+03     0.6412    85.1884 3.7241e-01 1.7939e+03  0.3277856      2.082    13.5924    308.260 -9.990e-29
      2.043     8.0756 203.928539     2.4164 1.4481e+03     0.6400    85.2146 3.7729e-01 1.7939e+03  0.3277856      2.083    13.5936    308.258 -9.990e-29
      2.043     8.0816 204.024283     2.4164 1.2832e+03     0.6412    85.1884 3.8095e-01 1.7939e+03  0.3277856      2.083    13.5927    308.347 -9.990e-29
      2.042     8.0856 204.000343     2.4164 1.2547e+03     0.6412    85.1884 3.8095e-01 1.7939e+03  0.3277856      2.082    13.5935    308.274 -9.990e-29
      2.043     8.0897 204.000340     2.4164 1.6114e+03     0.6412    85.1884 3.7851e-01 1.7939e+03  0.3277856      2.083    13.5943    308.235 -9.990e-29
      2.044     8.0933 204.036245     2.4176 2.0989e+03     0.6412    85.1884 3.7485e-01 1.7939e+03  0.3282014      2.084    13.6035    308.256 -9.990e-29
      2.044     8.0939 204.048212     2.4176 2.2140e+03     0.6412    85.1884 3.7241e-01 1.7939e+03  0.3277856      2.084    13.6055    308.269 -9.990e-29
      2.042     8.0960 204.060179     2.4164 2.0812e+03     0.6400    85.2146 3.6874e-01 1.7939e+03  0.3282014      2.082    13.5995    308.267 -9.990e-29
      2.040     8.0984 204.072145     2.4164 1.8968e+03     0.6400    85.2146 3.6386e-01 1.7939e+03  0.3282014      2.080    13.5995    308.263 -9.990e-29
      2.040     8.0978 204.155927     2.4164 1.8599e+03     0.6400    85.2146 3.6386e-01 1.7939e+03  0.3282014      2.080    13.5995    308.395 -9.990e-29
      2.041     8.1035 204.191830     2.4176 1.9564e+03     0.6412    85.1884 3.6630e-01 1.7939e+03  0.3282014      2.081    13.6056    308.396 -9.990e-29
      2.042     8.1144 204.215760     2.4176 2.1770e+03     0.6412    85.1884 3.7363e-01 1.7939e+03  0.3286171      2.082    13.6013    308.331 -9.990e-29
      2.042     8.1248 204.191816     2.4164 2.2517e+03     0.6412    85.1884 3.7241e-01 1.7939e+03  0.3286171      2.082    13.5888    308.198 -9.990e-29
      2.040     8.1331 204.263623     2.4164 2.0407e+03     0.6412    85.1884 3.8584e-01 1.7939e+03  0.3286171      2.080    13.5865    308.229 -9.990e-29
      2.040     8.1378 204.335432     2.4176 1.3014e+03     0.6400    85.2146 3.9194e-01 1.7939e+03  0.3286171      2.080    13.5937    308.294 -9.990e-29
      2.041     8.1440 204.347398     2.4164 1.0901e+03     0.6400    85.2146 3.7973e-01 1.7939e+03  0.3286171      2.081    13.5836    308.254 -9.990e-29
      2.042     8.1518 204.299517     2.4164 1.0840e+03     0.6424    85.1623 3.6142e-01 1.7939e+03  0.3286171      2.082    13.5611    308.109 -9.990e-29
      2.044     8.1570 204.311483     2.4176 1.0901e+03     0.6437    85.1362 3.5043e-01 1.7939e+03  0.3286171      2.084    13.5676    308.079 -9.990e-29
      2.044     8.1578 204.359358     2.4176 1.0901e+03     0.6449    85.1100 3.4188e-01 1.7939e+03  0.3286171      2.084    13.5673    308.144 -9.990e-29
      2.044     8.1573 204.335420     2.4176 1.0994e+03     0.6449    85.1100 3.3578e-01 1.7939e+03  0.3286171      2.084    13.5674    308.112 -9.990e-29
      2.044     8.1567 204.407235     2.4176 1.4360e+03     0.6437    85.1362 3.3455e-01 1.7939e+03  0.3286171      2.084    13.5677    308.226 -9.990e-29
      2.043     8.1590 204.395264     2.4176 1.6714e+03     0.6449    85.1100 3.3211e-01 1.7939e+03  0.3286171      2.083    13.5668    308.187 -9.990e-29
      2.042     8.1598 204.383295     2.4176 1.6998e+03     0.6449    85.1100 3.2479e-01 1.7939e+03  0.3286171      2.082    13.5665    308.161 -9.990e-29
      2.042     8.1593 204.335418     2.4176 1.4522e+03     0.6449    85.1100 3.2234e-01 1.7939e+03  0.3286171      2.082    13.5667    308.094 -9.990e-29
      2.042     8.1569 204.323453     2.4176 1.2868e+03     0.6449    85.1100 3.1868e-01 1.7939e+03  0.3286171      2.082    13.5676    308.098 -9.990e-29
      2.042     8.1515 204.275579     2.4188 1.2653e+03     0.6437    85.1362 3.1868e-01 1.7939e+03  0.3286171      2.082    13.5779    308.076 -9.990e-29
      2.043     8.1497 204.347394     2.4176 1.2268e+03     0.6449    85.1100 3.2967e-01 1.7939e+03  0.3286171      2.083    13.5702    308.201 -9.990e-29
      2.043     8.1499 204.347394     2.4188 1.1761e+03     0.6449    85.1100 3.4432e-01 1.7939e+03  0.3286171      2.083    13.5785    308.199 -9.990e-29
      2.043     8.1502 204.311487     2.4188 1.1695e+03     0.6449    85.1100 3.5897e-01 1.7939e+03  0.3286171      2.083    13.5784    308.142 -9.990e-29
      2.043     8.1472 204.215738     2.4188 1.4239e+03     0.6437    85.1362 3.6386e-01 1.7939e+03  0.3286171      2.083    13.5795    308.026 -9.990e-29
      2.042     8.1460 204.239677     2.4188 1.8968e+03     0.6449    85.1100 3.5409e-01 1.7939e+03  0.3286171      2.082    13.5799    308.073 -9.990e-29
      2.042     8.1433 204.227709     2.4200 2.0350e+03     0.6449    85.1100 3.4066e-01 1.7939e+03  0.3286171      2.082    13.5892    308.080 -9.990e-29
      2.042     8.1408 204.251649     2.4188 2.0812e+03     0.6449    85.1100 3.4066e-01 1.7939e+03  0.3286171      2.082    13.5818    308.139 -9.990e-29
      2.043     8.1359 204.191808     2.4176 2.2016e+03     0.6437    85.1362 3.4066e-01 1.7939e+03  0.3286171      2.083    13.5752    308.095 -9.990e-29
      2.044     8.1328 204.203779     2.4176 2.2328e+03     0.6449    85.1100 3.4310e-01 1.7939e+03  0.3286171      2.084    13.5763    308.141 -9.990e-29
      2.044     8.1311 204.191811     2.4176 2.1286e+03     0.6449    85.1100 3.4799e-01 1.7939e+03  0.3298644      2.084    13.5769    308.139 -9.990e-29
      2.044     8.1303 204.120000     2.4176 1.7881e+03     0.6449    85.1100 3.4921e-01 1.7939e+03  0.3302802      2.084    13.5772    308.038 -9.990e-29
      2.043     8.1293 204.191813     2.4188 1.6808e+03     0.6449    85.1100 3.4310e-01 1.7939e+03  0.3302802      2.083    13.5859    308.156 -9.990e-29
      2.042     8.1320 204.227717     2.4188 1.6574e+03     0.6461    85.0839 3.3822e-01 1.7939e+03  0.3302802      2.082    13.5849    308.185 -9.990e-29
      2.041     8.1375 204.191806     2.4188 1.4811e+03     0.6461    85.0839 3.3822e-01 1.7939e+03  0.3294486      2.081    13.5830    308.080 -9.990e-29
