data/05_metadata_exports/SeabirdData/202305_SeabirdData/83394_stn27-day.cnv
* Sea-Bird SBE 9 Data File:
* FileName = C:\Users\rosette\Rosette Data\2023\Ontario CSMI\stn27-day.hex
* Software Version Seasave V 7.26.6.26
* Temperature SN = 5270
* Conductivity SN = 1168
* Number of Bytes Per Scan = 40
* Number of Voltage Words = 5
* Number of Scans Averaged by the Deck Unit = 1
* NMEA Latitude = 43 41.41 N
* NMEA Longitude = 078 49.75 W
* NMEA UTC (Time) = Oct 02 2003  17:35:39
* NMEA baud rate = 4800
** Ship: Lake Guardian
** Ontario CSMI LWFS
** Station:  stn27-day
# nquan = 14                                
# nvalues = 18321                       
# units = specified
# name 0 = prDM: Pressure, Digiquartz [db]
# name 1 = t090C: Temperature [ITS-90, deg C]
# name 2 = c0uS/cm: Conductivity [uS/cm]
# name 3 = sbeox0V: Oxygen raw, SBE 43 [V]
# name 4 = par: PAR/Irradiance, Biospherical/Licor
# name 5 = bat: Beam Attenuation, Chelsea/Seatech [1/m]
# name 6 = xmiss: Beam Transmission, Chelsea/Seatech [%]
# name 7 = flSP: Fluorescence, Seapoint
# name 8 = spar: SPAR, Biospherical/Licor
# name 9 = upoly0: Upoly 0, Suna Nitrate
# name 10 = depFM: Depth [fresh water, m], lat = 43.6902
# name 11 = sbeox0Mg/L: Oxygen, SBE 43 [mg/l], WS = 2
# name 12 = specc: Specific Conductance [uS/cm]
# name 13 = flag: flag
# span 0 =     -0.257,     98.768       
# span 1 =     4.0758,     9.4709       
# span 2 =  12.291524, 293.925493       
# span 3 =     1.9280,     2.4139       
# span 4 = 1.0000e-12, 5.4901e+03       
# span 5 =     0.0756,     1.3983       
# span 6 =    70.4981,    98.1275       
# span 7 = 1.9536e-02, 1.0623e+00       
# span 8 = 1.7840e+03, 1.8549e+03       
# span 9 =  0.0745862,  0.3884869       
# span 10 =     -0.262,    100.715      
# span 11 =    10.0972,    13.6295      
# span 12 =     18.174,    428.195      
# span 13 = 0.0000e+00, 0.0000e+00      
# interval = seconds: 0.0416667
# start_time = Oct 02 2003 17:35:39 [NMEA time, header]
# bad_flag = -9.990e-29
*END*
[from data line 11768]
     75.520     4.0962 183.609813     2.0696 1.0000e-12     0.0863    97.8661 4.6398e-02 1.8411e+03  0.3851608     77.009    12.6129    315.511 0.0000e+00
     75.500     4.0967 183.621754     2.0684 1.0000e-12     0.0863    97.8661 4.3956e-02 1.8411e+03  0.3851608     76.989    12.6052    315.526 0.0000e+00
     75.480     4.0969 183.609813     2.0684 1.0000e-12     0.0852    97.8922 4.3956e-02 1.8431e+03  0.3851608     76.968    12.6055    315.504 0.0000e+00
     75.459     4.0972 183.621752     2.0684 1.0000e-12     0.0852    97.8922 4.5177e-02 1.8431e+03  0.3851608     76.947    12.6072    315.521 0.0000e+00
     75.437     4.0975 183.609812     2.0684 1.0000e-12     0.0863    97.8661 4.3956e-02 1.8431e+03  0.3851608     76.924    12.6073    315.497 0.0000e+00
     75.415     4.0972 183.633692     2.0684 1.0000e-12     0.0852    97.8922 4.3956e-02 1.8431e+03  0.3851608     76.902    12.6075    315.542 0.0000e+00
     75.394     4.0972 183.645632     2.0708 1.0000e-12     0.0852    97.8922 4.6398e-02 1.8431e+03  0.3855766     76.880    12.6249    315.562 0.0000e+00
     75.372     4.0968 183.597870     2.0708 1.0000e-12     0.0852    97.8922 4.8840e-02 1.8431e+03  0.3855766     76.858    12.6235    315.484 0.0000e+00
     75.349     4.0972 183.573988     2.0696 1.0000e-12     0.0852    97.8922 4.8840e-02 1.8431e+03  0.3851608     76.835    12.6138    315.439 0.0000e+00
     75.327     4.0973 183.597868     2.0696 1.0000e-12     0.0863    97.8661 4.6398e-02 1.8431e+03  0.3851608     76.812    12.6151    315.479 0.0000e+00
     75.307     4.0973 183.645631     2.0708 1.0000e-12     0.0863    97.8661 4.5177e-02 1.8431e+03  0.3851608     76.792    12.6244    315.561 0.0000e+00
     75.286     4.0972 183.597868     2.0696 1.0000e-12     0.0863    97.8661 4.3956e-02 1.8431e+03  0.3851608     76.770    12.6132    315.480 0.0000e+00
     75.265     4.0972 183.597868     2.0696 1.0000e-12     0.0863    97.8661 4.2735e-02 1.8411e+03  0.3855766     76.749    12.6113    315.480 0.0000e+00
     75.244     4.0967 183.645629     2.0696 1.0000e-12     0.0863    97.8661 4.3956e-02 1.8411e+03  0.3851608     76.728    12.6110    315.567 0.0000e+00
     75.223     4.0959 183.669511     2.0696 1.0000e-12     0.0863    97.8661 4.3956e-02 1.8411e+03  0.3851608     76.706    12.6108    315.617 0.0000e+00
     75.202     4.0952 183.597868     2.0696 1.0000e-12     0.0863    97.8661 4.5177e-02 1.8411e+03  0.3855766     76.685    12.6103    315.502 0.0000e+00
     75.180     4.0949 183.550105     2.0696 1.0000e-12     0.0852    97.8922 4.5177e-02 1.8411e+03  0.3851608     76.662    12.6126    315.423 0.0000e+00
     75.159     4.0946 183.585927     2.0696 1.0000e-12     0.0863    97.8661 4.8840e-02 1.8411e+03  0.3851608     76.641    12.6134    315.488 0.0000e+00
     75.138     4.0952 183.645629     2.0696 1.0000e-12     0.0852    97.8922 9.7680e-02 1.8411e+03  0.3855766     76.619    12.6138    315.584 0.0000e+00
     75.116     4.0957 183.597866     2.0696 1.0000e-12     0.0852    97.8922 1.1477e-01 1.8411e+03  0.3859924     76.597    12.6142    315.496 0.0000e+00
     75.093     4.0966 183.645628     2.0696 1.0000e-12     0.0863    97.8661 9.4017e-02 1.8411e+03  0.3855766     76.574    12.6159    315.569 0.0000e+00
     75.070     4.0967 183.621745     2.0696 1.0000e-12     0.0863    97.8661 7.4481e-02 1.8431e+03  0.3855766     76.550    12.6179    315.526 0.0000e+00
     75.048     4.0972 183.621745     2.0696 1.0000e-12     0.0863    97.8661 6.4713e-02 1.8431e+03  0.3851608     76.528    12.6182    315.521 0.0000e+00
     75.027     4.0973 183.597863     2.0696 1.0000e-12     0.0863    97.8661 5.8608e-02 1.8431e+03  0.3851608     76.506    12.6186    315.479 0.0000e+00
     75.007     4.0975 183.550102     2.0708 1.0000e-12     0.0863    97.8661 5.3724e-02 1.8431e+03  0.3851608     76.486    12.6284    315.395 0.0000e+00
     74.985     4.0968 183.633685     2.0708 1.0000e-12     0.0863    97.8661 5.1282e-02 1.8431e+03  0.3851608     76.463    12.6290    315.546 0.0000e+00
     74.963     4.0967 183.597862     2.0708 1.0000e-12     0.0863    97.8661 5.0061e-02 1.8451e+03  0.3851608     76.441    12.6278    315.485 0.0000e+00
     74.942     4.0963 183.597862     2.0708 1.0000e-12     0.0852    97.8922 4.8840e-02 1.8451e+03  0.3851608     76.420    12.6266    315.490 0.0000e+00
     74.922     4.0959 183.645625     2.0708 1.0000e-12     0.0863    97.8661 4.8840e-02 1.8451e+03  0.3851608     76.399    12.6252    315.576 0.0000e+00
     74.901     4.0962 183.621742     2.0708 1.0000e-12     0.0863    97.8661 4.7619e-02 1.8451e+03  0.3851608     76.378    12.6250    315.532 0.0000e+00
     74.880     4.0967 183.645625     2.0696 1.0000e-12     0.0863    97.8661 4.6398e-02 1.8451e+03  0.3851608     76.356    12.6135    315.567 0.0000e+00
     74.858     4.0965 183.633682     2.0696 1.0000e-12     0.0863    97.8661 4.5177e-02 1.8451e+03  0.3851608     76.334    12.6147    315.549 0.0000e+00
     74.836     4.0966 183.609801     2.0696 1.0000e-12     0.0863    97.8661 4.8840e-02 1.8451e+03  0.3851608     76.311    12.6158    315.507 0.0000e+00
     74.815     4.0962 183.562039     2.0708 1.0000e-12     0.0863    97.8661 5.3724e-02 1.8470e+03  0.3851608     76.290    12.6250    315.429 0.0000e+00
     74.794     4.0957 183.657564     2.0708 1.0000e-12     0.0863    97.8661 5.4945e-02 1.8470e+03  0.3855766     76.269    12.6262    315.599 0.0000e+00
     74.772     4.0961 183.669503     2.0696 1.0000e-12     0.0852    97.8922 5.6166e-02 1.8470e+03  0.3855766     76.246    12.6175    315.615 0.0000e+00
     74.750     4.0965 183.633681     2.0696 1.0000e-12     0.0863    97.8661 5.6166e-02 1.8470e+03  0.3851608     76.224    12.6168    315.549 0.0000e+00
     74.727     4.0970 183.657561     2.0708 1.0000e-12     0.0863    97.8661 5.8608e-02 1.8451e+03  0.3851608     76.200    12.6254    315.585 0.0000e+00
     74.706     4.0975 183.597858     2.0708 1.0000e-12     0.0863    97.8661 5.9829e-02 1.8451e+03  0.3851608     76.179    12.6260    315.477 0.0000e+00
     74.684     4.0977 183.597858     2.0708 1.0000e-12     0.0863    97.8661 5.9829e-02 1.8451e+03  0.3851608     76.156    12.6265    315.475 0.0000e+00
     74.662     4.0973 183.609797     2.0708 1.0000e-12     0.0852    97.8922 5.6166e-02 1.8451e+03  0.3855766     76.134    12.6257    315.499 0.0000e+00
     74.640     4.0973 183.585916     2.0708 1.0000e-12     0.0863    97.8661 5.1282e-02 1.8451e+03  0.3855766     76.112    12.6247    315.458 0.0000e+00
     74.619     4.0967 183.669500     2.0708 1.0000e-12     0.0852    97.8922 4.8840e-02 1.8451e+03  0.3851608     76.090    12.6239    315.608 0.0000e+00
     74.598     4.0970 183.633679     2.0708 1.0000e-12     0.0852    97.8922 4.7619e-02 1.8451e+03  0.3851608     76.069    12.6227    315.544 0.0000e+00
     74.576     4.0977 183.645617     2.0708 1.0000e-12     0.0852    97.8922 4.6398e-02 1.8451e+03  0.3855766     76.046    12.6227    315.557 0.0000e+00
     74.554     4.0983 183.669499     2.0708 1.0000e-12     0.0852    97.8922 4.7619e-02 1.8451e+03  0.3855766     76.024    12.6226    315.591 0.0000e+00
     74.531     4.0984 183.669497     2.0708 1.0000e-12     0.0852    97.8922 4.7619e-02 1.8451e+03  0.3851608     76.000    12.6226    315.590 0.0000e+00
     74.508     4.0970 183.645616     2.0708 1.0000e-12     0.0863    97.8661 4.7619e-02 1.8451e+03  0.3851608     75.977    12.6230    315.564 0.0000e+00
     74.487     4.0967 183.609795     2.0708 1.0000e-12     0.0863    97.8661 4.7619e-02 1.8451e+03  0.3851608     75.956    12.6229    315.506 0.0000e+00
     74.467     4.0973 183.645616     2.0708 1.0000e-12     0.0863    97.8661 4.7619e-02 1.8451e+03  0.3847451     75.935    12.6238    315.561 0.0000e+00
     74.447     4.0980 183.621735     2.0708 1.0000e-12     0.0852    97.8922 4.8840e-02 1.8451e+03  0.3847451     75.915    12.6247    315.512 0.0000e+00
     74.426     4.0977 183.585912     2.0708 1.0000e-12     0.0863    97.8661 4.7619e-02 1.8451e+03  0.3847451     75.893    12.6244    315.454 0.0000e+00
     74.404     4.0967 183.645615     2.0708 1.0000e-12     0.0874    97.8399 4.6398e-02 1.8451e+03  0.3851608     75.871    12.6244    315.567 0.0000e+00
     74.383     4.0959 183.621734     2.0720 1.0000e-12     0.0874    97.8399 4.6398e-02 1.8451e+03  0.3851608     75.850    12.6337    315.535 0.0000e+00
     74.362     4.0967 183.645615     2.0708 1.0000e-12     0.0874    97.8399 4.8840e-02 1.8451e+03  0.3847451     75.828    12.6236    315.567 0.0000e+00
     74.341     4.0972 183.597852     2.0708 1.0000e-12     0.0874    97.8399 5.2503e-02 1.8451e+03  0.3851608     75.807    12.6215    315.480 0.0000e+00
     74.319     4.0973 183.597851     2.0708 1.0000e-12     0.0874    97.8399 5.4945e-02 1.8431e+03  0.3847451     75.784    12.6209    315.479 0.0000e+00
     74.298     4.0968 183.633673     2.0708 1.0000e-12     0.0874    97.8399 6.4713e-02 1.8431e+03  0.3847451     75.763    12.6190    315.546 0.0000e+00
     74.277     4.0972 183.645613     2.0720 1.0000e-12     0.0874    97.8399 8.0586e-02 1.8431e+03  0.3851608     75.741    12.6291    315.562 0.0000e+00
     74.255     4.0967 183.633672     2.0708 1.0000e-12     0.0863    97.8661 7.4481e-02 1.8431e+03  0.3851608     75.719    12.6206    315.547 0.0000e+00
     74.233     4.0962 183.633672     2.0708 1.0000e-12     0.0874    97.8399 6.3492e-02 1.8431e+03  0.3851608     75.697    12.6200    315.552 0.0000e+00
     74.211     4.0961 183.597850     2.0708 1.0000e-12     0.0874    97.8399 5.6166e-02 1.8451e+03  0.3851608     75.674    12.6191    315.492 0.0000e+00
     74.189     4.0959 183.597850     2.0720 1.0000e-12     0.0863    97.8661 5.6166e-02 1.8451e+03  0.3851608     75.652    12.6291    315.494 0.0000e+00
     74.168     4.0956 183.645612     2.0720 1.0000e-12     0.0863    97.8661 5.4945e-02 1.8451e+03  0.3851608     75.630    12.6296    315.579 0.0000e+00
     74.146     4.0952 183.597849     2.0708 1.0000e-12     0.0863    97.8661 5.1282e-02 1.8451e+03  0.3851608     75.608    12.6206    315.502 0.0000e+00
     74.124     4.0954 183.573968     2.0708 1.0000e-12     0.0863    97.8661 4.8840e-02 1.8451e+03  0.3851608     75.585    12.6208    315.458 0.0000e+00
     74.103     4.0957 183.597848     2.0708 1.0000e-12     0.0863    97.8661 4.5177e-02 1.8451e+03  0.3851608     75.564    12.6209    315.496 0.0000e+00
     74.082     4.0961 183.633670     2.0708 1.0000e-12     0.0874    97.8399 4.6398e-02 1.8451e+03  0.3851608     75.543    12.6194    315.553 0.0000e+00
     74.060     4.0962 183.681430     2.0720 1.0000e-12     0.0874    97.8399 5.9829e-02 1.8451e+03  0.3851608     75.520    12.6275    315.634 0.0000e+00
     74.039     4.0946 183.633670     2.0720 1.0000e-12     0.0874    97.8399 6.5934e-02 1.8451e+03  0.3851608     75.499    12.6268    315.570 0.0000e+00
     74.018     4.0945 183.585907     2.0720 1.0000e-12     0.0874    97.8399 6.2271e-02 1.8451e+03  0.3851608     75.477    12.6256    315.489 0.0000e+00
     73.997     4.0940 183.585907     2.0720 1.0000e-12     0.0863    97.8661 5.9829e-02 1.8451e+03  0.3851608     75.456    12.6244    315.494 0.0000e+00
     73.975     4.0937 183.597847     2.0720 1.0000e-12     0.0863    97.8661 5.9829e-02 1.8451e+03  0.3851608     75.433    12.6232    315.518 0.0000e+00
     73.953     4.0929 183.621729     2.0720 1.0000e-12     0.0863    97.8661 6.1050e-02 1.8451e+03  0.3851608     75.411    12.6237    315.568 0.0000e+00
     73.933     4.0931 183.609787     2.0720 1.0000e-12     0.0874    97.8399 6.1050e-02 1.8451e+03  0.3851608     75.391    12.6237    315.545 0.0000e+00
     73.912     4.0941 183.633668     2.0708 1.0000e-12     0.0863    97.8661 5.8608e-02 1.8451e+03  0.3851608     75.369    12.6139    315.575 0.0000e+00
     73.891     4.0941 183.609786     2.0708 1.0000e-12     0.0863    97.8661 5.3724e-02 1.8451e+03  0.3851608     75.348    12.6139    315.534 0.0000e+00
     73.868     4.0945 183.562023     2.0708 1.0000e-12     0.0863    97.8661 5.0061e-02 1.8451e+03  0.3851608     75.324    12.6136    315.448 0.0000e+00
     73.847     4.0952 183.621725     2.0708 1.0000e-12     0.0863    97.8661 4.6398e-02 1.8451e+03  0.3851608     75.303    12.6147    315.543 0.0000e+00
     73.826     4.0959 183.609784     2.0708 1.0000e-12     0.0852    97.8922 4.3956e-02 1.8451e+03  0.3851608     75.282    12.6143    315.515 0.0000e+00
     73.805     4.0961 183.609783     2.0720 1.0000e-12     0.0852    97.8922 4.2735e-02 1.8451e+03  0.3855766     75.260    12.6235    315.512 0.0000e+00
     73.784     4.0959 183.609783     2.0708 1.0000e-12     0.0852    97.8922 4.2735e-02 1.8451e+03  0.3851608     75.239    12.6154    315.515 0.0000e+00
     73.763     4.0952 183.609784     2.0720 1.0000e-12     0.0863    97.8661 4.2735e-02 1.8451e+03  0.3851608     75.217    12.6247    315.522 0.0000e+00
     73.743     4.0957 183.633662     2.0720 1.0000e-12     0.0863    97.8661 4.3956e-02 1.8451e+03  0.3851608     75.197    12.6255    315.558 0.0000e+00
     73.724     4.0955 183.609783     2.0720 1.0000e-12     0.0863    97.8661 4.5177e-02 1.8451e+03  0.3851608     75.178    12.6252    315.519 0.0000e+00
     73.703     4.0952 183.609783     2.0720 1.0000e-12     0.0863    97.8661 4.8840e-02 1.8451e+03  0.3851608     75.156    12.6248    315.522 0.0000e+00
     73.681     4.0956 183.645603     2.0720 1.0000e-12     0.0863    97.8661 5.8608e-02 1.8451e+03  0.3855766     75.134    12.6240    315.579 0.0000e+00
     73.659     4.0964 183.633662     2.0720 1.0000e-12     0.0863    97.8661 6.2271e-02 1.8451e+03  0.3851608     75.111    12.6246    315.550 0.0000e+00
     73.638     4.0977 183.657541     2.0720 1.0000e-12     0.0863    97.8661 5.8608e-02 1.8451e+03  0.3851608     75.090    12.6265    315.577 0.0000e+00
     73.615     4.0984 183.669482     2.0720 1.0000e-12     0.0863    97.8661 5.4945e-02 1.8431e+03  0.3855766     75.066    12.6271    315.590 0.0000e+00
     73.592     4.0990 183.669480     2.0720 1.0000e-12     0.0863    97.8661 5.6166e-02 1.8431e+03  0.3855766     75.043    12.6261    315.583 0.0000e+00
     73.571     4.0989 183.669480     2.0708 1.0000e-12     0.0874    97.8399 5.6166e-02 1.8431e+03  0.3851608     75.022    12.6173    315.585 0.0000e+00
     73.550     4.0995 183.621717     2.0708 1.0000e-12     0.0884    97.8138 5.2503e-02 1.8431e+03  0.3855766     75.000    12.6177    315.496 0.0000e+00
     73.529     4.0992 183.609777     2.0708 1.0000e-12     0.0863    97.8661 5.1282e-02 1.8431e+03  0.3855766     74.979    12.6197    315.479 0.0000e+00
     73.507     4.0995 183.645598     2.0708 1.0000e-12     0.0884    97.8138 5.1282e-02 1.8431e+03  0.3851608     74.956    12.6215    315.537 0.0000e+00
     73.485     4.0998 183.693360     2.0708 1.0000e-12     0.0874    97.8399 5.0061e-02 1.8431e+03  0.3851608     74.934    12.6232    315.616 0.0000e+00
     73.464     4.1006 183.669477     2.0708 1.0000e-12     0.0863    97.8661 4.8840e-02 1.8431e+03  0.3855766     74.912    12.6246    315.566 0.0000e+00
     73.443     4.1003 183.669477     2.0720 1.0000e-12     0.0884    97.8138 5.0061e-02 1.8431e+03  0.3851608     74.891    12.6358    315.569 0.0000e+00
     73.422     4.0997 183.645596     2.0720 1.0000e-12     0.0884    97.8138 5.0061e-02 1.8431e+03  0.3855766     74.870    12.6361    315.535 0.0000e+00
     73.401     4.0997 183.657536     2.0720 1.0000e-12     0.0884    97.8138 5.0061e-02 1.8431e+03  0.3855766     74.848    12.6361    315.555 0.0000e+00
     73.380     4.0997 183.645595     2.0720 1.0000e-12     0.0874    97.8399 5.0061e-02 1.8431e+03  0.3851608     74.827    12.6347    315.535 0.0000e+00
     73.359     4.0995 183.633655     2.0720 1.0000e-12     0.0884    97.8138 5.0061e-02 1.8431e+03  0.3847451     74.805    12.6332    315.516 0.0000e+00
