data/05_metadata_exports/SeabirdData/202305_SeabirdData/83394_stn27-day.cnv
* Sea-Bird SBE 9 Data File:
* FileName = C:\Users\rosette\Rosette Data\2023\Ontario CSMI\stn27-day.hex
* Software Version Seasave V 7.26.6.26
* Temperature SN = 5270
* Conductivity SN = 1168
* Number of Bytes Per Scan = 40
* Number of Voltage Words = 5
* Number of Scans Averaged by the Deck Unit = 1
* NMEA Latitude = 43 41.41 N
* NMEA Longitude = 078 49.75 W
* NMEA UTC (Time) = Oct 02 2003  17:35:39
* NMEA baud rate = 4800
** Ship: Lake Guardian
** Ontario CSMI LWFS
** Station:  stn27-day
# nquan = 14                                
# nvalues = 18321                       
# units = specified
# name 0 = prDM: Pressure, Digiquartz [db]
# name 1 = t090C: Temperature [ITS-90, deg C]
# name 2 = c0uS/cm: Conductivity [uS/cm]
# name 3 = sbeox0V: Oxygen raw, SBE 43 [V]
# name 4 = par: PAR/Irradiance, Biospherical/Licor
# name 5 = bat: Beam Attenuation, Chelsea/Seatech [1/m]
# name 6 = xmiss: Beam Transmission, Chelsea/Seatech [%]
# name 7 = flSP: Fluorescence, Seapoint
# name 8 = spar: SPAR, Biospherical/Licor
# name 9 = upoly0: Upoly 0, Suna Nitrate
# name 10 = depFM: Depth [fresh water, m], lat = 43.6902
# name 11 = sbeox0Mg/L: Oxygen, SBE 43 [mg/l], WS = 2
# name 12 = specc: Specific Conductance [uS/cm]
# name 13 = flag: flag
# span 0 =     -0.257,     98.768       
# span 1 =     4.0758,     9.4709       
# span 2 =  12.291524, 293.925493       
# span 3 =     1.9280,     2.4139       
# span 4 = 1.0000e-12, 5.4901e+03       
# span 5 =     0.0756,     1.3983       
# span 6 =    70.4981,    98.1275       
# span 7 = 1.9536e-02, 1.0623e+00       
# span 8 = 1.7840e+03, 1.8549e+03       
# span 9 =  0.0745862,  0.3884869       
# span 10 =     -0.262,    100.715      
# span 11 =    10.0972,    13.6295      
# span 12 =     18.174,    428.195      
# span 13 = 0.0000e+00, 0.0000e+00      
# interval = seconds: 0.0416667
# start_time = Oct 02 2003 17:35:39 [NMEA time, header]
# bad_flag = -9.990e-29
*END*
[from data line 13730]
     33.834     4.5503 185.806136     2.1282 4.7168e+00     0.1858    95.4612 2.9426e-01 1.8332e+03  0.3726880     34.501    12.8407    314.378 0.0000e+00
     33.812     4.5503 185.818079     2.1282 4.7440e+00     0.1847    95.4874 2.8694e-01 1.8332e+03  0.3726880     34.479    12.8401    314.398 0.0000e+00
     33.791     4.5505 185.830022     2.1282 4.7440e+00     0.1847    95.4874 2.8816e-01 1.8313e+03  0.3731037     34.457    12.8407    314.416 0.0000e+00
     33.770     4.5508 185.794192     2.1282 4.7440e+00     0.1847    95.4874 2.9304e-01 1.8313e+03  0.3731037     34.436    12.8413    314.352 0.0000e+00
     33.749     4.5506 185.770304     2.1294 4.7713e+00     0.1858    95.4612 2.9548e-01 1.8313e+03  0.3731037     34.414    12.8498    314.314 0.0000e+00
     33.728     4.5505 185.806133     2.1294 4.7851e+00     0.1858    95.4612 2.9182e-01 1.8313e+03  0.3731037     34.393    12.8489    314.376 0.0000e+00
     33.707     4.5506 185.746418     2.1294 4.7851e+00     0.1858    95.4612 2.8816e-01 1.8313e+03  0.3731037     34.372    12.8492    314.274 0.0000e+00
     33.685     4.5505 185.758359     2.1294 4.8265e+00     0.1858    95.4612 2.8083e-01 1.8313e+03  0.3731037     34.349    12.8496    314.295 0.0000e+00
     33.663     4.5506 185.782246     2.1294 4.8404e+00     0.1869    95.4351 2.6984e-01 1.8313e+03  0.3731037     34.327    12.8512    314.334 0.0000e+00
     33.641     4.5508 185.794189     2.1294 4.8404e+00     0.1880    95.4089 2.6252e-01 1.8313e+03  0.3731037     34.304    12.8526    314.352 0.0000e+00
     33.619     4.5509 185.770302     2.1294 4.8683e+00     0.1880    95.4089 2.6129e-01 1.8313e+03  0.3731037     34.282    12.8525    314.311 0.0000e+00
     33.597     4.5508 185.758357     2.1282 4.8823e+00     0.1880    95.4089 2.6007e-01 1.8313e+03  0.3731037     34.259    12.8431    314.292 0.0000e+00
     33.576     4.5511 185.782245     2.1294 4.8823e+00     0.1869    95.4351 2.6984e-01 1.8332e+03  0.3731037     34.238    12.8533    314.329 0.0000e+00
     33.554     4.5505 185.770301     2.1294 4.8964e+00     0.1880    95.4089 2.8327e-01 1.8313e+03  0.3731037     34.216    12.8531    314.315 0.0000e+00
     33.532     4.5506 185.770300     2.1282 4.9104e+00     0.1869    95.4351 2.9670e-01 1.8313e+03  0.3731037     34.193    12.8418    314.314 0.0000e+00
     33.510     4.5503 185.782243     2.1282 4.9104e+00     0.1869    95.4351 3.0403e-01 1.8313e+03  0.3731037     34.171    12.8413    314.338 0.0000e+00
     33.487     4.5498 185.782243     2.1282 4.9246e+00     0.1869    95.4351 2.9304e-01 1.8313e+03  0.3731037     34.147    12.8408    314.343 0.0000e+00
     33.466     4.5497 185.746412     2.1282 4.9529e+00     0.1880    95.4089 2.8327e-01 1.8313e+03  0.3731037     34.126    12.8402    314.283 0.0000e+00
     33.444     4.5495 185.734470     2.1294 4.9672e+00     0.1880    95.4089 2.7717e-01 1.8313e+03  0.3731037     34.103    12.8473    314.265 0.0000e+00
     33.422     4.5495 185.758355     2.1294 4.9672e+00     0.1880    95.4089 2.6740e-01 1.8313e+03  0.3731037     34.081    12.8478    314.306 0.0000e+00
     33.400     4.5495 185.782242     2.1294 4.9958e+00     0.1880    95.4089 2.5885e-01 1.8313e+03  0.3731037     34.059    12.8467    314.346 0.0000e+00
     33.377     4.5495 185.758355     2.1294 5.0102e+00     0.1880    95.4089 2.5885e-01 1.8313e+03  0.3731037     34.035    12.8457    314.306 0.0000e+00
     33.354     4.5502 185.782240     2.1294 5.0102e+00     0.1869    95.4351 2.6252e-01 1.8313e+03  0.3731037     34.012    12.8457    314.339 0.0000e+00
     33.332     4.5509 185.746410     2.1294 5.0390e+00     0.1869    95.4351 2.6862e-01 1.8313e+03  0.3735195     33.989    12.8455    314.271 0.0000e+00
     33.310     4.5516 185.758351     2.1294 5.0535e+00     0.1880    95.4089 2.7595e-01 1.8313e+03  0.3743510     33.967    12.8453    314.283 0.0000e+00
     33.288     4.5521 185.770296     2.1294 5.0535e+00     0.1869    95.4351 2.8205e-01 1.8313e+03  0.3747668     33.944    12.8450    314.298 0.0000e+00
     33.265     4.5522 185.734464     2.1294 5.0826e+00     0.1869    95.4351 2.8938e-01 1.8313e+03  0.3747668     33.921    12.8448    314.236 0.0000e+00
     33.243     4.5527 185.794180     2.1294 5.1119e+00     0.1880    95.4089 3.0159e-01 1.8313e+03  0.3747668     33.898    12.8443    314.332 0.0000e+00
     33.222     4.5528 185.782237     2.1294 5.1119e+00     0.1880    95.4089 2.9915e-01 1.8313e+03  0.3747668     33.877    12.8438    314.311 0.0000e+00
     33.201     4.5531 185.770292     2.1294 5.1413e+00     0.1880    95.4089 2.8816e-01 1.8313e+03  0.3747668     33.856    12.8446    314.288 0.0000e+00
     33.180     4.5531 185.770293     2.1294 5.1561e+00     0.1858    95.4612 2.8816e-01 1.8313e+03  0.3747668     33.834    12.8469    314.288 0.0000e+00
     33.160     4.5534 185.782235     2.1294 5.1561e+00     0.1880    95.4089 2.9426e-01 1.8313e+03  0.3747668     33.814    12.8475    314.305 0.0000e+00
     33.140     4.5536 185.734461     2.1306 5.1858e+00     0.1869    95.4351 3.0769e-01 1.8313e+03  0.3747668     33.793    12.8573    314.222 0.0000e+00
     33.118     4.5535 185.794179     2.1306 5.2007e+00     0.1869    95.4351 3.0891e-01 1.8313e+03  0.3747668     33.771    12.8580    314.324 0.0000e+00
     33.096     4.5538 185.782234     2.1306 5.2007e+00     0.1869    95.4351 2.9915e-01 1.8313e+03  0.3747668     33.749    12.8584    314.300 0.0000e+00
     33.073     4.5538 185.770290     2.1306 5.2306e+00     0.1869    95.4351 2.9915e-01 1.8313e+03  0.3747668     33.725    12.8589    314.280 0.0000e+00
     33.049     4.5540 185.782233     2.1306 5.2456e+00     0.1869    95.4351 3.1380e-01 1.8313e+03  0.3747668     33.701    12.8593    314.298 0.0000e+00
     33.026     4.5543 185.806120     2.1294 5.2456e+00     0.1869    95.4351 3.2479e-01 1.8313e+03  0.3747668     33.677    12.8501    314.335 0.0000e+00
     33.004     4.5545 185.865836     2.1294 5.2758e+00     0.1869    95.4351 3.4432e-01 1.8313e+03  0.3747668     33.655    12.8502    314.434 0.0000e+00
     32.982     4.5546 185.746401     2.1294 5.3062e+00     0.1869    95.4351 3.4310e-01 1.8313e+03  0.3747668     33.632    12.8504    314.231 0.0000e+00
     32.960     4.5549 185.794175     2.1294 5.3214e+00     0.1869    95.4351 3.2234e-01 1.8313e+03  0.3747668     33.610    12.8503    314.309 0.0000e+00
     32.938     4.5546 185.758343     2.1294 5.3214e+00     0.1869    95.4351 3.1624e-01 1.8332e+03  0.3747668     33.587    12.8487    314.251 0.0000e+00
     32.917     4.5551 185.806117     2.1294 5.3520e+00     0.1869    95.4351 3.1990e-01 1.8313e+03  0.3747668     33.566    12.8467    314.327 0.0000e+00
     32.896     4.5552 185.818061     2.1306 5.3674e+00     0.1869    95.4351 3.1380e-01 1.8313e+03  0.3747668     33.545    12.8555    314.346 0.0000e+00
     32.874     4.5551 185.794172     2.1294 5.3828e+00     0.1869    95.4351 3.0647e-01 1.8313e+03  0.3747668     33.522    12.8458    314.307 0.0000e+00
     32.852     4.5552 185.794173     2.1294 5.3983e+00     0.1858    95.4612 3.1258e-01 1.8313e+03  0.3747668     33.500    12.8452    314.306 0.0000e+00
     32.830     4.5554 185.770284     2.1306 5.4138e+00     0.1869    95.4351 3.3211e-01 1.8313e+03  0.3747668     33.477    12.8537    314.263 0.0000e+00
     32.809     4.5552 185.806116     2.1306 5.4293e+00     0.1869    95.4351 3.4188e-01 1.8313e+03  0.3747668     33.456    12.8531    314.326 0.0000e+00
     32.787     4.5552 185.794170     2.1306 5.4449e+00     0.1880    95.4089 3.3089e-01 1.8313e+03  0.3747668     33.433    12.8524    314.306 0.0000e+00
     32.765     4.5552 185.818058     2.1306 5.4605e+00     0.1902    95.3567 3.1624e-01 1.8313e+03  0.3751825     33.411    12.8516    314.346 0.0000e+00
     32.744     4.5555 185.782226     2.1306 5.4605e+00     0.1913    95.3305 3.1258e-01 1.8313e+03  0.3747668     33.390    12.8506    314.282 0.0000e+00
     32.724     4.5555 185.782226     2.1306 5.4919e+00     0.1913    95.3305 3.2234e-01 1.8313e+03  0.3743510     33.369    12.8512    314.282 0.0000e+00
     32.704     4.5557 185.746395     2.1306 5.5077e+00     0.1913    95.3305 3.7973e-01 1.8313e+03  0.3739352     33.349    12.8501    314.219 0.0000e+00
     32.683     4.5560 185.770283     2.1306 5.5077e+00     0.1902    95.3567 5.6166e-01 1.8313e+03  0.3739352     33.327    12.8488    314.257 0.0000e+00
     32.661     4.5560 185.853886     2.1319 5.5394e+00     0.1913    95.3305 7.0085e-01 1.8313e+03  0.3739352     33.305    12.8577    314.398 0.0000e+00
     32.639     4.5564 185.853885     2.1306 5.5553e+00     0.1902    95.3567 6.3858e-01 1.8313e+03  0.3739352     33.283    12.8463    314.394 0.0000e+00
     32.617     4.5565 185.782224     2.1306 5.5553e+00     0.1913    95.3305 5.1404e-01 1.8313e+03  0.3739352     33.260    12.8450    314.272 0.0000e+00
     32.596     4.5566 185.782223     2.1306 5.5712e+00     0.1902    95.3567 4.3101e-01 1.8313e+03  0.3743510     33.239    12.8451    314.271 0.0000e+00
     32.576     4.5567 185.770280     2.1306 5.5872e+00     0.1913    95.3305 4.0659e-01 1.8313e+03  0.3743510     33.218    12.8452    314.249 0.0000e+00
     32.555     4.5565 185.806110     2.1306 5.6032e+00     0.1913    95.3305 4.2369e-01 1.8313e+03  0.3743510     33.197    12.8454    314.312 0.0000e+00
     32.534     4.5564 185.841940     2.1319 5.6193e+00     0.1913    95.3305 5.3236e-01 1.8313e+03  0.3743510     33.175    12.8556    314.374 0.0000e+00
     32.514     4.5560 185.806109     2.1306 5.6516e+00     0.1913    95.3305 6.7888e-01 1.8313e+03  0.3743510     33.155    12.8458    314.317 0.0000e+00
     32.492     4.5560 185.818053     2.1306 5.6516e+00     0.1913    95.3305 7.4115e-01 1.8313e+03  0.3743510     33.133    12.8444    314.337 0.0000e+00
     32.470     4.5562 185.758334     2.1319 5.6678e+00     0.1913    95.3305 7.2161e-01 1.8313e+03  0.3743510     33.110    12.8530    314.234 0.0000e+00
     32.448     4.5564 185.770278     2.1319 5.7004e+00     0.1902    95.3567 6.5934e-01 1.8313e+03  0.3743510     33.088    12.8530    314.252 0.0000e+00
     32.426     4.5565 185.782220     2.1306 5.7004e+00     0.1913    95.3305 5.7631e-01 1.8313e+03  0.3743510     33.065    12.8429    314.272 0.0000e+00
     32.404     4.5568 185.794163     2.1306 5.7167e+00     0.1902    95.3567 4.9817e-01 1.8313e+03  0.3743510     33.043    12.8426    314.289 0.0000e+00
     32.383     4.5571 185.818050     2.1306 5.7331e+00     0.1913    95.3305 4.4322e-01 1.8313e+03  0.3739352     33.021    12.8421    314.326 0.0000e+00
     32.362     4.5573 185.782219     2.1306 5.7496e+00     0.1902    95.3567 4.0293e-01 1.8313e+03  0.3743510     33.000    12.8416    314.263 0.0000e+00
     32.340     4.5573 185.734444     2.1306 5.7661e+00     0.1891    95.3828 3.9072e-01 1.8313e+03  0.3743510     32.978    12.8397    314.182 0.0000e+00
     32.319     4.5578 185.806105     2.1306 5.7992e+00     0.1891    95.3828 5.1404e-01 1.8313e+03  0.3743510     32.956    12.8375    314.298 0.0000e+00
     32.297     4.5579 185.841935     2.1306 5.8158e+00     0.1880    95.4089 6.5568e-01 1.8313e+03  0.3743510     32.934    12.8369    314.358 0.0000e+00
     32.275     4.5583 185.829991     2.1306 5.8158e+00     0.1902    95.3567 6.3492e-01 1.8313e+03  0.3743510     32.911    12.8361    314.333 0.0000e+00
     32.254     4.5579 185.794160     2.1306 5.8492e+00     0.1902    95.3567 5.3236e-01 1.8313e+03  0.3743510     32.890    12.8357    314.277 0.0000e+00
     32.233     4.5583 185.770272     2.1306 5.8492e+00     0.1891    95.3828 4.4933e-01 1.8313e+03  0.3743510     32.869    12.8349    314.232 0.0000e+00
     32.213     4.5584 185.758329     2.1319 5.8660e+00     0.1891    95.3828 3.9927e-01 1.8313e+03  0.3743510     32.848    12.8443    314.211 0.0000e+00
     32.191     4.5576 185.829990     2.1306 5.8997e+00     0.1891    95.3828 3.7485e-01 1.8313e+03  0.3743510     32.826    12.8340    314.341 0.0000e+00
     32.168     4.5574 185.829988     2.1306 5.9166e+00     0.1891    95.3828 3.5653e-01 1.8313e+03  0.3735195     32.802    12.8350    314.343 0.0000e+00
     32.146     4.5568 185.758329     2.1306 5.9166e+00     0.1891    95.3828 3.3944e-01 1.8313e+03  0.3735195     32.780    12.8360    314.228 0.0000e+00
     32.124     4.5572 185.806102     2.1306 5.9505e+00     0.1891    95.3828 3.2967e-01 1.8313e+03  0.3735195     32.757    12.8382    314.305 0.0000e+00
     32.102     4.5568 185.794158     2.1306 5.9676e+00     0.1891    95.3828 3.2234e-01 1.8313e+03  0.3735195     32.735    12.8376    314.289 0.0000e+00
     32.081     4.5568 185.806101     2.1306 5.9676e+00     0.1891    95.3828 3.1990e-01 1.8313e+03  0.3735195     32.714    12.8369    314.309 0.0000e+00
     32.059     4.5571 185.794157     2.1306 5.9847e+00     0.1891    95.3828 3.2357e-01 1.8313e+03  0.3735195     32.691    12.8361    314.285 0.0000e+00
     32.038     4.5570 185.770270     2.1306 6.0190e+00     0.1880    95.4089 3.3333e-01 1.8293e+03  0.3735195     32.670    12.8369    314.246 0.0000e+00
     32.016     4.5574 185.782212     2.1306 6.0190e+00     0.1891    95.3828 3.3822e-01 1.8293e+03  0.3735195     32.647    12.8375    314.262 0.0000e+00
     31.994     4.5573 185.746382     2.1306 6.0536e+00     0.1891    95.3828 3.2357e-01 1.8293e+03  0.3735195     32.625    12.8397    314.202 0.0000e+00
     31.972     4.5576 185.853873     2.1306 6.0709e+00     0.1891    95.3828 3.1868e-01 1.8293e+03  0.3735195     32.602    12.8387    314.381 0.0000e+00
     31.950     4.5578 185.770267     2.1306 6.0883e+00     0.1891    95.3828 3.1380e-01 1.8293e+03  0.3735195     32.580    12.8378    314.238 0.0000e+00
     31.928     4.5579 185.818041     2.1319 6.1058e+00     0.1891    95.3828 3.0891e-01 1.8293e+03  0.3735195     32.557    12.8500    314.317 0.0000e+00
     31.907     4.5583 185.829985     2.1319 6.1233e+00     0.1902    95.3567 3.1624e-01 1.8293e+03  0.3735195     32.536    12.8521    314.333 0.0000e+00
     31.886     4.5583 185.841927     2.1319 6.1408e+00     0.1902    95.3567 3.2601e-01 1.8293e+03  0.3735195     32.515    12.8513    314.353 0.0000e+00
     31.864     4.5584 185.782209     2.1319 6.1408e+00     0.1902    95.3567 3.2479e-01 1.8293e+03  0.3735195     32.492    12.8519    314.251 0.0000e+00
     31.841     4.5588 185.782208     2.1306 6.1937e+00     0.1902    95.3567 3.1868e-01 1.8293e+03  0.3735195     32.469    12.8423    314.247 0.0000e+00
     31.818     4.5586 185.746378     2.1306 6.1937e+00     0.1902    95.3567 3.2601e-01 1.8293e+03  0.3735195     32.445    12.8429    314.189 0.0000e+00
     31.796     4.5588 185.758321     2.1306 6.2115e+00     0.1902    95.3567 3.4554e-01 1.8293e+03  0.3735195     32.423    12.8433    314.207 0.0000e+00
     31.774     4.5589 185.853868     2.1306 6.2471e+00     0.1891    95.3828 3.4799e-01 1.8293e+03  0.3735195     32.400    12.8436    314.367 0.0000e+00
     31.753     4.5588 185.853869     2.1306 6.2471e+00     0.1913    95.3305 3.2479e-01 1.8293e+03  0.3735195     32.379    12.8425    314.368 0.0000e+00
     31.731     4.5590 185.818036     2.1306 6.2471e+00     0.1902    95.3567 3.0281e-01 1.8293e+03  0.3735195     32.357    12.8428    314.306 0.0000e+00
     31.710     4.5589 185.818037     2.1306 6.2829e+00     0.1902    95.3567 2.9548e-01 1.8293e+03  0.3735195     32.335    12.8431    314.307 0.0000e+00
     31.689     4.5589 185.829980     2.1306 6.3009e+00     0.1902    95.3567 2.9915e-01 1.8293e+03  0.3739352     32.314    12.8433    314.327 0.0000e+00
     31.667     4.5591 185.829979     2.1306 6.3009e+00     0.1913    95.3305 3.1502e-01 1.8293e+03  0.3735195     32.291    12.8434    314.325 0.0000e+00
     31.646     4.5593 185.794149     2.1319 6.3371e+00     0.1902    95.3567 3.2357e-01 1.8293e+03  0.3739352     32.270    12.8521    314.262 0.0000e+00
