data/05_metadata_exports/SeabirdData/202305_SeabirdData/83394_stn27-day.cnv
* Sea-Bird SBE 9 Data File:
* FileName = C:\Users\rosette\Rosette Data\2023\Ontario CSMI\stn27-day.hex
* Software Version Seasave V 7.26.6.26
* Temperature SN = 5270
* Conductivity SN = 1168
* Number of Bytes Per Scan = 40
* Number of Voltage Words = 5
* Number of Scans Averaged by the Deck Unit = 1
* NMEA Latitude = 43 41.41 N
* NMEA Longitude = 078 49.75 W
* NMEA UTC (Time) = Oct 02 2003  17:35:39
* NMEA baud rate = 4800
** Ship: Lake Guardian
** Ontario CSMI LWFS
** Station:  stn27-day
# nquan = 14                                
# nvalues = 18321                       
# units = specified
# name 0 = prDM: Pressure, Digiquartz [db]
# name 1 = t090C: Temperature [ITS-90, deg C]
# name 2 = c0uS/cm: Conductivity [uS/cm]
# name 3 = sbeox0V: Oxygen raw, SBE 43 [V]
# name 4 = par: PAR/Irradiance, Biospherical/Licor
# name 5 = bat: Beam Attenuation, Chelsea/Seatech [1/m]
# name 6 = xmiss: Beam Transmission, Chelsea/Seatech [%]
# name 7 = flSP: Fluorescence, Seapoint
# name 8 = spar: SPAR, Biospherical/Licor
# name 9 = upoly0: Upoly 0, Suna Nitrate
# name 10 = depFM: Depth [fresh water, m], lat = 43.6902
# name 11 = sbeox0Mg/L: Oxygen, SBE 43 [mg/l], WS = 2
# name 12 = specc: Specific Conductance [uS/cm]
# name 13 = flag: flag
# span 0 =     -0.257,     98.768       
# span 1 =     4.0758,     9.4709       
# span 2 =  12.291524, 293.925493       
# span 3 =     1.9280,     2.4139       
# span 4 = 1.0000e-12, 5.4901e+03       
# span 5 =     0.0756,     1.3983       
# span 6 =    70.4981,    98.1275       
# span 7 = 1.9536e-02, 1.0623e+00       
# span 8 = 1.7840e+03, 1.8549e+03       
# span 9 =  0.0745862,  0.3884869       
# span 10 =     -0.262,    100.715      
# span 11 =    10.0972,    13.6295      
# span 12 =     18.174,    428.195      
# span 13 = 0.0000e+00, 0.0000e+00      
# interval = seconds: 0.0416667
# start_time = Oct 02 2003 17:35:39 [NMEA time, header]
# bad_flag = -9.990e-29
*END*
[from data line 5265]
     22.480     4.6423 186.283632     2.1966 1.9959e+01     0.4041    90.3902 7.2283e-01 1.8313e+03  0.3652042     22.923    13.0893    314.207 0.0000e+00
     22.502     4.6420 186.247799     2.1966 1.9791e+01     0.4041    90.3902 7.3260e-01 1.8313e+03  0.3652042     22.946    13.0927    314.150 0.0000e+00
     22.524     4.6420 186.235856     2.1966 1.9791e+01     0.4041    90.3902 7.3504e-01 1.8313e+03  0.3652042     22.968    13.0956    314.130 0.0000e+00
     22.547     4.6414 186.235857     2.1954 1.9735e+01     0.4041    90.3902 7.3260e-01 1.8313e+03  0.3656200     22.992    13.0904    314.136 0.0000e+00
     22.570     4.6415 186.247802     2.1954 1.9568e+01     0.4030    90.4163 7.5824e-01 1.8313e+03  0.3656200     23.015    13.0925    314.155 0.0000e+00
     22.592     4.6408 186.271690     2.1954 1.9568e+01     0.4041    90.3902 7.6435e-01 1.8313e+03  0.3652042     23.037    13.0958    314.203 0.0000e+00
     22.613     4.6399 186.247803     2.1954 1.9513e+01     0.4041    90.3902 7.4603e-01 1.8313e+03  0.3656200     23.059    13.0973    314.172 0.0000e+00
     22.635     4.6396 186.211972     2.1941 1.9348e+01     0.3960    90.5732 7.3382e-01 1.8313e+03  0.3660357     23.081    13.0881    314.115 0.0000e+00
     22.657     4.6397 186.259748     2.1941 1.9348e+01     0.3868    90.7823 7.2405e-01 1.8313e+03  0.3668673     23.104    13.0897    314.195 0.0000e+00
     22.678     4.6391 186.247805     2.1929 1.9293e+01     0.3857    90.8084 7.1551e-01 1.8313e+03  0.3676988     23.125    13.0832    314.181 0.0000e+00
     22.700     4.6388 186.223917     2.1929 1.9130e+01     0.3857    90.8084 7.1062e-01 1.8313e+03  0.3676988     23.148    13.0840    314.144 0.0000e+00
     22.723     4.6385 186.235861     2.1917 1.9076e+01     0.3857    90.8084 7.0818e-01 1.8313e+03  0.3676988     23.171    13.0765    314.167 0.0000e+00
     22.747     4.6382 186.223919     2.1917 1.9076e+01     0.3857    90.8084 6.9841e-01 1.8313e+03  0.3676988     23.195    13.0792    314.150 0.0000e+00
     22.770     4.6379 186.223920     2.1917 1.8915e+01     0.3857    90.8084 6.9475e-01 1.8313e+03  0.3676988     23.219    13.0813    314.153 0.0000e+00
     22.792     4.6375 186.235864     2.1917 1.8862e+01     0.3857    90.8084 7.1306e-01 1.8313e+03  0.3676988     23.241    13.0844    314.178 0.0000e+00
     22.812     4.6376 186.247808     2.1917 1.8862e+01     0.3857    90.8084 7.2894e-01 1.8313e+03  0.3676988     23.262    13.0853    314.197 0.0000e+00
     22.834     4.6372 186.223920     2.1905 1.8703e+01     0.3880    90.7561 7.2161e-01 1.8313e+03  0.3676988     23.284    13.0795    314.161 0.0000e+00
     22.856     4.6372 186.235865     2.1905 1.8597e+01     0.3857    90.8084 7.1795e-01 1.8313e+03  0.3676988     23.307    13.0823    314.181 0.0000e+00
     22.879     4.6371 186.176145     2.1905 1.8597e+01     0.3868    90.7823 7.2527e-01 1.8313e+03  0.3676988     23.330    13.0845    314.081 0.0000e+00
     22.902     4.6367 186.200034     2.1905 1.8492e+01     0.3868    90.7823 7.1795e-01 1.8313e+03  0.3676988     23.354    13.0862    314.126 0.0000e+00
     22.925     4.6371 186.235866     2.1893 1.8388e+01     0.3868    90.7823 6.9597e-01 1.8313e+03  0.3676988     23.377    13.0807    314.182 0.0000e+00
     22.947     4.6369 186.223922     2.1893 1.8388e+01     0.3868    90.7823 6.9353e-01 1.8313e+03  0.3681146     23.399    13.0841    314.164 0.0000e+00
     22.971     4.6371 186.223923     2.1893 1.8284e+01     0.3868    90.7823 6.9963e-01 1.8313e+03  0.3681146     23.424    13.0881    314.162 0.0000e+00
     22.995     4.6367 186.188091     2.1893 1.8181e+01     0.3868    90.7823 7.0696e-01 1.8313e+03  0.3676988     23.448    13.0901    314.106 0.0000e+00
     23.018     4.6366 186.176149     2.1880 1.8130e+01     0.3868    90.7823 7.0574e-01 1.8313e+03  0.3676988     23.472    13.0828    314.087 0.0000e+00
     23.042     4.6364 186.116428     2.1880 1.8079e+01     0.3868    90.7823 7.0085e-01 1.8313e+03  0.3676988     23.496    13.0849    313.988 0.0000e+00
     23.065     4.6361 186.164206     2.1880 1.7926e+01     0.3868    90.7823 6.8864e-01 1.8313e+03  0.3676988     23.520    13.0863    314.072 0.0000e+00
     23.088     4.6361 186.188093     2.1880 1.7875e+01     0.3857    90.8084 6.9109e-01 1.8313e+03  0.3676988     23.543    13.0883    314.112 0.0000e+00
     23.111     4.6360 186.140318     2.1868 1.7875e+01     0.3811    90.9130 7.0696e-01 1.8313e+03  0.3676988     23.567    13.0805    314.032 0.0000e+00
     23.134     4.6354 186.152263     2.1868 1.7724e+01     0.3799    90.9391 7.0696e-01 1.8313e+03  0.3676988     23.590    13.0828    314.059 0.0000e+00
     23.156     4.6358 186.200039     2.1856 1.7674e+01     0.3799    90.9391 7.0696e-01 1.8313e+03  0.3681146     23.613    13.0762    314.135 0.0000e+00
     23.179     4.6353 186.176151     2.1856 1.7674e+01     0.3811    90.9130 7.2161e-01 1.8313e+03  0.3676988     23.636    13.0785    314.100 0.0000e+00
     23.202     4.6350 186.176152     2.1856 1.7475e+01     0.3799    90.9391 7.3138e-01 1.8313e+03  0.3676988     23.659    13.0800    314.104 0.0000e+00
     23.226     4.6345 186.211985     2.1856 1.7426e+01     0.3811    90.9130 7.2894e-01 1.8313e+03  0.3681146     23.684    13.0822    314.169 0.0000e+00
     23.251     4.6344 186.188098     2.1844 1.7426e+01     0.3799    90.9391 7.2772e-01 1.8313e+03  0.3676988     23.709    13.0743    314.130 0.0000e+00
     23.275     4.6340 186.128379     2.1844 1.7279e+01     0.3811    90.9130 7.3260e-01 1.8313e+03  0.3672830     23.734    13.0764    314.034 0.0000e+00
     23.298     4.6334 186.164210     2.1844 1.7230e+01     0.3799    90.9391 7.1917e-01 1.8313e+03  0.3672830     23.757    13.0763    314.100 0.0000e+00
     23.321     4.6335 186.188100     2.1844 1.7181e+01     0.3811    90.9130 7.0818e-01 1.8313e+03  0.3672830     23.781    13.0767    314.140 0.0000e+00
     23.344     4.6333 186.188100     2.1844 1.7084e+01     0.3811    90.9130 7.0085e-01 1.8313e+03  0.3672830     23.804    13.0778    314.142 0.0000e+00
     23.368     4.6325 186.164213     2.1832 1.6988e+01     0.3811    90.9130 6.9353e-01 1.8313e+03  0.3672830     23.829    13.0706    314.110 0.0000e+00
     23.392     4.6323 186.223933     2.1832 1.6988e+01     0.3811    90.9130 6.9841e-01 1.8313e+03  0.3672830     23.853    13.0730    314.213 0.0000e+00
     23.415     4.6318 186.188103     2.1832 1.6892e+01     0.3799    90.9391 7.0452e-01 1.8313e+03  0.3672830     23.877    13.0747    314.158 0.0000e+00
     23.438     4.6315 186.223934     2.1819 1.6797e+01     0.3811    90.9130 7.0330e-01 1.8313e+03  0.3672830     23.900    13.0669    314.221 0.0000e+00
     23.461     4.6312 186.152271     2.1819 1.6797e+01     0.3799    90.9391 7.1551e-01 1.8313e+03  0.3672830     23.924    13.0697    314.104 0.0000e+00
     23.486     4.6309 186.200048     2.1832 1.6702e+01     0.3799    90.9391 7.2283e-01 1.8313e+03  0.3672830     23.949    13.0816    314.187 0.0000e+00
     23.509     4.6304 186.152273     2.1832 1.6561e+01     0.3811    90.9130 7.3138e-01 1.8313e+03  0.3676988     23.973    13.0814    314.112 0.0000e+00
     23.532     4.6304 186.140329     2.1832 1.6561e+01     0.3811    90.9130 7.4969e-01 1.8313e+03  0.3676988     23.996    13.0846    314.092 0.0000e+00
     23.556     4.6302 186.176162     2.1819 1.6467e+01     0.3788    90.9652 7.3626e-01 1.8313e+03  0.3676988     24.020    13.0768    314.154 0.0000e+00
     23.579     4.6301 186.116442     2.1819 1.6374e+01     0.3684    91.2005 7.0574e-01 1.8313e+03  0.3676988     24.044    13.0796    314.055 0.0000e+00
     23.603     4.6296 186.140330     2.1819 1.6374e+01     0.3650    91.2789 6.8864e-01 1.8313e+03  0.3676988     24.068    13.0816    314.100 0.0000e+00
     23.628     4.6294 186.128388     2.1807 1.6328e+01     0.3650    91.2789 6.7888e-01 1.8313e+03  0.3672830     24.094    13.0733    314.082 0.0000e+00
     23.651     4.6290 186.104500     2.1807 1.6190e+01     0.3650    91.2789 6.7643e-01 1.8313e+03  0.3672830     24.117    13.0750    314.046 0.0000e+00
     23.675     4.6288 186.200053     2.1807 1.6144e+01     0.3650    91.2789 6.8010e-01 1.8313e+03  0.3672830     24.142    13.0772    314.210 0.0000e+00
     23.698     4.6287 186.176165     2.1807 1.6144e+01     0.3650    91.2789 6.8010e-01 1.8313e+03  0.3672830     24.165    13.0785    314.170 0.0000e+00
     23.722     4.6285 186.164222     2.1807 1.6008e+01     0.3661    91.2528 6.9353e-01 1.8313e+03  0.3672830     24.190    13.0803    314.152 0.0000e+00
     23.745     4.6279 186.116446     2.1795 1.5963e+01     0.3650    91.2789 6.9231e-01 1.8313e+03  0.3672830     24.213    13.0722    314.078 0.0000e+00
     23.769     4.6277 186.140335     2.1795 1.5963e+01     0.3650    91.2789 6.8742e-01 1.8313e+03  0.3672830     24.238    13.0722    314.120 0.0000e+00
     23.792     4.6267 186.152281     2.1795 1.5828e+01     0.3650    91.2789 6.8864e-01 1.8313e+03  0.3676988     24.261    13.0731    314.151 0.0000e+00
     23.814     4.6258 186.128393     2.1795 1.5783e+01     0.3650    91.2789 6.9963e-01 1.8313e+03  0.3676988     24.284    13.0745    314.120 0.0000e+00
     23.836     4.6258 186.080617     2.1795 1.5783e+01     0.3650    91.2789 7.1306e-01 1.8313e+03  0.3676988     24.306    13.0746    314.040 0.0000e+00
     23.860     4.6253 186.152282     2.1783 1.5649e+01     0.3650    91.2789 7.2405e-01 1.8313e+03  0.3676988     24.330    13.0647    314.166 0.0000e+00
     23.883     4.6248 186.116451     2.1783 1.5605e+01     0.3650    91.2789 7.2650e-01 1.8313e+03  0.3672830     24.354    13.0660    314.111 0.0000e+00
     23.906     4.6241 186.140339     2.1783 1.5605e+01     0.3650    91.2789 7.2772e-01 1.8313e+03  0.3668673     24.377    13.0679    314.159 0.0000e+00
     23.929     4.6239 186.164228     2.1783 1.5473e+01     0.3650    91.2789 7.2039e-01 1.8313e+03  0.3668673     24.401    13.0686    314.201 0.0000e+00
     23.952     4.6234 186.140341     2.1783 1.5429e+01     0.3650    91.2789 6.9475e-01 1.8313e+03  0.3668673     24.424    13.0685    314.166 0.0000e+00
     23.974     4.6231 186.152285     2.1783 1.5386e+01     0.3650    91.2789 6.9109e-01 1.8313e+03  0.3668673     24.447    13.0675    314.189 0.0000e+00
     23.997     4.6226 186.164230     2.1783 1.5342e+01     0.3661    91.2528 7.0208e-01 1.8313e+03  0.3668673     24.470    13.0685    314.215 0.0000e+00
     24.019     4.6220 186.116455     2.1783 1.5213e+01     0.3661    91.2528 7.1062e-01 1.8313e+03  0.3668673     24.493    13.0683    314.141 0.0000e+00
     24.042     4.6215 186.140344     2.1770 1.5213e+01     0.3661    91.2528 7.1184e-01 1.8313e+03  0.3668673     24.516    13.0586    314.186 0.0000e+00
     24.063     4.6207 186.068681     2.1758 1.5170e+01     0.3661    91.2528 7.0574e-01 1.8313e+03  0.3668673     24.537    13.0503    314.074 0.0000e+00
     24.084     4.6197 186.128401     2.1783 1.5084e+01     0.3650    91.2789 7.0085e-01 1.8313e+03  0.3668673     24.559    13.0711    314.185 0.0000e+00
     24.105     4.6189 186.092571     2.1770 1.5041e+01     0.3650    91.2789 7.0574e-01 1.8313e+03  0.3668673     24.580    13.0616    314.133 0.0000e+00
     24.127     4.6175 186.044795     2.1770 1.4999e+01     0.3650    91.2789 7.1062e-01 1.8313e+03  0.3672830     24.603    13.0629    314.067 0.0000e+00
     24.149     4.6167 186.104517     2.1770 1.4872e+01     0.3650    91.2789 7.1917e-01 1.8313e+03  0.3672830     24.625    13.0644    314.177 0.0000e+00
     24.171     4.6160 186.044798     2.1758 1.4830e+01     0.3650    91.2789 7.1429e-01 1.8313e+03  0.3672830     24.648    13.0584    314.083 0.0000e+00
     24.194     4.6149 186.056742     2.1758 1.4830e+01     0.3650    91.2789 7.0696e-01 1.8313e+03  0.3672830     24.671    13.0595    314.115 0.0000e+00
     24.218     4.6143 186.092575     2.1758 1.4704e+01     0.3650    91.2789 7.0940e-01 1.8313e+03  0.3672830     24.695    13.0608    314.182 0.0000e+00
     24.242     4.6137 186.068689     2.1758 1.4663e+01     0.3650    91.2789 7.0452e-01 1.8313e+03  0.3668673     24.720    13.0625    314.148 0.0000e+00
     24.263     4.6130 186.068689     2.1758 1.4663e+01     0.3650    91.2789 6.9719e-01 1.8313e+03  0.3668673     24.741    13.0646    314.155 0.0000e+00
     24.284     4.6127 186.068689     2.1758 1.4580e+01     0.3650    91.2789 6.9597e-01 1.8313e+03  0.3668673     24.763    13.0655    314.159 0.0000e+00
     24.305     4.6118 186.092578     2.1746 1.4498e+01     0.3650    91.2789 6.9353e-01 1.8313e+03  0.3668673     24.784    13.0578    314.209 0.0000e+00
     24.327     4.6114 186.068691     2.1746 1.4498e+01     0.3650    91.2789 7.0208e-01 1.8313e+03  0.3668673     24.807    13.0596    314.172 0.0000e+00
     24.349     4.6103 186.044805     2.1746 1.4416e+01     0.3650    91.2789 7.1795e-01 1.8313e+03  0.3668673     24.829    13.0606    314.144 0.0000e+00
     24.370     4.6097 186.044806     2.1746 1.4375e+01     0.3650    91.2789 7.2894e-01 1.8313e+03  0.3668673     24.850    13.0617    314.150 0.0000e+00
     24.390     4.6085 186.080637     2.1734 1.4375e+01     0.3639    91.3051 7.2161e-01 1.8313e+03  0.3672830     24.871    13.0529    314.223 0.0000e+00
     24.411     4.6079 186.020920     2.1746 1.4294e+01     0.3650    91.2789 7.2039e-01 1.8313e+03  0.3672830     24.892    13.0613    314.129 0.0000e+00
     24.433     4.6075 186.032863     2.1746 1.4213e+01     0.3650    91.2789 7.1062e-01 1.8313e+03  0.3664515     24.915    13.0609    314.153 0.0000e+00
     24.456     4.6070 185.997034     2.1734 1.4213e+01     0.3650    91.2789 7.0574e-01 1.8313e+03  0.3652042     24.938    13.0516    314.098 0.0000e+00
     24.479     4.6065 185.997034     2.1734 1.4133e+01     0.3604    91.3835 6.9963e-01 1.8313e+03  0.3647885     24.962    13.0520    314.103 0.0000e+00
     24.501     4.6057 186.008979     2.1722 1.4093e+01     0.3558    91.4880 6.8620e-01 1.8313e+03  0.3647885     24.984    13.0423    314.132 0.0000e+00
     24.523     4.6057 185.997035     2.1734 1.4053e+01     0.3547    91.5142 6.8010e-01 1.8313e+03  0.3647885     25.006    13.0513    314.112 0.0000e+00
     24.545     4.6053 186.044811     2.1734 1.4013e+01     0.3536    91.5403 6.7277e-01 1.8313e+03  0.3647885     25.029    13.0517    314.197 0.0000e+00
     24.567     4.6044 186.044812     2.1734 1.3934e+01     0.3547    91.5142 6.6178e-01 1.8313e+03  0.3647885     25.051    13.0527    314.206 0.0000e+00
     24.589     4.6028 186.008982     2.1722 1.3934e+01     0.3536    91.5403 6.5568e-01 1.8313e+03  0.3647885     25.074    13.0436    314.163 0.0000e+00
     24.611     4.6017 185.985095     2.1722 1.3894e+01     0.3536    91.5403 6.5934e-01 1.8313e+03  0.3647885     25.096    13.0426    314.134 0.0000e+00
     24.634     4.6006 185.997040     2.1709 1.3777e+01     0.3536    91.5403 6.6545e-01 1.8313e+03  0.3647885     25.120    13.0348    314.166 0.0000e+00
     24.658     4.5996 185.973155     2.1722 1.3777e+01     0.3547    91.5142 6.7643e-01 1.8313e+03  0.3647885     25.144    13.0460    314.136 0.0000e+00
     24.679     4.5990 185.997042     2.1722 1.3738e+01     0.3547    91.5142 6.7521e-01 1.8313e+03  0.3647885     25.166    13.0461    314.183 0.0000e+00
     24.701     4.5981 185.937325     2.1734 1.3660e+01     0.3547    91.5142 6.6422e-01 1.8313e+03  0.3652042     25.188    13.0560    314.092 0.0000e+00
     24.723     4.5971 186.008987     2.1722 1.3622e+01     0.3547    91.5142 6.6300e-01 1.8293e+03  0.3652042     25.210    13.0478    314.223 0.0000e+00
     24.746     4.5969 186.008989     2.1722 1.3622e+01     0.3547    91.5142 6.5690e-01 1.8313e+03  0.3652042     25.234    13.0475    314.226 0.0000e+00
     24.769     4.5964 185.997045     2.1722 1.3506e+01     0.3547    91.5142 6.5690e-01 1.8313e+03  0.3652042     25.257    13.0492    314.211 0.0000e+00
