data/05_metadata_exports/SeabirdData/202305_SeabirdData/83394_stn27-day.cnv
* Sea-Bird SBE 9 Data File:
* FileName = C:\Users\rosette\Rosette Data\2023\Ontario CSMI\stn27-day.hex
* Software Version Seasave V 7.26.6.26
* Temperature SN = 5270
* Conductivity SN = 1168
* Number of Bytes Per Scan = 40
* Number of Voltage Words = 5
* Number of Scans Averaged by the Deck Unit = 1
* NMEA Latitude = 43 41.41 N
* NMEA Longitude = 078 49.75 W
* NMEA UTC (Time) = Oct 02 2003  17:35:39
* NMEA baud rate = 4800
** Ship: Lake Guardian
** Ontario CSMI LWFS
** Station:  stn27-day
# nquan = 14                                
# nvalues = 18321                       
# units = specified
# name 0 = prDM: Pressure, Digiquartz [db]
# name 1 = t090C: Temperature [ITS-90, deg C]
# name 2 = c0uS/cm: Conductivity [uS/cm]
# name 3 = sbeox0V: Oxygen raw, SBE 43 [V]
# name 4 = par: PAR/Irradiance, Biospherical/Licor
# name 5 = bat: Beam Attenuation, Chelsea/Seatech [1/m]
# name 6 = xmiss: Beam Transmission, Chelsea/Seatech [%]
# name 7 = flSP: Fluorescence, Seapoint
# name 8 = spar: SPAR, Biospherical/Licor
# name 9 = upoly0: Upoly 0, Suna Nitrate
# name 10 = depFM: Depth [fresh water, m], lat = 43.6902
# name 11 = sbeox0Mg/L: Oxygen, SBE 43 [mg/l], WS = 2
# name 12 = specc: Specific Conductance [uS/cm]
# name 13 = flag: flag
# span 0 =     -0.257,     98.768       
# span 1 =     4.0758,     9.4709       
# span 2 =  12.291524, 293.925493       
# span 3 =     1.9280,     2.4139       
# span 4 = 1.0000e-12, 5.4901e+03       
# span 5 =     0.0756,     1.3983       
# span 6 =    70.4981,    98.1275       
# span 7 = 1.9536e-02, 1.0623e+00       
# span 8 = 1.7840e+03, 1.8549e+03       
# span 9 =  0.0745862,  0.3884869       
# span 10 =     -0.262,    100.715      
# span 11 =    10.0972,    13.6295      
# span 12 =     18.174,    428.195      
# span 13 = 0.0000e+00, 0.0000e+00      
# interval = seconds: 0.0416667
# start_time = Oct 02 2003 17:35:39 [NMEA time, header]
# bad_flag = -9.990e-29
*END*
[from data line 2891]
      1.910     8.1365 207.914890     2.0110 1.4978e+03     0.6143    85.7635 1.9902e-01 1.8470e+03  0.3273698      1.948    10.6106    313.706 -9.990e-29
      1.912     8.1365 207.878967     2.0110 2.4499e+03     0.6155    85.7374 1.9780e-01 1.8470e+03  0.3273698      1.950    10.6099    313.652 -9.990e-29
      1.913     8.1363 207.855021     2.0110 2.9001e+03     0.6155    85.7374 1.9658e-01 1.8470e+03  0.3273698      1.951    10.6110    313.618 -9.990e-29
      1.914     8.1370 207.914888     2.0110 2.7338e+03     0.6155    85.7374 1.9902e-01 1.8470e+03  0.3277856      1.952    10.6114    313.702 -9.990e-29
      1.914     8.1372 207.890942     2.0098 1.8968e+03     0.6155    85.7374 2.0269e-01 1.8470e+03  0.3273698      1.952    10.6042    313.664 -9.990e-29
      1.916     8.1380 207.878966     2.0098 1.6251e+03     0.6155    85.7374 2.0391e-01 1.8470e+03  0.3273698      1.954    10.6048    313.638 -9.990e-29
      1.917     8.1380 207.902915     2.0098 1.6069e+03     0.6155    85.7374 2.0635e-01 1.8470e+03  0.3273698      1.955    10.6052    313.674 -9.990e-29
      1.918     8.1377 207.866993     2.0085 1.4040e+03     0.6155    85.7374 2.1001e-01 1.8470e+03  0.3269541      1.956    10.5962    313.623 -9.990e-29
      1.919     8.1370 207.855020     2.0085 1.2977e+03     0.6155    85.7374 2.1368e-01 1.8470e+03  0.3273698      1.957    10.5959    313.611 -9.990e-29
      1.920     8.1365 207.866994     2.0098 1.2868e+03     0.6155    85.7374 2.1368e-01 1.8470e+03  0.3273698      1.958    10.6063    313.634 -9.990e-29
      1.920     8.1386 207.759228     2.0085 1.4001e+03     0.6155    85.7374 2.1245e-01 1.8470e+03  0.3273698      1.958    10.5984    313.452 -9.990e-29
      1.920     8.1438 207.819094     2.0073 1.4811e+03     0.6155    85.7374 2.1490e-01 1.8470e+03  0.3273698      1.958    10.5867    313.493 -9.990e-29
      1.920     8.1502 207.866985     2.0073 1.4936e+03     0.6155    85.7374 2.1856e-01 1.8470e+03  0.3273698      1.958    10.5847    313.504 -9.990e-29
      1.919     8.1569 207.783163     2.0073 1.9730e+03     0.6155    85.7374 2.2100e-01 1.8470e+03  0.3273698      1.957    10.5844    313.315 -9.990e-29
      1.918     8.1637 207.843028     2.0073 2.5056e+03     0.6155    85.7374 2.2344e-01 1.8451e+03  0.3277856      1.956    10.5847    313.341 -9.990e-29
      1.917     8.1703 207.831049     2.0061 2.6062e+03     0.6155    85.7374 2.2344e-01 1.8451e+03  0.3277856      1.955    10.5752    313.260 -9.990e-29
      1.916     8.1767 207.866967     2.0061 2.0754e+03     0.6155    85.7374 2.2466e-01 1.8451e+03  0.3261225      1.954    10.5747    313.254 -9.990e-29
      1.916     8.1822 207.759199     2.0049 1.5667e+03     0.6143    85.7635 2.2589e-01 1.8451e+03  0.3248753      1.954    10.5656    313.040 -9.990e-29
      1.915     8.1871 207.819065     2.0049 1.4728e+03     0.6143    85.7635 2.2344e-01 1.8451e+03  0.3248753      1.953    10.5645    313.084 -9.990e-29
      1.915     8.1907 207.854983     2.0049 1.3536e+03     0.6131    85.7896 2.1978e-01 1.8451e+03  0.3244595      1.953    10.5632    313.104 -9.990e-29
      1.914     8.1935 207.914851     2.0037 1.1307e+03     0.6143    85.7635 2.1734e-01 1.8451e+03  0.3248753      1.952    10.5532    313.168 -9.990e-29
      1.914     8.1959 207.831032     2.0037 1.0719e+03     0.6143    85.7635 2.1734e-01 1.8451e+03  0.3248753      1.952    10.5513    313.019 -9.990e-29
      1.913     8.1975 207.878927     2.0037 1.3347e+03     0.6143    85.7635 2.1490e-01 1.8451e+03  0.3248753      1.951    10.5502    313.076 -9.990e-29
      1.912     8.1987 207.819056     2.0037 2.3159e+03     0.6143    85.7635 2.1368e-01 1.8451e+03  0.3248753      1.950    10.5477    312.974 -9.990e-29
      1.911     8.1996 207.759188     2.0024 2.7570e+03     0.6155    85.7374 2.1001e-01 1.8451e+03  0.3248753      1.949    10.5369    312.876 -9.990e-29
      1.911     8.2006 207.866950     2.0024 2.6956e+03     0.6131    85.7896 2.0635e-01 1.8451e+03  0.3248753      1.949    10.5357    313.028 -9.990e-29
      1.909     8.2013 207.795108     2.0024 2.4916e+03     0.6131    85.7896 2.0635e-01 1.8451e+03  0.3248753      1.947    10.5352    312.914 -9.990e-29
      1.908     8.2011 207.843002     2.0024 2.4293e+03     0.6155    85.7374 2.0879e-01 1.8451e+03  0.3248753      1.946    10.5346    312.988 -9.990e-29
      1.906     8.2002 207.807081     2.0024 2.3487e+03     0.6143    85.7635 2.1001e-01 1.8451e+03  0.3248753      1.944    10.5348    312.942 -9.990e-29
      1.905     8.1972 207.831032     2.0012 1.5667e+03     0.6143    85.7635 2.0879e-01 1.8451e+03  0.3248753      1.943    10.5257    313.006 -9.990e-29
      1.903     8.1903 207.866957     2.0012 1.2760e+03     0.6143    85.7635 2.0635e-01 1.8451e+03  0.3252910      1.941    10.5267    313.126 -9.990e-29
      1.902     8.1812 207.902885     2.0000 1.2547e+03     0.6143    85.7635 2.0513e-01 1.8451e+03  0.3248753      1.939    10.5207    313.266 -9.990e-29
      1.900     8.1723 207.819075     2.0000 1.3050e+03     0.6143    85.7635 2.0879e-01 1.8451e+03  0.3248753      1.937    10.5224    313.223 -9.990e-29
      1.897     8.1643 207.855001     2.0012 1.3310e+03     0.6143    85.7635 2.1001e-01 1.8451e+03  0.3248753      1.934    10.5328    313.353 -9.990e-29
      1.894     8.1594 207.843030     2.0012 1.3347e+03     0.6143    85.7635 2.0879e-01 1.8451e+03  0.3248753      1.931    10.5347    313.381 -9.990e-29
      1.891     8.1572 207.819084     1.9976 1.6951e+03     0.6143    85.7635 2.0879e-01 1.8451e+03  0.3248753      1.928    10.5104    313.366 -9.990e-29
      1.889     8.1548 207.855007     1.9988 2.0580e+03     0.6155    85.7374 2.0757e-01 1.8451e+03  0.3248753      1.926    10.5190    313.443 -9.990e-29
      1.887     8.1513 207.831062     1.9988 2.1226e+03     0.6155    85.7374 2.0757e-01 1.8451e+03  0.3248753      1.924    10.5203    313.440 -9.990e-29
      1.886     8.1477 207.819091     2.0000 1.7532e+03     0.6155    85.7374 2.0879e-01 1.8451e+03  0.3248753      1.923    10.5295    313.456 -9.990e-29
      1.883     8.1445 207.855014     1.9976 1.4040e+03     0.6155    85.7374 2.1123e-01 1.8451e+03  0.3248753      1.920    10.5142    313.540 -9.990e-29
      1.881     8.1412 207.855016     1.9988 1.3385e+03     0.6155    85.7374 2.1612e-01 1.8451e+03  0.3252910      1.918    10.5225    313.572 -9.990e-29
      1.877     8.1377 207.819097     1.9976 1.6251e+03     0.6155    85.7374 2.2100e-01 1.8451e+03  0.3252910      1.914    10.5148    313.551 -9.990e-29
      1.873     8.1344 207.819099     1.9976 2.1466e+03     0.6143    85.7635 2.2344e-01 1.8451e+03  0.3261225      1.910    10.5140    313.582 -9.990e-29
      1.870     8.1310 207.795153     1.9963 2.3029e+03     0.6143    85.7635 2.2589e-01 1.8451e+03  0.3269541      1.907    10.5036    313.578 -9.990e-29
      1.867     8.1282 207.807130     1.9963 2.2644e+03     0.6155    85.7374 2.2833e-01 1.8451e+03  0.3273698      1.904    10.5029    313.622 -9.990e-29
      1.864     8.1256 207.819105     1.9951 2.2203e+03     0.6155    85.7374 2.3321e-01 1.8451e+03  0.3273698      1.901    10.4934    313.665 -9.990e-29
      1.859     8.1235 207.819106     1.9951 2.2016e+03     0.6143    85.7635 2.3443e-01 1.8451e+03  0.3273698      1.896    10.4917    313.685 -9.990e-29
      1.857     8.1220 207.819107     1.9939 2.0179e+03     0.6155    85.7374 2.3443e-01 1.8451e+03  0.3269541      1.894    10.4821    313.699 -9.990e-29
      1.856     8.1219 207.855029     1.9939 1.3767e+03     0.6155    85.7374 2.3199e-01 1.8451e+03  0.3269541      1.893    10.4813    313.754 -9.990e-29
      1.853     8.1220 207.783187     1.9939 1.1861e+03     0.6155    85.7374 2.2711e-01 1.8451e+03  0.3273698      1.890    10.4790    313.645 -9.990e-29
      1.851     8.1229 207.843053     1.9939 1.2199e+03     0.6155    85.7374 2.1978e-01 1.8451e+03  0.3273698      1.887    10.4771    313.727 -9.990e-29
      1.849     8.1248 207.807132     1.9927 1.5148e+03     0.6155    85.7374 2.1490e-01 1.8451e+03  0.3269541      1.885    10.4672    313.655 -9.990e-29
      1.848     8.1274 207.807129     1.9927 1.6667e+03     0.6143    85.7635 2.1123e-01 1.8451e+03  0.3273698      1.884    10.4653    313.630 -9.990e-29
      1.846     8.1310 207.795154     1.9915 1.6761e+03     0.6155    85.7374 2.0757e-01 1.8451e+03  0.3273698      1.882    10.4544    313.578 -9.990e-29
      1.844     8.1365 207.831071     1.9915 1.6296e+03     0.6155    85.7374 2.1245e-01 1.8451e+03  0.3273698      1.880    10.4510    313.580 -9.990e-29
      1.842     8.1440 207.855013     1.9915 1.6069e+03     0.6155    85.7374 2.1734e-01 1.8451e+03  0.3273698      1.878    10.4479    313.545 -9.990e-29
      1.842     8.1530 207.807112     1.9915 1.6024e+03     0.6155    85.7374 2.1978e-01 1.8451e+03  0.3277856      1.878    10.4440    313.388 -9.990e-29
      1.842     8.1615 207.831054     1.9915 1.3805e+03     0.6180    85.6851 2.1734e-01 1.8451e+03  0.3277856      1.878    10.4410    313.343 -9.990e-29
      1.842     8.1695 207.854997     1.9902 1.2302e+03     0.6180    85.6851 2.1734e-01 1.8451e+03  0.3273698      1.878    10.4308    313.304 -9.990e-29
      1.841     8.1769 207.866964     1.9902 1.2096e+03     0.6180    85.6851 2.1978e-01 1.8451e+03  0.3273698      1.877    10.4295    313.252 -9.990e-29
      1.842     8.1832 207.843014     1.9902 1.7288e+03     0.6180    85.6851 2.2466e-01 1.8451e+03  0.3273698      1.878    10.4250    313.157 -9.990e-29
      1.843     8.1886 207.771167     1.9902 2.4089e+03     0.6180    85.6851 2.2344e-01 1.8451e+03  0.3273698      1.879    10.4225    312.997 -9.990e-29
      1.845     8.1933 207.795111     1.9890 2.5554e+03     0.6180    85.6851 2.1856e-01 1.8451e+03  0.3269541      1.881    10.4126    312.989 -9.990e-29
      1.847     8.1974 207.771161     1.9890 2.0292e+03     0.6180    85.6851 2.1978e-01 1.8451e+03  0.3273698      1.883    10.4131    312.914 -9.990e-29
      1.849     8.2009 207.831028     1.9878 1.4728e+03     0.6180    85.6851 2.2344e-01 1.8451e+03  0.3273698      1.885    10.4040    312.971 -9.990e-29
      1.850     8.2038 207.866947     1.9878 1.3613e+03     0.6180    85.6851 2.2222e-01 1.8451e+03  0.3273698      1.886    10.4041    312.998 -9.990e-29
      1.852     8.2066 207.831024     1.9866 1.3385e+03     0.6180    85.6851 2.2100e-01 1.8451e+03  0.3273698      1.889    10.3957    312.918 -9.990e-29
      1.853     8.2098 207.854969     1.9853 1.2689e+03     0.6180    85.6851 2.2100e-01 1.8451e+03  0.3273698      1.890    10.3861    312.924 -9.990e-29
      1.855     8.2120 207.831020     1.9853 1.2476e+03     0.6180    85.6851 2.2344e-01 1.8451e+03  0.3277856      1.892    10.3855    312.867 -9.990e-29
      1.857     8.2062 207.819051     1.9853 1.2724e+03     0.6180    85.6851 2.2589e-01 1.8451e+03  0.3269541      1.894    10.3868    312.904 -9.990e-29
      1.860     8.1941 207.819058     1.9841 1.3574e+03     0.6180    85.6851 2.2833e-01 1.8451e+03  0.3265383      1.897    10.3811    313.018 -9.990e-29
      1.862     8.1801 207.795121     1.9841 1.3922e+03     0.6180    85.6851 2.2833e-01 1.8451e+03  0.3265383      1.899    10.3850    313.114 -9.990e-29
      1.864     8.1663 207.807104     1.9841 1.5063e+03     0.6180    85.6851 2.2955e-01 1.8451e+03  0.3265383      1.901    10.3885    313.262 -9.990e-29
      1.866     8.1528 207.855007     1.9829 2.2328e+03     0.6180    85.6851 2.2833e-01 1.8451e+03  0.3265383      1.903    10.3832    313.462 -9.990e-29
      1.869     8.1402 207.831069     1.9829 2.6135e+03     0.6192    85.6589 2.2222e-01 1.8451e+03  0.3265383      1.906    10.3867    313.545 -9.990e-29
      1.873     8.1297 207.890947     1.9829 2.5482e+03     0.6180    85.6851 2.1245e-01 1.8451e+03  0.3265383      1.910    10.3894    313.735 -9.990e-29
      1.875     8.1222 207.819106     1.9817 1.4894e+03     0.6192    85.6589 2.0757e-01 1.8451e+03  0.3265383      1.912    10.3826    313.697 -9.990e-29
      1.879     8.1162 207.795164     1.9805 1.1244e+03     0.6143    85.7635 2.0757e-01 1.8451e+03  0.3265383      1.916    10.3751    313.718 -9.990e-29
      1.882     8.1112 207.795168     1.9805 1.0963e+03     0.6131    85.7896 2.1245e-01 1.8451e+03  0.3265383      1.919    10.3744    313.765 -9.990e-29
      1.886     8.1070 207.807144     1.9805 1.2868e+03     0.6119    85.8158 2.1856e-01 1.8451e+03  0.3265383      1.923    10.3732    313.823 -9.990e-29
      1.889     8.1034 207.819122     1.9805 1.4279e+03     0.6131    85.7896 2.1856e-01 1.8451e+03  0.3265383      1.926    10.3737    313.875 -9.990e-29
      1.890     8.1007 207.819121     1.9805 1.4481e+03     0.6131    85.7896 2.1978e-01 1.8451e+03  0.3265383      1.927    10.3738    313.901 -9.990e-29
      1.893     8.0988 207.843071     1.9805 1.5800e+03     0.6119    85.8158 2.2589e-01 1.8451e+03  0.3269541      1.930    10.3755    313.955 -9.990e-29
      1.895     8.0970 207.819126     1.9792 1.7094e+03     0.6131    85.7896 2.4664e-01 1.8451e+03  0.3269541      1.932    10.3667    313.936 -9.990e-29
      1.897     8.0957 207.890969     1.9780 1.7336e+03     0.6131    85.7896 2.7106e-01 1.8451e+03  0.3265383      1.934    10.3603    314.057 -9.990e-29
      1.898     8.0944 207.878996     1.9780 1.5405e+03     0.6131    85.7896 2.7473e-01 1.8451e+03  0.3265383      1.935    10.3620    314.051 -9.990e-29
      1.901     8.0931 207.878996     1.9780 1.3310e+03     0.6131    85.7896 2.6496e-01 1.8451e+03  0.3265383      1.938    10.3645    314.064 -9.990e-29
      1.903     8.0923 207.759261     1.9780 1.2868e+03     0.6131    85.7896 2.5031e-01 1.8451e+03  0.3265383      1.941    10.3655    313.890 -9.990e-29
      1.904     8.0917 207.747286     1.9780 1.8083e+03     0.6119    85.8158 2.3565e-01 1.8451e+03  0.3265383      1.942    10.3672    313.878 -9.990e-29
      1.905     8.0915 207.783207     1.9768 3.2180e+03     0.6131    85.7896 2.2711e-01 1.8451e+03  0.3265383      1.943    10.3590    313.934 -9.990e-29
      1.906     8.0908 207.795182     1.9768 3.7562e+03     0.6131    85.7896 2.2466e-01 1.8451e+03  0.3265383      1.944    10.3591    313.959 -9.990e-29
      1.907     8.0907 207.795181     1.9756 2.9082e+03     0.6131    85.7896 2.2222e-01 1.8451e+03  0.3265383      1.945    10.3482    313.960 -9.990e-29
      1.908     8.0908 207.795181     1.9756 1.4279e+03     0.6131    85.7896 2.1856e-01 1.8451e+03  0.3265383      1.946    10.3443    313.959 -9.990e-29
      1.910     8.0908 207.807157     1.9744 1.1275e+03     0.6119    85.8158 2.1490e-01 1.8470e+03  0.3269541      1.948    10.3319    313.977 -9.990e-29
      1.911     8.0910 207.819129     1.9744 1.1761e+03     0.6119    85.8158 2.1245e-01 1.8451e+03  0.3269541      1.949    10.3288    313.993 -9.990e-29
      1.912     8.0908 207.783209     1.9744 1.4119e+03     0.6131    85.7896 2.1123e-01 1.8451e+03  0.3265383      1.950    10.3245    313.941 -9.990e-29
      1.912     8.0910 207.807155     1.9744 1.5105e+03     0.6131    85.7896 2.1123e-01 1.8451e+03  0.3261225      1.950    10.3200    313.975 -9.990e-29
      1.913     8.0910 207.747288     1.9731 1.5889e+03     0.6155    85.7374 2.1490e-01 1.8451e+03  0.3261225      1.951    10.3075    313.885 -9.990e-29
      1.913     8.0908 207.795181     1.9731 2.3487e+03     0.6180    85.6851 2.1856e-01 1.8451e+03  0.3261225      1.951    10.3029    313.959 -9.990e-29
      1.914     8.0912 207.819130     1.9719 2.8039e+03     0.6180    85.6851 2.1978e-01 1.8451e+03  0.3261225      1.952    10.2886    313.991 -9.990e-29
      1.914     8.0923 207.699391     1.9719 2.8039e+03     0.6180    85.6851 2.1734e-01 1.8451e+03  0.3261225      1.952    10.2835    313.800 -9.990e-29
      1.914     8.0978 207.771230     1.9707 1.5845e+03     0.6192    85.6589 2.1245e-01 1.8451e+03  0.3261225      1.952    10.2678    313.856 -9.990e-29
