data/05_metadata_exports/SeabirdData/202305_SeabirdData/83401_stn28-day.cnv
* Sea-Bird SBE 9 Data File:
* FileName = C:\Users\rosette\Rosette Data\2023\Ontario CSMI\stn28-day.hex
* Software Version Seasave V 7.26.6.26
* Temperature SN = 5270
* Conductivity SN = 1168
* Number of Bytes Per Scan = 40
* Number of Voltage Words = 5
* Number of Scans Averaged by the Deck Unit = 1
* NMEA Latitude = 43 46.53 N
* NMEA Longitude = 078 51.15 W
* NMEA UTC (Time) = Oct 02 2003  18:57:47
* NMEA baud rate = 4800
** Ship: Lake Guardian
** Ontario CSMI LWFS
** Station:  stn28-day
# nquan = 14                                
# nvalues = 13378                       
# units = specified
# name 0 = prDM: Pressure, Digiquartz [db]
# name 1 = t090C: Temperature [ITS-90, deg C]
# name 2 = c0uS/cm: Conductivity [uS/cm]
# name 3 = sbeox0V: Oxygen raw, SBE 43 [V]
# name 4 = par: PAR/Irradiance, Biospherical/Licor
# name 5 = bat: Beam Attenuation, Chelsea/Seatech [1/m]
# name 6 = xmiss: Beam Transmission, Chelsea/Seatech [%]
# name 7 = flSP: Fluorescence, Seapoint
# name 8 = spar: SPAR, Biospherical/Licor
# name 9 = upoly0: Upoly 0, Suna Nitrate
# name 10 = depFM: Depth [fresh water, m], lat = 43.7755
# name 11 = sbeox0Mg/L: Oxygen, SBE 43 [mg/l], WS = 2
# name 12 = specc: Specific Conductance [uS/cm]
# name 13 = flag: flag
# span 0 =     -0.111,     59.810       
# span 1 =     4.3631,     9.6947       
# span 2 =  16.856044, 513.876061       
# span 3 =     1.7875,     2.2784       
# span 4 = 4.2339e-01, 3.9734e+03       
# span 5 =     0.1013,     3.9954       
# span 6 =    36.8305,    97.5001       
# span 7 = 1.8315e-02, 8.1929e-01       
# span 8 = 1.7190e+03, 1.8549e+03       
# span 9 =  0.0745862,  0.4213322       
# span 10 =     -0.113,     60.989      
# span 11 =     9.3283,    13.2934      
# span 12 =     24.831,    746.027      
# span 13 = 0.0000e+00, 0.0000e+00      
# interval = seconds: 0.0416667
# start_time = Oct 02 2003 18:57:47 [NMEA time, header]
# bad_flag = -9.990e-29
*END*
[from data line 4852]
     13.395     6.9362 204.480083     2.2686 1.8023e+02     0.4683    88.9525 2.5031e-01 1.8273e+03  0.4051174     13.659    12.9570    320.122 0.0000e+00
     13.416     6.9365 204.432206     2.2686 1.7972e+02     0.4683    88.9525 2.5275e-01 1.8273e+03  0.4051174     13.681    12.9566    320.044 0.0000e+00
     13.437     6.9360 204.444176     2.2674 1.7972e+02     0.4671    88.9786 2.4786e-01 1.8273e+03  0.4047017     13.702    12.9479    320.068 0.0000e+00
     13.457     6.9362 204.444176     2.2686 1.7921e+02     0.4671    88.9786 2.4664e-01 1.8273e+03  0.4047017     13.722    12.9574    320.066 0.0000e+00
     13.478     6.9370 204.444176     2.2686 1.7821e+02     0.4671    88.9786 2.4786e-01 1.8273e+03  0.4047017     13.744    12.9569    320.057 0.0000e+00
     13.498     6.9375 204.480084     2.2686 1.7821e+02     0.4671    88.9786 2.5641e-01 1.8293e+03  0.4047017     13.764    12.9578    320.109 0.0000e+00
     13.519     6.9380 204.408269     2.2674 1.7721e+02     0.4671    88.9786 2.5885e-01 1.8293e+03  0.4051174     13.786    12.9489    319.991 0.0000e+00
     13.541     6.9352 204.384332     2.2674 1.7621e+02     0.4671    88.9786 2.5763e-01 1.8293e+03  0.4047017     13.808    12.9510    319.982 0.0000e+00
     13.563     6.9352 204.420241     2.2674 1.7572e+02     0.4683    88.9525 2.5519e-01 1.8293e+03  0.4051174     13.830    12.9521    320.038 0.0000e+00
     13.586     6.9363 204.444178     2.2686 1.7473e+02     0.4671    88.9786 2.5885e-01 1.8293e+03  0.4051174     13.854    12.9592    320.065 0.0000e+00
     13.609     6.9369 204.396303     2.2686 1.7181e+02     0.4671    88.9786 2.6129e-01 1.8293e+03  0.4047017     13.877    12.9578    319.984 0.0000e+00
     13.631     6.9374 204.420240     2.2674 1.7085e+02     0.4683    88.9525 2.6496e-01 1.8293e+03  0.4051174     13.900    12.9489    320.016 0.0000e+00
     13.654     6.9380 204.456149     2.2674 1.7037e+02     0.4671    88.9786 2.6862e-01 1.8273e+03  0.4059490     13.923    12.9488    320.066 0.0000e+00
     13.675     6.9383 204.444179     2.2674 1.6704e+02     0.4694    88.9264 2.7106e-01 1.8273e+03  0.4063647     13.945    12.9487    320.044 0.0000e+00
     13.695     6.9371 204.408273     2.2686 1.6564e+02     0.4848    88.5866 2.7350e-01 1.8273e+03  0.4063647     13.965    12.9579    320.000 0.0000e+00
     13.715     6.9323 204.336461     2.2686 1.6564e+02     0.5013    88.2206 2.7350e-01 1.8273e+03  0.4059490     13.985    12.9598    319.936 0.0000e+00
     13.737     6.9226 204.252686     2.2674 1.6195e+02     0.5120    87.9853 2.7473e-01 1.8273e+03  0.4059490     14.008    12.9536    319.902 0.0000e+00
     13.758     6.9142 204.228754     2.2674 1.6059e+02     0.5168    87.8808 2.7228e-01 1.8273e+03  0.4059490     14.029    12.9568    319.949 0.0000e+00
     13.780     6.9142 204.252693     2.2674 1.6014e+02     0.5156    87.9069 2.7106e-01 1.8273e+03  0.4059490     14.052    12.9560    319.986 0.0000e+00
     13.801     6.9171 204.264660     2.2674 1.5790e+02     0.5132    87.9592 2.7473e-01 1.8273e+03  0.4063647     14.073    12.9542    319.976 0.0000e+00
     13.823     6.9190 204.300565     2.2674 1.5658e+02     0.5108    88.0115 2.7106e-01 1.8273e+03  0.4059490     14.096    12.9539    320.013 0.0000e+00
     13.845     6.9200 204.360411     2.2674 1.5614e+02     0.5120    87.9853 2.6984e-01 1.8273e+03  0.4059490     14.118    12.9541    320.097 0.0000e+00
     13.866     6.9225 204.312533     2.2674 1.5482e+02     0.5191    87.8285 2.6618e-01 1.8273e+03  0.4063647     14.139    12.9538    319.997 0.0000e+00
     13.888     6.9250 204.336470     2.2674 1.5396e+02     0.5227    87.7501 2.6618e-01 1.8273e+03  0.4063647     14.162    12.9535    320.009 0.0000e+00
     13.909     6.9265 204.384346     2.2674 1.5352e+02     0.5251    87.6978 2.6862e-01 1.8273e+03  0.4063647     14.183    12.9548    320.069 0.0000e+00
     13.930     6.9278 204.408283     2.2674 1.5309e+02     0.5251    87.6978 2.6984e-01 1.8273e+03  0.4063647     14.205    12.9551    320.094 0.0000e+00
     13.951     6.9320 204.432220     2.2674 1.5223e+02     0.5263    87.6717 2.7350e-01 1.8273e+03  0.4063647     14.226    12.9544    320.089 0.0000e+00
     13.972     6.9366 204.480092     2.2686 1.5223e+02     0.5263    87.6717 2.7228e-01 1.8273e+03  0.4063647     14.247    12.9611    320.118 0.0000e+00
     13.994     6.9431 204.515998     2.2674 1.5181e+02     0.5275    87.6455 2.6496e-01 1.8273e+03  0.4063647     14.270    12.9510    320.109 0.0000e+00
     14.016     6.9474 204.504026     2.2674 1.5181e+02     0.5275    87.6455 2.5641e-01 1.8273e+03  0.4063647     14.292    12.9504    320.047 0.0000e+00
     14.036     6.9503 204.504024     2.2674 1.5181e+02     0.5287    87.6194 2.5397e-01 1.8273e+03  0.4059490     14.313    12.9515    320.018 0.0000e+00
     14.057     6.9533 204.587807     2.2686 1.5181e+02     0.5275    87.6455 2.5153e-01 1.8273e+03  0.4063647     14.334    12.9588    320.119 0.0000e+00
     14.078     6.9586 204.659621     2.2686 1.5181e+02     0.5275    87.6455 2.4908e-01 1.8273e+03  0.4063647     14.356    12.9567    320.178 0.0000e+00
     14.100     6.9651 204.695525     2.2674 1.5223e+02     0.5287    87.6194 2.4542e-01 1.8273e+03  0.4063647     14.378    12.9443    320.169 0.0000e+00
     14.121     6.9705 204.683553     2.2674 1.5223e+02     0.5287    87.6194 2.4298e-01 1.8273e+03  0.4063647     14.399    12.9422    320.096 0.0000e+00
     14.144     6.9746 204.743399     2.2674 1.5223e+02     0.5287    87.6194 2.4176e-01 1.8273e+03  0.4063647     14.423    12.9407    320.149 0.0000e+00
     14.165     6.9695 204.635677     2.2674 1.5266e+02     0.5275    87.6455 2.4176e-01 1.8273e+03  0.4063647     14.444    12.9425    320.032 0.0000e+00
     14.185     6.9647 204.527955     2.2674 1.5266e+02     0.5287    87.6194 2.4542e-01 1.8273e+03  0.4063647     14.465    12.9431    319.911 0.0000e+00
     14.204     6.9583 204.408270     2.2674 1.5266e+02     0.5287    87.6194 2.5153e-01 1.8273e+03  0.4059490     14.484    12.9442    319.788 0.0000e+00
     14.223     6.9443 204.288588     2.2674 1.5266e+02     0.5287    87.6194 2.5397e-01 1.8273e+03  0.4042859     14.503    12.9493    319.741 0.0000e+00
     14.241     6.9215 204.073164     2.2674 1.5266e+02     0.5299    87.5933 2.5153e-01 1.8273e+03  0.4042859     14.522    12.9576    319.632 0.0000e+00
     14.262     6.8988 203.738064     2.2674 1.5223e+02     0.5287    87.6194 2.5031e-01 1.8273e+03  0.4042859     14.543    12.9637    319.334 0.0000e+00
     14.283     6.8648 203.391017     2.2662 1.5223e+02     0.5311    87.5671 2.5153e-01 1.8273e+03  0.4038701     14.565    12.9663    319.130 0.0000e+00
     14.303     6.8310 203.247427     2.2662 1.5223e+02     0.5311    87.5671 2.5397e-01 1.8273e+03  0.4042859     14.585    12.9764    319.244 0.0000e+00
     14.323     6.8102 203.343184     2.2674 1.5181e+02     0.5311    87.5671 2.5519e-01 1.8273e+03  0.4042859     14.605    12.9907    319.603 0.0000e+00
     14.343     6.8036 203.522703     2.2674 1.5095e+02     0.5323    87.5410 2.5641e-01 1.8273e+03  0.4042859     14.626    12.9913    319.952 0.0000e+00
     14.363     6.7934 203.355163     2.2674 1.5095e+02     0.5323    87.5410 2.5641e-01 1.8273e+03  0.4042859     14.646    12.9933    319.791 0.0000e+00
     14.385     6.7800 203.259431     2.2674 1.5011e+02     0.5311    87.5671 2.5641e-01 1.8273e+03  0.4042859     14.669    12.9953    319.775 0.0000e+00
     14.406     6.7842 203.415008     2.2674 1.4968e+02     0.5323    87.5410 2.5519e-01 1.8273e+03  0.4042859     14.690    12.9925    319.978 0.0000e+00
     14.427     6.7924 203.558616     2.2674 1.4968e+02     0.5311    87.5671 2.5519e-01 1.8273e+03  0.4042859     14.711    12.9883    320.121 0.0000e+00
     14.449     6.7881 203.522717     2.2674 1.4884e+02     0.5311    87.5671 2.5885e-01 1.8273e+03  0.4042859     14.734    12.9874    320.108 0.0000e+00
     14.470     6.7953 203.474840     2.2674 1.4759e+02     0.5263    87.6717 2.6374e-01 1.8273e+03  0.4042859     14.755    12.9825    319.960 0.0000e+00
     14.493     6.8064 203.654353     2.2674 1.4718e+02     0.5227    87.7501 2.6252e-01 1.8273e+03  0.4042859     14.779    12.9765    320.130 0.0000e+00
     14.516     6.8216 203.690248     2.2674 1.4677e+02     0.5287    87.6194 2.5885e-01 1.8273e+03  0.4042859     14.802    12.9680    320.034 0.0000e+00
     14.537     6.8013 203.259420     2.2686 1.4553e+02     0.5311    87.5671 2.5641e-01 1.8273e+03  0.4042859     14.824    12.9799    319.561 0.0000e+00
     14.558     6.7618 202.864526     2.2674 1.4512e+02     0.5323    87.5410 2.5397e-01 1.8273e+03  0.4042859     14.845    12.9815    319.337 0.0000e+00
     14.579     6.7154 202.589321     2.2674 1.4431e+02     0.5311    87.5671 2.5031e-01 1.8273e+03  0.4042859     14.866    12.9957    319.370 0.0000e+00
     14.601     6.6852 202.469675     2.2662 1.4269e+02     0.5334    87.5148 2.4786e-01 1.8273e+03  0.4042859     14.889    12.9957    319.486 0.0000e+00
     14.624     6.6595 202.290199     2.2662 1.4229e+02     0.5334    87.5148 2.4786e-01 1.8273e+03  0.4042859     14.912    13.0007    319.462 0.0000e+00
     14.646     6.6355 202.194486     2.2662 1.4189e+02     0.5311    87.5671 2.5031e-01 1.8273e+03  0.4042859     14.935    13.0054    319.553 0.0000e+00
     14.668     6.6185 202.182530     2.2674 1.4031e+02     0.5323    87.5410 2.4908e-01 1.8273e+03  0.4042859     14.957    13.0155    319.706 0.0000e+00
     14.691     6.6084 202.146640     2.2662 1.3952e+02     0.5334    87.5148 2.4908e-01 1.8273e+03  0.4042859     14.981    13.0060    319.751 0.0000e+00
     14.713     6.5953 202.038956     2.2662 1.3952e+02     0.5346    87.4887 2.5153e-01 1.8273e+03  0.4042859     15.003    13.0066    319.713 0.0000e+00
     14.736     6.5760 201.895379     2.2662 1.3796e+02     0.5358    87.4626 2.5519e-01 1.8273e+03  0.4042859     15.027    13.0098    319.682 0.0000e+00
     14.760     6.5597 201.895390     2.2662 1.3757e+02     0.5358    87.4626 2.5397e-01 1.8273e+03  0.4047017     15.051    13.0122    319.847 0.0000e+00
     14.784     6.5473 201.811642     2.2650 1.3718e+02     0.5334    87.5148 2.4908e-01 1.8273e+03  0.4055332     15.075    13.0036    319.840 0.0000e+00
     14.806     6.5363 201.787716     2.2662 1.3641e+02     0.5334    87.5148 2.4420e-01 1.8273e+03  0.4055332     15.098    13.0124    319.913 0.0000e+00
     14.827     6.5261 201.715931     2.2650 1.3565e+02     0.5346    87.4887 2.4054e-01 1.8273e+03  0.4055332     15.119    13.0013    319.903 0.0000e+00
     14.849     6.5157 201.644146     2.2650 1.3527e+02     0.5346    87.4887 2.4176e-01 1.8273e+03  0.4055332     15.142    12.9995    319.895 0.0000e+00
     14.871     6.5056 201.584327     2.2650 1.3451e+02     0.5346    87.4887 2.4420e-01 1.8273e+03  0.4055332     15.164    12.9992    319.902 0.0000e+00
     14.892     6.4959 201.500577     2.2650 1.3375e+02     0.5334    87.5148 2.4664e-01 1.8273e+03  0.4055332     15.186    12.9993    319.868 0.0000e+00
     14.914     6.4874 201.488617     2.2637 1.3375e+02     0.5346    87.4887 2.5153e-01 1.8273e+03  0.4055332     15.208    12.9898    319.935 0.0000e+00
     14.936     6.4795 201.416833     2.2650 1.3300e+02     0.5358    87.4626 2.5763e-01 1.8273e+03  0.4055332     15.230    12.9984    319.902 0.0000e+00
     14.958     6.4718 201.368979     2.2650 1.3226e+02     0.5346    87.4887 2.6252e-01 1.8273e+03  0.4055332     15.253    12.9979    319.904 0.0000e+00
     14.980     6.4646 201.333089     2.2637 1.3188e+02     0.5358    87.4626 2.6252e-01 1.8273e+03  0.4055332     15.275    12.9871    319.920 0.0000e+00
     15.002     6.4575 201.285235     2.2637 1.3151e+02     0.5370    87.4364 2.6374e-01 1.8273e+03  0.4055332     15.298    12.9862    319.916 0.0000e+00
     15.024     6.4513 201.273274     2.2625 1.3114e+02     0.5358    87.4626 2.6740e-01 1.8273e+03  0.4055332     15.320    12.9769    319.960 0.0000e+00
     15.047     6.4469 201.273278     2.2625 1.3077e+02     0.5346    87.4887 2.8571e-01 1.8273e+03  0.4055332     15.344    12.9762    320.005 0.0000e+00
     15.068     6.4429 201.273281     2.2613 1.3077e+02     0.5358    87.4626 3.0403e-01 1.8273e+03  0.4055332     15.365    12.9672    320.046 0.0000e+00
     15.090     6.4397 201.297213     2.2613 1.3004e+02     0.5370    87.4364 3.1013e-01 1.8273e+03  0.4059490     15.388    12.9671    320.116 0.0000e+00
     15.112     6.4375 201.213462     2.2613 1.3004e+02     0.5370    87.4364 3.0281e-01 1.8273e+03  0.4055332     15.410    12.9661    320.006 0.0000e+00
     15.134     6.4342 201.249358     2.2613 1.3004e+02     0.5370    87.4364 2.9060e-01 1.8273e+03  0.4055332     15.432    12.9661    320.096 0.0000e+00
     15.157     6.4311 201.177573     2.2601 1.2931e+02     0.5346    87.4887 2.8327e-01 1.8273e+03  0.4055332     15.456    12.9567    320.014 0.0000e+00
     15.179     6.4283 201.189539     2.2601 1.2931e+02     0.5346    87.4887 2.7839e-01 1.8273e+03  0.4055332     15.478    12.9564    320.061 0.0000e+00
     15.201     6.4256 201.165613     2.2589 1.2895e+02     0.5334    87.5148 2.8083e-01 1.8273e+03  0.4055332     15.501    12.9479    320.051 0.0000e+00
     15.222     6.4225 201.153649     2.2589 1.2859e+02     0.5346    87.4887 3.0159e-01 1.8273e+03  0.4055332     15.522    12.9502    320.063 0.0000e+00
     15.245     6.4187 201.069901     2.2589 1.2822e+02     0.5346    87.4887 3.2112e-01 1.8273e+03  0.4055332     15.546    12.9508    319.969 0.0000e+00
     15.268     6.4150 201.081869     2.2589 1.2822e+02     0.5334    87.5148 3.3089e-01 1.8273e+03  0.4055332     15.569    12.9533    320.025 0.0000e+00
     15.290     6.4118 201.057942     2.2589 1.2786e+02     0.5346    87.4887 3.3700e-01 1.8273e+03  0.4055332     15.591    12.9549    320.020 0.0000e+00
     15.312     6.4089 201.081873     2.2576 1.2715e+02     0.5358    87.4626 3.4676e-01 1.8273e+03  0.4055332     15.614    12.9475    320.088 0.0000e+00
     15.334     6.4066 201.093840     2.2576 1.2715e+02     0.5358    87.4626 3.5653e-01 1.8254e+03  0.4059490     15.636    12.9487    320.130 0.0000e+00
     15.356     6.4041 201.022054     2.2564 1.2679e+02     0.5358    87.4626 3.6142e-01 1.8254e+03  0.4059490     15.659    12.9431    320.041 0.0000e+00
     15.378     6.4025 200.998128     2.2564 1.2643e+02     0.5358    87.4626 3.6752e-01 1.8254e+03  0.4051174     15.681    12.9453    320.020 0.0000e+00
     15.401     6.4005 201.022057     2.2564 1.2608e+02     0.5370    87.4364 3.6874e-01 1.8254e+03  0.4051174     15.705    12.9482    320.078 0.0000e+00
     15.424     6.3980 201.045989     2.2564 1.2572e+02     0.5358    87.4626 3.6386e-01 1.8254e+03  0.4051174     15.728    12.9506    320.142 0.0000e+00
     15.446     6.3936 200.986170     2.2564 1.2502e+02     0.5358    87.4626 3.6142e-01 1.8254e+03  0.4051174     15.751    12.9544    320.091 0.0000e+00
     15.468     6.3897 200.878492     2.2552 1.2467e+02     0.5358    87.4626 3.6386e-01 1.8254e+03  0.4051174     15.773    12.9472    319.960 0.0000e+00
     15.491     6.3853 200.890462     2.2552 1.2432e+02     0.5370    87.4364 3.6264e-01 1.8254e+03  0.4051174     15.796    12.9509    320.023 0.0000e+00
     15.513     6.3823 200.914392     2.2540 1.2362e+02     0.5358    87.4626 3.6020e-01 1.8254e+03  0.4055332     15.819    12.9461    320.092 0.0000e+00
     15.534     6.3787 200.878502     2.2540 1.2362e+02     0.5346    87.4887 3.5775e-01 1.8234e+03  0.4051174     15.840    12.9507    320.072 0.0000e+00
     15.554     6.3763 200.854575     2.2540 1.2292e+02     0.5370    87.4364 3.5897e-01 1.8234e+03  0.4051174     15.861    12.9555    320.058 0.0000e+00
     15.575     6.3739 200.818685     2.2540 1.2189e+02     0.5370    87.4364 3.6142e-01 1.8234e+03  0.4051174     15.882    12.9583    320.025 0.0000e+00
