data/05_metadata_exports/SeabirdData/202305_SeabirdData/83401_stn28-day.cnv
* Sea-Bird SBE 9 Data File:
* FileName = C:\Users\rosette\Rosette Data\2023\Ontario CSMI\stn28-day.hex
* Software Version Seasave V 7.26.6.26
* Temperature SN = 5270
* Conductivity SN = 1168
* Number of Bytes Per Scan = 40
* Number of Voltage Words = 5
* Number of Scans Averaged by the Deck Unit = 1
* NMEA Latitude = 43 46.53 N
* NMEA Longitude = 078 51.15 W
* NMEA UTC (Time) = Oct 02 2003  18:57:47
* NMEA baud rate = 4800
** Ship: Lake Guardian
** Ontario CSMI LWFS
** Station:  stn28-day
# nquan = 14                                
# nvalues = 13378                       
# units = specified
# name 0 = prDM: Pressure, Digiquartz [db]
# name 1 = t090C: Temperature [ITS-90, deg C]
# name 2 = c0uS/cm: Conductivity [uS/cm]
# name 3 = sbeox0V: Oxygen raw, SBE 43 [V]
# name 4 = par: PAR/Irradiance, Biospherical/Licor
# name 5 = bat: Beam Attenuation, Chelsea/Seatech [1/m]
# name 6 = xmiss: Beam Transmission, Chelsea/Seatech [%]
# name 7 = flSP: Fluorescence, Seapoint
# name 8 = spar: SPAR, Biospherical/Licor
# name 9 = upoly0: Upoly 0, Suna Nitrate
# name 10 = depFM: Depth [fresh water, m], lat = 43.7755
# name 11 = sbeox0Mg/L: Oxygen, SBE 43 [mg/l], WS = 2
# name 12 = specc: Specific Conductance [uS/cm]
# name 13 = flag: flag
# span 0 =     -0.111,     59.810       
# span 1 =     4.3631,     9.6947       
# span 2 =  16.856044, 513.876061       
# span 3 =     1.7875,     2.2784       
# span 4 = 4.2339e-01, 3.9734e+03       
# span 5 =     0.1013,     3.9954       
# span 6 =    36.8305,    97.5001       
# span 7 = 1.8315e-02, 8.1929e-01       
# span 8 = 1.7190e+03, 1.8549e+03       
# span 9 =  0.0745862,  0.4213322       
# span 10 =     -0.113,     60.989      
# span 11 =     9.3283,    13.2934      
# span 12 =     24.831,    746.027      
# span 13 = 0.0000e+00, 0.0000e+00      
# interval = seconds: 0.0416667
# start_time = Oct 02 2003 18:57:47 [NMEA time, header]
# bad_flag = -9.990e-29
*END*
[from data line 11768]
     11.509     6.5993 202.158549     2.2442 2.5046e+02     0.4495    89.3707 3.5653e-01 1.8411e+03  0.4042859     11.736    12.9751    319.862 0.0000e+00
     11.488     6.6016 202.194448     2.2454 2.5330e+02     0.4483    89.3969 3.6630e-01 1.8411e+03  0.4042859     11.714    12.9827    319.896 0.0000e+00
     11.467     6.6038 202.182478     2.2454 2.5330e+02     0.4483    89.3969 3.6874e-01 1.8411e+03  0.4042859     11.693    12.9813    319.854 0.0000e+00
     11.447     6.6061 202.194442     2.2454 2.5689e+02     0.4495    89.3707 3.6386e-01 1.8411e+03  0.4042859     11.673    12.9820    319.850 0.0000e+00
     11.427     6.6069 202.230340     2.2442 2.5979e+02     0.4483    89.3969 3.6386e-01 1.8411e+03  0.4047017     11.652    12.9742    319.899 0.0000e+00
     11.408     6.6089 202.194441     2.2466 2.6052e+02     0.4495    89.3707 3.6386e-01 1.8411e+03  0.4055332     11.633    12.9918    319.822 0.0000e+00
     11.388     6.6104 202.266235     2.2466 2.6273e+02     0.4495    89.3707 3.6264e-01 1.8411e+03  0.4055332     11.613    12.9929    319.920 0.0000e+00
     11.368     6.6146 202.302131     2.2466 2.6645e+02     0.4495    89.3707 3.5653e-01 1.8411e+03  0.4055332     11.592    12.9915    319.934 0.0000e+00
     11.348     6.6185 202.314094     2.2466 2.6720e+02     0.4507    89.3446 3.4676e-01 1.8411e+03  0.4055332     11.572    12.9899    319.914 0.0000e+00
     11.328     6.6219 202.326059     2.2466 2.6796e+02     0.4507    89.3446 3.4188e-01 1.8411e+03  0.4055332     11.551    12.9892    319.898 0.0000e+00
     11.307     6.6284 202.361952     2.2454 2.6796e+02     0.4507    89.3446 3.4554e-01 1.8391e+03  0.4055332     11.530    12.9772    319.889 0.0000e+00
     11.286     6.6321 202.361949     2.2466 2.6796e+02     0.4495    89.3707 3.4799e-01 1.8391e+03  0.4055332     11.509    12.9832    319.852 0.0000e+00
     11.265     6.6329 202.373914     2.2466 2.6720e+02     0.4483    89.3969 3.5043e-01 1.8391e+03  0.4055332     11.487    12.9825    319.863 0.0000e+00
     11.245     6.6364 202.457677     2.2466 2.6496e+02     0.4483    89.3969 3.5287e-01 1.8391e+03  0.4055332     11.467    12.9817    319.960 0.0000e+00
     11.225     6.6393 202.385875     2.2466 2.6421e+02     0.4495    89.3707 3.5165e-01 1.8391e+03  0.4055332     11.446    12.9807    319.817 0.0000e+00
     11.206     6.6409 202.397841     2.2466 2.6421e+02     0.4495    89.3707 3.4799e-01 1.8391e+03  0.4055332     11.427    12.9798    319.820 0.0000e+00
     11.186     6.6414 202.421773     2.2466 2.6273e+02     0.4495    89.3707 3.4921e-01 1.8391e+03  0.4055332     11.407    12.9791    319.852 0.0000e+00
     11.167     6.6431 202.457670     2.2466 2.6199e+02     0.4483    89.3969 3.5775e-01 1.8391e+03  0.4055332     11.387    12.9787    319.892 0.0000e+00
     11.149     6.6448 202.445701     2.2479 2.6199e+02     0.4483    89.3969 3.6996e-01 1.8391e+03  0.4059490     11.369    12.9885    319.856 0.0000e+00
     11.131     6.6476 202.445702     2.2491 2.6126e+02     0.4483    89.3969 3.7607e-01 1.8411e+03  0.4059490     11.350    12.9969    319.828 0.0000e+00
     11.112     6.6525 202.517495     2.2491 2.6052e+02     0.4483    89.3969 3.8217e-01 1.8411e+03  0.4059490     11.331    12.9955    319.891 0.0000e+00
     11.091     6.6568 202.553392     2.2491 2.6052e+02     0.4483    89.3969 3.8950e-01 1.8391e+03  0.4059490     11.310    12.9940    319.905 0.0000e+00
     11.070     6.6586 202.493558     2.2479 2.6347e+02     0.4483    89.3969 3.7729e-01 1.8391e+03  0.4055332     11.288    12.9843    319.792 0.0000e+00
     11.050     6.6602 202.493556     2.2491 2.6496e+02     0.4495    89.3707 3.6142e-01 1.8391e+03  0.4055332     11.268    12.9917    319.776 0.0000e+00
     11.029     6.6618 202.529454     2.2491 2.6570e+02     0.4483    89.3969 3.4554e-01 1.8391e+03  0.4055332     11.246    12.9913    319.816 0.0000e+00
     11.009     6.6642 202.529452     2.2491 2.6796e+02     0.4483    89.3969 3.4432e-01 1.8391e+03  0.4055332     11.226    12.9891    319.792 0.0000e+00
     10.989     6.6660 202.529452     2.2491 2.6947e+02     0.4483    89.3969 3.4799e-01 1.8391e+03  0.4055332     11.206    12.9893    319.774 0.0000e+00
     10.969     6.6685 202.553382     2.2503 2.7023e+02     0.4472    89.4230 3.5653e-01 1.8391e+03  0.4059490     11.185    12.9975    319.786 0.0000e+00
     10.948     6.6713 202.589279     2.2503 2.7252e+02     0.4483    89.3969 3.6386e-01 1.8391e+03  0.4059490     11.164    12.9966    319.815 0.0000e+00
     10.927     6.6740 202.613211     2.2503 2.7560e+02     0.4483    89.3969 3.5775e-01 1.8391e+03  0.4059490     11.142    12.9942    319.825 0.0000e+00
     10.906     6.6760 202.625174     2.2515 2.7637e+02     0.4483    89.3969 3.7363e-01 1.8391e+03  0.4055332     11.121    13.0028    319.824 0.0000e+00
     10.886     6.6775 202.625175     2.2503 2.7637e+02     0.4483    89.3969 3.8828e-01 1.8391e+03  0.4047017     11.101    12.9938    319.809 0.0000e+00
     10.866     6.6777 202.696974     2.2503 2.7715e+02     0.4472    89.4230 3.7485e-01 1.8391e+03  0.4047017     11.080    12.9949    319.920 0.0000e+00
     10.845     6.6768 202.625174     2.2515 2.7715e+02     0.4472    89.4230 3.5653e-01 1.8391e+03  0.4047017     11.059    13.0047    319.816 0.0000e+00
     10.825     6.6775 202.613206     2.2503 2.7715e+02     0.4472    89.4230 3.5165e-01 1.8391e+03  0.4047017     11.038    12.9951    319.790 0.0000e+00
     10.806     6.6777 202.625172     2.2503 2.7637e+02     0.4472    89.4230 3.6020e-01 1.8391e+03  0.4042859     11.019    12.9927    319.807 0.0000e+00
     10.787     6.6773 202.625173     2.2503 2.7637e+02     0.4507    89.3446 3.6386e-01 1.8411e+03  0.4042859     11.000    12.9927    319.811 0.0000e+00
     10.768     6.6780 202.673038     2.2515 2.7637e+02     0.4530    89.2923 3.5165e-01 1.8411e+03  0.4047017     10.980    13.0006    319.879 0.0000e+00
     10.749     6.6786 202.625172     2.2515 2.7637e+02     0.4530    89.2923 3.3944e-01 1.8411e+03  0.4047017     10.961    13.0007    319.798 0.0000e+00
     10.729     6.6799 202.601235     2.2515 2.7715e+02     0.4530    89.2923 3.4310e-01 1.8411e+03  0.4047017     10.941    13.0001    319.747 0.0000e+00
     10.709     6.6812 202.685002     2.2515 2.7715e+02     0.4530    89.2923 3.5165e-01 1.8411e+03  0.4047017     10.920    12.9991    319.866 0.0000e+00
     10.689     6.6821 202.625167     2.2527 2.7872e+02     0.4530    89.2923 3.6874e-01 1.8411e+03  0.4047017     10.900    13.0054    319.762 0.0000e+00
     10.669     6.6827 202.637132     2.2527 2.8029e+02     0.4530    89.2923 3.7973e-01 1.8411e+03  0.4047017     10.879    13.0039    319.775 0.0000e+00
     10.651     6.6836 202.685000     2.2527 2.8029e+02     0.4542    89.2662 3.7363e-01 1.8411e+03  0.4047017     10.861    13.0032    319.842 0.0000e+00
     10.631     6.6856 202.696964     2.2527 2.8586e+02     0.4542    89.2662 3.6142e-01 1.8411e+03  0.4047017     10.841    13.0030    319.840 0.0000e+00
     10.611     6.6893 202.696962     2.2527 2.8910e+02     0.4530    89.2923 3.5043e-01 1.8391e+03  0.4047017     10.820    13.0031    319.803 0.0000e+00
     10.590     6.6933 202.756792     2.2527 2.8910e+02     0.4530    89.2923 3.3944e-01 1.8391e+03  0.4047017     10.799    13.0015    319.857 0.0000e+00
     10.570     6.6964 202.756790     2.2527 2.9402e+02     0.4530    89.2923 3.4432e-01 1.8391e+03  0.4047017     10.778    12.9988    319.826 0.0000e+00
     10.550     6.6986 202.792689     2.2527 2.9818e+02     0.4530    89.2923 3.5409e-01 1.8391e+03  0.4047017     10.758    12.9972    319.860 0.0000e+00
     10.528     6.7004 202.780720     2.2527 2.9902e+02     0.4518    89.3185 3.5775e-01 1.8391e+03  0.4047017     10.736    12.9955    319.823 0.0000e+00
     10.507     6.7018 202.804653     2.2540 3.0240e+02     0.4530    89.2923 3.5531e-01 1.8391e+03  0.4047017     10.714    13.0031    319.847 0.0000e+00
     10.486     6.7025 202.828585     2.2540 3.0668e+02     0.4530    89.2923 3.4554e-01 1.8391e+03  0.4047017     10.693    13.0024    319.877 0.0000e+00
     10.467     6.7040 202.840551     2.2540 3.0755e+02     0.4530    89.2923 3.3455e-01 1.8391e+03  0.4047017     10.673    13.0035    319.881 0.0000e+00
     10.448     6.7054 202.840550     2.2540 3.1103e+02     0.4530    89.2923 3.3700e-01 1.8391e+03  0.4047017     10.654    13.0043    319.867 0.0000e+00
     10.428     6.7061 202.840550     2.2540 3.1543e+02     0.4542    89.2662 3.4310e-01 1.8391e+03  0.4047017     10.634    13.0050    319.860 0.0000e+00
     10.407     6.7083 202.792679     2.2540 3.1632e+02     0.4530    89.2923 3.5165e-01 1.8391e+03  0.4047017     10.612    13.0060    319.762 0.0000e+00
     10.386     6.7117 202.852512     2.2552 3.1632e+02     0.4577    89.1878 3.5409e-01 1.8391e+03  0.4047017     10.591    13.0138    319.822 0.0000e+00
     10.366     6.7146 202.936278     2.2552 3.1721e+02     0.4624    89.0832 3.4921e-01 1.8391e+03  0.4051174     10.570    13.0127    319.925 0.0000e+00
     10.346     6.7176 202.960210     2.2540 3.1632e+02     0.4647    89.0309 3.4310e-01 1.8391e+03  0.4047017     10.550    13.0038    319.933 0.0000e+00
     10.326     6.7205 202.936274     2.2540 3.1632e+02     0.4647    89.0309 3.4432e-01 1.8391e+03  0.4047017     10.530    13.0032    319.866 0.0000e+00
     10.307     6.7242 202.972172     2.2552 3.1366e+02     0.4647    89.0309 3.4676e-01 1.8391e+03  0.4047017     10.510    13.0095    319.885 0.0000e+00
     10.287     6.7262 202.948237     2.2552 3.1278e+02     0.4636    89.0571 3.4432e-01 1.8391e+03  0.4047017     10.490    13.0085    319.827 0.0000e+00
     10.266     6.7274 202.972168     2.2564 3.1190e+02     0.4647    89.0309 3.5531e-01 1.8391e+03  0.4047017     10.468    13.0174    319.853 0.0000e+00
     10.245     6.7290 202.996103     2.2564 3.0755e+02     0.4647    89.0309 3.5531e-01 1.8391e+03  0.4047017     10.447    13.0170    319.874 0.0000e+00
     10.224     6.7317 202.996099     2.2564 3.0496e+02     0.4659    89.0048 3.5775e-01 1.8391e+03  0.4047017     10.426    13.0159    319.847 0.0000e+00
     10.204     6.7342 203.008065     2.2552 3.0496e+02     0.4694    88.9264 3.6264e-01 1.8391e+03  0.4047017     10.405    13.0069    319.841 0.0000e+00
     10.184     6.7366 202.972162     2.2564 3.0411e+02     0.4694    88.9264 3.6264e-01 1.8391e+03  0.4047017     10.385    13.0163    319.760 0.0000e+00
     10.162     6.7398 203.043961     2.2564 3.0325e+02     0.4659    89.0048 3.5043e-01 1.8411e+03  0.4047017     10.362    13.0163    319.841 0.0000e+00
     10.141     6.7429 203.079862     2.2564 3.0325e+02     0.4647    89.0309 3.3700e-01 1.8391e+03  0.4047017     10.341    13.0148    319.866 0.0000e+00
     10.121     6.7445 203.115762     2.2576 3.0496e+02     0.4659    89.0048 3.3089e-01 1.8391e+03  0.4047017     10.321    13.0222    319.906 0.0000e+00
     10.099     6.7448 203.043958     2.2564 3.0582e+02     0.4647    89.0309 3.2357e-01 1.8391e+03  0.4047017     10.298    13.0136    319.790 0.0000e+00
     10.078     6.7445 203.020023     2.2564 3.0582e+02     0.4647    89.0309 3.2112e-01 1.8391e+03  0.4047017     10.277    13.0136    319.756 0.0000e+00
     10.058     6.7443 203.043956     2.2564 3.0928e+02     0.4636    89.0571 3.2234e-01 1.8391e+03  0.4047017     10.256    13.0143    319.795 0.0000e+00
     10.040     6.7447 203.067892     2.2564 3.1190e+02     0.4647    89.0309 3.3700e-01 1.8391e+03  0.4047017     10.238    13.0133    319.829 0.0000e+00
     10.021     6.7458 203.079858     2.2564 3.1190e+02     0.4647    89.0309 3.5165e-01 1.8391e+03  0.4047017     10.219    13.0128    319.837 0.0000e+00
     10.000     6.7469 203.079856     2.2576 3.1455e+02     0.4671    88.9786 3.5043e-01 1.8391e+03  0.4047017     10.197    13.0220    319.826 0.0000e+00
      9.978     6.7485 203.055921     2.2589 3.1721e+02     0.4753    88.7957 3.4676e-01 1.8391e+03  0.4047017     10.175    13.0301    319.772 0.0000e+00
      9.956     6.7498 203.091820     2.2589 3.1811e+02     0.4848    88.5866 3.4188e-01 1.8391e+03  0.4047017     10.152    13.0299    319.815 0.0000e+00
      9.935     6.7515 203.115754     2.2589 3.2080e+02     0.4848    88.5866 3.4066e-01 1.8372e+03  0.4047017     10.131    13.0291    319.836 0.0000e+00
      9.914     6.7525 203.115752     2.2589 3.2443e+02     0.4812    88.6650 3.4310e-01 1.8372e+03  0.4047017     10.109    13.0283    319.826 0.0000e+00
      9.894     6.7543 203.115752     2.2589 3.2626e+02     0.4765    88.7695 3.4676e-01 1.8372e+03  0.4047017     10.089    13.0280    319.808 0.0000e+00
      9.873     6.7558 203.127716     2.2589 3.2718e+02     0.4742    88.8218 3.4799e-01 1.8372e+03  0.4047017     10.068    13.0274    319.811 0.0000e+00
      9.853     6.7572 203.163618     2.2589 3.2995e+02     0.4730    88.8480 3.4188e-01 1.8372e+03  0.4047017     10.047    13.0266    319.854 0.0000e+00
      9.833     6.7585 203.139682     2.2601 3.3088e+02     0.4730    88.8480 3.3211e-01 1.8372e+03  0.4047017     10.027    13.0342    319.803 0.0000e+00
      9.813     6.7599 203.247388     2.2589 3.3181e+02     0.4730    88.8480 3.2479e-01 1.8372e+03  0.4038701     10.006    13.0228    319.959 0.0000e+00
      9.792     6.7612 203.151646     2.2601 3.3462e+02     0.4730    88.8480 3.2601e-01 1.8372e+03  0.4030386      9.985    13.0308    319.795 0.0000e+00
      9.772     6.7626 203.223450     2.2601 3.3557e+02     0.4777    88.7434 3.3333e-01 1.8372e+03  0.4030386      9.965    13.0298    319.894 0.0000e+00
      9.752     6.7639 203.187548     2.2601 3.3651e+02     0.4800    88.6911 3.4554e-01 1.8372e+03  0.4030386      9.944    13.0297    319.824 0.0000e+00
      9.731     6.7649 203.211479     2.2601 3.3841e+02     0.4824    88.6388 3.5409e-01 1.8372e+03  0.4030386      9.923    13.0294    319.852 0.0000e+00
      9.709     6.7654 203.199513     2.2613 3.4032e+02     0.4812    88.6650 3.4432e-01 1.8372e+03  0.4030386      9.900    13.0377    319.828 0.0000e+00
      9.688     6.7668 203.283283     2.2613 3.4032e+02     0.4789    88.7173 3.3455e-01 1.8372e+03  0.4030386      9.879    13.0367    319.945 0.0000e+00
      9.668     6.7676 203.271314     2.2613 3.4224e+02     0.4777    88.7434 3.2967e-01 1.8372e+03  0.4034544      9.859    13.0355    319.919 0.0000e+00
      9.648     6.7683 203.211476     2.2601 3.4320e+02     0.4753    88.7957 3.2967e-01 1.8372e+03  0.4034544      9.838    13.0266    319.817 0.0000e+00
      9.629     6.7694 203.271312     2.2601 3.4224e+02     0.4742    88.8218 3.2601e-01 1.8372e+03  0.4030386      9.819    13.0259    319.900 0.0000e+00
      9.610     6.7705 203.223443     2.2613 3.4417e+02     0.4742    88.8218 3.2234e-01 1.8372e+03  0.4034544      9.799    13.0335    319.814 0.0000e+00
      9.590     6.7717 203.271311     2.2613 3.4514e+02     0.4730    88.8480 3.2723e-01 1.8372e+03  0.4030386      9.779    13.0309    319.877 0.0000e+00
      9.569     6.7723 203.259342     2.2625 3.4514e+02     0.4742    88.8218 3.2601e-01 1.8372e+03  0.4034544      9.758    13.0381    319.852 0.0000e+00
      9.550     6.7735 203.211471     2.2613 3.4806e+02     0.4812    88.6650 3.2357e-01 1.8372e+03  0.4034544      9.738    13.0275    319.765 0.0000e+00
      9.532     6.7748 203.307210     2.2625 3.5101e+02     0.4859    88.5604 3.2234e-01 1.8372e+03  0.4034544      9.720    13.0338    319.903 0.0000e+00
      9.513     6.7763 203.319177     2.2625 3.5200e+02     0.4848    88.5866 3.1990e-01 1.8372e+03  0.4034544      9.701    13.0310    319.906 0.0000e+00
      9.493     6.7783 203.295239     2.2613 3.5200e+02     0.4859    88.5604 3.1380e-01 1.8372e+03  0.4030386      9.680    13.0203    319.849 0.0000e+00
      9.473     6.7799 203.307206     2.2625 3.5101e+02     0.4848    88.5866 3.1380e-01 1.8372e+03  0.4034544      9.660    13.0280    319.851 0.0000e+00
