data/05_metadata_exports/SeabirdData/202305_SeabirdData/83408_stn29.cnv
* Sea-Bird SBE 9 Data File:
* FileName = C:\Users\rosette\Rosette Data\2023\Ontario CSMI\stn29.hex
* Software Version Seasave V 7.26.6.26
* Temperature SN = 5270
* Conductivity SN = 1168
* Number of Bytes Per Scan = 40
* Number of Voltage Words = 5
* Number of Scans Averaged by the Deck Unit = 1
* NMEA Latitude = 43 49.09 N
* NMEA Longitude = 078 52.19 W
* NMEA UTC (Time) = Oct 02 2003  19:48:18
* NMEA baud rate = 4800
** Ship: Lake Guardian
** Ontario CSMI LWFS
** Station:  stn29
# nquan = 14                                
# nvalues = 11823                       
# units = specified
# name 0 = prDM: Pressure, Digiquartz [db]
# name 1 = t090C: Temperature [ITS-90, deg C]
# name 2 = c0uS/cm: Conductivity [uS/cm]
# name 3 = sbeox0V: Oxygen raw, SBE 43 [V]
# name 4 = par: PAR/Irradiance, Biospherical/Licor
# name 5 = bat: Beam Attenuation, Chelsea/Seatech [1/m]
# name 6 = xmiss: Beam Transmission, Chelsea/Seatech [%]
# name 7 = flSP: Fluorescence, Seapoint
# name 8 = spar: SPAR, Biospherical/Licor
# name 9 = upoly0: Upoly 0, Suna Nitrate
# name 10 = depFM: Depth [fresh water, m], lat = 43.8182
# name 11 = sbeox0Mg/L: Oxygen, SBE 43 [mg/l], WS = 2
# name 12 = specc: Specific Conductance [uS/cm]
# name 13 = flag: flag
# span 0 =     -0.149,     29.021       
# span 1 =     4.6600,     9.2778       
# span 2 =   6.291245, 547.026828       
# span 3 =     1.8046,     2.2540       
# span 4 = 2.4255e+01, 3.3661e+03       
# span 5 =     0.1303,     2.8312       
# span 6 =    49.2728,    96.7943       
# span 7 = 2.6862e-02, 1.6899e+00       
# span 8 = 1.5142e+03, 1.8135e+03       
# span 9 =  0.0745862,  0.4200849       
# span 10 =     -0.152,     29.593      
# span 11 =     9.7148,    13.5721      
# span 12 =      9.292,    800.278      
# span 13 = 0.0000e+00, 0.0000e+00      
# interval = seconds: 0.0416667
# start_time = Oct 02 2003 19:48:18 [NMEA time, header]
# bad_flag = -9.990e-29
*END*
[from data line 4130]
      1.922     6.0049 198.701263     2.1880 9.5517e+02     0.2946    92.8996 6.7155e-02 1.6422e+03  0.4051174      1.960    12.6953    320.420 -9.990e-29
      1.922     6.0048 198.689300     2.1880 9.6326e+02     0.2946    92.8996 6.5934e-02 1.6422e+03  0.4051174      1.960    12.6950    320.402 -9.990e-29
      1.923     6.0049 198.701262     2.1880 9.6597e+02     0.2946    92.8996 6.7155e-02 1.6422e+03  0.4055332      1.961    12.6947    320.420 -9.990e-29
      1.923     6.0053 198.713223     2.1880 1.1761e+03     0.2924    92.9518 6.8376e-02 1.6422e+03  0.4055332      1.961    12.6929    320.436 -9.990e-29
      1.924     6.0054 198.689300     2.1893 1.5063e+03     0.2935    92.9257 6.9597e-02 1.6422e+03  0.4055332      1.962    12.7034    320.396 -9.990e-29
      1.925     6.0058 198.725184     2.1880 1.5934e+03     0.2935    92.9257 6.9597e-02 1.6422e+03  0.4055332      1.963    12.6932    320.450 -9.990e-29
      1.926     6.0066 198.701261     2.1880 1.6667e+03     0.2935    92.9257 6.9597e-02 1.6442e+03  0.4055332      1.964    12.6925    320.403 -9.990e-29
      1.926     6.0069 198.701260     2.1880 1.8236e+03     0.2912    92.9780 6.8376e-02 1.6442e+03  0.4055332      1.964    12.6919    320.400 -9.990e-29
      1.927     6.0064 198.641455     2.1880 1.8756e+03     0.2912    92.9780 6.8376e-02 1.6422e+03  0.4055332      1.965    12.6917    320.308 -9.990e-29
      1.929     6.0065 198.665378     2.1893 1.6667e+03     0.2901    93.0041 6.8376e-02 1.6422e+03  0.4055332      1.967    12.7021    320.346 -9.990e-29
      1.929     6.0063 198.701261     2.1893 1.1597e+03     0.2901    93.0041 6.8376e-02 1.6442e+03  0.4055332      1.967    12.7031    320.406 -9.990e-29
      1.928     6.0062 198.641455     2.1880 1.0247e+03     0.2890    93.0303 6.9597e-02 1.6442e+03  0.4055332      1.966    12.6929    320.310 -9.990e-29
      1.928     6.0063 198.713222     2.1880 1.0599e+03     0.2901    93.0041 6.8376e-02 1.6442e+03  0.4055332      1.966    12.6923    320.425 -9.990e-29
      1.928     6.0062 198.713223     2.1880 1.2617e+03     0.2890    93.0303 6.7155e-02 1.6442e+03  0.4055332      1.966    12.6931    320.426 -9.990e-29
      1.929     6.0069 198.713222     2.1880 1.3536e+03     0.2901    93.0041 6.7155e-02 1.6442e+03  0.4055332      1.967    12.6936    320.419 -9.990e-29
      1.928     6.0074 198.737145     2.1880 1.3574e+03     0.2901    93.0041 6.7155e-02 1.6442e+03  0.4055332      1.966    12.6942    320.452 -9.990e-29
      1.927     6.0078 198.749106     2.1880 1.3728e+03     0.2890    93.0303 6.8376e-02 1.6442e+03  0.4055332      1.965    12.6934    320.468 -9.990e-29
      1.926     6.0085 198.761065     2.1880 1.3805e+03     0.2901    93.0041 6.8376e-02 1.6442e+03  0.4047017      1.964    12.6925    320.480 -9.990e-29
      1.925     6.0082 198.796951     2.1893 1.3805e+03     0.2901    93.0041 6.8376e-02 1.6442e+03  0.4042859      1.963    12.7016    320.541 -9.990e-29
      1.925     6.0080 198.737143     2.1880 1.3087e+03     0.2901    93.0041 6.8376e-02 1.6442e+03  0.4042859      1.963    12.6928    320.446 -9.990e-29
      1.926     6.0079 198.713222     2.1880 1.2653e+03     0.2901    93.0041 6.7155e-02 1.6442e+03  0.4042859      1.964    12.6922    320.409 -9.990e-29
      1.927     6.0083 198.737144     2.1880 1.2582e+03     0.2901    93.0041 6.7155e-02 1.6442e+03  0.4042859      1.965    12.6914    320.443 -9.990e-29
      1.926     6.0085 198.701260     2.1880 1.0305e+03     0.2901    93.0041 6.7155e-02 1.6442e+03  0.4042859      1.964    12.6907    320.383 -9.990e-29
      1.925     6.0089 198.725182     2.1893 8.6808e+02     0.2901    93.0041 6.8376e-02 1.6442e+03  0.4042859      1.963    12.6995    320.418 -9.990e-29
      1.923     6.0093 198.749104     2.1880 8.4401e+02     0.2901    93.0041 6.7155e-02 1.6442e+03  0.4042859      1.961    12.6904    320.452 -9.990e-29
      1.922     6.0094 198.713221     2.1880 1.0629e+03     0.2901    93.0041 6.5934e-02 1.6442e+03  0.4042859      1.960    12.6898    320.393 -9.990e-29
      1.920     6.0096 198.737143     2.1880 1.3922e+03     0.2912    92.9780 6.5934e-02 1.6442e+03  0.4042859      1.958    12.6891    320.430 -9.990e-29
      1.918     6.0100 198.749103     2.1880 1.4728e+03     0.2912    92.9780 6.5934e-02 1.6442e+03  0.4042859      1.956    12.6883    320.445 -9.990e-29
      1.916     6.0098 198.761066     2.1893 1.2268e+03     0.2946    92.8996 6.5934e-02 1.6442e+03  0.4042859      1.954    12.6974    320.466 -9.990e-29
      1.914     6.0100 198.725182     2.1880 9.0803e+02     0.2946    92.8996 6.5934e-02 1.6442e+03  0.4042859      1.952    12.6885    320.406 -9.990e-29
      1.910     6.0104 198.737142     2.1880 8.3928e+02     0.2946    92.8996 6.7155e-02 1.6442e+03  0.4042859      1.948    12.6878    320.421 -9.990e-29
      1.907     6.0103 198.713219     2.1880 9.0548e+02     0.2946    92.8996 6.7155e-02 1.6442e+03  0.4042859      1.945    12.6873    320.384 -9.990e-29
      1.905     6.0102 198.737142     2.1880 1.0840e+03     0.2935    92.9257 6.5934e-02 1.6442e+03  0.4042859      1.943    12.6867    320.423 -9.990e-29
      1.903     6.0109 198.749104     2.1893 1.1467e+03     0.2946    92.8996 6.5934e-02 1.6462e+03  0.4042859      1.941    12.6955    320.435 -9.990e-29
      1.901     6.0119 198.749102     2.1893 1.2165e+03     0.2946    92.8996 6.5934e-02 1.6462e+03  0.4042859      1.938    12.6960    320.425 -9.990e-29
      1.898     6.0119 198.749103     2.1880 1.5233e+03     0.2946    92.8996 6.5934e-02 1.6462e+03  0.4042859      1.935    12.6873    320.425 -9.990e-29
      1.893     6.0125 198.701257     2.1880 1.6574e+03     0.2935    92.9257 6.5934e-02 1.6462e+03  0.4042859      1.930    12.6866    320.342 -9.990e-29
      1.889     6.0125 198.689294     2.1893 1.6620e+03     0.2946    92.8996 6.5934e-02 1.6462e+03  0.4042859      1.926    12.6958    320.323 -9.990e-29
      1.887     6.0121 198.749103     2.1893 1.6761e+03     0.2946    92.8996 6.5934e-02 1.6462e+03  0.4042859      1.924    12.6955    320.423 -9.990e-29
      1.883     6.0121 198.725179     2.1880 1.6856e+03     0.2946    92.8996 6.5934e-02 1.6462e+03  0.4042859      1.920    12.6854    320.385 -9.990e-29
      1.880     6.0117 198.737140     2.1880 1.6667e+03     0.2946    92.8996 6.5934e-02 1.6462e+03  0.4042859      1.917    12.6851    320.408 -9.990e-29
      1.878     6.0116 198.761064     2.1880 1.1961e+03     0.2946    92.8996 6.5934e-02 1.6462e+03  0.4042859      1.915    12.6860    320.448 -9.990e-29
      1.875     6.0117 198.749101     2.1880 9.8241e+02     0.2957    92.8734 6.4713e-02 1.6462e+03  0.4047017      1.912    12.6855    320.427 -9.990e-29
      1.871     6.0116 198.749102     2.1893 9.6326e+02     0.2946    92.8996 6.4713e-02 1.6462e+03  0.4055332      1.908    12.6960    320.428 -9.990e-29
      1.868     6.0116 198.761063     2.1880 8.8037e+02     0.2946    92.8996 6.4713e-02 1.6481e+03  0.4055332      1.905    12.6860    320.448 -9.990e-29
      1.864     6.0114 198.749101     2.1880 8.2061e+02     0.2946    92.8996 6.4713e-02 1.6481e+03  0.4059490      1.901    12.6856    320.430 -9.990e-29
      1.861     6.0119 198.761063     2.1880 8.0916e+02     0.2946    92.8996 6.4713e-02 1.6481e+03  0.4059490      1.898    12.6850    320.444 -9.990e-29
      1.858     6.0116 198.796948     2.1880 8.2292e+02     0.2946    92.8996 6.5934e-02 1.6481e+03  0.4055332      1.895    12.6846    320.505 -9.990e-29
      1.853     6.0117 198.820870     2.1880 8.3457e+02     0.2946    92.8996 6.5934e-02 1.6481e+03  0.4055332      1.890    12.6855    320.543 -9.990e-29
      1.848     6.0119 198.737139     2.1880 8.3692e+02     0.2946    92.8996 6.7155e-02 1.6481e+03  0.4055332      1.884    12.6851    320.406 -9.990e-29
      1.845     6.0121 198.749101     2.1880 1.0901e+03     0.2946    92.8996 6.5934e-02 1.6481e+03  0.4059490      1.881    12.6846    320.423 -9.990e-29
      1.844     6.0125 198.725178     2.1880 1.5667e+03     0.2946    92.8996 6.5934e-02 1.6481e+03  0.4055332      1.880    12.6841    320.380 -9.990e-29
      1.843     6.0127 198.749101     2.1880 1.7094e+03     0.2935    92.9257 6.7155e-02 1.6481e+03  0.4055332      1.879    12.6836    320.417 -9.990e-29
      1.842     6.0129 198.773023     2.1880 1.8185e+03     0.2946    92.8996 6.7155e-02 1.6481e+03  0.4055332      1.878    12.6845    320.453 -9.990e-29
      1.840     6.0125 198.701256     2.1880 2.0638e+03     0.2946    92.8996 6.7155e-02 1.6481e+03  0.4055332      1.876    12.6843    320.342 -9.990e-29
      1.839     6.0122 198.725178     2.1880 2.1406e+03     0.2946    92.8996 6.5934e-02 1.6481e+03  0.4059490      1.875    12.6841    320.383 -9.990e-29
      1.838     6.0125 198.713216     2.1880 1.8862e+03     0.2935    92.9257 6.5934e-02 1.6501e+03  0.4059490      1.874    12.6837    320.361 -9.990e-29
      1.838     6.0119 198.737141     2.1880 1.2029e+03     0.2946    92.8996 6.5934e-02 1.6501e+03  0.4059490      1.874    12.6835    320.406 -9.990e-29
      1.838     6.0113 198.701255     2.1880 1.0219e+03     0.2946    92.8996 6.5934e-02 1.6501e+03  0.4055332      1.874    12.6848    320.354 -9.990e-29
      1.838     6.0116 198.701257     2.1880 1.0019e+03     0.2946    92.8996 6.5934e-02 1.6501e+03  0.4059490      1.874    12.6858    320.351 -9.990e-29
      1.838     6.0125 198.749101     2.1880 8.8783e+02     0.2946    92.8996 6.5934e-02 1.6501e+03  0.4059490      1.874    12.6853    320.419 -9.990e-29
      1.837     6.0133 198.773022     2.1880 8.3928e+02     0.2946    92.8996 6.4713e-02 1.6501e+03  0.4055332      1.873    12.6848    320.449 -9.990e-29
      1.836     6.0138 198.749099     2.1880 8.3928e+02     0.2935    92.9257 6.4713e-02 1.6501e+03  0.4059490      1.872    12.6857    320.406 -9.990e-29
      1.837     6.0145 198.749099     2.1880 9.0803e+02     0.2946    92.8996 6.7155e-02 1.6501e+03  0.4059490      1.873    12.6867    320.398 -9.990e-29
      1.839     6.0148 198.761060     2.1880 9.4715e+02     0.2946    92.8996 6.5934e-02 1.6501e+03  0.4059490      1.875    12.6865    320.414 -9.990e-29
      1.841     6.0153 198.749100     2.1893 9.5249e+02     0.2935    92.9257 6.5934e-02 1.6501e+03  0.4059490      1.877    12.6958    320.390 -9.990e-29
      1.841     6.0159 198.713215     2.1880 1.0363e+03     0.2946    92.8996 6.5934e-02 1.6501e+03  0.4059490      1.877    12.6859    320.326 -9.990e-29
      1.841     6.0173 198.749097     2.1880 1.0963e+03     0.2935    92.9257 6.5934e-02 1.6501e+03  0.4059490      1.877    12.6853    320.369 -9.990e-29
      1.842     6.0182 198.773019     2.1880 1.1056e+03     0.2946    92.8996 6.5934e-02 1.6521e+03  0.4059490      1.878    12.6862    320.399 -9.990e-29
      1.844     6.0184 198.844788     2.1880 1.2096e+03     0.2946    92.8996 6.5934e-02 1.6521e+03  0.4055332      1.880    12.6861    320.512 -9.990e-29
      1.847     6.0185 198.796943     2.1880 1.3124e+03     0.2935    92.9257 6.5934e-02 1.6521e+03  0.4047017      1.883    12.6860    320.434 -9.990e-29
      1.849     6.0175 198.808904     2.1880 1.3347e+03     0.2946    92.8996 6.7155e-02 1.6521e+03  0.4042859      1.885    12.6863    320.464 -9.990e-29
      1.852     6.0157 198.761060     2.1880 1.2441e+03     0.2946    92.8996 6.7155e-02 1.6521e+03  0.4042859      1.889    12.6869    320.405 -9.990e-29
      1.855     6.0146 198.701255     2.1880 1.1403e+03     0.2946    92.8996 6.8376e-02 1.6521e+03  0.4042859      1.892    12.6873    320.320 -9.990e-29
      1.857     6.0151 198.749099     2.1880 1.1181e+03     0.2946    92.8996 6.7155e-02 1.6521e+03  0.4042859      1.894    12.6870    320.392 -9.990e-29
      1.860     6.0161 198.773022     2.1880 1.0840e+03     0.2935    92.9257 6.7155e-02 1.6521e+03  0.4042859      1.897    12.6866    320.420 -9.990e-29
      1.863     6.0169 198.749098     2.1880 1.0190e+03     0.2935    92.9257 6.8376e-02 1.6521e+03  0.4042859      1.900    12.6863    320.373 -9.990e-29
      1.867     6.0175 198.761060     2.1880 9.9912e+02     0.2946    92.8996 6.8376e-02 1.6521e+03  0.4042859      1.904    12.6860    320.387 -9.990e-29
      1.871     6.0180 198.808905     2.1880 1.0392e+03     0.2946    92.8996 6.5934e-02 1.6541e+03  0.4042859      1.908    12.6858    320.459 -9.990e-29
      1.874     6.0174 198.784981     2.1880 1.1629e+03     0.2935    92.9257 6.5934e-02 1.6541e+03  0.4042859      1.911    12.6860    320.426 -9.990e-29
      1.879     6.0169 198.773021     2.1880 1.2062e+03     0.2935    92.9257 6.4713e-02 1.6541e+03  0.4042859      1.916    12.6861    320.412 -9.990e-29
      1.883     6.0156 198.749101     2.1880 1.1961e+03     0.2946    92.8996 6.4713e-02 1.6541e+03  0.4042859      1.920    12.6865    320.387 -9.990e-29
      1.886     6.0133 198.713216     2.1880 1.1403e+03     0.2946    92.8996 6.5934e-02 1.6541e+03  0.4042859      1.923    12.6873    320.353 -9.990e-29
      1.890     6.0129 198.749102     2.1880 1.1181e+03     0.2946    92.8996 6.7155e-02 1.6541e+03  0.4047017      1.927    12.6861    320.415 -9.990e-29
      1.892     6.0140 198.749101     2.1880 1.1181e+03     0.2946    92.8996 6.7155e-02 1.6541e+03  0.4047017      1.929    12.6845    320.403 -9.990e-29
      1.894     6.0148 198.749100     2.1880 1.1212e+03     0.2946    92.8996 6.7155e-02 1.6541e+03  0.4042859      1.931    12.6843    320.395 -9.990e-29
      1.896     6.0153 198.761061     2.1880 1.1275e+03     0.2946    92.8996 6.7155e-02 1.6541e+03  0.4042859      1.933    12.6842    320.409 -9.990e-29
      1.899     6.0138 198.749101     2.1880 1.1244e+03     0.2957    92.8734 6.7155e-02 1.6541e+03  0.4042859      1.936    12.6835    320.406 -9.990e-29
      1.904     6.0130 198.701256     2.1880 1.0599e+03     0.2969    92.8473 6.8376e-02 1.6560e+03  0.4042859      1.942    12.6827    320.337 -9.990e-29
      1.908     6.0114 198.725181     2.1880 1.0219e+03     0.2969    92.8473 6.9597e-02 1.6560e+03  0.4042859      1.946    12.6834    320.392 -9.990e-29
      1.912     6.0095 198.749104     2.1880 1.0190e+03     0.2969    92.8473 6.9597e-02 1.6560e+03  0.4042859      1.950    12.6856    320.450 -9.990e-29
      1.915     6.0092 198.749105     2.1880 1.0871e+03     0.2969    92.8473 6.8376e-02 1.6560e+03  0.4042859      1.953    12.6847    320.453 -9.990e-29
      1.919     6.0112 198.749102     2.1880 1.1467e+03     0.2957    92.8734 6.8376e-02 1.6560e+03  0.4042859      1.957    12.6830    320.432 -9.990e-29
      1.923     6.0127 198.761064     2.1880 1.1564e+03     0.2969    92.8473 6.8376e-02 1.6560e+03  0.4042859      1.961    12.6816    320.436 -9.990e-29
      1.926     6.0129 198.749102     2.1880 1.1087e+03     0.2969    92.8473 6.7155e-02 1.6560e+03  0.4047017      1.964    12.6819    320.415 -9.990e-29
      1.929     6.0124 198.761064     2.1880 1.0569e+03     0.2969    92.8473 6.7155e-02 1.6560e+03  0.4047017      1.967    12.6812    320.439 -9.990e-29
      1.932     6.0130 198.725179     2.1880 1.0480e+03     0.2957    92.8734 6.7155e-02 1.6560e+03  0.4047017      1.970    12.6814    320.375 -9.990e-29
      1.935     6.0133 198.737141     2.1880 1.0076e+03     0.2969    92.8473 6.5934e-02 1.6580e+03  0.4042859      1.973    12.6805    320.391 -9.990e-29
      1.939     6.0135 198.784986     2.1880 9.4449e+02     0.2969    92.8473 6.7155e-02 1.6580e+03  0.4042859      1.977    12.6796    320.466 -9.990e-29
      1.943     6.0146 198.713218     2.1880 9.2869e+02     0.2969    92.8473 6.8376e-02 1.6580e+03  0.4042859      1.981    12.6798    320.339 -9.990e-29
      1.944     6.0154 198.725178     2.1880 1.0749e+03     0.2969    92.8473 6.8376e-02 1.6580e+03  0.4042859      1.982    12.6800    320.350 -9.990e-29
      1.944     6.0157 198.761062     2.1880 1.4936e+03     0.2969    92.8473 6.8376e-02 1.6580e+03  0.4042859      1.982    12.6792    320.405 -9.990e-29
