data/05_metadata_exports/SeabirdData/202305_SeabirdData/83408_stn29.cnv
* Sea-Bird SBE 9 Data File:
* FileName = C:\Users\rosette\Rosette Data\2023\Ontario CSMI\stn29.hex
* Software Version Seasave V 7.26.6.26
* Temperature SN = 5270
* Conductivity SN = 1168
* Number of Bytes Per Scan = 40
* Number of Voltage Words = 5
* Number of Scans Averaged by the Deck Unit = 1
* NMEA Latitude = 43 49.09 N
* NMEA Longitude = 078 52.19 W
* NMEA UTC (Time) = Oct 02 2003  19:48:18
* NMEA baud rate = 4800
** Ship: Lake Guardian
** Ontario CSMI LWFS
** Station:  stn29
# nquan = 14                                
# nvalues = 11823                       
# units = specified
# name 0 = prDM: Pressure, Digiquartz [db]
# name 1 = t090C: Temperature [ITS-90, deg C]
# name 2 = c0uS/cm: Conductivity [uS/cm]
# name 3 = sbeox0V: Oxygen raw, SBE 43 [V]
# name 4 = par: PAR/Irradiance, Biospherical/Licor
# name 5 = bat: Beam Attenuation, Chelsea/Seatech [1/m]
# name 6 = xmiss: Beam Transmission, Chelsea/Seatech [%]
# name 7 = flSP: Fluorescence, Seapoint
# name 8 = spar: SPAR, Biospherical/Licor
# name 9 = upoly0: Upoly 0, Suna Nitrate
# name 10 = depFM: Depth [fresh water, m], lat = 43.8182
# name 11 = sbeox0Mg/L: Oxygen, SBE 43 [mg/l], WS = 2
# name 12 = specc: Specific Conductance [uS/cm]
# name 13 = flag: flag
# span 0 =     -0.149,     29.021       
# span 1 =     4.6600,     9.2778       
# span 2 =   6.291245, 547.026828       
# span 3 =     1.8046,     2.2540       
# span 4 = 2.4255e+01, 3.3661e+03       
# span 5 =     0.1303,     2.8312       
# span 6 =    49.2728,    96.7943       
# span 7 = 2.6862e-02, 1.6899e+00       
# span 8 = 1.5142e+03, 1.8135e+03       
# span 9 =  0.0745862,  0.4200849       
# span 10 =     -0.152,     29.593      
# span 11 =     9.7148,    13.5721      
# span 12 =      9.292,    800.278      
# span 13 = 0.0000e+00, 0.0000e+00      
# interval = seconds: 0.0416667
# start_time = Oct 02 2003 19:48:18 [NMEA time, header]
# bad_flag = -9.990e-29
*END*
[from data line 1239]
     -0.121     9.1831  31.233112     2.1661 1.0994e+03     1.1538    74.9418 3.6630e-02 1.5517e+03  0.0957901     -0.123    11.5098     45.682 -9.990e-29
     -0.120     9.1831  31.209657     2.1661 1.0994e+03     1.1538    74.9418 3.5409e-02 1.5517e+03  0.0962058     -0.122    11.5100     45.648 -9.990e-29
     -0.119     9.1829  31.115838     2.1661 1.0994e+03     1.1524    74.9679 3.6630e-02 1.5536e+03  0.0962058     -0.121    11.5092     45.511 -9.990e-29
     -0.119     9.1829  31.104111     2.1661 1.0994e+03     1.1524    74.9679 3.6630e-02 1.5536e+03  0.0962058     -0.121    11.5094     45.494 -9.990e-29
     -0.119     9.1827  31.162747     2.1648 1.0994e+03     1.1524    74.9679 3.7851e-02 1.5536e+03  0.0962058     -0.121    11.5009     45.580 -9.990e-29
     -0.119     9.1831  31.068929     2.1661 1.0994e+03     1.1538    74.9418 3.9072e-02 1.5536e+03  0.0962058     -0.121    11.5098     45.442 -9.990e-29
     -0.120     9.1827  30.986840     2.1661 1.0963e+03     1.1524    74.9679 3.9072e-02 1.5536e+03  0.0962058     -0.122    11.5102     45.322 -9.990e-29
     -0.122     9.1829  31.174475     2.1661 1.0963e+03     1.1538    74.9418 3.7851e-02 1.5556e+03  0.0962058     -0.124    11.5092     45.597 -9.990e-29
     -0.124     9.1829  31.139293     2.1648 1.0963e+03     1.1538    74.9418 3.6630e-02 1.5556e+03  0.0957901     -0.126    11.5015     45.545 -9.990e-29
     -0.125     9.1826  31.115838     2.1661 1.0932e+03     1.1524    74.9679 3.7851e-02 1.5556e+03  0.0957901     -0.127    11.5106     45.511 -9.990e-29
     -0.125     9.1825  31.057202     2.1661 1.0963e+03     1.1538    74.9418 3.9072e-02 1.5556e+03  0.0957901     -0.127    11.5097     45.426 -9.990e-29
     -0.124     9.1825  31.139293     2.1661 1.0932e+03     1.1552    74.9156 3.7851e-02 1.5576e+03  0.0957901     -0.126    11.5087     45.546 -9.990e-29
     -0.125     9.1823  31.080657     2.1661 1.0963e+03     1.1552    74.9156 3.7851e-02 1.5576e+03  0.0957901     -0.127    11.5077     45.460 -9.990e-29
     -0.126     9.1824  31.045475     2.1661 1.1024e+03     1.1552    74.9156 3.9072e-02 1.5576e+03  0.0957901     -0.128    11.5077     45.409 -9.990e-29
     -0.128     9.1824  31.045475     2.1673 1.1056e+03     1.1538    74.9418 4.0293e-02 1.5595e+03  0.0962058     -0.131    11.5158     45.409 -9.990e-29
     -0.129     9.1822  31.080657     2.1661 1.1056e+03     1.1552    74.9156 4.0293e-02 1.5595e+03  0.0957901     -0.132    11.5067     45.460 -9.990e-29
     -0.129     9.1820  31.068929     2.1661 1.1087e+03     1.1538    74.9418 4.0293e-02 1.5595e+03  0.0962058     -0.132    11.5057     45.443 -9.990e-29
     -0.127     9.1821  31.186202     2.1661 1.1087e+03     1.1538    74.9418 4.0293e-02 1.5595e+03  0.0962058     -0.130    11.5058     45.615 -9.990e-29
     -0.124     9.1819  31.010294     2.1661 1.1087e+03     1.1552    74.9156 4.0293e-02 1.5615e+03  0.0962058     -0.126    11.5060     45.358 -9.990e-29
     -0.123     9.1818  30.904751     2.1661 1.1118e+03     1.1552    74.9156 4.0293e-02 1.5615e+03  0.0962058     -0.125    11.5061     45.204 -9.990e-29
     -0.122     9.1817  30.881297     2.1661 1.1149e+03     1.1538    74.9418 4.0293e-02 1.5615e+03  0.0962058     -0.124    11.5062     45.169 -9.990e-29
     -0.122     9.1814  30.986840     2.1661 1.1149e+03     1.1552    74.9156 3.9072e-02 1.5615e+03  0.0962058     -0.124    11.5064     45.324 -9.990e-29
     -0.122     9.1813  30.822663     2.1661 1.1244e+03     1.1552    74.9156 3.9072e-02 1.5635e+03  0.0957901     -0.124    11.5075     45.084 -9.990e-29
     -0.123     9.1811  30.728849     2.1673 1.1307e+03     1.1538    74.9418 3.7851e-02 1.5635e+03  0.0962058     -0.125    11.5158     44.947 -9.990e-29
     -0.123     9.1812  30.752302     2.1661 1.1307e+03     1.1552    74.9156 3.6630e-02 1.5635e+03  0.0962058     -0.125    11.5077     44.981 -9.990e-29
     -0.122     9.1811  30.681942     2.1661 1.1435e+03     1.1552    74.9156 3.6630e-02 1.5635e+03  0.0962058     -0.124    11.5067     44.879 -9.990e-29
     -0.121     9.1807  30.588130     2.1648 1.1597e+03     1.1552    74.9156 3.7851e-02 1.5654e+03  0.0957901     -0.123    11.4981     44.742 -9.990e-29
     -0.120     9.1805  30.541224     2.1661 1.1662e+03     1.1552    74.9156 3.7851e-02 1.5654e+03  0.0962058     -0.122    11.5071     44.674 -9.990e-29
     -0.119     9.1804  30.552950     2.1661 1.2199e+03     1.1552    74.9156 3.9072e-02 1.5654e+03  0.0957901     -0.121    11.5072     44.691 -9.990e-29
     -0.119     9.1803  30.482592     2.1661 1.3883e+03     1.1566    74.8895 3.9072e-02 1.5674e+03  0.0962058     -0.121    11.5063     44.588 -9.990e-29
     -0.120     9.1803  30.388782     2.1661 1.4522e+03     1.1552    74.9156 4.0293e-02 1.5674e+03  0.0962058     -0.122    11.5053     44.451 -9.990e-29
     -0.122     9.1801  30.377055     2.1661 1.5800e+03     1.1566    74.8895 4.0293e-02 1.5674e+03  0.0962058     -0.124    11.5054     44.434 -9.990e-29
     -0.123     9.1797  30.377055     2.1673 2.2391e+03     1.1566    74.8895 4.0293e-02 1.5674e+03  0.0962058     -0.125    11.5138     44.434 -9.990e-29
     -0.125     9.1798  30.318425     2.1661 2.5626e+03     1.1552    74.9156 4.0293e-02 1.5694e+03  0.0962058     -0.127    11.5046     44.349 -9.990e-29
     -0.128     9.1796  30.283246     2.1661 2.5698e+03     1.1566    74.8895 4.0293e-02 1.5694e+03  0.0962058     -0.131    11.5048     44.297 -9.990e-29
     -0.131     9.1797  30.212890     2.1661 2.5843e+03     1.1552    74.9156 4.0293e-02 1.5694e+03  0.0962058     -0.134    11.5058     44.194 -9.990e-29
     -0.134     9.1796  30.189438     2.1661 2.5916e+03     1.1566    74.8895 4.0293e-02 1.5694e+03  0.0962058     -0.137    11.5058     44.160 -9.990e-29
     -0.136     9.1795  30.142535     2.1661 2.5843e+03     1.1566    74.8895 3.9072e-02 1.5713e+03  0.0962058     -0.139    11.5058     44.092 -9.990e-29
     -0.139     9.1793  30.095631     2.1661 2.2965e+03     1.1566    74.8895 3.9072e-02 1.5713e+03  0.0962058     -0.142    11.5059     44.023 -9.990e-29
     -0.140     9.1791  30.025277     2.1648 2.1466e+03     1.1566    74.8895 3.9072e-02 1.5713e+03  0.0957901     -0.143    11.4982     43.921 -9.990e-29
     -0.140     9.1788  30.013551     2.1648 2.1286e+03     1.1566    74.8895 3.6630e-02 1.5713e+03  0.0962058     -0.143    11.4983     43.904 -9.990e-29
     -0.140     9.1790  29.978374     2.1661 1.8032e+03     1.1566    74.8895 3.6630e-02 1.5733e+03  0.0962058     -0.143    11.5072     43.852 -9.990e-29
     -0.139     9.1786  29.872844     2.1661 1.5800e+03     1.1566    74.8895 3.5409e-02 1.5733e+03  0.0957901     -0.142    11.5073     43.698 -9.990e-29
     -0.137     9.1785  29.849393     2.1661 1.5449e+03     1.1566    74.8895 3.6630e-02 1.5733e+03  0.0962058     -0.140    11.5074     43.664 -9.990e-29
     -0.136     9.1786  29.802492     2.1661 1.9953e+03     1.1552    74.9156 3.6630e-02 1.5753e+03  0.0962058     -0.139    11.5075     43.595 -9.990e-29
     -0.134     9.1783  29.790766     2.1661 2.5916e+03     1.1566    74.8895 3.6630e-02 1.5753e+03  0.0962058     -0.137    11.5076     43.579 -9.990e-29
     -0.131     9.1779  29.720414     2.1673 2.7261e+03     1.1566    74.8895 3.7851e-02 1.5753e+03  0.0962058     -0.134    11.5159     43.476 -9.990e-29
     -0.128     9.1779  29.720414     2.1661 2.6956e+03     1.1566    74.8895 3.7851e-02 1.5773e+03  0.0962058     -0.131    11.5079     43.476 -9.990e-29
     -0.126     9.1779  29.743865     2.1661 2.6805e+03     1.1552    74.9156 3.6630e-02 1.5773e+03  0.0962058     -0.128    11.5089     43.510 -9.990e-29
     -0.125     9.1776  29.755590     2.1648 2.6805e+03     1.1566    74.8895 3.6630e-02 1.5773e+03  0.0962058     -0.127    11.5003     43.528 -9.990e-29
     -0.125     9.1777  29.673513     2.1661 2.6730e+03     1.1594    74.8372 3.7851e-02 1.5773e+03  0.0962058     -0.127    11.5092     43.408 -9.990e-29
     -0.126     9.1775  29.661788     2.1661 2.6655e+03     1.1594    74.8372 3.7851e-02 1.5792e+03  0.0962058     -0.128    11.5072     43.391 -9.990e-29
     -0.127     9.1771  29.603163     2.1661 2.6580e+03     1.1594    74.8372 3.9072e-02 1.5792e+03  0.0962058     -0.130    11.5074     43.306 -9.990e-29
     -0.128     9.1772  29.591437     2.1661 2.4499e+03     1.1594    74.8372 3.9072e-02 1.5812e+03  0.0962058     -0.131    11.5075     43.288 -9.990e-29
     -0.129     9.1770  29.603163     2.1648 1.7831e+03     1.1594    74.8372 3.7851e-02 1.5812e+03  0.0962058     -0.132    11.4988     43.306 -9.990e-29
     -0.129     9.1770  29.567987     2.1661 1.5845e+03     1.1594    74.8372 3.6630e-02 1.5812e+03  0.0957901     -0.132    11.5077     43.254 -9.990e-29
     -0.130     9.1772  29.591438     2.1661 1.6024e+03     1.1594    74.8372 3.6630e-02 1.5812e+03  0.0962058     -0.133    11.5078     43.288 -9.990e-29
     -0.133     9.1768  29.521087     2.1661 1.7434e+03     1.1580    74.8634 3.6630e-02 1.5832e+03  0.0962058     -0.136    11.5080     43.186 -9.990e-29
     -0.136     9.1766  29.497637     2.1661 1.8134e+03     1.1608    74.8111 3.9072e-02 1.5832e+03  0.0962058     -0.139    11.5082     43.152 -9.990e-29
     -0.138     9.1763  29.497637     2.1673 1.8442e+03     1.1594    74.8372 3.9072e-02 1.5832e+03  0.0962058     -0.141    11.5166     43.152 -9.990e-29
     -0.140     9.1760  29.427288     2.1661 2.4089e+03     1.1594    74.8372 3.9072e-02 1.5851e+03  0.0962058     -0.143    11.5087     43.050 -9.990e-29
     -0.142     9.1761  29.345214     2.1661 2.7725e+03     1.1580    74.8634 4.0293e-02 1.5851e+03  0.0962058     -0.145    11.5089     42.930 -9.990e-29
     -0.143     9.1758  29.345214     2.1661 2.8117e+03     1.1594    74.8372 3.9072e-02 1.5851e+03  0.0962058     -0.146    11.5092     42.930 -9.990e-29
     -0.142     9.1758  29.263142     2.1661 2.8356e+03     1.1580    74.8634 4.0293e-02 1.5871e+03  0.0962058     -0.145    11.5093     42.810 -9.990e-29
     -0.141     9.1758  29.192794     2.1661 2.8596e+03     1.1594    74.8372 3.9072e-02 1.5871e+03  0.0962058     -0.144    11.5084     42.707 -9.990e-29
     -0.140     9.1754  29.110723     2.1661 2.8596e+03     1.1594    74.8372 3.9072e-02 1.5871e+03  0.0957901     -0.143    11.5065     42.587 -9.990e-29
     -0.138     9.1751  29.052101     2.1661 2.8838e+03     1.1594    74.8372 3.7851e-02 1.5891e+03  0.0962058     -0.141    11.5068     42.502 -9.990e-29
     -0.135     9.1752  29.040377     2.1661 2.9001e+03     1.1594    74.8372 3.7851e-02 1.5891e+03  0.0962058     -0.138    11.5069     42.485 -9.990e-29
     -0.133     9.1748  29.040377     2.1661 2.9001e+03     1.1594    74.8372 3.6630e-02 1.5891e+03  0.0957901     -0.136    11.5072     42.485 -9.990e-29
     -0.130     9.1748  28.946583     2.1661 2.9082e+03     1.1594    74.8372 3.5409e-02 1.5910e+03  0.0962058     -0.133    11.5073     42.348 -9.990e-29
     -0.129     9.1748  28.829342     2.1661 2.9246e+03     1.1608    74.8111 3.5409e-02 1.5910e+03  0.0962058     -0.132    11.5074     42.177 -9.990e-29
     -0.129     9.1747  28.735550     2.1661 2.9246e+03     1.1622    74.7849 3.5409e-02 1.5910e+03  0.0962058     -0.132    11.5086     42.039 -9.990e-29
     -0.128     9.1744  28.712102     2.1661 2.9329e+03     1.1622    74.7849 3.5409e-02 1.5930e+03  0.0962058     -0.131    11.5089     42.005 -9.990e-29
     -0.127     9.1743  28.805894     2.1661 2.9494e+03     1.1622    74.7849 3.7851e-02 1.5930e+03  0.0962058     -0.130    11.5091     42.143 -9.990e-29
     -0.126     9.1743  28.735550     2.1661 2.9577e+03     1.1622    74.7849 3.9072e-02 1.5930e+03  0.0962058     -0.128    11.5082     42.040 -9.990e-29
     -0.126     9.1740  28.735550     2.1648 2.9577e+03     1.1622    74.7849 3.9072e-02 1.5950e+03  0.0962058     -0.128    11.4996     42.040 -9.990e-29
     -0.126     9.1740  28.782446     2.1661 2.9744e+03     1.1622    74.7849 3.9072e-02 1.5950e+03  0.0962058     -0.128    11.5086     42.109 -9.990e-29
     -0.127     9.1738  28.770722     2.1661 2.9912e+03     1.1622    74.7849 3.7851e-02 1.5950e+03  0.0962058     -0.130    11.5087     42.092 -9.990e-29
     -0.129     9.1737  28.794170     2.1661 2.9912e+03     1.1622    74.7849 3.6630e-02 1.5969e+03  0.0962058     -0.132    11.5089     42.126 -9.990e-29
     -0.132     9.1732  28.665207     2.1661 2.9996e+03     1.1622    74.7849 3.7851e-02 1.5969e+03  0.0962058     -0.135    11.5070     41.938 -9.990e-29
     -0.133     9.1731  28.688655     2.1661 3.0080e+03     1.1622    74.7849 3.9072e-02 1.5969e+03  0.0962058     -0.136    11.5072     41.973 -9.990e-29
     -0.134     9.1729  28.712103     2.1648 3.0080e+03     1.1636    74.7588 3.9072e-02 1.5989e+03  0.0962058     -0.137    11.4995     42.007 -9.990e-29
     -0.135     9.1726  28.688655     2.1661 3.0250e+03     1.1622    74.7849 3.9072e-02 1.5989e+03  0.0962058     -0.138    11.5086     41.973 -9.990e-29
     -0.136     9.1725  28.618312     2.1661 3.0335e+03     1.1622    74.7849 3.7851e-02 1.5989e+03  0.0962058     -0.139    11.5087     41.871 -9.990e-29
     -0.137     9.1722  28.618312     2.1661 3.0335e+03     1.1622    74.7849 3.6630e-02 1.6009e+03  0.0962058     -0.140    11.5088     41.871 -9.990e-29
     -0.137     9.1720  28.536247     2.1661 3.0506e+03     1.1622    74.7849 3.6630e-02 1.6009e+03  0.0962058     -0.140    11.5091     41.751 -9.990e-29
     -0.137     9.1717  28.512800     2.1661 3.0506e+03     1.1608    74.8111 3.6630e-02 1.6009e+03  0.0962058     -0.140    11.5093     41.717 -9.990e-29
     -0.136     9.1716  28.489353     2.1661 3.0592e+03     1.1622    74.7849 3.7851e-02 1.6029e+03  0.0962058     -0.139    11.5095     41.683 -9.990e-29
     -0.136     9.1712  28.419012     2.1661 3.0678e+03     1.1622    74.7849 3.7851e-02 1.6029e+03  0.0957901     -0.139    11.5098     41.581 -9.990e-29
     -0.136     9.1711  28.419012     2.1648 3.0765e+03     1.1636    74.7588 3.9072e-02 1.6029e+03  0.0962058     -0.139    11.5012     41.581 -9.990e-29
     -0.135     9.1709  28.325225     2.1661 3.0765e+03     1.1622    74.7849 3.9072e-02 1.6048e+03  0.0962058     -0.138    11.5103     41.444 -9.990e-29
     -0.133     9.1705  28.278332     2.1661 3.0851e+03     1.1636    74.7588 3.9072e-02 1.6048e+03  0.0962058     -0.136    11.5106     41.376 -9.990e-29
     -0.131     9.1707  28.278332     2.1661 3.0938e+03     1.1636    74.7588 3.9072e-02 1.6048e+03  0.0962058     -0.134    11.5097     41.375 -9.990e-29
     -0.130     9.1702  28.290055     2.1661 3.0938e+03     1.1636    74.7588 3.9072e-02 1.6068e+03  0.0962058     -0.133    11.5090     41.393 -9.990e-29
     -0.129     9.1700  28.254885     2.1661 3.1025e+03     1.1650    74.7327 3.9072e-02 1.6068e+03  0.0957901     -0.132    11.5093     41.342 -9.990e-29
     -0.129     9.1698  28.172823     2.1661 3.1112e+03     1.1650    74.7327 3.9072e-02 1.6068e+03  0.0957901     -0.132    11.5097     41.222 -9.990e-29
     -0.129     9.1693  28.149377     2.1661 3.1112e+03     1.1636    74.7588 3.9072e-02 1.6088e+03  0.0962058     -0.132    11.5101     41.188 -9.990e-29
     -0.128     9.1689  28.184547     2.1661 3.1200e+03     1.1636    74.7588 3.9072e-02 1.6088e+03  0.0962058     -0.131    11.5105     41.240 -9.990e-29
     -0.128     9.1689  28.196270     2.1661 3.1288e+03     1.1636    74.7588 3.9072e-02 1.6088e+03  0.0962058     -0.131    11.5107     41.257 -9.990e-29
     -0.128     9.1684  28.114208     2.1661 3.1288e+03     1.1636    74.7588 3.6630e-02 1.6088e+03  0.0962058     -0.131    11.5111     41.138 -9.990e-29
     -0.129     9.1683  28.079039     2.1661 3.1376e+03     1.1636    74.7588 3.6630e-02 1.6107e+03  0.0962058     -0.132    11.5103     41.087 -9.990e-29
     -0.130     9.1681  28.149377     2.1661 3.1376e+03     1.1636    74.7588 3.6630e-02 1.6107e+03  0.0962058     -0.133    11.5106     41.190 -9.990e-29
