data/05_metadata_exports/SeabirdData/202305_SeabirdData/83401_stn28-day.cnv
* Sea-Bird SBE 9 Data File:
* FileName = C:\Users\rosette\Rosette Data\2023\Ontario CSMI\stn28-day.hex
* Software Version Seasave V 7.26.6.26
* Temperature SN = 5270
* Conductivity SN = 1168
* Number of Bytes Per Scan = 40
* Number of Voltage Words = 5
* Number of Scans Averaged by the Deck Unit = 1
* NMEA Latitude = 43 46.53 N
* NMEA Longitude = 078 51.15 W
* NMEA UTC (Time) = Oct 02 2003  18:57:47
* NMEA baud rate = 4800
** Ship: Lake Guardian
** Ontario CSMI LWFS
** Station:  stn28-day
# nquan = 14                                
# nvalues = 13378                       
# units = specified
# name 0 = prDM: Pressure, Digiquartz [db]
# name 1 = t090C: Temperature [ITS-90, deg C]
# name 2 = c0uS/cm: Conductivity [uS/cm]
# name 3 = sbeox0V: Oxygen raw, SBE 43 [V]
# name 4 = par: PAR/Irradiance, Biospherical/Licor
# name 5 = bat: Beam Attenuation, Chelsea/Seatech [1/m]
# name 6 = xmiss: Beam Transmission, Chelsea/Seatech [%]
# name 7 = flSP: Fluorescence, Seapoint
# name 8 = spar: SPAR, Biospherical/Licor
# name 9 = upoly0: Upoly 0, Suna Nitrate
# name 10 = depFM: Depth [fresh water, m], lat = 43.7755
# name 11 = sbeox0Mg/L: Oxygen, SBE 43 [mg/l], WS = 2
# name 12 = specc: Specific Conductance [uS/cm]
# name 13 = flag: flag
# span 0 =     -0.111,     59.810       
# span 1 =     4.3631,     9.6947       
# span 2 =  16.856044, 513.876061       
# span 3 =     1.7875,     2.2784       
# span 4 = 4.2339e-01, 3.9734e+03       
# span 5 =     0.1013,     3.9954       
# span 6 =    36.8305,    97.5001       
# span 7 = 1.8315e-02, 8.1929e-01       
# span 8 = 1.7190e+03, 1.8549e+03       
# span 9 =  0.0745862,  0.4213322       
# span 10 =     -0.113,     60.989      
# span 11 =     9.3283,    13.2934      
# span 12 =     24.831,    746.027      
# span 13 = 0.0000e+00, 0.0000e+00      
# interval = seconds: 0.0416667
# start_time = Oct 02 2003 18:57:47 [NMEA time, header]
# bad_flag = -9.990e-29
*END*
[from data line 6813]
     55.091     4.3811 186.869656     2.1001 7.5590e-01     0.1260    96.8989 1.0501e-01 1.8234e+03  0.3889027     56.177    12.6874    317.999 0.0000e+00
     55.111     4.3801 186.881603     2.1001 7.5590e-01     0.1260    96.8989 1.0623e-01 1.8214e+03  0.3893185     56.198    12.6867    318.030 0.0000e+00
     55.131     4.3787 186.809935     2.1001 7.5106e-01     0.1271    96.8728 1.0745e-01 1.8214e+03  0.3893185     56.218    12.6876    317.923 0.0000e+00
     55.150     4.3776 186.821881     2.1001 7.4385e-01     0.1271    96.8728 1.1233e-01 1.8214e+03  0.3893185     56.237    12.6884    317.955 0.0000e+00
     55.168     4.3761 186.845770     2.0989 7.4146e-01     0.1271    96.8728 1.1233e-01 1.8214e+03  0.3893185     56.256    12.6814    318.012 0.0000e+00
     55.187     4.3751 186.797993     2.1001 7.4385e-01     0.1271    96.8728 1.1722e-01 1.8214e+03  0.3889027     56.275    12.6916    317.942 0.0000e+00
     55.207     4.3742 186.786048     2.1001 7.4385e-01     0.1271    96.8728 1.3187e-01 1.8214e+03  0.3893185     56.295    12.6926    317.931 0.0000e+00
     55.227     4.3730 186.821884     2.1001 7.4385e-01     0.1260    96.8989 1.2943e-01 1.8214e+03  0.3889027     56.316    12.6923    318.005 0.0000e+00
     55.248     4.3728 186.821886     2.1001 7.4146e-01     0.1271    96.8728 1.2210e-01 1.8195e+03  0.3889027     56.337    12.6931    318.007 0.0000e+00
     55.267     4.3720 186.786051     2.1001 7.3907e-01     0.1271    96.8728 1.2088e-01 1.8195e+03  0.3889027     56.357    12.6942    317.955 0.0000e+00
     55.285     4.3711 186.845777     2.1001 7.3670e-01     0.1271    96.8728 1.2332e-01 1.8195e+03  0.3889027     56.375    12.6952    318.066 0.0000e+00
     55.303     4.3704 186.762162     2.1001 7.3670e-01     0.1271    96.8728 1.1966e-01 1.8195e+03  0.3889027     56.393    12.6962    317.931 0.0000e+00
     55.321     4.3701 186.809943     2.0989 7.3907e-01     0.1260    96.8989 1.1477e-01 1.8195e+03  0.3889027     56.412    12.6877    318.016 0.0000e+00
     55.339     4.3699 186.797998     2.0989 7.3907e-01     0.1260    96.8989 1.1111e-01 1.8195e+03  0.3889027     56.430    12.6871    317.998 0.0000e+00
     55.357     4.3699 186.809943     2.1001 7.3907e-01     0.1271    96.8728 1.0867e-01 1.8195e+03  0.3893185     56.448    12.6973    318.018 0.0000e+00
     55.376     4.3699 186.774110     2.1001 7.3670e-01     0.1271    96.8728 1.1355e-01 1.8195e+03  0.3901500     56.468    12.6981    317.957 0.0000e+00
     55.394     4.3698 186.821889     2.0989 7.3670e-01     0.1271    96.8728 1.1233e-01 1.8195e+03  0.3901500     56.486    12.6881    318.040 0.0000e+00
     55.412     4.3699 186.798000     2.0989 7.3433e-01     0.1271    96.8728 1.0989e-01 1.8195e+03  0.3905657     56.505    12.6875    317.998 0.0000e+00
     55.431     4.3699 186.869669     2.0989 7.3196e-01     0.1271    96.8728 1.0745e-01 1.8195e+03  0.3901500     56.524    12.6870    318.120 0.0000e+00
     55.451     4.3706 186.809945     2.0989 7.2726e-01     0.1282    96.8466 1.0623e-01 1.8195e+03  0.3901500     56.544    12.6863    318.011 0.0000e+00
     55.471     4.3707 186.762166     2.1001 7.2726e-01     0.1271    96.8728 1.0745e-01 1.8195e+03  0.3901500     56.565    12.6967    317.928 0.0000e+00
     55.489     4.3711 186.821891     2.1001 7.2726e-01     0.1260    96.8989 1.0867e-01 1.8195e+03  0.3901500     56.583    12.6990    318.026 0.0000e+00
     55.506     4.3707 186.845780     2.0989 7.2726e-01     0.1260    96.8989 1.1233e-01 1.8195e+03  0.3905657     56.600    12.6924    318.071 0.0000e+00
     55.525     4.3709 186.821892     2.0989 7.2726e-01     0.1260    96.8989 1.1111e-01 1.8195e+03  0.3901500     56.620    12.6921    318.028 0.0000e+00
     55.543     4.3709 186.786056     2.0989 7.2025e-01     0.1249    96.9250 1.0867e-01 1.8195e+03  0.3901500     56.638    12.6918    317.967 0.0000e+00
     55.561     4.3707 186.821892     2.0989 7.1561e-01     0.1249    96.9250 1.0501e-01 1.8195e+03  0.3901500     56.656    12.6918    318.030 0.0000e+00
     55.580     4.3707 186.774112     2.1001 7.1329e-01     0.1260    96.8989 1.0501e-01 1.8195e+03  0.3905657     56.676    12.7025    317.949 0.0000e+00
     55.600     4.3709 186.821892     2.1001 7.1099e-01     0.1260    96.8989 1.0501e-01 1.8195e+03  0.3905657     56.696    12.7023    318.028 0.0000e+00
     55.619     4.3712 186.798004     2.1001 7.0640e-01     0.1249    96.9250 1.0623e-01 1.8195e+03  0.3905657     56.716    12.7022    317.984 0.0000e+00
     55.637     4.3707 186.821893     2.0989 7.0640e-01     0.1260    96.8989 1.0623e-01 1.8195e+03  0.3905657     56.734    12.6915    318.030 0.0000e+00
     55.654     4.3707 186.881618     2.0989 7.0640e-01     0.1249    96.9250 1.0623e-01 1.8195e+03  0.3905657     56.751    12.6916    318.132 0.0000e+00
     55.673     4.3707 186.881619     2.0989 7.1099e-01     0.1249    96.9250 1.0501e-01 1.8175e+03  0.3905657     56.771    12.6931    318.132 0.0000e+00
     55.691     4.3706 186.833839     2.1001 7.1099e-01     0.1260    96.8989 1.0012e-01 1.8175e+03  0.3901500     56.789    12.7040    318.051 0.0000e+00
     55.710     4.3707 186.821894     2.1001 7.0869e-01     0.1260    96.8989 9.7680e-02 1.8195e+03  0.3901500     56.808    12.7054    318.030 0.0000e+00
     55.729     4.3709 186.786060     2.1001 7.0412e-01     0.1249    96.9250 9.5238e-02 1.8195e+03  0.3901500     56.828    12.7055    317.967 0.0000e+00
     55.748     4.3707 186.809950     2.1001 7.0184e-01     0.1260    96.8989 9.2796e-02 1.8195e+03  0.3905657     56.847    12.7057    318.010 0.0000e+00
     55.768     4.3709 186.821895     2.1001 7.0184e-01     0.1249    96.9250 9.1575e-02 1.8195e+03  0.3901500     56.868    12.7058    318.028 0.0000e+00
     55.787     4.3709 186.821897     2.0989 6.9730e-01     0.1249    96.9250 9.1575e-02 1.8195e+03  0.3905657     56.887    12.6967    318.028 0.0000e+00
     55.806     4.3711 186.857730     2.1001 6.9730e-01     0.1260    96.8989 9.1575e-02 1.8195e+03  0.3905657     56.906    12.7033    318.087 0.0000e+00
     55.825     4.3711 186.821897     2.1001 6.9504e-01     0.1260    96.8989 9.6459e-02 1.8195e+03  0.3905657     56.926    12.7021    318.026 0.0000e+00
     55.843     4.3712 186.809952     2.0989 6.9279e-01     0.1249    96.9250 9.8901e-02 1.8195e+03  0.3905657     56.944    12.6917    318.004 0.0000e+00
     55.861     4.3714 186.821897     2.0989 6.9054e-01     0.1239    96.9512 9.8901e-02 1.8195e+03  0.3909815     56.962    12.6892    318.022 0.0000e+00
     55.878     4.3718 186.833841     2.0989 6.9054e-01     0.1228    96.9773 9.6459e-02 1.8195e+03  0.3901500     56.980    12.6882    318.038 0.0000e+00
     55.896     4.3723 186.845787     2.0989 6.9730e-01     0.1239    96.9512 9.6459e-02 1.8195e+03  0.3897342     56.998    12.6885    318.053 0.0000e+00
     55.913     4.3722 186.845787     2.1001 7.0412e-01     0.1228    96.9773 9.6459e-02 1.8195e+03  0.3901500     57.015    12.6983    318.054 0.0000e+00
     55.930     4.3725 186.845787     2.1001 7.0412e-01     0.1228    96.9773 9.4017e-02 1.8195e+03  0.3901500     57.033    12.6987    318.051 0.0000e+00
     55.948     4.3728 186.845788     2.1001 6.9504e-01     0.1228    96.9773 9.2796e-02 1.8195e+03  0.3897342     57.051    12.6990    318.048 0.0000e+00
     55.965     4.3731 186.821898     2.0989 6.8607e-01     0.1228    96.9773 9.2796e-02 1.8195e+03  0.3901500     57.068    12.6887    318.004 0.0000e+00
     55.981     4.3734 186.833842     2.0989 6.8384e-01     0.1228    96.9773 9.2796e-02 1.8195e+03  0.3901500     57.085    12.6876    318.021 0.0000e+00
     55.999     4.3730 186.821898     2.0989 6.8162e-01     0.1228    96.9773 9.1575e-02 1.8195e+03  0.3901500     57.103    12.6869    318.005 0.0000e+00
     56.018     4.3731 186.857734     2.1001 6.7940e-01     0.1239    96.9512 9.1575e-02 1.8195e+03  0.3901500     57.122    12.6953    318.065 0.0000e+00
     56.037     4.3730 186.893569     2.0989 6.7940e-01     0.1239    96.9512 9.6459e-02 1.8195e+03  0.3897342     57.142    12.6865    318.127 0.0000e+00
     56.056     4.3734 186.857734     2.0989 6.7719e-01     0.1239    96.9512 1.0867e-01 1.8195e+03  0.3901500     57.161    12.6870    318.062 0.0000e+00
     56.074     4.3731 186.869679     2.0989 6.6624e-01     0.1228    96.9773 1.0867e-01 1.8195e+03  0.3901500     57.180    12.6864    318.085 0.0000e+00
     56.094     4.3728 186.881625     2.0989 6.6407e-01     0.1228    96.9773 1.0989e-01 1.8214e+03  0.3901500     57.200    12.6844    318.109 0.0000e+00
     56.114     4.3730 186.881626     2.1001 6.6624e-01     0.1239    96.9512 1.0623e-01 1.8214e+03  0.3901500     57.220    12.6931    318.107 0.0000e+00
     56.132     4.3731 186.845791     2.1001 6.7279e-01     0.1228    96.9773 1.0134e-01 1.8214e+03  0.3901500     57.239    12.6924    318.045 0.0000e+00
     56.150     4.3733 186.857736     2.1001 6.7279e-01     0.1239    96.9512 9.8901e-02 1.8214e+03  0.3901500     57.257    12.6932    318.063 0.0000e+00
     56.167     4.3744 186.833845     2.0989 6.7279e-01     0.1239    96.9512 9.8901e-02 1.8214e+03  0.3901500     57.274    12.6843    318.010 0.0000e+00
     56.185     4.3752 186.857735     2.0989 6.6842e-01     0.1228    96.9773 1.0379e-01 1.8214e+03  0.3901500     57.293    12.6850    318.042 0.0000e+00
     56.203     4.3763 186.893570     2.0989 6.6624e-01     0.1239    96.9512 1.0745e-01 1.8214e+03  0.3901500     57.311    12.6856    318.091 0.0000e+00
     56.221     4.3769 186.857734     2.1001 6.6407e-01     0.1217    97.0035 1.0501e-01 1.8214e+03  0.3901500     57.329    12.6959    318.024 0.0000e+00
     56.240     4.3773 186.821900     2.0977 6.6190e-01     0.1195    97.0557 9.8901e-02 1.8214e+03  0.3901500     57.349    12.6767    317.958 0.0000e+00
     56.258     4.3780 186.857735     2.0977 6.5974e-01     0.1195    97.0557 9.6459e-02 1.8214e+03  0.3901500     57.367    12.6761    318.012 0.0000e+00
     56.276     4.3787 186.845789     2.0977 6.5974e-01     0.1195    97.0557 9.6459e-02 1.8214e+03  0.3901500     57.386    12.6757    317.984 0.0000e+00
     56.294     4.3795 186.881625     2.0977 6.6190e-01     0.1195    97.0557 9.4017e-02 1.8214e+03  0.3901500     57.404    12.6739    318.036 0.0000e+00
     56.312     4.3795 186.905515     2.0989 6.6190e-01     0.1195    97.0557 9.2796e-02 1.8214e+03  0.3901500     57.422    12.6819    318.077 0.0000e+00
     56.329     4.3791 186.905515     2.1001 6.6407e-01     0.1195    97.0557 9.5238e-02 1.8195e+03  0.3905657     57.440    12.6914    318.081 0.0000e+00
     56.346     4.3794 186.881626     2.1001 6.5974e-01     0.1195    97.0557 1.0134e-01 1.8195e+03  0.3893185     57.457    12.6913    318.037 0.0000e+00
     56.363     4.3793 186.869680     2.0989 6.5544e-01     0.1206    97.0296 1.0134e-01 1.8214e+03  0.3884869     57.474    12.6835    318.018 0.0000e+00
     56.381     4.3784 186.893572     2.0989 6.5544e-01     0.1195    97.0557 1.0134e-01 1.8214e+03  0.3880712     57.493    12.6854    318.069 0.0000e+00
     56.400     4.3779 186.809958     2.0989 6.5116e-01     0.1195    97.0557 1.0134e-01 1.8214e+03  0.3880712     57.512    12.6858    317.932 0.0000e+00
     56.418     4.3777 186.821902     2.0989 6.4691e-01     0.1195    97.0557 1.0501e-01 1.8214e+03  0.3880712     57.530    12.6861    317.954 0.0000e+00
     56.437     4.3769 186.821905     2.0989 6.4691e-01     0.1195    97.0557 1.0379e-01 1.8214e+03  0.3880712     57.550    12.6867    317.963 0.0000e+00
     56.455     4.3760 186.833849     2.0989 6.4479e-01     0.1195    97.0557 1.0623e-01 1.8214e+03  0.3880712     57.568    12.6873    317.993 0.0000e+00
     56.473     4.3757 186.798016     2.0989 6.4479e-01     0.1206    97.0296 1.0623e-01 1.8214e+03  0.3884869     57.586    12.6877    317.935 0.0000e+00
     56.490     4.3753 186.809961     2.0989 6.4268e-01     0.1195    97.0557 1.0501e-01 1.8214e+03  0.3884869     57.604    12.6868    317.960 0.0000e+00
     56.508     4.3747 186.857741     2.0977 6.4268e-01     0.1195    97.0557 1.0012e-01 1.8214e+03  0.3880712     57.622    12.6767    318.048 0.0000e+00
     56.526     4.3747 186.881632     2.0977 6.4268e-01     0.1195    97.0557 9.5238e-02 1.8214e+03  0.3880712     57.640    12.6758    318.088 0.0000e+00
     56.543     4.3753 186.845797     2.0989 6.4268e-01     0.1195    97.0557 9.4017e-02 1.8214e+03  0.3884869     57.658    12.6855    318.021 0.0000e+00
     56.561     4.3757 186.857741     2.0989 6.4058e-01     0.1206    97.0296 9.5238e-02 1.8214e+03  0.3884869     57.676    12.6860    318.037 0.0000e+00
     56.578     4.3760 186.845797     2.0989 6.3848e-01     0.1206    97.0296 9.5238e-02 1.8214e+03  0.3884869     57.693    12.6866    318.013 0.0000e+00
     56.596     4.3761 186.845796     2.0989 6.3848e-01     0.1206    97.0296 9.7680e-02 1.8214e+03  0.3884869     57.712    12.6874    318.012 0.0000e+00
     56.615     4.3757 186.845797     2.0989 6.3848e-01     0.1206    97.0296 1.0256e-01 1.8214e+03  0.3884869     57.731    12.6871    318.016 0.0000e+00
     56.635     4.3755 186.821909     2.0989 6.4058e-01     0.1217    97.0035 1.0623e-01 1.8214e+03  0.3884869     57.752    12.6867    317.978 0.0000e+00
     56.653     4.3757 186.833853     2.0989 6.4058e-01     0.1206    97.0296 1.0012e-01 1.8214e+03  0.3884869     57.770    12.6862    317.996 0.0000e+00
     56.671     4.3760 186.845798     2.0989 6.4058e-01     0.1206    97.0296 9.6459e-02 1.8214e+03  0.3884869     57.788    12.6887    318.013 0.0000e+00
     56.689     4.3763 186.845799     2.0977 6.2600e-01     0.1206    97.0296 9.4017e-02 1.8214e+03  0.3884869     57.807    12.6775    318.010 0.0000e+00
     56.707     4.3767 186.869688     2.0977 6.1984e-01     0.1206    97.0296 9.4017e-02 1.8214e+03  0.3880712     57.825    12.6756    318.046 0.0000e+00
     56.726     4.3768 186.881634     2.0977 6.1780e-01     0.1206    97.0296 9.5238e-02 1.8214e+03  0.3884869     57.844    12.6724    318.066 0.0000e+00
     56.746     4.3767 186.845800     2.0977 6.1373e-01     0.1206    97.0296 9.8901e-02 1.8214e+03  0.3884869     57.865    12.6708    318.006 0.0000e+00
     56.765     4.3766 186.929415     2.0989 6.1171e-01     0.1206    97.0296 1.0256e-01 1.8214e+03  0.3884869     57.884    12.6800    318.149 0.0000e+00
     56.782     4.3769 186.917470     2.0989 6.0969e-01     0.1206    97.0296 1.0379e-01 1.8195e+03  0.3884869     57.902    12.6812    318.125 0.0000e+00
     56.800     4.3766 186.857745     2.0989 6.1576e-01     0.1206    97.0296 1.0012e-01 1.8195e+03  0.3884869     57.920    12.6827    318.027 0.0000e+00
     56.818     4.3767 186.869691     2.0989 6.2394e-01     0.1206    97.0296 9.7680e-02 1.8195e+03  0.3893185     57.938    12.6814    318.046 0.0000e+00
     56.836     4.3768 186.881636     2.0977 6.2600e-01     0.1206    97.0296 9.6459e-02 1.8195e+03  0.3897342     57.957    12.6708    318.066 0.0000e+00
     56.855     4.3764 186.845801     2.0989 6.2394e-01     0.1206    97.0296 9.7680e-02 1.8195e+03  0.3897342     57.976    12.6792    318.009 0.0000e+00
     56.874     4.3760 186.845802     2.0989 6.2600e-01     0.1206    97.0296 9.8901e-02 1.8195e+03  0.3897342     57.995    12.6798    318.013 0.0000e+00
     56.893     4.3752 186.857748     2.0989 6.2394e-01     0.1206    97.0296 1.0256e-01 1.8195e+03  0.3897342     58.015    12.6806    318.042 0.0000e+00
     56.911     4.3744 186.869694     2.0977 6.2189e-01     0.1206    97.0296 1.0256e-01 1.8195e+03  0.3897342     58.033    12.6721    318.071 0.0000e+00
     56.928     4.3734 186.833859     2.0977 6.1171e-01     0.1206    97.0296 9.8901e-02 1.8195e+03  0.3897342     58.050    12.6731    318.021 0.0000e+00
     56.946     4.3727 186.821915     2.0977 6.0969e-01     0.1217    97.0035 9.2796e-02 1.8195e+03  0.3897342     58.069    12.6726    318.008 0.0000e+00
     56.966     4.3723 186.821916     2.0977 6.0969e-01     0.1195    97.0557 8.9133e-02 1.8175e+03  0.3897342     58.089    12.6706    318.013 0.0000e+00
