data/05_metadata_exports/SeabirdData/202305_SeabirdData/83408_stn29.cnv
* Sea-Bird SBE 9 Data File:
* FileName = C:\Users\rosette\Rosette Data\2023\Ontario CSMI\stn29.hex
* Software Version Seasave V 7.26.6.26
* Temperature SN = 5270
* Conductivity SN = 1168
* Number of Bytes Per Scan = 40
* Number of Voltage Words = 5
* Number of Scans Averaged by the Deck Unit = 1
* NMEA Latitude = 43 49.09 N
* NMEA Longitude = 078 52.19 W
* NMEA UTC (Time) = Oct 02 2003  19:48:18
* NMEA baud rate = 4800
** Ship: Lake Guardian
** Ontario CSMI LWFS
** Station:  stn29
# nquan = 14                                
# nvalues = 11823                       
# units = specified
# name 0 = prDM: Pressure, Digiquartz [db]
# name 1 = t090C: Temperature [ITS-90, deg C]
# name 2 = c0uS/cm: Conductivity [uS/cm]
# name 3 = sbeox0V: Oxygen raw, SBE 43 [V]
# name 4 = par: PAR/Irradiance, Biospherical/Licor
# name 5 = bat: Beam Attenuation, Chelsea/Seatech [1/m]
# name 6 = xmiss: Beam Transmission, Chelsea/Seatech [%]
# name 7 = flSP: Fluorescence, Seapoint
# name 8 = spar: SPAR, Biospherical/Licor
# name 9 = upoly0: Upoly 0, Suna Nitrate
# name 10 = depFM: Depth [fresh water, m], lat = 43.8182
# name 11 = sbeox0Mg/L: Oxygen, SBE 43 [mg/l], WS = 2
# name 12 = specc: Specific Conductance [uS/cm]
# name 13 = flag: flag
# span 0 =     -0.149,     29.021       
# span 1 =     4.6600,     9.2778       
# span 2 =   6.291245, 547.026828       
# span 3 =     1.8046,     2.2540       
# span 4 = 2.4255e+01, 3.3661e+03       
# span 5 =     0.1303,     2.8312       
# span 6 =    49.2728,    96.7943       
# span 7 = 2.6862e-02, 1.6899e+00       
# span 8 = 1.5142e+03, 1.8135e+03       
# span 9 =  0.0745862,  0.4200849       
# span 10 =     -0.152,     29.593      
# span 11 =     9.7148,    13.5721      
# span 12 =      9.292,    800.278      
# span 13 = 0.0000e+00, 0.0000e+00      
# interval = seconds: 0.0416667
# start_time = Oct 02 2003 19:48:18 [NMEA time, header]
# bad_flag = -9.990e-29
*END*
[from data line 2788]
      1.834     6.8887 205.353684     1.9145 1.4400e+03     0.2677    93.5269 6.2271e-02 1.6954e+03  0.4030386      1.870    10.4866    321.968 -9.990e-29
      1.835     6.8887 205.329743     1.9145 1.2941e+03     0.2677    93.5269 6.2271e-02 1.6954e+03  0.4034544      1.871    10.4844    321.931 -9.990e-29
      1.838     6.8891 205.281861     1.9145 1.2724e+03     0.2688    93.5008 6.2271e-02 1.6954e+03  0.4030386      1.874    10.4817    321.852 -9.990e-29
      1.842     6.8903 205.353683     1.9158 1.2199e+03     0.2666    93.5530 6.3492e-02 1.6954e+03  0.4034544      1.878    10.4901    321.952 -9.990e-29
      1.846     6.8913 205.377624     1.9145 1.1629e+03     0.2666    93.5530 6.3492e-02 1.6954e+03  0.4034544      1.882    10.4794    321.980 -9.990e-29
      1.849     6.8922 205.329741     1.9145 1.1499e+03     0.2677    93.5269 6.3492e-02 1.6954e+03  0.4034544      1.885    10.4777    321.895 -9.990e-29
      1.851     6.8940 205.401562     1.9158 1.0963e+03     0.2677    93.5269 6.1050e-02 1.6954e+03  0.4030386      1.887    10.4860    321.990 -9.990e-29
      1.854     6.8955 205.365650     1.9158 1.0104e+03     0.2677    93.5269 6.2271e-02 1.6954e+03  0.4034544      1.891    10.4847    321.918 -9.990e-29
      1.858     6.8974 205.365649     1.9158 9.8795e+02     0.2677    93.5269 6.2271e-02 1.6954e+03  0.4034544      1.895    10.4829    321.899 -9.990e-29
      1.861     6.8995 205.341708     1.9170 1.1149e+03     0.2677    93.5269 6.3492e-02 1.6954e+03  0.4034544      1.898    10.4894    321.841 -9.990e-29
      1.863     6.9013 205.365646     1.9170 1.4936e+03     0.2677    93.5269 6.4713e-02 1.6954e+03  0.4034544      1.900    10.4870    321.860 -9.990e-29
      1.865     6.9030 205.389587     1.9170 1.6388e+03     0.2677    93.5269 6.5934e-02 1.6954e+03  0.4034544      1.902    10.4855    321.880 -9.990e-29
      1.867     6.9044 205.401555     1.9158 1.5536e+03     0.2677    93.5269 6.5934e-02 1.6954e+03  0.4034544      1.904    10.4751    321.885 -9.990e-29
      1.868     6.9060 205.437467     1.9158 1.2372e+03     0.2677    93.5269 6.4713e-02 1.6954e+03  0.4034544      1.905    10.4742    321.925 -9.990e-29
      1.869     6.9072 205.413524     1.9170 1.1371e+03     0.2677    93.5269 6.3492e-02 1.6954e+03  0.4030386      1.906    10.4817    321.875 -9.990e-29
      1.871     6.9084 205.473376     1.9170 1.1371e+03     0.2688    93.5008 6.3492e-02 1.6954e+03  0.4034544      1.908    10.4814    321.957 -9.990e-29
      1.873     6.9100 205.497317     1.9170 1.1467e+03     0.2710    93.4485 6.3492e-02 1.6954e+03  0.4034544      1.910    10.4796    321.978 -9.990e-29
      1.874     6.9111 205.533228     1.9170 1.1532e+03     0.2722    93.4224 6.2271e-02 1.6954e+03  0.4034544      1.911    10.4800    322.024 -9.990e-29
      1.875     6.9116 205.569139     1.9158 1.1532e+03     0.2722    93.4224 6.2271e-02 1.6954e+03  0.4034544      1.912    10.4729    322.075 -9.990e-29
      1.876     6.9113 205.509287     1.9182 1.1212e+03     0.2710    93.4485 6.2271e-02 1.6954e+03  0.4038701      1.913    10.4905    321.984 -9.990e-29
      1.877     6.9111 205.497316     1.9182 1.1024e+03     0.2710    93.4485 6.1050e-02 1.6954e+03  0.4038701      1.914    10.4917    321.967 -9.990e-29
      1.878     6.9113 205.461405     1.9182 1.0994e+03     0.2710    93.4485 6.2271e-02 1.6954e+03  0.4042859      1.915    10.4911    321.909 -9.990e-29
      1.878     6.9119 205.497316     1.9170 1.0480e+03     0.2722    93.4224 6.3492e-02 1.6954e+03  0.4038701      1.915    10.4816    321.959 -9.990e-29
      1.878     6.9139 205.521255     1.9182 1.0076e+03     0.2722    93.4224 6.3492e-02 1.6954e+03  0.4038701      1.915    10.4900    321.977 -9.990e-29
      1.878     6.9166 205.497313     1.9194 1.0019e+03     0.2722    93.4224 6.4713e-02 1.6954e+03  0.4038701      1.915    10.4979    321.912 -9.990e-29
      1.880     6.9194 205.509280     1.9194 1.2832e+03     0.2710    93.4485 6.4713e-02 1.6974e+03  0.4038701      1.917    10.4967    321.902 -9.990e-29
      1.884     6.9229 205.521251     1.9182 1.6481e+03     0.2710    93.4485 6.3492e-02 1.6954e+03  0.4038701      1.921    10.4865    321.886 -9.990e-29
      1.886     6.9255 205.497307     1.9194 1.7288e+03     0.2710    93.4485 6.3492e-02 1.6974e+03  0.4038701      1.923    10.4947    321.822 -9.990e-29
      1.885     6.9284 205.533217     1.9194 1.4522e+03     0.2710    93.4485 6.2271e-02 1.6974e+03  0.4038701      1.922    10.4950    321.849 -9.990e-29
      1.884     6.9315 205.509273     1.9194 1.1244e+03     0.2722    93.4224 6.2271e-02 1.6974e+03  0.4038701      1.921    10.4938    321.780 -9.990e-29
      1.883     6.9344 205.533212     1.9194 1.0569e+03     0.2710    93.4485 6.2271e-02 1.6974e+03  0.4038701      1.920    10.4911    321.789 -9.990e-29
      1.883     6.9373 205.509269     1.9194 1.2582e+03     0.2722    93.4224 6.1050e-02 1.6974e+03  0.4038701      1.920    10.4905    321.722 -9.990e-29
      1.884     6.9407 205.581092     1.9194 1.7881e+03     0.2710    93.4485 6.1050e-02 1.6974e+03  0.4042859      1.921    10.4907    321.800 -9.990e-29
      1.883     6.9434 205.569118     1.9194 1.9841e+03     0.2710    93.4485 6.1050e-02 1.6974e+03  0.4042859      1.920    10.4907    321.754 -9.990e-29
      1.883     6.9464 205.593058     1.9194 1.8546e+03     0.2710    93.4485 6.2271e-02 1.6974e+03  0.4042859      1.920    10.4915    321.761 -9.990e-29
      1.882     6.9490 205.652910     1.9194 1.4936e+03     0.2710    93.4485 6.2271e-02 1.6974e+03  0.4038701      1.919    10.4921    321.829 -9.990e-29
      1.881     6.9516 205.628966     1.9194 1.3844e+03     0.2733    93.3962 6.1050e-02 1.6974e+03  0.4042859      1.918    10.4925    321.765 -9.990e-29
      1.882     6.9533 205.628965     1.9206 1.3613e+03     0.2722    93.4224 6.1050e-02 1.6974e+03  0.4042859      1.919    10.5013    321.748 -9.990e-29
      1.883     6.9552 205.664878     1.9206 1.2165e+03     0.2722    93.4224 5.9829e-02 1.6974e+03  0.4038701      1.920    10.5000    321.785 -9.990e-29
      1.882     6.9570 205.640934     1.9206 1.1597e+03     0.2722    93.4224 5.9829e-02 1.6974e+03  0.4038701      1.919    10.4995    321.729 -9.990e-29
      1.879     6.9583 205.688816     1.9194 1.1564e+03     0.2722    93.4224 5.9829e-02 1.6974e+03  0.4038701      1.916    10.4903    321.791 -9.990e-29
      1.878     6.9597 205.676845     1.9206 1.1761e+03     0.2733    93.3962 6.1050e-02 1.6974e+03  0.4038701      1.915    10.4992    321.758 -9.990e-29
      1.875     6.9614 205.676844     1.9219 1.1861e+03     0.2722    93.4224 6.1050e-02 1.6974e+03  0.4042859      1.912    10.5083    321.741 -9.990e-29
      1.873     6.9622 205.712754     1.9219 1.1861e+03     0.2722    93.4224 6.1050e-02 1.6974e+03  0.4042859      1.910    10.5068    321.789 -9.990e-29
      1.873     6.9636 205.688813     1.9219 1.3124e+03     0.2722    93.4224 6.2271e-02 1.6974e+03  0.4038701      1.910    10.5072    321.738 -9.990e-29
      1.872     6.9648 205.748667     1.9206 1.4040e+03     0.2710    93.4485 6.2271e-02 1.6974e+03  0.4042859      1.909    10.4980    321.819 -9.990e-29
      1.869     6.9664 205.736695     1.9206 1.4199e+03     0.2733    93.3962 6.1050e-02 1.6974e+03  0.4047017      1.906    10.4988    321.785 -9.990e-29
      1.865     6.9678 205.760635     1.9219 1.3574e+03     0.2722    93.4224 6.1050e-02 1.6974e+03  0.4059490      1.902    10.5076    321.808 -9.990e-29
      1.862     6.9692 205.772605     1.9219 1.3050e+03     0.2722    93.4224 6.1050e-02 1.6974e+03  0.4059490      1.899    10.5078    321.813 -9.990e-29
      1.861     6.9710 205.772604     1.9219 1.2941e+03     0.2722    93.4224 6.1050e-02 1.6974e+03  0.4059490      1.898    10.5087    321.794 -9.990e-29
      1.859     6.9734 205.808516     1.9219 1.2268e+03     0.2722    93.4224 6.2271e-02 1.6974e+03  0.4059490      1.896    10.5092    321.826 -9.990e-29
      1.856     6.9765 205.832455     1.9231 1.1371e+03     0.2722    93.4224 6.1050e-02 1.6974e+03  0.4059490      1.893    10.5178    321.833 -9.990e-29
      1.854     6.9802 205.820482     1.9231 1.1149e+03     0.2722    93.4224 6.1050e-02 1.6974e+03  0.4059490      1.891    10.5172    321.777 -9.990e-29
      1.851     6.9846 205.844422     1.9231 1.1995e+03     0.2722    93.4224 6.1050e-02 1.6974e+03  0.4059490      1.887    10.5161    321.770 -9.990e-29
      1.847     6.9897 205.856388     1.9219 1.3651e+03     0.2722    93.4224 6.1050e-02 1.6974e+03  0.4059490      1.883    10.5072    321.737 -9.990e-29
      1.843     6.9951 205.856385     1.9231 1.4119e+03     0.2733    93.3962 6.1050e-02 1.6974e+03  0.4059490      1.879    10.5150    321.683 -9.990e-29
      1.838     7.0015 205.892293     1.9243 1.3805e+03     0.2699    93.4746 6.1050e-02 1.6974e+03  0.4059490      1.874    10.5222    321.675 -9.990e-29
      1.835     7.0082 205.940175     1.9243 1.2977e+03     0.2677    93.5269 6.1050e-02 1.6974e+03  0.4059490      1.871    10.5192    321.682 -9.990e-29
      1.830     7.0151 205.880313     1.9243 1.2689e+03     0.2666    93.5530 6.2271e-02 1.6974e+03  0.4059490      1.866    10.5158    321.519 -9.990e-29
      1.826     7.0221 205.940165     1.9243 1.2476e+03     0.2677    93.5269 6.2271e-02 1.6974e+03  0.4059490      1.862    10.5133    321.543 -9.990e-29
      1.823     7.0299 205.976073     1.9243 1.1275e+03     0.2666    93.5530 6.2271e-02 1.6974e+03  0.4059490      1.859    10.5102    321.520 -9.990e-29
      1.818     7.0374 205.976067     1.9255 1.0840e+03     0.2677    93.5269 6.2271e-02 1.6974e+03  0.4059490      1.854    10.5155    321.445 -9.990e-29
      1.814     7.0458 206.000005     1.9243 1.0871e+03     0.2677    93.5269 6.1050e-02 1.6974e+03  0.4059490      1.850    10.5042    321.398 -9.990e-29
      1.810     7.0543 206.071827     1.9243 1.1532e+03     0.2677    93.5269 6.1050e-02 1.6974e+03  0.4059490      1.846    10.5011    321.425 -9.990e-29
      1.806     7.0629 206.059851     1.9243 1.1861e+03     0.2677    93.5269 6.1050e-02 1.6974e+03  0.4059490      1.842    10.4977    321.320 -9.990e-29
      1.802     7.0712 206.083787     1.9255 1.1927e+03     0.2677    93.5269 6.1050e-02 1.6974e+03  0.4059490      1.838    10.5027    321.274 -9.990e-29
      1.798     7.0785 206.119696     1.9255 1.4481e+03     0.2677    93.5269 6.1050e-02 1.6974e+03  0.4059490      1.833    10.5002    321.257 -9.990e-29
      1.796     7.0853 206.143635     1.9255 1.6296e+03     0.2666    93.5530 6.1050e-02 1.6974e+03  0.4059490      1.831    10.4988    321.226 -9.990e-29
      1.793     7.0911 206.155602     1.9255 1.6481e+03     0.2666    93.5530 6.1050e-02 1.6974e+03  0.4059490      1.828    10.4973    321.187 -9.990e-29
      1.791     7.0961 206.179542     1.9255 1.6667e+03     0.2666    93.5530 6.1050e-02 1.6974e+03  0.4059490      1.826    10.4958    321.174 -9.990e-29
      1.789     7.1003 206.191512     1.9267 1.6856e+03     0.2677    93.5269 6.1050e-02 1.6974e+03  0.4063647      1.824    10.5016    321.151 -9.990e-29
      1.786     7.1033 206.227422     1.9267 1.6903e+03     0.2677    93.5269 6.1050e-02 1.6974e+03  0.4059490      1.821    10.4999    321.176 -9.990e-29
      1.785     7.1061 206.215450     1.9267 1.2796e+03     0.2677    93.5269 6.1050e-02 1.6974e+03  0.4063647      1.820    10.4992    321.130 -9.990e-29
      1.785     7.1084 206.191505     1.9267 9.3130e+02     0.2666    93.5530 6.1050e-02 1.6974e+03  0.4059490      1.820    10.4971    321.069 -9.990e-29
      1.785     7.1097 206.191504     1.9267 8.6808e+02     0.2666    93.5530 6.1050e-02 1.6974e+03  0.4059490      1.820    10.4962    321.056 -9.990e-29
      1.784     7.1102 206.179532     1.9280 1.0871e+03     0.2677    93.5269 6.1050e-02 1.6974e+03  0.4055332      1.819    10.5045    321.033 -9.990e-29
      1.784     7.1104 206.203475     1.9267 1.5148e+03     0.2688    93.5008 6.1050e-02 1.6974e+03  0.4055332      1.819    10.4951    321.068 -9.990e-29
      1.784     7.1103 206.239390     1.9267 1.6434e+03     0.2699    93.4746 6.3492e-02 1.6974e+03  0.4055332      1.819    10.4936    321.125 -9.990e-29
      1.784     7.1100 206.251362     1.9280 1.4936e+03     0.2688    93.5008 6.3492e-02 1.6974e+03  0.4055332      1.819    10.5013    321.147 -9.990e-29
      1.783     7.1093 206.251363     1.9280 1.2029e+03     0.2699    93.4746 6.3492e-02 1.6974e+03  0.4055332      1.818    10.4984    321.154 -9.990e-29
      1.783     7.1091 206.251361     1.9280 1.1244e+03     0.2699    93.4746 6.2271e-02 1.6974e+03  0.4059490      1.818    10.4974    321.156 -9.990e-29
      1.785     7.1089 206.215449     1.9267 1.2165e+03     0.2688    93.5008 6.2271e-02 1.6974e+03  0.4055332      1.820    10.4879    321.102 -9.990e-29
      1.786     7.1084 206.167561     1.9267 1.6114e+03     0.2688    93.5008 6.2271e-02 1.6974e+03  0.4055332      1.821    10.4877    321.032 -9.990e-29
      1.789     7.1080 206.263336     1.9280 1.7831e+03     0.2699    93.4746 6.2271e-02 1.6974e+03  0.4055332      1.824    10.4964    321.185 -9.990e-29
      1.791     7.1077 206.263335     1.9280 1.7532e+03     0.2699    93.4746 6.1050e-02 1.6974e+03  0.4055332      1.826    10.4956    321.188 -9.990e-29
      1.792     7.1069 206.215450     1.9280 1.5276e+03     0.2699    93.4746 6.1050e-02 1.6974e+03  0.4059490      1.827    10.4947    321.122 -9.990e-29
      1.794     7.1063 206.167563     1.9280 1.4400e+03     0.2688    93.5008 5.9829e-02 1.6974e+03  0.4055332      1.829    10.4946    321.053 -9.990e-29
      1.795     7.1057 206.179535     1.9280 1.4319e+03     0.2688    93.5008 5.9829e-02 1.6974e+03  0.4059490      1.830    10.4932    321.078 -9.990e-29
      1.798     7.1050 206.143621     1.9280 1.3728e+03     0.2688    93.5008 5.9829e-02 1.6974e+03  0.4055332      1.833    10.4927    321.029 -9.990e-29
      1.801     7.1042 206.191509     1.9292 1.3347e+03     0.2699    93.4746 5.9829e-02 1.6974e+03  0.4055332      1.837    10.5006    321.112 -9.990e-29
      1.804     7.1032 206.167566     1.9292 1.3310e+03     0.2699    93.4746 5.9829e-02 1.6974e+03  0.4059490      1.840    10.4996    321.084 -9.990e-29
      1.806     7.1027 206.179538     1.9292 1.3689e+03     0.2699    93.4746 5.9829e-02 1.6974e+03  0.4055332      1.842    10.4984    321.108 -9.990e-29
      1.809     7.1021 206.143624     1.9292 1.3961e+03     0.2699    93.4746 5.9829e-02 1.6974e+03  0.4055332      1.845    10.4969    321.058 -9.990e-29
      1.811     7.1013 206.191511     1.9292 1.4001e+03     0.2688    93.5008 6.1050e-02 1.6974e+03  0.4059490      1.847    10.4954    321.141 -9.990e-29
      1.811     7.1009 206.215453     1.9292 1.4563e+03     0.2699    93.4746 6.1050e-02 1.6974e+03  0.4059490      1.847    10.4935    321.182 -9.990e-29
      1.813     7.1008 206.215453     1.9304 1.5105e+03     0.2699    93.4746 6.2271e-02 1.6974e+03  0.4055332      1.849    10.5011    321.183 -9.990e-29
      1.816     7.1011 206.251369     1.9304 1.5233e+03     0.2710    93.4485 6.2271e-02 1.6974e+03  0.4059490      1.852    10.4999    321.236 -9.990e-29
      1.819     7.1022 206.299254     1.9292 1.4400e+03     0.2755    93.3439 6.2271e-02 1.6974e+03  0.4059490      1.855    10.4897    321.299 -9.990e-29
      1.822     7.1053 206.239395     1.9304 1.3310e+03     0.2755    93.3439 6.3492e-02 1.6974e+03  0.4059490      1.858    10.4971    321.175 -9.990e-29
      1.825     7.1097 206.251363     1.9304 1.3087e+03     0.2755    93.3439 6.2271e-02 1.6974e+03  0.4055332      1.861    10.4953    321.150 -9.990e-29
      1.827     7.1155 206.311218     1.9304 1.3347e+03     0.2755    93.3439 6.2271e-02 1.6974e+03  0.4051174      1.863    10.4942    321.185 -9.990e-29
      1.829     7.1204 206.287270     1.9292 1.3805e+03     0.2766    93.3178 6.1050e-02 1.6974e+03  0.4051174      1.865    10.4834    321.099 -9.990e-29
