data/05_metadata_exports/SeabirdData/202305_SeabirdData/83401_stn28-day.cnv
* Sea-Bird SBE 9 Data File:
* FileName = C:\Users\rosette\Rosette Data\2023\Ontario CSMI\stn28-day.hex
* Software Version Seasave V 7.26.6.26
* Temperature SN = 5270
* Conductivity SN = 1168
* Number of Bytes Per Scan = 40
* Number of Voltage Words = 5
* Number of Scans Averaged by the Deck Unit = 1
* NMEA Latitude = 43 46.53 N
* NMEA Longitude = 078 51.15 W
* NMEA UTC (Time) = Oct 02 2003  18:57:47
* NMEA baud rate = 4800
** Ship: Lake Guardian
** Ontario CSMI LWFS
** Station:  stn28-day
# nquan = 14                                
# nvalues = 13378                       
# units = specified
# name 0 = prDM: Pressure, Digiquartz [db]
# name 1 = t090C: Temperature [ITS-90, deg C]
# name 2 = c0uS/cm: Conductivity [uS/cm]
# name 3 = sbeox0V: Oxygen raw, SBE 43 [V]
# name 4 = par: PAR/Irradiance, Biospherical/Licor
# name 5 = bat: Beam Attenuation, Chelsea/Seatech [1/m]
# name 6 = xmiss: Beam Transmission, Chelsea/Seatech [%]
# name 7 = flSP: Fluorescence, Seapoint
# name 8 = spar: SPAR, Biospherical/Licor
# name 9 = upoly0: Upoly 0, Suna Nitrate
# name 10 = depFM: Depth [fresh water, m], lat = 43.7755
# name 11 = sbeox0Mg/L: Oxygen, SBE 43 [mg/l], WS = 2
# name 12 = specc: Specific Conductance [uS/cm]
# name 13 = flag: flag
# span 0 =     -0.111,     59.810       
# span 1 =     4.3631,     9.6947       
# span 2 =  16.856044, 513.876061       
# span 3 =     1.7875,     2.2784       
# span 4 = 4.2339e-01, 3.9734e+03       
# span 5 =     0.1013,     3.9954       
# span 6 =    36.8305,    97.5001       
# span 7 = 1.8315e-02, 8.1929e-01       
# span 8 = 1.7190e+03, 1.8549e+03       
# span 9 =  0.0745862,  0.4213322       
# span 10 =     -0.113,     60.989      
# span 11 =     9.3283,    13.2934      
# span 12 =     24.831,    746.027      
# span 13 = 0.0000e+00, 0.0000e+00      
# interval = seconds: 0.0416667
# start_time = Oct 02 2003 18:57:47 [NMEA time, header]
# bad_flag = -9.990e-29
*END*
[from data line 1446]
      2.003     6.9704 209.616147     1.8730 1.4852e+03     0.5168    87.8808 1.4286e-01 1.7407e+03  0.4051174      2.042     9.9746    327.811 -9.990e-29
      2.002     6.9669 209.580219     1.8706 1.4360e+03     0.5168    87.8808 1.4530e-01 1.7407e+03  0.4051174      2.041     9.9602    327.791 -9.990e-29
      2.002     6.9633 209.568246     1.8718 1.4040e+03     0.5168    87.8808 1.5140e-01 1.7427e+03  0.4051174      2.041     9.9712    327.809 -9.990e-29
      2.002     6.9601 209.568249     1.8718 1.4001e+03     0.5144    87.9331 1.5629e-01 1.7427e+03  0.4055332      2.041     9.9729    327.842 -9.990e-29
      2.001     6.9574 209.640107     1.8706 1.2582e+03     0.5072    88.0899 1.5263e-01 1.7427e+03  0.4047017      2.040     9.9663    327.982 -9.990e-29
      2.000     6.9551 209.664062     1.8706 1.1564e+03     0.5001    88.2467 1.4652e-01 1.7427e+03  0.4042859      2.039     9.9688    328.043 -9.990e-29
      2.000     6.9533 209.676040     1.8694 1.1403e+03     0.4907    88.4559 1.4408e-01 1.7427e+03  0.4042859      2.039     9.9630    328.080 -9.990e-29
      1.999     6.9519 209.711970     1.8706 1.1861e+03     0.4942    88.3774 1.4042e-01 1.7427e+03  0.4042859      2.038     9.9736    328.151 -9.990e-29
      1.999     6.9509 209.688018     1.8706 1.2337e+03     0.4942    88.3774 1.3675e-01 1.7427e+03  0.4042859      2.038     9.9737    328.124 -9.990e-29
      1.998     6.9506 209.771853     1.8694 1.2441e+03     0.5001    88.2467 1.3797e-01 1.7427e+03  0.4042859      2.037     9.9654    328.258 -9.990e-29
      1.997     6.9501 209.664065     1.8694 1.3498e+03     0.5013    88.2206 1.4408e-01 1.7427e+03  0.4042859      2.036     9.9664    328.095 -9.990e-29
      1.996     6.9498 209.711970     1.8681 1.5148e+03     0.4930    88.4036 1.4896e-01 1.7427e+03  0.4047017      2.035     9.9585    328.173 -9.990e-29
      1.996     6.9491 209.699996     1.8694 1.5623e+03     0.4883    88.5081 1.5018e-01 1.7446e+03  0.4042859      2.035     9.9687    328.161 -9.990e-29
      1.995     6.9482 209.759877     1.8681 1.4728e+03     0.4966    88.3252 1.4652e-01 1.7446e+03  0.4042859      2.034     9.9608    328.264 -9.990e-29
      1.994     6.9472 209.807785     1.8681 1.2941e+03     0.5096    88.0376 1.4408e-01 1.7446e+03  0.4042859      2.033     9.9628    328.349 -9.990e-29
      1.994     6.9473 209.819761     1.8681 1.2441e+03     0.5084    88.0638 1.3919e-01 1.7446e+03  0.4042859      2.033     9.9649    328.367 -9.990e-29
      1.993     6.9512 209.735923     1.8669 1.2268e+03     0.4989    88.2729 1.3797e-01 1.7446e+03  0.4042859      2.032     9.9568    328.196 -9.990e-29
      1.992     6.9570 209.735918     1.8669 1.1662e+03     0.4930    88.4036 1.3675e-01 1.7446e+03  0.4047017      2.031     9.9560    328.136 -9.990e-29
      1.993     6.9635 209.747891     1.8669 1.1467e+03     0.4907    88.4559 1.3675e-01 1.7427e+03  0.4047017      2.032     9.9554    328.088 -9.990e-29
      1.993     6.9704 209.747887     1.8669 1.2130e+03     0.4978    88.2990 1.3797e-01 1.7427e+03  0.4042859      2.032     9.9552    328.017 -9.990e-29
      1.993     6.9775 209.699976     1.8669 1.7336e+03     0.5084    88.0638 1.4164e-01 1.7427e+03  0.4042859      2.032     9.9543    327.870 -9.990e-29
      1.992     6.9841 209.759854     1.8657 2.0235e+03     0.5156    87.9069 1.4286e-01 1.7427e+03  0.4042859      2.031     9.9441    327.896 -9.990e-29
      1.991     6.9898 209.807755     1.8657 2.0122e+03     0.5108    88.0115 1.4042e-01 1.7427e+03  0.4042859      2.030     9.9420    327.912 -9.990e-29
      1.992     6.9951 209.711941     1.8657 1.5190e+03     0.4989    88.2729 1.4164e-01 1.7427e+03  0.4042859      2.031     9.9404    327.708 -9.990e-29
      1.992     6.9993 209.711937     1.8657 1.3050e+03     0.5037    88.1683 1.4408e-01 1.7427e+03  0.4042859      2.031     9.9408    327.665 -9.990e-29
      1.991     7.0035 209.735887     1.8657 1.2904e+03     0.5132    87.9592 1.4530e-01 1.7427e+03  0.4042859      2.030     9.9416    327.659 -9.990e-29
      1.990     7.0072 209.723907     1.8645 1.3767e+03     0.5144    87.9331 1.4652e-01 1.7427e+03  0.4042859      2.029     9.9321    327.603 -9.990e-29
      1.991     7.0101 209.795765     1.8645 1.4400e+03     0.5096    88.0376 1.4530e-01 1.7427e+03  0.4042859      2.030     9.9330    327.685 -9.990e-29
      1.992     7.0132 209.699952     1.8657 1.4481e+03     0.5025    88.1945 1.4530e-01 1.7427e+03  0.4042859      2.031     9.9429    327.504 -9.990e-29
      1.992     7.0157 209.771809     1.8657 1.5020e+03     0.5072    88.0899 1.4530e-01 1.7427e+03  0.4047017      2.031     9.9435    327.590 -9.990e-29
      1.991     7.0181 209.735876     1.8657 1.5492e+03     0.5132    87.9592 1.4408e-01 1.7427e+03  0.3922288      2.030     9.9446    327.510 -9.990e-29
      1.992     7.0202 209.735876     1.8645 1.5623e+03     0.5120    87.9853 1.4408e-01 1.7446e+03  0.3818347      2.031     9.9364    327.488 -9.990e-29
      1.993     7.0224 209.723898     1.8632 1.5979e+03     0.5108    88.0115 1.4286e-01 1.7427e+03  0.3797559      2.032     9.9289    327.447 -9.990e-29
      1.994     7.0233 209.723898     1.8632 1.6434e+03     0.5025    88.1945 1.4408e-01 1.7427e+03  0.3805874      2.033     9.9315    327.438 -9.990e-29
      1.994     7.0192 209.735877     1.8632 1.6527e+03     0.4883    88.5081 1.4774e-01 1.7427e+03  0.3810032      2.033     9.9346    327.499 -9.990e-29
      1.994     7.0128 209.675998     1.8632 1.5536e+03     0.4824    88.6388 1.4652e-01 1.7427e+03  0.3810032      2.033     9.9387    327.471 -9.990e-29
      1.994     7.0051 209.699957     1.8632 1.3805e+03     0.4812    88.6650 1.4286e-01 1.7427e+03  0.3810032      2.033     9.9422    327.587 -9.990e-29
      1.996     6.9970 209.735892     1.8632 1.3310e+03     0.4895    88.4820 1.4042e-01 1.7427e+03  0.3810032      2.035     9.9451    327.726 -9.990e-29
      1.997     6.9873 209.723922     1.8632 1.2868e+03     0.5013    88.2206 1.3919e-01 1.7427e+03  0.3810032      2.036     9.9488    327.807 -9.990e-29
      1.997     6.9776 209.676023     1.8632 1.1597e+03     0.4954    88.3513 1.4530e-01 1.7427e+03  0.3810032      2.036     9.9539    327.831 -9.990e-29
      1.997     6.9687 209.628124     1.8620 1.1181e+03     0.4883    88.5081 1.4652e-01 1.7427e+03  0.3810032      2.036     9.9493    327.847 -9.990e-29
      1.997     6.9611 209.664058     1.8620 1.2029e+03     0.4859    88.5604 1.4408e-01 1.7427e+03  0.3810032      2.036     9.9510    327.982 -9.990e-29
      1.997     6.9552 209.664062     1.8632 1.7191e+03     0.4954    88.3513 1.4286e-01 1.7427e+03  0.3810032      2.036     9.9612    328.042 -9.990e-29
      1.995     6.9511 209.628136     1.8620 1.9841e+03     0.4954    88.3513 1.4530e-01 1.7427e+03  0.3814190      2.034     9.9540    328.028 -9.990e-29
      1.993     6.9479 209.688019     1.8620 1.9897e+03     0.4954    88.3513 1.4408e-01 1.7427e+03  0.3814190      2.032     9.9567    328.155 -9.990e-29
      1.993     6.9459 209.628139     1.8620 2.0009e+03     0.5013    88.2206 1.3919e-01 1.7427e+03  0.3810032      2.032     9.9593    328.082 -9.990e-29
      1.994     6.9448 209.640116     1.8608 2.0065e+03     0.5013    88.2206 1.3675e-01 1.7427e+03  0.3814190      2.033     9.9510    328.112 -9.990e-29
      1.993     6.9439 209.628141     1.8608 1.9953e+03     0.4907    88.4559 1.3553e-01 1.7427e+03  0.3810032      2.032     9.9504    328.102 -9.990e-29
      1.993     6.9438 209.699998     1.8608 1.4119e+03     0.4836    88.6127 1.3431e-01 1.7427e+03  0.3810032      2.032     9.9511    328.216 -9.990e-29
      1.994     6.9441 209.735928     1.8608 1.1275e+03     0.4824    88.6388 1.3675e-01 1.7427e+03  0.3810032      2.033     9.9520    328.269 -9.990e-29
      1.995     6.9450 209.747904     1.8608 1.0963e+03     0.4895    88.4820 1.3675e-01 1.7427e+03  0.3810032      2.034     9.9530    328.278 -9.990e-29
      1.995     6.9465 209.699997     1.8608 1.0392e+03     0.5025    88.1945 1.3675e-01 1.7427e+03  0.3810032      2.034     9.9530    328.188 -9.990e-29
      1.995     6.9483 209.723949     1.8608 9.8795e+02     0.5025    88.1945 1.3797e-01 1.7427e+03  0.3810032      2.034     9.9531    328.207 -9.990e-29
      1.994     6.9501 209.723947     1.8608 9.7690e+02     0.4954    88.3513 1.3797e-01 1.7427e+03  0.3814190      2.033     9.9534    328.188 -9.990e-29
      1.993     6.9517 209.676040     1.8608 1.1961e+03     0.4954    88.3513 1.4042e-01 1.7427e+03  0.3810032      2.032     9.9554    328.097 -9.990e-29
      1.993     6.9525 209.676040     1.8608 1.4894e+03     0.5013    88.2206 1.4530e-01 1.7427e+03  0.3810032      2.032     9.9579    328.089 -9.990e-29
      1.993     6.9530 209.688016     1.8608 1.5579e+03     0.5084    88.0638 1.4774e-01 1.7427e+03  0.3810032      2.032     9.9595    328.102 -9.990e-29
      1.992     6.9533 209.759875     1.8608 1.3536e+03     0.5072    88.0899 1.4530e-01 1.7427e+03  0.3810032      2.031     9.9601    328.212 -9.990e-29
      1.991     6.9525 209.747899     1.8608 1.0749e+03     0.5096    88.0376 1.4286e-01 1.7427e+03  0.3810032      2.030     9.9600    328.201 -9.990e-29
      1.990     6.9525 209.711968     1.8608 1.0133e+03     0.5096    88.0376 1.4286e-01 1.7427e+03  0.3810032      2.029     9.9612    328.145 -9.990e-29
      1.990     6.9522 209.735923     1.8608 1.1794e+03     0.5013    88.2206 1.4286e-01 1.7427e+03  0.3810032      2.029     9.9614    328.185 -9.990e-29
      1.989     6.9519 209.747899     1.8584 1.6761e+03     0.5001    88.2467 1.3919e-01 1.7427e+03  0.3810032      2.028     9.9445    328.207 -9.990e-29
      1.989     6.9513 209.771851     1.8596 1.8599e+03     0.5084    88.0638 1.3675e-01 1.7427e+03  0.3810032      2.028     9.9539    328.251 -9.990e-29
      1.989     6.9514 209.819759     1.8608 1.8134e+03     0.5132    87.9592 1.3553e-01 1.7427e+03  0.3810032      2.028     9.9622    328.325 -9.990e-29
      1.989     6.9512 209.819759     1.8596 1.6620e+03     0.5108    88.0115 1.3553e-01 1.7427e+03  0.3810032      2.028     9.9548    328.327 -9.990e-29
      1.989     6.9508 209.747899     1.8584 1.6159e+03     0.5132    87.9592 1.3675e-01 1.7407e+03  0.3810032      2.028     9.9464    328.219 -9.990e-29
      1.991     6.9507 209.735924     1.8584 1.5579e+03     0.5168    87.8808 1.3675e-01 1.7407e+03  0.3810032      2.030     9.9468    328.201 -9.990e-29
      1.992     6.9504 209.771853     1.8584 1.1499e+03     0.5227    87.7501 1.3797e-01 1.7407e+03  0.3814190      2.031     9.9486    328.260 -9.990e-29
      1.991     6.9503 209.783830     1.8596 9.9912e+02     0.5239    87.7240 1.4042e-01 1.7407e+03  0.3810032      2.030     9.9570    328.280 -9.990e-29
      1.991     6.9511 209.807781     1.8596 9.9912e+02     0.5239    87.7240 1.4164e-01 1.7407e+03  0.3810032      2.030     9.9578    328.309 -9.990e-29
      1.993     6.9530 209.759875     1.8584 1.2904e+03     0.5239    87.7240 1.4042e-01 1.7407e+03  0.3810032      2.032     9.9499    328.215 -9.990e-29
      1.995     6.9569 209.795802     1.8571 1.4894e+03     0.5251    87.6978 1.3797e-01 1.7407e+03  0.3810032      2.034     9.9397    328.231 -9.990e-29
      1.996     6.9621 209.783821     1.8584 1.5105e+03     0.5263    87.6717 1.3797e-01 1.7407e+03  0.3810032      2.035     9.9481    328.159 -9.990e-29
      1.998     6.9684 209.711960     1.8584 1.3613e+03     0.5263    87.6717 1.3797e-01 1.7407e+03  0.3810032      2.037     9.9458    327.982 -9.990e-29
      1.998     6.9751 209.723930     1.8584 1.2582e+03     0.5263    87.6717 1.3797e-01 1.7407e+03  0.3810032      2.037     9.9447    327.932 -9.990e-29
      1.998     6.9823 209.723924     1.8584 1.2441e+03     0.5263    87.6717 1.3919e-01 1.7407e+03  0.3810032      2.037     9.9425    327.858 -9.990e-29
      1.999     6.9892 209.807757     1.8584 1.2029e+03     0.5263    87.6717 1.4164e-01 1.7407e+03  0.3810032      2.038     9.9406    327.918 -9.990e-29
      1.999     6.9957 209.771822     1.8571 1.1564e+03     0.5251    87.6978 1.4286e-01 1.7407e+03  0.3810032      2.038     9.9296    327.795 -9.990e-29
      1.998     7.0025 209.771816     1.8584 1.1499e+03     0.5263    87.6717 1.4286e-01 1.7407e+03  0.3810032      2.037     9.9374    327.726 -9.990e-29
      1.999     7.0090 209.807743     1.8584 1.2096e+03     0.5263    87.6717 1.4286e-01 1.7407e+03  0.3810032      2.038     9.9373    327.715 -9.990e-29
      2.000     7.0160 209.783785     1.8584 1.3050e+03     0.5275    87.6455 1.4408e-01 1.7407e+03  0.3810032      2.039     9.9372    327.606 -9.990e-29
      2.000     7.0236 209.747850     1.8584 1.3272e+03     0.5275    87.6455 1.4408e-01 1.7407e+03  0.3810032      2.039     9.9360    327.472 -9.990e-29
      2.000     7.0302 209.699940     1.8571 1.2511e+03     0.5263    87.6717 1.4164e-01 1.7407e+03  0.3810032      2.039     9.9259    327.330 -9.990e-29
      2.001     7.0312 209.759822     1.8584 1.1056e+03     0.5263    87.6717 1.4042e-01 1.7407e+03  0.3810032      2.040     9.9361    327.413 -9.990e-29
      2.001     7.0268 209.687966     1.8571 1.0659e+03     0.5275    87.6455 1.4164e-01 1.7407e+03  0.3810032      2.040     9.9294    327.346 -9.990e-29
      2.001     7.0207 209.723900     1.8571 1.1662e+03     0.5263    87.6717 1.4286e-01 1.7407e+03  0.3810032      2.040     9.9326    327.465 -9.990e-29
      2.001     7.0142 209.723903     1.8571 1.5319e+03     0.5239    87.7240 1.4286e-01 1.7407e+03  0.3810032      2.040     9.9338    327.531 -9.990e-29
      2.001     7.0087 209.735885     1.8559 1.6808e+03     0.5215    87.7762 1.4042e-01 1.7407e+03  0.3810032      2.040     9.9273    327.606 -9.990e-29
      2.001     7.0036 209.723911     1.8571 1.6667e+03     0.5191    87.8285 1.3797e-01 1.7407e+03  0.3810032      2.040     9.9393    327.640 -9.990e-29
      1.999     6.9990 209.759844     1.8571 1.5889e+03     0.5144    87.9331 1.3919e-01 1.7407e+03  0.3810032      2.038     9.9416    327.743 -9.990e-29
      1.998     6.9944 209.735894     1.8571 1.5623e+03     0.5132    87.9592 1.4042e-01 1.7407e+03  0.3810032      2.037     9.9429    327.752 -9.990e-29
      1.996     6.9904 209.795778     1.8571 1.5536e+03     0.5108    88.0115 1.4042e-01 1.7407e+03  0.3810032      2.035     9.9440    327.887 -9.990e-29
      1.996     6.9868 209.747875     1.8559 1.3961e+03     0.5108    88.0115 1.4042e-01 1.7407e+03  0.3810032      2.035     9.9365    327.849 -9.990e-29
      1.996     6.9820 209.735902     1.8571 1.3235e+03     0.5156    87.9069 1.3919e-01 1.7387e+03  0.3810032      2.035     9.9480    327.880 -9.990e-29
      1.996     6.9766 209.759859     1.8571 1.3198e+03     0.5191    87.8285 1.3797e-01 1.7387e+03  0.3810032      2.035     9.9510    327.972 -9.990e-29
      1.995     6.9718 209.747886     1.8571 1.5800e+03     0.5203    87.8024 1.3797e-01 1.7387e+03  0.3810032      2.034     9.9529    328.003 -9.990e-29
      1.994     6.9671 209.747889     1.8571 1.7631e+03     0.5191    87.8285 1.3675e-01 1.7387e+03  0.3814190      2.033     9.9536    328.051 -9.990e-29
      1.992     6.9632 209.747891     1.8559 1.7881e+03     0.5191    87.8285 1.3431e-01 1.7387e+03  0.3810032      2.031     9.9467    328.091 -9.990e-29
      1.992     6.9597 209.771847     1.8571 1.6620e+03     0.5227    87.7501 1.3675e-01 1.7387e+03  0.3810032      2.031     9.9571    328.165 -9.990e-29
      1.991     6.9574 209.688013     1.8559 1.5623e+03     0.5251    87.6978 1.3919e-01 1.7387e+03  0.3810032      2.030     9.9501    328.057 -9.990e-29
      1.990     6.9546 209.723944     1.8559 1.5449e+03     0.5239    87.7240 1.4286e-01 1.7387e+03  0.3810032      2.029     9.9518    328.142 -9.990e-29
      1.989     6.9525 209.747898     1.8559 1.4811e+03     0.5179    87.8547 1.4164e-01 1.7387e+03  0.3810032      2.028     9.9524    328.201 -9.990e-29
