data/05_metadata_exports/SeabirdData/202305_SeabirdData/83408_stn29.cnv
* Sea-Bird SBE 9 Data File:
* FileName = C:\Users\rosette\Rosette Data\2023\Ontario CSMI\stn29.hex
* Software Version Seasave V 7.26.6.26
* Temperature SN = 5270
* Conductivity SN = 1168
* Number of Bytes Per Scan = 40
* Number of Voltage Words = 5
* Number of Scans Averaged by the Deck Unit = 1
* NMEA Latitude = 43 49.09 N
* NMEA Longitude = 078 52.19 W
* NMEA UTC (Time) = Oct 02 2003  19:48:18
* NMEA baud rate = 4800
** Ship: Lake Guardian
** Ontario CSMI LWFS
** Station:  stn29
# nquan = 14                                
# nvalues = 11823                       
# units = specified
# name 0 = prDM: Pressure, Digiquartz [db]
# name 1 = t090C: Temperature [ITS-90, deg C]
# name 2 = c0uS/cm: Conductivity [uS/cm]
# name 3 = sbeox0V: Oxygen raw, SBE 43 [V]
# name 4 = par: PAR/Irradiance, Biospherical/Licor
# name 5 = bat: Beam Attenuation, Chelsea/Seatech [1/m]
# name 6 = xmiss: Beam Transmission, Chelsea/Seatech [%]
# name 7 = flSP: Fluorescence, Seapoint
# name 8 = spar: SPAR, Biospherical/Licor
# name 9 = upoly0: Upoly 0, Suna Nitrate
# name 10 = depFM: Depth [fresh water, m], lat = 43.8182
# name 11 = sbeox0Mg/L: Oxygen, SBE 43 [mg/l], WS = 2
# name 12 = specc: Specific Conductance [uS/cm]
# name 13 = flag: flag
# span 0 =     -0.149,     29.021       
# span 1 =     4.6600,     9.2778       
# span 2 =   6.291245, 547.026828       
# span 3 =     1.8046,     2.2540       
# span 4 = 2.4255e+01, 3.3661e+03       
# span 5 =     0.1303,     2.8312       
# span 6 =    49.2728,    96.7943       
# span 7 = 2.6862e-02, 1.6899e+00       
# span 8 = 1.5142e+03, 1.8135e+03       
# span 9 =  0.0745862,  0.4200849       
# span 10 =     -0.152,     29.593      
# span 11 =     9.7148,    13.5721      
# span 12 =      9.292,    800.278      
# span 13 = 0.0000e+00, 0.0000e+00      
# interval = seconds: 0.0416667
# start_time = Oct 02 2003 19:48:18 [NMEA time, header]
# bad_flag = -9.990e-29
*END*
[from data line 6813]
     28.733     4.6610 190.070862     2.1172 2.5091e+01     0.1466    96.4022 1.2576e-01 1.8057e+03  0.4013756     29.299    12.6883    320.393 -9.990e-29
     28.732     4.6607 190.106711     2.1160 2.5091e+01     0.1455    96.4284 1.2210e-01 1.8057e+03  0.4013756     29.298    12.6791    320.457 -9.990e-29
     28.730     4.6613 190.118660     2.1160 2.5091e+01     0.1466    96.4022 1.2210e-01 1.8057e+03  0.4013756     29.296    12.6803    320.471 -9.990e-29
     28.727     4.6615 190.082810     2.1160 2.5091e+01     0.1466    96.4022 1.2332e-01 1.8057e+03  0.4013756     29.293    12.6801    320.408 -9.990e-29
     28.726     4.6615 190.082811     2.1160 2.5091e+01     0.1455    96.4284 1.2210e-01 1.8057e+03  0.4013756     29.292    12.6814    320.408 -9.990e-29
     28.727     4.6616 190.106710     2.1172 2.5091e+01     0.1466    96.4022 1.2210e-01 1.8057e+03  0.4013756     29.293    12.6905    320.447 -9.990e-29
     28.726     4.6616 190.070862     2.1160 2.5091e+01     0.1466    96.4022 1.2332e-01 1.8057e+03  0.4013756     29.292    12.6812    320.387 -9.990e-29
     28.725     4.6615 190.023063     2.1160 2.5091e+01     0.1466    96.4022 1.1844e-01 1.8057e+03  0.4005440     29.291    12.6825    320.307 -9.990e-29
     28.723     4.6616 190.094761     2.1160 2.5091e+01     0.1466    96.4022 1.1233e-01 1.8057e+03  0.4005440     29.289    12.6823    320.427 -9.990e-29
     28.723     4.6618 190.082810     2.1160 2.5091e+01     0.1466    96.4022 1.0745e-01 1.8057e+03  0.4005440     29.289    12.6820    320.405 -9.990e-29
     28.722     4.6616 190.082811     2.1160 2.5091e+01     0.1466    96.4022 1.0623e-01 1.8057e+03  0.4005440     29.288    12.6819    320.407 -9.990e-29
     28.720     4.6621 190.082810     2.1160 2.5162e+01     0.1455    96.4284 1.0623e-01 1.8057e+03  0.4005440     29.286    12.6801    320.402 -9.990e-29
     28.718     4.6619 190.082811     2.1160 2.5162e+01     0.1455    96.4284 1.0745e-01 1.8057e+03  0.4005440     29.284    12.6785    320.404 -9.990e-29
     28.716     4.6621 190.058911     2.1160 2.5162e+01     0.1444    96.4545 1.0745e-01 1.8057e+03  0.4005440     29.282    12.6781    320.361 -9.990e-29
     28.715     4.6621 190.070861     2.1160 2.5162e+01     0.1455    96.4284 1.0745e-01 1.8057e+03  0.4005440     29.281    12.6805    320.381 -9.990e-29
     28.715     4.6618 190.106710     2.1160 2.5233e+01     0.1433    96.4807 1.0623e-01 1.8057e+03  0.4005440     29.281    12.6830    320.445 -9.990e-29
     28.714     4.6611 190.082810     2.1160 2.5162e+01     0.1444    96.4545 1.0623e-01 1.8057e+03  0.4005440     29.280    12.6857    320.412 -9.990e-29
     28.713     4.6615 190.106709     2.1160 2.5233e+01     0.1455    96.4284 1.0745e-01 1.8057e+03  0.4005440     29.279    12.6851    320.448 -9.990e-29
     28.713     4.6611 190.118660     2.1160 2.5233e+01     0.1444    96.4545 1.1111e-01 1.8057e+03  0.4005440     29.279    12.6862    320.473 -9.990e-29
     28.712     4.6616 190.106709     2.1160 2.5233e+01     0.1444    96.4545 1.1355e-01 1.8057e+03  0.4005440     29.278    12.6870    320.447 -9.990e-29
     28.711     4.6616 190.082810     2.1148 2.5233e+01     0.1433    96.4807 1.1722e-01 1.8057e+03  0.4005440     29.277    12.6772    320.407 -9.990e-29
     28.711     4.6615 190.082811     2.1172 2.5304e+01     0.1444    96.4545 1.1844e-01 1.8057e+03  0.4005440     29.277    12.6964    320.408 -9.990e-29
     28.710     4.6616 190.106709     2.1160 2.5304e+01     0.1444    96.4545 1.1844e-01 1.8057e+03  0.4005440     29.276    12.6850    320.447 -9.990e-29
     28.709     4.6613 190.082810     2.1160 2.5304e+01     0.1455    96.4284 1.1722e-01 1.8057e+03  0.4005440     29.275    12.6844    320.410 -9.990e-29
     28.708     4.6615 190.058913     2.1160 2.5304e+01     0.1444    96.4545 1.1722e-01 1.8076e+03  0.4005440     29.274    12.6850    320.368 -9.990e-29
     28.706     4.6615 190.070861     2.1160 2.5304e+01     0.1444    96.4545 1.1722e-01 1.8076e+03  0.4005440     29.272    12.6856    320.388 -9.990e-29
     28.704     4.6615 190.094760     2.1172 2.5304e+01     0.1444    96.4545 1.1844e-01 1.8076e+03  0.4005440     29.270    12.6954    320.428 -9.990e-29
     28.704     4.6613 190.082811     2.1160 2.5233e+01     0.1444    96.4545 1.2332e-01 1.8076e+03  0.4005440     29.270    12.6868    320.410 -9.990e-29
     28.704     4.6615 190.058911     2.1172 2.5233e+01     0.1455    96.4284 1.2698e-01 1.8076e+03  0.4005440     29.270    12.6965    320.368 -9.990e-29
     28.705     4.6618 190.142558     2.1160 2.5233e+01     0.1444    96.4545 1.2821e-01 1.8076e+03  0.4005440     29.271    12.6876    320.505 -9.990e-29
     28.705     4.6615 190.058912     2.1160 2.5233e+01     0.1455    96.4284 1.2943e-01 1.8076e+03  0.4005440     29.271    12.6896    320.368 -9.990e-29
     28.705     4.6616 190.094759     2.1172 2.5304e+01     0.1433    96.4807 1.2821e-01 1.8076e+03  0.4005440     29.271    12.6992    320.427 -9.990e-29
     28.704     4.6615 190.070861     2.1160 2.5233e+01     0.1411    96.5329 1.2698e-01 1.8076e+03  0.4009598     29.270    12.6903    320.388 -9.990e-29
     28.705     4.6616 190.094760     2.1160 2.5233e+01     0.1411    96.5329 1.2332e-01 1.8076e+03  0.4005440     29.271    12.6892    320.427 -9.990e-29
     28.706     4.6619 190.178406     2.1160 2.5233e+01     0.1411    96.5329 1.1722e-01 1.8076e+03  0.4001283     29.272    12.6894    320.565 -9.990e-29
     28.707     4.6621 190.094760     2.1160 2.5233e+01     0.1422    96.5068 1.1233e-01 1.8076e+03  0.4001283     29.273    12.6882    320.422 -9.990e-29
     28.706     4.6621 190.070860     2.1160 2.5233e+01     0.1411    96.5329 1.1233e-01 1.8076e+03  0.4001283     29.272    12.6884    320.381 -9.990e-29
     28.706     4.6619 190.106709     2.1172 2.5233e+01     0.1411    96.5329 1.1722e-01 1.8076e+03  0.4001283     29.272    12.6965    320.444 -9.990e-29
     28.707     4.6621 190.118658     2.1172 2.5304e+01     0.1401    96.5591 1.2210e-01 1.8076e+03  0.4001283     29.273    12.6952    320.462 -9.990e-29
     28.708     4.6619 190.118660     2.1172 2.5233e+01     0.1411    96.5329 1.2088e-01 1.8076e+03  0.4001283     29.274    12.6955    320.464 -9.990e-29
     28.708     4.6623 190.082810     2.1172 2.5304e+01     0.1411    96.5329 1.1600e-01 1.8076e+03  0.4001283     29.274    12.6954    320.399 -9.990e-29
     28.708     4.6623 190.130607     2.1160 2.5233e+01     0.1401    96.5591 1.1233e-01 1.8076e+03  0.4001283     29.274    12.6863    320.480 -9.990e-29
     28.709     4.6625 190.094759     2.1172 2.5304e+01     0.1411    96.5329 1.0989e-01 1.8076e+03  0.4001283     29.275    12.6954    320.417 -9.990e-29
     28.711     4.6624 190.082811     2.1172 2.5233e+01     0.1411    96.5329 1.1111e-01 1.8076e+03  0.4001283     29.277    12.6954    320.398 -9.990e-29
     28.711     4.6622 190.082810     2.1172 2.5233e+01     0.1411    96.5329 1.1477e-01 1.8076e+03  0.4001283     29.277    12.6954    320.400 -9.990e-29
     28.711     4.6624 190.154506     2.1172 2.5233e+01     0.1401    96.5591 1.1722e-01 1.8076e+03  0.4001283     29.277    12.6937    320.519 -9.990e-29
     28.712     4.6623 190.154508     2.1160 2.5233e+01     0.1401    96.5591 1.1600e-01 1.8076e+03  0.4001283     29.278    12.6856    320.520 -9.990e-29
     28.712     4.6622 190.154507     2.1160 2.5233e+01     0.1411    96.5329 1.1477e-01 1.8076e+03  0.4005440     29.278    12.6854    320.521 -9.990e-29
     28.713     4.6624 190.118657     2.1172 2.5233e+01     0.1411    96.5329 1.1722e-01 1.8076e+03  0.4001283     29.279    12.6942    320.459 -9.990e-29
     28.717     4.6623 190.118660     2.1160 2.5233e+01     0.1411    96.5329 1.1844e-01 1.8076e+03  0.4001283     29.283    12.6860    320.460 -9.990e-29
     28.718     4.6624 190.082810     2.1172 2.5233e+01     0.1411    96.5329 1.1722e-01 1.8076e+03  0.4001283     29.284    12.6961    320.398 -9.990e-29
     28.719     4.6624 190.106710     2.1172 2.5233e+01     0.1411    96.5329 1.1477e-01 1.8076e+03  0.4001283     29.285    12.6969    320.439 -9.990e-29
     28.718     4.6626 190.118658     2.1172 2.5233e+01     0.1401    96.5591 1.1233e-01 1.8076e+03  0.4001283     29.284    12.6961    320.457 -9.990e-29
     28.719     4.6625 190.070860     2.1172 2.5233e+01     0.1390    96.5852 1.1477e-01 1.8076e+03  0.4001283     29.285    12.6969    320.377 -9.990e-29
     28.720     4.6623 190.094760     2.1172 2.5233e+01     0.1390    96.5852 1.1844e-01 1.8076e+03  0.4001283     29.286    12.6963    320.420 -9.990e-29
     28.722     4.6624 190.070861     2.1172 2.5233e+01     0.1401    96.5591 1.1844e-01 1.8076e+03  0.4001283     29.288    12.6955    320.378 -9.990e-29
     28.723     4.6626 190.094760     2.1172 2.5233e+01     0.1401    96.5591 1.1600e-01 1.8076e+03  0.4001283     29.289    12.6961    320.416 -9.990e-29
     28.724     4.6623 190.118658     2.1160 2.5233e+01     0.1401    96.5591 1.1477e-01 1.8076e+03  0.4001283     29.290    12.6862    320.460 -9.990e-29
     28.725     4.6621 190.130609     2.1172 2.5162e+01     0.1390    96.5852 1.1844e-01 1.8076e+03  0.4005440     29.291    12.6946    320.482 -9.990e-29
     28.725     4.6619 190.094760     2.1160 2.5162e+01     0.1401    96.5591 1.1966e-01 1.8096e+03  0.4009598     29.291    12.6845    320.424 -9.990e-29
     28.724     4.6623 190.130608     2.1172 2.5162e+01     0.1401    96.5591 1.1966e-01 1.8096e+03  0.4009598     29.290    12.6927    320.480 -9.990e-29
     28.725     4.6619 190.190355     2.1160 2.5162e+01     0.1390    96.5852 1.1844e-01 1.8096e+03  0.4009598     29.291    12.6839    320.585 -9.990e-29
     28.727     4.6621 190.106710     2.1160 2.5162e+01     0.1401    96.5591 1.1722e-01 1.8096e+03  0.4009598     29.293    12.6841    320.442 -9.990e-29
     28.727     4.6619 190.130609     2.1172 2.5162e+01     0.1390    96.5852 1.1355e-01 1.8096e+03  0.4009598     29.293    12.6937    320.484 -9.990e-29
     28.728     4.6622 190.118658     2.1172 2.5162e+01     0.1401    96.5591 1.1477e-01 1.8096e+03  0.4009598     29.294    12.6939    320.461 -9.990e-29
     28.729     4.6619 190.142559     2.1172 2.5162e+01     0.1390    96.5852 1.1722e-01 1.8096e+03  0.4009598     29.295    12.6957    320.504 -9.990e-29
     28.730     4.6621 190.118659     2.1172 2.5162e+01     0.1401    96.5591 1.2088e-01 1.8096e+03  0.4009598     29.296    12.6944    320.462 -9.990e-29
     28.730     4.6622 190.154507     2.1172 2.5162e+01     0.1401    96.5591 1.2332e-01 1.8096e+03  0.4009598     29.296    12.6932    320.521 -9.990e-29
     28.730     4.6616 190.082811     2.1172 2.5162e+01     0.1390    96.5852 1.2576e-01 1.8096e+03  0.4005440     29.296    12.6923    320.407 -9.990e-29
     28.731     4.6616 190.130608     2.1172 2.5091e+01     0.1401    96.5591 1.2576e-01 1.8096e+03  0.4009598     29.297    12.6912    320.487 -9.990e-29
     28.732     4.6618 190.118660     2.1172 2.5091e+01     0.1401    96.5591 1.2454e-01 1.8096e+03  0.4009598     29.298    12.6914    320.465 -9.990e-29
     28.734     4.6616 190.154508     2.1172 2.5091e+01     0.1411    96.5329 1.2210e-01 1.8096e+03  0.4009598     29.301    12.6904    320.528 -9.990e-29
     28.734     4.6621 190.178407     2.1172 2.5091e+01     0.1422    96.5068 1.1722e-01 1.8096e+03  0.4009598     29.301    12.6891    320.563 -9.990e-29
     28.734     4.6618 190.154507     2.1184 2.5091e+01     0.1444    96.4545 1.1477e-01 1.8096e+03  0.4009598     29.301    12.6987    320.526 -9.990e-29
     28.735     4.6621 190.118659     2.1184 2.5091e+01     0.1444    96.4545 1.1477e-01 1.8096e+03  0.4009598     29.302    12.6974    320.462 -9.990e-29
     28.736     4.6621 190.070862     2.1172 2.5091e+01     0.1433    96.4807 1.1722e-01 1.8096e+03  0.4009598     29.303    12.6869    320.381 -9.990e-29
     28.736     4.6621 190.130609     2.1172 2.5091e+01     0.1444    96.4545 1.1966e-01 1.8096e+03  0.4009598     29.303    12.6872    320.482 -9.990e-29
     28.736     4.6621 190.094760     2.1172 2.5091e+01     0.1433    96.4807 1.2088e-01 1.8096e+03  0.4009598     29.303    12.6888    320.422 -9.990e-29
     28.736     4.6621 190.058912     2.1172 2.5091e+01     0.1444    96.4545 1.2210e-01 1.8096e+03  0.4009598     29.303    12.6889    320.361 -9.990e-29
     28.736     4.6621 190.094760     2.1172 2.5091e+01     0.1444    96.4545 1.2454e-01 1.8096e+03  0.4009598     29.303    12.6877    320.422 -9.990e-29
     28.737     4.6623 190.082810     2.1172 2.5020e+01     0.1444    96.4545 1.2576e-01 1.8096e+03  0.4009598     29.304    12.6865    320.399 -9.990e-29
     28.738     4.6622 190.082811     2.1172 2.5020e+01     0.1444    96.4545 1.2454e-01 1.8096e+03  0.4009598     29.305    12.6868    320.400 -9.990e-29
     28.739     4.6624 190.082811     2.1172 2.5020e+01     0.1433    96.4807 1.2454e-01 1.8096e+03  0.4009598     29.306    12.6843    320.398 -9.990e-29
     28.740     4.6621 190.130609     2.1172 2.5020e+01     0.1444    96.4545 1.2332e-01 1.8096e+03  0.4009598     29.307    12.6833    320.482 -9.990e-29
     28.739     4.6623 190.154508     2.1172 2.5020e+01     0.1444    96.4545 1.2454e-01 1.8096e+03  0.4009598     29.306    12.6808    320.520 -9.990e-29
     28.739     4.6623 190.118658     2.1184 2.5020e+01     0.1433    96.4807 1.2576e-01 1.8096e+03  0.4005440     29.306    12.6890    320.460 -9.990e-29
     28.738     4.6624 190.118660     2.1172 2.4950e+01     0.1444    96.4545 1.2576e-01 1.8096e+03  0.3992968     29.305    12.6787    320.459 -9.990e-29
     28.737     4.6623 190.118658     2.1172 2.4950e+01     0.1433    96.4807 1.2454e-01 1.8096e+03  0.3992968     29.304    12.6776    320.460 -9.990e-29
     28.736     4.6621 190.023064     2.1172 2.4950e+01     0.1444    96.4545 1.2210e-01 1.8096e+03  0.3992968     29.303    12.6780    320.301 -9.990e-29
     28.735     4.6622 190.058912     2.1184 2.4950e+01     0.1444    96.4545 1.1966e-01 1.8096e+03  0.3992968     29.302    12.6861    320.360 -9.990e-29
     28.734     4.6621 190.130608     2.1172 2.4950e+01     0.1433    96.4807 1.1844e-01 1.8096e+03  0.3992968     29.301    12.6758    320.482 -9.990e-29
     28.734     4.6624 190.154508     2.1160 2.4950e+01     0.1444    96.4545 1.1722e-01 1.8096e+03  0.3992968     29.301    12.6655    320.519 -9.990e-29
     28.733     4.6622 190.094760     2.1160 2.4950e+01     0.1411    96.5329 1.1355e-01 1.8096e+03  0.3997125     29.299    12.6647    320.421 -9.990e-29
     28.732     4.6619 190.058911     2.1160 2.4950e+01     0.1390    96.5852 1.0989e-01 1.8076e+03  0.3992968     29.298    12.6653    320.363 -9.990e-29
     28.732     4.6619 190.094760     2.1172 2.4950e+01     0.1390    96.5852 1.0867e-01 1.8076e+03  0.3992968     29.298    12.6751    320.424 -9.990e-29
     28.733     4.6618 190.118659     2.1172 2.4950e+01     0.1401    96.5591 1.0867e-01 1.8076e+03  0.3992968     29.299    12.6742    320.465 -9.990e-29
     28.732     4.6623 190.142559     2.1172 2.4950e+01     0.1401    96.5591 1.0745e-01 1.8076e+03  0.3997125     29.298    12.6733    320.500 -9.990e-29
     28.731     4.6621 190.118658     2.1172 2.4950e+01     0.1401    96.5591 1.0501e-01 1.8096e+03  0.3992968     29.297    12.6740    320.462 -9.990e-29
     28.730     4.6619 190.070862     2.1172 2.4879e+01     0.1401    96.5591 1.0501e-01 1.8096e+03  0.3997125     29.296    12.6761    320.384 -9.990e-29
     28.729     4.6621 190.130608     2.1160 2.4950e+01     0.1411    96.5329 1.0745e-01 1.8096e+03  0.3997125     29.295    12.6675    320.482 -9.990e-29
     28.728     4.6621 190.118660     2.1172 2.4950e+01     0.1401    96.5591 1.1111e-01 1.8096e+03  0.3997125     29.294    12.6762    320.462 -9.990e-29
     28.729     4.6621 190.082810     2.1184 2.4950e+01     0.1401    96.5591 1.1477e-01 1.8096e+03  0.3997125     29.295    12.6849    320.402 -9.990e-29
     28.729     4.6621 190.130610     2.1172 2.4950e+01     0.1401    96.5591 1.1722e-01 1.8096e+03  0.3997125     29.295    12.6766    320.482 -9.990e-29
