data/05_metadata_exports/SeabirdData/202305_SeabirdData/83415_stn28-night.cnv
* Sea-Bird SBE 9 Data File:
* FileName = C:\Users\rosette\Rosette Data\2023\Ontario CSMI\stn28-night.hex
* Software Version Seasave V 7.26.6.26
* Temperature SN = 5270
* Conductivity SN = 1168
* Number of Bytes Per Scan = 40
* Number of Voltage Words = 5
* Number of Scans Averaged by the Deck Unit = 1
* NMEA Latitude = 43 46.49 N
* NMEA Longitude = 078 51.18 W
* NMEA UTC (Time) = Oct 03 2003  01:34:28
* NMEA baud rate = 4800
** Ship: Lake Guardian
** Ontario CSMI LWFS
** Station:  stn28-night
# nquan = 14                                
# nvalues = 17112                       
# units = specified
# name 0 = prDM: Pressure, Digiquartz [db]
# name 1 = t090C: Temperature [ITS-90, deg C]
# name 2 = c0uS/cm: Conductivity [uS/cm]
# name 3 = sbeox0V: Oxygen raw, SBE 43 [V]
# name 4 = par: PAR/Irradiance, Biospherical/Licor
# name 5 = bat: Beam Attenuation, Chelsea/Seatech [1/m]
# name 6 = xmiss: Beam Transmission, Chelsea/Seatech [%]
# name 7 = flSP: Fluorescence, Seapoint
# name 8 = spar: SPAR, Biospherical/Licor
# name 9 = upoly0: Upoly 0, Suna Nitrate
# name 10 = depFM: Depth [fresh water, m], lat = 43.7748
# name 11 = sbeox0Mg/L: Oxygen, SBE 43 [mg/l], WS = 2
# name 12 = specc: Specific Conductance [uS/cm]
# name 13 = flag: flag
# span 0 =     -0.198,     60.289       
# span 1 =     4.3448,     7.4078       
# span 2 =   6.852529, 592.285031       
# span 3 =     1.8071,     2.2796       
# span 4 = 1.0000e-12, 3.7127e+00       
# span 5 =     0.1120,     4.2624       
# span 6 =    34.4518,    97.2387       
# span 7 = 3.7851e-02, 8.5470e-01       
# span 8 = 0.0000e+00, 1.9691e+00       
# span 9 =  0.0409094,  0.0604502       
# span 10 =     -0.202,     61.478      
# span 11 =     9.4744,    13.0489      
# span 12 =     10.665,    921.623      
# span 13 = 0.0000e+00, 0.0000e+00      
# interval = seconds: 0.0416667
# start_time = Oct 03 2003 01:34:28 [NMEA time, header]
# bad_flag = -9.990e-29
*END*
[from data line 13626]
      9.334     6.2968 200.316135     2.2295 1.0000e-12     0.4088    90.2856 5.2015e-01 1.9691e+00  0.0471458      9.518    12.9476    320.011 0.0000e+00
      9.321     6.2949 200.316135     2.2295 1.0000e-12     0.4076    90.3118 5.1282e-01 1.9691e+00  0.0475616      9.505    12.9477    320.031 0.0000e+00
      9.308     6.2937 200.352026     2.2295 1.0000e-12     0.4099    90.2595 5.0794e-01 1.9691e+00  0.0475616      9.492    12.9473    320.100 0.0000e+00
      9.296     6.2923 200.340064     2.2308 1.0000e-12     0.4088    90.2856 4.9695e-01 1.9691e+00  0.0471458      9.479    12.9564    320.095 0.0000e+00
      9.283     6.2904 200.292210     2.2308 1.0000e-12     0.4088    90.2856 4.9206e-01 1.9691e+00  0.0471458      9.466    12.9559    320.038 0.0000e+00
      9.270     6.2894 200.304175     2.2308 1.0000e-12     0.4099    90.2595 5.0305e-01 1.9691e+00  0.0471458      9.453    12.9561    320.068 0.0000e+00
      9.257     6.2894 200.280247     2.2308 1.0000e-12     0.4076    90.3118 5.1160e-01 1.9691e+00  0.0475616      9.440    12.9546    320.029 0.0000e+00
      9.242     6.2892 200.304174     2.2308 1.0000e-12     0.4088    90.2856 5.1160e-01 1.9691e+00  0.0475616      9.424    12.9543    320.070 0.0000e+00
      9.228     6.2892 200.244356     2.2320 1.0000e-12     0.4088    90.2856 5.2137e-01 1.9691e+00  0.0475616      9.410    12.9626    319.974 0.0000e+00
      9.215     6.2884 200.256320     2.2308 1.0000e-12     0.4088    90.2856 5.2747e-01 1.9691e+00  0.0471458      9.397    12.9533    320.001 0.0000e+00
      9.203     6.2862 200.304176     2.2320 1.0000e-12     0.4088    90.2856 5.2137e-01 1.9691e+00  0.0467301      9.384    12.9608    320.100 0.0000e+00
      9.191     6.2839 200.352029     2.2308 1.0000e-12     0.4088    90.2856 5.1526e-01 1.9691e+00  0.0471458      9.372    12.9518    320.200 0.0000e+00
      9.180     6.2827 200.280250     2.2308 1.0000e-12     0.4088    90.2856 5.2991e-01 1.9691e+00  0.0475616      9.361    12.9522    320.098 0.0000e+00
      9.169     6.2815 200.256324     2.2308 1.0000e-12     0.4099    90.2595 5.7143e-01 1.9691e+00  0.0471458      9.350    12.9524    320.072 0.0000e+00
      9.156     6.2810 200.292214     2.2320 1.0000e-12     0.4088    90.2856 5.8608e-01 1.9691e+00  0.0475616      9.337    12.9598    320.135 0.0000e+00
      9.145     6.2802 200.244361     2.2308 1.0000e-12     0.4088    90.2856 5.5678e-01 1.9691e+00  0.0471458      9.325    12.9495    320.066 0.0000e+00
      9.134     6.2785 200.220435     2.2320 1.0000e-12     0.4088    90.2856 5.3236e-01 1.9691e+00  0.0471458      9.314    12.9570    320.045 0.0000e+00
      9.122     6.2793 200.292215     2.2308 1.0000e-12     0.4111    90.2333 5.3114e-01 1.9691e+00  0.0471458      9.302    12.9458    320.152 0.0000e+00
      9.111     6.2814 200.328103     2.2308 1.0000e-12     0.4146    90.1549 5.3968e-01 1.9691e+00  0.0475616      9.291    12.9442    320.188 0.0000e+00
      9.101     6.2823 200.244359     2.2320 1.0000e-12     0.4157    90.1288 5.4701e-01 1.9691e+00  0.0471458      9.280    12.9516    320.045 0.0000e+00
      9.090     6.2825 200.256321     2.2320 1.0000e-12     0.4146    90.1549 5.5800e-01 1.9691e+00  0.0471458      9.269    12.9503    320.062 0.0000e+00
      9.078     6.2807 200.232396     2.2320 1.0000e-12     0.4157    90.1288 5.7021e-01 1.9691e+00  0.0471458      9.257    12.9495    320.042 0.0000e+00
      9.069     6.2791 200.244359     2.2320 1.0000e-12     0.4157    90.1288 5.6777e-01 1.9691e+00  0.0475616      9.248    12.9500    320.077 0.0000e+00
      9.061     6.2763 200.220436     2.2320 1.0000e-12     0.4146    90.1549 5.5800e-01 1.9691e+00  0.0475616      9.240    12.9506    320.068 0.0000e+00
      9.052     6.2698 200.244366     2.2308 1.0000e-12     0.4157    90.1288 5.5556e-01 1.9691e+00  0.0471458      9.230    12.9437    320.173 0.0000e+00
      9.040     6.2603 200.184555     2.2320 1.0000e-12     0.4146    90.1549 5.4823e-01 1.9691e+00  0.0471458      9.218    12.9540    320.174 0.0000e+00
      9.030     6.2530 200.112780     2.2320 1.0000e-12     0.4146    90.1549 5.4701e-01 1.9691e+00  0.0475616      9.208    12.9547    320.134 0.0000e+00
      9.019     6.2477 200.029041     2.2320 1.0000e-12     0.4146    90.1549 5.4212e-01 1.9691e+00  0.0475616      9.197    12.9545    320.055 0.0000e+00
      9.009     6.2445 200.076896     2.2320 1.0000e-12     0.4146    90.1549 5.2747e-01 1.9691e+00  0.0471458      9.187    12.9549    320.164 0.0000e+00
      8.999     6.2448 200.064931     2.2320 1.0000e-12     0.4146    90.1549 5.1526e-01 1.9691e+00  0.0471458      9.176    12.9539    320.142 0.0000e+00
      8.989     6.2455 200.064932     2.2308 1.0000e-12     0.4134    90.1811 5.2137e-01 1.9691e+00  0.0471458      9.166    12.9439    320.135 0.0000e+00
      8.979     6.2426 200.017080     2.2320 1.0000e-12     0.4146    90.1549 5.4212e-01 1.9691e+00  0.0471458      9.156    12.9528    320.088 0.0000e+00
      8.970     6.2408 200.041008     2.2320 1.0000e-12     0.4146    90.1549 5.6410e-01 1.9691e+00  0.0475616      9.147    12.9524    320.145 0.0000e+00
      8.960     6.2397 200.041009     2.2320 1.0000e-12     0.4146    90.1549 5.7998e-01 1.9691e+00  0.0471458      9.137    12.9530    320.156 0.0000e+00
      8.950     6.2381 200.041010     2.2320 1.0000e-12     0.4146    90.1549 5.8730e-01 1.9691e+00  0.0471458      9.126    12.9525    320.172 0.0000e+00
      8.940     6.2367 200.005120     2.2320 1.0000e-12     0.4157    90.1288 5.8608e-01 1.9691e+00  0.0475616      9.116    12.9543    320.129 0.0000e+00
      8.930     6.2367 200.029047     2.2332 1.0000e-12     0.4157    90.1288 5.7998e-01 1.9691e+00  0.0475616      9.106    12.9620    320.167 0.0000e+00
      8.919     6.2347 200.005121     2.2332 1.0000e-12     0.4157    90.1288 5.7265e-01 1.9691e+00  0.0475616      9.095    12.9615    320.150 0.0000e+00
      8.909     6.2342 199.981196     2.2320 1.0000e-12     0.4134    90.1811 5.6410e-01 1.9691e+00  0.0471458      9.085    12.9516    320.116 0.0000e+00
      8.899     6.2334 200.017085     2.2320 1.0000e-12     0.4134    90.1811 5.5678e-01 1.9691e+00  0.0475616      9.074    12.9506    320.182 0.0000e+00
      8.889     6.2326 200.041012     2.2320 1.0000e-12     0.4122    90.2072 5.5433e-01 1.9691e+00  0.0471458      9.064    12.9496    320.229 0.0000e+00
      8.878     6.2344 200.076899     2.2308 1.0000e-12     0.4122    90.2072 5.5067e-01 1.9691e+00  0.0471458      9.053    12.9400    320.268 0.0000e+00
      8.868     6.2373 200.112788     2.2320 1.0000e-12     0.4122    90.2072 5.4945e-01 1.9691e+00  0.0471458      9.043    12.9465    320.295 0.0000e+00
      8.857     6.2381 200.029044     2.2332 1.0000e-12     0.4122    90.2072 5.5678e-01 1.9691e+00  0.0475616      9.032    12.9536    320.153 0.0000e+00
      8.846     6.2389 200.029044     2.2332 1.0000e-12     0.4122    90.2072 5.6654e-01 1.9691e+00  0.0475616      9.020    12.9532    320.145 0.0000e+00
      8.835     6.2400 200.052968     2.2320 1.0000e-12     0.4134    90.1811 5.7509e-01 1.9691e+00  0.0471458      9.009    12.9438    320.172 0.0000e+00
      8.825     6.2398 200.041006     2.2320 1.0000e-12     0.4134    90.1811 5.8120e-01 1.9691e+00  0.0467301      8.999    12.9437    320.155 0.0000e+00
      8.816     6.2400 200.041005     2.2332 1.0000e-12     0.4122    90.2072 5.8364e-01 1.9691e+00  0.0471458      8.990    12.9535    320.153 0.0000e+00
      8.806     6.2420 200.041005     2.2332 1.0000e-12     0.4134    90.1811 5.7875e-01 1.9691e+00  0.0471458      8.980    12.9526    320.132 0.0000e+00
      8.795     6.2439 200.100818     2.2320 1.0000e-12     0.4122    90.2072 5.7143e-01 1.9691e+00  0.0471458      8.968    12.9416    320.208 0.0000e+00
      8.783     6.2445 200.124744     2.2320 1.0000e-12     0.4134    90.1811 5.6654e-01 1.9691e+00  0.0471458      8.956    12.9411    320.241 0.0000e+00
      8.771     6.2485 200.124740     2.2320 1.0000e-12     0.4122    90.2072 5.6532e-01 1.9691e+00  0.0471458      8.944    12.9406    320.200 0.0000e+00
      8.760     6.2529 200.124739     2.2320 1.0000e-12     0.4134    90.1811 5.6288e-01 1.9691e+00  0.0471458      8.933    12.9387    320.154 0.0000e+00
      8.749     6.2550 200.100810     2.2320 1.0000e-12     0.4134    90.1811 5.5922e-01 1.9691e+00  0.0475616      8.921    12.9388    320.095 0.0000e+00
      8.738     6.2543 200.160626     2.2320 1.0000e-12     0.4134    90.1811 5.5556e-01 1.9691e+00  0.0471458      8.910    12.9387    320.198 0.0000e+00
      8.727     6.2558 200.160625     2.2320 1.0000e-12     0.4134    90.1811 5.5311e-01 1.9691e+00  0.0471458      8.899    12.9365    320.182 0.0000e+00
      8.715     6.2585 200.196514     2.2320 1.0000e-12     0.4122    90.2072 5.5433e-01 1.9691e+00  0.0471458      8.887    12.9351    320.212 0.0000e+00
      8.704     6.2609 200.184548     2.2320 1.0000e-12     0.4122    90.2072 5.6044e-01 1.9691e+00  0.0475616      8.876    12.9350    320.168 0.0000e+00
      8.692     6.2630 200.136694     2.2320 1.0000e-12     0.4099    90.2595 5.7387e-01 1.9691e+00  0.0475616      8.863    12.9350    320.070 0.0000e+00
      8.679     6.2625 200.100804     2.2332 1.0000e-12     0.4088    90.2856 5.8852e-01 1.9691e+00  0.0471458      8.850    12.9435    320.018 0.0000e+00
      8.665     6.2619 200.184547     2.2320 1.0000e-12     0.4088    90.2856 6.0073e-01 1.9691e+00  0.0467301      8.836    12.9344    320.158 0.0000e+00
      8.652     6.2617 200.184546     2.2320 1.0000e-12     0.4088    90.2856 6.1661e-01 1.9691e+00  0.0471458      8.823    12.9352    320.160 0.0000e+00
      8.639     6.2649 200.208472     2.2320 1.0000e-12     0.4088    90.2856 6.3858e-01 1.9691e+00  0.0471458      8.809    12.9348    320.165 0.0000e+00
      8.625     6.2680 200.220432     2.2308 1.0000e-12     0.4076    90.3118 6.4103e-01 1.9691e+00  0.0471458      8.795    12.9257    320.153 0.0000e+00
      8.611     6.2697 200.184541     2.2320 1.0000e-12     0.4088    90.2856 6.1172e-01 1.9691e+00  0.0471458      8.781    12.9346    320.078 0.0000e+00
      8.597     6.2720 200.208465     2.2320 1.0000e-12     0.4088    90.2856 5.7143e-01 1.9691e+00  0.0471458      8.766    12.9344    320.093 0.0000e+00
      8.584     6.2739 200.256319     2.2320 1.0000e-12     0.4088    90.2856 5.3846e-01 1.9691e+00  0.0471458      8.753    12.9319    320.150 0.0000e+00
      8.570     6.2749 200.256315     2.2320 1.0000e-12     0.4088    90.2856 5.1893e-01 1.9691e+00  0.0471458      8.739    12.9321    320.140 0.0000e+00
      8.558     6.2745 200.256317     2.2320 1.0000e-12     0.4088    90.2856 5.1404e-01 1.9691e+00  0.0475616      8.727    12.9341    320.144 0.0000e+00
      8.546     6.2743 200.220427     2.2320 1.0000e-12     0.4099    90.2595 5.2137e-01 1.9691e+00  0.0471458      8.714    12.9359    320.088 0.0000e+00
      8.534     6.2738 200.244354     2.2320 1.0000e-12     0.4088    90.2856 5.3724e-01 1.9691e+00  0.0471458      8.702    12.9367    320.132 0.0000e+00
      8.520     6.2738 200.196499     2.2332 1.0000e-12     0.4088    90.2856 5.5922e-01 1.9691e+00  0.0471458      8.688    12.9459    320.055 0.0000e+00
      8.506     6.2734 200.292207     2.2320 1.0000e-12     0.4088    90.2856 5.8120e-01 1.9691e+00  0.0471458      8.674    12.9390    320.212 0.0000e+00
      8.492     6.2730 200.220427     2.2320 1.0000e-12     0.4088    90.2856 5.8242e-01 1.9691e+00  0.0471458      8.659    12.9408    320.102 0.0000e+00
      8.479     6.2691 200.136685     2.2320 1.0000e-12     0.4076    90.3118 5.7387e-01 1.9691e+00  0.0471458      8.646    12.9426    320.008 0.0000e+00
      8.466     6.2648 200.160614     2.2332 1.0000e-12     0.4088    90.2856 5.7143e-01 1.9691e+00  0.0475616      8.633    12.9534    320.090 0.0000e+00
      8.454     6.2654 200.160615     2.2320 1.0000e-12     0.4088    90.2856 5.7387e-01 1.9691e+00  0.0475616      8.621    12.9447    320.084 0.0000e+00
      8.441     6.2675 200.172576     2.2332 1.0000e-12     0.4088    90.2856 5.6288e-01 1.9691e+00  0.0471458      8.607    12.9530    320.081 0.0000e+00
      8.427     6.2690 200.184537     2.2320 1.0000e-12     0.4099    90.2595 5.4090e-01 1.9691e+00  0.0471458      8.593    12.9427    320.085 0.0000e+00
      8.414     6.2691 200.232391     2.2320 1.0000e-12     0.4111    90.2333 5.1770e-01 1.9691e+00  0.0471458      8.580    12.9429    320.161 0.0000e+00
      8.400     6.2684 200.184537     2.2320 1.0000e-12     0.4099    90.2595 5.0916e-01 1.9691e+00  0.0471458      8.566    12.9433    320.091 0.0000e+00
      8.386     6.2694 200.172573     2.2332 1.0000e-12     0.4099    90.2595 5.1770e-01 1.9691e+00  0.0471458      8.551    12.9519    320.062 0.0000e+00
      8.373     6.2738 200.232386     2.2332 1.0000e-12     0.4099    90.2595 5.2625e-01 1.9691e+00  0.0471458      8.538    12.9504    320.113 0.0000e+00
      8.361     6.2786 200.256311     2.2320 1.0000e-12     0.4111    90.2333 5.3724e-01 1.9691e+00  0.0471458      8.526    12.9399    320.102 0.0000e+00
      8.349     6.2812 200.292198     2.2320 1.0000e-12     0.4111    90.2333 5.5433e-01 1.9691e+00  0.0467301      8.514    12.9402    320.132 0.0000e+00
      8.337     6.2821 200.316125     2.2320 1.0000e-12     0.4099    90.2595 5.4457e-01 1.9691e+00  0.0471458      8.501    12.9410    320.161 0.0000e+00
      8.325     6.2830 200.208453     2.2320 1.0000e-12     0.4111    90.2333 5.2625e-01 1.9691e+00  0.0471458      8.489    12.9406    319.980 0.0000e+00
      8.312     6.2849 200.256306     2.2332 1.0000e-12     0.4111    90.2333 5.1770e-01 1.9691e+00  0.0471458      8.476    12.9497    320.037 0.0000e+00
      8.299     6.2877 200.280229     2.2332 1.0000e-12     0.4099    90.2595 5.2625e-01 1.9691e+00  0.0471458      8.463    12.9472    320.047 0.0000e+00
      8.286     6.2880 200.304156     2.2332 1.0000e-12     0.4111    90.2333 5.6899e-01 1.9691e+00  0.0471458      8.449    12.9467    320.082 0.0000e+00
      8.274     6.2897 200.316119     2.2320 1.0000e-12     0.4099    90.2595 6.4591e-01 1.9691e+00  0.0475616      8.437    12.9369    320.084 0.0000e+00
      8.263     6.2902 200.244338     2.2332 1.0000e-12     0.4111    90.2333 6.8376e-01 1.9691e+00  0.0471458      8.426    12.9450    319.964 0.0000e+00
      8.250     6.2884 200.244339     2.2332 1.0000e-12     0.4099    90.2595 6.6300e-01 1.9691e+00  0.0471458      8.413    12.9464    319.982 0.0000e+00
      8.237     6.2877 200.268265     2.2332 1.0000e-12     0.4099    90.2595 6.4103e-01 1.9691e+00  0.0471458      8.399    12.9472    320.028 0.0000e+00
      8.225     6.2877 200.232375     2.2332 1.0000e-12     0.4111    90.2333 6.2759e-01 1.9691e+00  0.0471458      8.387    12.9465    319.970 0.0000e+00
      8.212     6.2873 200.292192     2.2332 1.0000e-12     0.4099    90.2595 6.1172e-01 1.9691e+00  0.0471458      8.374    12.9458    320.070 0.0000e+00
      8.200     6.2869 200.316118     2.2332 1.0000e-12     0.4111    90.2333 5.9219e-01 1.9691e+00  0.0471458      8.362    12.9476    320.112 0.0000e+00
      8.190     6.2860 200.328083     2.2332 1.0000e-12     0.4111    90.2333 5.6899e-01 1.9691e+00  0.0471458      8.351    12.9471    320.141 0.0000e+00
      8.180     6.2875 200.340046     2.2332 1.0000e-12     0.4134    90.1811 5.4701e-01 1.9691e+00  0.0471458      8.341    12.9468    320.144 0.0000e+00
      8.169     6.2904 200.316116     2.2332 1.0000e-12     0.4169    90.1026 5.3602e-01 1.9691e+00  0.0471458      8.330    12.9447    320.077 0.0000e+00
      8.156     6.2917 200.352006     2.2332 1.0000e-12     0.4169    90.1026 5.4090e-01 1.9691e+00  0.0471458      8.317    12.9445    320.121 0.0000e+00
      8.144     6.2926 200.375932     2.2332 1.0000e-12     0.4169    90.1026 5.5433e-01 1.9691e+00  0.0471458      8.305    12.9431    320.150 0.0000e+00
      8.131     6.2942 200.387893     2.2320 1.0000e-12     0.4157    90.1288 5.6288e-01 1.9691e+00  0.0471458      8.291    12.9350    320.152 0.0000e+00
