data/05_metadata_exports/SeabirdData/202305_SeabirdData/83415_stn28-night.cnv
* Sea-Bird SBE 9 Data File:
* FileName = C:\Users\rosette\Rosette Data\2023\Ontario CSMI\stn28-night.hex
* Software Version Seasave V 7.26.6.26
* Temperature SN = 5270
* Conductivity SN = 1168
* Number of Bytes Per Scan = 40
* Number of Voltage Words = 5
* Number of Scans Averaged by the Deck Unit = 1
* NMEA Latitude = 43 46.49 N
* NMEA Longitude = 078 51.18 W
* NMEA UTC (Time) = Oct 03 2003  01:34:28
* NMEA baud rate = 4800
** Ship: Lake Guardian
** Ontario CSMI LWFS
** Station:  stn28-night
# nquan = 14                                
# nvalues = 17112                       
# units = specified
# name 0 = prDM: Pressure, Digiquartz [db]
# name 1 = t090C: Temperature [ITS-90, deg C]
# name 2 = c0uS/cm: Conductivity [uS/cm]
# name 3 = sbeox0V: Oxygen raw, SBE 43 [V]
# name 4 = par: PAR/Irradiance, Biospherical/Licor
# name 5 = bat: Beam Attenuation, Chelsea/Seatech [1/m]
# name 6 = xmiss: Beam Transmission, Chelsea/Seatech [%]
# name 7 = flSP: Fluorescence, Seapoint
# name 8 = spar: SPAR, Biospherical/Licor
# name 9 = upoly0: Upoly 0, Suna Nitrate
# name 10 = depFM: Depth [fresh water, m], lat = 43.7748
# name 11 = sbeox0Mg/L: Oxygen, SBE 43 [mg/l], WS = 2
# name 12 = specc: Specific Conductance [uS/cm]
# name 13 = flag: flag
# span 0 =     -0.198,     60.289       
# span 1 =     4.3448,     7.4078       
# span 2 =   6.852529, 592.285031       
# span 3 =     1.8071,     2.2796       
# span 4 = 1.0000e-12, 3.7127e+00       
# span 5 =     0.1120,     4.2624       
# span 6 =    34.4518,    97.2387       
# span 7 = 3.7851e-02, 8.5470e-01       
# span 8 = 0.0000e+00, 1.9691e+00       
# span 9 =  0.0409094,  0.0604502       
# span 10 =     -0.202,     61.478      
# span 11 =     9.4744,    13.0489      
# span 12 =     10.665,    921.623      
# span 13 = 0.0000e+00, 0.0000e+00      
# interval = seconds: 0.0416667
# start_time = Oct 03 2003 01:34:28 [NMEA time, header]
# bad_flag = -9.990e-29
*END*
[from data line 6504]
     41.820     4.3727 186.797755     2.1038 1.0000e-12     0.2243    94.5463 1.2698e-01 1.9691e+00  0.0483931     42.645    12.6681    317.967 0.0000e+00
     41.839     4.3709 186.738032     2.1026 1.0000e-12     0.2221    94.5986 1.2943e-01 1.9691e+00  0.0483931     42.664    12.6594    317.885 0.0000e+00
     41.857     4.3693 186.749979     2.1050 1.0000e-12     0.2221    94.5986 1.3431e-01 1.9691e+00  0.0483931     42.682    12.6774    317.923 0.0000e+00
     41.874     4.3671 186.726091     2.1038 1.0000e-12     0.2221    94.5986 1.3675e-01 1.9691e+00  0.0483931     42.700    12.6694    317.906 0.0000e+00
     41.891     4.3651 186.702202     2.1050 1.0000e-12     0.2221    94.5986 1.3675e-01 1.9691e+00  0.0483931     42.717    12.6803    317.887 0.0000e+00
     41.908     4.3631 186.702203     2.1050 1.0000e-12     0.2210    94.6248 1.4164e-01 1.9691e+00  0.0483931     42.734    12.6806    317.908 0.0000e+00
     41.927     4.3618 186.690261     2.1050 1.0000e-12     0.2221    94.5986 1.3919e-01 1.9691e+00  0.0483931     42.754    12.6808    317.902 0.0000e+00
     41.945     4.3606 186.714151     2.1062 1.0000e-12     0.2188    94.6770 1.3797e-01 1.9691e+00  0.0479774     42.772    12.6905    317.956 0.0000e+00
     41.963     4.3599 186.678318     2.1062 1.0000e-12     0.2177    94.7032 1.3553e-01 1.9691e+00  0.0479774     42.790    12.6924    317.902 0.0000e+00
     41.980     4.3589 186.642483     2.1050 1.0000e-12     0.2177    94.7032 1.3065e-01 1.9691e+00  0.0483931     42.808    12.6851    317.852 0.0000e+00
     41.999     4.3583 186.606651     2.1026 1.0000e-12     0.2188    94.6770 1.2821e-01 1.9691e+00  0.0483931     42.827    12.6671    317.798 0.0000e+00
     42.017     4.3583 186.666375     2.1038 1.0000e-12     0.2188    94.6770 1.2821e-01 1.9691e+00  0.0483931     42.845    12.6755    317.899 0.0000e+00
     42.035     4.3588 186.690263     2.1050 1.0000e-12     0.2188    94.6770 1.2943e-01 1.9691e+00  0.0483931     42.864    12.6870    317.935 0.0000e+00
     42.053     4.3598 186.702208     2.1050 1.0000e-12     0.2177    94.7032 1.2821e-01 1.9691e+00  0.0483931     42.882    12.6878    317.944 0.0000e+00
     42.072     4.3599 186.666375     2.1026 1.0000e-12     0.2188    94.6770 1.2698e-01 1.9691e+00  0.0479774     42.901    12.6688    317.882 0.0000e+00
     42.089     4.3592 186.642485     2.1038 1.0000e-12     0.2188    94.6770 1.2454e-01 1.9691e+00  0.0483931     42.919    12.6784    317.849 0.0000e+00
     42.107     4.3588 186.654431     2.1026 1.0000e-12     0.2188    94.6770 1.2332e-01 1.9691e+00  0.0483931     42.937    12.6694    317.874 0.0000e+00
     42.125     4.3585 186.630542     2.1038 1.0000e-12     0.2199    94.6509 1.2210e-01 1.9691e+00  0.0483931     42.956    12.6806    317.836 0.0000e+00
     42.144     4.3579 186.654433     2.1026 1.0000e-12     0.2199    94.6509 1.1844e-01 1.9691e+00  0.0479774     42.975    12.6733    317.883 0.0000e+00
     42.162     4.3570 186.666377     2.1038 1.0000e-12     0.2199    94.6509 1.1844e-01 1.9691e+00  0.0479774     42.993    12.6822    317.913 0.0000e+00
     42.181     4.3568 186.642490     2.1038 1.0000e-12     0.2210    94.6248 1.1722e-01 1.9691e+00  0.0483931     43.013    12.6817    317.875 0.0000e+00
     42.198     4.3562 186.678324     2.1026 1.0000e-12     0.2210    94.6248 1.1233e-01 1.9691e+00  0.0483931     43.030    12.6736    317.943 0.0000e+00
     42.215     4.3570 186.702212     2.1038 1.0000e-12     0.2199    94.6509 1.0989e-01 1.9691e+00  0.0479774     43.047    12.6825    317.975 0.0000e+00
     42.233     4.3583 186.690268     2.1026 1.0000e-12     0.2199    94.6509 1.0867e-01 1.9691e+00  0.0479774     43.066    12.6727    317.940 0.0000e+00
     42.251     4.3598 186.714157     2.1026 1.0000e-12     0.2210    94.6248 1.0989e-01 1.9691e+00  0.0483931     43.084    12.6723    317.965 0.0000e+00
     42.269     4.3610 186.702211     2.1026 1.0000e-12     0.2210    94.6248 1.3065e-01 1.9691e+00  0.0483931     43.102    12.6708    317.931 0.0000e+00
     42.287     4.3623 186.702212     2.1013 1.0000e-12     0.2210    94.6248 1.3309e-01 1.9691e+00  0.0479774     43.121    12.6578    317.917 0.0000e+00
     42.303     4.3633 186.666376     2.1026 1.0000e-12     0.2221    94.5986 1.2332e-01 1.9691e+00  0.0483931     43.137    12.6696    317.845 0.0000e+00
     42.320     4.3642 186.738044     2.1026 1.0000e-12     0.2221    94.5986 1.1722e-01 1.9691e+00  0.0483931     43.154    12.6700    317.958 0.0000e+00
     42.339     4.3652 186.702210     2.1026 1.0000e-12     0.2210    94.6248 1.1233e-01 1.9691e+00  0.0483931     43.174    12.6704    317.886 0.0000e+00
     42.358     4.3655 186.761935     2.1026 1.0000e-12     0.2221    94.5986 1.1111e-01 1.9691e+00  0.0479774     43.193    12.6727    317.984 0.0000e+00
     42.375     4.3658 186.785824     2.1026 1.0000e-12     0.2210    94.6248 1.1966e-01 1.9691e+00  0.0483931     43.210    12.6736    318.022 0.0000e+00
     42.393     4.3663 186.714155     2.1026 1.0000e-12     0.2199    94.6509 1.2576e-01 1.9691e+00  0.0483931     43.229    12.6776    317.894 0.0000e+00
     42.411     4.3667 186.738045     2.1038 1.0000e-12     0.2199    94.6509 1.2088e-01 1.9691e+00  0.0483931     43.247    12.6897    317.930 0.0000e+00
     42.430     4.3666 186.726101     2.1026 1.0000e-12     0.2199    94.6509 1.1722e-01 1.9691e+00  0.0483931     43.267    12.6820    317.911 0.0000e+00
     42.447     4.3665 186.702211     2.1013 1.0000e-12     0.2199    94.6509 1.1233e-01 1.9691e+00  0.0483931     43.284    12.6708    317.872 0.0000e+00
     42.464     4.3658 186.738046     2.1026 1.0000e-12     0.2210    94.6248 1.1233e-01 1.9691e+00  0.0483931     43.301    12.6816    317.940 0.0000e+00
     42.481     4.3660 186.773881     2.1026 1.0000e-12     0.2210    94.6248 1.1233e-01 1.9691e+00  0.0483931     43.319    12.6835    317.999 0.0000e+00
     42.499     4.3671 186.809716     2.1013 1.0000e-12     0.2199    94.6509 1.0745e-01 1.9691e+00  0.0483931     43.337    12.6752    318.048 0.0000e+00
     42.517     4.3677 186.749991     2.1026 1.0000e-12     0.2188    94.6770 1.0501e-01 1.9691e+00  0.0483931     43.355    12.6845    317.940 0.0000e+00
     42.535     4.3682 186.761936     2.1026 1.0000e-12     0.2177    94.7032 1.0134e-01 1.9691e+00  0.0483931     43.374    12.6838    317.955 0.0000e+00
     42.554     4.3687 186.761936     2.1026 1.0000e-12     0.2188    94.6770 1.0134e-01 1.9691e+00  0.0479774     43.393    12.6819    317.949 0.0000e+00
     42.573     4.3683 186.821661     2.1013 1.0000e-12     0.2199    94.6509 1.0012e-01 1.9691e+00  0.0483931     43.412    12.6732    318.056 0.0000e+00
     42.590     4.3687 186.749993     2.1013 1.0000e-12     0.2199    94.6509 1.0134e-01 1.9691e+00  0.0483931     43.430    12.6730    317.929 0.0000e+00
     42.607     4.3683 186.749992     2.1013 1.0000e-12     0.2188    94.6770 1.0256e-01 1.9691e+00  0.0483931     43.447    12.6746    317.933 0.0000e+00
     42.624     4.3682 186.714158     2.1013 1.0000e-12     0.2188    94.6770 1.0501e-01 1.9691e+00  0.0483931     43.464    12.6762    317.874 0.0000e+00
     42.641     4.3677 186.714159     2.1013 1.0000e-12     0.2199    94.6509 1.0745e-01 1.9691e+00  0.0483931     43.482    12.6752    317.879 0.0000e+00
     42.659     4.3671 186.726105     2.1013 1.0000e-12     0.2155    94.7555 1.0623e-01 1.9691e+00  0.0479774     43.500    12.6787    317.906 0.0000e+00
     42.675     4.3668 186.749995     2.1013 1.0000e-12     0.2122    94.8339 1.0501e-01 1.9691e+00  0.0483931     43.516    12.6792    317.950 0.0000e+00
     42.691     4.3664 186.726104     2.1013 1.0000e-12     0.2133    94.8077 1.0989e-01 1.9691e+00  0.0483931     43.533    12.6784    317.913 0.0000e+00
     42.709     4.3665 186.702217     2.1013 1.0000e-12     0.2122    94.8339 1.0745e-01 1.9691e+00  0.0483931     43.551    12.6776    317.872 0.0000e+00
     42.726     4.3668 186.761941     2.1026 1.0000e-12     0.2122    94.8339 1.0379e-01 1.9691e+00  0.0479774     43.568    12.6853    317.970 0.0000e+00
     42.742     4.3676 186.738050     2.1026 1.0000e-12     0.2122    94.8339 1.0256e-01 1.9691e+00  0.0483931     43.585    12.6858    317.921 0.0000e+00
     42.759     4.3682 186.761939     2.1013 1.0000e-12     0.2144    94.7816 1.0012e-01 1.9691e+00  0.0483931     43.602    12.6762    317.955 0.0000e+00
     42.777     4.3692 186.761941     2.1026 1.0000e-12     0.2133    94.8077 9.8901e-02 1.9691e+00  0.0483931     43.620    12.6855    317.944 0.0000e+00
     42.793     4.3698 186.761940     2.1013 1.0000e-12     0.2144    94.7816 9.7680e-02 1.9691e+00  0.0483931     43.637    12.6747    317.938 0.0000e+00
     42.809     4.3703 186.761939     2.1026 1.0000e-12     0.2133    94.8077 9.6459e-02 1.9691e+00  0.0483931     43.653    12.6844    317.932 0.0000e+00
     42.826     4.3711 186.726105     2.1013 1.0000e-12     0.2133    94.8077 9.7680e-02 1.9691e+00  0.0483931     43.670    12.6753    317.863 0.0000e+00
     42.843     4.3709 186.857500     2.1013 1.0000e-12     0.2133    94.8077 1.0012e-01 1.9691e+00  0.0483931     43.688    12.6781    318.088 0.0000e+00
     42.858     4.3715 186.797774     2.1013 1.0000e-12     0.2133    94.8077 1.0256e-01 1.9691e+00  0.0479774     43.703    12.6793    317.980 0.0000e+00
     42.874     4.3709 186.797775     2.1013 1.0000e-12     0.2144    94.7816 1.0501e-01 1.9691e+00  0.0483931     43.719    12.6781    317.987 0.0000e+00
     42.890     4.3699 186.785832     2.1013 1.0000e-12     0.2133    94.8077 1.0623e-01 1.9691e+00  0.0479774     43.736    12.6786    317.977 0.0000e+00
     42.906     4.3687 186.690273     2.1013 1.0000e-12     0.2133    94.8077 1.0745e-01 1.9691e+00  0.0479774     43.752    12.6793    317.827 0.0000e+00
     42.923     4.3679 186.678329     2.1013 1.0000e-12     0.2133    94.8077 1.0745e-01 1.9691e+00  0.0483931     43.769    12.6798    317.816 0.0000e+00
     42.940     4.3671 186.714165     2.1001 1.0000e-12     0.2122    94.8339 1.0867e-01 1.9691e+00  0.0483931     43.787    12.6712    317.885 0.0000e+00
     42.956     4.3663 186.750000     2.1001 1.0000e-12     0.2133    94.8077 1.0745e-01 1.9691e+00  0.0483931     43.803    12.6734    317.955 0.0000e+00
     42.972     4.3662 186.726110     2.1013 1.0000e-12     0.2144    94.7816 1.0379e-01 1.9691e+00  0.0483931     43.819    12.6848    317.916 0.0000e+00
     42.989     4.3659 186.702222     2.1013 1.0000e-12     0.2155    94.7555 1.0134e-01 1.9691e+00  0.0483931     43.837    12.6854    317.878 0.0000e+00
     43.006     4.3660 186.714166     2.1013 1.0000e-12     0.2155    94.7555 1.0256e-01 1.9691e+00  0.0479774     43.854    12.6844    317.897 0.0000e+00
     43.023     4.3663 186.738056     2.1013 1.0000e-12     0.2155    94.7555 1.0379e-01 1.9691e+00  0.0479774     43.871    12.6834    317.935 0.0000e+00
     43.039     4.3662 186.714168     2.1001 1.0000e-12     0.2144    94.7816 1.0623e-01 1.9691e+00  0.0483931     43.888    12.6733    317.895 0.0000e+00
     43.054     4.3663 186.714167     2.1026 1.0000e-12     0.2155    94.7555 1.0501e-01 1.9691e+00  0.0483931     43.903    12.6934    317.894 0.0000e+00
     43.069     4.3664 186.750001     2.1013 1.0000e-12     0.2155    94.7555 1.0134e-01 1.9691e+00  0.0483931     43.918    12.6839    317.954 0.0000e+00
     43.086     4.3671 186.761946     2.1001 1.0000e-12     0.2166    94.7293 1.0012e-01 1.9691e+00  0.0479774     43.935    12.6735    317.967 0.0000e+00
     43.104     4.3671 186.714167     2.1001 1.0000e-12     0.2166    94.7293 1.0379e-01 1.9691e+00  0.0483931     43.954    12.6728    317.885 0.0000e+00
     43.121     4.3669 186.761948     2.1001 1.0000e-12     0.2155    94.7555 1.1355e-01 1.9691e+00  0.0483931     43.971    12.6722    317.969 0.0000e+00
     43.138     4.3669 186.738058     2.1013 1.0000e-12     0.2166    94.7293 1.1355e-01 1.9691e+00  0.0483931     43.989    12.6826    317.928 0.0000e+00
     43.154     4.3669 186.726113     2.1013 1.0000e-12     0.2155    94.7555 1.1111e-01 1.9691e+00  0.0479774     44.005    12.6837    317.908 0.0000e+00
     43.171     4.3669 186.726113     2.1001 1.0000e-12     0.2155    94.7555 1.0501e-01 1.9691e+00  0.0483931     44.022    12.6740    317.908 0.0000e+00
     43.188     4.3662 186.654446     2.1001 1.0000e-12     0.2155    94.7555 1.0134e-01 1.9691e+00  0.0479774     44.039    12.6756    317.794 0.0000e+00
     43.205     4.3649 186.726115     2.1001 1.0000e-12     0.2155    94.7555 1.0379e-01 1.9691e+00  0.0483931     44.057    12.6759    317.930 0.0000e+00
     43.221     4.3641 186.630558     2.1013 1.0000e-12     0.2166    94.7293 1.0623e-01 1.9691e+00  0.0483931     44.073    12.6871    317.776 0.0000e+00
     43.238     4.3629 186.738062     2.1013 1.0000e-12     0.2166    94.7293 1.0501e-01 1.9691e+00  0.0479774     44.090    12.6889    317.972 0.0000e+00
     43.254     4.3635 186.738062     2.1013 1.0000e-12     0.2155    94.7555 1.0134e-01 1.9691e+00  0.0483931     44.107    12.6887    317.965 0.0000e+00
     43.270     4.3640 186.678338     2.1001 1.0000e-12     0.2166    94.7293 1.0379e-01 1.9691e+00  0.0483931     44.123    12.6793    317.858 0.0000e+00
     43.286     4.3647 186.690283     2.1001 1.0000e-12     0.2166    94.7293 1.0501e-01 1.9691e+00  0.0483931     44.139    12.6792    317.871 0.0000e+00
     43.301     4.3645 186.714172     2.1001 1.0000e-12     0.2166    94.7293 1.0623e-01 1.9691e+00  0.0483931     44.155    12.6794    317.914 0.0000e+00
     43.317     4.3639 186.702229     2.1013 1.0000e-12     0.2144    94.7816 1.0745e-01 1.9691e+00  0.0483931     44.171    12.6892    317.900 0.0000e+00
     43.333     4.3632 186.738063     2.1001 1.0000e-12     0.2067    94.9646 1.0989e-01 1.9691e+00  0.0479774     44.187    12.6805    317.968 0.0000e+00
     43.351     4.3629 186.690284     2.1013 1.0000e-12     0.2034    95.0430 1.1111e-01 1.9691e+00  0.0483931     44.206    12.6888    317.890 0.0000e+00
     43.369     4.3628 186.690285     2.1013 1.0000e-12     0.2056    94.9907 1.0989e-01 1.9691e+00  0.0483931     44.224    12.6878    317.891 0.0000e+00
     43.387     4.3632 186.702231     2.1013 1.0000e-12     0.2056    94.9907 1.0745e-01 1.9691e+00  0.0483931     44.242    12.6880    317.907 0.0000e+00
     43.404     4.3644 186.690285     2.1001 1.0000e-12     0.2056    94.9907 1.0379e-01 1.9691e+00  0.0479774     44.260    12.6787    317.874 0.0000e+00
     43.421     4.3649 186.738064     2.1001 1.0000e-12     0.2067    94.9646 1.0256e-01 1.9691e+00  0.0483931     44.277    12.6790    317.950 0.0000e+00
     43.438     4.3660 186.726119     2.1001 1.0000e-12     0.2067    94.9646 1.0623e-01 1.9691e+00  0.0483931     44.294    12.6791    317.918 0.0000e+00
     43.455     4.3664 186.761953     2.1013 1.0000e-12     0.2056    94.9907 1.0745e-01 1.9691e+00  0.0479774     44.312    12.6874    317.974 0.0000e+00
     43.473     4.3673 186.761954     2.1013 1.0000e-12     0.2056    94.9907 1.0623e-01 1.9691e+00  0.0479774     44.330    12.6907    317.965 0.0000e+00
     43.491     4.3682 186.773898     2.1001 1.0000e-12     0.2056    94.9907 1.0379e-01 1.9691e+00  0.0483931     44.348    12.6831    317.975 0.0000e+00
     43.508     4.3693 186.738063     2.1001 1.0000e-12     0.2056    94.9907 1.0379e-01 1.9691e+00  0.0483931     44.366    12.6819    317.902 0.0000e+00
     43.525     4.3693 186.797788     2.1001 1.0000e-12     0.2056    94.9907 1.0379e-01 1.9691e+00  0.0483931     44.383    12.6811    318.004 0.0000e+00
     43.542     4.3693 186.726119     2.1001 1.0000e-12     0.2056    94.9907 1.0012e-01 1.9691e+00  0.0483931     44.400    12.6803    317.882 0.0000e+00
     43.558     4.3691 186.761954     2.1001 1.0000e-12     0.2056    94.9907 1.0012e-01 1.9691e+00  0.0483931     44.417    12.6811    317.945 0.0000e+00
