data/05_metadata_exports/SeabirdData/202305_SeabirdData/83415_stn28-night.cnv
* Sea-Bird SBE 9 Data File:
* FileName = C:\Users\rosette\Rosette Data\2023\Ontario CSMI\stn28-night.hex
* Software Version Seasave V 7.26.6.26
* Temperature SN = 5270
* Conductivity SN = 1168
* Number of Bytes Per Scan = 40
* Number of Voltage Words = 5
* Number of Scans Averaged by the Deck Unit = 1
* NMEA Latitude = 43 46.49 N
* NMEA Longitude = 078 51.18 W
* NMEA UTC (Time) = Oct 03 2003  01:34:28
* NMEA baud rate = 4800
** Ship: Lake Guardian
** Ontario CSMI LWFS
** Station:  stn28-night
# nquan = 14                                
# nvalues = 17112                       
# units = specified
# name 0 = prDM: Pressure, Digiquartz [db]
# name 1 = t090C: Temperature [ITS-90, deg C]
# name 2 = c0uS/cm: Conductivity [uS/cm]
# name 3 = sbeox0V: Oxygen raw, SBE 43 [V]
# name 4 = par: PAR/Irradiance, Biospherical/Licor
# name 5 = bat: Beam Attenuation, Chelsea/Seatech [1/m]
# name 6 = xmiss: Beam Transmission, Chelsea/Seatech [%]
# name 7 = flSP: Fluorescence, Seapoint
# name 8 = spar: SPAR, Biospherical/Licor
# name 9 = upoly0: Upoly 0, Suna Nitrate
# name 10 = depFM: Depth [fresh water, m], lat = 43.7748
# name 11 = sbeox0Mg/L: Oxygen, SBE 43 [mg/l], WS = 2
# name 12 = specc: Specific Conductance [uS/cm]
# name 13 = flag: flag
# span 0 =     -0.198,     60.289       
# span 1 =     4.3448,     7.4078       
# span 2 =   6.852529, 592.285031       
# span 3 =     1.8071,     2.2796       
# span 4 = 1.0000e-12, 3.7127e+00       
# span 5 =     0.1120,     4.2624       
# span 6 =    34.4518,    97.2387       
# span 7 = 3.7851e-02, 8.5470e-01       
# span 8 = 0.0000e+00, 1.9691e+00       
# span 9 =  0.0409094,  0.0604502       
# span 10 =     -0.202,     61.478      
# span 11 =     9.4744,    13.0489      
# span 12 =     10.665,    921.623      
# span 13 = 0.0000e+00, 0.0000e+00      
# interval = seconds: 0.0416667
# start_time = Oct 03 2003 01:34:28 [NMEA time, header]
# bad_flag = -9.990e-29
*END*
[from data line 13110]
     15.446     5.9375 198.474302     2.2100 1.0000e-12     0.3799    90.9391 5.3480e-01 1.9691e+00  0.0475616     15.751    12.9025    320.752 0.0000e+00
     15.434     5.9379 198.510184     2.2112 1.0000e-12     0.3799    90.9391 5.3846e-01 1.9691e+00  0.0475616     15.738    12.9117    320.806 0.0000e+00
     15.421     5.9381 198.486262     2.2112 1.0000e-12     0.3788    90.9652 5.3846e-01 1.9691e+00  0.0475616     15.725    12.9120    320.765 0.0000e+00
     15.409     5.9384 198.474300     2.2100 1.0000e-12     0.3799    90.9391 5.3602e-01 1.9691e+00  0.0479774     15.713    12.9033    320.742 0.0000e+00
     15.396     5.9384 198.426456     2.2100 1.0000e-12     0.3799    90.9391 5.3358e-01 1.9691e+00  0.0479774     15.700    12.9049    320.665 0.0000e+00
     15.383     5.9384 198.426457     2.2100 1.0000e-12     0.3799    90.9391 5.2259e-01 1.9691e+00  0.0475616     15.686    12.9065    320.665 0.0000e+00
     15.369     5.9387 198.462338     2.2100 1.0000e-12     0.3799    90.9391 5.1038e-01 1.9691e+00  0.0471458     15.672    12.9067    320.720 0.0000e+00
     15.354     5.9386 198.498221     2.2100 1.0000e-12     0.3799    90.9391 5.0061e-01 1.9691e+00  0.0475616     15.657    12.9070    320.779 0.0000e+00
     15.341     5.9390 198.522142     2.2112 1.0000e-12     0.3880    90.7561 5.0061e-01 1.9691e+00  0.0475616     15.643    12.9148    320.814 0.0000e+00
     15.328     5.9394 198.486259     2.2100 1.0000e-12     0.3937    90.6254 5.3358e-01 1.9691e+00  0.0475616     15.630    12.9061    320.751 0.0000e+00
     15.316     5.9397 198.438415     2.2100 1.0000e-12     0.3937    90.6254 5.5800e-01 1.9691e+00  0.0483931     15.618    12.9063    320.671 0.0000e+00
     15.303     5.9400 198.414493     2.2100 1.0000e-12     0.3937    90.6254 5.6410e-01 1.9691e+00  0.0483931     15.605    12.9065    320.629 0.0000e+00
     15.290     5.9405 198.486257     2.2112 1.0000e-12     0.3926    90.6516 5.6899e-01 1.9691e+00  0.0471458     15.591    12.9141    320.740 0.0000e+00
     15.276     5.9402 198.450375     2.2112 1.0000e-12     0.3937    90.6254 5.5922e-01 1.9691e+00  0.0471458     15.577    12.9131    320.685 0.0000e+00
     15.263     5.9405 198.438412     2.2112 1.0000e-12     0.3984    90.5209 5.5067e-01 1.9691e+00  0.0479774     15.564    12.9119    320.663 0.0000e+00
     15.251     5.9402 198.438414     2.2100 1.0000e-12     0.3960    90.5732 5.4701e-01 1.9691e+00  0.0479774     15.552    12.9033    320.666 0.0000e+00
     15.239     5.9404 198.510179     2.2100 1.0000e-12     0.3937    90.6254 5.5067e-01 1.9691e+00  0.0471458     15.539    12.9034    320.780 0.0000e+00
     15.225     5.9408 198.510177     2.2100 1.0000e-12     0.3937    90.6254 5.6288e-01 1.9691e+00  0.0475616     15.525    12.9034    320.776 0.0000e+00
     15.212     5.9407 198.522139     2.2100 1.0000e-12     0.3937    90.6254 5.7631e-01 1.9691e+00  0.0475616     15.512    12.9035    320.796 0.0000e+00
     15.201     5.9407 198.486256     2.2112 1.0000e-12     0.3937    90.6254 5.8120e-01 1.9691e+00  0.0475616     15.501    12.9125    320.738 0.0000e+00
     15.189     5.9407 198.438412     2.2100 1.0000e-12     0.3926    90.6516 5.7631e-01 1.9691e+00  0.0475616     15.488    12.9049    320.661 0.0000e+00
     15.177     5.9410 198.486255     2.2100 1.0000e-12     0.3926    90.6516 5.8364e-01 1.9691e+00  0.0475616     15.476    12.9060    320.735 0.0000e+00
     15.165     5.9413 198.474294     2.2100 1.0000e-12     0.3926    90.6516 5.9585e-01 1.9691e+00  0.0475616     15.464    12.9059    320.712 0.0000e+00
     15.153     5.9413 198.474294     2.2112 1.0000e-12     0.3926    90.6516 6.0073e-01 1.9691e+00  0.0475616     15.452    12.9147    320.712 0.0000e+00
     15.140     5.9418 198.498215     2.2112 1.0000e-12     0.3926    90.6516 6.0195e-01 1.9691e+00  0.0475616     15.439    12.9144    320.746 0.0000e+00
     15.126     5.9421 198.510175     2.2112 1.0000e-12     0.3926    90.6516 5.9829e-01 1.9691e+00  0.0475616     15.424    12.9141    320.762 0.0000e+00
     15.114     5.9426 198.510175     2.2112 1.0000e-12     0.3937    90.6254 5.9341e-01 1.9691e+00  0.0475616     15.412    12.9150    320.757 0.0000e+00
     15.102     5.9421 198.522136     2.2112 1.0000e-12     0.3937    90.6254 5.8486e-01 1.9691e+00  0.0475616     15.400    12.9176    320.781 0.0000e+00
     15.091     5.9426 198.510174     2.2112 1.0000e-12     0.3949    90.5993 5.9463e-01 1.9691e+00  0.0475616     15.389    12.9185    320.757 0.0000e+00
     15.080     5.9424 198.522136     2.2112 1.0000e-12     0.3972    90.5470 6.0684e-01 1.9691e+00  0.0475616     15.377    12.9182    320.778 0.0000e+00
     15.069     5.9423 198.534096     2.2112 1.0000e-12     0.3972    90.5470 6.0928e-01 1.9691e+00  0.0475616     15.366    12.9178    320.799 0.0000e+00
     15.058     5.9424 198.510174     2.2100 1.0000e-12     0.3972    90.5470 6.0195e-01 1.9691e+00  0.0475616     15.355    12.9083    320.759 0.0000e+00
     15.048     5.9421 198.474291     2.2100 1.0000e-12     0.3960    90.5732 5.9341e-01 1.9691e+00  0.0475616     15.345    12.9079    320.704 0.0000e+00
     15.039     5.9423 198.498213     2.2100 1.0000e-12     0.3960    90.5732 5.9585e-01 1.9691e+00  0.0479774     15.336    12.9099    320.741 0.0000e+00
     15.029     5.9423 198.546057     2.2112 1.0000e-12     0.3972    90.5470 6.1172e-01 1.9691e+00  0.0479774     15.325    12.9195    320.818 0.0000e+00
     15.018     5.9424 198.522134     2.2112 1.0000e-12     0.3972    90.5470 6.2515e-01 1.9691e+00  0.0475616     15.314    12.9187    320.778 0.0000e+00
     15.008     5.9428 198.522134     2.2112 1.0000e-12     0.3972    90.5470 6.2637e-01 1.9691e+00  0.0475616     15.304    12.9177    320.774 0.0000e+00
     14.996     5.9428 198.510172     2.2100 1.0000e-12     0.3972    90.5470 6.2271e-01 1.9691e+00  0.0479774     15.292    12.9092    320.755 0.0000e+00
     14.984     5.9428 198.510172     2.2100 1.0000e-12     0.3972    90.5470 6.2882e-01 1.9691e+00  0.0479774     15.279    12.9097    320.755 0.0000e+00
     14.973     5.9432 198.510172     2.2100 1.0000e-12     0.3972    90.5470 6.3492e-01 1.9691e+00  0.0475616     15.268    12.9099    320.751 0.0000e+00
     14.962     5.9432 198.546054     2.2112 1.0000e-12     0.3960    90.5732 6.4225e-01 1.9691e+00  0.0475616     15.257    12.9180    320.809 0.0000e+00
     14.951     5.9440 198.498211     2.2112 1.0000e-12     0.3972    90.5470 6.5201e-01 1.9691e+00  0.0479774     15.246    12.9168    320.723 0.0000e+00
     14.940     5.9442 198.474287     2.2112 1.0000e-12     0.3972    90.5470 6.6178e-01 1.9691e+00  0.0479774     15.235    12.9157    320.682 0.0000e+00
     14.928     5.9447 198.498209     2.2112 1.0000e-12     0.3960    90.5732 6.6422e-01 1.9691e+00  0.0475616     15.222    12.9145    320.716 0.0000e+00
     14.917     5.9447 198.522130     2.2112 1.0000e-12     0.3960    90.5732 6.6300e-01 1.9691e+00  0.0475616     15.211    12.9161    320.754 0.0000e+00
     14.907     5.9455 198.534092     2.2112 1.0000e-12     0.3972    90.5470 6.5812e-01 1.9691e+00  0.0479774     15.201    12.9147    320.765 0.0000e+00
     14.897     5.9458 198.534091     2.2112 1.0000e-12     0.3972    90.5470 6.5446e-01 1.9691e+00  0.0479774     15.191    12.9134    320.762 0.0000e+00
     14.885     5.9461 198.534089     2.2112 1.0000e-12     0.3972    90.5470 6.4713e-01 1.9691e+00  0.0475616     15.178    12.9121    320.759 0.0000e+00
     14.874     5.9461 198.510168     2.2112 1.0000e-12     0.3949    90.5993 6.3248e-01 1.9691e+00  0.0475616     15.167    12.9121    320.721 0.0000e+00
     14.864     5.9463 198.450363     2.2112 1.0000e-12     0.3903    90.7039 6.2027e-01 1.9691e+00  0.0475616     15.157    12.9134    320.622 0.0000e+00
     14.853     5.9461 198.486246     2.2112 1.0000e-12     0.3903    90.7039 6.1050e-01 1.9691e+00  0.0475616     15.146    12.9147    320.682 0.0000e+00
     14.842     5.9463 198.510167     2.2125 1.0000e-12     0.3903    90.7039 6.0073e-01 1.9691e+00  0.0475616     15.135    12.9255    320.718 0.0000e+00
     14.831     5.9461 198.510167     2.2125 1.0000e-12     0.3903    90.7039 5.8974e-01 1.9691e+00  0.0471458     15.123    12.9268    320.721 0.0000e+00
     14.820     5.9461 198.510167     2.2112 1.0000e-12     0.3903    90.7039 5.8242e-01 1.9691e+00  0.0475616     15.112    12.9183    320.721 0.0000e+00
     14.810     5.9461 198.510167     2.2112 1.0000e-12     0.3903    90.7039 5.8364e-01 1.9691e+00  0.0479774     15.102    12.9194    320.721 0.0000e+00
     14.799     5.9460 198.522128     2.2112 1.0000e-12     0.3891    90.7300 5.8608e-01 1.9691e+00  0.0475616     15.091    12.9204    320.741 0.0000e+00
     14.787     5.9464 198.534088     2.2112 1.0000e-12     0.3903    90.7039 5.8608e-01 1.9691e+00  0.0471458     15.079    12.9200    320.756 0.0000e+00
     14.776     5.9468 198.534088     2.2125 1.0000e-12     0.3903    90.7039 5.8852e-01 1.9691e+00  0.0475616     15.067    12.9290    320.752 0.0000e+00
     14.765     5.9475 198.510165     2.2125 1.0000e-12     0.3903    90.7039 5.8730e-01 1.9691e+00  0.0479774     15.056    12.9282    320.706 0.0000e+00
     14.754     5.9474 198.510165     2.2112 1.0000e-12     0.3903    90.7039 5.8486e-01 1.9691e+00  0.0479774     15.045    12.9193    320.707 0.0000e+00
     14.743     5.9477 198.522126     2.2112 1.0000e-12     0.3903    90.7039 5.8730e-01 1.9691e+00  0.0475616     15.034    12.9210    320.723 0.0000e+00
     14.732     5.9474 198.534086     2.2112 1.0000e-12     0.3903    90.7039 5.9585e-01 1.9691e+00  0.0475616     15.022    12.9216    320.746 0.0000e+00
     14.720     5.9471 198.510165     2.2112 1.0000e-12     0.3903    90.7039 6.0317e-01 1.9691e+00  0.0475616     15.010    12.9208    320.710 0.0000e+00
     14.708     5.9469 198.510164     2.2112 1.0000e-12     0.3903    90.7039 6.0562e-01 1.9691e+00  0.0475616     14.998    12.9199    320.712 0.0000e+00
     14.695     5.9468 198.474281     2.2112 1.0000e-12     0.3903    90.7039 6.0684e-01 1.9691e+00  0.0475616     14.985    12.9188    320.655 0.0000e+00
     14.683     5.9468 198.510163     2.2112 1.0000e-12     0.3903    90.7039 6.0562e-01 1.9691e+00  0.0475616     14.972    12.9176    320.713 0.0000e+00
     14.672     5.9471 198.534086     2.2112 1.0000e-12     0.3891    90.7300 6.0562e-01 1.9691e+00  0.0475616     14.961    12.9176    320.749 0.0000e+00
     14.659     5.9472 198.534086     2.2112 1.0000e-12     0.3903    90.7039 6.0562e-01 1.9691e+00  0.0479774     14.948    12.9176    320.748 0.0000e+00
     14.647     5.9471 198.510162     2.2125 1.0000e-12     0.3891    90.7300 6.0928e-01 1.9691e+00  0.0479774     14.936    12.9272    320.710 0.0000e+00
     14.637     5.9469 198.522124     2.2112 1.0000e-12     0.3822    90.8868 6.0684e-01 1.9691e+00  0.0475616     14.926    12.9176    320.732 0.0000e+00
     14.627     5.9469 198.534085     2.2112 1.0000e-12     0.3799    90.9391 5.9585e-01 1.9691e+00  0.0475616     14.915    12.9175    320.751 0.0000e+00
     14.616     5.9471 198.510163     2.2112 1.0000e-12     0.3788    90.9652 5.9219e-01 1.9691e+00  0.0475616     14.904    12.9185    320.710 0.0000e+00
     14.604     5.9477 198.569967     2.2112 1.0000e-12     0.3799    90.9391 5.9585e-01 1.9691e+00  0.0475616     14.892    12.9179    320.801 0.0000e+00
     14.593     5.9487 198.593888     2.2125 1.0000e-12     0.3788    90.9652 5.9951e-01 1.9691e+00  0.0471458     14.881    12.9281    320.829 0.0000e+00
     14.582     5.9487 198.569966     2.2125 1.0000e-12     0.3799    90.9391 5.9829e-01 1.9691e+00  0.0475616     14.869    12.9277    320.790 0.0000e+00
     14.570     5.9488 198.498200     2.2125 1.0000e-12     0.3799    90.9391 6.0317e-01 1.9691e+00  0.0479774     14.857    12.9271    320.673 0.0000e+00
     14.558     5.9487 198.498199     2.2125 1.0000e-12     0.3799    90.9391 6.0562e-01 1.9691e+00  0.0479774     14.845    12.9280    320.674 0.0000e+00
     14.547     5.9487 198.546044     2.2125 1.0000e-12     0.3799    90.9391 6.0317e-01 1.9691e+00  0.0479774     14.834    12.9288    320.752 0.0000e+00
     14.535     5.9490 198.534082     2.2125 1.0000e-12     0.3776    90.9914 6.0317e-01 1.9691e+00  0.0475616     14.822    12.9281    320.729 0.0000e+00
     14.523     5.9488 198.534082     2.2125 1.0000e-12     0.3799    90.9391 6.0684e-01 1.9691e+00  0.0475616     14.809    12.9288    320.731 0.0000e+00
     14.510     5.9492 198.534082     2.2125 1.0000e-12     0.3799    90.9391 6.1172e-01 1.9691e+00  0.0475616     14.796    12.9280    320.727 0.0000e+00
     14.497     5.9492 198.558002     2.2125 1.0000e-12     0.3799    90.9391 6.1294e-01 1.9691e+00  0.0475616     14.783    12.9272    320.766 0.0000e+00
     14.484     5.9495 198.498197     2.2125 1.0000e-12     0.3788    90.9652 6.1416e-01 1.9691e+00  0.0475616     14.770    12.9289    320.666 0.0000e+00
     14.473     5.9493 198.581925     2.2125 1.0000e-12     0.3799    90.9391 6.1294e-01 1.9691e+00  0.0475616     14.758    12.9307    320.803 0.0000e+00
     14.461     5.9497 198.558002     2.2137 1.0000e-12     0.3799    90.9391 6.0317e-01 1.9691e+00  0.0475616     14.746    12.9385    320.761 0.0000e+00
     14.449     5.9498 198.558002     2.2125 1.0000e-12     0.3799    90.9391 5.9585e-01 1.9691e+00  0.0475616     14.734    12.9285    320.759 0.0000e+00
     14.437     5.9506 198.605845     2.2125 1.0000e-12     0.3788    90.9652 6.0684e-01 1.9691e+00  0.0475616     14.722    12.9272    320.828 0.0000e+00
     14.425     5.9512 198.534078     2.2125 1.0000e-12     0.3788    90.9652 6.2149e-01 1.9691e+00  0.0479774     14.709    12.9259    320.706 0.0000e+00
     14.413     5.9516 198.546039     2.2125 1.0000e-12     0.3799    90.9391 6.2515e-01 1.9691e+00  0.0479774     14.697    12.9258    320.722 0.0000e+00
     14.401     5.9518 198.534077     2.2112 1.0000e-12     0.3799    90.9391 6.1661e-01 1.9691e+00  0.0475616     14.685    12.9148    320.700 0.0000e+00
     14.389     5.9521 198.558000     2.2125 1.0000e-12     0.3788    90.9652 5.9829e-01 1.9691e+00  0.0475616     14.673    12.9230    320.736 0.0000e+00
     14.377     5.9522 198.569961     2.2125 1.0000e-12     0.3788    90.9652 5.8852e-01 1.9691e+00  0.0479774     14.660    12.9216    320.754 0.0000e+00
     14.363     5.9519 198.569959     2.2125 1.0000e-12     0.3788    90.9652 5.8852e-01 1.9691e+00  0.0475616     14.646    12.9202    320.757 0.0000e+00
     14.351     5.9519 198.534077     2.2125 1.0000e-12     0.3799    90.9391 5.9219e-01 1.9691e+00  0.0471458     14.634    12.9214    320.699 0.0000e+00
     14.340     5.9520 198.557999     2.2125 1.0000e-12     0.3788    90.9652 5.8608e-01 1.9691e+00  0.0475616     14.623    12.9210    320.737 0.0000e+00
     14.328     5.9521 198.534075     2.2137 1.0000e-12     0.3799    90.9391 5.7998e-01 1.9691e+00  0.0475616     14.610    12.9295    320.697 0.0000e+00
     14.316     5.9524 198.569959     2.2125 1.0000e-12     0.3799    90.9391 5.8242e-01 1.9691e+00  0.0475616     14.598    12.9187    320.752 0.0000e+00
     14.302     5.9526 198.593880     2.2137 1.0000e-12     0.3788    90.9652 5.8120e-01 1.9691e+00  0.0475616     14.584    12.9257    320.788 0.0000e+00
     14.288     5.9527 198.617803     2.2125 1.0000e-12     0.3799    90.9391 5.7265e-01 1.9691e+00  0.0475616     14.570    12.9163    320.826 0.0000e+00
     14.275     5.9535 198.629762     2.2125 1.0000e-12     0.3799    90.9391 5.5311e-01 1.9691e+00  0.0475616     14.556    12.9155    320.837 0.0000e+00
     14.263     5.9543 198.593879     2.2125 1.0000e-12     0.3799    90.9391 5.3480e-01 1.9691e+00  0.0475616     14.544    12.9147    320.771 0.0000e+00
     14.251     5.9546 198.617800     2.2125 1.0000e-12     0.3788    90.9652 5.2991e-01 1.9691e+00  0.0475616     14.532    12.9141    320.806 0.0000e+00
