data/05_metadata_exports/SeabirdData/202305_SeabirdData/83415_stn28-night.cnv
* Sea-Bird SBE 9 Data File:
* FileName = C:\Users\rosette\Rosette Data\2023\Ontario CSMI\stn28-night.hex
* Software Version Seasave V 7.26.6.26
* Temperature SN = 5270
* Conductivity SN = 1168
* Number of Bytes Per Scan = 40
* Number of Voltage Words = 5
* Number of Scans Averaged by the Deck Unit = 1
* NMEA Latitude = 43 46.49 N
* NMEA Longitude = 078 51.18 W
* NMEA UTC (Time) = Oct 03 2003  01:34:28
* NMEA baud rate = 4800
** Ship: Lake Guardian
** Ontario CSMI LWFS
** Station:  stn28-night
# nquan = 14                                
# nvalues = 17112                       
# units = specified
# name 0 = prDM: Pressure, Digiquartz [db]
# name 1 = t090C: Temperature [ITS-90, deg C]
# name 2 = c0uS/cm: Conductivity [uS/cm]
# name 3 = sbeox0V: Oxygen raw, SBE 43 [V]
# name 4 = par: PAR/Irradiance, Biospherical/Licor
# name 5 = bat: Beam Attenuation, Chelsea/Seatech [1/m]
# name 6 = xmiss: Beam Transmission, Chelsea/Seatech [%]
# name 7 = flSP: Fluorescence, Seapoint
# name 8 = spar: SPAR, Biospherical/Licor
# name 9 = upoly0: Upoly 0, Suna Nitrate
# name 10 = depFM: Depth [fresh water, m], lat = 43.7748
# name 11 = sbeox0Mg/L: Oxygen, SBE 43 [mg/l], WS = 2
# name 12 = specc: Specific Conductance [uS/cm]
# name 13 = flag: flag
# span 0 =     -0.198,     60.289       
# span 1 =     4.3448,     7.4078       
# span 2 =   6.852529, 592.285031       
# span 3 =     1.8071,     2.2796       
# span 4 = 1.0000e-12, 3.7127e+00       
# span 5 =     0.1120,     4.2624       
# span 6 =    34.4518,    97.2387       
# span 7 = 3.7851e-02, 8.5470e-01       
# span 8 = 0.0000e+00, 1.9691e+00       
# span 9 =  0.0409094,  0.0604502       
# span 10 =     -0.202,     61.478      
# span 11 =     9.4744,    13.0489      
# span 12 =     10.665,    921.623      
# span 13 = 0.0000e+00, 0.0000e+00      
# interval = seconds: 0.0416667
# start_time = Oct 03 2003 01:34:28 [NMEA time, header]
# bad_flag = -9.990e-29
*END*
[from data line 8155]
     60.236     4.3491 186.606982     2.0904 1.0000e-12     0.1357    96.6636 9.1575e-02 1.9691e+00  0.0479774     61.424    12.6368    317.898 -9.990e-29
     60.237     4.3486 186.618927     2.0904 1.0000e-12     0.1357    96.6636 9.0354e-02 1.9691e+00  0.0483931     61.425    12.6373    317.924 -9.990e-29
     60.239     4.3483 186.678651     2.0904 1.0000e-12     0.1368    96.6375 9.0354e-02 1.9691e+00  0.0479774     61.427    12.6377    318.029 -9.990e-29
     60.240     4.3481 186.654761     2.0904 1.0000e-12     0.1368    96.6375 9.4017e-02 1.9691e+00  0.0479774     61.428    12.6365    317.990 -9.990e-29
     60.242     4.3483 186.702540     2.0904 1.0000e-12     0.1357    96.6636 9.6459e-02 1.9691e+00  0.0483931     61.430    12.6367    318.069 -9.990e-29
     60.245     4.3488 186.630872     2.0904 1.0000e-12     0.1368    96.6375 9.5238e-02 1.9691e+00  0.0483931     61.433    12.6369    317.942 -9.990e-29
     60.247     4.3490 186.618927     2.0904 1.0000e-12     0.1357    96.6636 9.4017e-02 1.9691e+00  0.0479774     61.435    12.6372    317.919 -9.990e-29
     60.248     4.3492 186.654760     2.0904 1.0000e-12     0.1368    96.6375 9.4017e-02 1.9691e+00  0.0479774     61.436    12.6389    317.978 -9.990e-29
     60.249     4.3489 186.666706     2.0904 1.0000e-12     0.1357    96.6636 1.0867e-01 1.9691e+00  0.0479774     61.437    12.6379    318.002 -9.990e-29
     60.251     4.3484 186.690595     2.0891 1.0000e-12     0.1368    96.6375 1.2698e-01 1.9691e+00  0.0479774     61.439    12.6284    318.048 -9.990e-29
     60.253     4.3483 186.714486     2.0891 1.0000e-12     0.1368    96.6375 1.2698e-01 1.9691e+00  0.0483931     61.441    12.6273    318.090 -9.990e-29
     60.254     4.3483 186.654762     2.0891 1.0000e-12     0.1368    96.6375 1.1477e-01 1.9691e+00  0.0483931     61.442    12.6263    317.988 -9.990e-29
     60.255     4.3481 186.654761     2.0891 1.0000e-12     0.1368    96.6375 1.0501e-01 1.9691e+00  0.0483931     61.443    12.6284    317.990 -9.990e-29
     60.257     4.3483 186.559205     2.0904 1.0000e-12     0.1336    96.7159 1.0379e-01 1.9691e+00  0.0483931     61.445    12.6376    317.825 -9.990e-29
     60.259     4.3481 186.654762     2.0904 1.0000e-12     0.1336    96.7159 1.0012e-01 1.9691e+00  0.0479774     61.447    12.6384    317.990 -9.990e-29
     60.259     4.3477 186.702541     2.0904 1.0000e-12     0.1325    96.7421 9.5238e-02 1.9691e+00  0.0479774     61.447    12.6393    318.076 -9.990e-29
     60.260     4.3478 186.654761     2.0904 1.0000e-12     0.1325    96.7421 9.5238e-02 1.9691e+00  0.0483931     61.448    12.6399    317.993 -9.990e-29
     60.262     4.3479 186.606983     2.0904 1.0000e-12     0.1336    96.7159 1.0134e-01 1.9691e+00  0.0483931     61.450    12.6421    317.911 -9.990e-29
     60.264     4.3478 186.618928     2.0904 1.0000e-12     0.1336    96.7159 1.1477e-01 1.9691e+00  0.0479774     61.452    12.6429    317.932 -9.990e-29
     60.266     4.3481 186.606983     2.0904 1.0000e-12     0.1336    96.7159 1.2210e-01 1.9691e+00  0.0479774     61.454    12.6436    317.909 -9.990e-29
     60.267     4.3478 186.678652     2.0891 1.0000e-12     0.1325    96.7421 1.2454e-01 1.9691e+00  0.0479774     61.455    12.6343    318.034 -9.990e-29
     60.268     4.3478 186.630873     2.0891 1.0000e-12     0.1336    96.7159 1.2210e-01 1.9691e+00  0.0479774     61.456    12.6351    317.953 -9.990e-29
     60.268     4.3478 186.583094     2.0891 1.0000e-12     0.1325    96.7421 1.1600e-01 1.9691e+00  0.0483931     61.456    12.6343    317.871 -9.990e-29
     60.268     4.3478 186.595039     2.0904 1.0000e-12     0.1336    96.7159 1.0867e-01 1.9691e+00  0.0483931     61.456    12.6438    317.892 -9.990e-29
     60.268     4.3483 186.642817     2.0904 1.0000e-12     0.1336    96.7159 1.0989e-01 1.9691e+00  0.0483931     61.456    12.6445    317.968 -9.990e-29
     60.267     4.3479 186.666707     2.0904 1.0000e-12     0.1336    96.7159 1.1722e-01 1.9691e+00  0.0479774     61.455    12.6455    318.013 -9.990e-29
     60.266     4.3481 186.666707     2.0904 1.0000e-12     0.1336    96.7159 1.2210e-01 1.9691e+00  0.0479774     61.454    12.6448    318.010 -9.990e-29
     60.265     4.3486 186.595038     2.0891 1.0000e-12     0.1325    96.7421 1.2210e-01 1.9691e+00  0.0483931     61.453    12.6339    317.883 -9.990e-29
     60.263     4.3484 186.618928     2.0904 1.0000e-12     0.1336    96.7159 1.1844e-01 1.9691e+00  0.0483931     61.451    12.6436    317.926 -9.990e-29
     60.262     4.3484 186.678650     2.0904 1.0000e-12     0.1336    96.7159 1.1233e-01 1.9691e+00  0.0479774     61.450    12.6431    318.028 -9.990e-29
     60.262     4.3484 186.606983     2.0904 1.0000e-12     0.1325    96.7421 1.0623e-01 1.9691e+00  0.0483931     61.450    12.6428    317.905 -9.990e-29
     60.263     4.3486 186.595038     2.0904 1.0000e-12     0.1325    96.7421 1.0501e-01 1.9691e+00  0.0483931     61.451    12.6424    317.883 -9.990e-29
     60.263     4.3488 186.606983     2.0891 1.0000e-12     0.1336    96.7159 1.0501e-01 1.9691e+00  0.0483931     61.451    12.6334    317.901 -9.990e-29
     60.262     4.3489 186.630872     2.0904 1.0000e-12     0.1325    96.7421 1.0012e-01 1.9691e+00  0.0479774     61.450    12.6448    317.941 -9.990e-29
     60.260     4.3489 186.642817     2.0891 1.0000e-12     0.1314    96.7682 9.8901e-02 1.9691e+00  0.0479774     61.448    12.6343    317.961 -9.990e-29
     60.258     4.3490 186.678651     2.0891 1.0000e-12     0.1314    96.7682 1.0134e-01 1.9691e+00  0.0479774     61.446    12.6339    318.021 -9.990e-29
     60.255     4.3497 186.690594     2.0904 1.0000e-12     0.1314    96.7682 1.0623e-01 1.9691e+00  0.0483931     61.443    12.6433    318.034 -9.990e-29
     60.253     4.3508 186.666705     2.0891 1.0000e-12     0.1325    96.7421 1.0623e-01 1.9691e+00  0.0483931     61.441    12.6323    317.981 -9.990e-29
     60.252     4.3516 186.690593     2.0904 1.0000e-12     0.1314    96.7682 1.0256e-01 1.9691e+00  0.0479774     61.440    12.6432    318.013 -9.990e-29
     60.252     4.3514 186.762263     2.0904 1.0000e-12     0.1314    96.7682 9.6459e-02 1.9691e+00  0.0479774     61.440    12.6427    318.137 -9.990e-29
     60.251     4.3503 186.678650     2.0904 1.0000e-12     0.1314    96.7682 9.1575e-02 1.9691e+00  0.0483931     61.439    12.6442    318.007 -9.990e-29
     60.249     4.3500 186.606981     2.0904 1.0000e-12     0.1314    96.7682 8.7912e-02 1.9691e+00  0.0483931     61.437    12.6454    317.888 -9.990e-29
     60.248     4.3497 186.666706     2.0904 1.0000e-12     0.1325    96.7421 8.7912e-02 1.9691e+00  0.0483931     61.436    12.6466    317.993 -9.990e-29
     60.246     4.3498 186.630872     2.0904 1.0000e-12     0.1314    96.7682 8.5470e-02 1.9691e+00  0.0483931     61.434    12.6477    317.931 -9.990e-29
     60.243     4.3502 186.678649     2.0904 1.0000e-12     0.1314    96.7682 8.3028e-02 1.9691e+00  0.0479774     61.431    12.6470    318.008 -9.990e-29
     60.240     4.3502 186.654761     2.0904 1.0000e-12     0.1314    96.7682 8.4249e-02 1.9691e+00  0.0479774     61.428    12.6466    317.967 -9.990e-29
     60.237     4.3500 186.654760     2.0891 1.0000e-12     0.1325    96.7421 8.5470e-02 1.9691e+00  0.0483931     61.425    12.6345    317.970 -9.990e-29
     60.234     4.3497 186.630871     2.0891 1.0000e-12     0.1325    96.7421 8.7912e-02 1.9691e+00  0.0483931     61.422    12.6325    317.932 -9.990e-29
     60.232     4.3502 186.630870     2.0904 1.0000e-12     0.1325    96.7421 9.1575e-02 1.9691e+00  0.0479774     61.420    12.6436    317.927 -9.990e-29
     60.231     4.3503 186.654761     2.0904 1.0000e-12     0.1314    96.7682 9.6459e-02 1.9691e+00  0.0483931     61.419    12.6446    317.966 -9.990e-29
     60.228     4.3500 186.690594     2.0891 1.0000e-12     0.1325    96.7421 9.8901e-02 1.9691e+00  0.0483931     61.415    12.6357    318.031 -9.990e-29
     60.225     4.3510 186.714483     2.0891 1.0000e-12     0.1314    96.7682 9.2796e-02 1.9691e+00  0.0479774     61.412    12.6364    318.060 -9.990e-29
     60.223     4.3503 186.654760     2.0891 1.0000e-12     0.1336    96.7159 8.9133e-02 1.9691e+00  0.0479774     61.410    12.6346    317.966 -9.990e-29
     60.221     4.3505 186.630870     2.0891 1.0000e-12     0.1325    96.7421 9.0354e-02 1.9691e+00  0.0479774     61.408    12.6341    317.923 -9.990e-29
     60.220     4.3507 186.678649     2.0891 1.0000e-12     0.1336    96.7159 9.4017e-02 1.9691e+00  0.0479774     61.407    12.6336    318.003 -9.990e-29
     60.219     4.3507 186.666704     2.0891 1.0000e-12     0.1336    96.7159 9.6459e-02 1.9691e+00  0.0483931     61.406    12.6333    317.982 -9.990e-29
     60.218     4.3511 186.666704     2.0904 1.0000e-12     0.1346    96.6898 1.0012e-01 1.9691e+00  0.0483931     61.405    12.6430    317.978 -9.990e-29
     60.217     4.3509 186.666704     2.0904 1.0000e-12     0.1336    96.7159 1.0379e-01 1.9691e+00  0.0483931     61.404    12.6413    317.980 -9.990e-29
     60.217     4.3522 186.666703     2.0904 1.0000e-12     0.1336    96.7159 1.0256e-01 1.9691e+00  0.0479774     61.404    12.6406    317.966 -9.990e-29
     60.216     4.3535 186.666702     2.0904 1.0000e-12     0.1336    96.7159 9.8901e-02 1.9691e+00  0.0479774     61.403    12.6384    317.952 -9.990e-29
     60.215     4.3538 186.666702     2.0904 1.0000e-12     0.1336    96.7159 9.4017e-02 1.9691e+00  0.0483931     61.402    12.6381    317.949 -9.990e-29
     60.214     4.3532 186.666703     2.0904 1.0000e-12     0.1346    96.6898 9.0354e-02 1.9691e+00  0.0483931     61.401    12.6397    317.955 -9.990e-29
     60.213     4.3519 186.666703     2.0904 1.0000e-12     0.1346    96.6898 8.9133e-02 1.9691e+00  0.0479774     61.400    12.6399    317.969 -9.990e-29
     60.213     4.3507 186.642814     2.0891 1.0000e-12     0.1336    96.7159 8.9133e-02 1.9691e+00  0.0479774     61.400    12.6299    317.942 -9.990e-29
     60.213     4.3497 186.630872     2.0904 1.0000e-12     0.1346    96.6898 8.9133e-02 1.9691e+00  0.0479774     61.400    12.6403    317.932 -9.990e-29
     60.213     4.3497 186.654760     2.0904 1.0000e-12     0.1346    96.6898 9.2796e-02 1.9691e+00  0.0483931     61.400    12.6401    317.973 -9.990e-29
     60.212     4.3489 186.690594     2.0904 1.0000e-12     0.1336    96.7159 9.6459e-02 1.9691e+00  0.0483931     61.399    12.6404    318.043 -9.990e-29
     60.213     4.3488 186.666705     2.0904 1.0000e-12     0.1346    96.6898 9.8901e-02 1.9691e+00  0.0483931     61.400    12.6390    318.003 -9.990e-29
     60.214     4.3483 186.642817     2.0891 1.0000e-12     0.1336    96.7159 1.0379e-01 1.9691e+00  0.0483931     61.401    12.6292    317.968 -9.990e-29
     60.214     4.3481 186.654760     2.0904 1.0000e-12     0.1346    96.6898 1.0379e-01 1.9691e+00  0.0483931     61.401    12.6381    317.990 -9.990e-29
     60.215     4.3478 186.666706     2.0891 1.0000e-12     0.1346    96.6898 9.7680e-02 1.9691e+00  0.0483931     61.402    12.6284    318.014 -9.990e-29
     60.217     4.3478 186.642816     2.0891 1.0000e-12     0.1346    96.6898 9.5238e-02 1.9691e+00  0.0483931     61.404    12.6272    317.973 -9.990e-29
     60.219     4.3474 186.642817     2.0904 1.0000e-12     0.1346    96.6898 1.0134e-01 1.9691e+00  0.0479774     61.406    12.6363    317.977 -9.990e-29
     60.221     4.3476 186.642817     2.0904 1.0000e-12     0.1346    96.6898 1.0623e-01 1.9691e+00  0.0483931     61.408    12.6366    317.975 -9.990e-29
     60.223     4.3479 186.678651     2.0904 1.0000e-12     0.1325    96.7421 1.0256e-01 1.9691e+00  0.0479774     61.410    12.6369    318.033 -9.990e-29
     60.226     4.3479 186.690595     2.0904 1.0000e-12     0.1314    96.7682 9.8901e-02 1.9691e+00  0.0479774     61.413    12.6344    318.053 -9.990e-29
     60.228     4.3477 186.714486     2.0891 1.0000e-12     0.1325    96.7421 9.6459e-02 1.9691e+00  0.0483931     61.415    12.6233    318.096 -9.990e-29
     60.230     4.3483 186.678650     2.0891 1.0000e-12     0.1314    96.7682 9.4017e-02 1.9691e+00  0.0483931     61.417    12.6220    318.029 -9.990e-29
     60.231     4.3478 186.618927     2.0891 1.0000e-12     0.1314    96.7682 1.0012e-01 1.9691e+00  0.0483931     61.419    12.6212    317.932 -9.990e-29
     60.233     4.3478 186.630872     2.0891 1.0000e-12     0.1325    96.7421 1.0379e-01 1.9691e+00  0.0479774     61.421    12.6201    317.953 -9.990e-29
     60.236     4.3471 186.606984     2.0891 1.0000e-12     0.1325    96.7421 1.0256e-01 1.9691e+00  0.0483931     61.424    12.6179    317.920 -9.990e-29
     60.238     4.3478 186.571149     2.0891 1.0000e-12     0.1325    96.7421 1.0134e-01 1.9691e+00  0.0483931     61.426    12.6183    317.851 -9.990e-29
     60.239     4.3479 186.595039     2.0891 1.0000e-12     0.1325    96.7421 9.7680e-02 1.9691e+00  0.0483931     61.427    12.6190    317.891 -9.990e-29
     60.240     4.3478 186.642816     2.0891 1.0000e-12     0.1325    96.7421 9.0354e-02 1.9691e+00  0.0479774     61.428    12.6197    317.973 -9.990e-29
     60.242     4.3479 186.618927     2.0904 1.0000e-12     0.1325    96.7421 9.0354e-02 1.9691e+00  0.0483931     61.430    12.6307    317.931 -9.990e-29
     60.244     4.3476 186.606984     2.0904 1.0000e-12     0.1325    96.7421 9.2796e-02 1.9691e+00  0.0483931     61.432    12.6317    317.914 -9.990e-29
     60.246     4.3475 186.630873     2.0904 1.0000e-12     0.1325    96.7421 9.1575e-02 1.9691e+00  0.0483931     61.434    12.6326    317.956 -9.990e-29
     60.246     4.3471 186.654762     2.0891 1.0000e-12     0.1325    96.7421 9.0354e-02 1.9691e+00  0.0483931     61.434    12.6252    318.001 -9.990e-29
     60.249     4.3472 186.642816     2.0891 1.0000e-12     0.1314    96.7682 9.1575e-02 1.9691e+00  0.0483931     61.437    12.6245    317.980 -9.990e-29
     60.254     4.3474 186.642820     2.0891 1.0000e-12     0.1325    96.7421 9.4017e-02 1.9691e+00  0.0479774     61.442    12.6255    317.977 -9.990e-29
     60.257     4.3475 186.606983     2.0891 1.0000e-12     0.1325    96.7421 9.5238e-02 1.9691e+00  0.0483931     61.445    12.6265    317.915 -9.990e-29
     60.258     4.3470 186.678652     2.0879 1.0000e-12     0.1325    96.7421 9.2796e-02 1.9691e+00  0.0479774     61.446    12.6200    318.043 -9.990e-29
     60.259     4.3471 186.666707     2.0891 1.0000e-12     0.1325    96.7421 9.2796e-02 1.9691e+00  0.0483931     61.447    12.6305    318.021 -9.990e-29
     60.260     4.3470 186.630872     2.0879 1.0000e-12     0.1325    96.7421 9.4017e-02 1.9691e+00  0.0483931     61.448    12.6207    317.961 -9.990e-29
     60.262     4.3470 186.630873     2.0891 1.0000e-12     0.1336    96.7159 9.2796e-02 1.9691e+00  0.0479774     61.450    12.6299    317.961 -9.990e-29
     60.265     4.3473 186.654762     2.0891 1.0000e-12     0.1336    96.7159 8.9133e-02 1.9691e+00  0.0479774     61.453    12.6295    317.999 -9.990e-29
     60.267     4.3474 186.642818     2.0891 1.0000e-12     0.1336    96.7159 8.7912e-02 1.9691e+00  0.0483931     61.455    12.6307    317.977 -9.990e-29
     60.269     4.3474 186.654762     2.0891 1.0000e-12     0.1336    96.7159 8.9133e-02 1.9691e+00  0.0483931     61.457    12.6306    317.998 -9.990e-29
     60.270     4.3478 186.666707     2.0891 1.0000e-12     0.1346    96.6898 9.5238e-02 1.9691e+00  0.0479774     61.458    12.6304    318.014 -9.990e-29
     60.271     4.3479 186.642817     2.0879 1.0000e-12     0.1336    96.7159 9.8901e-02 1.9691e+00  0.0483931     61.459    12.6225    317.972 -9.990e-29
     60.273     4.3483 186.654762     2.0891 1.0000e-12     0.1336    96.7159 1.0012e-01 1.9691e+00  0.0483931     61.461    12.6319    317.988 -9.990e-29
     60.274     4.3479 186.618928     2.0891 1.0000e-12     0.1336    96.7159 1.0012e-01 1.9691e+00  0.0479774     61.462    12.6321    317.931 -9.990e-29
     60.275     4.3479 186.642817     2.0891 1.0000e-12     0.1336    96.7159 1.0134e-01 1.9691e+00  0.0483931     61.463    12.6322    317.972 -9.990e-29
