data/05_metadata_exports/SeabirdData/202305_SeabirdData/83422_stn27-night.cnv
* Sea-Bird SBE 9 Data File:
* FileName = C:\Users\rosette\Rosette Data\2023\Ontario CSMI\stn33-night.hex
* Software Version Seasave V 7.26.6.26
* Temperature SN = 5270
* Conductivity SN = 1168
* Number of Bytes Per Scan = 40
* Number of Voltage Words = 5
* Number of Scans Averaged by the Deck Unit = 1
* NMEA Latitude = 43 41.55 N
* NMEA Longitude = 078 49.88 W
* NMEA UTC (Time) = Oct 03 2003  03:21:10
* NMEA baud rate = 4800
** Ship: Lake Guardian
** Ontario CSMI LWFS
** Station:  stn33-night
# nquan = 14                                
# nvalues = 17403                       
# units = specified
# name 0 = prDM: Pressure, Digiquartz [db]
# name 1 = t090C: Temperature [ITS-90, deg C]
# name 2 = c0uS/cm: Conductivity [uS/cm]
# name 3 = sbeox0V: Oxygen raw, SBE 43 [V]
# name 4 = par: PAR/Irradiance, Biospherical/Licor
# name 5 = bat: Beam Attenuation, Chelsea/Seatech [1/m]
# name 6 = xmiss: Beam Transmission, Chelsea/Seatech [%]
# name 7 = flSP: Fluorescence, Seapoint
# name 8 = spar: SPAR, Biospherical/Licor
# name 9 = upoly0: Upoly 0, Suna Nitrate
# name 10 = depFM: Depth [fresh water, m], lat = 43.6925
# name 11 = sbeox0Mg/L: Oxygen, SBE 43 [mg/l], WS = 2
# name 12 = specc: Specific Conductance [uS/cm]
# name 13 = flag: flag
# span 0 =     -0.189,     96.222       
# span 1 =     4.0786,     8.2626       
# span 2 =-298.852776, 355.970109       
# span 3 =     1.8425,     2.4188       
# span 4 = 1.0000e-12, 3.1471e+00       
# span 5 =    -0.0056,     6.4176       
# span 6 =    20.1012,   100.1402       
# span 7 = 3.2967e-02, 1.8400e+00       
# span 8 = 0.0000e+00, 1.9691e+00       
# span 9 =  0.0741704,  0.3934761       
# span 10 =     -0.193,     98.119      
# span 11 =     9.4949,    13.7681      
# span 12 =   -458.295,    545.859      
# span 13 = 0.0000e+00, 0.0000e+00      
# interval = seconds: 0.0416667
# start_time = Oct 03 2003 03:21:10 [NMEA time, header]
# bad_flag = -9.990e-29
*END*
[from data line 5162]
     13.805     7.6440 203.354590     2.4127 1.0000e-12     0.6412    85.1884 1.1880e+00 1.9691e+00  0.3373481     14.077    13.7359    311.456 0.0000e+00
     13.821     7.6441 203.390492     2.4127 1.0000e-12     0.6412    85.1884 1.1819e+00 1.9691e+00  0.3373481     14.093    13.7352    311.510 0.0000e+00
     13.836     7.6437 203.366559     2.4115 1.0000e-12     0.6412    85.1884 1.1746e+00 1.9691e+00  0.3361008     14.109    13.7273    311.477 0.0000e+00
     13.851     7.6436 203.366557     2.4115 1.0000e-12     0.6412    85.1884 1.1795e+00 0.0000e+00  0.3352693     14.124    13.7278    311.478 0.0000e+00
     13.866     7.6431 203.414430     2.4127 1.0000e-12     0.6388    85.2407 1.1880e+00 0.0000e+00  0.3352693     14.139    13.7369    311.556 0.0000e+00
     13.882     7.6427 203.366558     2.4115 1.0000e-12     0.6363    85.2930 1.1880e+00 1.9691e+00  0.3348536     14.156    13.7290    311.486 0.0000e+00
     13.898     7.6426 203.354592     2.4115 1.0000e-12     0.6363    85.2930 1.1978e+00 1.9691e+00  0.3352693     14.172    13.7296    311.469 0.0000e+00
     13.915     7.6427 203.366561     2.4103 1.0000e-12     0.6375    85.2668 1.2015e+00 1.9691e+00  0.3352693     14.189    13.7193    311.486 0.0000e+00
     13.930     7.6422 203.306722     2.4115 1.0000e-12     0.6375    85.2668 1.1807e+00 1.9691e+00  0.3348536     14.205    13.7274    311.400 0.0000e+00
     13.946     7.6420 203.306723     2.4127 1.0000e-12     0.6363    85.2930 1.1648e+00 1.9691e+00  0.3352693     14.221    13.7366    311.401 0.0000e+00
     13.961     7.6415 203.354594     2.4127 1.0000e-12     0.6363    85.2930 1.1746e+00 1.9691e+00  0.3352693     14.236    13.7362    311.480 0.0000e+00
     13.976     7.6415 203.354595     2.4115 1.0000e-12     0.6375    85.2668 1.1770e+00 1.9691e+00  0.3352693     14.252    13.7261    311.480 0.0000e+00
     13.990     7.6415 203.318691     2.4115 1.0000e-12     0.6363    85.2930 1.1880e+00 1.9691e+00  0.3352693     14.266    13.7268    311.425 0.0000e+00
     14.006     7.6410 203.342628     2.4103 1.0000e-12     0.6363    85.2930 1.2112e+00 1.9691e+00  0.3352693     14.282    13.7192    311.466 0.0000e+00
     14.022     7.6405 203.306726     2.4115 1.0000e-12     0.6375    85.2668 1.2247e+00 1.9691e+00  0.3352693     14.298    13.7275    311.416 0.0000e+00
     14.037     7.6403 203.354596     2.4115 1.0000e-12     0.6363    85.2930 1.2161e+00 1.9691e+00  0.3352693     14.314    13.7272    311.491 0.0000e+00
     14.052     7.6400 203.402467     2.4115 1.0000e-12     0.6363    85.2930 1.1966e+00 1.9691e+00  0.3352693     14.329    13.7270    311.567 0.0000e+00
     14.069     7.6398 203.378533     2.4115 1.0000e-12     0.6351    85.3191 1.1795e+00 1.9691e+00  0.3352693     14.346    13.7279    311.532 0.0000e+00
     14.086     7.6397 203.330663     2.4127 1.0000e-12     0.6363    85.2930 1.1600e+00 1.9691e+00  0.3352693     14.364    13.7362    311.460 0.0000e+00
     14.101     7.6402 203.354597     2.4115 1.0000e-12     0.6363    85.2930 1.1453e+00 1.9691e+00  0.3352693     14.379    13.7285    311.492 0.0000e+00
     14.117     7.6399 203.306728     2.4115 1.0000e-12     0.6363    85.2930 1.1514e+00 1.9691e+00  0.3352693     14.395    13.7297    311.421 0.0000e+00
     14.133     7.6400 203.294760     2.4115 1.0000e-12     0.6363    85.2930 1.1538e+00 1.9691e+00  0.3352693     14.412    13.7285    311.402 0.0000e+00
     14.149     7.6400 203.354598     2.4115 1.0000e-12     0.6375    85.2668 1.1453e+00 1.9691e+00  0.3352693     14.428    13.7285    311.494 0.0000e+00
     14.166     7.6399 203.354600     2.4115 1.0000e-12     0.6375    85.2668 1.1453e+00 1.9691e+00  0.3352693     14.445    13.7285    311.495 0.0000e+00
     14.182     7.6400 203.354599     2.4115 1.0000e-12     0.6388    85.2407 1.1453e+00 1.9691e+00  0.3356851     14.462    13.7284    311.494 0.0000e+00
     14.197     7.6399 203.390503     2.4115 1.0000e-12     0.6412    85.1884 1.1429e+00 1.9691e+00  0.3352693     14.477    13.7285    311.550 0.0000e+00
     14.212     7.6395 203.366567     2.4115 1.0000e-12     0.6412    85.1884 1.1526e+00 1.9691e+00  0.3352693     14.492    13.7298    311.517 0.0000e+00
     14.226     7.6395 203.366568     2.4127 1.0000e-12     0.6412    85.1884 1.1575e+00 1.9691e+00  0.3356851     14.506    13.7385    311.517 0.0000e+00
     14.240     7.6392 203.378536     2.4127 1.0000e-12     0.6412    85.1884 1.1538e+00 1.9691e+00  0.3361008     14.521    13.7376    311.538 0.0000e+00
     14.254     7.6390 203.330666     2.4115 1.0000e-12     0.6412    85.1884 1.1453e+00 1.9691e+00  0.3361008     14.535    13.7294    311.467 0.0000e+00
     14.269     7.6389 203.318698     2.4115 1.0000e-12     0.6400    85.2146 1.1526e+00 1.9691e+00  0.3365166     14.550    13.7286    311.449 0.0000e+00
     14.284     7.6387 203.306732     2.4103 1.0000e-12     0.6412    85.1884 1.1648e+00 1.9691e+00  0.3361008     14.566    13.7194    311.433 0.0000e+00
     14.299     7.6382 203.342635     2.4115 1.0000e-12     0.6412    85.1884 1.1648e+00 1.9691e+00  0.3361008     14.581    13.7272    311.493 0.0000e+00
     14.315     7.6382 203.306732     2.4115 1.0000e-12     0.6412    85.1884 1.1612e+00 1.9691e+00  0.3361008     14.597    13.7275    311.438 0.0000e+00
     14.330     7.6379 203.354604     2.4115 1.0000e-12     0.6400    85.2146 1.1612e+00 1.9691e+00  0.3361008     14.613    13.7280    311.514 0.0000e+00
     14.344     7.6379 203.354603     2.4103 1.0000e-12     0.6412    85.1884 1.1600e+00 1.9691e+00  0.3365166     14.627    13.7210    311.514 0.0000e+00
     14.360     7.6378 203.366572     2.4115 1.0000e-12     0.6412    85.1884 1.1502e+00 1.9691e+00  0.3361008     14.643    13.7289    311.533 0.0000e+00
     14.377     7.6372 203.402476     2.4115 1.0000e-12     0.6412    85.1884 1.1526e+00 1.9691e+00  0.3361008     14.660    13.7285    311.594 0.0000e+00
     14.392     7.6373 203.342638     2.4115 1.0000e-12     0.6412    85.1884 1.1612e+00 1.9691e+00  0.3361008     14.676    13.7268    311.501 0.0000e+00
     14.407     7.6371 203.342637     2.4115 1.0000e-12     0.6412    85.1884 1.1648e+00 1.9691e+00  0.3361008     14.691    13.7263    311.503 0.0000e+00
     14.422     7.6371 203.354607     2.4103 1.0000e-12     0.6412    85.1884 1.1429e+00 1.9691e+00  0.3361008     14.706    13.7173    311.522 0.0000e+00
     14.437     7.6371 203.354606     2.4115 1.0000e-12     0.6412    85.1884 1.1294e+00 1.9691e+00  0.3361008     14.722    13.7253    311.522 0.0000e+00
     14.451     7.6369 203.366575     2.4103 1.0000e-12     0.6412    85.1884 1.1233e+00 1.9691e+00  0.3361008     14.736    13.7164    311.542 0.0000e+00
     14.464     7.6366 203.330672     2.4115 1.0000e-12     0.6412    85.1884 1.1172e+00 1.9691e+00  0.3361008     14.749    13.7258    311.490 0.0000e+00
     14.478     7.6363 203.342639     2.4115 1.0000e-12     0.6400    85.2146 1.1306e+00 1.9691e+00  0.3361008     14.763    13.7267    311.511 0.0000e+00
     14.494     7.6363 203.318706     2.4103 1.0000e-12     0.6375    85.2668 1.1563e+00 1.9691e+00  0.3365166     14.780    13.7190    311.474 0.0000e+00
     14.510     7.6365 203.294769     2.4115 1.0000e-12     0.6375    85.2668 1.1587e+00 1.9691e+00  0.3361008     14.796    13.7271    311.436 0.0000e+00
     14.526     7.6361 203.330674     2.4115 1.0000e-12     0.6375    85.2668 1.1441e+00 1.9691e+00  0.3361008     14.812    13.7270    311.494 0.0000e+00
     14.540     7.6363 203.390511     2.4115 1.0000e-12     0.6375    85.2668 1.1538e+00 1.9691e+00  0.3365166     14.827    13.7268    311.584 0.0000e+00
     14.555     7.6361 203.354610     2.4103 1.0000e-12     0.6388    85.2407 1.1722e+00 1.9691e+00  0.3365166     14.842    13.7193    311.531 0.0000e+00
     14.569     7.6361 203.390512     2.4115 1.0000e-12     0.6375    85.2668 1.1880e+00 1.9691e+00  0.3365166     14.856    13.7276    311.586 0.0000e+00
     14.584     7.6359 203.366578     2.4115 1.0000e-12     0.6388    85.2407 1.1783e+00 1.9691e+00  0.3365166     14.872    13.7276    311.551 0.0000e+00
     14.600     7.6358 203.366578     2.4103 1.0000e-12     0.6375    85.2668 1.1734e+00 1.9691e+00  0.3365166     14.888    13.7202    311.552 0.0000e+00
     14.616     7.6358 203.330676     2.4103 1.0000e-12     0.6388    85.2407 1.1795e+00 1.9691e+00  0.3365166     14.904    13.7202    311.497 0.0000e+00
     14.630     7.6356 203.318708     2.4103 1.0000e-12     0.6388    85.2407 1.1770e+00 1.9691e+00  0.3365166     14.918    13.7192    311.481 0.0000e+00
     14.643     7.6355 203.390513     2.4103 1.0000e-12     0.6375    85.2668 1.1709e+00 1.9691e+00  0.3361008     14.932    13.7195    311.592 0.0000e+00
     14.658     7.6353 203.342645     2.4115 1.0000e-12     0.6375    85.2668 1.1917e+00 1.9691e+00  0.3356851     14.947    13.7261    311.520 0.0000e+00
     14.672     7.6353 203.342644     2.4115 1.0000e-12     0.6388    85.2407 1.2112e+00 1.9691e+00  0.3356851     14.961    13.7253    311.520 0.0000e+00
     14.686     7.6352 203.318710     2.4103 1.0000e-12     0.6375    85.2668 1.2283e+00 1.9691e+00  0.3356851     14.976    13.7173    311.485 0.0000e+00
     14.700     7.6346 203.402483     2.4115 1.0000e-12     0.6375    85.2668 1.2308e+00 1.9691e+00  0.3352693     14.990    13.7253    311.619 0.0000e+00
     14.715     7.6347 203.342645     2.4103 1.0000e-12     0.6375    85.2668 1.2381e+00 1.9691e+00  0.3356851     15.005    13.7162    311.526 0.0000e+00
     14.731     7.6345 203.318711     2.4103 1.0000e-12     0.6375    85.2668 1.2027e+00 1.9691e+00  0.3356851     15.021    13.7157    311.491 0.0000e+00
     14.746     7.6340 203.354614     2.4103 1.0000e-12     0.6375    85.2668 1.1697e+00 1.9691e+00  0.3356851     15.037    13.7154    311.551 0.0000e+00
     14.759     7.6337 203.306744     2.4103 1.0000e-12     0.6388    85.2407 1.1612e+00 1.9691e+00  0.3352693     15.050    13.7163    311.481 0.0000e+00
     14.772     7.6332 203.378550     2.4103 1.0000e-12     0.6375    85.2668 1.1636e+00 1.9691e+00  0.3356851     15.063    13.7161    311.595 0.0000e+00
     14.787     7.6331 203.342647     2.4103 1.0000e-12     0.6326    85.3714 1.1453e+00 1.9691e+00  0.3356851     15.079    13.7147    311.541 0.0000e+00
     14.802     7.6329 203.354616     2.4103 1.0000e-12     0.6302    85.4237 1.1245e+00 1.9691e+00  0.3356851     15.094    13.7146    311.562 0.0000e+00
     14.818     7.6326 203.282811     2.4103 1.0000e-12     0.6314    85.3975 1.1392e+00 1.9691e+00  0.3356851     15.110    13.7134    311.454 0.0000e+00
     14.833     7.6324 203.318714     2.4115 1.0000e-12     0.6314    85.3975 1.1709e+00 1.9691e+00  0.3356851     15.125    13.7219    311.511 0.0000e+00
     14.848     7.6321 203.318715     2.4115 1.0000e-12     0.6314    85.3975 1.1661e+00 1.9691e+00  0.3356851     15.141    13.7221    311.514 0.0000e+00
     14.864     7.6319 203.390521     2.4103 1.0000e-12     0.6314    85.3975 1.1538e+00 1.9691e+00  0.3361008     15.157    13.7126    311.626 0.0000e+00
     14.878     7.6314 203.342651     2.4103 1.0000e-12     0.6302    85.4237 1.1477e+00 1.9691e+00  0.3356851     15.171    13.7130    311.558 0.0000e+00
     14.893     7.6312 203.318716     2.4103 1.0000e-12     0.6314    85.3975 1.1368e+00 1.9691e+00  0.3356851     15.187    13.7133    311.523 0.0000e+00
     14.909     7.6311 203.354620     2.4115 1.0000e-12     0.6314    85.3975 1.1306e+00 1.9691e+00  0.3356851     15.203    13.7211    311.579 0.0000e+00
     14.923     7.6309 203.330685     2.4103 1.0000e-12     0.6314    85.3975 1.1343e+00 1.9691e+00  0.3356851     15.217    13.7110    311.544 0.0000e+00
     14.937     7.6306 203.354620     2.4103 1.0000e-12     0.6314    85.3975 1.1429e+00 1.9691e+00  0.3356851     15.231    13.7106    311.584 0.0000e+00
     14.952     7.6304 203.354620     2.4103 1.0000e-12     0.6302    85.4237 1.1331e+00 1.9691e+00  0.3356851     15.247    13.7103    311.586 0.0000e+00
     14.967     7.6305 203.306751     2.4090 1.0000e-12     0.6302    85.4237 1.1270e+00 1.9691e+00  0.3361008     15.262    13.7008    311.511 0.0000e+00
     14.981     7.6304 203.306751     2.4090 1.0000e-12     0.6314    85.3975 1.1331e+00 1.9691e+00  0.3356851     15.276    13.7006    311.512 0.0000e+00
     14.995     7.6303 203.342653     2.4103 1.0000e-12     0.6314    85.3975 1.1331e+00 1.9691e+00  0.3356851     15.291    13.7086    311.568 0.0000e+00
     15.009     7.6302 203.306752     2.4090 1.0000e-12     0.6302    85.4237 1.1477e+00 1.9691e+00  0.3361008     15.305    13.6983    311.514 0.0000e+00
     15.023     7.6296 203.354622     2.4090 1.0000e-12     0.6314    85.3975 1.1453e+00 1.9691e+00  0.3356851     15.319    13.6996    311.593 0.0000e+00
     15.037     7.6297 203.330688     2.4103 1.0000e-12     0.6314    85.3975 1.1368e+00 1.9691e+00  0.3356851     15.333    13.7090    311.556 0.0000e+00
     15.051     7.6288 203.354624     2.4090 1.0000e-12     0.6314    85.3975 1.1233e+00 1.9691e+00  0.3356851     15.348    13.6993    311.601 0.0000e+00
     15.066     7.6290 203.330688     2.4103 1.0000e-12     0.6314    85.3975 1.1136e+00 1.9691e+00  0.3356851     15.363    13.7088    311.562 0.0000e+00
     15.081     7.6288 203.294787     2.4090 1.0000e-12     0.6314    85.3975 1.1136e+00 1.9691e+00  0.3356851     15.378    13.6980    311.509 0.0000e+00
     15.096     7.6284 203.258884     2.4090 1.0000e-12     0.6302    85.4237 1.1136e+00 1.9691e+00  0.3356851     15.394    13.6977    311.458 0.0000e+00
     15.109     7.6286 203.318722     2.4103 1.0000e-12     0.6314    85.3975 1.1074e+00 1.9691e+00  0.3356851     15.407    13.7053    311.548 0.0000e+00
     15.122     7.6281 203.318722     2.4090 1.0000e-12     0.6314    85.3975 1.1074e+00 1.9691e+00  0.3356851     15.420    13.6961    311.552 0.0000e+00
     15.136     7.6280 203.270853     2.4090 1.0000e-12     0.6314    85.3975 1.1184e+00 1.9691e+00  0.3356851     15.434    13.6960    311.480 0.0000e+00
     15.150     7.6279 203.294788     2.4090 1.0000e-12     0.6302    85.4237 1.1258e+00 1.9691e+00  0.3356851     15.449    13.6960    311.518 0.0000e+00
     15.163     7.6278 203.318724     2.4090 1.0000e-12     0.6314    85.3975 1.1197e+00 1.9691e+00  0.3356851     15.462    13.6961    311.555 0.0000e+00
     15.176     7.6278 203.318724     2.4090 1.0000e-12     0.6314    85.3975 1.1209e+00 1.9691e+00  0.3356851     15.475    13.6963    311.555 0.0000e+00
     15.190     7.6276 203.318724     2.4090 1.0000e-12     0.6314    85.3975 1.1245e+00 1.9691e+00  0.3356851     15.489    13.6977    311.557 0.0000e+00
     15.205     7.6273 203.342660     2.4090 1.0000e-12     0.6314    85.3975 1.1331e+00 1.9691e+00  0.3356851     15.505    13.6983    311.597 0.0000e+00
     15.220     7.6274 203.354628     2.4090 1.0000e-12     0.6302    85.4237 1.1368e+00 1.9691e+00  0.3361008     15.520    13.6988    311.614 0.0000e+00
     15.235     7.6273 203.318725     2.4090 1.0000e-12     0.6302    85.4237 1.1416e+00 1.9691e+00  0.3356851     15.535    13.6995    311.560 0.0000e+00
     15.251     7.6274 203.354629     2.4078 1.0000e-12     0.6314    85.3975 1.1343e+00 1.9691e+00  0.3356851     15.552    13.6907    311.614 0.0000e+00
     15.265     7.6275 203.306759     2.4078 1.0000e-12     0.6302    85.4237 1.1343e+00 1.9691e+00  0.3361008     15.566    13.6916    311.540 0.0000e+00
     15.279     7.6271 203.330693     2.4078 1.0000e-12     0.6302    85.4237 1.1368e+00 1.9691e+00  0.3356851     15.580    13.6929    311.580 0.0000e+00
     15.293     7.6270 203.306759     2.4078 1.0000e-12     0.6302    85.4237 1.1282e+00 1.9691e+00  0.3356851     15.595    13.6930    311.545 0.0000e+00
     15.308     7.6268 203.306760     2.4090 1.0000e-12     0.6314    85.3975 1.1184e+00 1.9691e+00  0.3356851     15.610    13.7018    311.547 0.0000e+00
