data/05_metadata_exports/SeabirdData/202305_SeabirdData/83429_stn33-night.cnv
* Sea-Bird SBE 9 Data File:
* FileName = C:\Users\rosette\Rosette Data\2023\Ontario CSMI\stn33-night.hex
* Software Version Seasave V 7.26.6.26
* Temperature SN = 5270
* Conductivity SN = 1168
* Number of Bytes Per Scan = 40
* Number of Voltage Words = 5
* Number of Scans Averaged by the Deck Unit = 1
* NMEA Latitude = 43 35.91 N
* NMEA Longitude = 078 48.76 W
* NMEA UTC (Time) = Oct 03 2003  05:18:54
* NMEA baud rate = 4800
** Ship: Lake Guardian
** Ontario CSMI LWFS
** Station:  stn33-night
# nquan = 14                                
# nvalues = 18507                       
# units = specified
# name 0 = prDM: Pressure, Digiquartz [db]
# name 1 = t090C: Temperature [ITS-90, deg C]
# name 2 = c0uS/cm: Conductivity [uS/cm]
# name 3 = sbeox0V: Oxygen raw, SBE 43 [V]
# name 4 = par: PAR/Irradiance, Biospherical/Licor
# name 5 = bat: Beam Attenuation, Chelsea/Seatech [1/m]
# name 6 = xmiss: Beam Transmission, Chelsea/Seatech [%]
# name 7 = flSP: Fluorescence, Seapoint
# name 8 = spar: SPAR, Biospherical/Licor
# name 9 = upoly0: Upoly 0, Suna Nitrate
# name 10 = depFM: Depth [fresh water, m], lat = 43.5985
# name 11 = sbeox0Mg/L: Oxygen, SBE 43 [mg/l], WS = 2
# name 12 = specc: Specific Conductance [uS/cm]
# name 13 = flag: flag
# span 0 =     -0.194,    131.581       
# span 1 =     3.8674,     8.3598       
# span 2 =  21.036648, 252.043223       
# span 3 =     1.9084,     2.4298       
# span 4 = 1.0000e-12, 3.4836e+00       
# span 5 =     0.0874,     1.8650       
# span 6 =    62.7347,    97.8399       
# span 7 = 3.9072e-02, 1.5409e+00       
# span 8 = 0.0000e+00, 1.9691e+00       
# span 9 =  0.0741704,  0.3913973       
# span 10 =     -0.198,    134.175      
# span 11 =     9.9527,    13.7647      
# span 12 =     32.461,    389.175      
# span 13 = 0.0000e+00, 0.0000e+00      
# interval = seconds: 0.0416667
# start_time = Oct 03 2003 05:18:54 [NMEA time, header]
# bad_flag = -9.990e-29
*END*
[from data line 3201]
      1.997     8.3178 205.268942     2.4127 1.8760e-02     0.6437    85.1362 1.2735e+00 1.9691e+00  0.3045029      2.036    13.5230    308.029 -9.990e-29
      1.996     8.3179 205.256971     2.4127 1.0000e-12     0.6424    85.1623 1.2955e+00 1.9691e+00  0.3045029      2.035    13.5226    308.010 -9.990e-29
      1.995     8.3177 205.256971     2.4127 1.0000e-12     0.6437    85.1362 1.2979e+00 1.9691e+00  0.3045029      2.034    13.5221    308.011 -9.990e-29
      1.994     8.3179 205.221060     2.4139 1.0000e-12     0.6437    85.1362 1.3114e+00 1.9691e+00  0.3045029      2.033    13.5296    307.956 -9.990e-29
      1.994     8.3180 205.221060     2.4127 1.0000e-12     0.6437    85.1362 1.3187e+00 1.9691e+00  0.3045029      2.033    13.5192    307.955 -9.990e-29
      1.993     8.3178 205.245001     2.4139 1.0000e-12     0.6437    85.1362 1.3016e+00 1.9691e+00  0.3045029      2.032    13.5264    307.993 -9.990e-29
      1.992     8.3182 205.268940     2.4139 1.0000e-12     0.6424    85.1623 1.2796e+00 1.9691e+00  0.3045029      2.031    13.5248    308.025 -9.990e-29
      1.993     8.3182 205.233031     2.4139 1.0000e-12     0.6437    85.1362 1.2735e+00 1.9691e+00  0.3045029      2.032    13.5231    307.971 -9.990e-29
      1.994     8.3181 205.245001     2.4139 1.0000e-12     0.6437    85.1362 1.2979e+00 1.9691e+00  0.3045029      2.033    13.5213    307.990 -9.990e-29
      1.994     8.3183 205.256971     2.4139 1.0000e-12     0.6437    85.1362 1.3272e+00 1.9691e+00  0.3045029      2.033    13.5214    308.006 -9.990e-29
      1.993     8.3182 205.221059     2.4139 1.0000e-12     0.6424    85.1623 1.3284e+00 1.9691e+00  0.3045029      2.032    13.5203    307.953 -9.990e-29
      1.994     8.3182 205.256971     2.4139 1.0000e-12     0.6437    85.1362 1.3065e+00 1.9691e+00  0.3045029      2.033    13.5200    308.007 -9.990e-29
      1.995     8.3185 205.233030     2.4151 1.0000e-12     0.6437    85.1362 1.2723e+00 1.9691e+00  0.3045029      2.034    13.5278    307.968 -9.990e-29
      1.995     8.3182 205.256971     2.4139 1.0000e-12     0.6437    85.1362 1.2283e+00 0.0000e+00  0.3045029      2.034    13.5199    308.007 -9.990e-29
      1.996     8.3186 205.280910     2.4139 4.0772e-03     0.6449    85.1100 1.1893e+00 0.0000e+00  0.3045029      2.035    13.5200    308.039 -9.990e-29
      1.997     8.3185 205.280912     2.4139 7.9032e-03     0.6437    85.1362 1.1636e+00 1.9691e+00  0.3045029      2.036    13.5210    308.040 -9.990e-29
      1.999     8.3189 205.233030     2.4151 7.2565e-03     0.6449    85.1100 1.1624e+00 1.9691e+00  0.3045029      2.038    13.5280    307.964 -9.990e-29
      2.000     8.3190 205.256970     2.4151 1.5973e-03     0.6449    85.1100 1.2027e+00 1.9691e+00  0.3045029      2.039    13.5276    307.999 -9.990e-29
      2.000     8.3191 205.304851     2.4151 1.0000e-12     0.6449    85.1100 1.2637e+00 1.9691e+00  0.3045029      2.039    13.5281    308.070 -9.990e-29
      2.000     8.3197 205.268940     2.4151 1.0000e-12     0.6449    85.1100 1.3236e+00 1.9691e+00  0.3045029      2.039    13.5283    308.011 -9.990e-29
      1.999     8.3200 205.316821     2.4164 1.0000e-12     0.6449    85.1100 1.3700e+00 1.9691e+00  0.3045029      2.038    13.5374    308.080 -9.990e-29
      1.999     8.3206 205.268939     2.4164 1.0000e-12     0.6437    85.1362 1.3993e+00 1.9691e+00  0.3045029      2.038    13.5361    308.003 -9.990e-29
      2.000     8.3204 205.268940     2.4151 1.0000e-12     0.6437    85.1362 1.4066e+00 1.9691e+00  0.3045029      2.039    13.5260    308.004 -9.990e-29
      2.001     8.3197 205.209089     2.4151 1.0000e-12     0.6437    85.1362 1.4029e+00 1.9691e+00  0.3045029      2.040    13.5261    307.921 -9.990e-29
      2.002     8.3193 205.209089     2.4164 1.0000e-12     0.6437    85.1362 1.3993e+00 1.9691e+00  0.3045029      2.041    13.5348    307.925 -9.990e-29
      2.003     8.3194 205.256970     2.4164 1.8052e-02     0.6437    85.1362 1.4066e+00 1.9691e+00  0.3045029      2.042    13.5331    307.996 -9.990e-29
      2.004     8.3193 205.233029     2.4151 8.6584e-02     0.6437    85.1362 1.4139e+00 1.9691e+00  0.3045029      2.044    13.5234    307.961 -9.990e-29
      2.006     8.3193 205.245001     2.4151 1.1649e-01     0.6449    85.1100 1.3993e+00 1.9691e+00  0.3045029      2.046    13.5225    307.979 -9.990e-29
      2.007     8.3197 205.256970     2.4151 1.0013e-01     0.6437    85.1362 1.3663e+00 1.9691e+00  0.3045029      2.047    13.5234    307.993 -9.990e-29
      2.006     8.3201 205.292880     2.4164 4.0276e-02     0.6437    85.1362 1.3309e+00 1.9691e+00  0.3045029      2.046    13.5310    308.043 -9.990e-29
      2.005     8.3205 205.268940     2.4164 2.1994e-02     0.6449    85.1100 1.3187e+00 1.9691e+00  0.3049186      2.045    13.5305    308.004 -9.990e-29
      2.005     8.3198 205.256970     2.4151 8.8800e-03     0.6449    85.1100 1.3248e+00 1.9691e+00  0.3045029      2.045    13.5223    307.992 -9.990e-29
      2.004     8.3195 205.256970     2.4151 7.5476e-05     0.6437    85.1362 1.3248e+00 1.9691e+00  0.3045029      2.044    13.5217    307.995 -9.990e-29
      2.002     8.3192 205.256970     2.4176 1.0000e-12     0.6449    85.1100 1.3053e+00 1.9691e+00  0.3045029      2.041    13.5384    307.998 -9.990e-29
      2.001     8.3190 205.209090     2.4164 1.0000e-12     0.6437    85.1362 1.2759e+00 1.9691e+00  0.3045029      2.040    13.5292    307.928 -9.990e-29
      1.998     8.3191 205.233030     2.4164 1.0000e-12     0.6424    85.1623 1.2503e+00 1.9691e+00  0.3045029      2.037    13.5291    307.963 -9.990e-29
      1.995     8.3194 205.221060     2.4164 1.0000e-12     0.6424    85.1623 1.2247e+00 1.9691e+00  0.3045029      2.034    13.5278    307.942 -9.990e-29
      1.993     8.3198 205.304850     2.4176 1.0000e-12     0.6424    85.1623 1.2112e+00 1.9691e+00  0.3045029      2.032    13.5357    308.064 -9.990e-29
      1.992     8.3201 205.245000     2.4176 1.0000e-12     0.6424    85.1623 1.2051e+00 1.9691e+00  0.3045029      2.031    13.5341    307.971 -9.990e-29
      1.990     8.3204 205.292880     2.4176 1.0000e-12     0.6424    85.1623 1.2063e+00 1.9691e+00  0.3045029      2.029    13.5324    308.040 -9.990e-29
      1.988     8.3209 205.268938     2.4164 1.0000e-12     0.6424    85.1623 1.2125e+00 1.9691e+00  0.3045029      2.027    13.5221    308.000 -9.990e-29
      1.987     8.3212 205.256969     2.4164 1.0000e-12     0.6437    85.1362 1.2125e+00 1.9691e+00  0.3045029      2.026    13.5212    307.979 -9.990e-29
      1.986     8.3215 205.292880     2.4176 1.0000e-12     0.6424    85.1623 1.2100e+00 1.9691e+00  0.3045029      2.025    13.5286    308.030 -9.990e-29
      1.985     8.3216 205.280908     2.4176 1.0000e-12     0.6424    85.1623 1.2161e+00 1.9691e+00  0.3045029      2.024    13.5286    308.011 -9.990e-29
      1.985     8.3220 205.256969     2.4176 1.0000e-12     0.6437    85.1362 1.2259e+00 1.9691e+00  0.3045029      2.024    13.5284    307.972 -9.990e-29
      1.983     8.3219 205.221058     2.4164 1.0000e-12     0.6437    85.1362 1.2295e+00 1.9691e+00  0.3045029      2.022    13.5211    307.919 -9.990e-29
      1.981     8.3221 205.221057     2.4164 1.0000e-12     0.6424    85.1623 1.2283e+00 1.9691e+00  0.3045029      2.020    13.5219    307.917 -9.990e-29
      1.979     8.3217 205.292879     2.4176 1.0000e-12     0.6424    85.1623 1.2369e+00 1.9691e+00  0.3045029      2.018    13.5300    308.028 -9.990e-29
      1.978     8.3221 205.244997     2.4176 1.0000e-12     0.6424    85.1623 1.2698e+00 1.9691e+00  0.3045029      2.017    13.5294    307.953 -9.990e-29
      1.977     8.3224 205.256968     2.4164 1.0000e-12     0.6437    85.1362 1.2906e+00 1.9691e+00  0.3045029      2.016    13.5215    307.968 -9.990e-29
      1.975     8.3222 205.256968     2.4176 1.0000e-12     0.6424    85.1623 1.2772e+00 1.9691e+00  0.3045029      2.014    13.5303    307.970 -9.990e-29
      1.973     8.3221 205.221058     2.4176 1.0000e-12     0.6424    85.1623 1.2405e+00 1.9691e+00  0.3045029      2.012    13.5295    307.917 -9.990e-29
      1.971     8.3221 205.304848     2.4188 1.0000e-12     0.6424    85.1623 1.2137e+00 1.9691e+00  0.3045029      2.010    13.5369    308.043 -9.990e-29
      1.969     8.3220 205.268937     2.4176 1.0000e-12     0.6424    85.1623 1.2173e+00 1.9691e+00  0.3045029      2.008    13.5276    307.990 -9.990e-29
      1.969     8.3221 205.185147     2.4176 1.0000e-12     0.6474    85.0577 1.2369e+00 1.9691e+00  0.3045029      2.008    13.5264    307.863 -9.990e-29
      1.967     8.3219 205.244997     2.4188 1.0000e-12     0.6523    84.9532 1.2552e+00 1.9691e+00  0.3045029      2.006    13.5348    307.955 -9.990e-29
      1.966     8.3222 205.233027     2.4176 1.0000e-12     0.6535    84.9270 1.2637e+00 1.9691e+00  0.3045029      2.005    13.5260    307.934 -9.990e-29
      1.965     8.3221 205.292878     2.4176 1.0000e-12     0.6510    84.9793 1.2662e+00 1.9691e+00  0.3045029      2.004    13.5245    308.025 -9.990e-29
      1.966     8.3219 205.244998     2.4176 1.0000e-12     0.6523    84.9532 1.2637e+00 1.9691e+00  0.3045029      2.005    13.5242    307.955 -9.990e-29
      1.965     8.3215 205.244997     2.4188 3.5376e-02     0.6523    84.9532 1.2662e+00 1.9691e+00  0.3049186      2.004    13.5322    307.958 -9.990e-29
      1.966     8.3218 205.256967     2.4176 9.4372e-02     0.6523    84.9532 1.2650e+00 1.9691e+00  0.3107393      2.005    13.5232    307.974 -9.990e-29
      1.967     8.3212 205.268938     2.4176 9.2677e-02     0.6523    84.9532 1.2650e+00 1.9691e+00  0.3198861      2.006    13.5228    307.997 -9.990e-29
      1.969     8.3211 205.304850     2.4176 2.0187e-02     0.6523    84.9532 1.2515e+00 1.9691e+00  0.3252910      2.008    13.5231    308.052 -9.990e-29
      1.969     8.3211 205.316819     2.4176 1.0000e-12     0.6523    84.9532 1.2479e+00 1.9691e+00  0.3257068      2.008    13.5234    308.070 -9.990e-29
      1.970     8.3208 205.316821     2.4176 1.0000e-12     0.6523    84.9532 1.2772e+00 1.9691e+00  0.3252910      2.009    13.5238    308.073 -9.990e-29
      1.970     8.3211 205.316819     2.4176 1.0000e-12     0.6523    84.9532 1.2833e+00 1.9691e+00  0.3252910      2.009    13.5239    308.070 -9.990e-29
      1.971     8.3211 205.268938     2.4176 1.0000e-12     0.6523    84.9532 1.2833e+00 1.9691e+00  0.3252910      2.010    13.5239    307.998 -9.990e-29
      1.973     8.3212 205.256968     2.4188 1.0000e-12     0.6523    84.9532 1.2784e+00 1.9691e+00  0.3252910      2.012    13.5322    307.979 -9.990e-29
      1.977     8.3211 205.268939     2.4188 1.0000e-12     0.6523    84.9532 1.2430e+00 1.9691e+00  0.3252910      2.016    13.5321    307.998 -9.990e-29
      1.978     8.3212 205.280909     2.4188 1.0000e-12     0.6523    84.9532 1.1929e+00 1.9691e+00  0.3252910      2.017    13.5320    308.015 -9.990e-29
      1.979     8.3208 205.256968     2.4188 1.0000e-12     0.6523    84.9532 1.1551e+00 1.9691e+00  0.3252910      2.018    13.5309    307.983 -9.990e-29
      1.980     8.3211 205.292880     2.4188 1.0000e-12     0.6510    84.9793 1.1416e+00 1.9691e+00  0.3252910      2.019    13.5294    308.034 -9.990e-29
      1.982     8.3209 205.268938     2.4188 1.0000e-12     0.6523    84.9532 1.1758e+00 1.9691e+00  0.3252910      2.021    13.5302    308.000 -9.990e-29
      1.985     8.3210 205.256969     2.4188 1.0000e-12     0.6523    84.9532 1.2015e+00 1.9691e+00  0.3257068      2.024    13.5297    307.981 -9.990e-29
      1.987     8.3211 205.256968     2.4188 1.0000e-12     0.6498    85.0055 1.1917e+00 1.9691e+00  0.3252910      2.026    13.5292    307.980 -9.990e-29
      1.991     8.3212 205.268939     2.4188 1.0000e-12     0.6461    85.0839 1.2076e+00 1.9691e+00  0.3252910      2.030    13.5296    307.997 -9.990e-29
      1.994     8.3215 205.256969     2.4188 1.0000e-12     0.6461    85.0839 1.2491e+00 1.9691e+00  0.3248753      2.033    13.5298    307.976 -9.990e-29
      1.997     8.3212 205.268939     2.4188 1.0000e-12     0.6461    85.0839 1.2650e+00 1.9691e+00  0.3252910      2.036    13.5302    307.997 -9.990e-29
      2.000     8.3213 205.316819     2.4176 1.0000e-12     0.6461    85.0839 1.2259e+00 1.9691e+00  0.3248753      2.039    13.5221    308.068 -9.990e-29
      2.003     8.3211 205.268940     2.4188 1.0000e-12     0.6461    85.0839 1.1966e+00 1.9691e+00  0.3248753      2.042    13.5307    307.998 -9.990e-29
      2.005     8.3214 205.256969     2.4200 1.0000e-12     0.6461    85.0839 1.1819e+00 1.9691e+00  0.3252910      2.045    13.5401    307.977 -9.990e-29
      2.006     8.3213 205.316820     2.4188 1.0000e-12     0.6461    85.0839 1.1661e+00 1.9691e+00  0.3252910      2.046    13.5318    308.068 -9.990e-29
      2.007     8.3216 205.316820     2.4176 1.0000e-12     0.6461    85.0839 1.1624e+00 1.9691e+00  0.3252910      2.047    13.5244    308.065 -9.990e-29
      2.008     8.3218 205.221058     2.4188 1.0000e-12     0.6449    85.1100 1.1551e+00 1.9691e+00  0.3252910      2.048    13.5325    307.920 -9.990e-29
      2.009     8.3220 205.256969     2.4188 1.0000e-12     0.6461    85.0839 1.1453e+00 1.9691e+00  0.3252910      2.049    13.5332    307.972 -9.990e-29
      2.010     8.3221 205.304849     2.4188 1.0000e-12     0.6461    85.0839 1.1465e+00 1.9691e+00  0.3252910      2.050    13.5329    308.043 -9.990e-29
      2.011     8.3224 205.280909     2.4188 1.0000e-12     0.6461    85.0839 1.1758e+00 1.9691e+00  0.3252910      2.051    13.5314    308.004 -9.990e-29
      2.012     8.3222 205.280910     2.4188 1.0000e-12     0.6461    85.0839 1.1954e+00 1.9691e+00  0.3252910      2.052    13.5310    308.006 -9.990e-29
      2.013     8.3226 205.280907     2.4188 1.0000e-12     0.6449    85.1100 1.2002e+00 1.9691e+00  0.3252910      2.053    13.5304    308.002 -9.990e-29
      2.014     8.3227 205.316820     2.4200 1.0000e-12     0.6461    85.0839 1.2039e+00 1.9691e+00  0.3252910      2.054    13.5380    308.055 -9.990e-29
      2.016     8.3226 205.244998     2.4200 1.0000e-12     0.6461    85.0839 1.2173e+00 1.9691e+00  0.3252910      2.056    13.5374    307.948 -9.990e-29
      2.016     8.3229 205.256968     2.4188 1.0000e-12     0.6461    85.0839 1.2662e+00 1.9691e+00  0.3252910      2.056    13.5292    307.963 -9.990e-29
      2.017     8.3233 205.304849     2.4188 7.5794e-03     0.6449    85.1100 1.3321e+00 1.9691e+00  0.3252910      2.057    13.5292    308.032 -9.990e-29
      2.019     8.3231 205.244998     2.4188 3.5778e-02     0.6461    85.0839 1.3736e+00 1.9691e+00  0.3244595      2.059    13.5295    307.944 -9.990e-29
      2.019     8.3229 205.292879     2.4188 4.7072e-02     0.6474    85.0577 1.3883e+00 1.9691e+00  0.3244595      2.059    13.5286    308.017 -9.990e-29
      2.019     8.3230 205.280908     2.4188 1.8406e-02     0.6461    85.0839 1.3810e+00 1.9691e+00  0.3240437      2.059    13.5286    307.998 -9.990e-29
      2.020     8.3233 205.304849     2.4200 3.7813e-04     0.6449    85.1100 1.3712e+00 1.9691e+00  0.3240437      2.060    13.5369    308.032 -9.990e-29
      2.021     8.3230 205.244999     2.4188 1.0000e-12     0.6449    85.1100 1.3480e+00 1.9691e+00  0.3244595      2.061    13.5287    307.945 -9.990e-29
      2.021     8.3231 205.292878     2.4200 5.6557e-03     0.6461    85.0839 1.3199e+00 1.9691e+00  0.3240437      2.061    13.5369    308.015 -9.990e-29
      2.020     8.3230 205.316820     2.4200 2.1994e-02     0.6461    85.0839 1.2772e+00 1.9691e+00  0.3244595      2.060    13.5369    308.052 -9.990e-29
      2.018     8.3235 205.268938     2.4200 2.6811e-02     0.6461    85.0839 1.2308e+00 1.9691e+00  0.3244595      2.058    13.5366    307.976 -9.990e-29
      2.016     8.3231 205.268938     2.4188 2.5684e-02     0.6461    85.0839 1.1844e+00 1.9691e+00  0.3244595      2.056    13.5282    307.980 -9.990e-29
