data/05_metadata_exports/SeabirdData/202305_SeabirdData/83422_stn27-night.cnv
* Sea-Bird SBE 9 Data File:
* FileName = C:\Users\rosette\Rosette Data\2023\Ontario CSMI\stn33-night.hex
* Software Version Seasave V 7.26.6.26
* Temperature SN = 5270
* Conductivity SN = 1168
* Number of Bytes Per Scan = 40
* Number of Voltage Words = 5
* Number of Scans Averaged by the Deck Unit = 1
* NMEA Latitude = 43 41.55 N
* NMEA Longitude = 078 49.88 W
* NMEA UTC (Time) = Oct 03 2003  03:21:10
* NMEA baud rate = 4800
** Ship: Lake Guardian
** Ontario CSMI LWFS
** Station:  stn33-night
# nquan = 14                                
# nvalues = 17403                       
# units = specified
# name 0 = prDM: Pressure, Digiquartz [db]
# name 1 = t090C: Temperature [ITS-90, deg C]
# name 2 = c0uS/cm: Conductivity [uS/cm]
# name 3 = sbeox0V: Oxygen raw, SBE 43 [V]
# name 4 = par: PAR/Irradiance, Biospherical/Licor
# name 5 = bat: Beam Attenuation, Chelsea/Seatech [1/m]
# name 6 = xmiss: Beam Transmission, Chelsea/Seatech [%]
# name 7 = flSP: Fluorescence, Seapoint
# name 8 = spar: SPAR, Biospherical/Licor
# name 9 = upoly0: Upoly 0, Suna Nitrate
# name 10 = depFM: Depth [fresh water, m], lat = 43.6925
# name 11 = sbeox0Mg/L: Oxygen, SBE 43 [mg/l], WS = 2
# name 12 = specc: Specific Conductance [uS/cm]
# name 13 = flag: flag
# span 0 =     -0.189,     96.222       
# span 1 =     4.0786,     8.2626       
# span 2 =-298.852776, 355.970109       
# span 3 =     1.8425,     2.4188       
# span 4 = 1.0000e-12, 3.1471e+00       
# span 5 =    -0.0056,     6.4176       
# span 6 =    20.1012,   100.1402       
# span 7 = 3.2967e-02, 1.8400e+00       
# span 8 = 0.0000e+00, 1.9691e+00       
# span 9 =  0.0741704,  0.3934761       
# span 10 =     -0.193,     98.119      
# span 11 =     9.4949,    13.7681      
# span 12 =   -458.295,    545.859      
# span 13 = 0.0000e+00, 0.0000e+00      
# interval = seconds: 0.0416667
# start_time = Oct 03 2003 03:21:10 [NMEA time, header]
# bad_flag = -9.990e-29
*END*
[from data line 310]
     -0.074     7.6043  23.449880     2.1612 1.0366e-01     0.0028    99.9311 4.0293e-02 1.9691e+00  0.0949585     -0.075    11.9652     35.959 -9.990e-29
     -0.074     7.6043  23.578762     2.1612 1.7935e-01     0.0028    99.9311 4.0293e-02 1.9691e+00  0.0949585     -0.075    11.9643     36.157 -9.990e-29
     -0.073     7.6044  23.485029     2.1612 1.8919e-01     0.0028    99.9311 4.0293e-02 1.9691e+00  0.0949585     -0.074    11.9633     36.013 -9.990e-29
     -0.072     7.6043  23.344432     2.1612 2.8218e-01     0.0017    99.9572 4.0293e-02 1.9691e+00  0.0949585     -0.073    11.9635     35.798 -9.990e-29
     -0.070     7.6039  24.680202     2.1624 3.7500e-01     0.0028    99.9311 4.0293e-02 1.9691e+00  0.0949585     -0.071    11.9701     37.846 -9.990e-29
     -0.067     7.6042  25.793508     2.1624 3.9155e-01     0.0028    99.9311 4.0293e-02 1.9691e+00  0.0949585     -0.068    11.9691     39.553 -9.990e-29
     -0.066     7.6043  25.219258     2.1612 4.7827e-01     0.0017    99.9572 4.0293e-02 1.9691e+00  0.0945428     -0.067    11.9608     38.673 -9.990e-29
     -0.069     7.6044  25.512238     2.1612 5.9571e-01     0.0028    99.9311 4.0293e-02 1.9691e+00  0.0949585     -0.070    11.9611     39.122 -9.990e-29
     -0.073     7.6045  27.399275     2.1612 6.2394e-01     0.0017    99.9572 4.0293e-02 1.9691e+00  0.0949585     -0.074    11.9612     42.015 -9.990e-29
     -0.074     7.6045  26.778029     2.1624 7.7553e-01     0.0017    99.9572 4.0293e-02 1.9691e+00  0.0949585     -0.075    11.9711     41.063 -9.990e-29
     -0.076     7.6042  26.496726     2.1624 1.0854e+00     0.0017    99.9572 4.0293e-02 1.9691e+00  0.0949585     -0.077    11.9704     40.632 -9.990e-29
     -0.079     7.6045  26.953848     2.1612 1.1795e+00     0.0028    99.9311 4.0293e-02 1.9691e+00  0.0949585     -0.081    11.9632     41.332 -9.990e-29
     -0.081     7.6040  27.211724     2.1612 1.1977e+00     0.0017    99.9572 4.0293e-02 1.9691e+00  0.0949585     -0.083    11.9636     41.728 -9.990e-29
     -0.082     7.6045  26.485005     2.1612 1.2578e+00     0.0017    99.9572 4.0293e-02 1.9691e+00  0.0949585     -0.084    11.9637     40.613 -9.990e-29
     -0.082     7.6041  26.496725     2.1612 1.2771e+00     0.0028    99.9311 4.0293e-02 1.9691e+00  0.0949585     -0.084    11.9640     40.632 -9.990e-29
     -0.080     7.6044  28.794317     2.1612 1.2312e+00     0.0017    99.9572 4.0293e-02 1.9691e+00  0.0949585     -0.082    11.9629     44.155 -9.990e-29
     -0.078     7.6043  28.325369     2.1624 1.0655e+00     0.0028    99.9311 4.0293e-02 1.9691e+00  0.0949585     -0.080    11.9705     43.436 -9.990e-29
     -0.078     7.6043  27.293777     2.1636 1.0107e+00     0.0017    99.9572 4.0293e-02 1.9691e+00  0.0949585     -0.080    11.9781     41.854 -9.990e-29
     -0.081     7.6045  27.504774     2.1624 1.0266e+00     0.0017    99.9572 4.0293e-02 1.9691e+00  0.0949585     -0.083    11.9708     42.177 -9.990e-29
     -0.082     7.6043  27.516496     2.1612 1.1509e+00     0.0007    99.9834 4.0293e-02 1.9691e+00  0.0945428     -0.084    11.9637     42.195 -9.990e-29
     -0.082     7.6047  27.129672     2.1612 1.2088e+00     0.0007    99.9834 4.0293e-02 1.9691e+00  0.0949585     -0.084    11.9639     41.602 -9.990e-29
     -0.080     7.6043  27.750944     2.1624 1.2162e+00     0.0017    99.9572 4.0293e-02 1.9691e+00  0.0949585     -0.082    11.9726     42.555 -9.990e-29
     -0.077     7.6045  27.317221     2.1624 1.3572e+00     0.0017    99.9572 4.0293e-02 1.9691e+00  0.0949585     -0.079    11.9728     41.889 -9.990e-29
     -0.076     7.6045  27.422719     2.1624 1.4419e+00     0.0017    99.9572 4.0293e-02 1.9691e+00  0.0945428     -0.077    11.9730     42.051 -9.990e-29
     -0.075     7.6045  28.571564     2.1612 1.4506e+00     0.0017    99.9572 4.0293e-02 1.9691e+00  0.0949585     -0.076    11.9647     43.813 -9.990e-29
     -0.072     7.6044  27.504774     2.1612 1.2616e+00     0.0017    99.9572 4.0293e-02 1.9691e+00  0.0949585     -0.073    11.9639     42.177 -9.990e-29
     -0.070     7.6046  27.200003     2.1612 1.1438e+00     0.0017    99.9572 4.0293e-02 1.9691e+00  0.0949585     -0.071    11.9640     41.710 -9.990e-29
     -0.071     7.6046  27.223446     2.1612 1.1264e+00     0.0007    99.9834 4.0293e-02 1.9691e+00  0.0949585     -0.072    11.9641     41.746 -9.990e-29
     -0.074     7.6047  26.414680     2.1600 9.3192e-01     0.0007    99.9834 4.0293e-02 1.9691e+00  0.0949585     -0.075    11.9557     40.505 -9.990e-29
     -0.079     7.6046  25.969307     2.1612 7.6812e-01     0.0007    99.9834 4.0293e-02 1.9691e+00  0.0949585     -0.081    11.9655     39.822 -9.990e-29
     -0.084     7.6045  25.770068     2.1612 7.3907e-01     0.0007    99.9834 4.0293e-02 1.9691e+00  0.0949585     -0.086    11.9656     39.517 -9.990e-29
     -0.089     7.6047  25.559116     2.1624 5.8785e-01     0.0007    99.9834 4.0293e-02 1.9691e+00  0.0949585     -0.091    11.9730     39.193 -9.990e-29
     -0.093     7.6045  25.652871     2.1612 4.3090e-01     0.0017    99.9572 4.0293e-02 1.9691e+00  0.0945428     -0.095    11.9647     39.337 -9.990e-29
     -0.097     7.6048  25.664591     2.1624 4.0004e-01     0.0007    99.9834 4.0293e-02 1.9691e+00  0.0949585     -0.099    11.9731     39.355 -9.990e-29
     -0.100     7.6046  25.945867     2.1612 3.1173e-01     0.0007    99.9834 4.0293e-02 1.9691e+00  0.0949585     -0.102    11.9636     39.786 -9.990e-29
     -0.103     7.6045  26.051347     2.1624 1.8259e-01     0.0017    99.9572 4.0293e-02 1.9691e+00  0.0949585     -0.105    11.9712     39.948 -9.990e-29
     -0.104     7.6045 191.263527     2.1624 1.5394e-01     0.0007    99.9834 4.0293e-02 1.9691e+00  0.0949585     -0.106    11.9622    293.292 -9.990e-29
     -0.103     7.6046 355.970109     2.1624 1.5764e-01     0.0007    99.9834 4.0293e-02 1.9691e+00  0.0949585     -0.105    11.9529    545.859 -9.990e-29
     -0.100     7.6045 115.530860     2.1624 1.6520e-01     0.0007    99.9834 4.0293e-02 1.9691e+00  0.0949585     -0.102    11.9656    177.160 -9.990e-29
     -0.095     7.6043  25.500518     2.1612 1.6751e-01     0.0017    99.9572 4.0293e-02 1.9691e+00  0.0949585     -0.097    11.9611     39.104 -9.990e-29
     -0.091     7.6046  25.148944     2.1612 1.9851e-01    -0.0004   100.0095 4.0293e-02 1.9691e+00  0.0949585     -0.093    11.9600     38.564 -9.990e-29
     -0.088     7.6044  24.785667     2.1612 4.5567e-01     0.0007    99.9834 4.0293e-02 1.9691e+00  0.0949585     -0.090    11.9613     38.008 -9.990e-29
     -0.087     7.6045  24.480995     2.1612 6.1984e-01     0.0007    99.9834 4.0293e-02 1.9691e+00  0.0949585     -0.089    11.9626     37.540 -9.990e-29
     -0.087     7.6045  24.352098     2.1624 6.3429e-01     0.0017    99.9572 4.0293e-02 1.9691e+00  0.0949585     -0.089    11.9713     37.343 -9.990e-29
     -0.087     7.6044  24.152899     2.1624 7.1561e-01     0.0017    99.9572 3.9072e-02 1.9691e+00  0.0949585     -0.089    11.9705     37.037 -9.990e-29
     -0.088     7.6045  24.082594     2.1624 7.6566e-01     0.0007    99.9834 3.9072e-02 1.9691e+00  0.0949585     -0.090    11.9696     36.929 -9.990e-29
     -0.091     7.6045  24.024007     2.1612 7.5833e-01     0.0007    99.9834 4.0293e-02 1.9691e+00  0.0949585     -0.093    11.9603     36.839 -9.990e-29
     -0.095     7.6043  24.117746     2.1612 2.8000e-01     0.0007    99.9834 4.0293e-02 1.9691e+00  0.0949585     -0.097    11.9562     36.983 -9.990e-29
     -0.100     7.6045  24.340381     2.1624 1.2812e-01     0.0007    99.9834 3.9072e-02 1.9691e+00  0.0949585     -0.102    11.9597     37.325 -9.990e-29
     -0.104     7.6042  24.516149     2.1612 6.5461e-02     0.0017    99.9572 4.0293e-02 1.9691e+00  0.0949585     -0.106    11.9455     37.595 -9.990e-29
     -0.107     7.6045  24.691920     2.1624 7.5794e-03     0.0017    99.9572 4.0293e-02 1.9691e+00  0.0949585     -0.109    11.9494     37.864 -9.990e-29
     -0.109     7.6042  24.879414     2.1624 1.0000e-12     0.0007    99.9834 4.0293e-02 1.9691e+00  0.0949585     -0.111    11.9451     38.152 -9.990e-29
     -0.110     7.6041  24.961444     2.1624 1.0000e-12     0.0017    99.9572 4.0293e-02 1.9691e+00  0.0949585     -0.112    11.9421     38.277 -9.990e-29
     -0.110     7.6038  24.973163     2.1624 1.1860e-02     0.0017    99.9572 4.0293e-02 1.9691e+00  0.0949585     -0.112    11.9393     38.296 -9.990e-29
     -0.109     7.6038  25.008319     2.1612 1.9115e-02     0.0017    99.9572 3.9072e-02 1.9691e+00  0.0949585     -0.111    11.9290     38.350 -9.990e-29
     -0.107     7.6039  25.008319     2.1612 1.9115e-02     0.0017    99.9572 4.0293e-02 1.9691e+00  0.0949585     -0.109    11.9274     38.350 -9.990e-29
     -0.104     7.6039  24.879414     2.1624 7.5794e-03     0.0017    99.9572 4.0293e-02 1.9691e+00  0.0949585     -0.106    11.9354     38.152 -9.990e-29
     -0.102     7.6040  24.879414     2.1624 3.7813e-04     0.0007    99.9834 4.0293e-02 1.9691e+00  0.0949585     -0.104    11.9363     38.152 -9.990e-29
     -0.099     7.6038  24.703639     2.1600 1.0000e-12     0.0017    99.9572 4.0293e-02 1.9691e+00  0.0949585     -0.101    11.9203     37.882 -9.990e-29
     -0.096     7.6035  24.469277     2.1600 1.0000e-12     0.0017    99.9572 4.1514e-02 1.9691e+00  0.0949585     -0.098    11.9213     37.523 -9.990e-29
     -0.091     7.6039  24.152899     2.1624 1.0000e-12     0.0007    99.9834 4.0293e-02 1.9691e+00  0.0949585     -0.093    11.9403     37.038 -9.990e-29
     -0.088     7.6036  23.824816     2.1624 1.0000e-12     0.0007    99.9834 4.0293e-02 1.9691e+00  0.0949585     -0.090    11.9436     36.535 -9.990e-29
     -0.086     7.6037  23.578762     2.1612 8.5535e-03     0.0017    99.9572 4.0293e-02 1.9691e+00  0.0949585     -0.088    11.9373     36.158 -9.990e-29
     -0.086     7.6038  23.344432     2.1612 1.2533e-02     0.0017    99.9572 4.0293e-02 1.9691e+00  0.0949585     -0.088    11.9394     35.798 -9.990e-29
     -0.087     7.6035  23.145257     2.1612 1.2871e-02     0.0017    99.9572 4.0293e-02 1.9691e+00  0.0949585     -0.089    11.9417     35.493 -9.990e-29
     -0.090     7.6038  23.121825     2.1624 2.1268e-02     0.0007    99.9834 4.0293e-02 1.9691e+00  0.0949585     -0.092    11.9522     35.457 -9.990e-29
     -0.093     7.6036  23.215553     2.1612 2.7568e-02     0.0017    99.9572 4.0293e-02 1.9691e+00  0.0949585     -0.095    11.9448     35.601 -9.990e-29
     -0.098     7.6037  23.356148     2.1612 1.9115e-02     0.0017    99.9572 4.0293e-02 1.9691e+00  0.0949585     -0.100    11.9457     35.816 -9.990e-29
     -0.102     7.6038  23.543612     2.1612 2.2121e-03     0.0017    99.9572 4.0293e-02 1.9691e+00  0.0949585     -0.104    11.9489     36.104 -9.990e-29
     -0.105     7.6036  23.766231     2.1612 1.0000e-12     0.0017    99.9572 4.0293e-02 1.9691e+00  0.0949585     -0.107    11.9511     36.445 -9.990e-29
     -0.108     7.6037  23.883401     2.1600 2.5207e-03     0.0017    99.9572 4.0293e-02 1.9691e+00  0.0949585     -0.110    11.9447     36.625 -9.990e-29
     -0.111     7.6036  24.152899     2.1563 1.0366e-01     0.0007    99.9834 4.0293e-02 1.9691e+00  0.0949585     -0.113    11.9196     37.038 -9.990e-29
     -0.112     7.6037  24.270074     2.1551 1.9086e-01     0.0017    99.9572 4.0293e-02 1.9691e+00  0.0945428     -0.114    11.9144     37.218 -9.990e-29
     -0.112     7.6036  24.398970     2.1551 2.0110e-01     0.0017    99.9572 4.0293e-02 1.9691e+00  0.0949585     -0.114    11.9165     37.416 -9.990e-29
     -0.112     7.6033  24.598175     2.1563 6.4479e-01     0.0017    99.9572 4.0293e-02 1.9691e+00  0.0949585     -0.114    11.9262     37.721 -9.990e-29
     -0.110     7.6034  24.586457     2.1563 1.3246e+00     0.0007    99.9834 4.0293e-02 1.9691e+00  0.0949585     -0.112    11.9272     37.703 -9.990e-29
     -0.108     7.6035  24.633329     2.1575 1.4683e+00     0.0017    99.9572 4.0293e-02 1.9691e+00  0.0945428     -0.110    11.9368     37.775 -9.990e-29
     -0.105     7.6035  24.469277     2.1587 1.4506e+00     0.0017    99.9572 4.0293e-02 1.9691e+00  0.0949585     -0.107    11.9477     37.523 -9.990e-29
     -0.100     7.6034  24.316945     2.1587 1.4683e+00     0.0017    99.9572 4.1514e-02 1.9691e+00  0.0949585     -0.102    11.9491     37.290 -9.990e-29
     -0.097     7.6035  24.106029     2.1587 1.4727e+00     0.0007    99.9834 4.0293e-02 1.9691e+00  0.0949585     -0.099    11.9493     36.966 -9.990e-29
     -0.096     7.6032  23.859967     2.1587 1.3737e+00     0.0017    99.9572 4.0293e-02 1.9691e+00  0.0949585     -0.098    11.9508     36.589 -9.990e-29
     -0.094     7.6033  23.531896     2.1612 1.2501e+00     0.0017    99.9572 4.0293e-02 1.9691e+00  0.0949585     -0.096    11.9688     36.086 -9.990e-29
     -0.091     7.6033  23.227270     2.1600 1.2237e+00     0.0017    99.9572 4.0293e-02 1.9691e+00  0.0949585     -0.093    11.9607     35.619 -9.990e-29
     -0.090     7.6034  22.981234     2.1612 1.1580e+00     0.0007    99.9834 4.0293e-02 1.9691e+00  0.0949585     -0.092    11.9675     35.242 -9.990e-29
     -0.090     7.6033  22.817214     2.1612 1.0266e+00     0.0017    99.9572 4.0293e-02 1.9691e+00  0.0949585     -0.092    11.9670     34.990 -9.990e-29
     -0.091     7.6032  22.711774     2.1624 9.9203e-01     0.0017    99.9572 4.0293e-02 1.9691e+00  0.0949585     -0.093    11.9795     34.829 -9.990e-29
     -0.094     7.6033  22.700058     2.1612 8.0840e-01     0.0028    99.9311 4.0293e-02 1.9691e+00  0.0949585     -0.096    11.9760     34.811 -9.990e-29
     -0.099     7.6033  22.735205     2.1612 4.2788e-01     0.0007    99.9834 4.0293e-02 1.9691e+00  0.0949585     -0.101    11.9799     34.864 -9.990e-29
     -0.105     7.6034  22.840645     2.1624 3.3973e-01     0.0007    99.9834 4.0293e-02 1.9691e+00  0.0949585     -0.107    11.9921     35.026 -9.990e-29
     -0.111     7.6031  23.063245     2.1624 3.1409e-01     0.0007    99.9834 4.0293e-02 1.9691e+00  0.0949585     -0.113    11.9959     35.368 -9.990e-29
     -0.115     7.6030  23.133541     2.1612 2.0284e-01     0.0017    99.9572 4.0293e-02 1.9691e+00  0.0949585     -0.117    11.9921     35.476 -9.990e-29
     -0.118     7.6032  77.544197     2.1612 1.6597e-01    -0.0004   100.0095 4.0293e-02 1.9691e+00  0.0949585     -0.120    11.9916    118.914 -9.990e-29
     -0.121     7.6030  41.735972     2.1624 1.7535e-01     0.0007    99.9834 4.0293e-02 1.9691e+00  0.0949585     -0.123    12.0056     64.003 -9.990e-29
     -0.123     7.6035  23.941987     2.1612 3.8320e-01     0.0017    99.9572 4.0293e-02 1.9691e+00  0.0949585     -0.125    12.0013     36.715 -9.990e-29
     -0.124     7.6030  24.164616     2.1612 5.4066e-01     0.0017    99.9572 4.0293e-02 1.9691e+00  0.0949585     -0.126    12.0026     37.057 -9.990e-29
     -0.124     7.6031  24.258357     2.1612 5.5914e-01     0.0017    99.9572 3.9072e-02 1.9691e+00  0.0949585     -0.126    12.0037     37.200 -9.990e-29
     -0.121     7.6031  24.234922     2.1636 8.0071e-01     0.0007    99.9834 4.0293e-02 1.9691e+00  0.0949585     -0.123    12.0182     37.165 -9.990e-29
     -0.117     7.6030  24.082594     2.1612 1.0107e+00     0.0017    99.9572 4.0293e-02 1.9691e+00  0.0949585     -0.119    11.9962     36.931 -9.990e-29
     -0.113     7.6030  23.824816     2.1612 1.0426e+00     0.0017    99.9572 4.0293e-02 1.9691e+00  0.0949585     -0.115    11.9911     36.536 -9.990e-29
     -0.107     7.6029  23.684213     2.1600 8.2398e-01     0.0017    99.9572 4.0293e-02 1.9691e+00  0.0949585     -0.109    11.9794     36.320 -9.990e-29
     -0.103     7.6028  23.496746     2.1600 6.7060e-01     0.0007    99.9834 4.0293e-02 1.9691e+00  0.0949585     -0.105    11.9761     36.033 -9.990e-29
     -0.099     7.6031  23.203837     2.1612 6.4691e-01     0.0007    99.9834 4.0293e-02 1.9691e+00  0.0949585     -0.101    11.9819     35.583 -9.990e-29
