data/05_metadata_exports/SeabirdData/202305_SeabirdData/83429_stn33-night.cnv
* Sea-Bird SBE 9 Data File:
* FileName = C:\Users\rosette\Rosette Data\2023\Ontario CSMI\stn33-night.hex
* Software Version Seasave V 7.26.6.26
* Temperature SN = 5270
* Conductivity SN = 1168
* Number of Bytes Per Scan = 40
* Number of Voltage Words = 5
* Number of Scans Averaged by the Deck Unit = 1
* NMEA Latitude = 43 35.91 N
* NMEA Longitude = 078 48.76 W
* NMEA UTC (Time) = Oct 03 2003  05:18:54
* NMEA baud rate = 4800
** Ship: Lake Guardian
** Ontario CSMI LWFS
** Station:  stn33-night
# nquan = 14                                
# nvalues = 18507                       
# units = specified
# name 0 = prDM: Pressure, Digiquartz [db]
# name 1 = t090C: Temperature [ITS-90, deg C]
# name 2 = c0uS/cm: Conductivity [uS/cm]
# name 3 = sbeox0V: Oxygen raw, SBE 43 [V]
# name 4 = par: PAR/Irradiance, Biospherical/Licor
# name 5 = bat: Beam Attenuation, Chelsea/Seatech [1/m]
# name 6 = xmiss: Beam Transmission, Chelsea/Seatech [%]
# name 7 = flSP: Fluorescence, Seapoint
# name 8 = spar: SPAR, Biospherical/Licor
# name 9 = upoly0: Upoly 0, Suna Nitrate
# name 10 = depFM: Depth [fresh water, m], lat = 43.5985
# name 11 = sbeox0Mg/L: Oxygen, SBE 43 [mg/l], WS = 2
# name 12 = specc: Specific Conductance [uS/cm]
# name 13 = flag: flag
# span 0 =     -0.194,    131.581       
# span 1 =     3.8674,     8.3598       
# span 2 =  21.036648, 252.043223       
# span 3 =     1.9084,     2.4298       
# span 4 = 1.0000e-12, 3.4836e+00       
# span 5 =     0.0874,     1.8650       
# span 6 =    62.7347,    97.8399       
# span 7 = 3.9072e-02, 1.5409e+00       
# span 8 = 0.0000e+00, 1.9691e+00       
# span 9 =  0.0741704,  0.3913973       
# span 10 =     -0.198,    134.175      
# span 11 =     9.9527,    13.7647      
# span 12 =     32.461,    389.175      
# span 13 = 0.0000e+00, 0.0000e+00      
# interval = seconds: 0.0416667
# start_time = Oct 03 2003 05:18:54 [NMEA time, header]
# bad_flag = -9.990e-29
*END*
[from data line 11355]
    130.007     3.8729 182.619891     2.0745 1.0000e-12     0.0906    97.7615 5.2503e-02 1.9691e+00  0.3897342    132.570    12.8192    316.238 -9.990e-29
    130.009     3.8729 182.667648     2.0733 1.0000e-12     0.0916    97.7354 5.4945e-02 1.9691e+00  0.3901500    132.572    12.8101    316.320 -9.990e-29
    130.010     3.8729 182.619890     2.0745 1.0000e-12     0.0916    97.7354 5.6166e-02 1.9691e+00  0.3897342    132.573    12.8186    316.238 -9.990e-29
    130.011     3.8732 182.619891     2.0733 1.0000e-12     0.0916    97.7354 5.7387e-02 1.9691e+00  0.3901500    132.574    12.8093    316.234 -9.990e-29
    130.011     3.8732 182.667648     2.0733 1.0000e-12     0.0895    97.7876 5.7387e-02 1.9691e+00  0.3901500    132.574    12.8098    316.317 -9.990e-29
    130.012     3.8729 182.643769     2.0733 1.0000e-12     0.0884    97.8138 5.6166e-02 1.9691e+00  0.3901500    132.575    12.8103    316.279 -9.990e-29
    130.013     3.8728 182.631830     2.0733 1.0000e-12     0.0906    97.7615 5.3724e-02 1.9691e+00  0.3897342    132.576    12.8108    316.260 -9.990e-29
    130.014     3.8729 182.667648     2.0745 1.0000e-12     0.0895    97.7876 5.3724e-02 1.9691e+00  0.3901500    132.577    12.8208    316.320 -9.990e-29
    130.014     3.8732 182.619890     2.0757 1.0000e-12     0.0895    97.7876 5.8608e-02 1.9691e+00  0.3901500    132.577    12.8306    316.234 -9.990e-29
    130.016     3.8730 182.619891     2.0745 1.0000e-12     0.0895    97.7876 6.1050e-02 0.0000e+00  0.3897342    132.579    12.8199    316.237 -9.990e-29
    130.017     3.8732 182.631830     2.0733 1.0000e-12     0.0906    97.7615 6.1050e-02 0.0000e+00  0.3897342    132.580    12.8089    316.255 -9.990e-29
    130.017     3.8730 182.631830     2.0733 1.0000e-12     0.0884    97.8138 5.8608e-02 0.0000e+00  0.3901500    132.580    12.8092    316.257 -9.990e-29
    130.016     3.8729 182.667648     2.0745 1.0000e-12     0.0895    97.7876 5.6166e-02 1.9691e+00  0.3818347    132.579    12.8190    316.320 -9.990e-29
    130.016     3.8729 182.655708     2.0745 1.0000e-12     0.0895    97.7876 5.4945e-02 0.0000e+00  0.3706091    132.579    12.8207    316.300 -9.990e-29
    130.016     3.8729 182.607952     2.0745 1.0000e-12     0.0895    97.7876 5.4945e-02 1.9691e+00  0.3672830    132.579    12.8208    316.217 -9.990e-29
    130.017     3.8726 182.596013     2.0745 1.0000e-12     0.0884    97.8138 5.3724e-02 0.0000e+00  0.3676988    132.580    12.8210    316.200 -9.990e-29
    130.017     3.8728 182.596012     2.0745 1.0000e-12     0.0884    97.8138 5.2503e-02 1.9691e+00  0.3685303    132.580    12.8226    316.197 -9.990e-29
    130.019     3.8726 182.560195     2.0757 1.0000e-12     0.0895    97.7876 5.2503e-02 1.9691e+00  0.3685303    132.582    12.8308    316.138 -9.990e-29
    130.021     3.8724 182.584074     2.0745 1.0000e-12     0.0895    97.7876 5.2503e-02 1.9691e+00  0.3681146    132.584    12.8228    316.181 -9.990e-29
    130.022     3.8724 182.572135     2.0745 1.0000e-12     0.0895    97.7876 5.1282e-02 1.9691e+00  0.3681146    132.586    12.8227    316.161 -9.990e-29
    130.022     3.8721 182.607952     2.0745 1.0000e-12     0.0895    97.7876 5.1282e-02 1.9691e+00  0.3685303    132.586    12.8227    316.226 -9.990e-29
    130.021     3.8724 182.560196     2.0745 1.0000e-12     0.0884    97.8138 5.4945e-02 1.9691e+00  0.3685303    132.584    12.8226    316.140 -9.990e-29
    130.019     3.8721 182.619892     2.0745 1.0000e-12     0.0895    97.7876 5.6166e-02 1.9691e+00  0.3681146    132.582    12.8242    316.247 -9.990e-29
    130.018     3.8723 182.631830     2.0757 1.0000e-12     0.0895    97.7876 5.6166e-02 1.9691e+00  0.3681146    132.581    12.8352    316.265 -9.990e-29
    130.018     3.8719 182.560196     2.0745 1.0000e-12     0.0895    97.7876 5.7387e-02 1.9691e+00  0.3681146    132.581    12.8272    316.145 -9.990e-29
    130.019     3.8719 182.619892     2.0745 1.0000e-12     0.0895    97.7876 5.7387e-02 1.9691e+00  0.3681146    132.582    12.8286    316.249 -9.990e-29
    130.018     3.8724 182.596013     2.0745 1.0000e-12     0.0906    97.7615 5.6166e-02 1.9691e+00  0.3681146    132.581    12.8266    316.202 -9.990e-29
    130.018     3.8724 182.572134     2.0745 1.0000e-12     0.0906    97.7615 5.4945e-02 1.9691e+00  0.3685303    132.581    12.8279    316.161 -9.990e-29
    130.020     3.8721 182.607952     2.0745 1.0000e-12     0.0906    97.7615 5.4945e-02 1.9691e+00  0.3685303    132.583    12.8276    316.226 -9.990e-29
    130.021     3.8724 182.631831     2.0745 1.0000e-12     0.0906    97.7615 5.4945e-02 1.9691e+00  0.3685303    132.584    12.8270    316.264 -9.990e-29
    130.022     3.8726 182.596013     2.0745 1.0000e-12     0.0906    97.7615 5.6166e-02 1.9691e+00  0.3685303    132.586    12.8248    316.200 -9.990e-29
    130.022     3.8728 182.584074     2.0745 1.0000e-12     0.0906    97.7615 5.4945e-02 1.9691e+00  0.3685303    132.586    12.8240    316.177 -9.990e-29
    130.022     3.8726 182.619891     2.0757 1.0000e-12     0.0906    97.7615 5.3724e-02 1.9691e+00  0.3685303    132.586    12.8330    316.241 -9.990e-29
    130.021     3.8728 182.643770     2.0745 1.0000e-12     0.0906    97.7615 5.2503e-02 1.9691e+00  0.3685303    132.584    12.8241    316.280 -9.990e-29
    130.020     3.8724 182.631830     2.0745 1.0000e-12     0.0895    97.7876 5.1282e-02 1.9691e+00  0.3685303    132.583    12.8236    316.264 -9.990e-29
    130.020     3.8728 182.596013     2.0745 1.0000e-12     0.0906    97.7615 5.1282e-02 1.9691e+00  0.3685303    132.583    12.8212    316.197 -9.990e-29
    130.020     3.8729 182.631830     2.0745 1.0000e-12     0.0906    97.7615 5.0061e-02 1.9691e+00  0.3685303    132.583    12.8188    316.258 -9.990e-29
    130.020     3.8729 182.631830     2.0757 1.0000e-12     0.0906    97.7615 5.0061e-02 1.9691e+00  0.3685303    132.583    12.8276    316.258 -9.990e-29
    130.019     3.8729 182.643770     2.0745 1.0000e-12     0.0906    97.7615 5.0061e-02 1.9691e+00  0.3685303    132.582    12.8172    316.279 -9.990e-29
    130.018     3.8729 182.619890     2.0745 1.0000e-12     0.0906    97.7615 5.0061e-02 1.9691e+00  0.3681146    132.581    12.8163    316.238 -9.990e-29
    130.018     3.8732 182.667648     2.0757 1.0000e-12     0.0895    97.7876 5.0061e-02 1.9691e+00  0.3685303    132.581    12.8265    316.317 -9.990e-29
    130.019     3.8730 182.643770     2.0745 1.0000e-12     0.0906    97.7615 5.0061e-02 1.9691e+00  0.3685303    132.582    12.8161    316.278 -9.990e-29
    130.019     3.8730 182.631830     2.0757 1.0000e-12     0.0906    97.7615 5.0061e-02 1.9691e+00  0.3681146    132.582    12.8264    316.257 -9.990e-29
    130.019     3.8734 182.607951     2.0745 1.0000e-12     0.0906    97.7615 5.1282e-02 1.9691e+00  0.3685303    132.582    12.8158    316.212 -9.990e-29
    130.019     3.8729 182.643771     2.0745 1.0000e-12     0.0895    97.7876 5.1282e-02 1.9691e+00  0.3681146    132.582    12.8167    316.279 -9.990e-29
    130.018     3.8734 182.655708     2.0745 1.0000e-12     0.0895    97.7876 5.1282e-02 0.0000e+00  0.3681146    132.581    12.8172    316.294 -9.990e-29
    130.017     3.8730 182.631830     2.0745 1.0000e-12     0.0895    97.7876 5.0061e-02 1.9691e+00  0.3685303    132.580    12.8164    316.257 -9.990e-29
    130.017     3.8732 182.631830     2.0757 1.0000e-12     0.0895    97.7876 5.1282e-02 0.0000e+00  0.3685303    132.580    12.8249    316.255 -9.990e-29
    130.015     3.8732 182.607952     2.0757 1.0000e-12     0.0895    97.7876 5.0061e-02 1.9691e+00  0.3681146    132.578    12.8256    316.214 -9.990e-29
    130.014     3.8732 182.643768     2.0757 1.0000e-12     0.0895    97.7876 5.0061e-02 0.0000e+00  0.3681146    132.577    12.8262    316.276 -9.990e-29
    130.013     3.8730 182.631830     2.0745 1.0000e-12     0.0895    97.7876 5.1282e-02 1.9691e+00  0.3681146    132.576    12.8172    316.257 -9.990e-29
    130.013     3.8732 182.667648     2.0757 1.0000e-12     0.0895    97.7876 5.1282e-02 1.9691e+00  0.3685303    132.576    12.8273    316.317 -9.990e-29
    130.012     3.8730 182.619890     2.0757 1.0000e-12     0.0884    97.8138 5.1282e-02 1.9691e+00  0.3685303    132.575    12.8263    316.237 -9.990e-29
    130.011     3.8730 182.619891     2.0757 1.0000e-12     0.0895    97.7876 5.0061e-02 0.0000e+00  0.3685303    132.574    12.8252    316.237 -9.990e-29
    130.010     3.8729 182.631830     2.0745 1.0000e-12     0.0895    97.7876 5.0061e-02 0.0000e+00  0.3681146    132.573    12.8161    316.258 -9.990e-29
    130.009     3.8732 182.667647     2.0757 1.0000e-12     0.0895    97.7876 5.0061e-02 1.9691e+00  0.3685303    132.572    12.8244    316.317 -9.990e-29
    130.008     3.8732 182.584073     2.0745 1.0000e-12     0.0884    97.8138 5.0061e-02 1.9691e+00  0.3685303    132.571    12.8137    316.172 -9.990e-29
    130.008     3.8729 182.607951     2.0745 1.0000e-12     0.0895    97.7876 5.0061e-02 1.9691e+00  0.3685303    132.571    12.8143    316.217 -9.990e-29
    130.009     3.8730 182.631830     2.0745 1.0000e-12     0.0895    97.7876 5.0061e-02 0.0000e+00  0.3685303    132.572    12.8132    316.257 -9.990e-29
    130.009     3.8730 182.631830     2.0745 1.0000e-12     0.0895    97.7876 5.0061e-02 0.0000e+00  0.3681146    132.572    12.8136    316.257 -9.990e-29
    130.008     3.8729 182.643770     2.0745 1.0000e-12     0.0884    97.8138 5.0061e-02 0.0000e+00  0.3685303    132.571    12.8125    316.279 -9.990e-29
    130.006     3.8732 182.643768     2.0745 1.0000e-12     0.0884    97.8138 5.0061e-02 1.9691e+00  0.3681146    132.569    12.8113    316.276 -9.990e-29
    130.004     3.8735 182.631830     2.0745 1.0000e-12     0.0895    97.7876 4.8840e-02 1.9691e+00  0.3681146    132.567    12.8116    316.252 -9.990e-29
    130.003     3.8732 182.643768     2.0745 1.0000e-12     0.0895    97.7876 5.0061e-02 1.9691e+00  0.3681146    132.566    12.8106    316.276 -9.990e-29
    130.002     3.8730 182.631830     2.0757 1.0000e-12     0.0895    97.7876 5.0061e-02 1.9691e+00  0.3685303    132.565    12.8207    316.257 -9.990e-29
    130.002     3.8732 182.667647     2.0745 1.0000e-12     0.0895    97.7876 4.8840e-02 1.9691e+00  0.3685303    132.565    12.8115    316.317 -9.990e-29
    130.001     3.8730 182.643770     2.0745 1.0000e-12     0.0895    97.7876 4.8840e-02 1.9691e+00  0.3681146    132.564    12.8105    316.278 -9.990e-29
    130.001     3.8726 182.691526     2.0745 1.0000e-12     0.0895    97.7876 4.8840e-02 1.9691e+00  0.3681146    132.564    12.8112    316.365 -9.990e-29
    130.000     3.8729 182.691527     2.0757 1.0000e-12     0.0895    97.7876 4.8840e-02 1.9691e+00  0.3681146    132.563    12.8196    316.362 -9.990e-29
    130.000     3.8730 182.679586     2.0757 1.0000e-12     0.0895    97.7876 4.8840e-02 1.9691e+00  0.3681146    132.563    12.8201    316.340 -9.990e-29
    130.000     3.8729 182.643770     2.0745 1.0000e-12     0.0895    97.7876 4.8840e-02 1.9691e+00  0.3685303    132.563    12.8095    316.279 -9.990e-29
    129.999     3.8729 182.643769     2.0745 1.0000e-12     0.0895    97.7876 5.0061e-02 0.0000e+00  0.3685303    132.562    12.8084    316.279 -9.990e-29
    129.999     3.8729 182.631830     2.0745 1.0000e-12     0.0906    97.7615 5.1282e-02 1.9691e+00  0.3685303    132.562    12.8089    316.258 -9.990e-29
    129.998     3.8732 182.643768     2.0757 1.0000e-12     0.0895    97.7876 5.6166e-02 1.9691e+00  0.3681146    132.561    12.8190    316.276 -9.990e-29
    129.998     3.8729 182.596013     2.0757 1.0000e-12     0.0895    97.7876 5.9829e-02 1.9691e+00  0.3685303    132.561    12.8197    316.196 -9.990e-29
    129.997     3.8732 182.584072     2.0757 1.0000e-12     0.0895    97.7876 6.2271e-02 1.9691e+00  0.3685303    132.560    12.8202    316.172 -9.990e-29
    129.996     3.8730 182.619891     2.0745 1.0000e-12     0.0906    97.7615 6.3492e-02 1.9691e+00  0.3681146    132.559    12.8113    316.237 -9.990e-29
    129.994     3.8732 182.691526     2.0745 1.0000e-12     0.0895    97.7876 6.2271e-02 1.9691e+00  0.3685303    132.557    12.8119    316.358 -9.990e-29
    129.993     3.8732 182.679586     2.0757 1.0000e-12     0.0895    97.7876 6.1050e-02 1.9691e+00  0.3685303    132.556    12.8223    316.338 -9.990e-29
    129.994     3.8737 182.679586     2.0745 1.0000e-12     0.0895    97.7876 5.9829e-02 1.9691e+00  0.3685303    132.557    12.8117    316.332 -9.990e-29
    129.995     3.8737 182.655708     2.0745 1.0000e-12     0.0895    97.7876 5.8608e-02 0.0000e+00  0.3685303    132.558    12.8126    316.291 -9.990e-29
    129.996     3.8735 182.691525     2.0745 1.0000e-12     0.0895    97.7876 5.6166e-02 1.9691e+00  0.3681146    132.559    12.8119    316.355 -9.990e-29
    129.997     3.8734 182.667648     2.0745 1.0000e-12     0.0906    97.7615 5.3724e-02 1.9691e+00  0.3681146    132.560    12.8113    316.315 -9.990e-29
    129.998     3.8737 182.643768     2.0757 1.0000e-12     0.0906    97.7615 5.2503e-02 1.9691e+00  0.3681146    132.561    12.8201    316.270 -9.990e-29
    129.999     3.8735 182.679586     2.0745 1.0000e-12     0.0895    97.7876 5.2503e-02 0.0000e+00  0.3685303    132.562    12.8099    316.335 -9.990e-29
    130.002     3.8735 182.643768     2.0745 1.0000e-12     0.0895    97.7876 5.6166e-02 1.9691e+00  0.3681146    132.565    12.8092    316.273 -9.990e-29
    130.007     3.8737 182.643769     2.0745 1.0000e-12     0.0895    97.7876 5.8608e-02 1.9691e+00  0.3685303    132.570    12.8084    316.270 0.0000e+00
    130.012     3.8735 182.643768     2.0745 1.0000e-12     0.0895    97.7876 5.7387e-02 1.9691e+00  0.3685303    132.575    12.8078    316.273 0.0000e+00
    130.019     3.8735 182.607951     2.0757 1.0000e-12     0.0895    97.7876 5.4945e-02 0.0000e+00  0.3685303    132.582    12.8168    316.210 0.0000e+00
    130.026     3.8735 182.631829     2.0745 1.0000e-12     0.0895    97.7876 5.1282e-02 1.9691e+00  0.3681146    132.590    12.8081    316.252 0.0000e+00
    130.035     3.8734 182.679588     2.0745 1.0000e-12     0.0895    97.7876 4.8840e-02 1.9691e+00  0.3681146    132.599    12.8075    316.336 0.0000e+00
    130.043     3.8732 182.655708     2.0745 1.0000e-12     0.0895    97.7876 4.7619e-02 1.9691e+00  0.3685303    132.607    12.8069    316.296 0.0000e+00
    130.053     3.8735 182.679588     2.0745 1.0000e-12     0.0884    97.8138 4.7619e-02 1.9691e+00  0.3681146    132.617    12.8062    316.335 0.0000e+00
    130.062     3.8734 182.619892     2.0757 1.0000e-12     0.0895    97.7876 4.6398e-02 1.9691e+00  0.3685303    132.626    12.8168    316.232 0.0000e+00
    130.069     3.8734 182.667649     2.0745 1.0000e-12     0.0895    97.7876 4.7619e-02 1.9691e+00  0.3685303    132.633    12.8067    316.315 0.0000e+00
    130.075     3.8729 182.643770     2.0745 1.0000e-12     0.0884    97.8138 4.7619e-02 1.9691e+00  0.3681146    132.640    12.8065    316.279 0.0000e+00
    130.082     3.8732 182.560196     2.0745 1.0000e-12     0.0895    97.7876 5.0061e-02 0.0000e+00  0.3685303    132.647    12.8059    316.131 0.0000e+00
    130.090     3.8732 182.619892     2.0745 1.0000e-12     0.0895    97.7876 5.3724e-02 1.9691e+00  0.3685303    132.655    12.8055    316.234 0.0000e+00
    130.097     3.8729 182.607953     2.0745 1.0000e-12     0.0895    97.7876 6.1050e-02 0.0000e+00  0.3685303    132.662    12.8053    316.217 0.0000e+00
    130.105     3.8730 182.572135     2.0757 1.0000e-12     0.0895    97.7876 6.3492e-02 0.0000e+00  0.3685303    132.670    12.8146    316.154 0.0000e+00
    130.114     3.8730 182.619893     2.0745 1.0000e-12     0.0895    97.7876 5.8608e-02 1.9691e+00  0.3681146    132.679    12.8064    316.237 0.0000e+00
    130.122     3.8730 182.631831     2.0745 1.0000e-12     0.0884    97.8138 5.3724e-02 1.9691e+00  0.3685303    132.687    12.8063    316.257 0.0000e+00
    130.130     3.8728 182.667650     2.0745 1.0000e-12     0.0884    97.8138 5.0061e-02 0.0000e+00  0.3685303    132.696    12.8047    316.322 0.0000e+00
