data/05_metadata_exports/SeabirdData/202305_SeabirdData/83422_stn27-night.cnv
* Sea-Bird SBE 9 Data File:
* FileName = C:\Users\rosette\Rosette Data\2023\Ontario CSMI\stn33-night.hex
* Software Version Seasave V 7.26.6.26
* Temperature SN = 5270
* Conductivity SN = 1168
* Number of Bytes Per Scan = 40
* Number of Voltage Words = 5
* Number of Scans Averaged by the Deck Unit = 1
* NMEA Latitude = 43 41.55 N
* NMEA Longitude = 078 49.88 W
* NMEA UTC (Time) = Oct 03 2003  03:21:10
* NMEA baud rate = 4800
** Ship: Lake Guardian
** Ontario CSMI LWFS
** Station:  stn33-night
# nquan = 14                                
# nvalues = 17403                       
# units = specified
# name 0 = prDM: Pressure, Digiquartz [db]
# name 1 = t090C: Temperature [ITS-90, deg C]
# name 2 = c0uS/cm: Conductivity [uS/cm]
# name 3 = sbeox0V: Oxygen raw, SBE 43 [V]
# name 4 = par: PAR/Irradiance, Biospherical/Licor
# name 5 = bat: Beam Attenuation, Chelsea/Seatech [1/m]
# name 6 = xmiss: Beam Transmission, Chelsea/Seatech [%]
# name 7 = flSP: Fluorescence, Seapoint
# name 8 = spar: SPAR, Biospherical/Licor
# name 9 = upoly0: Upoly 0, Suna Nitrate
# name 10 = depFM: Depth [fresh water, m], lat = 43.6925
# name 11 = sbeox0Mg/L: Oxygen, SBE 43 [mg/l], WS = 2
# name 12 = specc: Specific Conductance [uS/cm]
# name 13 = flag: flag
# span 0 =     -0.189,     96.222       
# span 1 =     4.0786,     8.2626       
# span 2 =-298.852776, 355.970109       
# span 3 =     1.8425,     2.4188       
# span 4 = 1.0000e-12, 3.1471e+00       
# span 5 =    -0.0056,     6.4176       
# span 6 =    20.1012,   100.1402       
# span 7 = 3.2967e-02, 1.8400e+00       
# span 8 = 0.0000e+00, 1.9691e+00       
# span 9 =  0.0741704,  0.3934761       
# span 10 =     -0.193,     98.119      
# span 11 =     9.4949,    13.7681      
# span 12 =   -458.295,    545.859      
# span 13 = 0.0000e+00, 0.0000e+00      
# interval = seconds: 0.0416667
# start_time = Oct 03 2003 03:21:10 [NMEA time, header]
# bad_flag = -9.990e-29
*END*
[from data line 14762]
     41.522     4.3967 185.053956     2.1148 1.0000e-12     0.2034    95.0430 2.1734e-01 1.9691e+00  0.3801717     42.341    12.7863    314.742 0.0000e+00
     41.504     4.3972 185.006186     2.1160 1.0000e-12     0.2023    95.0691 2.1490e-01 1.9691e+00  0.3801717     42.322    12.7943    314.655 0.0000e+00
     41.485     4.3974 184.958416     2.1160 1.0000e-12     0.2023    95.0691 2.1368e-01 1.9691e+00  0.3801717     42.303    12.7945    314.572 0.0000e+00
     41.467     4.3995 185.065896     2.1148 1.0000e-12     0.2023    95.0691 2.1245e-01 1.9691e+00  0.3805874     42.285    12.7832    314.732 0.0000e+00
     41.449     4.4046 185.125606     2.1160 1.0000e-12     0.2023    95.0691 2.1123e-01 1.9691e+00  0.3801717     42.266    12.7894    314.779 0.0000e+00
     41.431     4.4125 185.030060     2.1148 1.0000e-12     0.2012    95.0953 2.0757e-01 1.9691e+00  0.3801717     42.248    12.7773    314.532 0.0000e+00
     41.414     4.4170 185.006172     2.1148 1.0000e-12     0.2012    95.0953 2.0635e-01 1.9691e+00  0.3805874     42.231    12.7773    314.443 0.0000e+00
     41.398     4.4171 185.089769     2.1148 1.0000e-12     0.2023    95.0691 2.1123e-01 1.9691e+00  0.3805874     42.214    12.7774    314.584 0.0000e+00
     41.381     4.4157 185.149483     2.1160 1.0000e-12     0.2012    95.0953 2.2589e-01 1.9691e+00  0.3805874     42.197    12.7875    314.701 0.0000e+00
     41.363     4.4275 185.185303     2.1148 1.0000e-12     0.2012    95.0953 2.3199e-01 1.9691e+00  0.3805874     42.179    12.7727    314.635 0.0000e+00
     41.345     4.4422 185.221122     2.1148 1.0000e-12     0.2012    95.0953 2.2222e-01 1.9691e+00  0.3801717     42.160    12.7675    314.539 0.0000e+00
     41.327     4.4455 185.268890     2.1148 1.0000e-12     0.2012    95.0953 2.0757e-01 1.9691e+00  0.3801717     42.142    12.7679    314.585 0.0000e+00
     41.311     4.4456 185.340548     2.1148 1.0000e-12     0.2012    95.0953 2.0391e-01 1.9691e+00  0.3801717     42.125    12.7695    314.705 0.0000e+00
     41.293     4.4525 185.352486     2.1148 1.0000e-12     0.2012    95.0953 2.0635e-01 1.9691e+00  0.3801717     42.107    12.7686    314.652 0.0000e+00
     41.275     4.4621 185.388309     2.1148 1.0000e-12     0.2012    95.0953 2.0879e-01 1.9691e+00  0.3805874     42.089    12.7667    314.610 0.0000e+00
     41.255     4.4669 185.424134     2.1148 1.0000e-12     0.2012    95.0953 2.1001e-01 1.9691e+00  0.3801717     42.068    12.7651    314.620 0.0000e+00
     41.237     4.4742 185.459959     2.1148 1.0000e-12     0.2012    95.0953 2.1368e-01 1.9691e+00  0.3801717     42.050    12.7640    314.603 0.0000e+00
     41.220     4.4821 185.448010     2.1148 1.0000e-12     0.2012    95.0953 2.1978e-01 1.9691e+00  0.3801717     42.033    12.7639    314.498 0.0000e+00
     41.202     4.4840 185.483840     2.1148 1.0000e-12     0.2012    95.0953 2.3443e-01 1.9691e+00  0.3801717     42.014    12.7660    314.539 0.0000e+00
     41.184     4.4821 185.424123     2.1148 1.0000e-12     0.2012    95.0953 2.3565e-01 1.9691e+00  0.3801717     41.996    12.7680    314.458 0.0000e+00
     41.166     4.4823 185.376352     2.1160 1.0000e-12     0.2012    95.0953 2.2589e-01 1.9691e+00  0.3805874     41.978    12.7785    314.374 0.0000e+00
     41.149     4.4818 185.400237     2.1160 1.0000e-12     0.2012    95.0953 2.1856e-01 1.9691e+00  0.3805874     41.960    12.7797    314.420 0.0000e+00
     41.132     4.4821 185.388295     2.1160 1.0000e-12     0.2012    95.0953 2.1490e-01 1.9691e+00  0.3801717     41.943    12.7834    314.397 0.0000e+00
     41.114     4.4841 185.424122     2.1148 1.0000e-12     0.2023    95.0691 2.1245e-01 1.9691e+00  0.3805874     41.925    12.7771    314.436 0.0000e+00
     41.096     4.4845 185.436063     2.1160 1.0000e-12     0.2023    95.0691 2.2711e-01 1.9691e+00  0.3805874     41.906    12.7869    314.452 0.0000e+00
     41.077     4.4835 185.412179     2.1148 1.0000e-12     0.2012    95.0953 2.3443e-01 1.9691e+00  0.3801717     41.887    12.7786    314.422 0.0000e+00
     41.059     4.4815 185.448007     2.1160 1.0000e-12     0.2012    95.0953 2.3321e-01 1.9691e+00  0.3801717     41.869    12.7906    314.504 0.0000e+00
     41.041     4.4779 185.436067     2.1148 1.0000e-12     0.2023    95.0691 2.1978e-01 1.9691e+00  0.3805874     41.850    12.7845    314.523 0.0000e+00
     41.024     4.4725 185.364412     2.1148 1.0000e-12     0.2023    95.0691 2.1245e-01 1.9691e+00  0.3805874     41.833    12.7869    314.459 0.0000e+00
     41.006     4.4694 185.316643     2.1160 1.0000e-12     0.2012    95.0953 2.1490e-01 1.9691e+00  0.3805874     41.814    12.7991    314.411 0.0000e+00
     40.987     4.4679 185.340528     2.1160 1.0000e-12     0.2023    95.0691 2.1856e-01 1.9691e+00  0.3805874     41.795    12.7999    314.467 0.0000e+00
     40.968     4.4666 185.352471     2.1148 1.0000e-12     0.2023    95.0691 2.2589e-01 1.9691e+00  0.3805874     41.776    12.7897    314.501 0.0000e+00
     40.951     4.4651 185.352472     2.1148 1.0000e-12     0.2001    95.1214 2.2466e-01 1.9691e+00  0.3805874     41.758    12.7889    314.517 0.0000e+00
     40.933     4.4638 185.244988     2.1148 1.0000e-12     0.2012    95.0953 2.1734e-01 1.9691e+00  0.3805874     41.740    12.7923    314.349 0.0000e+00
     40.916     4.4534 185.244993     2.1160 1.0000e-12     0.2012    95.0953 2.1734e-01 1.9691e+00  0.3805874     41.723    12.8053    314.460 0.0000e+00
     40.899     4.4418 185.233058     2.1160 1.0000e-12     0.2001    95.1214 2.1734e-01 1.9691e+00  0.3805874     41.705    12.8094    314.564 0.0000e+00
     40.880     4.4336 185.185291     2.1160 1.0000e-12     0.2012    95.0953 2.1368e-01 1.9691e+00  0.3801717     41.686    12.8107    314.570 0.0000e+00
     40.860     4.4292 185.137522     2.1160 1.0000e-12     0.2012    95.0953 2.0879e-01 1.9691e+00  0.3801717     41.666    12.8105    314.536 0.0000e+00
     40.841     4.4270 185.209179     2.1160 1.0000e-12     0.2001    95.1214 2.0513e-01 1.9691e+00  0.3801717     41.646    12.8108    314.681 0.0000e+00
     40.823     4.4261 185.161410     2.1160 1.0000e-12     0.2001    95.1214 2.0269e-01 1.9691e+00  0.3801717     41.628    12.8105    314.610 0.0000e+00
     40.805     4.4244 185.209180     2.1172 1.0000e-12     0.2012    95.0953 2.0513e-01 1.9691e+00  0.3801717     41.610    12.8198    314.709 0.0000e+00
     40.787     4.4230 185.233067     2.1172 1.0000e-12     0.2023    95.0691 2.1734e-01 1.9691e+00  0.3805874     41.591    12.8194    314.765 0.0000e+00
     40.769     4.4242 185.197237     2.1172 1.0000e-12     0.2023    95.0691 2.2344e-01 1.9691e+00  0.3801717     41.573    12.8180    314.691 0.0000e+00
     40.752     4.4279 185.185292     2.1172 1.0000e-12     0.2034    95.0430 2.2466e-01 1.9691e+00  0.3801717     41.555    12.8156    314.631 0.0000e+00
     40.735     4.4255 185.185294     2.1172 1.0000e-12     0.2056    94.9907 2.1978e-01 1.9691e+00  0.3805874     41.538    12.8153    314.657 0.0000e+00
     40.717     4.4191 185.221124     2.1172 1.0000e-12     0.2045    95.0169 2.1245e-01 1.9691e+00  0.3805874     41.520    12.8178    314.786 0.0000e+00
     40.700     4.4173 185.185298     2.1184 1.0000e-12     0.2034    95.0430 2.0879e-01 1.9691e+00  0.3805874     41.502    12.8279    314.744 0.0000e+00
     40.682     4.4193 185.173354     2.1184 1.0000e-12     0.2034    95.0430 2.0513e-01 1.9691e+00  0.3805874     41.484    12.8258    314.703 0.0000e+00
     40.662     4.4264 185.197234     2.1172 1.0000e-12     0.2034    95.0430 2.0024e-01 1.9691e+00  0.3805874     41.464    12.8109    314.667 0.0000e+00
     40.643     4.4322 185.221115     2.1172 1.0000e-12     0.2023    95.0691 2.0024e-01 1.9691e+00  0.3801717     41.444    12.8087    314.646 0.0000e+00
     40.624     4.4287 185.197233     2.1172 1.0000e-12     0.2045    95.0169 2.0879e-01 1.9691e+00  0.3801717     41.425    12.8085    314.643 0.0000e+00
     40.606     4.4219 185.197235     2.1172 1.0000e-12     0.2045    95.0169 2.2222e-01 1.9691e+00  0.3805874     41.407    12.8094    314.715 0.0000e+00
     40.589     4.4217 185.197236     2.1172 1.0000e-12     0.2045    95.0169 2.2833e-01 1.9691e+00  0.3805874     41.389    12.8065    314.718 0.0000e+00
     40.572     4.4272 185.245004     2.1172 1.0000e-12     0.2034    95.0430 2.3077e-01 1.9691e+00  0.3805874     41.372    12.8013    314.740 0.0000e+00
     40.554     4.4349 185.209169     2.1172 1.0000e-12     0.2056    94.9907 2.2711e-01 1.9691e+00  0.3801717     41.354    12.7981    314.597 0.0000e+00
     40.535     4.4366 185.221111     2.1160 1.0000e-12     0.2045    95.0169 2.2955e-01 1.9691e+00  0.3805874     41.334    12.7877    314.599 0.0000e+00
     40.517     4.4350 185.185283     2.1160 1.0000e-12     0.2045    95.0169 2.2711e-01 1.9691e+00  0.3805874     41.316    12.7864    314.555 0.0000e+00
     40.499     4.4344 185.173342     2.1184 1.0000e-12     0.2045    95.0169 2.1490e-01 1.9691e+00  0.3805874     41.297    12.8033    314.541 0.0000e+00
     40.481     4.4346 185.197225     2.1172 1.0000e-12     0.2045    95.0169 2.0757e-01 1.9691e+00  0.3805874     41.279    12.7904    314.580 0.0000e+00
     40.463     4.4344 185.173341     2.1172 1.0000e-12     0.2034    95.0430 2.1001e-01 1.9691e+00  0.3805874     41.261    12.7897    314.541 0.0000e+00
     40.445     4.4333 185.209169     2.1160 1.0000e-12     0.2034    95.0430 2.1490e-01 1.9691e+00  0.3797559     41.242    12.7800    314.614 0.0000e+00
     40.428     4.4330 185.233054     2.1160 1.0000e-12     0.2045    95.0169 2.1734e-01 1.9691e+00  0.3776771     41.225    12.7793    314.658 0.0000e+00
     40.410     4.4344 185.161397     2.1172 1.0000e-12     0.2056    94.9907 2.1245e-01 1.9691e+00  0.3772613     41.207    12.7872    314.521 0.0000e+00
     40.392     4.4373 185.161395     2.1172 1.0000e-12     0.2045    95.0169 2.0879e-01 1.9691e+00  0.3772613     41.188    12.7851    314.490 0.0000e+00
     40.374     4.4400 185.173336     2.1172 1.0000e-12     0.2045    95.0169 2.1123e-01 1.9691e+00  0.3772613     41.170    12.7817    314.481 0.0000e+00
     40.356     4.4412 185.221105     2.1172 1.0000e-12     0.2045    95.0169 2.1978e-01 1.9691e+00  0.3772613     41.152    12.7817    314.550 0.0000e+00
     40.338     4.4412 185.233047     2.1172 1.0000e-12     0.2045    95.0169 2.3321e-01 1.9691e+00  0.3772613     41.133    12.7821    314.570 0.0000e+00
     40.321     4.4398 185.316648     2.1172 1.0000e-12     0.2045    95.0169 2.4664e-01 1.9691e+00  0.3776771     41.116    12.7831    314.727 0.0000e+00
     40.304     4.4393 185.280819     2.1172 1.0000e-12     0.2045    95.0169 2.4664e-01 1.9691e+00  0.3776771     41.099    12.7837    314.671 0.0000e+00
     40.288     4.4382 185.173335     2.1172 1.0000e-12     0.2034    95.0430 2.3565e-01 1.9691e+00  0.3772613     41.082    12.7832    314.501 0.0000e+00
     40.272     4.4358 185.221108     2.1172 1.0000e-12     0.2023    95.0691 2.2344e-01 1.9691e+00  0.3772613     41.066    12.7860    314.607 0.0000e+00
     40.255     4.4368 185.209163     2.1160 1.0000e-12     0.2034    95.0430 2.1490e-01 1.9691e+00  0.3772613     41.049    12.7796    314.576 0.0000e+00
     40.237     4.4358 185.268877     2.1160 1.0000e-12     0.2034    95.0430 2.2344e-01 1.9691e+00  0.3772613     41.030    12.7818    314.689 0.0000e+00
     40.220     4.4333 185.244994     2.1172 1.0000e-12     0.2034    95.0430 2.3810e-01 1.9691e+00  0.3772613     41.013    12.7926    314.675 0.0000e+00
     40.202     4.4313 185.209166     2.1172 1.0000e-12     0.2045    95.0169 2.4298e-01 1.9691e+00  0.3776771     40.995    12.7938    314.635 0.0000e+00
     40.184     4.4311 185.244993     2.1160 1.0000e-12     0.2045    95.0169 2.3932e-01 1.9691e+00  0.3776771     40.976    12.7851    314.698 0.0000e+00
     40.167     4.4316 185.292765     2.1160 1.0000e-12     0.2045    95.0169 2.3932e-01 1.9691e+00  0.3772613     40.959    12.7868    314.774 0.0000e+00
     40.150     4.4331 185.244992     2.1160 1.0000e-12     0.2034    95.0430 2.3932e-01 1.9691e+00  0.3772613     40.942    12.7867    314.677 0.0000e+00
     40.133     4.4381 185.233046     2.1172 1.0000e-12     0.2045    95.0169 2.4054e-01 1.9691e+00  0.3772613     40.924    12.7946    314.603 0.0000e+00
     40.116     4.4424 185.256928     2.1172 1.0000e-12     0.2045    95.0169 2.4054e-01 1.9691e+00  0.3776771     40.907    12.7934    314.598 0.0000e+00
     40.099     4.4447 185.256928     2.1172 1.0000e-12     0.2034    95.0430 2.4298e-01 1.9691e+00  0.3772613     40.890    12.7915    314.573 0.0000e+00
     40.082     4.4458 185.209155     2.1172 1.0000e-12     0.2045    95.0169 2.4420e-01 1.9691e+00  0.3776771     40.872    12.7900    314.480 0.0000e+00
     40.064     4.4467 185.233039     2.1160 1.0000e-12     0.2045    95.0169 2.4542e-01 1.9691e+00  0.3772613     40.854    12.7822    314.511 0.0000e+00
     40.047     4.4477 185.256925     2.1172 1.0000e-12     0.2056    94.9907 2.5397e-01 1.9691e+00  0.3776771     40.837    12.7915    314.541 0.0000e+00
     40.029     4.4479 185.256923     2.1172 1.0000e-12     0.2067    94.9646 2.6496e-01 1.9691e+00  0.3772613     40.818    12.7918    314.539 0.0000e+00
     40.011     4.4479 185.209152     2.1172 1.0000e-12     0.2067    94.9646 2.6374e-01 1.9691e+00  0.3776771     40.800    12.7921    314.458 0.0000e+00
     39.994     4.4468 185.221096     2.1172 1.0000e-12     0.2067    94.9646 2.4908e-01 1.9691e+00  0.3780929     40.783    12.7913    314.490 0.0000e+00
     39.976     4.4452 185.268867     2.1172 1.0000e-12     0.2078    94.9384 2.3810e-01 1.9691e+00  0.3789244     40.764    12.7921    314.588 0.0000e+00
     39.958     4.4461 185.221095     2.1160 1.0000e-12     0.2067    94.9646 2.3199e-01 1.9691e+00  0.3793402     40.746    12.7827    314.497 0.0000e+00
     39.942     4.4465 185.244981     2.1172 1.0000e-12     0.2067    94.9646 2.3077e-01 1.9691e+00  0.3793402     40.729    12.7920    314.534 0.0000e+00
     39.926     4.4468 185.209151     2.1172 1.0000e-12     0.2067    94.9646 2.2833e-01 1.9691e+00  0.3789244     40.713    12.7921    314.470 0.0000e+00
     39.909     4.4471 185.221094     2.1172 1.0000e-12     0.2067    94.9646 2.2833e-01 1.9691e+00  0.3793402     40.696    12.7922    314.487 0.0000e+00
     39.892     4.4472 185.268865     2.1172 1.0000e-12     0.2078    94.9384 2.2833e-01 1.9691e+00  0.3793402     40.679    12.7938    314.567 0.0000e+00
     39.875     4.4468 185.256921     2.1160 1.0000e-12     0.2056    94.9907 2.4054e-01 1.9691e+00  0.3793402     40.661    12.7862    314.551 0.0000e+00
     39.857     4.4456 185.256923     2.1184 1.0000e-12     0.2067    94.9646 2.5031e-01 1.9691e+00  0.3793402     40.643    12.8053    314.563 0.0000e+00
     39.838     4.4453 185.197208     2.1184 1.0000e-12     0.2067    94.9646 2.5153e-01 1.9691e+00  0.3789244     40.623    12.8055    314.465 0.0000e+00
     39.821     4.4478 185.233034     2.1172 1.0000e-12     0.2067    94.9646 2.4176e-01 1.9691e+00  0.3793402     40.606    12.7939    314.499 0.0000e+00
     39.804     4.4501 185.209148     2.1172 1.0000e-12     0.2067    94.9646 2.3810e-01 1.9691e+00  0.3789244     40.589    12.7930    314.434 0.0000e+00
     39.786     4.4504 185.221089     2.1172 1.0000e-12     0.2078    94.9384 2.2955e-01 1.9691e+00  0.3793402     40.570    12.7942    314.451 0.0000e+00
     39.768     4.4503 185.268861     2.1172 1.0000e-12     0.2056    94.9907 2.2100e-01 1.9691e+00  0.3789244     40.552    12.7941    314.534 0.0000e+00
     39.750     4.4505 185.268860     2.1184 1.0000e-12     0.2056    94.9907 2.1734e-01 1.9691e+00  0.3789244     40.534    12.8032    314.531 0.0000e+00
     39.732     4.4525 185.209145     2.1172 1.0000e-12     0.2067    94.9646 2.2222e-01 1.9691e+00  0.3793402     40.515    12.7928    314.409 0.0000e+00
