data/05_metadata_exports/SeabirdData/202305_SeabirdData/83429_stn33-night.cnv
* Sea-Bird SBE 9 Data File:
* FileName = C:\Users\rosette\Rosette Data\2023\Ontario CSMI\stn33-night.hex
* Software Version Seasave V 7.26.6.26
* Temperature SN = 5270
* Conductivity SN = 1168
* Number of Bytes Per Scan = 40
* Number of Voltage Words = 5
* Number of Scans Averaged by the Deck Unit = 1
* NMEA Latitude = 43 35.91 N
* NMEA Longitude = 078 48.76 W
* NMEA UTC (Time) = Oct 03 2003  05:18:54
* NMEA baud rate = 4800
** Ship: Lake Guardian
** Ontario CSMI LWFS
** Station:  stn33-night
# nquan = 14                                
# nvalues = 18507                       
# units = specified
# name 0 = prDM: Pressure, Digiquartz [db]
# name 1 = t090C: Temperature [ITS-90, deg C]
# name 2 = c0uS/cm: Conductivity [uS/cm]
# name 3 = sbeox0V: Oxygen raw, SBE 43 [V]
# name 4 = par: PAR/Irradiance, Biospherical/Licor
# name 5 = bat: Beam Attenuation, Chelsea/Seatech [1/m]
# name 6 = xmiss: Beam Transmission, Chelsea/Seatech [%]
# name 7 = flSP: Fluorescence, Seapoint
# name 8 = spar: SPAR, Biospherical/Licor
# name 9 = upoly0: Upoly 0, Suna Nitrate
# name 10 = depFM: Depth [fresh water, m], lat = 43.5985
# name 11 = sbeox0Mg/L: Oxygen, SBE 43 [mg/l], WS = 2
# name 12 = specc: Specific Conductance [uS/cm]
# name 13 = flag: flag
# span 0 =     -0.194,    131.581       
# span 1 =     3.8674,     8.3598       
# span 2 =  21.036648, 252.043223       
# span 3 =     1.9084,     2.4298       
# span 4 = 1.0000e-12, 3.4836e+00       
# span 5 =     0.0874,     1.8650       
# span 6 =    62.7347,    97.8399       
# span 7 = 3.9072e-02, 1.5409e+00       
# span 8 = 0.0000e+00, 1.9691e+00       
# span 9 =  0.0741704,  0.3913973       
# span 10 =     -0.198,    134.175      
# span 11 =     9.9527,    13.7647      
# span 12 =     32.461,    389.175      
# span 13 = 0.0000e+00, 0.0000e+00      
# interval = seconds: 0.0416667
# start_time = Oct 03 2003 05:18:54 [NMEA time, header]
# bad_flag = -9.990e-29
*END*
[from data line 18375]
      2.501     8.1755 204.479047     2.4115 1.0000e-12     0.6180    85.6851 1.0061e+00 0.0000e+00  0.3294486      2.550    13.5271    308.160 -9.990e-29
      2.502     8.1709 204.538895     2.4115 1.0000e-12     0.6167    85.7112 1.0183e+00 0.0000e+00  0.3294486      2.551    13.5307    308.293 -9.990e-29
      2.504     8.1727 204.598740     2.4127 1.0000e-12     0.6180    85.6851 1.0379e+00 0.0000e+00  0.3294486      2.553    13.5402    308.366 -9.990e-29
      2.506     8.1728 204.754342     2.4127 1.0000e-12     0.6180    85.6851 1.0635e+00 0.0000e+00  0.3294486      2.555    13.5418    308.600 -9.990e-29
      2.509     8.1787 204.862066     2.4127 1.2533e-02     0.6180    85.6851 1.0574e+00 0.0000e+00  0.3294486      2.558    13.5413    308.707 -9.990e-29
      2.511     8.2044 204.885987     2.4127 2.9095e-02     0.6180    85.6851 1.0269e+00 0.0000e+00  0.3294486      2.561    13.5336    308.504 -9.990e-29
      2.513     8.2248 204.981733     2.4127 2.7568e-02     0.6192    85.6589 1.0256e+00 1.9691e+00  0.3294486      2.563    13.5287    308.459 -9.990e-29
      2.515     8.2375 205.029603     2.4127 6.2933e-03     0.6180    85.6851 1.0537e+00 1.9691e+00  0.3294486      2.565    13.5267    308.413 -9.990e-29
      2.517     8.2483 205.017627     2.4127 1.0000e-12     0.6180    85.6851 1.0891e+00 0.0000e+00  0.3294486      2.567    13.5241    308.295 -9.990e-29
      2.518     8.2609 205.053527     2.4127 1.0000e-12     0.6180    85.6851 1.1062e+00 1.9691e+00  0.3290329      2.568    13.5207    308.232 -9.990e-29
      2.520     8.2688 205.113373     2.4127 1.0000e-12     0.6180    85.6851 1.1001e+00 1.9691e+00  0.3273698      2.570    13.5200    308.248 -9.990e-29
      2.521     8.2757 205.089427     2.4127 1.0000e-12     0.6180    85.6851 1.0989e+00 0.0000e+00  0.3269541      2.571    13.5195    308.149 -9.990e-29
      2.523     8.2805 205.089425     2.4127 1.0000e-12     0.6167    85.7112 1.1136e+00 0.0000e+00  0.3269541      2.573    13.5196    308.104 -9.990e-29
      2.525     8.2778 205.077457     2.4139 1.0000e-12     0.6180    85.6851 1.1172e+00 0.0000e+00  0.3269541      2.575    13.5307    308.111 -9.990e-29
      2.526     8.2734 205.077460     2.4139 1.0000e-12     0.6180    85.6851 1.1001e+00 1.9691e+00  0.3269541      2.576    13.5328    308.152 -9.990e-29
      2.526     8.2705 205.041551     2.4139 1.0000e-12     0.6216    85.6067 1.0952e+00 0.0000e+00  0.3269541      2.576    13.5352    308.125 -9.990e-29
      2.527     8.2676 205.065494     2.4127 1.0000e-12     0.6265    85.5021 1.1013e+00 1.9691e+00  0.3269541      2.577    13.5292    308.188 -9.990e-29
      2.527     8.2660 205.029585     2.4127 1.0000e-12     0.6277    85.4760 1.1136e+00 0.0000e+00  0.3269541      2.577    13.5319    308.148 -9.990e-29
      2.526     8.2689 205.017613     2.4127 1.0000e-12     0.6265    85.5021 1.1221e+00 0.0000e+00  0.3269541      2.576    13.5329    308.104 -9.990e-29
      2.525     8.2783 205.053516     2.4139 1.0000e-12     0.6277    85.4760 1.1062e+00 0.0000e+00  0.3269541      2.575    13.5397    308.071 -9.990e-29
      2.525     8.2826 205.077454     2.4139 1.0000e-12     0.6277    85.4760 1.0916e+00 0.0000e+00  0.3269541      2.575    13.5398    308.067 -9.990e-29
      2.526     8.2848 205.113361     2.4127 1.0000e-12     0.6277    85.4760 1.0977e+00 1.9691e+00  0.3269541      2.576    13.5311    308.100 -9.990e-29
      2.527     8.2871 205.137301     2.4139 1.0000e-12     0.6265    85.5021 1.0928e+00 0.0000e+00  0.3273698      2.577    13.5389    308.115 -9.990e-29
      2.527     8.2922 205.173208     2.4139 1.0000e-12     0.6277    85.4760 1.0904e+00 1.9691e+00  0.3269541      2.577    13.5382    308.122 -9.990e-29
      2.526     8.2959 205.149265     2.4151 1.0000e-12     0.6277    85.4760 1.1160e+00 1.9691e+00  0.3269541      2.576    13.5452    308.051 -9.990e-29
      2.526     8.2983 205.149262     2.4151 1.0000e-12     0.6265    85.5021 1.1563e+00 1.9691e+00  0.3269541      2.576    13.5440    308.029 -9.990e-29
      2.526     8.2995 205.161233     2.4151 1.0000e-12     0.6277    85.4760 1.1770e+00 0.0000e+00  0.3273698      2.576    13.5420    308.036 -9.990e-29
      2.526     8.2982 205.161234     2.4151 1.0000e-12     0.6265    85.5021 1.1697e+00 0.0000e+00  0.3269541      2.576    13.5419    308.048 -9.990e-29
      2.524     8.2968 205.185175     2.4151 1.0000e-12     0.6265    85.5021 1.1453e+00 0.0000e+00  0.3269541      2.574    13.5427    308.097 -9.990e-29
      2.521     8.2973 205.209114     2.4151 1.0000e-12     0.6265    85.5021 1.1502e+00 0.0000e+00  0.3269541      2.571    13.5426    308.128 -9.990e-29
      2.519     8.2992 205.149263     2.4151 1.0000e-12     0.6277    85.4760 1.1722e+00 1.9691e+00  0.3269541      2.569    13.5418    308.021 -9.990e-29
      2.517     8.3008 205.149261     2.4164 1.0000e-12     0.6277    85.4760 1.2051e+00 0.0000e+00  0.3269541      2.567    13.5500    308.006 -9.990e-29
      2.515     8.3021 205.185171     2.4151 1.0000e-12     0.6277    85.4760 1.2442e+00 0.0000e+00  0.3269541      2.565    13.5401    308.048 -9.990e-29
      2.513     8.3032 205.197140     2.4164 1.0000e-12     0.6277    85.4760 1.2882e+00 0.0000e+00  0.3273698      2.563    13.5470    308.056 -9.990e-29
      2.511     8.3047 205.256989     2.4164 1.0000e-12     0.6265    85.5021 1.3187e+00 0.0000e+00  0.3273698      2.561    13.5457    308.132 -9.990e-29
      2.511     8.3055 205.209109     2.4164 1.5973e-03     0.6265    85.5021 1.3199e+00 0.0000e+00  0.3265383      2.561    13.5445    308.052 -9.990e-29
      2.508     8.3058 205.197139     2.4164 5.3382e-03     0.6228    85.5805 1.3150e+00 0.0000e+00  0.3252910      2.557    13.5433    308.032 -9.990e-29
      2.505     8.3060 205.197138     2.4164 5.9741e-03     0.6204    85.6328 1.3150e+00 1.9691e+00  0.3248753      2.554    13.5420    308.030 -9.990e-29
      2.501     8.3058 205.233048     2.4164 7.2565e-03     0.6216    85.6067 1.3053e+00 0.0000e+00  0.3248753      2.550    13.5417    308.086 -9.990e-29
      2.499     8.3062 205.209108     2.4164 8.8800e-03     0.6204    85.6328 1.2527e+00 0.0000e+00  0.3248753      2.548    13.5421    308.046 -9.990e-29
      2.497     8.3065 205.233048     2.4164 8.5535e-03     0.6204    85.6328 1.2002e+00 0.0000e+00  0.3248753      2.546    13.5423    308.079 -9.990e-29
      2.495     8.3060 205.221078     2.4176 1.2912e-03     0.6216    85.6067 1.1941e+00 0.0000e+00  0.3248753      2.544    13.5489    308.066 -9.990e-29
      2.493     8.3055 205.245020     2.4176 1.0000e-12     0.6216    85.6067 1.1917e+00 0.0000e+00  0.3248753      2.542    13.5470    308.106 -9.990e-29
      2.490     8.3057 205.256989     2.4176 1.0000e-12     0.6216    85.6067 1.1941e+00 0.0000e+00  0.3248753      2.539    13.5446    308.122 -9.990e-29
      2.486     8.3045 205.209109     2.4176 1.0000e-12     0.6204    85.6328 1.2173e+00 0.0000e+00  0.3248753      2.535    13.5436    308.062 -9.990e-29
      2.482     8.3037 205.197139     2.4164 1.0000e-12     0.6216    85.6067 1.2601e+00 0.0000e+00  0.3248753      2.531    13.5351    308.051 -9.990e-29
      2.478     8.3019 205.161229     2.4164 1.0000e-12     0.6216    85.6067 1.3053e+00 0.0000e+00  0.3248753      2.527    13.5330    308.014 -9.990e-29
      2.475     8.3007 205.161231     2.4176 5.2373e-02     0.6216    85.6067 1.3199e+00 0.0000e+00  0.3248753      2.524    13.5399    308.025 -9.990e-29
      2.472     8.2987 205.161232     2.4176 1.2418e-01     0.6216    85.6067 1.2991e+00 0.0000e+00  0.3248753      2.521    13.5386    308.043 -9.990e-29
      2.469     8.2975 205.233053     2.4176 1.4034e-01     0.6204    85.6328 1.2589e+00 0.0000e+00  0.3248753      2.518    13.5379    308.162 -9.990e-29
      2.467     8.2984 205.209113     2.4164 8.0675e-02     0.6216    85.6067 1.2161e+00 0.0000e+00  0.3248753      2.516    13.5292    308.118 -9.990e-29
      2.464     8.3003 205.233052     2.4164 2.7948e-02     0.6204    85.6328 1.1758e+00 0.0000e+00  0.3252910      2.513    13.5282    308.137 -9.990e-29
      2.460     8.3016 205.268961     2.4176 1.5262e-02     0.6216    85.6067 1.1587e+00 0.0000e+00  0.3248753      2.509    13.5357    308.178 -9.990e-29
      2.457     8.3011 205.185170     2.4176 2.5207e-03     0.6216    85.6067 1.1856e+00 0.0000e+00  0.3248753      2.505    13.5344    308.057 -9.990e-29
      2.454     8.2998 205.233052     2.4176 1.0000e-12     0.6216    85.6067 1.1929e+00 0.0000e+00  0.3248753      2.502    13.5332    308.141 -9.990e-29
      2.451     8.2989 205.185171     2.4176 1.0000e-12     0.6216    85.6067 1.1941e+00 0.0000e+00  0.3248753      2.499    13.5318    308.078 -9.990e-29
      2.448     8.2985 205.185171     2.4176 1.0000e-12     0.6216    85.6067 1.2418e+00 0.0000e+00  0.3248753      2.496    13.5323    308.081 -9.990e-29
      2.447     8.2984 205.161231     2.4164 1.0000e-12     0.6204    85.6328 1.2943e+00 0.0000e+00  0.3248753      2.495    13.5231    308.046 -9.990e-29
      2.446     8.2991 205.161231     2.4176 1.0000e-12     0.6216    85.6067 1.3114e+00 1.9691e+00  0.3248753      2.494    13.5304    308.040 -9.990e-29
      2.445     8.2995 205.137291     2.4176 1.0000e-12     0.6216    85.6067 1.2869e+00 0.0000e+00  0.3248753      2.493    13.5293    308.000 -9.990e-29
      2.443     8.3007 205.101379     2.4176 1.0000e-12     0.6216    85.6067 1.2662e+00 0.0000e+00  0.3252910      2.491    13.5279    307.935 -9.990e-29
      2.440     8.3016 205.185169     2.4176 1.0000e-12     0.6216    85.6067 1.2515e+00 0.0000e+00  0.3252910      2.488    13.5266    308.053 -9.990e-29
      2.438     8.3029 205.149258     2.4176 1.0000e-12     0.6204    85.6328 1.2320e+00 0.0000e+00  0.3261225      2.486    13.5251    307.987 -9.990e-29
      2.437     8.3024 205.245020     2.4188 1.0000e-12     0.6216    85.6067 1.2186e+00 0.0000e+00  0.3269541      2.485    13.5325    308.135 -9.990e-29
      2.437     8.3008 205.233050     2.4188 1.2871e-02     0.6216    85.6067 1.2173e+00 0.0000e+00  0.3265383      2.485    13.5320    308.132 -9.990e-29
      2.437     8.2998 205.245022     2.4176 4.1527e-02     0.6216    85.6067 1.2027e+00 0.0000e+00  0.3265383      2.485    13.5228    308.159 -9.990e-29
      2.437     8.2997 205.221081     2.4176 4.7072e-02     0.6216    85.6067 1.1685e+00 1.9691e+00  0.3265383      2.485    13.5227    308.124 -9.990e-29
      2.436     8.2993 205.245022     2.4176 1.3209e-02     0.6228    85.5805 1.1441e+00 0.0000e+00  0.3265383      2.484    13.5238    308.164 -9.990e-29
      2.435     8.2990 205.209111     2.4176 1.0000e-12     0.6204    85.6328 1.1282e+00 0.0000e+00  0.3269541      2.483    13.5248    308.113 -9.990e-29
      2.435     8.3000 205.197141     2.4188 1.0000e-12     0.6216    85.6067 1.1233e+00 1.9691e+00  0.3269541      2.483    13.5325    308.085 -9.990e-29
      2.434     8.3001 205.233051     2.4176 1.0000e-12     0.6216    85.6067 1.1270e+00 0.0000e+00  0.3265383      2.482    13.5228    308.138 -9.990e-29
      2.435     8.3008 205.221079     2.4176 1.0000e-12     0.6216    85.6067 1.1184e+00 1.9691e+00  0.3265383      2.483    13.5213    308.114 -9.990e-29
      2.436     8.3009 205.245022     2.4176 1.0000e-12     0.6216    85.6067 1.1026e+00 0.0000e+00  0.3265383      2.484    13.5209    308.149 -9.990e-29
      2.437     8.3013 205.209110     2.4176 1.0000e-12     0.6216    85.6067 1.0928e+00 0.0000e+00  0.3265383      2.485    13.5215    308.091 -9.990e-29
      2.438     8.3013 205.161229     2.4188 1.0000e-12     0.6216    85.6067 1.0916e+00 0.0000e+00  0.3265383      2.486    13.5305    308.019 -9.990e-29
      2.439     8.3006 205.185170     2.4188 1.0000e-12     0.6216    85.6067 1.0733e+00 0.0000e+00  0.3265383      2.487    13.5293    308.062 -9.990e-29
      2.441     8.3008 205.209109     2.4188 1.0000e-12     0.6241    85.5544 1.0647e+00 0.0000e+00  0.3269541      2.489    13.5288    308.096 -9.990e-29
      2.444     8.2996 205.245023     2.4176 1.0000e-12     0.6241    85.5544 1.0684e+00 0.0000e+00  0.3265383      2.492    13.5204    308.161 -9.990e-29
      2.447     8.2976 205.209112     2.4176 1.0000e-12     0.6241    85.5544 1.0672e+00 0.0000e+00  0.3265383      2.495    13.5216    308.126 -9.990e-29
      2.451     8.2958 205.149263     2.4176 1.0000e-12     0.6241    85.5544 1.0757e+00 0.0000e+00  0.3269541      2.499    13.5227    308.052 -9.990e-29
      2.454     8.2937 205.149265     2.4188 1.0000e-12     0.6241    85.5544 1.0635e+00 0.0000e+00  0.3265383      2.502    13.5312    308.072 -9.990e-29
      2.458     8.2932 205.137295     2.4188 1.0000e-12     0.6241    85.5544 1.0488e+00 0.0000e+00  0.3265383      2.506    13.5308    308.058 -9.990e-29
      2.462     8.2918 205.089416     2.4176 1.0000e-12     0.6253    85.5282 1.0574e+00 0.0000e+00  0.3265383      2.511    13.5213    308.000 -9.990e-29
      2.466     8.2895 205.113358     2.4176 1.0000e-12     0.6241    85.5544 1.0806e+00 0.0000e+00  0.3269541      2.515    13.5215    308.057 -9.990e-29
      2.470     8.2880 205.137299     2.4176 1.0000e-12     0.6253    85.5282 1.0928e+00 0.0000e+00  0.3269541      2.519    13.5214    308.107 -9.990e-29
      2.473     8.2883 205.137298     2.4176 1.0000e-12     0.6253    85.5282 1.1001e+00 0.0000e+00  0.3265383      2.522    13.5206    308.104 -9.990e-29
      2.478     8.2892 205.137298     2.4176 1.0000e-12     0.6241    85.5544 1.1001e+00 0.0000e+00  0.3269541      2.527    13.5196    308.095 -9.990e-29
      2.483     8.2899 205.173208     2.4176 1.0000e-12     0.6241    85.5544 1.0867e+00 0.0000e+00  0.3294486      2.532    13.5198    308.143 -9.990e-29
      2.488     8.2910 205.149267     2.4176 1.0000e-12     0.6241    85.5544 1.0684e+00 0.0000e+00  0.3290329      2.537    13.5198    308.097 -9.990e-29
      2.493     8.2929 205.221087     2.4176 1.0000e-12     0.6253    85.5282 1.0635e+00 0.0000e+00  0.3294486      2.542    13.5206    308.187 -9.990e-29
      2.497     8.2963 205.221084     2.4176 1.0000e-12     0.6253    85.5282 1.0525e+00 0.0000e+00  0.3294486      2.546    13.5198    308.156 -9.990e-29
      2.503     8.2983 205.245023     2.4188 1.0000e-12     0.6253    85.5282 1.0379e+00 0.0000e+00  0.3294486      2.552    13.5267    308.173 -9.990e-29
      2.508     8.3002 205.256994     2.4188 1.0000e-12     0.6241    85.5544 1.0281e+00 0.0000e+00  0.3294486      2.557    13.5253    308.173 -9.990e-29
      2.513     8.3006 205.221082     2.4176 1.0000e-12     0.6241    85.5544 1.0269e+00 0.0000e+00  0.3294486      2.563    13.5162    308.116 -9.990e-29
      2.518     8.3010 205.221082     2.4176 1.0000e-12     0.6241    85.5544 1.0269e+00 1.9691e+00  0.3294486      2.568    13.5164    308.112 -9.990e-29
      2.523     8.3007 205.292903     2.4176 1.0000e-12     0.6253    85.5282 1.0342e+00 0.0000e+00  0.3298644      2.573    13.5159    308.223 -9.990e-29
      2.528     8.3019 205.280933     2.4176 1.0000e-12     0.6302    85.4237 1.0403e+00 0.0000e+00  0.3294486      2.578    13.5159    308.194 -9.990e-29
      2.533     8.3028 205.256992     2.4188 1.0000e-12     0.6363    85.2930 1.0452e+00 0.0000e+00  0.3298644      2.583    13.5242    308.149 -9.990e-29
      2.537     8.3034 205.256991     2.4188 1.0000e-12     0.6363    85.2930 1.0476e+00 0.0000e+00  0.3294486      2.587    13.5233    308.144 -9.990e-29
      2.541     8.3037 205.221081     2.4176 1.0000e-12     0.6363    85.2930 1.0586e+00 0.0000e+00  0.3294486      2.591    13.5152    308.087 -9.990e-29
      2.545     8.3042 205.221080     2.4188 1.0000e-12     0.6363    85.2930 1.0623e+00 0.0000e+00  0.3294486      2.595    13.5248    308.082 -9.990e-29
      2.549     8.3050 205.245021     2.4176 1.0000e-12     0.6351    85.3191 1.0586e+00 1.9691e+00  0.3294486      2.599    13.5166    308.111 -9.990e-29
