data/05_metadata_exports/SeabirdData/202305_SeabirdData/83429_stn33-night.cnv
* Sea-Bird SBE 9 Data File:
* FileName = C:\Users\rosette\Rosette Data\2023\Ontario CSMI\stn33-night.hex
* Software Version Seasave V 7.26.6.26
* Temperature SN = 5270
* Conductivity SN = 1168
* Number of Bytes Per Scan = 40
* Number of Voltage Words = 5
* Number of Scans Averaged by the Deck Unit = 1
* NMEA Latitude = 43 35.91 N
* NMEA Longitude = 078 48.76 W
* NMEA UTC (Time) = Oct 03 2003  05:18:54
* NMEA baud rate = 4800
** Ship: Lake Guardian
** Ontario CSMI LWFS
** Station:  stn33-night
# nquan = 14                                
# nvalues = 18507                       
# units = specified
# name 0 = prDM: Pressure, Digiquartz [db]
# name 1 = t090C: Temperature [ITS-90, deg C]
# name 2 = c0uS/cm: Conductivity [uS/cm]
# name 3 = sbeox0V: Oxygen raw, SBE 43 [V]
# name 4 = par: PAR/Irradiance, Biospherical/Licor
# name 5 = bat: Beam Attenuation, Chelsea/Seatech [1/m]
# name 6 = xmiss: Beam Transmission, Chelsea/Seatech [%]
# name 7 = flSP: Fluorescence, Seapoint
# name 8 = spar: SPAR, Biospherical/Licor
# name 9 = upoly0: Upoly 0, Suna Nitrate
# name 10 = depFM: Depth [fresh water, m], lat = 43.5985
# name 11 = sbeox0Mg/L: Oxygen, SBE 43 [mg/l], WS = 2
# name 12 = specc: Specific Conductance [uS/cm]
# name 13 = flag: flag
# span 0 =     -0.194,    131.581       
# span 1 =     3.8674,     8.3598       
# span 2 =  21.036648, 252.043223       
# span 3 =     1.9084,     2.4298       
# span 4 = 1.0000e-12, 3.4836e+00       
# span 5 =     0.0874,     1.8650       
# span 6 =    62.7347,    97.8399       
# span 7 = 3.9072e-02, 1.5409e+00       
# span 8 = 0.0000e+00, 1.9691e+00       
# span 9 =  0.0741704,  0.3913973       
# span 10 =     -0.198,    134.175      
# span 11 =     9.9527,    13.7647      
# span 12 =     32.461,    389.175      
# span 13 = 0.0000e+00, 0.0000e+00      
# interval = seconds: 0.0416667
# start_time = Oct 03 2003 05:18:54 [NMEA time, header]
# bad_flag = -9.990e-29
*END*
[from data line 10530]
    120.734     3.8737 182.476459     2.0940 1.0000e-12     0.1077    97.3433 6.3492e-02 1.9691e+00  0.3681146    123.114    12.9485    315.981 0.0000e+00
    120.751     3.8737 182.500337     2.0940 1.0000e-12     0.1088    97.3171 6.2271e-02 1.9691e+00  0.3681146    123.132    12.9489    316.022 0.0000e+00
    120.767     3.8732 182.476459     2.0940 1.0000e-12     0.1077    97.3433 6.1050e-02 1.9691e+00  0.3681146    123.148    12.9481    315.986 0.0000e+00
    120.785     3.8730 182.476460     2.0940 1.0000e-12     0.1077    97.3433 5.9829e-02 0.0000e+00  0.3681146    123.166    12.9487    315.988 0.0000e+00
    120.804     3.8730 182.524217     2.0940 1.0000e-12     0.1077    97.3433 5.9829e-02 1.9691e+00  0.3681146    123.186    12.9492    316.071 0.0000e+00
    120.822     3.8726 182.440645     2.0940 1.0000e-12     0.1088    97.3171 5.9829e-02 1.9691e+00  0.3681146    123.204    12.9499    315.931 0.0000e+00
    120.839     3.8729 182.488400     2.0928 1.0000e-12     0.1077    97.3433 5.9829e-02 1.9691e+00  0.3681146    123.221    12.9407    316.010 0.0000e+00
    120.855     3.8726 182.512279     2.0952 1.0000e-12     0.1088    97.3171 5.8608e-02 1.9691e+00  0.3681146    123.238    12.9590    316.055 0.0000e+00
    120.872     3.8724 182.440645     2.0952 1.0000e-12     0.1088    97.3171 5.8608e-02 0.0000e+00  0.3681146    123.255    12.9597    315.933 0.0000e+00
    120.888     3.8724 182.464523     2.0940 1.0000e-12     0.1088    97.3171 5.9829e-02 1.9691e+00  0.3681146    123.271    12.9507    315.974 0.0000e+00
    120.905     3.8724 182.452585     2.0928 1.0000e-12     0.1077    97.3433 5.8608e-02 1.9691e+00  0.3681146    123.289    12.9387    315.953 0.0000e+00
    120.921     3.8723 182.452585     2.0928 1.0000e-12     0.1077    97.3433 5.8608e-02 1.9691e+00  0.3681146    123.305    12.9362    315.955 0.0000e+00
    120.937     3.8726 182.428707     2.0940 1.0000e-12     0.1088    97.3171 5.8608e-02 1.9691e+00  0.3681146    123.321    12.9448    315.910 0.0000e+00
    120.954     3.8729 182.416768     2.0940 1.0000e-12     0.1088    97.3171 5.8608e-02 1.9691e+00  0.3681146    123.339    12.9423    315.886 0.0000e+00
    120.971     3.8729 182.488403     2.0940 1.0000e-12     0.1088    97.3171 5.9829e-02 1.9691e+00  0.3681146    123.356    12.9416    316.010 0.0000e+00
    120.989     3.8728 182.524220     2.0928 1.0000e-12     0.1077    97.3433 6.3492e-02 1.9691e+00  0.3681146    123.374    12.9314    316.073 0.0000e+00
    121.006     3.8732 182.464524     2.0928 1.0000e-12     0.1099    97.2910 6.2271e-02 1.9691e+00  0.3681146    123.392    12.9307    315.965 0.0000e+00
    121.024     3.8730 182.476464     2.0940 1.0000e-12     0.1088    97.3171 5.9829e-02 1.9691e+00  0.3681146    123.410    12.9413    315.988 0.0000e+00
    121.042     3.8730 182.452586     2.0940 1.0000e-12     0.1099    97.2910 5.8608e-02 1.9691e+00  0.3681146    123.428    12.9440    315.947 0.0000e+00
    121.060     3.8734 182.464525     2.0928 1.0000e-12     0.1099    97.2910 5.8608e-02 1.9691e+00  0.3681146    123.447    12.9339    315.963 0.0000e+00
    121.079     3.8730 182.476465     2.0928 1.0000e-12     0.1088    97.3171 5.7387e-02 1.9691e+00  0.3681146    123.466    12.9338    315.988 0.0000e+00
    121.097     3.8732 182.440648     2.0928 1.0000e-12     0.1077    97.3433 5.7387e-02 1.9691e+00  0.3681146    123.485    12.9319    315.924 0.0000e+00
    121.114     3.8730 182.440649     2.0940 1.0000e-12     0.1077    97.3433 5.8608e-02 1.9691e+00  0.3681146    123.502    12.9399    315.926 0.0000e+00
    121.132     3.8729 182.512284     2.0940 1.0000e-12     0.1077    97.3433 5.9829e-02 1.9691e+00  0.3681146    123.520    12.9398    316.051 0.0000e+00
    121.149     3.8728 182.440650     2.0940 1.0000e-12     0.1077    97.3433 5.8608e-02 1.9691e+00  0.3681146    123.538    12.9413    315.928 0.0000e+00
    121.166     3.8728 182.452588     2.0940 1.0000e-12     0.1088    97.3171 5.7387e-02 1.9691e+00  0.3681146    123.555    12.9428    315.949 0.0000e+00
    121.185     3.8729 182.500346     2.0928 1.0000e-12     0.1077    97.3433 5.7387e-02 1.9691e+00  0.3681146    123.574    12.9331    316.031 0.0000e+00
    121.203     3.8728 182.440651     2.0940 1.0000e-12     0.1088    97.3171 5.7387e-02 1.9691e+00  0.3681146    123.593    12.9428    315.928 0.0000e+00
    121.221     3.8724 182.440651     2.0940 1.0000e-12     0.1077    97.3433 5.7387e-02 1.9691e+00  0.3681146    123.611    12.9445    315.933 0.0000e+00
    121.239     3.8723 182.464529     2.0940 1.0000e-12     0.1077    97.3433 5.7387e-02 1.9691e+00  0.3681146    123.629    12.9462    315.975 0.0000e+00
    121.258     3.8728 182.464530     2.0940 1.0000e-12     0.1088    97.3171 5.7387e-02 1.9691e+00  0.3681146    123.649    12.9461    315.970 0.0000e+00
    121.277     3.8726 182.428713     2.0928 1.0000e-12     0.1077    97.3433 5.8608e-02 1.9691e+00  0.3685303    123.668    12.9337    315.910 0.0000e+00
    121.296     3.8729 182.452591     2.0940 1.0000e-12     0.1088    97.3171 5.7387e-02 1.9691e+00  0.3681146    123.687    12.9434    315.948 0.0000e+00
    121.316     3.8723 182.452592     2.0940 1.0000e-12     0.1088    97.3171 5.7387e-02 1.9691e+00  0.3681146    123.708    12.9456    315.955 0.0000e+00
    121.336     3.8724 182.476470     2.0928 1.0000e-12     0.1077    97.3433 5.7387e-02 1.9691e+00  0.3681146    123.728    12.9365    315.995 0.0000e+00
    121.354     3.8726 182.452593     2.0928 1.0000e-12     0.1088    97.3171 6.1050e-02 1.9691e+00  0.3681146    123.747    12.9340    315.951 0.0000e+00
    121.372     3.8724 182.488410     2.0928 1.0000e-12     0.1088    97.3171 6.3492e-02 1.9691e+00  0.3681146    123.765    12.9331    316.016 0.0000e+00
    121.390     3.8723 182.464530     2.0916 1.0000e-12     0.1077    97.3433 6.2271e-02 1.9691e+00  0.3681146    123.783    12.9228    315.975 0.0000e+00
    121.411     3.8724 182.476473     2.0928 1.0000e-12     0.1077    97.3433 5.9829e-02 1.9691e+00  0.3681146    123.805    12.9331    315.995 0.0000e+00
    121.432     3.8726 182.500349     2.0928 1.0000e-12     0.1088    97.3171 5.8608e-02 1.9691e+00  0.3706091    123.826    12.9338    316.034 0.0000e+00
    121.452     3.8724 182.464534     2.0928 1.0000e-12     0.1077    97.3433 5.9829e-02 1.9691e+00  0.3785086    123.847    12.9333    315.974 0.0000e+00
    121.471     3.8726 182.488411     2.0928 1.0000e-12     0.1088    97.3171 5.7387e-02 1.9691e+00  0.3868239    123.866    12.9325    316.013 0.0000e+00
    121.489     3.8726 182.512290     2.0940 1.0000e-12     0.1077    97.3433 5.6166e-02 0.0000e+00  0.3893185    123.884    12.9430    316.055 0.0000e+00
    121.508     3.8726 182.488412     2.0928 1.0000e-12     0.1077    97.3433 5.4945e-02 1.9691e+00  0.3893185    123.904    12.9344    316.013 0.0000e+00
    121.527     3.8726 182.428717     2.0928 1.0000e-12     0.1077    97.3433 5.4945e-02 1.9691e+00  0.3889027    123.923    12.9339    315.910 0.0000e+00
    121.547     3.8724 182.488413     2.0928 1.0000e-12     0.1088    97.3171 5.6166e-02 1.9691e+00  0.3889027    123.943    12.9319    316.016 0.0000e+00
    121.567     3.8724 182.476474     2.0916 1.0000e-12     0.1066    97.3694 5.7387e-02 1.9691e+00  0.3889027    123.964    12.9204    315.995 0.0000e+00
    121.587     3.8728 182.476475     2.0928 1.0000e-12     0.1077    97.3433 5.8608e-02 1.9691e+00  0.3889027    123.984    12.9295    315.990 0.0000e+00
    121.606     3.8729 182.452597     2.0940 1.0000e-12     0.1077    97.3433 5.8608e-02 1.9691e+00  0.3889027    124.004    12.9403    315.948 0.0000e+00
    121.623     3.8729 182.464536     2.0940 1.0000e-12     0.1066    97.3694 5.8608e-02 0.0000e+00  0.3889027    124.021    12.9416    315.969 0.0000e+00
    121.641     3.8729 182.560048     2.0928 1.0000e-12     0.1066    97.3694 5.8608e-02 1.9691e+00  0.3889027    124.039    12.9335    316.134 0.0000e+00
    121.661     3.8730 182.536170     2.0928 1.0000e-12     0.1066    97.3694 5.9829e-02 1.9691e+00  0.3893185    124.060    12.9318    316.092 0.0000e+00
    121.681     3.8730 182.512294     2.0940 1.0000e-12     0.1077    97.3433 5.9829e-02 1.9691e+00  0.3893185    124.080    12.9414    316.050 0.0000e+00
    121.701     3.8730 182.512293     2.0940 1.0000e-12     0.1077    97.3433 5.8608e-02 1.9691e+00  0.3889027    124.100    12.9416    316.050 0.0000e+00
    121.720     3.8729 182.464538     2.0928 1.0000e-12     0.1077    97.3433 5.8608e-02 1.9691e+00  0.3889027    124.120    12.9323    315.969 0.0000e+00
    121.740     3.8730 182.452599     2.0916 1.0000e-12     0.1077    97.3433 5.8608e-02 0.0000e+00  0.3884869    124.140    12.9231    315.947 0.0000e+00
    121.759     3.8732 182.524233     2.0916 1.0000e-12     0.1066    97.3694 5.8608e-02 1.9691e+00  0.3884869    124.160    12.9220    316.069 0.0000e+00
    121.780     3.8732 182.488416     2.0928 1.0000e-12     0.1088    97.3171 5.7387e-02 1.9691e+00  0.3889027    124.181    12.9322    316.007 0.0000e+00
    121.800     3.8734 182.500355     2.0928 1.0000e-12     0.1099    97.2910 5.7387e-02 1.9691e+00  0.3884869    124.201    12.9343    316.025 0.0000e+00
    121.820     3.8737 182.440661     2.0916 1.0000e-12     0.1109    97.2649 5.7387e-02 1.9691e+00  0.3889027    124.222    12.9239    315.919 0.0000e+00
    121.839     3.8737 182.464539     2.0928 1.0000e-12     0.1142    97.1864 5.9829e-02 1.9691e+00  0.3889027    124.241    12.9327    315.960 0.0000e+00
    121.858     3.8737 182.428722     2.0916 1.0000e-12     0.1152    97.1603 5.9829e-02 1.9691e+00  0.3889027    124.261    12.9225    315.898 0.0000e+00
    121.877     3.8739 182.416783     2.0928 1.0000e-12     0.1142    97.1864 5.9829e-02 0.0000e+00  0.3889027    124.280    12.9299    315.875 0.0000e+00
    121.897     3.8740 182.488418     2.0928 1.0000e-12     0.1109    97.2649 5.8608e-02 1.9691e+00  0.3889027    124.300    12.9307    315.998 0.0000e+00
    121.917     3.8742 182.512296     2.0928 1.0000e-12     0.1099    97.2910 5.8608e-02 1.9691e+00  0.3889027    124.321    12.9316    316.037 0.0000e+00
    121.938     3.8739 182.464541     2.0928 1.0000e-12     0.1099    97.2910 5.8608e-02 1.9691e+00  0.3889027    124.342    12.9311    315.958 0.0000e+00
    121.957     3.8737 182.452602     2.0928 1.0000e-12     0.1099    97.2910 5.8608e-02 0.0000e+00  0.3889027    124.362    12.9306    315.939 0.0000e+00
    121.976     3.8737 182.488419     2.0928 1.0000e-12     0.1099    97.2910 5.8608e-02 1.9691e+00  0.3889027    124.381    12.9317    316.001 0.0000e+00
    121.996     3.8739 182.416785     2.0928 1.0000e-12     0.1088    97.3171 5.7387e-02 1.9691e+00  0.3889027    124.401    12.9328    315.875 0.0000e+00
    122.017     3.8737 182.440664     2.0916 1.0000e-12     0.1077    97.3433 5.7387e-02 1.9691e+00  0.3889027    124.423    12.9230    315.919 0.0000e+00
    122.037     3.8737 182.464543     2.0916 1.0000e-12     0.1066    97.3694 5.7387e-02 1.9691e+00  0.3889027    124.443    12.9227    315.960 0.0000e+00
    122.057     3.8737 182.476481     2.0916 1.0000e-12     0.1066    97.3694 5.7387e-02 1.9691e+00  0.3893185    124.463    12.9209    315.981 0.0000e+00
    122.077     3.8737 182.476482     2.0928 1.0000e-12     0.1088    97.3171 5.7387e-02 1.9691e+00  0.3889027    124.484    12.9318    315.981 0.0000e+00
    122.097     3.8735 182.464544     2.0928 1.0000e-12     0.1077    97.3433 5.7387e-02 1.9691e+00  0.3872396    124.504    12.9347    315.962 0.0000e+00
    122.116     3.8735 182.464543     2.0928 1.0000e-12     0.1077    97.3433 5.7387e-02 1.9691e+00  0.3864081    124.524    12.9376    315.962 0.0000e+00
    122.135     3.8735 182.500361     2.0916 1.0000e-12     0.1056    97.3955 5.8608e-02 1.9691e+00  0.3864081    124.543    12.9279    316.024 0.0000e+00
    122.156     3.8735 182.476483     2.0916 1.0000e-12     0.1045    97.4217 5.8608e-02 1.9691e+00  0.3864081    124.564    12.9279    315.983 0.0000e+00
    122.178     3.8734 182.524241     2.0916 1.0000e-12     0.1045    97.4217 5.7387e-02 0.0000e+00  0.3864081    124.587    12.9280    316.067 0.0000e+00
    122.199     3.8734 182.440667     2.0916 1.0000e-12     0.1045    97.4217 5.6166e-02 1.9691e+00  0.3864081    124.608    12.9298    315.922 0.0000e+00
    122.219     3.8734 182.488424     2.0916 1.0000e-12     0.1045    97.4217 5.7387e-02 0.0000e+00  0.3864081    124.629    12.9302    316.005 0.0000e+00
    122.238     3.8730 182.512302     2.0916 1.0000e-12     0.1056    97.3955 5.7387e-02 1.9691e+00  0.3864081    124.648    12.9292    316.050 0.0000e+00
    122.258     3.8730 182.428731     2.0916 1.0000e-12     0.1045    97.4217 5.8608e-02 1.9691e+00  0.3864081    124.668    12.9280    315.906 0.0000e+00
    122.277     3.8729 182.476486     2.0928 1.0000e-12     0.1034    97.4478 5.9829e-02 1.9691e+00  0.3864081    124.688    12.9380    315.989 0.0000e+00
    122.296     3.8728 182.524243     2.0916 1.0000e-12     0.1034    97.4478 6.1050e-02 1.9691e+00  0.3864081    124.707    12.9290    316.073 0.0000e+00
    122.315     3.8729 182.488426     2.0916 1.0000e-12     0.1023    97.4740 5.9829e-02 1.9691e+00  0.3864081    124.727    12.9294    316.010 0.0000e+00
    122.334     3.8732 182.500364     2.0916 1.0000e-12     0.1023    97.4740 5.8608e-02 1.9691e+00  0.3864081    124.746    12.9297    316.027 0.0000e+00
    122.354     3.8729 182.512305     2.0916 1.0000e-12     0.1023    97.4740 5.8608e-02 1.9691e+00  0.3864081    124.766    12.9288    316.051 0.0000e+00
    122.375     3.8732 182.488427     2.0928 1.0000e-12     0.1013    97.5001 5.8608e-02 1.9691e+00  0.3864081    124.788    12.9388    316.007 0.0000e+00
    122.395     3.8735 182.452610     2.0928 1.0000e-12     0.1013    97.5001 5.8608e-02 1.9691e+00  0.3864081    124.808    12.9393    315.941 0.0000e+00
    122.415     3.8735 182.488426     2.0916 1.0000e-12     0.1013    97.5001 5.8608e-02 1.9691e+00  0.3864081    124.829    12.9304    316.004 0.0000e+00
    122.435     3.8734 182.476489     2.0916 1.0000e-12     0.1013    97.5001 5.7387e-02 1.9691e+00  0.3868239    124.849    12.9312    315.984 0.0000e+00
    122.453     3.8735 182.500367     2.0916 1.0000e-12     0.1013    97.5001 5.7387e-02 1.9691e+00  0.3864081    124.867    12.9319    316.024 0.0000e+00
    122.470     3.8734 182.512306     2.0928 1.0000e-12     0.1013    97.5001 5.7387e-02 1.9691e+00  0.3864081    124.885    12.9423    316.046 0.0000e+00
    122.489     3.8737 182.512306     2.0916 1.0000e-12     0.1013    97.5001 5.7387e-02 1.9691e+00  0.3864081    124.904    12.9351    316.043 0.0000e+00
    122.508     3.8735 182.476489     2.0916 1.0000e-12     0.1013    97.5001 5.8608e-02 1.9691e+00  0.3864081    124.923    12.9345    315.983 0.0000e+00
    122.529     3.8732 182.560064     2.0916 1.0000e-12     0.1002    97.5262 5.9829e-02 1.9691e+00  0.3864081    124.945    12.9339    316.131 0.0000e+00
    122.550     3.8728 182.488430     2.0928 1.0000e-12     0.1013    97.5001 5.9829e-02 1.9691e+00  0.3864081    124.966    12.9430    316.011 0.0000e+00
    122.570     3.8724 182.488431     2.0928 1.0000e-12     0.1013    97.5001 6.2271e-02 0.0000e+00  0.3864081    124.987    12.9441    316.016 0.0000e+00
    122.589     3.8723 182.512309     2.0928 1.0000e-12     0.1013    97.5001 6.3492e-02 1.9691e+00  0.3864081    125.006    12.9436    316.058 0.0000e+00
    122.608     3.8718 182.440675     2.0916 1.0000e-12     0.1013    97.5001 6.2271e-02 1.9691e+00  0.3868239    125.025    12.9368    315.939 0.0000e+00
    122.626     3.8716 182.416799     2.0916 1.0000e-12     0.1013    97.5001 6.1050e-02 1.9691e+00  0.3872396    125.044    12.9364    315.900 0.0000e+00
    122.644     3.8713 182.440676     2.0904 1.0000e-12     0.1013    97.5001 5.9829e-02 1.9691e+00  0.3876554    125.062    12.9265    315.945 0.0000e+00
