data/05_metadata_exports/SeabirdData/202305_SeabirdData/83422_stn27-night.cnv
* Sea-Bird SBE 9 Data File:
* FileName = C:\Users\rosette\Rosette Data\2023\Ontario CSMI\stn33-night.hex
* Software Version Seasave V 7.26.6.26
* Temperature SN = 5270
* Conductivity SN = 1168
* Number of Bytes Per Scan = 40
* Number of Voltage Words = 5
* Number of Scans Averaged by the Deck Unit = 1
* NMEA Latitude = 43 41.55 N
* NMEA Longitude = 078 49.88 W
* NMEA UTC (Time) = Oct 03 2003  03:21:10
* NMEA baud rate = 4800
** Ship: Lake Guardian
** Ontario CSMI LWFS
** Station:  stn33-night
# nquan = 14                                
# nvalues = 17403                       
# units = specified
# name 0 = prDM: Pressure, Digiquartz [db]
# name 1 = t090C: Temperature [ITS-90, deg C]
# name 2 = c0uS/cm: Conductivity [uS/cm]
# name 3 = sbeox0V: Oxygen raw, SBE 43 [V]
# name 4 = par: PAR/Irradiance, Biospherical/Licor
# name 5 = bat: Beam Attenuation, Chelsea/Seatech [1/m]
# name 6 = xmiss: Beam Transmission, Chelsea/Seatech [%]
# name 7 = flSP: Fluorescence, Seapoint
# name 8 = spar: SPAR, Biospherical/Licor
# name 9 = upoly0: Upoly 0, Suna Nitrate
# name 10 = depFM: Depth [fresh water, m], lat = 43.6925
# name 11 = sbeox0Mg/L: Oxygen, SBE 43 [mg/l], WS = 2
# name 12 = specc: Specific Conductance [uS/cm]
# name 13 = flag: flag
# span 0 =     -0.189,     96.222       
# span 1 =     4.0786,     8.2626       
# span 2 =-298.852776, 355.970109       
# span 3 =     1.8425,     2.4188       
# span 4 = 1.0000e-12, 3.1471e+00       
# span 5 =    -0.0056,     6.4176       
# span 6 =    20.1012,   100.1402       
# span 7 = 3.2967e-02, 1.8400e+00       
# span 8 = 0.0000e+00, 1.9691e+00       
# span 9 =  0.0741704,  0.3934761       
# span 10 =     -0.193,     98.119      
# span 11 =     9.4949,    13.7681      
# span 12 =   -458.295,    545.859      
# span 13 = 0.0000e+00, 0.0000e+00      
# interval = seconds: 0.0416667
# start_time = Oct 03 2003 03:21:10 [NMEA time, header]
# bad_flag = -9.990e-29
*END*
[from data line 7949]
     57.057     4.4360 185.149748     2.1160 1.0000e-12     0.1411    96.5329 1.2454e-01 1.9691e+00  0.3785086     58.182    12.8053    314.484 0.0000e+00
     57.072     4.4358 185.221404     2.1172 1.0000e-12     0.1422    96.5068 1.2698e-01 1.9691e+00  0.3785086     58.197    12.8132    314.608 0.0000e+00
     57.089     4.4355 185.233348     2.1172 1.0000e-12     0.1422    96.5068 1.2332e-01 1.9691e+00  0.3785086     58.215    12.8118    314.631 0.0000e+00
     57.105     4.4353 185.161692     2.1160 1.0000e-12     0.1433    96.4807 1.2088e-01 1.9691e+00  0.3785086     58.231    12.8011    314.512 0.0000e+00
     57.120     4.4357 185.209463     2.1160 1.0000e-12     0.1422    96.5068 1.1966e-01 1.9691e+00  0.3780929     58.246    12.8009    314.589 0.0000e+00
     57.136     4.4360 185.161693     2.1160 1.0000e-12     0.1422    96.5068 1.2088e-01 1.9691e+00  0.3785086     58.262    12.8008    314.504 0.0000e+00
     57.150     4.4364 185.209463     2.1172 1.0000e-12     0.1422    96.5068 1.1966e-01 1.9691e+00  0.3785086     58.277    12.8115    314.581 0.0000e+00
     57.165     4.4374 185.233347     2.1172 1.0000e-12     0.1422    96.5068 1.1844e-01 1.9691e+00  0.3785086     58.292    12.8126    314.611 0.0000e+00
     57.181     4.4379 185.197521     2.1172 1.0000e-12     0.1422    96.5068 1.1966e-01 1.9691e+00  0.3785086     58.308    12.8139    314.545 0.0000e+00
     57.196     4.4384 185.221406     2.1172 1.0000e-12     0.1422    96.5068 1.2454e-01 1.9691e+00  0.3785086     58.324    12.8138    314.580 0.0000e+00
     57.209     4.4387 185.197520     2.1160 1.0000e-12     0.1411    96.5329 1.2332e-01 1.9691e+00  0.3785086     58.337    12.8030    314.536 0.0000e+00
     57.222     4.4387 185.185578     2.1172 1.0000e-12     0.1422    96.5068 1.1844e-01 1.9691e+00  0.3785086     58.350    12.8139    314.516 0.0000e+00
     57.235     4.4387 185.197520     2.1172 1.0000e-12     0.1422    96.5068 1.1722e-01 1.9691e+00  0.3785086     58.363    12.8126    314.536 0.0000e+00
     57.249     4.4383 185.197520     2.1160 1.0000e-12     0.1422    96.5068 1.1477e-01 1.9691e+00  0.3785086     58.378    12.8021    314.541 0.0000e+00
     57.265     4.4381 185.173636     2.1160 1.0000e-12     0.1433    96.4807 1.1600e-01 1.9691e+00  0.3785086     58.394    12.8010    314.502 0.0000e+00
     57.281     4.4379 185.209464     2.1160 1.0000e-12     0.1433    96.4807 1.2454e-01 1.9691e+00  0.3801717     58.410    12.8001    314.565 0.0000e+00
     57.297     4.4379 185.197522     2.1172 1.0000e-12     0.1433    96.4807 1.2576e-01 1.9691e+00  0.3814190     58.427    12.8099    314.545 0.0000e+00
     57.313     4.4377 185.149752     2.1160 1.0000e-12     0.1422    96.5068 1.2454e-01 1.9691e+00  0.3814190     58.443    12.8012    314.466 0.0000e+00
     57.328     4.4373 185.161695     2.1160 1.0000e-12     0.1433    96.4807 1.2332e-01 1.9691e+00  0.3818347     58.458    12.8005    314.490 0.0000e+00
     57.343     4.4366 185.209466     2.1160 1.0000e-12     0.1422    96.5068 1.2454e-01 1.9691e+00  0.3814190     58.474    12.7999    314.579 0.0000e+00
     57.357     4.4366 185.185582     2.1172 1.0000e-12     0.1433    96.4807 1.2576e-01 1.9691e+00  0.3814190     58.488    12.8084    314.539 0.0000e+00
     57.371     4.4362 185.125868     2.1172 1.0000e-12     0.1422    96.5068 1.2332e-01 1.9691e+00  0.3814190     58.502    12.8092    314.441 0.0000e+00
     57.386     4.4362 185.125869     2.1172 1.0000e-12     0.1422    96.5068 1.2210e-01 1.9691e+00  0.3814190     58.517    12.8098    314.441 0.0000e+00
     57.402     4.4358 185.161697     2.1160 1.0000e-12     0.1433    96.4807 1.2088e-01 1.9691e+00  0.3814190     58.534    12.7999    314.506 0.0000e+00
     57.417     4.4358 185.185583     2.1160 1.0000e-12     0.1433    96.4807 1.2088e-01 1.9691e+00  0.3814190     58.549    12.7992    314.547 0.0000e+00
     57.432     4.4355 185.149754     2.1160 1.0000e-12     0.1433    96.4807 1.2088e-01 1.9691e+00  0.3814190     58.564    12.7985    314.489 0.0000e+00
     57.448     4.4358 185.173641     2.1160 1.0000e-12     0.1422    96.5068 1.1844e-01 1.9691e+00  0.3814190     58.581    12.7991    314.527 0.0000e+00
     57.464     4.4352 185.233356     2.1160 1.0000e-12     0.1411    96.5329 1.2210e-01 1.9691e+00  0.3814190     58.597    12.8002    314.635 0.0000e+00
     57.479     4.4342 185.161699     2.1160 1.0000e-12     0.1422    96.5068 1.2821e-01 1.9691e+00  0.3814190     58.612    12.7999    314.524 0.0000e+00
     57.494     4.4336 185.161700     2.1160 1.0000e-12     0.1422    96.5068 1.2698e-01 1.9691e+00  0.3814190     58.628    12.7995    314.530 0.0000e+00
     57.509     4.4323 185.185586     2.1172 1.0000e-12     0.1422    96.5068 1.2210e-01 1.9691e+00  0.3814190     58.643    12.8087    314.584 0.0000e+00
     57.524     4.4318 185.197529     2.1172 1.0000e-12     0.1422    96.5068 1.2088e-01 1.9691e+00  0.3818347     58.658    12.8097    314.610 0.0000e+00
     57.540     4.4313 185.101990     2.1172 1.0000e-12     0.1422    96.5068 1.1966e-01 1.9691e+00  0.3814190     58.674    12.8123    314.453 0.0000e+00
     57.554     4.4306 185.149761     2.1160 1.0000e-12     0.1411    96.5329 1.1966e-01 1.9691e+00  0.3814190     58.689    12.8055    314.542 0.0000e+00
     57.569     4.4297 185.125875     2.1160 1.0000e-12     0.1422    96.5068 1.1966e-01 1.9691e+00  0.3814190     58.704    12.8067    314.511 0.0000e+00
     57.585     4.4296 185.149762     2.1172 1.0000e-12     0.1422    96.5068 1.1722e-01 1.9691e+00  0.3814190     58.720    12.8156    314.552 0.0000e+00
     57.601     4.4295 185.149762     2.1160 1.0000e-12     0.1411    96.5329 1.1722e-01 1.9691e+00  0.3814190     58.737    12.8073    314.554 0.0000e+00
     57.616     4.4288 185.137819     2.1148 1.0000e-12     0.1422    96.5068 1.1844e-01 1.9691e+00  0.3814190     58.752    12.7992    314.541 0.0000e+00
     57.631     4.4289 185.161706     2.1148 1.0000e-12     0.1422    96.5068 1.1722e-01 1.9691e+00  0.3814190     58.767    12.7988    314.580 0.0000e+00
     57.646     4.4287 185.101992     2.1148 1.0000e-12     0.1422    96.5068 1.1722e-01 1.9691e+00  0.3814190     58.783    12.7985    314.481 0.0000e+00
     57.661     4.4285 185.101993     2.1160 1.0000e-12     0.1422    96.5068 1.1600e-01 1.9691e+00  0.3818347     58.798    12.8089    314.483 0.0000e+00
     57.675     4.4285 185.137821     2.1160 1.0000e-12     0.1411    96.5329 1.1477e-01 1.9691e+00  0.3814190     58.812    12.8099    314.544 0.0000e+00
     57.690     4.4287 185.090051     2.1160 1.0000e-12     0.1422    96.5068 1.1233e-01 1.9691e+00  0.3805874     58.827    12.8095    314.461 0.0000e+00
     57.705     4.4290 185.185591     2.1160 1.0000e-12     0.1422    96.5068 1.0989e-01 1.9691e+00  0.3801717     58.843    12.8076    314.620 0.0000e+00
     57.721     4.4290 185.233363     2.1160 1.0000e-12     0.1411    96.5329 1.0989e-01 1.9691e+00  0.3801717     58.859    12.8058    314.701 0.0000e+00
     57.737     4.4292 185.161707     2.1160 1.0000e-12     0.1422    96.5068 1.1111e-01 1.9691e+00  0.3801717     58.875    12.8070    314.577 0.0000e+00
     57.753     4.4293 185.173650     2.1160 1.0000e-12     0.1401    96.5591 1.1355e-01 1.9691e+00  0.3801717     58.892    12.8068    314.596 0.0000e+00
     57.769     4.4294 185.125880     2.1160 1.0000e-12     0.1390    96.5852 1.1600e-01 1.9691e+00  0.3801717     58.908    12.8081    314.514 0.0000e+00
     57.785     4.4292 185.173650     2.1160 1.0000e-12     0.1379    96.6114 1.1722e-01 1.9691e+00  0.3801717     58.924    12.8067    314.597 0.0000e+00
     57.801     4.4293 185.149766     2.1160 1.0000e-12     0.1379    96.6114 1.1600e-01 1.9691e+00  0.3801717     58.941    12.8067    314.556 0.0000e+00
     57.817     4.4282 185.161709     2.1160 1.0000e-12     0.1390    96.5852 1.1477e-01 1.9691e+00  0.3801717     58.957    12.8072    314.588 0.0000e+00
     57.833     4.4273 185.137825     2.1160 1.0000e-12     0.1390    96.5852 1.1477e-01 1.9691e+00  0.3801717     58.973    12.8089    314.557 0.0000e+00
     57.848     4.4267 185.101997     2.1160 1.0000e-12     0.1390    96.5852 1.1477e-01 1.9691e+00  0.3801717     58.989    12.8091    314.502 0.0000e+00
     57.863     4.4261 185.125883     2.1160 1.0000e-12     0.1390    96.5852 1.1844e-01 1.9691e+00  0.3801717     59.004    12.8093    314.549 0.0000e+00
     57.878     4.4260 185.161712     2.1160 1.0000e-12     0.1379    96.6114 1.3309e-01 1.9691e+00  0.3801717     59.019    12.8079    314.611 0.0000e+00
     57.893     4.4262 185.137826     2.1160 1.0000e-12     0.1390    96.5852 1.4042e-01 1.9691e+00  0.3801717     59.034    12.8093    314.569 0.0000e+00
     57.908     4.4261 185.090056     2.1172 1.0000e-12     0.1379    96.6114 1.3553e-01 1.9691e+00  0.3801717     59.050    12.8203    314.488 0.0000e+00
     57.924     4.4260 185.102000     2.1172 1.0000e-12     0.1379    96.6114 1.3553e-01 1.9691e+00  0.3801717     59.066    12.8219    314.510 0.0000e+00
     57.939     4.4256 185.078114     2.1160 1.0000e-12     0.1379    96.6114 1.3309e-01 1.9691e+00  0.3801717     59.081    12.8115    314.474 0.0000e+00
     57.954     4.4252 185.102000     2.1160 1.0000e-12     0.1390    96.5852 1.2821e-01 1.9691e+00  0.3801717     59.097    12.8105    314.518 0.0000e+00
     57.972     4.4247 185.149771     2.1160 1.0000e-12     0.1390    96.5852 1.2332e-01 1.9691e+00  0.3801717     59.115    12.8111    314.605 0.0000e+00
     57.991     4.4240 185.137830     2.1160 1.0000e-12     0.1390    96.5852 1.2210e-01 1.9691e+00  0.3801717     59.134    12.8104    314.592 0.0000e+00
     58.007     4.4235 185.102003     2.1160 1.0000e-12     0.1390    96.5852 1.2088e-01 1.9691e+00  0.3801717     59.151    12.8082    314.537 0.0000e+00
     58.023     4.4229 185.102003     2.1160 1.0000e-12     0.1390    96.5852 1.1722e-01 1.9691e+00  0.3801717     59.167    12.8060    314.543 0.0000e+00
     58.037     4.4224 185.066176     2.1172 1.0000e-12     0.1390    96.5852 1.1722e-01 1.9691e+00  0.3801717     59.181    12.8132    314.487 0.0000e+00
     58.053     4.4220 185.090061     2.1160 1.0000e-12     0.1390    96.5852 1.1355e-01 1.9691e+00  0.3801717     59.198    12.8045    314.532 0.0000e+00
     58.069     4.4211 185.078120     2.1160 1.0000e-12     0.1390    96.5852 1.1355e-01 1.9691e+00  0.3801717     59.214    12.8039    314.522 0.0000e+00
     58.085     4.4205 185.125891     2.1148 1.0000e-12     0.1379    96.6114 1.1477e-01 1.9691e+00  0.3805874     59.230    12.7953    314.609 0.0000e+00
     58.100     4.4197 185.090064     2.1148 1.0000e-12     0.1390    96.5852 1.1355e-01 1.9691e+00  0.3805874     59.245    12.7962    314.557 0.0000e+00
     58.114     4.4192 185.078121     2.1160 1.0000e-12     0.1390    96.5852 1.1355e-01 1.9691e+00  0.3810032     59.260    12.8063    314.542 0.0000e+00
     58.129     4.4191 185.078122     2.1148 1.0000e-12     0.1390    96.5852 1.1355e-01 1.9691e+00  0.3810032     59.275    12.7961    314.543 0.0000e+00
     58.145     4.4187 185.054237     2.1160 1.0000e-12     0.1379    96.6114 1.1477e-01 1.9691e+00  0.3810032     59.291    12.8048    314.507 0.0000e+00
     58.160     4.4184 185.161721     2.1148 1.0000e-12     0.1379    96.6114 1.1233e-01 1.9691e+00  0.3810032     59.307    12.7948    314.693 0.0000e+00
     58.177     4.4184 185.102009     2.1160 1.0000e-12     0.1379    96.6114 1.0989e-01 1.9691e+00  0.3805874     59.324    12.8035    314.591 0.0000e+00
     58.193     4.4181 185.054239     2.1160 1.0000e-12     0.1390    96.5852 1.0989e-01 1.9691e+00  0.3810032     59.340    12.8044    314.513 0.0000e+00
     58.209     4.4181 185.090066     2.1172 1.0000e-12     0.1390    96.5852 1.1111e-01 1.9691e+00  0.3810032     59.357    12.8145    314.574 0.0000e+00
     58.224     4.4175 185.078125     2.1160 1.0000e-12     0.1390    96.5852 1.1233e-01 1.9691e+00  0.3810032     59.372    12.8062    314.560 0.0000e+00
     58.240     4.4175 185.149780     2.1160 1.0000e-12     0.1379    96.6114 1.1600e-01 1.9691e+00  0.3810032     59.388    12.8056    314.682 0.0000e+00
     58.256     4.4175 185.102010     2.1148 1.0000e-12     0.1390    96.5852 1.1722e-01 1.9691e+00  0.3810032     59.405    12.7957    314.601 0.0000e+00
     58.272     4.4170 185.102012     2.1160 1.0000e-12     0.1390    96.5852 1.1355e-01 1.9691e+00  0.3810032     59.421    12.8047    314.606 0.0000e+00
     58.287     4.4165 185.113953     2.1160 1.0000e-12     0.1390    96.5852 1.1111e-01 1.9691e+00  0.3810032     59.436    12.8058    314.632 0.0000e+00
     58.303     4.4163 185.066184     2.1160 1.0000e-12     0.1379    96.6114 1.1233e-01 1.9691e+00  0.3810032     59.453    12.8070    314.553 0.0000e+00
     58.318     4.4165 185.078127     2.1148 1.0000e-12     0.1390    96.5852 1.1355e-01 1.9691e+00  0.3810032     59.468    12.8001    314.571 0.0000e+00
     58.334     4.4160 185.078127     2.1148 1.0000e-12     0.1379    96.6114 1.1355e-01 1.9691e+00  0.3810032     59.484    12.8000    314.576 0.0000e+00
     58.350     4.4156 185.102013     2.1148 1.0000e-12     0.1390    96.5852 1.1233e-01 1.9691e+00  0.3810032     59.500    12.7999    314.621 0.0000e+00
     58.366     4.4152 185.066186     2.1148 1.0000e-12     0.1390    96.5852 1.1233e-01 1.9691e+00  0.3810032     59.517    12.8013    314.564 0.0000e+00
     58.381     4.4151 185.054244     2.1148 1.0000e-12     0.1390    96.5852 1.1233e-01 1.9691e+00  0.3810032     59.532    12.8012    314.545 0.0000e+00
     58.397     4.4149 185.125899     2.1148 1.0000e-12     0.1379    96.6114 1.0989e-01 1.9691e+00  0.3810032     59.548    12.8012    314.669 0.0000e+00
     58.413     4.4146 185.042303     2.1148 1.0000e-12     0.1390    96.5852 1.0867e-01 1.9691e+00  0.3810032     59.565    12.8013    314.530 0.0000e+00
     58.427     4.4146 185.054244     2.1160 1.0000e-12     0.1379    96.6114 1.1111e-01 1.9691e+00  0.3810032     59.579    12.8136    314.551 0.0000e+00
     58.442     4.4143 185.030360     2.1148 1.0000e-12     0.1379    96.6114 1.1355e-01 1.9691e+00  0.3810032     59.594    12.8058    314.513 0.0000e+00
     58.459     4.4140 185.054246     2.1160 1.0000e-12     0.1379    96.6114 1.1477e-01 1.9691e+00  0.3810032     59.612    12.8154    314.557 0.0000e+00
     58.474     4.4140 185.078131     2.1160 1.0000e-12     0.1379    96.6114 1.1477e-01 1.9691e+00  0.3810032     59.627    12.8140    314.598 0.0000e+00
     58.489     4.4139 185.078131     2.1160 1.0000e-12     0.1368    96.6375 1.2088e-01 1.9691e+00  0.3810032     59.642    12.8127    314.599 0.0000e+00
     58.503     4.4137 185.078132     2.1148 1.0000e-12     0.1379    96.6114 1.2698e-01 1.9691e+00  0.3814190     59.656    12.8036    314.601 0.0000e+00
     58.517     4.4130 185.078133     2.1148 1.0000e-12     0.1379    96.6114 1.2332e-01 1.9691e+00  0.3810032     59.671    12.8026    314.608 0.0000e+00
     58.532     4.4132 185.054247     2.1148 1.0000e-12     0.1379    96.6114 1.1722e-01 1.9691e+00  0.3810032     59.686    12.8027    314.566 0.0000e+00
     58.547     4.4128 185.054249     2.1148 1.0000e-12     0.1379    96.6114 1.2698e-01 1.9691e+00  0.3810032     59.701    12.8017    314.570 0.0000e+00
     58.561     4.4123 185.078133     2.1160 1.0000e-12     0.1379    96.6114 1.3309e-01 1.9691e+00  0.3810032     59.716    12.8100    314.616 0.0000e+00
     58.575     4.4124 185.030364     2.1160 1.0000e-12     0.1379    96.6114 1.3187e-01 1.9691e+00  0.3810032     59.730    12.8104    314.534 0.0000e+00
     58.588     4.4119 185.090076     2.1160 1.0000e-12     0.1379    96.6114 1.2698e-01 1.9691e+00  0.3810032     59.743    12.8125    314.640 0.0000e+00
     58.604     4.4114 185.018422     2.1148 1.0000e-12     0.1368    96.6375 1.2210e-01 1.9691e+00  0.3810032     59.759    12.8039    314.524 0.0000e+00
