data/05_metadata_exports/SeabirdData/202305_SeabirdData/83436_stn34-night.cnv
* Sea-Bird SBE 9 Data File:
* FileName = C:\Users\rosette\Rosette Data\2023\Ontario CSMI\stn34-night.hex
* Software Version Seasave V 7.26.6.26
* Temperature SN = 5270
* Conductivity SN = 1168
* Number of Bytes Per Scan = 40
* Number of Voltage Words = 5
* Number of Scans Averaged by the Deck Unit = 1
* NMEA Latitude = 43 27.68 N
* NMEA Longitude = 078 45.51 W
* NMEA UTC (Time) = Oct 03 2003  07:44:00
* NMEA baud rate = 4800
** Ship: Lake Guardian
** Ontario CSMI LWFS
** Station:  stn34-night
# nquan = 14                                
# nvalues = 18027                       
# units = specified
# name 0 = prDM: Pressure, Digiquartz [db]
# name 1 = t090C: Temperature [ITS-90, deg C]
# name 2 = c0uS/cm: Conductivity [uS/cm]
# name 3 = sbeox0V: Oxygen raw, SBE 43 [V]
# name 4 = par: PAR/Irradiance, Biospherical/Licor
# name 5 = bat: Beam Attenuation, Chelsea/Seatech [1/m]
# name 6 = xmiss: Beam Transmission, Chelsea/Seatech [%]
# name 7 = flSP: Fluorescence, Seapoint
# name 8 = spar: SPAR, Biospherical/Licor
# name 9 = upoly0: Upoly 0, Suna Nitrate
# name 10 = depFM: Depth [fresh water, m], lat = 43.4613
# name 11 = sbeox0Mg/L: Oxygen, SBE 43 [mg/l], WS = 2
# name 12 = specc: Specific Conductance [uS/cm]
# name 13 = flag: flag
# span 0 =     -0.223,    132.310       
# span 1 =     3.8663,     9.9894       
# span 2 =-268.048359, 336.240725       
# span 3 =     1.8742,     2.5324       
# span 4 = 1.0000e-12, 3.4937e+00       
# span 5 =     0.0767,     2.4221       
# span 6 =    54.5791,    98.1013       
# span 7 = 3.2967e-02, 2.2747e+00       
# span 8 = 0.0000e+00, 1.9691e+00       
# span 9 =  0.0741704,  0.3984652       
# span 10 =     -0.227,    134.919      
# span 11 =     9.3442,    14.3886      
# span 12 =   -403.759,    506.434      
# span 13 = 0.0000e+00, 0.0000e+00      
# interval = seconds: 0.0416667
# start_time = Oct 03 2003 07:44:00 [NMEA time, header]
# bad_flag = -9.990e-29
*END*
[from data line 3097]
      1.860     9.8949 210.476480     2.4774 1.0000e-12     0.9818    78.2353 1.6618e+00 0.0000e+00  0.2895354      1.897    13.4822    301.566 -9.990e-29
      1.861     9.8949 210.512411     2.4786 1.0000e-12     0.9818    78.2353 1.6777e+00 0.0000e+00  0.2899512      1.898    13.4873    301.617 -9.990e-29
      1.863     9.8952 210.560320     2.4786 5.0216e-03     0.9818    78.2353 1.7009e+00 0.0000e+00  0.2895354      1.900    13.4848    301.683 -9.990e-29
      1.866     9.8952 210.524389     2.4786 9.8651e-03     0.9831    78.2092 1.7411e+00 0.0000e+00  0.2895354      1.903    13.4837    301.632 -9.990e-29
      1.870     9.8946 210.476481     2.4786 1.0527e-02     0.9818    78.2353 1.7888e+00 0.0000e+00  0.2895354      1.907    13.4823    301.568 -9.990e-29
      1.871     9.8942 210.476480     2.4799 1.8052e-02     0.9818    78.2353 1.8034e+00 0.0000e+00  0.2895354      1.908    13.4889    301.572 -9.990e-29
      1.871     9.8939 210.512412     2.4811 2.8329e-02     0.9818    78.2353 1.7888e+00 0.0000e+00  0.2895354      1.908    13.4943    301.626 -9.990e-29
      1.870     9.8941 210.488457     2.4799 2.7189e-02     0.9805    78.2615 1.7411e+00 0.0000e+00  0.2899512      1.907    13.4849    301.590 -9.990e-29
      1.870     9.8942 210.476480     2.4811 6.9346e-03     0.9818    78.2353 1.7118e+00 0.0000e+00  0.2899512      1.907    13.4909    301.572 -9.990e-29
      1.870     9.8946 210.524389     2.4811 1.0000e-12     0.9818    78.2353 1.7009e+00 0.0000e+00  0.2899512      1.907    13.4884    301.637 -9.990e-29
      1.870     9.8946 210.464502     2.4811 1.0000e-12     0.9791    78.2876 1.6825e+00 0.0000e+00  0.2899512      1.907    13.4864    301.551 -9.990e-29
      1.870     9.8947 210.452525     2.4811 1.0000e-12     0.9778    78.3138 1.6789e+00 0.0000e+00  0.2903670      1.907    13.4848    301.533 -9.990e-29
      1.870     9.8950 210.416592     2.4811 1.0000e-12     0.9791    78.2876 1.6545e+00 0.0000e+00  0.2903670      1.907    13.4827    301.479 -9.990e-29
      1.869     9.8951 210.500434     2.4823 1.0000e-12     0.9778    78.3138 1.6178e+00 0.0000e+00  0.2903670      1.906    13.4882    301.598 -9.990e-29
      1.869     9.8957 210.488456     2.4823 7.5476e-05     0.9778    78.3138 1.5922e+00 0.0000e+00  0.2903670      1.906    13.4860    301.576 -9.990e-29
      1.869     9.8968 210.524388     2.4823 6.8165e-04     0.9778    78.3138 1.5726e+00 0.0000e+00  0.2903670      1.906    13.4840    301.618 -9.990e-29
      1.867     9.8974 210.488456     2.4823 6.8165e-04     0.9765    78.3399 1.5678e+00 0.0000e+00  0.2903670      1.904    13.4818    301.561 -9.990e-29
      1.864     9.8977 210.548341     2.4835 9.8601e-04     0.9778    78.3138 1.5824e+00 0.0000e+00  0.2903670      1.901    13.4882    301.645 -9.990e-29
      1.862     9.8975 210.524387     2.4835 1.2912e-03     0.9778    78.3138 1.6154e+00 0.0000e+00  0.2903670      1.899    13.4863    301.612 -9.990e-29
      1.859     9.8977 210.548342     2.4835 1.2912e-03     0.9791    78.2876 1.5995e+00 0.0000e+00  0.2903670      1.896    13.4848    301.645 -9.990e-29
      1.856     9.8982 210.536364     2.4835 1.0195e-02     0.9791    78.2876 1.5885e+00 0.0000e+00  0.2899512      1.893    13.4847    301.623 -9.990e-29
      1.852     9.8986 210.524386     2.4847 1.9115e-02     0.9778    78.3138 1.6032e+00 0.0000e+00  0.2903670      1.889    13.4922    301.602 -9.990e-29
      1.847     9.8985 210.560318     2.4847 1.6999e-02     0.9778    78.3138 1.5897e+00 0.0000e+00  0.2903670      1.883    13.4915    301.655 -9.990e-29
      1.843     9.8987 210.584274     2.4847 3.4520e-03     0.9778    78.3138 1.5739e+00 0.0000e+00  0.2903670      1.879    13.4903    301.687 -9.990e-29
      1.838     9.8980 210.572295     2.4847 1.0000e-12     0.9791    78.2876 1.5702e+00 0.0000e+00  0.2903670      1.874    13.4909    301.676 -9.990e-29
      1.833     9.8982 210.536364     2.4847 1.0000e-12     0.9791    78.2876 1.5482e+00 0.0000e+00  0.2903670      1.869    13.4898    301.623 -9.990e-29
      1.828     9.8980 210.488453     2.4860 1.0000e-12     0.9778    78.3138 1.5287e+00 0.0000e+00  0.2903670      1.864    13.4981    301.556 -9.990e-29
      1.824     9.8977 210.476476     2.4860 1.0000e-12     0.9778    78.3138 1.4982e+00 0.0000e+00  0.2903670      1.860    13.4964    301.542 -9.990e-29
      1.821     9.8978 210.476476     2.4860 1.0000e-12     0.9778    78.3138 1.5055e+00 0.0000e+00  0.2903670      1.857    13.4952    301.541 -9.990e-29
      1.816     9.8977 210.524387     2.4860 1.0000e-12     0.9778    78.3138 1.5336e+00 0.0000e+00  0.2903670      1.852    13.4936    301.610 -9.990e-29
      1.810     9.8977 210.488453     2.4860 1.0000e-12     0.9805    78.2615 1.5311e+00 0.0000e+00  0.2903670      1.846    13.4927    301.559 -9.990e-29
      1.803     9.8967 210.476477     2.4872 1.5607e-02     0.9818    78.2353 1.5079e+00 0.0000e+00  0.2903670      1.839    13.5007    301.550 -9.990e-29
      1.796     9.8960 210.476476     2.4860 7.7010e-02     0.9818    78.2353 1.5018e+00 0.0000e+00  0.2903670      1.831    13.4923    301.556 -9.990e-29
      1.791     9.8957 210.512410     2.4872 1.0247e-01     0.9831    78.2092 1.5031e+00 0.0000e+00  0.2903670      1.826    13.5004    301.610 -9.990e-29
      1.787     9.8962 210.512408     2.4872 3.3779e-02     0.9818    78.2353 1.4969e+00 0.0000e+00  0.2903670      1.822    13.4998    301.606 -9.990e-29
      1.783     9.8964 210.512409     2.4872 7.5476e-05     0.9818    78.2353 1.4579e+00 0.0000e+00  0.2903670      1.818    13.4980    301.604 -9.990e-29
      1.779     9.8967 210.560318     2.4872 1.0000e-12     0.9818    78.2353 1.4493e+00 0.0000e+00  0.2903670      1.814    13.4969    301.670 -9.990e-29
      1.775     9.8967 210.524386     2.4872 1.0000e-12     0.9818    78.2353 1.4628e+00 0.0000e+00  0.2899512      1.810    13.4955    301.619 -9.990e-29
      1.770     9.8968 210.512408     2.4884 1.0000e-12     0.9831    78.2092 1.4725e+00 0.0000e+00  0.2891197      1.805    13.5026    301.601 -9.990e-29
      1.766     9.8968 210.524385     2.4884 1.0000e-12     0.9818    78.2353 1.4847e+00 0.0000e+00  0.2887039      1.801    13.5015    301.618 -9.990e-29
      1.762     9.8967 210.488453     2.4884 1.0000e-12     0.9818    78.2353 1.4982e+00 0.0000e+00  0.2887039      1.797    13.5001    301.567 -9.990e-29
      1.759     9.8968 210.476476     2.4884 1.0000e-12     0.9831    78.2092 1.5336e+00 0.0000e+00  0.2891197      1.794    13.4984    301.549 -9.990e-29
      1.756     9.8964 210.548340     2.4884 1.0000e-12     0.9831    78.2092 1.5556e+00 0.0000e+00  0.2887039      1.791    13.4974    301.656 -9.990e-29
      1.754     9.8964 210.500431     2.4896 1.0000e-12     0.9818    78.2353 1.5665e+00 0.0000e+00  0.2887039      1.789    13.5041    301.587 -9.990e-29
      1.752     9.8964 210.512408     2.4896 1.0000e-12     0.9831    78.2092 1.5922e+00 0.0000e+00  0.2899512      1.787    13.5024    301.604 -9.990e-29
      1.750     9.8962 210.488454     2.4896 1.0000e-12     0.9831    78.2092 1.5873e+00 0.0000e+00  0.2903670      1.785    13.5015    301.572 -9.990e-29
      1.747     9.8959 210.476476     2.4896 1.0000e-12     0.9831    78.2092 1.5836e+00 0.0000e+00  0.2899512      1.781    13.5013    301.557 -9.990e-29
      1.743     9.8957 210.512408     2.4896 1.0000e-12     0.9831    78.2092 1.5873e+00 0.0000e+00  0.2899512      1.777    13.5007    301.610 -9.990e-29
      1.740     9.8960 210.536362     2.4908 1.0000e-12     0.9818    78.2353 1.5641e+00 0.0000e+00  0.2899512      1.774    13.5077    301.642 -9.990e-29
      1.739     9.8964 210.476476     2.4908 1.0000e-12     0.9831    78.2092 1.5580e+00 0.0000e+00  0.2899512      1.773    13.5073    301.553 -9.990e-29
      1.738     9.8969 210.512407     2.4908 1.0000e-12     0.9805    78.2615 1.5910e+00 0.0000e+00  0.2903670      1.772    13.5066    301.600 -9.990e-29
      1.737     9.8977 210.488452     2.4896 6.2933e-03     0.9778    78.3138 1.6520e+00 0.0000e+00  0.2903670      1.771    13.4976    301.559 -9.990e-29
      1.736     9.8990 210.512406     2.4908 1.1860e-02     0.9751    78.3660 1.6899e+00 0.0000e+00  0.2903670      1.770    13.5041    301.582 -9.990e-29
      1.736     9.8998 210.440540     2.4908 1.0195e-02     0.9751    78.3660 1.7021e+00 0.0000e+00  0.2903670      1.770    13.5026    301.472 -9.990e-29
      1.736     9.8989 210.488452     2.4908 1.2912e-03     0.9765    78.3399 1.7192e+00 0.0000e+00  0.2903670      1.770    13.5015    301.548 -9.990e-29
      1.735     9.8988 210.512406     2.4908 1.0000e-12     0.9765    78.3399 1.7277e+00 0.0000e+00  0.2903670      1.769    13.4998    301.584 -9.990e-29
      1.735     9.8988 210.512406     2.4921 1.0000e-12     0.9765    78.3399 1.7350e+00 0.0000e+00  0.2903670      1.769    13.5075    301.584 -9.990e-29
      1.735     9.8992 210.464497     2.4921 1.0000e-12     0.9751    78.3660 1.7619e+00 0.0000e+00  0.2899512      1.769    13.5053    301.511 -9.990e-29
      1.734     9.8990 210.464497     2.4921 1.0000e-12     0.9751    78.3660 1.7680e+00 0.0000e+00  0.2895354      1.768    13.5049    301.513 -9.990e-29
      1.733     9.8995 210.512405     2.4908 1.0000e-12     0.9765    78.3399 1.7302e+00 0.0000e+00  0.2891197      1.767    13.4953    301.577 -9.990e-29
      1.733     9.8998 210.536361     2.4921 1.0000e-12     0.9751    78.3660 1.6667e+00 0.0000e+00  0.2887039      1.767    13.5030    301.609 -9.990e-29
      1.734     9.9005 210.476471     2.4921 1.0000e-12     0.9751    78.3660 1.6227e+00 0.0000e+00  0.2891197      1.768    13.5016    301.517 -9.990e-29
      1.737     9.9008 210.500429     2.4921 7.2565e-03     0.9751    78.3660 1.6093e+00 0.0000e+00  0.2891197      1.771    13.5010    301.549 -9.990e-29
      1.738     9.9013 210.512405     2.4921 2.9865e-02     0.9765    78.3399 1.6374e+00 0.0000e+00  0.2891197      1.772    13.4992    301.562 -9.990e-29
      1.739     9.9013 210.524381     2.4921 3.6991e-02     0.9751    78.3660 1.6752e+00 0.0000e+00  0.2878724      1.773    13.4983    301.579 -9.990e-29
      1.741     9.9016 210.488450     2.4921 1.2533e-02     0.9751    78.3660 1.6606e+00 0.0000e+00  0.2870409      1.775    13.4962    301.525 -9.990e-29
      1.743     9.9019 210.560314     2.4921 1.0000e-12     0.9751    78.3660 1.6349e+00 0.0000e+00  0.2870409      1.777    13.4940    301.625 -9.990e-29
      1.743     9.9021 210.524382     2.4921 1.0000e-12     0.9751    78.3660 1.5995e+00 0.0000e+00  0.2870409      1.777    13.4925    301.572 -9.990e-29
      1.744     9.9020 210.488448     2.4921 1.0000e-12     0.9751    78.3660 1.5568e+00 0.0000e+00  0.2870409      1.778    13.4910    301.522 -9.990e-29
      1.746     9.9023 210.476473     2.4933 1.0000e-12     0.9765    78.3399 1.5336e+00 0.0000e+00  0.2870409      1.780    13.4982    301.502 -9.990e-29
      1.747     9.9019 210.512403     2.4933 1.0000e-12     0.9765    78.3399 1.5189e+00 0.0000e+00  0.2870409      1.781    13.4974    301.557 -9.990e-29
      1.748     9.9020 210.536359     2.4933 5.9741e-03     0.9765    78.3399 1.5226e+00 0.0000e+00  0.2870409      1.782    13.4963    301.590 -9.990e-29
      1.751     9.9021 210.488449     2.4933 1.0859e-02     0.9751    78.3660 1.5360e+00 0.0000e+00  0.2870409      1.786    13.4951    301.521 -9.990e-29
      1.753     9.9019 210.512405     2.4945 9.5358e-03     0.9751    78.3660 1.5409e+00 0.0000e+00  0.2870409      1.788    13.5028    301.557 -9.990e-29
      1.755     9.9018 210.524382     2.4945 9.8601e-04     0.9751    78.3660 1.5372e+00 0.0000e+00  0.2870409      1.790    13.5023    301.575 -9.990e-29
      1.757     9.9020 210.488449     2.4933 1.0000e-12     0.9751    78.3660 1.5263e+00 0.0000e+00  0.2870409      1.792    13.4927    301.522 -9.990e-29
      1.759     9.9019 210.560314     2.4933 1.0000e-12     0.9765    78.3399 1.5165e+00 0.0000e+00  0.2870409      1.794    13.4901    301.625 -9.990e-29
      1.762     9.9016 210.524382     2.4933 1.0000e-12     0.9751    78.3660 1.5214e+00 0.0000e+00  0.2870409      1.797    13.4894    301.577 -9.990e-29
      1.766     9.9011 210.524383     2.4933 1.0000e-12     0.9751    78.3660 1.5189e+00 0.0000e+00  0.2870409      1.801    13.4877    301.581 -9.990e-29
      1.769     9.9009 210.464496     2.4933 1.0000e-12     0.9751    78.3660 1.5055e+00 0.0000e+00  0.2870409      1.804    13.4858    301.497 -9.990e-29
      1.772     9.9008 210.452518     2.4933 7.5476e-05     0.9751    78.3660 1.5079e+00 0.0000e+00  0.2870409      1.807    13.4847    301.480 -9.990e-29
      1.774     9.9011 210.452518     2.4933 3.7813e-04     0.9738    78.3922 1.5336e+00 0.0000e+00  0.2870409      1.809    13.4845    301.478 -9.990e-29
      1.778     9.9010 210.512406     2.4945 1.0000e-12     0.9751    78.3660 1.5580e+00 0.0000e+00  0.2870409      1.813    13.4922    301.565 -9.990e-29
      1.781     9.9009 210.536361     2.4945 1.0000e-12     0.9751    78.3660 1.5983e+00 0.0000e+00  0.2870409      1.816    13.4910    301.600 -9.990e-29
      1.782     9.9011 210.488450     2.4945 1.0000e-12     0.9751    78.3660 1.6239e+00 0.0000e+00  0.2870409      1.817    13.4895    301.529 -9.990e-29
      1.785     9.9008 210.428563     2.4945 1.0000e-12     0.9751    78.3660 1.6203e+00 0.0000e+00  0.2870409      1.820    13.4891    301.446 -9.990e-29
      1.788     9.9009 210.440542     2.4957 1.0000e-12     0.9751    78.3660 1.6252e+00 0.0000e+00  0.2870409      1.823    13.4956    301.462 -9.990e-29
      1.792     9.9006 210.464497     2.4933 1.0000e-12     0.9751    78.3660 1.6300e+00 0.0000e+00  0.2870409      1.827    13.4782    301.499 -9.990e-29
      1.794     9.9005 210.548339     2.4945 1.0000e-12     0.9751    78.3660 1.6166e+00 0.0000e+00  0.2870409      1.829    13.4846    301.620 -9.990e-29
      1.798     9.9007 210.500427     2.4933 1.0000e-12     0.9751    78.3660 1.6007e+00 0.0000e+00  0.2874566      1.833    13.4749    301.550 -9.990e-29
      1.803     9.9000 210.512408     2.4933 1.0000e-12     0.9765    78.3399 1.5800e+00 0.0000e+00  0.2882881      1.839    13.4735    301.573 -9.990e-29
      1.808     9.8996 210.536362     2.4945 1.0000e-12     0.9831    78.2092 1.5836e+00 0.0000e+00  0.2891197      1.844    13.4800    301.611 -9.990e-29
      1.812     9.8988 210.512407     2.4933 1.0000e-12     0.9858    78.1569 1.5849e+00 0.0000e+00  0.2891197      1.848    13.4705    301.584 -9.990e-29
      1.816     9.8989 210.476475     2.4945 1.0000e-12     0.9845    78.1831 1.5849e+00 0.0000e+00  0.2891197      1.852    13.4776    301.531 -9.990e-29
      1.821     9.8985 210.476477     2.4945 1.0195e-02     0.9858    78.1569 1.5873e+00 0.0000e+00  0.2887039      1.857    13.4769    301.535 -9.990e-29
      1.823     9.8977 210.500431     2.4945 1.5954e-02     0.9858    78.1569 1.6215e+00 0.0000e+00  0.2891197      1.859    13.4763    301.576 -9.990e-29
      1.825     9.8977 210.512408     2.4945 9.8651e-03     0.9845    78.1831 1.6337e+00 0.0000e+00  0.2891197      1.861    13.4754    301.593 -9.990e-29
      1.828     9.8978 210.524386     2.4945 7.5476e-05     0.9845    78.1831 1.6520e+00 0.0000e+00  0.2891197      1.864    13.4754    301.609 -9.990e-29
      1.832     9.8980 210.464500     2.4945 1.0000e-12     0.9845    78.1831 1.6777e+00 0.0000e+00  0.2891197      1.868    13.4763    301.522 -9.990e-29
      1.835     9.8983 210.464498     2.4933 1.0000e-12     0.9858    78.1569 1.7070e+00 0.0000e+00  0.2891197      1.871    13.4692    301.519 -9.990e-29
      1.839     9.8980 210.500432     2.4933 1.0000e-12     0.9858    78.1569 1.7082e+00 0.0000e+00  0.2887039      1.875    13.4693    301.573 -9.990e-29
      1.842     9.8978 210.488454     2.4945 1.0000e-12     0.9845    78.1831 1.6593e+00 0.0000e+00  0.2887039      1.878    13.4764    301.558 -9.990e-29
      1.845     9.8970 210.476478     2.4933 1.8760e-02     0.9845    78.1831 1.6361e+00 0.0000e+00  0.2891197      1.881    13.4687    301.548 -9.990e-29
