data/05_metadata_exports/SeabirdData/202305_SeabirdData/83436_stn34-night.cnv
* Sea-Bird SBE 9 Data File:
* FileName = C:\Users\rosette\Rosette Data\2023\Ontario CSMI\stn34-night.hex
* Software Version Seasave V 7.26.6.26
* Temperature SN = 5270
* Conductivity SN = 1168
* Number of Bytes Per Scan = 40
* Number of Voltage Words = 5
* Number of Scans Averaged by the Deck Unit = 1
* NMEA Latitude = 43 27.68 N
* NMEA Longitude = 078 45.51 W
* NMEA UTC (Time) = Oct 03 2003  07:44:00
* NMEA baud rate = 4800
** Ship: Lake Guardian
** Ontario CSMI LWFS
** Station:  stn34-night
# nquan = 14                                
# nvalues = 18027                       
# units = specified
# name 0 = prDM: Pressure, Digiquartz [db]
# name 1 = t090C: Temperature [ITS-90, deg C]
# name 2 = c0uS/cm: Conductivity [uS/cm]
# name 3 = sbeox0V: Oxygen raw, SBE 43 [V]
# name 4 = par: PAR/Irradiance, Biospherical/Licor
# name 5 = bat: Beam Attenuation, Chelsea/Seatech [1/m]
# name 6 = xmiss: Beam Transmission, Chelsea/Seatech [%]
# name 7 = flSP: Fluorescence, Seapoint
# name 8 = spar: SPAR, Biospherical/Licor
# name 9 = upoly0: Upoly 0, Suna Nitrate
# name 10 = depFM: Depth [fresh water, m], lat = 43.4613
# name 11 = sbeox0Mg/L: Oxygen, SBE 43 [mg/l], WS = 2
# name 12 = specc: Specific Conductance [uS/cm]
# name 13 = flag: flag
# span 0 =     -0.223,    132.310       
# span 1 =     3.8663,     9.9894       
# span 2 =-268.048359, 336.240725       
# span 3 =     1.8742,     2.5324       
# span 4 = 1.0000e-12, 3.4937e+00       
# span 5 =     0.0767,     2.4221       
# span 6 =    54.5791,    98.1013       
# span 7 = 3.2967e-02, 2.2747e+00       
# span 8 = 0.0000e+00, 1.9691e+00       
# span 9 =  0.0741704,  0.3984652       
# span 10 =     -0.227,    134.919      
# span 11 =     9.3442,    14.3886      
# span 12 =   -403.759,    506.434      
# span 13 = 0.0000e+00, 0.0000e+00      
# interval = seconds: 0.0416667
# start_time = Oct 03 2003 07:44:00 [NMEA time, header]
# bad_flag = -9.990e-29
*END*
[from data line 3820]
      1.844     9.8991 210.524386     2.5043 2.7948e-02     0.9791    78.2876 1.6081e+00 0.0000e+00  0.2895354      1.880    13.5422    301.598 -9.990e-29
      1.843     9.8990 210.488454     2.5043 5.6008e-02     0.9791    78.2876 1.5800e+00 0.0000e+00  0.2895354      1.879    13.5412    301.548 -9.990e-29
      1.841     9.8993 210.512409     2.5031 6.0668e-02     0.9791    78.2876 1.5714e+00 0.0000e+00  0.2895354      1.877    13.5340    301.579 -9.990e-29
      1.838     9.8992 210.560317     2.5043 6.1616e-02     0.9805    78.2615 1.5556e+00 0.0000e+00  0.2895354      1.874    13.5428    301.649 -9.990e-29
      1.836     9.8988 210.524386     2.5031 6.3528e-02     0.9805    78.2615 1.5543e+00 0.0000e+00  0.2895354      1.872    13.5358    301.601 -9.990e-29
      1.834     9.8986 210.512407     2.5031 5.1477e-02     0.9791    78.2876 1.5397e+00 0.0000e+00  0.2891197      1.870    13.5377    301.585 -9.990e-29
      1.833     9.8982 210.548341     2.5031 9.8651e-03     0.9805    78.2615 1.5336e+00 0.0000e+00  0.2895354      1.869    13.5386    301.640 -9.990e-29
      1.831     9.8985 210.524386     2.5031 1.0000e-12     0.9805    78.2615 1.5433e+00 0.0000e+00  0.2895354      1.867    13.5393    301.603 -9.990e-29
      1.827     9.8985 210.476476     2.5043 1.0000e-12     0.9791    78.2876 1.5409e+00 0.0000e+00  0.2895354      1.863    13.5462    301.535 -9.990e-29
      1.823     9.8983 210.476477     2.5031 1.0000e-12     0.9805    78.2615 1.5324e+00 0.0000e+00  0.2895354      1.859    13.5372    301.536 -9.990e-29
      1.817     9.8982 210.524385     2.5043 1.0000e-12     0.9805    78.2615 1.5226e+00 0.0000e+00  0.2895354      1.853    13.5441    301.606 -9.990e-29
      1.812     9.8983 210.464498     2.5043 1.0000e-12     0.9791    78.2876 1.4994e+00 0.0000e+00  0.2895354      1.848    13.5440    301.519 -9.990e-29
      1.808     9.8982 210.452521     2.5055 1.0000e-12     0.9805    78.2615 1.4933e+00 0.0000e+00  0.2895354      1.844    13.5509    301.503 -9.990e-29
      1.805     9.8985 210.488453     2.5043 1.0000e-12     0.9805    78.2615 1.5092e+00 0.0000e+00  0.2895354      1.841    13.5416    301.552 -9.990e-29
      1.801     9.8986 210.524385     2.5031 1.0000e-12     0.9791    78.2876 1.5287e+00 0.0000e+00  0.2895354      1.837    13.5344    301.602 -9.990e-29
      1.797     9.8988 210.536362     2.5031 1.0000e-12     0.9765    78.3399 1.5263e+00 0.0000e+00  0.2895354      1.832    13.5341    301.618 -9.990e-29
      1.794     9.8994 210.512407     2.5043 1.0000e-12     0.9765    78.3399 1.5433e+00 0.0000e+00  0.2895354      1.829    13.5418    301.578 -9.990e-29
      1.789     9.8995 210.524384     2.5043 1.0000e-12     0.9751    78.3660 1.5458e+00 0.0000e+00  0.2895354      1.824    13.5407    301.595 -9.990e-29
      1.786     9.8991 210.512406     2.5043 1.0000e-12     0.9765    78.3399 1.5580e+00 0.0000e+00  0.2899512      1.821    13.5398    301.581 -9.990e-29
      1.783     9.8990 210.524385     2.5031 1.0000e-12     0.9765    78.3399 1.5433e+00 0.0000e+00  0.2895354      1.818    13.5327    301.599 -9.990e-29
      1.779     9.8992 210.560317     2.5031 1.0000e-12     0.9765    78.3399 1.5311e+00 0.0000e+00  0.2895354      1.814    13.5335    301.649 -9.990e-29
      1.775     9.8991 210.524383     2.5043 1.0000e-12     0.9765    78.3399 1.5238e+00 0.0000e+00  0.2895354      1.810    13.5405    301.598 -9.990e-29
      1.771     9.8991 210.512407     2.5031 1.0000e-12     0.9765    78.3399 1.5299e+00 0.0000e+00  0.2895354      1.806    13.5314    301.581 -9.990e-29
      1.767     9.8990 210.572293     2.5031 5.0216e-03     0.9751    78.3660 1.5543e+00 0.0000e+00  0.2895354      1.802    13.5323    301.668 -9.990e-29
      1.764     9.8990 210.524384     2.5043 1.0195e-02     0.9751    78.3660 1.5788e+00 0.0000e+00  0.2895354      1.799    13.5402    301.599 -9.990e-29
      1.762     9.8990 210.548339     2.5031 9.2075e-03     0.9765    78.3399 1.5897e+00 0.0000e+00  0.2895354      1.797    13.5331    301.633 -9.990e-29
      1.760     9.8990 210.524385     2.5043 9.8601e-04     0.9765    78.3399 1.6068e+00 0.0000e+00  0.2895354      1.795    13.5410    301.599 -9.990e-29
      1.756     9.8990 210.476474     2.5043 1.0000e-12     0.9751    78.3660 1.6264e+00 0.0000e+00  0.2895354      1.791    13.5401    301.530 -9.990e-29
      1.753     9.8990 210.476474     2.5043 1.0000e-12     0.9751    78.3660 1.6288e+00 0.0000e+00  0.2895354      1.788    13.5410    301.530 -9.990e-29
      1.751     9.8991 210.464496     2.5055 1.0000e-12     0.9765    78.3399 1.5995e+00 0.0000e+00  0.2895354      1.786    13.5480    301.512 -9.990e-29
      1.749     9.8990 210.512406     2.5043 1.0000e-12     0.9765    78.3399 1.5507e+00 0.0000e+00  0.2895354      1.783    13.5391    301.582 -9.990e-29
      1.747     9.8991 210.512406     2.5043 3.7813e-04     0.9765    78.3399 1.5226e+00 0.0000e+00  0.2895354      1.781    13.5381    301.581 -9.990e-29
      1.744     9.8995 210.524383     2.5031 1.6999e-02     0.9765    78.3399 1.5385e+00 0.0000e+00  0.2895354      1.778    13.5299    301.595 -9.990e-29
      1.742     9.8991 210.488451     2.5031 2.5684e-02     0.9751    78.3660 1.5849e+00 0.0000e+00  0.2895354      1.776    13.5309    301.547 -9.990e-29
      1.740     9.8992 210.452519     2.5031 1.4231e-02     0.9765    78.3399 1.6361e+00 0.0000e+00  0.2895354      1.774    13.5299    301.494 -9.990e-29
      1.738     9.8995 210.476474     2.5043 3.7813e-04     0.9751    78.3660 1.6545e+00 0.0000e+00  0.2895354      1.772    13.5377    301.526 -9.990e-29
      1.736     9.8995 210.500428     2.5031 1.0000e-12     0.9751    78.3660 1.6484e+00 0.0000e+00  0.2895354      1.770    13.5297    301.560 -9.990e-29
      1.735     9.8994 210.512406     2.5031 1.0000e-12     0.9738    78.3922 1.6728e+00 0.0000e+00  0.2895354      1.769    13.5317    301.578 -9.990e-29
      1.734     9.8991 210.524383     2.5043 1.0000e-12     0.9751    78.3660 1.7021e+00 0.0000e+00  0.2895354      1.768    13.5408    301.598 -9.990e-29
      1.732     9.8993 210.536361     2.5031 1.0000e-12     0.9751    78.3660 1.7192e+00 0.0000e+00  0.2895354      1.766    13.5327    301.614 -9.990e-29
      1.731     9.8993 210.560315     2.5031 1.0000e-12     0.9751    78.3660 1.7424e+00 0.0000e+00  0.2895354      1.765    13.5318    301.648 -9.990e-29
      1.730     9.8992 210.500429     2.5031 1.0000e-12     0.9738    78.3922 1.7766e+00 0.0000e+00  0.2895354      1.764    13.5328    301.563 -9.990e-29
      1.729     9.8991 210.512406     2.5031 1.0000e-12     0.9738    78.3922 1.7924e+00 0.0000e+00  0.2895354      1.763    13.5338    301.581 -9.990e-29
      1.728     9.8991 210.560315     2.5043 1.0000e-12     0.9751    78.3660 1.7778e+00 0.0000e+00  0.2895354      1.762    13.5418    301.650 -9.990e-29
      1.727     9.8995 210.572293     2.5043 1.0000e-12     0.9751    78.3660 1.7326e+00 0.0000e+00  0.2899512      1.761    13.5408    301.663 -9.990e-29
      1.728     9.8993 210.500427     2.5031 1.0000e-12     0.9751    78.3660 1.6813e+00 0.0000e+00  0.2882881      1.762    13.5320    301.562 -9.990e-29
      1.729     9.8991 210.548338     2.5031 1.0000e-12     0.9765    78.3399 1.6606e+00 0.0000e+00  0.2874566      1.763    13.5331    301.632 -9.990e-29
      1.731     9.8993 210.524384     2.5043 1.0000e-12     0.9751    78.3660 1.6654e+00 0.0000e+00  0.2874566      1.765    13.5410    301.596 -9.990e-29
      1.731     9.8994 210.512406     2.5031 1.5973e-03     0.9751    78.3660 1.6899e+00 0.0000e+00  0.2874566      1.765    13.5321    301.578 -9.990e-29
      1.730     9.8991 210.512405     2.5043 1.3549e-02     0.9751    78.3660 1.7009e+00 0.0000e+00  0.2874566      1.764    13.5402    301.581 -9.990e-29
      1.731     9.8993 210.512406     2.5031 1.8406e-02     0.9751    78.3660 1.6947e+00 0.0000e+00  0.2874566      1.765    13.5322    301.579 -9.990e-29
      1.732     9.8994 210.512406     2.5031 2.2723e-02     0.9738    78.3922 1.6777e+00 0.0000e+00  0.2874566      1.766    13.5331    301.578 -9.990e-29
      1.732     9.8993 210.512406     2.5043 6.9891e-02     0.9751    78.3660 1.6545e+00 0.0000e+00  0.2874566      1.766    13.5421    301.579 -9.990e-29
      1.732     9.8993 210.512405     2.5031 9.7805e-02     0.9751    78.3660 1.6471e+00 0.0000e+00  0.2874566      1.766    13.5351    301.579 -9.990e-29
      1.733     9.8990 210.512406     2.5031 4.8819e-02     0.9751    78.3660 1.6703e+00 0.0000e+00  0.2874566      1.767    13.5362    301.582 -9.990e-29
      1.734     9.8990 210.536361     2.5031 4.3911e-03     0.9751    78.3660 1.7070e+00 0.0000e+00  0.2874566      1.768    13.5372    301.616 -9.990e-29
      1.735     9.8990 210.536361     2.5043 1.0000e-12     0.9751    78.3660 1.7033e+00 0.0000e+00  0.2874566      1.769    13.5453    301.616 -9.990e-29
      1.736     9.8991 210.536360     2.5043 1.0000e-12     0.9751    78.3660 1.6349e+00 0.0000e+00  0.2874566      1.770    13.5454    301.615 -9.990e-29
      1.738     9.8990 210.512406     2.5031 1.0000e-12     0.9738    78.3922 1.5690e+00 0.0000e+00  0.2874566      1.772    13.5366    301.582 -9.990e-29
      1.740     9.8991 210.548338     2.5031 1.0000e-12     0.9738    78.3922 1.5372e+00 0.0000e+00  0.2874566      1.774    13.5367    301.632 -9.990e-29
      1.742     9.8988 210.500429     2.5031 1.0000e-12     0.9738    78.3922 1.5568e+00 0.0000e+00  0.2874566      1.776    13.5378    301.566 -9.990e-29
      1.744     9.8991 210.512406     2.5043 1.0000e-12     0.9751    78.3660 1.5726e+00 0.0000e+00  0.2874566      1.778    13.5457    301.581 -9.990e-29
      1.746     9.8985 210.536361     2.5043 1.0000e-12     0.9751    78.3660 1.5580e+00 0.0000e+00  0.2874566      1.780    13.5450    301.620 -9.990e-29
      1.749     9.8986 210.536361     2.5043 1.0000e-12     0.9738    78.3922 1.5592e+00 0.0000e+00  0.2874566      1.783    13.5450    301.620 -9.990e-29
      1.751     9.8986 210.560316     2.5031 1.0000e-12     0.9738    78.3922 1.5641e+00 0.0000e+00  0.2874566      1.786    13.5371    301.654 -9.990e-29
      1.754     9.8985 210.536361     2.5043 1.0000e-12     0.9751    78.3660 1.5495e+00 0.0000e+00  0.2874566      1.789    13.5451    301.620 -9.990e-29
      1.757     9.8983 210.440542     2.5043 1.0000e-12     0.9738    78.3922 1.5446e+00 0.0000e+00  0.2874566      1.792    13.5451    301.485 -9.990e-29
      1.761     9.8986 210.500430     2.5031 1.0000e-12     0.9751    78.3660 1.5617e+00 0.0000e+00  0.2874566      1.796    13.5360    301.568 -9.990e-29
      1.763     9.8985 210.512406     2.5031 1.0000e-12     0.9751    78.3660 1.5922e+00 0.0000e+00  0.2874566      1.798    13.5370    301.586 -9.990e-29
      1.766     9.8987 210.488452     2.5031 1.0000e-12     0.9751    78.3660 1.6007e+00 0.0000e+00  0.2874566      1.801    13.5378    301.550 -9.990e-29
      1.770     9.8985 210.500430     2.5043 1.0000e-12     0.9751    78.3660 1.5885e+00 0.0000e+00  0.2878724      1.805    13.5458    301.569 -9.990e-29
      1.773     9.8982 210.512407     2.5043 1.0000e-12     0.9738    78.3922 1.5824e+00 0.0000e+00  0.2882881      1.808    13.5458    301.589 -9.990e-29
      1.776     9.8982 210.512408     2.5031 1.0000e-12     0.9751    78.3660 1.5726e+00 0.0000e+00  0.2895354      1.811    13.5377    301.589 -9.990e-29
      1.779     9.8978 210.512407     2.5031 1.0000e-12     0.9751    78.3660 1.5568e+00 0.0000e+00  0.2895354      1.814    13.5377    301.592 -9.990e-29
      1.784     9.8977 210.512408     2.5043 1.0000e-12     0.9751    78.3660 1.5519e+00 0.0000e+00  0.2895354      1.819    13.5465    301.593 -9.990e-29
      1.788     9.8980 210.512408     2.5043 1.0000e-12     0.9765    78.3399 1.5568e+00 0.0000e+00  0.2895354      1.823    13.5463    301.590 -9.990e-29
      1.791     9.8977 210.572295     2.5043 1.0000e-12     0.9778    78.3138 1.5726e+00 0.0000e+00  0.2895354      1.826    13.5453    301.679 -9.990e-29
      1.793     9.8980 210.548339     2.5043 1.0000e-12     0.9765    78.3399 1.5836e+00 0.0000e+00  0.2895354      1.828    13.5459    301.642 -9.990e-29
      1.798     9.8975 210.536363     2.5031 1.0000e-12     0.9778    78.3138 1.5714e+00 0.0000e+00  0.2895354      1.833    13.5379    301.629 -9.990e-29
      1.802     9.8971 210.536365     2.5043 1.4231e-02     0.9778    78.3138 1.5324e+00 0.0000e+00  0.2895354      1.838    13.5459    301.633 -9.990e-29
      1.806     9.8960 210.488453     2.5031 9.6081e-02     0.9778    78.3138 1.5153e+00 0.0000e+00  0.2895354      1.842    13.5380    301.573 -9.990e-29
      1.809     9.8959 210.476479     2.5043 1.3896e-01     0.9765    78.3399 1.5299e+00 0.0000e+00  0.2895354      1.845    13.5476    301.557 -9.990e-29
      1.812     9.8952 210.512410     2.5031 4.9700e-02     0.9778    78.3138 1.5385e+00 0.0000e+00  0.2895354      1.848    13.5395    301.615 -9.990e-29
      1.814     9.8949 210.512410     2.5043 1.2912e-03     0.9778    78.3138 1.5433e+00 0.0000e+00  0.2895354      1.850    13.5464    301.617 -9.990e-29
      1.818     9.8946 210.476478     2.5043 1.0000e-12     0.9778    78.3138 1.5568e+00 0.0000e+00  0.2895354      1.854    13.5462    301.568 -9.990e-29
      1.821     9.8944 210.512412     2.5043 1.0000e-12     0.9765    78.3399 1.5751e+00 0.0000e+00  0.2895354      1.857    13.5459    301.622 -9.990e-29
      1.824     9.8944 210.488456     2.5031 1.0000e-12     0.9778    78.3138 1.6276e+00 0.0000e+00  0.2895354      1.860    13.5385    301.587 -9.990e-29
      1.827     9.8944 210.512410     2.5031 1.0000e-12     0.9765    78.3399 1.6496e+00 0.0000e+00  0.2895354      1.863    13.5391    301.622 -9.990e-29
      1.831     9.8946 210.536366     2.5043 1.0000e-12     0.9778    78.3138 1.6044e+00 0.0000e+00  0.2895354      1.867    13.5467    301.654 -9.990e-29
      1.833     9.8944 210.512412     2.5043 1.0000e-12     0.9765    78.3399 1.5714e+00 0.0000e+00  0.2895354      1.869    13.5464    301.622 -9.990e-29
      1.835     9.8946 210.524388     2.5043 1.0000e-12     0.9778    78.3138 1.5861e+00 0.0000e+00  0.2895354      1.871    13.5469    301.637 -9.990e-29
      1.837     9.8944 210.512412     2.5031 1.0000e-12     0.9778    78.3138 1.5958e+00 0.0000e+00  0.2895354      1.873    13.5396    301.622 -9.990e-29
      1.840     9.8944 210.512411     2.5043 1.0000e-12     0.9778    78.3138 1.6117e+00 0.0000e+00  0.2895354      1.876    13.5463    301.622 -9.990e-29
      1.843     9.8947 210.524389     2.5043 9.8601e-04     0.9778    78.3138 1.6569e+00 0.0000e+00  0.2895354      1.879    13.5449    301.636 -9.990e-29
      1.845     9.8949 210.464502     2.5043 1.5607e-02     0.9778    78.3138 1.6850e+00 0.0000e+00  0.2895354      1.881    13.5435    301.549 -9.990e-29
      1.846     9.8949 210.452524     2.5043 2.2723e-02     0.9805    78.2615 1.6789e+00 0.0000e+00  0.2895354      1.882    13.5441    301.531 -9.990e-29
      1.846     9.8948 210.512411     2.5031 1.1192e-02     0.9818    78.2353 1.6618e+00 0.0000e+00  0.2899512      1.882    13.5367    301.618 -9.990e-29
      1.846     9.8944 210.536365     2.5043 7.5476e-05     0.9845    78.1831 1.6667e+00 0.0000e+00  0.2899512      1.882    13.5444    301.656 -9.990e-29
      1.847     9.8947 210.536367     2.5043 1.0000e-12     0.9845    78.1831 1.7106e+00 0.0000e+00  0.2895354      1.883    13.5430    301.653 -9.990e-29
      1.848     9.8948 210.536366     2.5043 1.2871e-02     0.9831    78.2092 1.7607e+00 0.0000e+00  0.2895354      1.884    13.5426    301.652 -9.990e-29
      1.848     9.8950 210.488456     2.5031 8.3875e-02     0.9845    78.1831 1.7778e+00 0.0000e+00  0.2895354      1.884    13.5351    301.582 -9.990e-29
      1.847     9.8949 210.548344     2.5043 1.1903e-01     0.9831    78.2092 1.7363e+00 0.0000e+00  0.2895354      1.883    13.5437    301.669 -9.990e-29
