data/05_metadata_exports/SeabirdData/202305_SeabirdData/83436_stn34-night.cnv
* Sea-Bird SBE 9 Data File:
* FileName = C:\Users\rosette\Rosette Data\2023\Ontario CSMI\stn34-night.hex
* Software Version Seasave V 7.26.6.26
* Temperature SN = 5270
* Conductivity SN = 1168
* Number of Bytes Per Scan = 40
* Number of Voltage Words = 5
* Number of Scans Averaged by the Deck Unit = 1
* NMEA Latitude = 43 27.68 N
* NMEA Longitude = 078 45.51 W
* NMEA UTC (Time) = Oct 03 2003  07:44:00
* NMEA baud rate = 4800
** Ship: Lake Guardian
** Ontario CSMI LWFS
** Station:  stn34-night
# nquan = 14                                
# nvalues = 18027                       
# units = specified
# name 0 = prDM: Pressure, Digiquartz [db]
# name 1 = t090C: Temperature [ITS-90, deg C]
# name 2 = c0uS/cm: Conductivity [uS/cm]
# name 3 = sbeox0V: Oxygen raw, SBE 43 [V]
# name 4 = par: PAR/Irradiance, Biospherical/Licor
# name 5 = bat: Beam Attenuation, Chelsea/Seatech [1/m]
# name 6 = xmiss: Beam Transmission, Chelsea/Seatech [%]
# name 7 = flSP: Fluorescence, Seapoint
# name 8 = spar: SPAR, Biospherical/Licor
# name 9 = upoly0: Upoly 0, Suna Nitrate
# name 10 = depFM: Depth [fresh water, m], lat = 43.4613
# name 11 = sbeox0Mg/L: Oxygen, SBE 43 [mg/l], WS = 2
# name 12 = specc: Specific Conductance [uS/cm]
# name 13 = flag: flag
# span 0 =     -0.223,    132.310       
# span 1 =     3.8663,     9.9894       
# span 2 =-268.048359, 336.240725       
# span 3 =     1.8742,     2.5324       
# span 4 = 1.0000e-12, 3.4937e+00       
# span 5 =     0.0767,     2.4221       
# span 6 =    54.5791,    98.1013       
# span 7 = 3.2967e-02, 2.2747e+00       
# span 8 = 0.0000e+00, 1.9691e+00       
# span 9 =  0.0741704,  0.3984652       
# span 10 =     -0.227,    134.919      
# span 11 =     9.3442,    14.3886      
# span 12 =   -403.759,    506.434      
# span 13 = 0.0000e+00, 0.0000e+00      
# interval = seconds: 0.0416667
# start_time = Oct 03 2003 07:44:00 [NMEA time, header]
# bad_flag = -9.990e-29
*END*
[from data line 17033]
     11.535     6.9002 197.205841     2.3284 1.0000e-12     0.4895    88.4820 1.1832e+00 0.0000e+00  0.3577205     11.762    13.7836    309.082 0.0000e+00
     11.516     6.8998 197.205842     2.3297 1.0000e-12     0.4895    88.4820 1.2149e+00 0.0000e+00  0.3577205     11.743    13.7890    309.086 0.0000e+00
     11.496     6.8992 197.205842     2.3309 1.0000e-12     0.4907    88.4559 1.2479e+00 0.0000e+00  0.3535629     11.723    13.7945    309.092 0.0000e+00
     11.476     6.9000 197.277596     2.3309 1.0000e-12     0.4918    88.4297 1.2784e+00 0.0000e+00  0.3514841     11.702    13.7924    309.196 0.0000e+00
     11.456     6.9009 197.253677     2.3321 1.0000e-12     0.4918    88.4297 1.2882e+00 0.0000e+00  0.3514841     11.682    13.7985    309.150 0.0000e+00
     11.436     6.9023 197.253676     2.3333 1.0000e-12     0.4930    88.4036 1.2772e+00 0.0000e+00  0.3514841     11.661    13.8036    309.137 0.0000e+00
     11.415     6.9097 197.301507     2.3333 1.0000e-12     0.4930    88.4036 1.2552e+00 0.0000e+00  0.3514841     11.640    13.7982    309.140 0.0000e+00
     11.394     6.9291 197.361290     2.3346 1.0000e-12     0.4907    88.4559 1.2271e+00 0.0000e+00  0.3514841     11.619    13.7967    309.046 0.0000e+00
     11.375     6.9613 197.672220     2.3358 1.0000e-12     0.4907    88.4559 1.1893e+00 0.0000e+00  0.3514841     11.599    13.7912    309.221 0.0000e+00
     11.357     7.0011 197.983154     2.3370 1.0000e-12     0.4907    88.4559 1.1600e+00 0.0000e+00  0.3514841     11.581    13.7845    309.322 0.0000e+00
     11.338     7.0391 198.198416     2.3370 1.0000e-12     0.4895    88.4820 1.1624e+00 0.0000e+00  0.3514841     11.562    13.7693    309.291 0.0000e+00
     11.318     7.0690 198.329964     2.3394 1.0000e-12     0.4907    88.4559 1.1905e+00 0.0000e+00  0.3514841     11.541    13.7739    309.207 0.0000e+00
     11.297     7.0996 198.485434     2.3394 1.0000e-12     0.4907    88.4559 1.2295e+00 0.0000e+00  0.3514841     11.520    13.7614    309.155 0.0000e+00
     11.276     7.1595 198.892076     2.3394 1.0000e-12     0.4918    88.4297 1.2698e+00 0.0000e+00  0.3514841     11.498    13.7380    309.211 0.0000e+00
     11.254     7.2303 199.167148     2.3407 1.0000e-12     0.4907    88.4559 1.2625e+00 0.0000e+00  0.3514841     11.476    13.7205    308.958 0.0000e+00
     11.233     7.2796 199.286735     2.3419 1.0000e-12     0.4907    88.4559 1.2283e+00 0.0000e+00  0.3514841     11.454    13.7122    308.672 0.0000e+00
     11.213     7.2934 199.238878     2.3431 1.0000e-12     0.4895    88.4820 1.1905e+00 0.0000e+00  0.3514841     11.434    13.7182    308.466 0.0000e+00
     11.192     7.2885 199.131224     2.3443 1.0000e-12     0.4859    88.5604 1.1697e+00 0.0000e+00  0.3514841     11.413    13.7319    308.346 0.0000e+00
     11.172     7.2931 199.238878     2.3443 1.0000e-12     0.4836    88.6127 1.1477e+00 0.0000e+00  0.3514841     11.392    13.7326    308.468 0.0000e+00
     11.152     7.3196 199.502027     2.3443 1.0000e-12     0.4824    88.6388 1.1099e+00 0.0000e+00  0.3514841     11.372    13.7252    308.623 0.0000e+00
     11.130     7.3612 199.741250     2.3455 1.0000e-12     0.4836    88.6127 1.0867e+00 0.0000e+00  0.3514841     11.349    13.7221    308.595 0.0000e+00
     11.108     7.4029 199.992440     2.3455 1.0000e-12     0.4848    88.5866 1.0830e+00 0.0000e+00  0.3514841     11.327    13.7097    308.586 0.0000e+00
     11.086     7.4460 200.219713     2.3480 1.0000e-12     0.4836    88.6127 1.1050e+00 0.0000e+00  0.3514841     11.305    13.7149    308.526 0.0000e+00
     11.065     7.4921 200.435024     2.3480 1.0000e-12     0.4836    88.6127 1.1416e+00 0.0000e+00  0.3514841     11.283    13.7015    308.419 0.0000e+00
     11.043     7.5374 200.734090     2.3492 1.0000e-12     0.4836    88.6127 1.1624e+00 0.0000e+00  0.3514841     11.261    13.6984    308.450 0.0000e+00
     11.020     7.5833 200.973343     2.3492 1.0000e-12     0.4859    88.5604 1.1722e+00 0.0000e+00  0.3514841     11.237    13.6846    308.382 0.0000e+00
     10.998     7.6182 201.045106     2.3492 1.0000e-12     0.4859    88.5604 1.1917e+00 0.0000e+00  0.3514841     11.215    13.6768    308.162 0.0000e+00
     10.976     7.6343 201.033131     2.3516 1.0000e-12     0.4848    88.5866 1.1954e+00 0.0000e+00  0.3518998     11.192    13.6934    307.992 0.0000e+00
     10.952     7.6482 201.045085     2.3529 1.0000e-12     0.4859    88.5604 1.2076e+00 0.0000e+00  0.3502368     11.168    13.7023    307.879 0.0000e+00
     10.929     7.6667 201.128825     2.3541 1.0000e-12     0.4859    88.5604 1.2161e+00 0.0000e+00  0.3485737     11.144    13.7088    307.833 0.0000e+00
     10.905     7.6843 201.176671     2.3553 1.0000e-12     0.4848    88.5866 1.2076e+00 0.0000e+00  0.3481580     11.120    13.7160    307.740 0.0000e+00
     10.882     7.6981 201.188626     2.3553 1.0000e-12     0.4859    88.5604 1.2418e+00 0.0000e+00  0.3485737     11.097    13.7141    307.628 0.0000e+00
     10.859     7.7088 201.248442     2.3565 1.0000e-12     0.4859    88.5604 1.2686e+00 0.0000e+00  0.3481580     11.073    13.7235    307.619 0.0000e+00
     10.836     7.7187 201.308260     2.3590 1.0000e-12     0.4859    88.5604 1.2674e+00 0.0000e+00  0.3485737     11.050    13.7425    307.617 0.0000e+00
     10.813     7.7340 201.356107     2.3590 1.0000e-12     0.4859    88.5604 1.2540e+00 0.0000e+00  0.3485737     11.026    13.7419    307.547 0.0000e+00
     10.790     7.7453 201.403961     2.3602 1.0000e-12     0.4859    88.5604 1.2393e+00 0.0000e+00  0.3485737     11.003    13.7504    307.514 0.0000e+00
     10.767     7.7528 201.439848     2.3614 1.0000e-12     0.4930    88.4036 1.2442e+00 0.0000e+00  0.3485737     10.979    13.7606    307.498 0.0000e+00
     10.744     7.7611 201.451809     2.3626 1.0000e-12     0.5096    88.0376 1.2393e+00 0.0000e+00  0.3485737     10.956    13.7707    307.438 0.0000e+00
     10.722     7.7683 201.451803     2.3639 1.0000e-12     0.5191    87.8285 1.2454e+00 0.0000e+00  0.3485737     10.933    13.7799    307.371 0.0000e+00
     10.699     7.7725 201.451800     2.3663 1.0000e-12     0.5179    87.8547 1.2454e+00 0.0000e+00  0.3506525     10.910    13.7983    307.331 0.0000e+00
     10.676     7.7769 201.487692     2.3675 1.0000e-12     0.5168    87.8808 1.2515e+00 0.0000e+00  0.3502368     10.886    13.8082    307.345 0.0000e+00
     10.654     7.7813 201.511619     2.3687 1.0000e-12     0.5168    87.8808 1.2503e+00 0.0000e+00  0.3502368     10.864    13.8172    307.340 0.0000e+00
     10.630     7.7840 201.511617     2.3700 1.0000e-12     0.5156    87.9069 1.2503e+00 0.0000e+00  0.3506525     10.840    13.8278    307.315 0.0000e+00
     10.606     7.7882 201.511613     2.3712 1.0000e-12     0.5168    87.8808 1.2320e+00 0.0000e+00  0.3506525     10.815    13.8362    307.275 0.0000e+00
     10.582     7.7903 201.511611     2.3736 1.0000e-12     0.5179    87.8547 1.2259e+00 0.0000e+00  0.3506525     10.791    13.8530    307.256 0.0000e+00
     10.559     7.7871 201.511614     2.3736 1.0000e-12     0.5179    87.8547 1.2112e+00 0.0000e+00  0.3506525     10.767    13.8550    307.286 0.0000e+00
     10.536     7.7874 201.535541     2.3761 1.0000e-12     0.5168    87.8808 1.1880e+00 0.0000e+00  0.3506525     10.744    13.8722    307.319 0.0000e+00
     10.513     7.7911 201.583401     2.3761 1.0000e-12     0.5168    87.8808 1.1819e+00 0.0000e+00  0.3502368     10.720    13.8718    307.358 0.0000e+00
     10.491     7.7957 201.607327     2.3785 1.0000e-12     0.5168    87.8808 1.1807e+00 0.0000e+00  0.3502368     10.698    13.8880    307.351 0.0000e+00
     10.468     7.8007 201.643219     2.3785 1.0000e-12     0.4942    88.3774 1.2100e+00 0.0000e+00  0.3506525     10.674    13.8861    307.359 0.0000e+00
     10.446     7.8047 201.631251     2.3810 1.0000e-12     0.4647    89.0309 1.2564e+00 0.0000e+00  0.3506525     10.652    13.9000    307.303 0.0000e+00
     10.423     7.8116 201.667142     2.3822 1.0000e-12     0.4789    88.7173 1.2735e+00 0.0000e+00  0.3506525     10.628    13.9026    307.293 0.0000e+00
     10.401     7.8201 201.762859     2.3834 1.0000e-12     0.4942    88.3774 1.3016e+00 0.0000e+00  0.3506525     10.606    13.9057    307.359 0.0000e+00
     10.377     7.8305 201.918403     2.3846 1.0000e-12     0.4907    88.4559 1.3138e+00 0.0000e+00  0.3502368     10.582    13.9082    307.499 0.0000e+00
     10.354     7.8552 202.121804     2.3858 1.0000e-12     0.4671    88.9786 1.3101e+00 0.0000e+00  0.3415058     10.558    13.9063    307.577 0.0000e+00
     10.331     7.8849 202.265378     2.3858 1.0000e-12     0.4554    89.2400 1.2784e+00 0.0000e+00  0.3344378     10.535    13.8940    307.518 0.0000e+00
     10.309     7.9033 202.301263     2.3883 1.0000e-12     0.4647    89.0309 1.2466e+00 0.0000e+00  0.3340220     10.512    13.9025    307.400 0.0000e+00
     10.285     7.9156 202.265356     2.3895 1.0000e-12     0.5025    88.1945 1.2405e+00 0.0000e+00  0.3340220     10.488    13.9044    307.231 0.0000e+00
     10.263     7.9289 202.444840     2.3907 1.0000e-12     0.5191    87.8285 1.2637e+00 0.0000e+00  0.3344378     10.465    13.9082    307.379 0.0000e+00
     10.242     7.9539 202.588422     2.3919 1.0000e-12     0.5037    88.1683 1.3138e+00 0.0000e+00  0.3344378     10.444    13.9062    307.364 0.0000e+00
     10.219     7.9992 202.911495     2.3919 1.0000e-12     0.4836    88.6127 1.3297e+00 0.0000e+00  0.3344378     10.420    13.8889    307.431 0.0000e+00
     10.196     8.0391 203.126875     2.3944 1.0000e-12     0.4800    88.6911 1.3394e+00 0.0000e+00  0.3344378     10.397    13.8911    307.386 0.0000e+00
     10.174     8.0828 203.258489     2.3944 1.0000e-12     0.4800    88.6911 1.3565e+00 0.0000e+00  0.3344378     10.375    13.8753    307.179 0.0000e+00
     10.152     8.1201 203.545687     2.3956 1.0000e-12     0.4812    88.6650 1.3602e+00 0.0000e+00  0.3344378     10.352    13.8704    307.266 0.0000e+00
     10.130     8.1850 203.988467     2.3968 1.0000e-12     0.4812    88.6650 1.3565e+00 0.0000e+00  0.3344378     10.330    13.8567    307.332 0.0000e+00
     10.108     8.2609 204.371416     2.3968 1.0000e-12     0.4812    88.6650 1.3492e+00 0.0000e+00  0.3344378     10.307    13.8314    307.206 0.0000e+00
     10.087     8.3260 204.622725     2.3980 1.0000e-12     0.4800    88.6911 1.3578e+00 0.0000e+00  0.3344378     10.286    13.8174    306.983 0.0000e+00
     10.067     8.3872 204.969803     2.3993 1.0000e-12     0.4812    88.6650 1.3822e+00 0.0000e+00  0.3344378     10.265    13.8066    306.940 0.0000e+00
     10.046     8.4527 205.209158     2.4005 1.0000e-12     0.4812    88.6650 1.4029e+00 0.0000e+00  0.3344378     10.244    13.7933    306.697 0.0000e+00
     10.025     8.4993 205.268978     2.4017 1.0000e-12     0.4812    88.6650 1.3773e+00 0.0000e+00  0.3344378     10.223    13.7892    306.359 0.0000e+00
     10.004     8.5218 205.256993     2.4029 1.0000e-12     0.4800    88.6911 1.3626e+00 0.0000e+00  0.3344378     10.201    13.7920    306.136 0.0000e+00
      9.982     8.5420 205.256978     2.4042 1.0000e-12     0.4812    88.6650 1.3761e+00 0.0000e+00  0.3344378     10.179    13.7984    305.951 0.0000e+00
      9.959     8.5543 205.268940     2.4066 1.0000e-12     0.4800    88.6911 1.3932e+00 0.0000e+00  0.3344378     10.155    13.8142    305.857 0.0000e+00
      9.937     8.5580 205.304847     2.4066 1.0000e-12     0.4812    88.6650 1.4188e+00 0.0000e+00  0.3344378     10.133    13.8175    305.877 0.0000e+00
      9.916     8.5572 205.221056     2.4066 1.0000e-12     0.4812    88.6650 1.4457e+00 0.0000e+00  0.3344378     10.112    13.8213    305.759 0.0000e+00
      9.896     8.5572 205.077415     2.4078 1.0000e-12     0.4800    88.6911 1.4518e+00 0.0000e+00  0.3344378     10.091    13.8340    305.545 0.0000e+00
      9.875     8.5621 205.173171     2.4090 1.0000e-12     0.4812    88.6650 1.4603e+00 0.0000e+00  0.3348536     10.070    13.8457    305.643 0.0000e+00
      9.855     8.5750 205.244984     2.4103 1.0000e-12     0.4954    88.3513 1.5165e+00 0.0000e+00  0.3344378     10.049    13.8547    305.633 0.0000e+00
      9.835     8.5866 205.316797     2.4127 1.0000e-12     0.5072    88.0899 1.5690e+00 0.0000e+00  0.3344378     10.029    13.8715    305.634 0.0000e+00
      9.815     8.5913 205.412556     2.4139 1.0000e-12     0.5096    88.0376 1.5910e+00 0.0000e+00  0.3344378     10.009    13.8825    305.734 0.0000e+00
      9.795     8.5922 205.364674     2.4151 1.0000e-12     0.5084    88.0638 1.5446e+00 0.0000e+00  0.3348536      9.988    13.8937    305.654 0.0000e+00
      9.775     8.5919 205.364674     2.4164 1.0000e-12     0.5084    88.0638 1.4933e+00 0.0000e+00  0.3348536      9.968    13.9059    305.657 0.0000e+00
      9.754     8.5892 205.328764     2.4188 1.0000e-12     0.5072    88.0899 1.4957e+00 0.0000e+00  0.3348536      9.946    13.9274    305.628 0.0000e+00
      9.734     8.5768 205.244980     2.4200 1.0000e-12     0.5072    88.0899 1.5043e+00 0.0000e+00  0.3348536      9.926    13.9443    305.616 0.0000e+00
      9.714     8.5564 205.113321     2.4225 1.0000e-12     0.5084    88.0638 1.4835e+00 0.0000e+00  0.3348536      9.906    13.9730    305.606 0.0000e+00
      9.695     8.5381 205.029544     2.4237 1.0000e-12     0.5084    88.0638 1.4432e+00 0.0000e+00  0.3348536      9.886    13.9907    305.648 0.0000e+00
      9.676     8.5181 204.957739     2.4261 1.0000e-12     0.5072    88.0899 1.3993e+00 0.0000e+00  0.3348536      9.867    14.0182    305.723 0.0000e+00
      9.656     8.4992 204.993659     2.4274 1.0000e-12     0.5072    88.0899 1.3675e+00 0.0000e+00  0.3348536      9.846    14.0353    305.949 0.0000e+00
      9.635     8.4929 205.029573     2.4298 1.0000e-12     0.5084    88.0638 1.3773e+00 0.0000e+00  0.3348536      9.825    14.0559    306.061 0.0000e+00
      9.616     8.5000 205.197148     2.4322 1.0000e-12     0.5084    88.0638 1.4347e+00 0.0000e+00  0.3348536      9.806    14.0710    306.246 0.0000e+00
      9.596     8.5139 205.388663     2.4322 1.0000e-12     0.5084    88.0638 1.5006e+00 0.0000e+00  0.3348536      9.785    14.0644    306.404 0.0000e+00
      9.577     8.5304 205.448505     2.4347 1.0000e-12     0.5084    88.0638 1.5458e+00 0.0000e+00  0.3348536      9.766    14.0737    306.343 0.0000e+00
      9.558     8.5521 205.460459     2.4359 1.0000e-12     0.5072    88.0899 1.5812e+00 0.0000e+00  0.3348536      9.746    14.0708    306.162 0.0000e+00
      9.538     8.5732 205.532269     2.4383 1.0000e-12     0.5072    88.0899 1.6178e+00 0.0000e+00  0.3348536      9.726    14.0771    306.077 0.0000e+00
      9.519     8.5984 205.592104     2.4383 1.0000e-12     0.5072    88.0899 1.6459e+00 0.0000e+00  0.3348536      9.707    14.0651    305.936 0.0000e+00
      9.499     8.6208 205.747709     2.4408 1.0000e-12     0.5084    88.0638 1.6532e+00 0.0000e+00  0.3348536      9.686    14.0712    305.964 0.0000e+00
      9.480     8.6286 205.723761     2.4420 1.0000e-12     0.5084    88.0638 1.6374e+00 0.0000e+00  0.3348536      9.667    14.0738    305.857 0.0000e+00
      9.462     8.6330 205.747700     2.4432 1.0000e-12     0.5084    88.0638 1.6044e+00 0.0000e+00  0.3348536      9.649    14.0785    305.853 0.0000e+00
      9.444     8.6333 205.699817     2.4444 1.0000e-12     0.5084    88.0638 1.5641e+00 0.0000e+00  0.3348536      9.630    14.0835    305.779 0.0000e+00
      9.425     8.6352 205.639960     2.4457 1.0000e-12     0.5072    88.0899 1.5507e+00 0.0000e+00  0.3348536      9.611    14.0873    305.673 0.0000e+00
      9.408     8.6386 205.711783     2.4481 1.0000e-12     0.5072    88.0899 1.5665e+00 0.0000e+00  0.3348536      9.593    14.0968    305.749 0.0000e+00
      9.390     8.6460 205.807546     2.4493 1.0000e-12     0.5084    88.0638 1.5824e+00 0.0000e+00  0.3348536      9.575    14.0961    305.824 0.0000e+00
