data/05_metadata_exports/SeabirdData/202305_SeabirdData/83436_stn34-night.cnv
* Sea-Bird SBE 9 Data File:
* FileName = C:\Users\rosette\Rosette Data\2023\Ontario CSMI\stn34-night.hex
* Software Version Seasave V 7.26.6.26
* Temperature SN = 5270
* Conductivity SN = 1168
* Number of Bytes Per Scan = 40
* Number of Voltage Words = 5
* Number of Scans Averaged by the Deck Unit = 1
* NMEA Latitude = 43 27.68 N
* NMEA Longitude = 078 45.51 W
* NMEA UTC (Time) = Oct 03 2003  07:44:00
* NMEA baud rate = 4800
** Ship: Lake Guardian
** Ontario CSMI LWFS
** Station:  stn34-night
# nquan = 14                                
# nvalues = 18027                       
# units = specified
# name 0 = prDM: Pressure, Digiquartz [db]
# name 1 = t090C: Temperature [ITS-90, deg C]
# name 2 = c0uS/cm: Conductivity [uS/cm]
# name 3 = sbeox0V: Oxygen raw, SBE 43 [V]
# name 4 = par: PAR/Irradiance, Biospherical/Licor
# name 5 = bat: Beam Attenuation, Chelsea/Seatech [1/m]
# name 6 = xmiss: Beam Transmission, Chelsea/Seatech [%]
# name 7 = flSP: Fluorescence, Seapoint
# name 8 = spar: SPAR, Biospherical/Licor
# name 9 = upoly0: Upoly 0, Suna Nitrate
# name 10 = depFM: Depth [fresh water, m], lat = 43.4613
# name 11 = sbeox0Mg/L: Oxygen, SBE 43 [mg/l], WS = 2
# name 12 = specc: Specific Conductance [uS/cm]
# name 13 = flag: flag
# span 0 =     -0.223,    132.310       
# span 1 =     3.8663,     9.9894       
# span 2 =-268.048359, 336.240725       
# span 3 =     1.8742,     2.5324       
# span 4 = 1.0000e-12, 3.4937e+00       
# span 5 =     0.0767,     2.4221       
# span 6 =    54.5791,    98.1013       
# span 7 = 3.2967e-02, 2.2747e+00       
# span 8 = 0.0000e+00, 1.9691e+00       
# span 9 =  0.0741704,  0.3984652       
# span 10 =     -0.227,    134.919      
# span 11 =     9.3442,    14.3886      
# span 12 =   -403.759,    506.434      
# span 13 = 0.0000e+00, 0.0000e+00      
# interval = seconds: 0.0416667
# start_time = Oct 03 2003 07:44:00 [NMEA time, header]
# bad_flag = -9.990e-29
*END*
[from data line 12904]
     97.742     3.9019 182.583492     2.0647 1.0000e-12     0.0906    97.7615 4.3956e-02 0.0000e+00  0.3934761     99.669    12.6896    315.857 0.0000e+00
     97.721     3.9017 182.595430     2.0647 1.0000e-12     0.0895    97.7876 4.3956e-02 0.0000e+00  0.3934761     99.648    12.6880    315.880 0.0000e+00
     97.700     3.9019 182.595431     2.0635 1.0000e-12     0.0906    97.7615 4.2735e-02 0.0000e+00  0.3934761     99.626    12.6782    315.878 0.0000e+00
     97.680     3.9017 182.571552     2.0635 1.0000e-12     0.0916    97.7354 4.2735e-02 0.0000e+00  0.3934761     99.606    12.6809    315.839 0.0000e+00
     97.660     3.9017 182.571552     2.0635 1.0000e-12     0.0906    97.7615 4.2735e-02 0.0000e+00  0.3934761     99.585    12.6820    315.839 0.0000e+00
     97.639     3.9017 182.607368     2.0635 1.0000e-12     0.0906    97.7615 4.5177e-02 0.0000e+00  0.3934761     99.564    12.6800    315.901 0.0000e+00
     97.620     3.9017 182.607367     2.0635 1.0000e-12     0.0906    97.7615 4.5177e-02 0.0000e+00  0.3934761     99.545    12.6779    315.901 0.0000e+00
     97.601     3.9014 182.547674     2.0635 1.0000e-12     0.0906    97.7615 4.3956e-02 0.0000e+00  0.3934761     99.525    12.6774    315.801 0.0000e+00
     97.581     3.9017 182.559610     2.0635 1.0000e-12     0.0895    97.7876 4.2735e-02 0.0000e+00  0.3934761     99.505    12.6780    315.818 0.0000e+00
     97.561     3.9017 182.583489     2.0635 1.0000e-12     0.0895    97.7876 4.2735e-02 0.0000e+00  0.3934761     99.485    12.6788    315.860 0.0000e+00
     97.541     3.9014 182.559611     2.0635 1.0000e-12     0.0906    97.7615 4.2735e-02 0.0000e+00  0.3934761     99.464    12.6795    315.822 0.0000e+00
     97.519     3.9014 182.619306     2.0635 1.0000e-12     0.0906    97.7615 4.2735e-02 0.0000e+00  0.3934761     99.442    12.6786    315.925 0.0000e+00
     97.499     3.9016 182.559609     2.0635 1.0000e-12     0.0906    97.7615 4.2735e-02 0.0000e+00  0.3934761     99.421    12.6761    315.819 0.0000e+00
     97.480     3.9016 182.607367     2.0635 1.0000e-12     0.0895    97.7876 4.2735e-02 0.0000e+00  0.3934761     99.402    12.6751    315.902 0.0000e+00
     97.461     3.9016 182.607365     2.0635 1.0000e-12     0.0906    97.7615 4.3956e-02 0.0000e+00  0.3934761     99.383    12.6755    315.902 0.0000e+00
     97.443     3.9017 182.571548     2.0635 1.0000e-12     0.0895    97.7876 4.3956e-02 0.0000e+00  0.3934761     99.364    12.6743    315.839 0.0000e+00
     97.425     3.9017 182.535731     2.0647 1.0000e-12     0.0906    97.7615 4.3956e-02 0.0000e+00  0.3938918     99.346    12.6827    315.777 0.0000e+00
     97.406     3.9016 182.559608     2.0647 1.0000e-12     0.0906    97.7615 4.3956e-02 0.0000e+00  0.3951391     99.326    12.6816    315.819 0.0000e+00
     97.387     3.9017 182.571547     2.0647 1.0000e-12     0.0906    97.7615 4.5177e-02 0.0000e+00  0.3959707     99.307    12.6819    315.839 0.0000e+00
     97.367     3.9016 182.571547     2.0647 1.0000e-12     0.0906    97.7615 4.6398e-02 0.0000e+00  0.3959707     99.287    12.6822    315.840 0.0000e+00
     97.346     3.9017 182.583485     2.0635 1.0000e-12     0.0895    97.7876 4.7619e-02 0.0000e+00  0.3959707     99.265    12.6728    315.860 0.0000e+00
     97.326     3.9017 182.619303     2.0647 1.0000e-12     0.0906    97.7615 4.8840e-02 0.0000e+00  0.3955549     99.245    12.6825    315.922 0.0000e+00
     97.306     3.9017 182.595424     2.0647 1.0000e-12     0.0906    97.7615 4.7619e-02 0.0000e+00  0.3959707     99.224    12.6826    315.880 0.0000e+00
     97.285     3.9014 182.583483     2.0647 1.0000e-12     0.0906    97.7615 4.8840e-02 0.0000e+00  0.3955549     99.203    12.6797    315.863 0.0000e+00
     97.265     3.9017 182.583484     2.0647 1.0000e-12     0.0916    97.7354 5.0061e-02 0.0000e+00  0.3959707     99.183    12.6780    315.860 0.0000e+00
     97.246     3.9017 182.499910     2.0635 1.0000e-12     0.0906    97.7615 5.4945e-02 0.0000e+00  0.3959707     99.163    12.6684    315.715 0.0000e+00
     97.227     3.9016 182.583483     2.0647 1.0000e-12     0.0916    97.7354 5.7387e-02 0.0000e+00  0.3955549     99.144    12.6779    315.861 0.0000e+00
     97.207     3.9016 182.607362     2.0659 1.0000e-12     0.0916    97.7354 5.6166e-02 0.0000e+00  0.3955549     99.124    12.6860    315.902 0.0000e+00
     97.187     3.9017 182.571543     2.0647 1.0000e-12     0.0906    97.7615 5.3724e-02 0.0000e+00  0.3959707     99.103    12.6749    315.839 0.0000e+00
     97.167     3.9017 182.535726     2.0635 1.0000e-12     0.0916    97.7354 5.2503e-02 0.0000e+00  0.3959707     99.083    12.6653    315.777 0.0000e+00
     97.148     3.9017 182.571543     2.0635 1.0000e-12     0.0916    97.7354 5.0061e-02 0.0000e+00  0.3955549     99.063    12.6652    315.839 0.0000e+00
     97.129     3.9017 182.571543     2.0647 1.0000e-12     0.0916    97.7354 5.0061e-02 0.0000e+00  0.3959707     99.044    12.6731    315.839 0.0000e+00
     97.109     3.9017 182.571542     2.0647 1.0000e-12     0.0916    97.7354 5.0061e-02 0.0000e+00  0.3959707     99.024    12.6715    315.839 0.0000e+00
     97.090     3.9019 182.571541     2.0647 1.0000e-12     0.0916    97.7354 5.1282e-02 0.0000e+00  0.3959707     99.004    12.6697    315.837 0.0000e+00
     97.071     3.9021 182.631238     2.0647 1.0000e-12     0.0906    97.7615 5.2503e-02 0.0000e+00  0.3959707     98.985    12.6695    315.938 0.0000e+00
     97.052     3.9021 182.583480     2.0635 1.0000e-12     0.0916    97.7354 5.1282e-02 0.0000e+00  0.3959707     98.965    12.6598    315.855 0.0000e+00
     97.032     3.9022 182.595418     2.0635 1.0000e-12     0.0906    97.7615 5.0061e-02 0.0000e+00  0.3959707     98.945    12.6594    315.875 0.0000e+00
     97.012     3.9022 182.595419     2.0647 1.0000e-12     0.0906    97.7615 4.8840e-02 0.0000e+00  0.3959707     98.925    12.6686    315.875 0.0000e+00
     96.991     3.9024 182.571540     2.0647 1.0000e-12     0.0906    97.7615 4.8840e-02 0.0000e+00  0.3959707     98.903    12.6682    315.831 0.0000e+00
     96.970     3.9021 182.583478     2.0635 1.0000e-12     0.0906    97.7615 5.1282e-02 0.0000e+00  0.3959707     98.882    12.6568    315.855 0.0000e+00
     96.950     3.9025 182.595417     2.0635 1.0000e-12     0.0916    97.7354 5.2503e-02 0.0000e+00  0.3959707     98.861    12.6562    315.871 0.0000e+00
     96.931     3.9022 182.547661     2.0635 1.0000e-12     0.0906    97.7615 5.4945e-02 0.0000e+00  0.3959707     98.842    12.6573    315.792 0.0000e+00
     96.910     3.9024 182.559599     2.0647 1.0000e-12     0.0906    97.7615 5.3724e-02 0.0000e+00  0.3959707     98.821    12.6678    315.811 0.0000e+00
     96.888     3.9024 182.583477     2.0647 1.0000e-12     0.0916    97.7354 5.1282e-02 0.0000e+00  0.3938918     98.798    12.6688    315.852 0.0000e+00
     96.866     3.9024 182.667050     2.0647 1.0000e-12     0.0916    97.7354 4.8840e-02 0.0000e+00  0.3926446     98.776    12.6683    315.996 0.0000e+00
     96.846     3.9025 182.655112     2.0647 1.0000e-12     0.0906    97.7615 4.7619e-02 0.0000e+00  0.3926446     98.755    12.6678    315.975 0.0000e+00
     96.826     3.9025 182.583475     2.0647 1.0000e-12     0.0906    97.7615 4.6398e-02 0.0000e+00  0.3926446     98.735    12.6674    315.851 0.0000e+00
     96.807     3.9027 182.607354     2.0635 1.0000e-12     0.0906    97.7615 4.5177e-02 0.0000e+00  0.3926446     98.716    12.6588    315.890 0.0000e+00
     96.787     3.9025 182.583476     2.0647 1.0000e-12     0.0916    97.7354 4.3956e-02 0.0000e+00  0.3926446     98.695    12.6695    315.851 0.0000e+00
     96.765     3.9030 182.571535     2.0635 1.0000e-12     0.0916    97.7354 4.2735e-02 0.0000e+00  0.3926446     98.673    12.6609    315.825 0.0000e+00
     96.743     3.9028 182.583474     2.0635 1.0000e-12     0.0916    97.7354 4.2735e-02 0.0000e+00  0.3926446     98.650    12.6620    315.848 0.0000e+00
     96.721     3.9027 182.595412     2.0635 1.0000e-12     0.0916    97.7354 4.5177e-02 0.0000e+00  0.3926446     98.628    12.6630    315.869 0.0000e+00
     96.701     3.9028 182.595413     2.0635 1.0000e-12     0.0906    97.7615 4.5177e-02 0.0000e+00  0.3926446     98.608    12.6639    315.868 0.0000e+00
     96.681     3.9030 182.595412     2.0647 1.0000e-12     0.0916    97.7354 4.2735e-02 0.0000e+00  0.3926446     98.587    12.6745    315.866 0.0000e+00
     96.659     3.9030 182.643168     2.0647 1.0000e-12     0.0916    97.7354 4.2735e-02 0.0000e+00  0.3926446     98.565    12.6725    315.949 0.0000e+00
     96.638     3.9033 182.631229     2.0635 1.0000e-12     0.0916    97.7354 4.2735e-02 0.0000e+00  0.3926446     98.543    12.6609    315.925 0.0000e+00
     96.617     3.9030 182.595411     2.0635 1.0000e-12     0.0916    97.7354 4.3956e-02 0.0000e+00  0.3926446     98.522    12.6621    315.866 0.0000e+00
     96.596     3.9033 182.619289     2.0635 1.0000e-12     0.0916    97.7354 4.5177e-02 0.0000e+00  0.3926446     98.500    12.6631    315.904 0.0000e+00
     96.575     3.9035 182.595410     2.0647 1.0000e-12     0.0916    97.7354 4.5177e-02 0.0000e+00  0.3926446     98.479    12.6736    315.861 0.0000e+00
     96.553     3.9035 182.631227     2.0647 1.0000e-12     0.0906    97.7615 4.5177e-02 0.0000e+00  0.3926446     98.457    12.6747    315.922 0.0000e+00
     96.531     3.9037 182.631227     2.0647 1.0000e-12     0.0916    97.7354 4.5177e-02 0.0000e+00  0.3926446     98.434    12.6741    315.920 0.0000e+00
     96.510     3.9034 182.631227     2.0647 1.0000e-12     0.0916    97.7354 4.3956e-02 0.0000e+00  0.3926446     98.413    12.6752    315.924 0.0000e+00
     96.488     3.9037 182.631226     2.0647 1.0000e-12     0.0906    97.7615 4.5177e-02 0.0000e+00  0.3926446     98.390    12.6775    315.920 0.0000e+00
     96.465     3.9041 182.583468     2.0635 1.0000e-12     0.0906    97.7615 4.3956e-02 0.0000e+00  0.3926446     98.367    12.6686    315.833 0.0000e+00
     96.444     3.9039 182.631225     2.0647 1.0000e-12     0.0916    97.7354 5.4945e-02 0.0000e+00  0.3926446     98.345    12.6775    315.918 0.0000e+00
     96.423     3.9041 182.583468     2.0647 1.0000e-12     0.0916    97.7354 5.8608e-02 0.0000e+00  0.3926446     98.324    12.6752    315.833 0.0000e+00
     96.401     3.9041 182.571528     2.0647 1.0000e-12     0.0906    97.7615 5.4945e-02 0.0000e+00  0.3926446     98.302    12.6744    315.813 0.0000e+00
     96.379     3.9043 182.643163     2.0647 1.0000e-12     0.0906    97.7615 5.0061e-02 0.0000e+00  0.3926446     98.279    12.6750    315.934 0.0000e+00
     96.356     3.9039 182.571528     2.0635 1.0000e-12     0.0916    97.7354 4.6398e-02 0.0000e+00  0.3926446     98.256    12.6664    315.815 0.0000e+00
     96.333     3.9044 182.619283     2.0647 1.0000e-12     0.0916    97.7354 4.3956e-02 0.0000e+00  0.3930603     98.232    12.6764    315.892 0.0000e+00
     96.311     3.9041 182.583466     2.0635 1.0000e-12     0.0916    97.7354 4.3956e-02 0.0000e+00  0.3943076     98.210    12.6677    315.833 0.0000e+00
     96.291     3.9044 182.571526     2.0647 1.0000e-12     0.0906    97.7615 4.3956e-02 0.0000e+00  0.3943076     98.189    12.6778    315.809 0.0000e+00
     96.269     3.9043 182.583465     2.0647 1.0000e-12     0.0916    97.7354 4.3956e-02 0.0000e+00  0.3947234     98.167    12.6785    315.831 0.0000e+00
     96.248     3.9044 182.631221     2.0647 1.0000e-12     0.0916    97.7354 4.3956e-02 0.0000e+00  0.3943076     98.146    12.6790    315.913 0.0000e+00
     96.226     3.9048 182.631221     2.0659 1.0000e-12     0.0906    97.7615 4.3956e-02 0.0000e+00  0.3943076     98.123    12.6875    315.908 0.0000e+00
     96.204     3.9044 182.607342     2.0647 1.0000e-12     0.0916    97.7354 4.3956e-02 0.0000e+00  0.3943076     98.101    12.6771    315.871 0.0000e+00
     96.183     3.9048 182.595402     2.0635 1.0000e-12     0.0916    97.7354 4.2735e-02 0.0000e+00  0.3943076     98.079    12.6663    315.846 0.0000e+00
     96.162     3.9048 182.631219     2.0647 1.0000e-12     0.0916    97.7354 4.2735e-02 0.0000e+00  0.3943076     98.058    12.6762    315.908 0.0000e+00
     96.141     3.9048 182.655097     2.0635 1.0000e-12     0.0916    97.7354 4.2735e-02 0.0000e+00  0.3943076     98.037    12.6669    315.950 0.0000e+00
     96.121     3.9048 182.583462     2.0635 1.0000e-12     0.0916    97.7354 4.3956e-02 0.0000e+00  0.3943076     98.016    12.6672    315.826 0.0000e+00
     96.099     3.9049 182.619280     2.0647 1.0000e-12     0.0916    97.7354 4.2735e-02 0.0000e+00  0.3943076     97.994    12.6754    315.887 0.0000e+00
     96.077     3.9048 182.607339     2.0647 1.0000e-12     0.0916    97.7354 4.2735e-02 0.0000e+00  0.3943076     97.971    12.6741    315.867 0.0000e+00
     96.056     3.9048 182.571522     2.0647 1.0000e-12     0.0916    97.7354 4.2735e-02 0.0000e+00  0.3943076     97.950    12.6727    315.805 0.0000e+00
     96.034     3.9049 182.583460     2.0647 1.0000e-12     0.0916    97.7354 4.2735e-02 0.0000e+00  0.3943076     97.927    12.6728    315.825 0.0000e+00
     96.013     3.9048 182.583460     2.0647 1.0000e-12     0.0916    97.7354 4.1514e-02 0.0000e+00  0.3943076     97.906    12.6729    315.826 0.0000e+00
     95.992     3.9048 182.571521     2.0659 1.0000e-12     0.0906    97.7615 4.2735e-02 0.0000e+00  0.3943076     97.885    12.6825    315.805 0.0000e+00
     95.970     3.9049 182.607337     2.0659 1.0000e-12     0.0906    97.7615 4.1514e-02 0.0000e+00  0.3943076     97.862    12.6826    315.866 0.0000e+00
     95.950     3.9049 182.583459     2.0647 1.0000e-12     0.0906    97.7615 4.2735e-02 0.0000e+00  0.3943076     97.842    12.6731    315.825 0.0000e+00
     95.930     3.9049 182.571520     2.0647 1.0000e-12     0.0906    97.7615 4.3956e-02 0.0000e+00  0.3943076     97.821    12.6731    315.804 0.0000e+00
     95.909     3.9048 182.571519     2.0635 1.0000e-12     0.0916    97.7354 4.5177e-02 0.0000e+00  0.3943076     97.800    12.6636    315.805 0.0000e+00
     95.888     3.9049 182.535702     2.0647 1.0000e-12     0.0906    97.7615 4.5177e-02 0.0000e+00  0.3943076     97.779    12.6731    315.742 0.0000e+00
     95.867     3.9048 182.559579     2.0647 1.0000e-12     0.0906    97.7615 4.5177e-02 0.0000e+00  0.3943076     97.757    12.6731    315.784 0.0000e+00
     95.846     3.9051 182.571518     2.0647 1.0000e-12     0.0906    97.7615 4.5177e-02 0.0000e+00  0.3943076     97.736    12.6729    315.802 0.0000e+00
     95.824     3.9048 182.595396     2.0647 1.0000e-12     0.0906    97.7615 4.3956e-02 0.0000e+00  0.3943076     97.713    12.6715    315.846 0.0000e+00
     95.802     3.9048 182.619274     2.0647 1.0000e-12     0.0916    97.7354 4.3956e-02 0.0000e+00  0.3943076     97.691    12.6728    315.888 0.0000e+00
     95.781     3.9048 182.583456     2.0647 1.0000e-12     0.0895    97.7876 4.3956e-02 0.0000e+00  0.3947234     97.669    12.6711    315.826 0.0000e+00
     95.760     3.9051 182.607334     2.0659 1.0000e-12     0.0906    97.7615 4.3956e-02 0.0000e+00  0.3938918     97.648    12.6803    315.864 0.0000e+00
     95.740     3.9048 182.667030     2.0647 1.0000e-12     0.0906    97.7615 4.5177e-02 0.0000e+00  0.3938918     97.628    12.6707    315.970 0.0000e+00
     95.720     3.9049 182.607333     2.0647 1.0000e-12     0.0906    97.7615 4.6398e-02 0.0000e+00  0.3934761     97.607    12.6719    315.866 0.0000e+00
     95.701     3.9048 182.547637     2.0647 1.0000e-12     0.0906    97.7615 4.6398e-02 0.0000e+00  0.3934761     97.588    12.6747    315.764 0.0000e+00
     95.682     3.9052 182.607333     2.0647 1.0000e-12     0.0906    97.7615 4.5177e-02 0.0000e+00  0.3934761     97.568    12.6758    315.863 0.0000e+00
     95.664     3.9048 182.667029     2.0659 1.0000e-12     0.0906    97.7615 4.6398e-02 0.0000e+00  0.3938918     97.550    12.6836    315.970 0.0000e+00
