data/05_metadata_exports/SeabirdData/202305_SeabirdData/83443_stn17.cnv
* Sea-Bird SBE 9 Data File:
* FileName = C:\Users\rosette\Rosette Data\2023\Ontario CSMI\stn17.hex
* Software Version Seasave V 7.26.6.26
* Temperature SN = 5270
* Conductivity SN = 1168
* Number of Bytes Per Scan = 40
* Number of Voltage Words = 5
* Number of Scans Averaged by the Deck Unit = 1
* NMEA Latitude = 43 13.50 N
* NMEA Longitude = 079 16.28 W
* NMEA UTC (Time) = Oct 03 2003  11:01:58
* NMEA baud rate = 4800
** Ship: Lake Guardian
** Ontario CSMI LWFS
** Station:  stn17
# nquan = 14                                
# nvalues = 11544                       
# units = specified
# name 0 = prDM: Pressure, Digiquartz [db]
# name 1 = t090C: Temperature [ITS-90, deg C]
# name 2 = c0uS/cm: Conductivity [uS/cm]
# name 3 = sbeox0V: Oxygen raw, SBE 43 [V]
# name 4 = par: PAR/Irradiance, Biospherical/Licor
# name 5 = bat: Beam Attenuation, Chelsea/Seatech [1/m]
# name 6 = xmiss: Beam Transmission, Chelsea/Seatech [%]
# name 7 = flSP: Fluorescence, Seapoint
# name 8 = spar: SPAR, Biospherical/Licor
# name 9 = upoly0: Upoly 0, Suna Nitrate
# name 10 = depFM: Depth [fresh water, m], lat = 43.225
# name 11 = sbeox0Mg/L: Oxygen, SBE 43 [mg/l], WS = 2
# name 12 = specc: Specific Conductance [uS/cm]
# name 13 = flag: flag
# span 0 =     -0.123,     11.140       
# span 1 =     5.6538,    10.2775       
# span 2 =   3.286887, 425.863743       
# span 3 =     1.5824,     2.2869       
# span 4 = 1.6214e+00, 3.8623e+02       
# span 5 =     0.1099,     2.8100       
# span 6 =    49.5342,    97.2910       
# span 7 = 3.0525e-02, 9.1209e-01       
# span 8 = 2.5205e+02, 3.2096e+02       
# span 9 =  0.0745862,  0.3747668       
# span 10 =     -0.125,     11.360      
# span 11 =     7.3371,    13.0031      
# span 12 =      4.766,    617.520      
# span 13 = 0.0000e+00, 0.0000e+00      
# interval = seconds: 0.0416667
# start_time = Oct 03 2003 11:01:58 [NMEA time, header]
# bad_flag = -9.990e-29
*END*
[from data line 4852]
      9.030     7.9864 205.987546     2.1856 4.3893e+00     1.2441    73.2688 2.0513e-01 2.5598e+02  0.3627096      9.208    11.9945    312.213 0.0000e+00
      9.042     7.9915 205.939658     2.1856 4.3516e+00     1.2441    73.2688 1.9902e-01 2.5598e+02  0.3627096      9.220    11.9951    312.092 0.0000e+00
      9.055     7.9880 205.843892     2.1856 4.3141e+00     1.2441    73.2688 1.9048e-01 2.5598e+02  0.3627096      9.234    12.0008    311.980 0.0000e+00
      9.067     7.9794 205.843898     2.1856 4.3017e+00     1.2427    73.2950 1.8559e-01 2.5598e+02  0.3627096      9.246    12.0070    312.061 0.0000e+00
      9.078     8.0008 206.011480     2.1856 4.2770e+00     1.2441    73.2688 1.8681e-01 2.5598e+02  0.3631254      9.257    12.0048    312.113 0.0000e+00
      9.090     8.0317 206.214973     2.1856 4.2402e+00     1.2441    73.2688 1.9536e-01 2.5598e+02  0.3631254      9.269    11.9995    312.129 0.0000e+00
      9.103     8.0638 206.418471     2.1856 4.2402e+00     1.2441    73.2688 1.9780e-01 2.5795e+02  0.3631254      9.282    11.9926    312.133 0.0000e+00
      9.116     8.0852 206.598037     2.1844 4.2036e+00     1.2427    73.2950 1.9536e-01 2.5598e+02  0.3631254      9.296    11.9807    312.203 0.0000e+00
      9.130     8.1012 206.729721     2.1856 4.1554e+00     1.2441    73.2688 1.9658e-01 2.5598e+02  0.3631254      9.310    11.9894    312.251 0.0000e+00
      9.142     8.1196 206.777597     2.1844 4.1435e+00     1.2441    73.2688 1.9780e-01 2.5598e+02  0.3631254      9.322    11.9804    312.150 0.0000e+00
      9.155     8.1433 206.825471     2.1856 4.1315e+00     1.2441    73.2688 1.9780e-01 2.5598e+02  0.3631254      9.335    11.9863    311.999 0.0000e+00
      9.168     8.1651 206.981100     2.1856 4.0841e+00     1.2427    73.2950 1.9414e-01 2.5598e+02  0.3631254      9.349    11.9844    312.028 0.0000e+00
      9.181     8.1837 207.052924     2.1856 4.0724e+00     1.2427    73.2950 1.9658e-01 2.5598e+02  0.3631254      9.362    11.9832    311.961 0.0000e+00
      9.194     8.1982 207.100803     2.1856 4.0606e+00     1.2427    73.2950 1.9902e-01 2.5598e+02  0.3631254      9.375    11.9844    311.897 0.0000e+00
      9.209     8.2060 207.148693     2.1856 4.0256e+00     1.2427    73.2950 2.0757e-01 2.5598e+02  0.3631254      9.391    11.9874    311.896 0.0000e+00
      9.222     8.2105 207.268417     2.1868 4.0024e+00     1.2427    73.2950 2.0879e-01 2.5598e+02  0.3631254      9.404    12.0008    312.034 0.0000e+00
      9.234     8.2208 207.280385     2.1868 4.0024e+00     1.2427    73.2950 2.0147e-01 2.5598e+02  0.3631254      9.416    12.0026    311.955 0.0000e+00
      9.247     8.2298 207.340243     2.1856 3.9451e+00     1.2427    73.2950 1.9780e-01 2.5598e+02  0.3631254      9.429    11.9962    311.961 0.0000e+00
      9.261     8.2399 207.436022     2.1856 3.9224e+00     1.2427    73.2950 1.9902e-01 2.5598e+02  0.3631254      9.444    11.9986    312.010 0.0000e+00
      9.276     8.2611 207.436009     2.1856 3.9224e+00     1.2427    73.2950 1.9902e-01 2.5598e+02  0.3631254      9.459    11.9984    311.811 0.0000e+00
      9.290     8.2843 207.555727     2.1856 3.8773e+00     1.2413    73.3211 1.9414e-01 2.5598e+02  0.3631254      9.473    11.9961    311.774 0.0000e+00
      9.302     8.3071 207.639526     2.1880 3.8549e+00     1.2427    73.2950 1.9170e-01 2.5598e+02  0.3631254      9.485    12.0093    311.686 0.0000e+00
      9.314     8.3131 207.735309     2.1880 3.8549e+00     1.2427    73.2950 1.8803e-01 2.5598e+02  0.3631254      9.498    12.0108    311.774 0.0000e+00
      9.328     8.3168 207.723335     2.1880 3.8217e+00     1.2427    73.2950 1.8926e-01 2.5598e+02  0.3631254      9.512    12.0127    311.721 0.0000e+00
      9.342     8.3227 207.771225     2.1880 3.7887e+00     1.2427    73.2950 1.9170e-01 2.5598e+02  0.3631254      9.526    12.0156    311.738 0.0000e+00
      9.357     8.3235 207.759252     2.1868 3.7887e+00     1.2413    73.3211 1.9170e-01 2.5598e+02  0.3631254      9.541    12.0114    311.712 0.0000e+00
      9.372     8.3233 207.831094     2.1893 3.7559e+00     1.2427    73.2950 1.8926e-01 2.5598e+02  0.3631254      9.557    12.0327    311.822 0.0000e+00
      9.387     8.3313 207.819116     2.1880 3.7235e+00     1.2427    73.2950 1.8559e-01 2.5598e+02  0.3631254      9.572    12.0257    311.729 0.0000e+00
      9.401     8.3352 207.926877     2.1893 3.7127e+00     1.2427    73.2950 1.8315e-01 2.5598e+02  0.3631254      9.586    12.0375    311.854 0.0000e+00
      9.415     8.3480 208.034636     2.1893 3.6913e+00     1.2427    73.2950 1.8681e-01 2.5598e+02  0.3631254      9.601    12.0369    311.896 0.0000e+00
      9.430     8.3711 208.214233     2.1893 3.6488e+00     1.2427    73.2950 1.8681e-01 2.5598e+02  0.3631254      9.616    12.0325    311.949 0.0000e+00
      9.444     8.3962 208.381859     2.1893 3.6488e+00     1.2413    73.3211 3.3578e-01 2.5598e+02  0.3631254      9.630    12.0280    311.966 0.0000e+00
      9.458     8.4205 208.465664     2.1917 3.6278e+00     1.2427    73.2950 4.6154e-01 2.5598e+02  0.3614624      9.644    12.0388    311.864 0.0000e+00
      9.472     8.4458 208.573420     2.1917 3.5860e+00     1.2427    73.2950 4.1026e-01 2.5598e+02  0.3606308      9.659    12.0331    311.789 0.0000e+00
      9.486     8.4606 208.609335     2.1917 3.5756e+00     1.2441    73.2688 3.2601e-01 2.5598e+02  0.3606308      9.673    12.0293    311.705 0.0000e+00
      9.500     8.4592 208.573411     2.1917 3.5550e+00     1.2456    73.2427 2.7106e-01 2.5598e+02  0.3602151      9.687    12.0323    311.664 0.0000e+00
      9.515     8.4603 208.573412     2.1917 3.5039e+00     1.2470    73.2166 2.4054e-01 2.5598e+02  0.3606308      9.703    12.0349    311.654 0.0000e+00
      9.530     8.4681 208.681180     2.1929 3.4937e+00     1.2456    73.2427 2.2222e-01 2.5598e+02  0.3606308      9.718    12.0431    311.742 0.0000e+00
      9.544     8.4821 208.764996     2.1929 3.4836e+00     1.2456    73.2427 2.0879e-01 2.5598e+02  0.3606308      9.732    12.0403    311.737 0.0000e+00
      9.559     8.4985 208.872761     2.1941 3.4335e+00     1.2470    73.2166 2.0391e-01 2.5598e+02  0.3610466      9.747    12.0445    311.745 0.0000e+00
      9.574     8.5050 208.860783     2.1941 3.4136e+00     1.2456    73.2427 1.9658e-01 2.5598e+02  0.3606308      9.763    12.0440    311.667 0.0000e+00
      9.590     8.5055 208.848806     2.1941 3.4136e+00     1.2456    73.2427 1.9536e-01 2.5598e+02  0.3606308      9.779    12.0460    311.644 0.0000e+00
      9.607     8.5092 208.860781     2.1941 3.3743e+00     1.2470    73.2166 1.9658e-01 2.5598e+02  0.3606308      9.796    12.0452    311.628 0.0000e+00
      9.622     8.5118 208.776953     2.1954 3.3450e+00     1.2456    73.2427 2.0513e-01 2.5598e+02  0.3606308      9.812    12.0531    311.479 0.0000e+00
      9.636     8.5123 208.824852     2.1954 3.3450e+00     1.2456    73.2427 2.0513e-01 2.5598e+02  0.3606308      9.826    12.0520    311.545 0.0000e+00
      9.651     8.5155 208.812876     2.1954 3.3064e+00     1.2456    73.2427 1.9780e-01 2.5598e+02  0.3610466      9.841    12.0495    311.498 0.0000e+00
      9.667     8.5174 208.812875     2.1954 3.2777e+00     1.2456    73.2427 1.9048e-01 2.5598e+02  0.3610466      9.858    12.0498    311.480 0.0000e+00
      9.683     8.5177 208.836826     2.1954 3.2682e+00     1.2441    73.2688 1.8926e-01 2.5598e+02  0.3606308      9.874    12.0501    311.513 0.0000e+00
      9.697     8.5155 208.848803     2.1978 3.2399e+00     1.2456    73.2427 1.8926e-01 2.5598e+02  0.3606308      9.888    12.0672    311.551 0.0000e+00
      9.712     8.5224 208.908673     2.1978 3.2024e+00     1.2456    73.2427 1.9292e-01 2.5598e+02  0.3606308      9.903    12.0641    311.577 0.0000e+00
      9.728     8.5307 208.968546     2.1978 3.2024e+00     1.2456    73.2427 1.9536e-01 2.5598e+02  0.3606308      9.920    12.0588    311.589 0.0000e+00
      9.743     8.5371 209.028418     2.1990 3.1654e+00     1.2456    73.2427 1.9414e-01 2.5598e+02  0.3606308      9.935    12.0641    311.619 0.0000e+00
      9.759     8.5477 209.076313     2.1990 3.1288e+00     1.2441    73.2688 1.9048e-01 2.5598e+02  0.3606308      9.951    12.0590    311.591 0.0000e+00
      9.775     8.5578 209.100259     2.1990 3.1197e+00     1.2470    73.2166 1.9170e-01 2.5598e+02  0.3606308      9.968    12.0536    311.533 0.0000e+00
      9.788     8.5650 209.136179     2.1990 3.1107e+00     1.2456    73.2427 1.9658e-01 2.5598e+02  0.3606308      9.981    12.0485    311.520 0.0000e+00
      9.802     8.5696 209.184079     2.2002 3.0747e+00     1.2527    73.1120 2.0147e-01 2.5598e+02  0.3606308      9.995    12.0531    311.549 0.0000e+00
      9.818     8.5711 209.184079     2.2002 3.0747e+00     1.2613    72.9552 1.9902e-01 2.5598e+02  0.3606308     10.012    12.0497    311.535 0.0000e+00
      9.833     8.5685 209.076302     2.2002 3.0569e+00     1.2642    72.9029 1.9536e-01 2.5598e+02  0.3610466     10.027    12.0503    311.398 0.0000e+00
      9.847     8.5633 209.052353     2.2002 3.0039e+00     1.2642    72.9029 1.9658e-01 2.5598e+02  0.3602151     10.041    12.0501    311.411 0.0000e+00
      9.861     8.5593 209.052356     2.2015 2.9952e+00     1.2627    72.9290 1.9658e-01 2.5795e+02  0.3593835     10.055    12.0580    311.448 0.0000e+00
      9.876     8.5573 208.956555     2.2027 2.9865e+00     1.2627    72.9290 1.9780e-01 2.5598e+02  0.3593835     10.071    12.0640    311.324 0.0000e+00
      9.892     8.5588 209.016431     2.2027 2.9519e+00     1.2627    72.9290 1.9902e-01 2.5598e+02  0.3589678     10.087    12.0600    311.399 0.0000e+00
      9.908     8.5645 209.124208     2.2027 2.9347e+00     1.2627    72.9290 2.0024e-01 2.5598e+02  0.3593835     10.103    12.0564    311.507 0.0000e+00
      9.922     8.5682 209.172107     2.2027 2.9347e+00     1.2627    72.9290 1.9780e-01 2.5598e+02  0.3589678     10.118    12.0529    311.544 0.0000e+00
      9.936     8.5701 209.112227     2.2027 2.9007e+00     1.2642    72.9029 2.0757e-01 2.5598e+02  0.3593835     10.132    12.0494    311.437 0.0000e+00
      9.950     8.5670 209.088280     2.2039 2.8923e+00     1.2627    72.9290 2.1368e-01 2.5598e+02  0.3593835     10.146    12.0553    311.430 0.0000e+00
      9.965     8.5600 209.040382     2.2039 2.8838e+00     1.2627    72.9290 2.0879e-01 2.5598e+02  0.3593835     10.161    12.0528    311.424 0.0000e+00
      9.978     8.5543 208.992485     2.2039 2.8504e+00     1.2627    72.9290 2.0147e-01 2.5598e+02  0.3593835     10.175    12.0495    311.405 0.0000e+00
      9.993     8.5497 208.992487     2.2039 2.8338e+00     1.2613    72.9552 1.9658e-01 2.5598e+02  0.3593835     10.190    12.0476    311.448 0.0000e+00
     10.009     8.5461 209.016443     2.2039 2.8338e+00     1.2627    72.9290 1.9292e-01 2.5598e+02  0.3593835     10.206    12.0450    311.517 0.0000e+00
     10.023     8.5468 208.992492     2.2051 2.8009e+00     1.2627    72.9290 1.9048e-01 2.5598e+02  0.3593835     10.221    12.0489    311.475 0.0000e+00
     10.036     8.5526 209.028413     2.2051 2.7765e+00     1.2627    72.9290 1.9170e-01 2.5598e+02  0.3593835     10.234    12.0425    311.475 0.0000e+00
     10.049     8.5594 209.052360     2.2051 2.7684e+00     1.2627    72.9290 1.9536e-01 2.5598e+02  0.3593835     10.247    12.0353    311.447 0.0000e+00
     10.064     8.5654 209.124209     2.2051 2.7442e+00     1.2627    72.9290 1.9536e-01 2.5598e+02  0.3593835     10.262    12.0313    311.498 0.0000e+00
     10.078     8.5678 209.148159     2.2051 2.7203e+00     1.2627    72.9290 1.9292e-01 2.5598e+02  0.3593835     10.277    12.0282    311.512 0.0000e+00
     10.092     8.5675 209.148161     2.2051 2.7203e+00     1.2599    72.9813 1.9536e-01 2.5598e+02  0.3593835     10.291    12.0255    311.515 0.0000e+00
     10.105     8.5668 209.148159     2.2063 2.7044e+00     1.2499    73.1643 1.9536e-01 2.5598e+02  0.3593835     10.304    12.0319    311.521 0.0000e+00
     10.118     8.5708 209.172109     2.2051 2.6887e+00     1.2456    73.2427 1.9414e-01 2.5598e+02  0.3593835     10.317    12.0200    311.520 0.0000e+00
     10.132     8.5773 209.196057     2.2051 2.6808e+00     1.2456    73.2427 1.9048e-01 2.5598e+02  0.3593835     10.332    12.0142    311.495 0.0000e+00
     10.145     8.5822 209.231980     2.2063 2.6652e+00     1.2470    73.2166 1.8926e-01 2.5598e+02  0.3593835     10.345    12.0179    311.503 0.0000e+00
     10.158     8.5827 209.172102     2.2063 2.6265e+00     1.2456    73.2427 1.8803e-01 2.5598e+02  0.3593835     10.358    12.0145    311.409 0.0000e+00
     10.172     8.5825 209.184078     2.2076 2.6188e+00     1.2470    73.2166 1.8681e-01 2.5598e+02  0.3593835     10.373    12.0201    311.429 0.0000e+00
     10.185     8.5827 209.267909     2.2063 2.6111e+00     1.2470    73.2166 1.8803e-01 2.5598e+02  0.3593835     10.386    12.0063    311.552 0.0000e+00
     10.198     8.5848 209.220003     2.2063 2.5959e+00     1.2470    73.2166 1.8926e-01 2.5598e+02  0.3593835     10.399    12.0007    311.461 0.0000e+00
     10.212     8.5868 209.231978     2.2063 2.5807e+00     1.2456    73.2427 1.9048e-01 2.5598e+02  0.3593835     10.413    11.9983    311.460 0.0000e+00
     10.227     8.5870 209.208028     2.2063 2.5807e+00     1.2456    73.2427 1.8926e-01 2.5598e+02  0.3585520     10.429    11.9962    311.423 0.0000e+00
     10.241     8.5827 209.160128     2.2076 2.5432e+00     1.2470    73.2166 1.8803e-01 2.5598e+02  0.3585520     10.443    12.0044    311.391 0.0000e+00
     10.254     8.5753 209.112230     2.2076 2.5284e+00     1.2456    73.2427 1.8803e-01 2.5598e+02  0.3585520     10.456    12.0034    311.389 0.0000e+00
     10.268     8.5667 209.088287     2.2063 2.5210e+00     1.2470    73.2166 1.9536e-01 2.5598e+02  0.3585520     10.470    11.9937    311.433 0.0000e+00
     10.280     8.5533 208.944589     2.2063 2.4989e+00     1.2470    73.2166 2.0147e-01 2.5598e+02  0.3585520     10.483    11.9955    311.343 0.0000e+00
     10.293     8.5416 208.908672     2.2051 2.4843e+00     1.2456    73.2427 2.0024e-01 2.5598e+02  0.3585520     10.496    11.9894    311.398 0.0000e+00
     10.306     8.5351 208.908678     2.2051 2.4843e+00     1.2456    73.2427 1.9536e-01 2.5598e+02  0.3585520     10.509    11.9887    311.459 0.0000e+00
     10.319     8.5329 208.860777     2.2063 2.4625e+00     1.2470    73.2166 1.9414e-01 2.5598e+02  0.3585520     10.522    11.9950    311.408 0.0000e+00
     10.333     8.5314 208.848804     2.2063 2.4409e+00     1.2456    73.2427 1.9780e-01 2.5598e+02  0.3585520     10.537    11.9928    311.404 0.0000e+00
     10.346     8.5309 208.860780     2.2063 2.4409e+00     1.2470    73.2166 2.0147e-01 2.5598e+02  0.3585520     10.550    11.9901    311.426 0.0000e+00
     10.360     8.5312 208.956582     2.2063 2.4195e+00     1.2484    73.1904 2.0024e-01 2.5598e+02  0.3585520     10.564    11.9883    311.566 0.0000e+00
     10.374     8.5325 208.920656     2.2063 2.3983e+00     1.2584    73.0075 2.0269e-01 2.5598e+02  0.3585520     10.579    11.9861    311.501 0.0000e+00
     10.386     8.5314 208.908682     2.2076 2.3983e+00     1.2627    72.9290 2.1612e-01 2.5598e+02  0.3585520     10.591    11.9926    311.493 0.0000e+00
     10.398     8.5296 208.920658     2.2076 2.3842e+00     1.2627    72.9290 2.2100e-01 2.5598e+02  0.3589678     10.603    11.9905    311.528 0.0000e+00
     10.410     8.5280 208.908684     2.2076 2.3772e+00     1.2627    72.9290 2.2344e-01 2.5598e+02  0.3585520     10.615    11.9893    311.525 0.0000e+00
     10.422     8.5304 208.920658     2.2076 2.3703e+00     1.2627    72.9290 2.1734e-01 2.5598e+02  0.3585520     10.627    11.9858    311.520 0.0000e+00
     10.435     8.5340 208.932632     2.2076 2.3633e+00     1.2613    72.9552 2.1245e-01 2.5598e+02  0.3585520     10.641    11.9841    311.505 0.0000e+00
