data/05_metadata_exports/SeabirdData/202305_SeabirdData/83443_stn17.cnv
* Sea-Bird SBE 9 Data File:
* FileName = C:\Users\rosette\Rosette Data\2023\Ontario CSMI\stn17.hex
* Software Version Seasave V 7.26.6.26
* Temperature SN = 5270
* Conductivity SN = 1168
* Number of Bytes Per Scan = 40
* Number of Voltage Words = 5
* Number of Scans Averaged by the Deck Unit = 1
* NMEA Latitude = 43 13.50 N
* NMEA Longitude = 079 16.28 W
* NMEA UTC (Time) = Oct 03 2003  11:01:58
* NMEA baud rate = 4800
** Ship: Lake Guardian
** Ontario CSMI LWFS
** Station:  stn17
# nquan = 14                                
# nvalues = 11544                       
# units = specified
# name 0 = prDM: Pressure, Digiquartz [db]
# name 1 = t090C: Temperature [ITS-90, deg C]
# name 2 = c0uS/cm: Conductivity [uS/cm]
# name 3 = sbeox0V: Oxygen raw, SBE 43 [V]
# name 4 = par: PAR/Irradiance, Biospherical/Licor
# name 5 = bat: Beam Attenuation, Chelsea/Seatech [1/m]
# name 6 = xmiss: Beam Transmission, Chelsea/Seatech [%]
# name 7 = flSP: Fluorescence, Seapoint
# name 8 = spar: SPAR, Biospherical/Licor
# name 9 = upoly0: Upoly 0, Suna Nitrate
# name 10 = depFM: Depth [fresh water, m], lat = 43.225
# name 11 = sbeox0Mg/L: Oxygen, SBE 43 [mg/l], WS = 2
# name 12 = specc: Specific Conductance [uS/cm]
# name 13 = flag: flag
# span 0 =     -0.123,     11.140       
# span 1 =     5.6538,    10.2775       
# span 2 =   3.286887, 425.863743       
# span 3 =     1.5824,     2.2869       
# span 4 = 1.6214e+00, 3.8623e+02       
# span 5 =     0.1099,     2.8100       
# span 6 =    49.5342,    97.2910       
# span 7 = 3.0525e-02, 9.1209e-01       
# span 8 = 2.5205e+02, 3.2096e+02       
# span 9 =  0.0745862,  0.3747668       
# span 10 =     -0.125,     11.360      
# span 11 =     7.3371,    13.0031      
# span 12 =      4.766,    617.520      
# span 13 = 0.0000e+00, 0.0000e+00      
# interval = seconds: 0.0416667
# start_time = Oct 03 2003 11:01:58 [NMEA time, header]
# bad_flag = -9.990e-29
*END*
[from data line 9601]
      6.317     5.7167 193.296725     2.1477 1.4539e+01     0.3285    92.1154 2.0879e-01 2.8749e+02  0.3668673      6.442    12.4880    314.630 -9.990e-29
      6.316     5.7152 193.296726     2.1490 1.4580e+01     0.3296    92.0892 2.1245e-01 2.8749e+02  0.3672830      6.441    12.4987    314.646 -9.990e-29
      6.316     5.7137 193.296727     2.1490 1.4580e+01     0.3296    92.0892 2.1245e-01 2.8749e+02  0.3672830      6.441    12.4986    314.661 -9.990e-29
      6.316     5.7133 193.296728     2.1490 1.4539e+01     0.3296    92.0892 2.1368e-01 2.8749e+02  0.3672830      6.441    12.4994    314.665 -9.990e-29
      6.315     5.7129 193.308682     2.1490 1.4539e+01     0.3296    92.0892 2.1612e-01 2.8552e+02  0.3672830      6.440    12.5003    314.689 -9.990e-29
      6.315     5.7143 193.344542     2.1477 1.4580e+01     0.3308    92.0631 2.1612e-01 2.8552e+02  0.3672830      6.440    12.4910    314.733 -9.990e-29
      6.316     5.7144 193.332588     2.1465 1.4580e+01     0.3296    92.0892 2.1368e-01 2.8552e+02  0.3672830      6.441    12.4829    314.712 -9.990e-29
      6.316     5.7131 193.344543     2.1465 1.4580e+01     0.3285    92.1154 2.0879e-01 2.8552e+02  0.3672830      6.441    12.4843    314.745 -9.990e-29
      6.316     5.7125 193.260867     2.1477 1.4580e+01     0.3296    92.0892 2.0513e-01 2.8552e+02  0.3672830      6.441    12.4944    314.615 -9.990e-29
      6.316     5.7110 193.272822     2.1465 1.4580e+01     0.3296    92.0892 2.0024e-01 2.8552e+02  0.3672830      6.441    12.4884    314.650 -9.990e-29
      6.316     5.7123 193.332590     2.1477 1.4621e+01     0.3296    92.0892 1.9292e-01 2.8552e+02  0.3672830      6.441    12.4993    314.734 -9.990e-29
      6.316     5.7132 193.356497     2.1477 1.4580e+01     0.3296    92.0892 1.8315e-01 2.8552e+02  0.3672830      6.441    12.5014    314.763 -9.990e-29
      6.316     5.7120 193.356498     2.1477 1.4580e+01     0.3296    92.0892 1.7827e-01 2.8552e+02  0.3672830      6.441    12.5014    314.776 -9.990e-29
      6.315     5.7105 193.356499     2.1477 1.4580e+01     0.3308    92.0631 1.8071e-01 2.8552e+02  0.3672830      6.440    12.5016    314.791 -9.990e-29
      6.314     5.7106 193.332590     2.1490 1.4621e+01     0.3296    92.0892 1.8559e-01 2.8552e+02  0.3672830      6.438    12.5123    314.751 -9.990e-29
      6.314     5.7105 193.344545     2.1490 1.4621e+01     0.3308    92.0631 1.8315e-01 2.8552e+02  0.3672830      6.438    12.5134    314.772 -9.990e-29
      6.314     5.7108 193.296729     2.1477 1.4621e+01     0.3240    92.2199 1.7705e-01 2.8552e+02  0.3672830      6.438    12.5047    314.691 -9.990e-29
      6.315     5.7104 193.332591     2.1477 1.4621e+01     0.3183    92.3506 1.7094e-01 2.8552e+02  0.3672830      6.440    12.5059    314.753 -9.990e-29
      6.317     5.7101 193.308683     2.1477 1.4621e+01     0.3183    92.3506 1.6484e-01 2.8552e+02  0.3672830      6.442    12.5085    314.717 -9.990e-29
      6.318     5.7094 193.320638     2.1477 1.4621e+01     0.3183    92.3506 1.6484e-01 2.8355e+02  0.3672830      6.443    12.5097    314.744 -9.990e-29
      6.319     5.7092 193.344545     2.1477 1.4621e+01     0.3183    92.3506 1.6728e-01 2.8355e+02  0.3672830      6.444    12.5093    314.785 -9.990e-29
      6.320     5.7097 193.380408     2.1490 1.4621e+01     0.3183    92.3506 1.7094e-01 2.8355e+02  0.3672830      6.445    12.5184    314.838 -9.990e-29
      6.321     5.7119 193.344543     2.1477 1.4621e+01     0.3183    92.3506 1.7094e-01 2.8355e+02  0.3672830      6.446    12.5075    314.757 -9.990e-29
      6.322     5.7138 193.392358     2.1477 1.4580e+01     0.3183    92.3506 1.6972e-01 2.8355e+02  0.3643727      6.447    12.5051    314.816 -9.990e-29
      6.323     5.7134 193.308682     2.1465 1.4621e+01     0.3194    92.3245 1.7094e-01 2.8355e+02  0.3535629      6.448    12.4958    314.684 -9.990e-29
      6.323     5.7127 193.284774     2.1465 1.4580e+01     0.3172    92.3768 1.7094e-01 2.8355e+02  0.3494052      6.448    12.4970    314.652 -9.990e-29
      6.322     5.7120 193.320636     2.1465 1.4621e+01     0.3194    92.3245 1.6850e-01 2.8355e+02  0.3489895      6.447    12.4995    314.717 -9.990e-29
      6.323     5.7119 193.284775     2.1477 1.4621e+01     0.3183    92.3506 1.7216e-01 2.8355e+02  0.3494052      6.448    12.5107    314.660 -9.990e-29
      6.323     5.7115 193.272821     2.1477 1.4580e+01     0.3183    92.3506 1.8071e-01 2.8355e+02  0.3494052      6.448    12.5117    314.645 -9.990e-29
      6.325     5.7119 193.284775     2.1477 1.4580e+01     0.3183    92.3506 1.8559e-01 2.8355e+02  0.3494052      6.450    12.5139    314.660 -9.990e-29
      6.326     5.7116 193.296730     2.1477 1.4580e+01     0.3183    92.3506 1.8071e-01 2.8355e+02  0.3494052      6.451    12.5149    314.683 -9.990e-29
      6.327     5.7127 193.332589     2.1477 1.4580e+01     0.3172    92.3768 1.7094e-01 2.8355e+02  0.3494052      6.452    12.5126    314.730 -9.990e-29
      6.327     5.7152 193.380403     2.1477 1.4580e+01     0.3172    92.3768 1.6239e-01 2.8355e+02  0.3498210      6.452    12.5099    314.782 -9.990e-29
      6.328     5.7147 193.356496     2.1490 1.4580e+01     0.3183    92.3506 1.5629e-01 2.8355e+02  0.3494052      6.453    12.5191    314.748 -9.990e-29
      6.329     5.7143 193.356497     2.1490 1.4539e+01     0.3183    92.3506 1.5263e-01 2.8158e+02  0.3494052      6.454    12.5186    314.752 -9.990e-29
      6.329     5.7146 193.380404     2.1490 1.4539e+01     0.3194    92.3245 1.5140e-01 2.8158e+02  0.3494052      6.454    12.5191    314.788 -9.990e-29
      6.329     5.7149 193.392357     2.1477 1.4580e+01     0.3194    92.3245 1.5140e-01 2.8158e+02  0.3494052      6.454    12.5085    314.804 -9.990e-29
      6.329     5.7155 193.356495     2.1477 1.4580e+01     0.3194    92.3245 1.4896e-01 2.8158e+02  0.3494052      6.454    12.5089    314.740 -9.990e-29
      6.330     5.7199 193.356494     2.1477 1.4539e+01     0.3194    92.3245 1.5018e-01 2.8158e+02  0.3494052      6.455    12.5078    314.695 -9.990e-29
      6.329     5.7239 193.392352     2.1477 1.4539e+01     0.3206    92.2984 1.5140e-01 2.8158e+02  0.3498210      6.454    12.5069    314.712 -9.990e-29
      6.329     5.7252 193.392351     2.1490 1.4539e+01     0.3194    92.3245 1.5263e-01 2.8158e+02  0.3494052      6.454    12.5154    314.699 -9.990e-29
      6.330     5.7245 193.356490     2.1490 1.4539e+01     0.3194    92.3245 1.5873e-01 2.8158e+02  0.3494052      6.455    12.5149    314.648 -9.990e-29
      6.331     5.7239 193.344537     2.1490 1.4539e+01     0.3194    92.3245 1.7338e-01 2.8158e+02  0.3494052      6.456    12.5144    314.634 -9.990e-29
      6.332     5.7245 193.428213     2.1490 1.4539e+01     0.3206    92.2984 1.8437e-01 2.8158e+02  0.3494052      6.457    12.5148    314.764 -9.990e-29
      6.332     5.7254 193.416259     2.1477 1.4498e+01     0.3206    92.2984 1.8437e-01 2.8158e+02  0.3494052      6.457    12.5053    314.736 -9.990e-29
      6.334     5.7245 193.368445     2.1477 1.4498e+01     0.3194    92.3245 1.7705e-01 2.8158e+02  0.3494052      6.459    12.5061    314.667 -9.990e-29
      6.334     5.7234 193.380398     2.1477 1.4539e+01     0.3194    92.3245 1.7094e-01 2.8158e+02  0.3494052      6.459    12.5070    314.698 -9.990e-29
      6.334     5.7227 193.356492     2.1477 1.4498e+01     0.3194    92.3245 1.6728e-01 2.8158e+02  0.3494052      6.459    12.5078    314.666 -9.990e-29
      6.334     5.7218 193.332583     2.1477 1.4498e+01     0.3194    92.3245 1.6361e-01 2.8158e+02  0.3494052      6.459    12.5085    314.636 -9.990e-29
      6.336     5.7207 193.368447     2.1490 1.4498e+01     0.3206    92.2984 1.6117e-01 2.8158e+02  0.3494052      6.461    12.5177    314.706 -9.990e-29
      6.336     5.7194 193.356494     2.1490 1.4498e+01     0.3194    92.3245 1.6117e-01 2.8158e+02  0.3494052      6.461    12.5171    314.700 -9.990e-29
      6.335     5.7181 193.356494     2.1490 1.4498e+01     0.3206    92.2984 1.6239e-01 2.8158e+02  0.3494052      6.460    12.5150    314.713 -9.990e-29
      6.335     5.7160 193.332587     2.1477 1.4498e+01     0.3194    92.3245 1.6606e-01 2.8158e+02  0.3494052      6.460    12.5048    314.696 -9.990e-29
      6.335     5.7160 193.368450     2.1490 1.4498e+01     0.3206    92.2984 1.6728e-01 2.8158e+02  0.3494052      6.460    12.5133    314.754 -9.990e-29
      6.335     5.7155 193.344541     2.1490 1.4457e+01     0.3194    92.3245 1.6728e-01 2.8158e+02  0.3498210      6.460    12.5136    314.720 -9.990e-29
      6.335     5.7144 193.296727     2.1477 1.4457e+01     0.3194    92.3245 1.6239e-01 2.8158e+02  0.3494052      6.460    12.5043    314.654 -9.990e-29
      6.336     5.7146 193.368451     2.1477 1.4498e+01     0.3206    92.2984 1.5751e-01 2.8158e+02  0.3494052      6.461    12.5029    314.769 -9.990e-29
      6.337     5.7143 193.320635     2.1477 1.4498e+01     0.3240    92.2199 1.5507e-01 2.8158e+02  0.3494052      6.462    12.5016    314.694 -9.990e-29
      6.337     5.7135 193.380405     2.1490 1.4457e+01     0.3240    92.2199 1.5385e-01 2.7961e+02  0.3494052      6.462    12.5116    314.799 -9.990e-29
      6.337     5.7132 193.320635     2.1490 1.4498e+01     0.3240    92.2199 1.5629e-01 2.7961e+02  0.3494052      6.462    12.5119    314.705 -9.990e-29
      6.337     5.7143 193.320636     2.1477 1.4498e+01     0.3240    92.2199 1.5751e-01 2.7961e+02  0.3494052      6.462    12.5033    314.694 -9.990e-29
      6.337     5.7159 193.344541     2.1490 1.4498e+01     0.3240    92.2199 1.5995e-01 2.7961e+02  0.3494052      6.462    12.5125    314.716 -9.990e-29
      6.336     5.7143 193.332589     2.1490 1.4498e+01     0.3228    92.2461 1.6361e-01 2.7961e+02  0.3494052      6.461    12.5132    314.713 -9.990e-29
      6.336     5.7121 193.332591     2.1477 1.4498e+01     0.3228    92.2461 1.6728e-01 2.7961e+02  0.3494052      6.461    12.5029    314.736 -9.990e-29
      6.336     5.7114 193.332590     2.1465 1.4457e+01     0.3228    92.2461 1.6972e-01 2.7961e+02  0.3494052      6.461    12.4942    314.743 -9.990e-29
      6.335     5.7115 193.272822     2.1477 1.4498e+01     0.3240    92.2199 1.7338e-01 2.7961e+02  0.3494052      6.460    12.5031    314.645 -9.990e-29
      6.333     5.7127 193.284774     2.1477 1.4498e+01     0.3228    92.2461 1.7460e-01 2.7961e+02  0.3494052      6.458    12.5041    314.652 -9.990e-29
      6.332     5.7128 193.272820     2.1490 1.4498e+01     0.3228    92.2461 1.7582e-01 2.7961e+02  0.3494052      6.457    12.5138    314.631 -9.990e-29
      6.332     5.7121 193.308683     2.1490 1.4498e+01     0.3240    92.2199 1.7216e-01 2.7961e+02  0.3494052      6.457    12.5155    314.697 -9.990e-29
      6.330     5.7112 193.344544     2.1490 1.4539e+01     0.3228    92.2461 1.6850e-01 2.7961e+02  0.3494052      6.455    12.5145    314.765 -9.990e-29
      6.329     5.7110 193.308683     2.1477 1.4539e+01     0.3240    92.2199 1.6850e-01 2.7961e+02  0.3494052      6.454    12.5036    314.708 -9.990e-29
      6.329     5.7112 193.332590     2.1490 1.4539e+01     0.3240    92.2199 1.7094e-01 2.7961e+02  0.3494052      6.454    12.5106    314.745 -9.990e-29
      6.329     5.7102 193.356500     2.1490 1.4539e+01     0.3240    92.2199 1.7705e-01 2.7961e+02  0.3494052      6.454    12.5084    314.794 -9.990e-29
      6.328     5.7090 193.308684     2.1490 1.4580e+01     0.3240    92.2199 1.7827e-01 2.7961e+02  0.3494052      6.453    12.5077    314.729 -9.990e-29
      6.327     5.7084 193.272823     2.1490 1.4580e+01     0.3240    92.2199 1.7705e-01 2.7961e+02  0.3494052      6.452    12.5068    314.676 -9.990e-29
      6.327     5.7084 193.272823     2.1477 1.4580e+01     0.3228    92.2461 1.7582e-01 2.7961e+02  0.3494052      6.452    12.4975    314.676 -9.990e-29
      6.327     5.7078 193.272823     2.1477 1.4580e+01     0.3240    92.2199 1.7460e-01 2.7961e+02  0.3494052      6.452    12.4981    314.683 -9.990e-29
      6.327     5.7074 193.236963     2.1477 1.4580e+01     0.3217    92.2722 1.7460e-01 2.7961e+02  0.3494052      6.452    12.4960    314.628 -9.990e-29
      6.326     5.7068 193.225009     2.1490 1.4621e+01     0.3194    92.3245 1.7582e-01 2.7961e+02  0.3494052      6.451    12.5051    314.615 -9.990e-29
      6.325     5.7047 193.236964     2.1490 1.4621e+01     0.3194    92.3245 1.7582e-01 2.7764e+02  0.3494052      6.450    12.5064    314.656 -9.990e-29
      6.324     5.7023 193.272828     2.1477 1.4621e+01     0.3194    92.3245 1.7460e-01 2.7764e+02  0.3494052      6.449    12.4968    314.739 -9.990e-29
      6.322     5.7020 193.225011     2.1477 1.4621e+01     0.3194    92.3245 1.7094e-01 2.7961e+02  0.3494052      6.447    12.4949    314.664 -9.990e-29
      6.321     5.7025 193.296735     2.1477 1.4663e+01     0.3194    92.3245 1.6606e-01 2.7764e+02  0.3494052      6.446    12.4927    314.776 -9.990e-29
      6.321     5.7028 193.260873     2.1477 1.4663e+01     0.3183    92.3506 1.6239e-01 2.7764e+02  0.3494052      6.446    12.4921    314.714 -9.990e-29
      6.319     5.7031 193.213058     2.1490 1.4663e+01     0.3194    92.3245 1.6239e-01 2.7961e+02  0.3498210      6.444    12.5026    314.633 -9.990e-29
      6.319     5.7015 193.272827     2.1490 1.4704e+01     0.3194    92.3245 1.6361e-01 2.7764e+02  0.3498210      6.444    12.5014    314.747 -9.990e-29
      6.318     5.6998 193.296736     2.1490 1.4704e+01     0.3194    92.3245 1.6361e-01 2.7764e+02  0.3494052      6.443    12.5030    314.804 -9.990e-29
      6.318     5.6997 193.201106     2.1477 1.4704e+01     0.3194    92.3245 1.6484e-01 2.7764e+02  0.3494052      6.443    12.4957    314.649 -9.990e-29
      6.318     5.6996 193.248921     2.1490 1.4704e+01     0.3194    92.3245 1.6361e-01 2.7764e+02  0.3494052      6.443    12.5064    314.728 -9.990e-29
      6.317     5.6991 193.272829     2.1477 1.4746e+01     0.3206    92.2984 1.6484e-01 2.7764e+02  0.3494052      6.442    12.4951    314.772 -9.990e-29
      6.317     5.6980 193.284783     2.1490 1.4746e+01     0.3194    92.3245 1.6728e-01 2.7764e+02  0.3494052      6.442    12.5035    314.803 -9.990e-29
      6.317     5.6985 193.272829     2.1477 1.4746e+01     0.3194    92.3245 1.7094e-01 2.7764e+02  0.3494052      6.442    12.4919    314.778 -9.990e-29
      6.317     5.6988 193.236968     2.1490 1.4746e+01     0.3194    92.3245 1.7582e-01 2.7764e+02  0.3494052      6.442    12.5013    314.716 -9.990e-29
      6.317     5.6989 193.272829     2.1477 1.4746e+01     0.3194    92.3245 1.7827e-01 2.7764e+02  0.3494052      6.442    12.4927    314.774 -9.990e-29
      6.317     5.6991 193.320644     2.1477 1.4746e+01     0.3194    92.3245 1.8193e-01 2.7764e+02  0.3494052      6.442    12.4938    314.850 -9.990e-29
      6.318     5.6991 193.236968     2.1465 1.4788e+01     0.3183    92.3506 1.8437e-01 2.7764e+02  0.3494052      6.443    12.4847    314.713 -9.990e-29
      6.318     5.6987 193.272830     2.1465 1.4788e+01     0.3194    92.3245 1.8559e-01 2.7764e+02  0.3494052      6.443    12.4848    314.776 -9.990e-29
      6.317     5.6985 193.320643     2.1477 1.4788e+01     0.3228    92.2461 1.8681e-01 2.7764e+02  0.3494052      6.442    12.4952    314.856 -9.990e-29
      6.318     5.6982 193.344553     2.1465 1.4788e+01     0.3240    92.2199 1.8559e-01 2.7764e+02  0.3494052      6.443    12.4891    314.898 -9.990e-29
      6.317     5.6992 193.248921     2.1477 1.4788e+01     0.3240    92.2199 1.8559e-01 2.7764e+02  0.3498210      6.442    12.5005    314.732 -9.990e-29
      6.316     5.6996 193.284782     2.1477 1.4788e+01     0.3240    92.2199 1.8437e-01 2.7764e+02  0.3494052      6.441    12.5018    314.786 -9.990e-29
      6.315     5.7002 193.284782     2.1465 1.4830e+01     0.3251    92.1938 1.8315e-01 2.7764e+02  0.3494052      6.440    12.4939    314.780 -9.990e-29
