data/05_metadata_exports/SeabirdData/202305_SeabirdData/83443_stn17.cnv
* Sea-Bird SBE 9 Data File:
* FileName = C:\Users\rosette\Rosette Data\2023\Ontario CSMI\stn17.hex
* Software Version Seasave V 7.26.6.26
* Temperature SN = 5270
* Conductivity SN = 1168
* Number of Bytes Per Scan = 40
* Number of Voltage Words = 5
* Number of Scans Averaged by the Deck Unit = 1
* NMEA Latitude = 43 13.50 N
* NMEA Longitude = 079 16.28 W
* NMEA UTC (Time) = Oct 03 2003  11:01:58
* NMEA baud rate = 4800
** Ship: Lake Guardian
** Ontario CSMI LWFS
** Station:  stn17
# nquan = 14                                
# nvalues = 11544                       
# units = specified
# name 0 = prDM: Pressure, Digiquartz [db]
# name 1 = t090C: Temperature [ITS-90, deg C]
# name 2 = c0uS/cm: Conductivity [uS/cm]
# name 3 = sbeox0V: Oxygen raw, SBE 43 [V]
# name 4 = par: PAR/Irradiance, Biospherical/Licor
# name 5 = bat: Beam Attenuation, Chelsea/Seatech [1/m]
# name 6 = xmiss: Beam Transmission, Chelsea/Seatech [%]
# name 7 = flSP: Fluorescence, Seapoint
# name 8 = spar: SPAR, Biospherical/Licor
# name 9 = upoly0: Upoly 0, Suna Nitrate
# name 10 = depFM: Depth [fresh water, m], lat = 43.225
# name 11 = sbeox0Mg/L: Oxygen, SBE 43 [mg/l], WS = 2
# name 12 = specc: Specific Conductance [uS/cm]
# name 13 = flag: flag
# span 0 =     -0.123,     11.140       
# span 1 =     5.6538,    10.2775       
# span 2 =   3.286887, 425.863743       
# span 3 =     1.5824,     2.2869       
# span 4 = 1.6214e+00, 3.8623e+02       
# span 5 =     0.1099,     2.8100       
# span 6 =    49.5342,    97.2910       
# span 7 = 3.0525e-02, 9.1209e-01       
# span 8 = 2.5205e+02, 3.2096e+02       
# span 9 =  0.0745862,  0.3747668       
# span 10 =     -0.125,     11.360      
# span 11 =     7.3371,    13.0031      
# span 12 =      4.766,    617.520      
# span 13 = 0.0000e+00, 0.0000e+00      
# interval = seconds: 0.0416667
# start_time = Oct 03 2003 11:01:58 [NMEA time, header]
# bad_flag = -9.990e-29
*END*
[from data line 5368]
     11.105     8.5710 209.243982     2.2015 1.6908e+00     1.3526    71.3084 2.4542e-01 2.5795e+02  0.3581363     11.324    11.9470    311.625 -9.990e-29
     11.105     8.5810 209.220024     2.2015 1.6959e+00     1.3512    71.3345 2.3810e-01 2.5795e+02  0.3581363     11.324    11.9440    311.496 -9.990e-29
     11.106     8.5808 209.184099     2.2027 1.6959e+00     1.3526    71.3084 2.2833e-01 2.5795e+02  0.3581363     11.325    11.9536    311.445 -9.990e-29
     11.107     8.5742 209.196077     2.2027 1.6959e+00     1.3526    71.3084 2.2100e-01 2.5795e+02  0.3581363     11.326    11.9558    311.524 -9.990e-29
     11.107     8.5691 209.184107     2.2027 1.6959e+00     1.3541    71.2822 2.2222e-01 2.5795e+02  0.3581363     11.326    11.9575    311.553 -9.990e-29
     11.106     8.5656 209.196083     2.2027 1.6959e+00     1.3556    71.2561 2.5031e-01 2.5795e+02  0.3581363     11.325    11.9587    311.604 -9.990e-29
     11.107     8.5598 209.220039     2.2015 1.6908e+00     1.3556    71.2561 2.7106e-01 2.5795e+02  0.3581363     11.326    11.9534    311.693 -9.990e-29
     11.107     8.5531 209.196093     2.2027 1.6858e+00     1.3541    71.2822 2.6374e-01 2.5795e+02  0.3581363     11.326    11.9649    311.720 -9.990e-29
     11.107     8.5536 209.267946     2.2027 1.6858e+00     1.3556    71.2561 2.4542e-01 2.5795e+02  0.3581363     11.326    11.9648    311.822 -9.990e-29
     11.108     8.5627 209.303867     2.2027 1.6858e+00     1.3556    71.2561 2.3810e-01 2.5598e+02  0.3585520     11.327    11.9608    311.791 -9.990e-29
     11.110     8.5742 209.303860     2.2027 1.6808e+00     1.3556    71.2561 2.3565e-01 2.5795e+02  0.3585520     11.329    11.9592    311.684 -9.990e-29
     11.111     8.5758 209.255955     2.2027 1.6808e+00     1.3570    71.2300 2.3077e-01 2.5795e+02  0.3593835     11.330    11.9586    311.598 -9.990e-29
     11.112     8.5784 209.279906     2.2027 1.6808e+00     1.3556    71.2561 2.3077e-01 2.5795e+02  0.3597993     11.331    11.9587    311.610 -9.990e-29
     11.112     8.5804 209.363734     2.2027 1.6757e+00     1.3556    71.2561 2.3443e-01 2.5795e+02  0.3593835     11.331    11.9590    311.716 -9.990e-29
     11.113     8.5830 209.339782     2.2027 1.6757e+00     1.3556    71.2561 2.2833e-01 2.5795e+02  0.3593835     11.332    11.9579    311.656 -9.990e-29
     11.114     8.5873 209.327801     2.2027 1.6757e+00     1.3556    71.2561 2.1978e-01 2.5795e+02  0.3593835     11.333    11.9563    311.598 -9.990e-29
     11.118     8.5909 209.303850     2.2027 1.6757e+00     1.3556    71.2561 2.1734e-01 2.5795e+02  0.3593835     11.337    11.9548    311.529 -9.990e-29
     11.120     8.5922 209.303848     2.2027 1.6757e+00     1.3541    71.2822 2.2589e-01 2.5795e+02  0.3593835     11.339    11.9551    311.517 -9.990e-29
     11.121     8.5916 209.339775     2.2027 1.6757e+00     1.3556    71.2561 2.2711e-01 2.5795e+02  0.3593835     11.340    11.9559    311.576 -9.990e-29
     11.122     8.5926 209.363727     2.2027 1.6757e+00     1.3556    71.2561 2.1978e-01 2.5795e+02  0.3593835     11.341    11.9562    311.603 -9.990e-29
     11.123     8.5971 209.351748     2.2039 1.6757e+00     1.3556    71.2561 2.1001e-01 2.5795e+02  0.3593835     11.342    11.9626    311.543 -9.990e-29
     11.123     8.6009 209.351744     2.2027 1.6757e+00     1.3556    71.2561 2.0269e-01 2.5795e+02  0.3593835     11.342    11.9526    311.508 -9.990e-29
     11.124     8.6080 209.375693     2.2027 1.6757e+00     1.3556    71.2561 2.0024e-01 2.5795e+02  0.3593835     11.343    11.9499    311.478 -9.990e-29
     11.124     8.6097 209.411619     2.2027 1.6757e+00     1.3556    71.2561 2.0269e-01 2.5795e+02  0.3597993     11.343    11.9499    311.515 -9.990e-29
     11.124     8.6070 209.351740     2.2039 1.6757e+00     1.3570    71.2300 2.0757e-01 2.5795e+02  0.3597993     11.343    11.9596    311.451 -9.990e-29
     11.125     8.6052 209.303839     2.2027 1.6757e+00     1.3556    71.2561 2.1368e-01 2.5795e+02  0.3597993     11.344    11.9513    311.397 -9.990e-29
     11.125     8.6039 209.303840     2.2039 1.6707e+00     1.3556    71.2561 2.1978e-01 2.5795e+02  0.3597993     11.344    11.9583    311.409 -9.990e-29
     11.125     8.6026 209.255937     2.2027 1.6757e+00     1.3556    71.2561 2.2589e-01 2.5795e+02  0.3593835     11.344    11.9508    311.350 -9.990e-29
     11.126     8.6020 209.315817     2.2027 1.6707e+00     1.3556    71.2561 2.2711e-01 2.5795e+02  0.3593835     11.345    11.9512    311.444 -9.990e-29
     11.127     8.6021 209.351745     2.2027 1.6707e+00     1.3541    71.2822 2.1978e-01 2.5795e+02  0.3593835     11.346    11.9515    311.497 -9.990e-29
     11.127     8.6027 209.291864     2.2039 1.6757e+00     1.3556    71.2561 2.1490e-01 2.5795e+02  0.3593835     11.346    11.9587    311.402 -9.990e-29
     11.128     8.6057 209.291863     2.2039 1.6657e+00     1.3556    71.2561 2.1123e-01 2.5795e+02  0.3593835     11.347    11.9559    311.374 -9.990e-29
     11.130     8.6058 209.363718     2.2039 1.6657e+00     1.3556    71.2561 2.0879e-01 2.5795e+02  0.3593835     11.349    11.9551    311.480 -9.990e-29
     11.130     8.6018 209.363721     2.2027 1.6657e+00     1.3556    71.2561 2.1001e-01 2.5795e+02  0.3597993     11.349    11.9472    311.517 -9.990e-29
     11.130     8.5868 209.291875     2.2039 1.6707e+00     1.3570    71.2300 2.1490e-01 2.5795e+02  0.3597993     11.349    11.9593    311.550 -9.990e-29
     11.131     8.5848 209.196072     2.2027 1.6757e+00     1.3541    71.2822 2.1978e-01 2.5795e+02  0.3593835     11.350    11.9508    311.425 -9.990e-29
     11.133     8.5802 208.944589     2.2039 1.6757e+00     1.3556    71.2561 2.2711e-01 2.5795e+02  0.3597993     11.352    11.9597    311.094 -9.990e-29
     11.133     8.5378 208.681165     2.2039 1.6657e+00     1.3556    71.2561 2.3687e-01 2.5795e+02  0.3593835     11.352    11.9712    311.094 -9.990e-29
     11.133     8.4973 208.537494     2.2039 1.6608e+00     1.3556    71.2561 2.3810e-01 2.5795e+02  0.3585520     11.352    11.9822    311.256 -9.990e-29
     11.132     8.4639 208.549490     2.2039 1.6608e+00     1.3556    71.2561 2.3077e-01 2.5795e+02  0.3585520     11.351    11.9899    311.585 -9.990e-29
     11.133     8.4352 208.597410     2.2027 1.6657e+00     1.3541    71.2822 2.2222e-01 2.5795e+02  0.3585520     11.352    11.9889    311.924 -9.990e-29
     11.135     8.4263 208.645316     2.2039 1.6657e+00     1.3556    71.2561 2.1856e-01 2.5795e+02  0.3581363     11.355    11.9984    312.079 -9.990e-29
     11.135     8.4211 208.669269     2.2039 1.6657e+00     1.3556    71.2561 2.1978e-01 2.5795e+02  0.3585520     11.355    11.9984    312.163 -9.990e-29
     11.135     8.4237 208.777043     2.2039 1.6657e+00     1.3556    71.2561 2.2222e-01 2.5795e+02  0.3585520     11.355    11.9949    312.300 -9.990e-29
     11.135     8.4354 208.812960     2.2027 1.6657e+00     1.3556    71.2561 2.2466e-01 2.5795e+02  0.3585520     11.355    11.9802    312.244 -9.990e-29
     11.133     8.4611 208.717142     2.2027 1.6657e+00     1.3556    71.2561 2.2833e-01 2.5795e+02  0.3585520     11.352    11.9707    311.861 -9.990e-29
     11.132     8.4932 208.848845     2.2027 1.6657e+00     1.3526    71.3084 2.3443e-01 2.5795e+02  0.3581363     11.351    11.9582    311.759 -9.990e-29
     11.132     8.5298 208.920673     2.2039 1.6657e+00     1.3541    71.2822 2.3810e-01 2.5795e+02  0.3585520     11.351    11.9527    311.526 -9.990e-29
     11.132     8.5539 209.016459     2.2039 1.6657e+00     1.3541    71.2822 2.4054e-01 2.5795e+02  0.3585520     11.351    11.9429    311.445 -9.990e-29
     11.131     8.5554 208.980532     2.2039 1.6657e+00     1.3526    71.3084 2.3932e-01 2.5795e+02  0.3585520     11.350    11.9414    311.377 -9.990e-29
     11.130     8.5497 208.980536     2.2027 1.6707e+00     1.3541    71.2822 2.3932e-01 2.5795e+02  0.3585520     11.349    11.9329    311.430 -9.990e-29
     11.128     8.5479 208.992511     2.2039 1.6707e+00     1.3541    71.2822 2.4176e-01 2.5795e+02  0.3585520     11.347    11.9409    311.465 -9.990e-29
     11.127     8.5474 208.944612     2.2039 1.6707e+00     1.3541    71.2822 2.4542e-01 2.5795e+02  0.3585520     11.346    11.9405    311.398 -9.990e-29
     11.126     8.5310 208.908697     2.2039 1.6707e+00     1.3541    71.2822 2.4908e-01 2.5795e+02  0.3585520     11.345    11.9450    311.497 -9.990e-29
     11.125     8.5202 208.920678     2.2027 1.6707e+00     1.3541    71.2822 2.4786e-01 2.5795e+02  0.3585520     11.344    11.9384    311.615 -9.990e-29
     11.126     8.5094 208.836859     2.2027 1.6707e+00     1.3541    71.2822 2.3810e-01 2.5795e+02  0.3585520     11.345    11.9413    311.590 -9.990e-29
     11.128     8.4940 208.765021     2.2027 1.6707e+00     1.3541    71.2822 2.2711e-01 2.5795e+02  0.3585520     11.347    11.9469    311.626 -9.990e-29
     11.129     8.4905 208.753047     2.2027 1.6657e+00     1.3526    71.3084 2.2100e-01 2.5795e+02  0.3585520     11.348    11.9488    311.641 -9.990e-29
     11.128     8.5095 208.860810     2.2027 1.6657e+00     1.3541    71.2822 2.1734e-01 2.5795e+02  0.3585520     11.347    11.9426    311.625 -9.990e-29
     11.126     8.5158 208.836856     2.2027 1.6707e+00     1.3541    71.2822 2.1490e-01 2.5795e+02  0.3585520     11.345    11.9416    311.531 -9.990e-29
     11.123     8.5051 208.896738     2.2027 1.6707e+00     1.3541    71.2822 2.1245e-01 2.5795e+02  0.3585520     11.342    11.9438    311.720 -9.990e-29
     11.121     8.5143 208.932659     2.2015 1.6707e+00     1.3526    71.3084 2.1245e-01 2.5795e+02  0.3585520     11.340    11.9326    311.688 -9.990e-29
     11.120     8.5432 209.064367     2.2015 1.6608e+00     1.3526    71.3084 2.1612e-01 2.5795e+02  0.3589678     11.339    11.9237    311.615 -9.990e-29
     11.119     8.5582 209.255968     2.2002 1.6558e+00     1.3541    71.2822 2.2344e-01 2.5795e+02  0.3589678     11.338    11.9114    311.762 -9.990e-29
     11.118     8.5656 209.303865     2.2015 1.6608e+00     1.3541    71.2822 2.3199e-01 2.5795e+02  0.3585520     11.337    11.9195    311.764 -9.990e-29
     11.118     8.5783 209.303858     2.2015 1.6608e+00     1.3409    71.5175 2.4176e-01 2.5795e+02  0.3589678     11.337    11.9160    311.646 -9.990e-29
     11.117     8.5922 209.291872     2.2015 1.6608e+00     1.3336    71.6482 2.5397e-01 2.5795e+02  0.3585520     11.336    11.9132    311.499 -9.990e-29
     11.115     8.6009 209.315817     2.2002 1.6657e+00     1.3321    71.6743 2.6496e-01 2.5795e+02  0.3585520     11.334    11.9021    311.454 -9.990e-29
     11.113     8.6068 209.351742     2.2002 1.6657e+00     1.3336    71.6482 2.6740e-01 2.5795e+02  0.3585520     11.332    11.9021    311.453 -9.990e-29
     11.111     8.6105 209.363714     2.2002 1.6707e+00     1.3336    71.6482 2.5763e-01 2.5795e+02  0.3585520     11.330    11.9027    311.437 -9.990e-29
     11.110     8.6130 209.315809     2.2002 1.6707e+00     1.3336    71.6482 2.4420e-01 2.5795e+02  0.3589678     11.329    11.9028    311.342 -9.990e-29
     11.109     8.6021 209.255938     2.2002 1.6707e+00     1.3336    71.6482 2.3321e-01 2.5795e+02  0.3589678     11.328    11.9060    311.354 -9.990e-29
     11.109     8.5807 209.208049     2.2002 1.6757e+00     1.3336    71.6482 2.2833e-01 2.5795e+02  0.3585520     11.328    11.9136    311.481 -9.990e-29
     11.107     8.5716 209.291886     2.2002 1.6757e+00     1.3321    71.6743 2.2833e-01 2.5795e+02  0.3589678     11.326    11.9185    311.691 -9.990e-29
     11.106     8.5812 209.291879     2.2002 1.6757e+00     1.3351    71.6221 2.2466e-01 2.5795e+02  0.3589678     11.325    11.9178    311.601 -9.990e-29
     11.105     8.5706 209.184104     2.2002 1.6808e+00     1.3336    71.6482 2.1978e-01 2.5795e+02  0.3589678     11.324    11.9223    311.539 -9.990e-29
     11.106     8.5440 208.980539     2.2015 1.6808e+00     1.3336    71.6482 2.1856e-01 2.5795e+02  0.3589678     11.325    11.9420    311.483 -9.990e-29
     11.107     8.5436 208.884738     2.2015 1.6808e+00     1.3336    71.6482 2.2222e-01 2.5795e+02  0.3589678     11.326    11.9435    311.344 -9.990e-29
     11.106     8.5618 208.956577     2.2002 1.6908e+00     1.3336    71.6482 2.2955e-01 2.5795e+02  0.3589678     11.325    11.9303    311.282 -9.990e-29
     11.104     8.5711 208.944594     2.2002 1.6908e+00     1.3336    71.6482 2.3565e-01 2.5795e+02  0.3589678     11.323    11.9290    311.178 -9.990e-29
     11.102     8.5723 209.016446     2.2015 1.6908e+00     1.3336    71.6482 2.3810e-01 2.5795e+02  0.3589678     11.321    11.9382    311.274 -9.990e-29
     11.101     8.5632 209.028427     2.2015 1.6908e+00     1.3336    71.6482 2.3932e-01 2.5795e+02  0.3589678     11.320    11.9417    311.376 -9.990e-29
     11.101     8.5567 209.088310     2.2015 1.6908e+00     1.3336    71.6482 2.4542e-01 2.5795e+02  0.3585520     11.320    11.9445    311.526 -9.990e-29
     11.099     8.5625 209.136207     2.2015 1.6908e+00     1.3336    71.6482 2.5641e-01 2.5795e+02  0.3589678     11.318    11.9435    311.543 -9.990e-29
     11.098     8.5473 209.100291     2.2002 1.6858e+00     1.3336    71.6482 2.6007e-01 2.5795e+02  0.3589678     11.317    11.9414    311.631 -9.990e-29
     11.098     8.5203 208.992530     2.2002 1.6808e+00     1.3234    71.8312 2.5275e-01 2.5795e+02  0.3589678     11.317    11.9520    311.721 -9.990e-29
     11.098     8.4991 208.932669     2.2002 1.6808e+00     1.3132    72.0142 2.4420e-01 2.5795e+02  0.3589678     11.317    11.9597    311.829 -9.990e-29
     11.096     8.4955 208.932670     2.2015 1.6858e+00     1.3118    72.0403 2.4054e-01 2.5795e+02  0.3589678     11.315    11.9698    311.863 -9.990e-29
     11.095     8.5117 208.968585     2.2015 1.6959e+00     1.3118    72.0403 2.4054e-01 2.5795e+02  0.3589678     11.314    11.9635    311.766 -9.990e-29
     11.094     8.5164 208.920681     2.2015 1.6959e+00     1.3132    72.0142 2.4298e-01 2.5795e+02  0.3593835     11.313    11.9621    311.650 -9.990e-29
     11.094     8.4978 208.872792     2.2015 1.6959e+00     1.3132    72.0142 2.4420e-01 2.5795e+02  0.3597993     11.313    11.9680    311.752 -9.990e-29
     11.096     8.4807 208.848854     2.2002 1.6959e+00     1.3132    72.0142 2.4664e-01 2.5795e+02  0.3597993     11.315    11.9656    311.875 -9.990e-29
     11.096     8.4705 208.753061     2.2015 1.6959e+00     1.3132    72.0142 2.4786e-01 2.5795e+02  0.3597993     11.315    11.9779    311.827 -9.990e-29
     11.096     8.4759 208.812931     2.2027 1.6959e+00     1.3132    72.0142 2.4908e-01 2.5795e+02  0.3597993     11.315    11.9834    311.867 -9.990e-29
     11.095     8.4947 208.884770     2.2015 1.6959e+00     1.3132    72.0142 2.5885e-01 2.5795e+02  0.3597993     11.314    11.9680    311.799 -9.990e-29
     11.095     8.5147 208.992534     2.2002 1.6959e+00     1.3132    72.0142 2.5641e-01 2.5992e+02  0.3597993     11.314    11.9527    311.773 -9.990e-29
     11.097     8.5260 208.992526     2.2002 1.6908e+00     1.3118    72.0403 2.4176e-01 2.5992e+02  0.3597993     11.316    11.9491    311.668 -9.990e-29
     11.098     8.5284 209.064378     2.2015 1.6858e+00     1.3132    72.0142 2.3077e-01 2.5992e+02  0.3597993     11.317    11.9572    311.753 -9.990e-29
     11.099     8.5310 209.124253     2.2015 1.6858e+00     1.3118    72.0403 2.2711e-01 2.5795e+02  0.3597993     11.318    11.9552    311.818 -9.990e-29
     11.100     8.5299 209.148206     2.2015 1.6858e+00     1.3132    72.0142 2.2466e-01 2.5992e+02  0.3597993     11.319    11.9543    311.864 -9.990e-29
     11.099     8.5284 209.148206     2.2015 1.6959e+00     1.3118    72.0403 2.2100e-01 2.5795e+02  0.3597993     11.318    11.9535    311.878 -9.990e-29
     11.099     8.5351 209.148201     2.2002 1.6959e+00     1.3118    72.0403 2.2100e-01 2.5992e+02  0.3597993     11.318    11.9434    311.816 -9.990e-29
