data/05_metadata_exports/SeabirdData/202305_SeabirdData/83443_stn17.cnv
* Sea-Bird SBE 9 Data File:
* FileName = C:\Users\rosette\Rosette Data\2023\Ontario CSMI\stn17.hex
* Software Version Seasave V 7.26.6.26
* Temperature SN = 5270
* Conductivity SN = 1168
* Number of Bytes Per Scan = 40
* Number of Voltage Words = 5
* Number of Scans Averaged by the Deck Unit = 1
* NMEA Latitude = 43 13.50 N
* NMEA Longitude = 079 16.28 W
* NMEA UTC (Time) = Oct 03 2003  11:01:58
* NMEA baud rate = 4800
** Ship: Lake Guardian
** Ontario CSMI LWFS
** Station:  stn17
# nquan = 14                                
# nvalues = 11544                       
# units = specified
# name 0 = prDM: Pressure, Digiquartz [db]
# name 1 = t090C: Temperature [ITS-90, deg C]
# name 2 = c0uS/cm: Conductivity [uS/cm]
# name 3 = sbeox0V: Oxygen raw, SBE 43 [V]
# name 4 = par: PAR/Irradiance, Biospherical/Licor
# name 5 = bat: Beam Attenuation, Chelsea/Seatech [1/m]
# name 6 = xmiss: Beam Transmission, Chelsea/Seatech [%]
# name 7 = flSP: Fluorescence, Seapoint
# name 8 = spar: SPAR, Biospherical/Licor
# name 9 = upoly0: Upoly 0, Suna Nitrate
# name 10 = depFM: Depth [fresh water, m], lat = 43.225
# name 11 = sbeox0Mg/L: Oxygen, SBE 43 [mg/l], WS = 2
# name 12 = specc: Specific Conductance [uS/cm]
# name 13 = flag: flag
# span 0 =     -0.123,     11.140       
# span 1 =     5.6538,    10.2775       
# span 2 =   3.286887, 425.863743       
# span 3 =     1.5824,     2.2869       
# span 4 = 1.6214e+00, 3.8623e+02       
# span 5 =     0.1099,     2.8100       
# span 6 =    49.5342,    97.2910       
# span 7 = 3.0525e-02, 9.1209e-01       
# span 8 = 2.5205e+02, 3.2096e+02       
# span 9 =  0.0745862,  0.3747668       
# span 10 =     -0.125,     11.360      
# span 11 =     7.3371,    13.0031      
# span 12 =      4.766,    617.520      
# span 13 = 0.0000e+00, 0.0000e+00      
# interval = seconds: 0.0416667
# start_time = Oct 03 2003 11:01:58 [NMEA time, header]
# bad_flag = -9.990e-29
*END*
[from data line 3820]
      1.911    10.0802 218.912515     2.2088 1.1784e+02     1.3865    70.7072 2.7717e-01 2.9930e+02  0.3552259      1.949    11.5165    311.996 -9.990e-29
      1.912    10.0804 218.852570     2.2100 1.1818e+02     1.3865    70.7072 2.6862e-01 2.9930e+02  0.3552259      1.950    11.5254    311.908 -9.990e-29
      1.912    10.0829 218.912513     2.2088 1.1851e+02     1.3865    70.7072 2.6374e-01 2.9930e+02  0.3552259      1.950    11.5168    311.972 -9.990e-29
      1.912    10.0856 218.972456     2.2088 1.1851e+02     1.3865    70.7072 2.6007e-01 2.9930e+02  0.3556417      1.950    11.5161    312.033 -9.990e-29
      1.911    10.0852 218.984445     2.2088 1.1818e+02     1.3865    70.7072 2.5641e-01 2.9930e+02  0.3556417      1.949    11.5162    312.054 -9.990e-29
      1.910    10.0831 218.984447     2.2088 1.1718e+02     1.3865    70.7072 2.5763e-01 2.9930e+02  0.3552259      1.948    11.5178    312.072 -9.990e-29
      1.909    10.0808 218.984448     2.2100 1.1685e+02     1.3865    70.7072 2.5885e-01 3.0127e+02  0.3556417      1.947    11.5274    312.093 -9.990e-29
      1.910    10.0824 219.008424     2.2088 1.1653e+02     1.3865    70.7072 2.6374e-01 3.0127e+02  0.3552259      1.948    11.5199    312.113 -9.990e-29
      1.914    10.0862 218.984446     2.2088 1.1457e+02     1.3865    70.7072 2.6862e-01 3.0127e+02  0.3552259      1.952    11.5198    312.045 -9.990e-29
      1.917    10.0899 218.984442     2.2088 1.1393e+02     1.3865    70.7072 2.7228e-01 3.0127e+02  0.3552259      1.955    11.5196    312.012 -9.990e-29
      1.918    10.0923 218.984442     2.2088 1.1361e+02     1.3865    70.7072 2.7839e-01 3.0127e+02  0.3552259      1.956    11.5208    311.991 -9.990e-29
      1.918    10.0940 218.984439     2.2100 1.1234e+02     1.3865    70.7072 2.8938e-01 3.0127e+02  0.3556417      1.956    11.5293    311.975 -9.990e-29
      1.916    10.0954 219.044384     2.2100 1.1171e+02     1.3865    70.7072 2.9792e-01 3.0127e+02  0.3552259      1.954    11.5280    312.048 -9.990e-29
      1.916    10.0959 219.044383     2.2088 1.1139e+02     1.3865    70.7072 3.0525e-01 3.0127e+02  0.3552259      1.954    11.5199    312.044 -9.990e-29
      1.917    10.0977 219.116319     2.2088 1.1077e+02     1.3865    70.7072 2.9792e-01 3.0127e+02  0.3556417      1.955    11.5195    312.130 -9.990e-29
      1.917    10.0983 219.104328     2.2088 1.1046e+02     1.3865    70.7072 2.8694e-01 3.0127e+02  0.3560574      1.955    11.5195    312.108 -9.990e-29
      1.916    10.0982 219.068360     2.2088 1.1046e+02     1.3821    70.7856 2.7839e-01 3.0127e+02  0.3568890      1.954    11.5206    312.058 -9.990e-29
      1.916    10.0989 219.044381     2.2088 1.1077e+02     1.3806    70.8117 2.6496e-01 3.0127e+02  0.3577205      1.954    11.5206    312.017 -9.990e-29
      1.916    10.0993 219.080349     2.2088 1.1077e+02     1.3806    70.8117 2.5275e-01 3.0127e+02  0.3577205      1.954    11.5216    312.065 -9.990e-29
      1.916    10.0997 219.080349     2.2088 1.1077e+02     1.3806    70.8117 2.5031e-01 3.0127e+02  0.3573047      1.954    11.5217    312.061 -9.990e-29
      1.915    10.0983 219.068360     2.2100 1.1139e+02     1.3806    70.8117 2.5275e-01 3.0127e+02  0.3573047      1.953    11.5293    312.057 -9.990e-29
      1.914    10.0954 219.020405     2.2088 1.1171e+02     1.3791    70.8379 2.5641e-01 3.0127e+02  0.3573047      1.952    11.5223    312.014 -9.990e-29
      1.914    10.0941 219.056374     2.2100 1.1171e+02     1.3806    70.8117 2.5641e-01 3.0127e+02  0.3577205      1.952    11.5306    312.077 -9.990e-29
      1.914    10.0957 219.092340     2.2100 1.1202e+02     1.3806    70.8117 2.5641e-01 3.0127e+02  0.3577205      1.952    11.5302    312.114 -9.990e-29
      1.915    10.0979 219.032393     2.2100 1.1266e+02     1.3791    70.8379 2.5641e-01 3.0127e+02  0.3577205      1.953    11.5304    312.009 -9.990e-29
      1.915    10.0951 219.032395     2.2100 1.1266e+02     1.3791    70.8379 2.5397e-01 3.0127e+02  0.3577205      1.953    11.5320    312.034 -9.990e-29
      1.915    10.0831 218.972458     2.2088 1.1329e+02     1.3791    70.8379 2.5153e-01 3.0127e+02  0.3573047      1.953    11.5283    312.055 -9.990e-29
      1.915    10.0735 218.972464     2.2100 1.1425e+02     1.3791    70.8379 2.5763e-01 3.0127e+02  0.3577205      1.953    11.5389    312.141 -9.990e-29
      1.915    10.0679 218.936501     2.2100 1.1457e+02     1.3791    70.8379 2.6252e-01 3.0127e+02  0.3577205      1.953    11.5403    312.139 -9.990e-29
      1.916    10.0631 218.960483     2.2100 1.1457e+02     1.3791    70.8379 2.6129e-01 3.0127e+02  0.3577205      1.954    11.5415    312.216 -9.990e-29
      1.916    10.0599 219.008443     2.2100 1.1555e+02     1.3791    70.8379 2.5641e-01 3.0127e+02  0.3577205      1.954    11.5421    312.313 -9.990e-29
      1.914    10.0556 219.008444     2.2100 1.1587e+02     1.3806    70.8117 2.5153e-01 3.0324e+02  0.3577205      1.952    11.5440    312.351 -9.990e-29
      1.913    10.0544 218.912533     2.2100 1.1587e+02     1.3791    70.8379 2.5153e-01 3.0324e+02  0.3577205      1.951    11.5440    312.225 -9.990e-29
      1.914    10.0600 218.960485     2.2100 1.1587e+02     1.3791    70.8379 2.5519e-01 3.0324e+02  0.3577205      1.952    11.5411    312.244 -9.990e-29
      1.914    10.0722 218.912520     2.2100 1.1620e+02     1.3791    70.8379 2.6252e-01 3.0324e+02  0.3577205      1.952    11.5362    312.067 -9.990e-29
      1.915    10.0828 218.960469     2.2100 1.1620e+02     1.3791    70.8379 2.7350e-01 3.0324e+02  0.3577205      1.953    11.5327    312.041 -9.990e-29
      1.915    10.0867 218.936489     2.2088 1.1620e+02     1.3717    70.9686 2.8694e-01 3.0324e+02  0.3577205      1.953    11.5241    311.972 -9.990e-29
      1.914    10.0828 218.936490     2.2088 1.1653e+02     1.3673    71.0470 2.7961e-01 3.0324e+02  0.3577205      1.952    11.5258    312.007 -9.990e-29
      1.914    10.0794 218.924504     2.2088 1.1653e+02     1.3644    71.0993 2.6496e-01 3.0324e+02  0.3577205      1.952    11.5264    312.020 -9.990e-29
      1.913    10.0786 218.888539     2.2088 1.1653e+02     1.3658    71.0731 2.6252e-01 3.0324e+02  0.3577205      1.951    11.5262    311.976 -9.990e-29
      1.911    10.0804 218.960469     2.2100 1.1653e+02     1.3644    71.0993 2.7106e-01 3.0324e+02  0.3577205      1.949    11.5331    312.062 -9.990e-29
      1.911    10.0835 218.960468     2.2088 1.1620e+02     1.3658    71.0731 2.6740e-01 3.0324e+02  0.3577205      1.949    11.5246    312.035 -9.990e-29
      1.910    10.0852 218.924501     2.2100 1.1587e+02     1.3644    71.0993 2.6129e-01 3.0324e+02  0.3560574      1.948    11.5315    311.968 -9.990e-29
      1.908    10.0872 218.876542     2.2100 1.1555e+02     1.3644    71.0993 2.5885e-01 3.0324e+02  0.3552259      1.946    11.5302    311.882 -9.990e-29
      1.905    10.0831 218.876546     2.2100 1.1555e+02     1.3644    71.0993 2.6007e-01 3.0324e+02  0.3552259      1.943    11.5307    311.919 -9.990e-29
      1.903    10.0738 218.804619     2.2100 1.1522e+02     1.3644    71.0993 2.6374e-01 3.0324e+02  0.3552259      1.941    11.5346    311.899 -9.990e-29
      1.902    10.0722 218.840585     2.2100 1.1457e+02     1.3644    71.0993 2.6496e-01 3.0324e+02  0.3552259      1.939    11.5343    311.964 -9.990e-29
      1.902    10.0738 218.816608     2.2100 1.1425e+02     1.3644    71.0993 2.5885e-01 3.0324e+02  0.3552259      1.939    11.5340    311.916 -9.990e-29
      1.903    10.0732 218.768653     2.2112 1.1393e+02     1.3644    71.0993 2.5763e-01 3.0324e+02  0.3552259      1.941    11.5423    311.853 -9.990e-29
      1.903    10.0714 218.744677     2.2112 1.1361e+02     1.3644    71.0993 2.5641e-01 3.0324e+02  0.3556417      1.941    11.5430    311.835 -9.990e-29
      1.901    10.0720 218.744676     2.2100 1.1329e+02     1.3644    71.0993 2.5397e-01 3.0324e+02  0.3552259      1.938    11.5350    311.829 -9.990e-29
      1.898    10.0743 218.756663     2.2100 1.1329e+02     1.3644    71.0993 2.5397e-01 3.0324e+02  0.3552259      1.935    11.5335    311.826 -9.990e-29
      1.895    10.0763 218.696717     2.2100 1.1297e+02     1.3658    71.0731 2.6007e-01 3.0324e+02  0.3552259      1.932    11.5330    311.723 -9.990e-29
      1.894    10.0775 218.720695     2.2100 1.1297e+02     1.3658    71.0731 2.5885e-01 3.0324e+02  0.3552259      1.931    11.5328    311.746 -9.990e-29
      1.893    10.0770 218.708705     2.2100 1.1297e+02     1.3658    71.0731 2.5885e-01 3.0324e+02  0.3556417      1.930    11.5330    311.734 -9.990e-29
      1.893    10.0743 218.732686     2.2100 1.1297e+02     1.3644    71.0993 2.5763e-01 3.0324e+02  0.3556417      1.930    11.5339    311.792 -9.990e-29
      1.892    10.0697 218.708710     2.2100 1.1297e+02     1.3629    71.1254 2.6618e-01 3.0324e+02  0.3556417      1.929    11.5363    311.799 -9.990e-29
      1.892    10.0673 218.708713     2.2088 1.1297e+02     1.3585    71.2038 2.7961e-01 3.0324e+02  0.3552259      1.929    11.5291    311.820 -9.990e-29
      1.892    10.0638 218.660761     2.2088 1.1329e+02     1.3570    71.2300 2.8571e-01 3.0324e+02  0.3556417      1.929    11.5303    311.783 -9.990e-29
      1.891    10.0643 218.648771     2.2100 1.1329e+02     1.3585    71.2038 2.7595e-01 3.0324e+02  0.3556417      1.928    11.5381    311.761 -9.990e-29
      1.891    10.0645 218.696726     2.2100 1.1329e+02     1.3585    71.2038 2.6862e-01 3.0324e+02  0.3552259      1.928    11.5382    311.828 -9.990e-29
      1.892    10.0551 218.708721     2.2100 1.1393e+02     1.3585    71.2038 2.6984e-01 3.0324e+02  0.3552259      1.929    11.5410    311.928 -9.990e-29
      1.892    10.0376 218.708734     2.2100 1.1457e+02     1.3570    71.2300 2.7106e-01 3.0324e+02  0.3552259      1.929    11.5451    312.084 -9.990e-29
      1.892    10.0211 218.684768     2.2100 1.1457e+02     1.3585    71.2038 2.6862e-01 3.0324e+02  0.3552259      1.929    11.5490    312.197 -9.990e-29
      1.892    10.0113 218.708752     2.2100 1.1555e+02     1.3585    71.2038 2.6618e-01 3.0324e+02  0.3552259      1.929    11.5499    312.319 -9.990e-29
      1.892    10.0072 218.732733     2.2112 1.1653e+02     1.3585    71.2038 2.6129e-01 3.0324e+02  0.3556417      1.929    11.5581    312.390 -9.990e-29
      1.893    10.0044 218.672790     2.2100 1.1653e+02     1.3585    71.2038 2.5519e-01 3.0324e+02  0.3556417      1.930    11.5500    312.329 -9.990e-29
      1.895    10.0022 218.648816     2.2100 1.1718e+02     1.3585    71.2038 2.5153e-01 3.0324e+02  0.3556417      1.932    11.5506    312.314 -9.990e-29
      1.895    10.0001 218.672795     2.2100 1.1784e+02     1.3585    71.2038 2.4786e-01 3.0324e+02  0.3564732      1.932    11.5511    312.367 -9.990e-29
      1.895     9.9980 218.684784     2.2112 1.1818e+02     1.3585    71.2038 2.4542e-01 3.0324e+02  0.3577205      1.932    11.5587    312.403 -9.990e-29
      1.896     9.9965 218.684786     2.2100 1.1818e+02     1.3585    71.2038 2.4542e-01 3.0324e+02  0.3577205      1.933    11.5511    312.417 -9.990e-29
      1.897     9.9955 218.720753     2.2100 1.1818e+02     1.3585    71.2038 2.4908e-01 3.0324e+02  0.3577205      1.934    11.5505    312.477 -9.990e-29
      1.898     9.9955 218.672797     2.2100 1.1818e+02     1.3570    71.2300 2.5885e-01 3.0324e+02  0.3577205      1.935    11.5496    312.408 -9.990e-29
      1.899     9.9975 218.696774     2.2100 1.1818e+02     1.3585    71.2038 2.6007e-01 3.0324e+02  0.3577205      1.936    11.5500    312.425 -9.990e-29
      1.900    10.0017 218.684782     2.2100 1.1784e+02     1.3585    71.2038 2.5763e-01 3.0324e+02  0.3577205      1.937    11.5488    312.370 -9.990e-29
      1.900    10.0087 218.696766     2.2100 1.1784e+02     1.3585    71.2038 2.5519e-01 3.0324e+02  0.3577205      1.937    11.5460    312.325 -9.990e-29
      1.900    10.0162 218.708748     2.2100 1.1751e+02     1.3585    71.2038 2.5153e-01 3.0324e+02  0.3577205      1.937    11.5431    312.275 -9.990e-29
      1.901    10.0277 218.732719     2.2100 1.1685e+02     1.3570    71.2300 2.5153e-01 3.0324e+02  0.3577205      1.938    11.5399    312.207 -9.990e-29
      1.903    10.0435 218.696741     2.2100 1.1653e+02     1.3570    71.2300 2.6129e-01 3.0324e+02  0.3577205      1.941    11.5355    312.015 -9.990e-29
      1.904    10.0602 218.708719     2.2100 1.1653e+02     1.3570    71.2300 2.6984e-01 3.0324e+02  0.3577205      1.942    11.5309    311.883 -9.990e-29
      1.904    10.0740 218.792629     2.2112 1.1555e+02     1.3570    71.2300 2.6496e-01 3.0324e+02  0.3577205      1.942    11.5350    311.880 -9.990e-29
      1.906    10.0823 218.804613     2.2100 1.1490e+02     1.3570    71.2300 2.5519e-01 3.0324e+02  0.3577205      1.944    11.5239    311.823 -9.990e-29
      1.908    10.0861 218.756655     2.2100 1.1490e+02     1.3570    71.2300 2.5519e-01 3.0324e+02  0.3577205      1.946    11.5221    311.721 -9.990e-29
      1.911    10.0875 218.780631     2.2100 1.1393e+02     1.3570    71.2300 2.5397e-01 3.0324e+02  0.3577205      1.949    11.5210    311.743 -9.990e-29
      1.913    10.0902 218.816596     2.2100 1.1361e+02     1.3570    71.2300 2.5763e-01 3.0324e+02  0.3577205      1.951    11.5204    311.770 -9.990e-29
      1.915    10.0923 218.804606     2.2112 1.1361e+02     1.3570    71.2300 2.6740e-01 3.0324e+02  0.3577205      1.953    11.5270    311.734 -9.990e-29
      1.917    10.0941 218.816593     2.2100 1.1266e+02     1.3570    71.2300 2.8571e-01 3.0324e+02  0.3577205      1.955    11.5179    311.735 -9.990e-29
      1.918    10.0913 218.804608     2.2100 1.1202e+02     1.3556    71.2561 2.8571e-01 3.0324e+02  0.3577205      1.956    11.5190    311.743 -9.990e-29
      1.917    10.0692 218.768654     2.2088 1.1202e+02     1.3570    71.2300 2.8571e-01 3.0324e+02  0.3577205      1.955    11.5177    311.888 -9.990e-29
      1.919    10.0430 218.792652     2.2088 1.1171e+02     1.3570    71.2300 2.9060e-01 3.0324e+02  0.3577205      1.957    11.5257    312.156 -9.990e-29
      1.921    10.0378 218.708735     2.2100 1.1108e+02     1.3570    71.2300 2.7839e-01 3.0324e+02  0.3577205      1.959    11.5364    312.083 -9.990e-29
      1.921    10.0465 218.768672     2.2100 1.1108e+02     1.3570    71.2300 2.6740e-01 3.0324e+02  0.3577205      1.959    11.5341    312.091 -9.990e-29
      1.920    10.0495 218.768668     2.2100 1.1108e+02     1.3570    71.2300 2.6007e-01 3.0324e+02  0.3577205      1.958    11.5336    312.064 -9.990e-29
      1.921    10.0510 218.720715     2.2088 1.1108e+02     1.3570    71.2300 2.5153e-01 3.0324e+02  0.3577205      1.959    11.5255    311.982 -9.990e-29
      1.921    10.0580 218.732697     2.2100 1.1108e+02     1.3570    71.2300 2.4908e-01 3.0324e+02  0.3577205      1.959    11.5326    311.937 -9.990e-29
      1.921    10.0600 218.768662     2.2088 1.1139e+02     1.3556    71.2561 2.4786e-01 3.0324e+02  0.3577205      1.959    11.5244    311.970 -9.990e-29
      1.922    10.0620 218.708717     2.2088 1.1171e+02     1.3585    71.2038 2.4664e-01 3.0324e+02  0.3577205      1.960    11.5242    311.867 -9.990e-29
      1.924    10.0635 218.744682     2.2100 1.1171e+02     1.3747    70.9163 2.5153e-01 3.0324e+02  0.3573047      1.962    11.5321    311.905 -9.990e-29
      1.924    10.0607 218.744685     2.2088 1.1202e+02     1.3835    70.7595 2.5031e-01 3.0324e+02  0.3573047      1.962    11.5262    311.930 -9.990e-29
      1.923    10.0552 218.744688     2.2088 1.1234e+02     1.3850    70.7333 2.4420e-01 3.0324e+02  0.3573047      1.961    11.5281    311.979 -9.990e-29
      1.922    10.0503 218.672759     2.2088 1.1234e+02     1.3835    70.7595 2.4054e-01 3.0324e+02  0.3573047      1.960    11.5298    311.920 -9.990e-29
      1.921    10.0475 218.684750     2.2100 1.1234e+02     1.3835    70.7595 2.4420e-01 3.0324e+02  0.3573047      1.959    11.5389    311.962 -9.990e-29
