data/05_metadata_exports/SeabirdData/202305_SeabirdData/83457_stn19.cnv
* Sea-Bird SBE 9 Data File:
* FileName = C:\Users\rosette\Rosette Data\2023\Ontario CSMI\stn19.hex
* Software Version Seasave V 7.26.6.26
* Temperature SN = 5270
* Conductivity SN = 1168
* Number of Bytes Per Scan = 40
* Number of Voltage Words = 5
* Number of Scans Averaged by the Deck Unit = 1
* NMEA Latitude = 43 23.00 N
* NMEA Longitude = 079 17.12 W
* NMEA UTC (Time) = Oct 03 2003  13:21:12
* NMEA baud rate = 4800
** Ship: Lake Guardian
** Ontario CSMI LWFS
** Station:  stn19
# nquan = 14                                
# nvalues = 16580                       
# units = specified
# name 0 = prDM: Pressure, Digiquartz [db]
# name 1 = t090C: Temperature [ITS-90, deg C]
# name 2 = c0uS/cm: Conductivity [uS/cm]
# name 3 = sbeox0V: Oxygen raw, SBE 43 [V]
# name 4 = par: PAR/Irradiance, Biospherical/Licor
# name 5 = bat: Beam Attenuation, Chelsea/Seatech [1/m]
# name 6 = xmiss: Beam Transmission, Chelsea/Seatech [%]
# name 7 = flSP: Fluorescence, Seapoint
# name 8 = spar: SPAR, Biospherical/Licor
# name 9 = upoly0: Upoly 0, Suna Nitrate
# name 10 = depFM: Depth [fresh water, m], lat = 43.3833
# name 11 = sbeox0Mg/L: Oxygen, SBE 43 [mg/l], WS = 2
# name 12 = specc: Specific Conductance [uS/cm]
# name 13 = flag: flag
# span 0 =     -0.218,    102.535       
# span 1 =     3.9644,    11.3239       
# span 2 =  29.626492, 219.259385       
# span 3 =     1.8083,     2.4567       
# span 4 = 1.0000e-12, 2.8039e+03       
# span 5 =     0.1088,     2.7827       
# span 6 =    49.8740,    97.3171       
# span 7 = 7.3260e-03, 2.0403e+00       
# span 8 = 1.3252e+03, 1.5221e+03       
# span 9 =  0.0741704,  0.3951391       
# span 10 =     -0.222,    104.557      
# span 11 =     9.1737,    14.2394      
# span 12 =     41.808,    318.006      
# span 13 = 0.0000e+00, 0.0000e+00      
# interval = seconds: 0.0416667
# start_time = Oct 03 2003 13:21:12 [NMEA time, header]
# bad_flag = -9.990e-29
*END*
[from data line 15794]
      4.903     8.2781 205.472521     2.3944 3.9613e+02     0.7684    82.5222 7.4237e-01 1.4256e+03  0.3302802      5.000    13.3632    308.702 -9.990e-29
      4.905     8.2802 205.460548     2.3932 3.8084e+02     0.7684    82.5222 7.4725e-01 1.4256e+03  0.3298644      5.002    13.3588    308.664 -9.990e-29
      4.907     8.2813 205.484492     2.3944 3.7552e+02     0.7684    82.5222 7.7900e-01 1.4256e+03  0.3302802      5.004    13.3704    308.690 -9.990e-29
      4.907     8.2805 205.496461     2.3932 3.7446e+02     0.7684    82.5222 8.4860e-01 1.4256e+03  0.3302802      5.004    13.3660    308.716 -9.990e-29
      4.905     8.2799 205.496461     2.3932 3.6820e+02     0.7671    82.5483 9.0110e-01 1.4276e+03  0.3302802      5.002    13.3710    308.721 -9.990e-29
      4.904     8.2781 205.460550     2.3932 3.6511e+02     0.7671    82.5483 8.8156e-01 1.4276e+03  0.3311117      5.001    13.3754    308.684 -9.990e-29
      4.905     8.2773 205.436611     2.3944 3.6511e+02     0.7684    82.5222 8.3883e-01 1.4276e+03  0.3311117      5.002    13.3877    308.655 -9.990e-29
      4.906     8.2784 205.496464     2.3932 3.6613e+02     0.7684    82.5222 8.0952e-01 1.4276e+03  0.3311117      5.003    13.3814    308.735 -9.990e-29
      4.905     8.2758 205.448581     2.3932 3.6613e+02     0.7697    82.4961 8.2784e-01 1.4276e+03  0.3311117      5.002    13.3848    308.687 -9.990e-29
      4.904     8.2721 205.436615     2.3932 3.6613e+02     0.7697    82.4961 8.3761e-01 1.4276e+03  0.3311117      5.001    13.3885    308.704 -9.990e-29
      4.903     8.2707 205.448584     2.3944 3.7236e+02     0.7697    82.4961 8.4005e-01 1.4276e+03  0.3311117      5.000    13.3996    308.735 -9.990e-29
      4.903     8.2718 205.532379     2.3944 3.7764e+02     0.7709    82.4699 8.3272e-01 1.4276e+03  0.3311117      5.000    13.4003    308.850 -9.990e-29
      4.902     8.2725 205.520408     2.3932 3.7870e+02     0.7697    82.4961 8.1074e-01 1.4276e+03  0.3311117      4.999    13.3937    308.826 -9.990e-29
      4.901     8.2706 205.604203     2.3932 3.7977e+02     0.7684    82.5222 7.7656e-01 1.4276e+03  0.3311117      4.998    13.3973    308.969 -9.990e-29
      4.899     8.2958 205.843604     2.3944 3.8191e+02     0.7697    82.4961 7.7045e-01 1.4276e+03  0.3311117      4.996    13.3994    309.095 -9.990e-29
      4.897     8.3321 206.023147     2.3956 3.8191e+02     0.7697    82.4961 7.8755e-01 1.4276e+03  0.3311117      4.994    13.3973    309.028 -9.990e-29
      4.894     8.3544 206.154816     2.3944 3.7764e+02     0.7697    82.4961 7.9121e-01 1.4276e+03  0.3311117      4.990    13.3843    309.018 -9.990e-29
      4.893     8.3699 206.190721     2.3944 3.7236e+02     0.7697    82.4961 7.9243e-01 1.4276e+03  0.3311117      4.989    13.3830    308.929 -9.990e-29
      4.893     8.3774 206.154802     2.3944 3.7132e+02     0.7697    82.4961 7.8388e-01 1.4276e+03  0.3311117      4.989    13.3833    308.805 -9.990e-29
      4.891     8.3845 206.190712     2.3944 3.6717e+02     0.7697    82.4961 7.7778e-01 1.4276e+03  0.3311117      4.987    13.3834    308.793 -9.990e-29
      4.889     8.3896 206.250565     2.3944 3.5799e+02     0.7709    82.4699 7.6679e-01 1.4296e+03  0.3311117      4.985    13.3850    308.836 -9.990e-29
      4.888     8.4018 206.382246     2.3956 3.5598e+02     0.7697    82.4961 7.7045e-01 1.4296e+03  0.3311117      4.984    13.3920    308.920 -9.990e-29
      4.888     8.4180 206.466038     2.3956 3.5498e+02     0.7697    82.4961 8.0464e-01 1.4296e+03  0.3311117      4.984    13.3888    308.896 -9.990e-29
      4.887     8.4352 206.513915     2.3956 3.5200e+02     0.7697    82.4961 8.2051e-01 1.4296e+03  0.3311117      4.983    13.3848    308.808 -9.990e-29
      4.886     8.4415 206.477994     2.3956 3.5101e+02     0.7697    82.4961 8.0464e-01 1.4296e+03  0.3311117      4.982    13.3855    308.697 -9.990e-29
      4.884     8.4417 206.501937     2.3956 3.5200e+02     0.7709    82.4699 7.8632e-01 1.4296e+03  0.3311117      4.980    13.3891    308.730 -9.990e-29
      4.882     8.4354 206.430111     2.3956 3.6408e+02     0.7697    82.4961 7.7045e-01 1.4296e+03  0.3311117      4.978    13.3937    308.681 -9.990e-29
      4.880     8.4223 206.334346     2.3956 3.6924e+02     0.7709    82.4699 7.5702e-01 1.4296e+03  0.3311117      4.976    13.4014    308.659 -9.990e-29
      4.877     8.4119 206.238578     2.3968 3.6924e+02     0.7671    82.5483 7.4847e-01 1.4296e+03  0.3311117      4.973    13.4151    308.612 -9.990e-29
      4.875     8.4041 206.142811     2.3968 3.7870e+02     0.7671    82.5483 7.4847e-01 1.4296e+03  0.3311117      4.971    13.4192    308.541 -9.990e-29
      4.874     8.4002 206.214644     2.3968 3.8515e+02     0.7671    82.5483 7.5458e-01 1.4296e+03  0.3311117      4.970    13.4216    308.684 -9.990e-29
      4.872     8.3954 206.262533     2.3968 3.8515e+02     0.7671    82.5483 7.6801e-01 1.4296e+03  0.3315275      4.968    13.4250    308.800 -9.990e-29
      4.870     8.3906 206.178735     2.3968 3.7446e+02     0.7671    82.5483 7.8510e-01 1.4296e+03  0.3315275      4.966    13.4270    308.719 -9.990e-29
      4.869     8.3863 206.106909     2.3968 3.6717e+02     0.7671    82.5483 7.9487e-01 1.4296e+03  0.3315275      4.965    13.4286    308.651 -9.990e-29
      4.868     8.3819 206.023114     2.3968 3.6613e+02     0.7671    82.5483 7.9609e-01 1.4296e+03  0.3315275      4.964    13.4309    308.566 -9.990e-29
      4.867     8.3786 206.071000     2.3968 3.6204e+02     0.7671    82.5483 7.9243e-01 1.4296e+03  0.3311117      4.963    13.4335    308.669 -9.990e-29
      4.865     8.3763 206.059030     2.3980 3.5799e+02     0.7671    82.5483 7.9121e-01 1.4296e+03  0.3311117      4.961    13.4426    308.672 -9.990e-29
      4.864     8.3751 206.035089     2.3993 3.5799e+02     0.7671    82.5483 7.8755e-01 1.4296e+03  0.3311117      4.960    13.4517    308.647 -9.990e-29
      4.864     8.3735 206.035091     2.3993 3.6001e+02     0.7659    82.5745 7.8388e-01 1.4296e+03  0.3315275      4.960    13.4516    308.662 -9.990e-29
      4.862     8.3708 205.939322     2.3993 3.6408e+02     0.7671    82.5483 7.9976e-01 1.4296e+03  0.3315275      4.958    13.4514    308.544 -9.990e-29
      4.860     8.3688 205.987208     2.3993 3.6408e+02     0.7659    82.5745 8.3028e-01 1.4315e+03  0.3311117      4.956    13.4529    308.634 -9.990e-29
      4.859     8.3661 206.011152     2.4005 3.7028e+02     0.7659    82.5745 8.4005e-01 1.4315e+03  0.3315275      4.955    13.4604    308.695 -9.990e-29
      4.858     8.3562 205.891447     2.4005 3.8191e+02     0.7659    82.5745 8.1441e-01 1.4315e+03  0.3315275      4.954    13.4630    308.607 -9.990e-29
      4.857     8.3410 205.783718     2.4005 3.8515e+02     0.7659    82.5745 7.9731e-01 1.4315e+03  0.3315275      4.953    13.4672    308.586 -9.990e-29
      4.856     8.3329 205.699927     2.4017 3.8841e+02     0.7671    82.5483 7.7900e-01 1.4315e+03  0.3315275      4.952    13.4768    308.535 -9.990e-29
      4.855     8.3300 205.711900     2.4029 4.0174e+02     0.7671    82.5483 7.5336e-01 1.4315e+03  0.3315275      4.951    13.4831    308.580 -9.990e-29
      4.855     8.3304 205.711899     2.4029 4.0514e+02     0.7671    82.5483 7.4969e-01 1.4315e+03  0.3315275      4.951    13.4806    308.576 -9.990e-29
      4.855     8.3317 205.675986     2.4029 4.0174e+02     0.7671    82.5483 7.6557e-01 1.4315e+03  0.3315275      4.951    13.4775    308.511 -9.990e-29
      4.855     8.3270 205.711902     2.4029 3.8406e+02     0.7659    82.5745 7.7167e-01 1.4315e+03  0.3315275      4.951    13.4763    308.608 -9.990e-29
      4.855     8.3257 205.759786     2.4029 3.7552e+02     0.7659    82.5745 7.6190e-01 1.4315e+03  0.3315275      4.951    13.4736    308.692 -9.990e-29
      4.856     8.3278 205.771756     2.4029 3.7552e+02     0.7633    82.6268 7.4481e-01 1.4315e+03  0.3315275      4.952    13.4716    308.690 -9.990e-29
      4.858     8.3302 205.807666     2.4029 3.6820e+02     0.7646    82.6006 7.5214e-01 1.4315e+03  0.3315275      4.954    13.4682    308.722 -9.990e-29
      4.861     8.3336 205.843579     2.4029 3.6511e+02     0.7646    82.6006 7.6923e-01 1.4315e+03  0.3315275      4.957    13.4640    308.744 -9.990e-29
      4.862     8.3445 205.927369     2.4029 3.6511e+02     0.7646    82.6006 7.8510e-01 1.4315e+03  0.3315275      4.958    13.4568    308.769 -9.990e-29
      4.862     8.3537 205.951303     2.4029 3.6924e+02     0.7646    82.6006 8.0586e-01 1.4315e+03  0.3315275      4.958    13.4500    308.720 -9.990e-29
      4.863     8.3562 205.963275     2.4029 3.7236e+02     0.7646    82.6006 8.3516e-01 1.4335e+03  0.3315275      4.959    13.4454    308.715 -9.990e-29
      4.864     8.3571 205.975244     2.4029 3.7236e+02     0.7646    82.6006 8.3272e-01 1.4335e+03  0.3315275      4.960    13.4411    308.724 -9.990e-29
      4.864     8.3617 206.011155     2.4029 3.7870e+02     0.7646    82.6006 8.0342e-01 1.4335e+03  0.3315275      4.960    13.4364    308.735 -9.990e-29
      4.866     8.3630 205.927356     2.4042 3.8406e+02     0.7659    82.5745 7.8877e-01 1.4335e+03  0.3302802      4.962    13.4417    308.598 -9.990e-29
      4.868     8.3550 205.903420     2.4042 3.8515e+02     0.7646    82.6006 7.7900e-01 1.4335e+03  0.3290329      4.964    13.4398    308.636 -9.990e-29
      4.869     8.3481 205.819626     2.4029 3.9060e+02     0.7646    82.6006 7.7656e-01 1.4335e+03  0.3286171      4.965    13.4284    308.574 -9.990e-29
      4.870     8.3445 205.831600     2.4042 3.9836e+02     0.7646    82.6006 7.8022e-01 1.4335e+03  0.3286171      4.966    13.4346    308.625 -9.990e-29
      4.872     8.3383 205.783719     2.4042 3.9949e+02     0.7646    82.6006 7.8877e-01 1.4335e+03  0.3286171      4.968    13.4338    308.611 -9.990e-29
      4.873     8.3317 205.771754     2.4029 4.0061e+02     0.7646    82.6006 7.9853e-01 1.4335e+03  0.3286171      4.969    13.4239    308.654 -9.990e-29
      4.875     8.3232 205.699933     2.4042 4.0401e+02     0.7646    82.6006 7.8877e-01 1.4335e+03  0.3286171      4.971    13.4316    308.625 -9.990e-29
      4.876     8.3140 205.508409     2.4029 4.0514e+02     0.7646    82.6006 7.6801e-01 1.4335e+03  0.3286171      4.972    13.4224    308.423 -9.990e-29
      4.877     8.3014 205.568270     2.4042 4.0174e+02     0.7646    82.6006 7.6068e-01 1.4355e+03  0.3286171      4.973    13.4324    308.630 -9.990e-29
      4.878     8.2926 205.544335     2.4042 3.9280e+02     0.7646    82.6006 7.7289e-01 1.4355e+03  0.3286171      4.974    13.4320    308.675 -9.990e-29
      4.879     8.2844 205.496457     2.4042 3.9060e+02     0.7646    82.6006 7.9853e-01 1.4355e+03  0.3286171      4.975    13.4303    308.679 -9.990e-29
      4.880     8.2762 205.448582     2.4029 3.8732e+02     0.7633    82.6268 8.1319e-01 1.4355e+03  0.3286171      4.976    13.4217    308.684 -9.990e-29
      4.881     8.2699 205.400703     2.4029 3.7658e+02     0.7633    82.6268 8.2295e-01 1.4355e+03  0.3286171      4.977    13.4214    308.670 -9.990e-29
      4.882     8.2650 205.424649     2.4029 3.7236e+02     0.7621    82.6529 8.4127e-01 1.4355e+03  0.3286171      4.978    13.4208    308.752 -9.990e-29
      4.882     8.2621 205.388738     2.4029 3.7132e+02     0.7633    82.6268 8.4615e-01 1.4355e+03  0.3290329      4.978    13.4206    308.724 -9.990e-29
      4.882     8.2608 205.340858     2.4029 3.6204e+02     0.7621    82.6529 8.4005e-01 1.4355e+03  0.3290329      4.978    13.4198    308.665 -9.990e-29
      4.883     8.2600 205.364798     2.4054 3.5799e+02     0.7621    82.6529 8.4371e-01 1.4355e+03  0.3290329      4.979    13.4363    308.708 -9.990e-29
      4.884     8.2593 205.328889     2.4042 3.5698e+02     0.7633    82.6268 8.4005e-01 1.4355e+03  0.3290329      4.980    13.4271    308.661 -9.990e-29
      4.884     8.2588 205.352830     2.4042 3.5598e+02     0.7621    82.6529 8.1319e-01 1.4355e+03  0.3290329      4.980    13.4262    308.701 -9.990e-29
      4.883     8.2598 205.460562     2.4029 3.5498e+02     0.7633    82.6268 7.9365e-01 1.4374e+03  0.3286171      4.979    13.4157    308.854 -9.990e-29
      4.883     8.2630 205.460561     2.4029 3.5498e+02     0.7621    82.6529 7.9731e-01 1.4374e+03  0.3286171      4.979    13.4136    308.824 -9.990e-29
      4.884     8.2763 205.592228     2.4029 3.5799e+02     0.7621    82.6529 8.0464e-01 1.4374e+03  0.3290329      4.980    13.4079    308.898 -9.990e-29
      4.885     8.3211 205.735848     2.4029 3.6001e+02     0.7621    82.6529 7.9731e-01 1.4374e+03  0.3290329      4.981    13.3922    308.699 -9.990e-29
      4.886     8.3688 205.783700     2.4042 3.6102e+02     0.7621    82.6529 7.8632e-01 1.4374e+03  0.3290329      4.982    13.3844    308.329 -9.990e-29
      4.886     8.3836 205.831574     2.4042 3.5900e+02     0.7621    82.6529 7.9121e-01 1.4374e+03  0.3286171      4.982    13.3793    308.264 -9.990e-29
      4.886     8.3757 205.807638     2.4029 3.5698e+02     0.7621    82.6529 8.0952e-01 1.4374e+03  0.3290329      4.982    13.3744    308.301 -9.990e-29
      4.886     8.3547 205.867506     2.4029 3.5698e+02     0.7621    82.6529 8.3761e-01 1.4374e+03  0.3294486      4.982    13.3832    308.585 -9.990e-29
      4.886     8.3404 205.891458     2.4029 3.5900e+02     0.7621    82.6529 8.9011e-01 1.4374e+03  0.3294486      4.982    13.3884    308.753 -9.990e-29
      4.886     8.3344 205.843577     2.4029 3.6204e+02     0.7621    82.6529 9.1819e-01 1.4374e+03  0.3294486      4.982    13.3919    308.737 -9.990e-29
      4.887     8.3293 205.831610     2.4029 3.6306e+02     0.7621    82.6529 8.9377e-01 1.4374e+03  0.3294486      4.983    13.3963    308.766 -9.990e-29
      4.888     8.3320 205.939349     2.4017 3.6511e+02     0.7621    82.6529 8.6569e-01 1.4394e+03  0.3294486      4.984    13.3884    308.903 -9.990e-29
      4.888     8.3542 206.106932     2.4029 3.7236e+02     0.7608    82.6790 8.4371e-01 1.4394e+03  0.3294486      4.984    13.3914    308.948 -9.990e-29
      4.887     8.3825 206.430145     2.4017 3.7446e+02     0.7596    82.7052 8.0952e-01 1.4394e+03  0.3294486      4.983    13.3744    309.171 -9.990e-29
      4.886     8.4123 206.669567     2.4017 3.7446e+02     0.7583    82.7313 7.7900e-01 1.4394e+03  0.3294486      4.982    13.3663    309.253 -9.990e-29
      4.886     8.4419 206.729407     2.4005 3.7764e+02     0.7596    82.7052 7.6801e-01 1.4394e+03  0.3294486      4.982    13.3500    309.069 -9.990e-29
      4.885     8.4569 206.693481     2.4017 3.7764e+02     0.7583    82.7313 7.7289e-01 1.4394e+03  0.3294486      4.981    13.3565    308.876 -9.990e-29
      4.885     8.4554 206.609676     2.4005 3.7764e+02     0.7596    82.7052 7.8388e-01 1.4394e+03  0.3294486      4.981    13.3499    308.765 -9.990e-29
      4.885     8.4539 206.466014     2.4005 3.7658e+02     0.7583    82.7313 7.9853e-01 1.4394e+03  0.3294486      4.981    13.3527    308.564 -9.990e-29
      4.885     8.4505 206.466017     2.4017 3.7658e+02     0.7596    82.7052 8.1074e-01 1.4394e+03  0.3294486      4.981    13.3643    308.596 -9.990e-29
      4.885     8.4407 206.394191     2.4017 3.7658e+02     0.7596    82.7052 8.1685e-01 1.4394e+03  0.3294486      4.981    13.3698    308.579 -9.990e-29
      4.885     8.4316 206.406170     2.4017 3.7658e+02     0.7596    82.7052 8.2173e-01 1.4394e+03  0.3294486      4.981    13.3750    308.681 -9.990e-29
      4.884     8.4233 206.334345     2.4017 3.7764e+02     0.7583    82.7313 8.2295e-01 1.4394e+03  0.3294486      4.980    13.3821    308.650 -9.990e-29
      4.883     8.4197 206.394205     2.4017 3.7764e+02     0.7596    82.7052 8.1563e-01 1.4394e+03  0.3294486      4.979    13.3864    308.773 -9.990e-29
      4.883     8.4217 206.382232     2.4017 3.8084e+02     0.7596    82.7052 7.9853e-01 1.4394e+03  0.3294486      4.979    13.3886    308.736 -9.990e-29
