data/05_metadata_exports/SeabirdData/202305_SeabirdData/83457_stn19.cnv
* Sea-Bird SBE 9 Data File:
* FileName = C:\Users\rosette\Rosette Data\2023\Ontario CSMI\stn19.hex
* Software Version Seasave V 7.26.6.26
* Temperature SN = 5270
* Conductivity SN = 1168
* Number of Bytes Per Scan = 40
* Number of Voltage Words = 5
* Number of Scans Averaged by the Deck Unit = 1
* NMEA Latitude = 43 23.00 N
* NMEA Longitude = 079 17.12 W
* NMEA UTC (Time) = Oct 03 2003  13:21:12
* NMEA baud rate = 4800
** Ship: Lake Guardian
** Ontario CSMI LWFS
** Station:  stn19
# nquan = 14                                
# nvalues = 16580                       
# units = specified
# name 0 = prDM: Pressure, Digiquartz [db]
# name 1 = t090C: Temperature [ITS-90, deg C]
# name 2 = c0uS/cm: Conductivity [uS/cm]
# name 3 = sbeox0V: Oxygen raw, SBE 43 [V]
# name 4 = par: PAR/Irradiance, Biospherical/Licor
# name 5 = bat: Beam Attenuation, Chelsea/Seatech [1/m]
# name 6 = xmiss: Beam Transmission, Chelsea/Seatech [%]
# name 7 = flSP: Fluorescence, Seapoint
# name 8 = spar: SPAR, Biospherical/Licor
# name 9 = upoly0: Upoly 0, Suna Nitrate
# name 10 = depFM: Depth [fresh water, m], lat = 43.3833
# name 11 = sbeox0Mg/L: Oxygen, SBE 43 [mg/l], WS = 2
# name 12 = specc: Specific Conductance [uS/cm]
# name 13 = flag: flag
# span 0 =     -0.218,    102.535       
# span 1 =     3.9644,    11.3239       
# span 2 =  29.626492, 219.259385       
# span 3 =     1.8083,     2.4567       
# span 4 = 1.0000e-12, 2.8039e+03       
# span 5 =     0.1088,     2.7827       
# span 6 =    49.8740,    97.3171       
# span 7 = 7.3260e-03, 2.0403e+00       
# span 8 = 1.3252e+03, 1.5221e+03       
# span 9 =  0.0741704,  0.3951391       
# span 10 =     -0.222,    104.557      
# span 11 =     9.1737,    14.2394      
# span 12 =     41.808,    318.006      
# span 13 = 0.0000e+00, 0.0000e+00      
# interval = seconds: 0.0416667
# start_time = Oct 03 2003 13:21:12 [NMEA time, header]
# bad_flag = -9.990e-29
*END*
[from data line 930]
     -0.171    10.6356  41.806014     2.1612 2.4499e+03     2.0405    60.0423 9.7680e-03 1.4965e+03  0.0941270     -0.174    11.0559     58.653 -9.990e-29
     -0.167    10.6360  42.404890     2.1612 2.4499e+03     2.0405    60.0423 9.7680e-03 1.4965e+03  0.0937112     -0.170    11.0566     59.493 -9.990e-29
     -0.164    10.6363  43.156481     2.1624 2.4499e+03     2.0405    60.0423 9.7680e-03 1.4965e+03  0.0941270     -0.167    11.0643     60.547 -9.990e-29
     -0.163    10.6370  43.673239     2.1624 2.4568e+03     2.0405    60.0423 9.7680e-03 1.4965e+03  0.0941270     -0.166    11.0640     61.271 -9.990e-29
     -0.165    10.6373  43.896395     2.1612 2.4637e+03     2.0405    60.0423 9.7680e-03 1.4965e+03  0.0941270     -0.168    11.0560     61.583 -9.990e-29
     -0.167    10.6377  43.743709     2.1612 2.4637e+03     2.0405    60.0423 9.7680e-03 1.4965e+03  0.0941270     -0.170    11.0541     61.368 -9.990e-29
     -0.171    10.6381  43.297412     2.1612 2.4637e+03     2.0422    60.0162 9.7680e-03 1.4965e+03  0.0941270     -0.174    11.0530     60.742 -9.990e-29
     -0.173    10.6384  43.027296     2.1624 2.4706e+03     2.0405    60.0423 9.7680e-03 1.4965e+03  0.0941270     -0.176    11.0608     60.362 -9.990e-29
     -0.176    10.6389  42.792420     2.1624 2.4706e+03     2.0405    60.0423 9.7680e-03 1.4965e+03  0.0941270     -0.179    11.0615     60.032 -9.990e-29
     -0.179    10.6396  42.557551     2.1624 2.4706e+03     2.0405    60.0423 9.7680e-03 1.4965e+03  0.0941270     -0.183    11.0613     59.701 -9.990e-29
     -0.181    10.6396  42.322688     2.1624 2.4706e+03     2.0405    60.0423 9.7680e-03 1.4965e+03  0.0941270     -0.185    11.0604     59.372 -9.990e-29
     -0.183    10.6398  42.076089     2.1624 2.4706e+03     2.0405    60.0423 9.7680e-03 1.4965e+03  0.0941270     -0.187    11.0603     59.025 -9.990e-29
     -0.185    10.6407  41.794271     2.1624 2.4706e+03     2.0387    60.0684 9.7680e-03 1.4946e+03  0.0941270     -0.189    11.0609     58.629 -9.990e-29
     -0.186    10.6408  41.418528     2.1636 2.4706e+03     2.0405    60.0423 9.7680e-03 1.4946e+03  0.0945428     -0.190    11.0696     58.101 -9.990e-29
     -0.186    10.6411  41.289371     2.1612 2.4706e+03     2.0405    60.0423 9.7680e-03 1.4946e+03  0.0941270     -0.190    11.0537     57.920 -9.990e-29
     -0.185    10.6416  41.160215     2.1624 2.4637e+03     2.0405    60.0423 9.7680e-03 1.4946e+03  0.0941270     -0.189    11.0621     57.738 -9.990e-29
     -0.184    10.6418  41.124991     2.1612 2.4637e+03     2.0405    60.0423 9.7680e-03 1.4946e+03  0.0941270     -0.188    11.0540     57.688 -9.990e-29
     -0.183    10.6424  41.336337     2.1612 2.4637e+03     2.0405    60.0423 9.7680e-03 1.4946e+03  0.0941270     -0.187    11.0537     57.983 -9.990e-29
     -0.182    10.6427  41.512462     2.1612 2.4568e+03     2.0405    60.0423 9.7680e-03 1.4946e+03  0.0941270     -0.186    11.0543     58.230 -9.990e-29
     -0.180    10.6428  41.747302     2.1624 2.4568e+03     2.0387    60.0684 9.7680e-03 1.4946e+03  0.0941270     -0.184    11.0619     58.559 -9.990e-29
     -0.177    10.6432  41.876467     2.1612 2.4568e+03     2.0387    60.0684 9.7680e-03 1.4946e+03  0.0941270     -0.180    11.0538     58.740 -9.990e-29
     -0.176    10.6434  41.982149     2.1624 2.4568e+03     2.0387    60.0684 9.7680e-03 1.4946e+03  0.0941270     -0.179    11.0613     58.888 -9.990e-29
     -0.175    10.6442  42.099574     2.1624 2.4499e+03     2.0387    60.0684 9.7680e-03 1.4946e+03  0.0941270     -0.178    11.0609     59.051 -9.990e-29
     -0.173    10.6440  42.193516     2.1612 2.4499e+03     2.0405    60.0423 9.7680e-03 1.4946e+03  0.0941270     -0.176    11.0530     59.183 -9.990e-29
     -0.174    10.6445  42.475348     2.1612 2.4499e+03     2.0370    60.0946 9.7680e-03 1.4946e+03  0.0941270     -0.177    11.0527     59.578 -9.990e-29
     -0.177    10.6447  42.463604     2.1624 2.4499e+03     2.0387    60.0684 9.7680e-03 1.4946e+03  0.0941270     -0.180    11.0594     59.561 -9.990e-29
     -0.180    10.6449  42.487091     2.1624 2.4499e+03     2.0387    60.0684 9.7680e-03 1.4946e+03  0.0941270     -0.184    11.0592     59.593 -9.990e-29
     -0.184    10.6452  42.217001     2.1624 2.4499e+03     2.0405    60.0423 9.7680e-03 1.4946e+03  0.0941270     -0.188    11.0598     59.214 -9.990e-29
     -0.187    10.6457  41.911693     2.1612 2.4499e+03     2.0387    60.0684 9.7680e-03 1.4946e+03  0.0941270     -0.191    11.0516     58.785 -9.990e-29
     -0.190    10.6460  41.465494     2.1600 2.4499e+03     2.0387    60.0684 9.7680e-03 1.4946e+03  0.0941270     -0.194    11.0435     58.159 -9.990e-29
     -0.192    10.6464  41.019319     2.1612 2.4430e+03     2.0387    60.0684 9.7680e-03 1.4965e+03  0.0941270     -0.196    11.0511     57.532 -9.990e-29
     -0.193    10.6465  40.690574     2.1624 2.4430e+03     2.0387    60.0684 9.7680e-03 1.4965e+03  0.0937112     -0.197    11.0586     57.071 -9.990e-29
     -0.194    10.6470  40.408803     2.1624 2.4361e+03     2.0387    60.0684 9.7680e-03 1.4965e+03  0.0941270     -0.198    11.0591     56.675 -9.990e-29
     -0.194    10.6473  40.209220     2.1612 2.4361e+03     2.0387    60.0684 9.7680e-03 1.4965e+03  0.0941270     -0.198    11.0518     56.395 -9.990e-29
     -0.194    10.6475  40.021383     2.1612 2.4293e+03     2.0387    60.0684 9.7680e-03 1.4965e+03  0.0941270     -0.198    11.0515     56.131 -9.990e-29
     -0.193    10.6478  39.903986     2.1612 2.4293e+03     2.0387    60.0684 9.7680e-03 1.4965e+03  0.0941270     -0.197    11.0512     55.966 -9.990e-29
     -0.192    10.6480  39.939205     2.1636 2.4293e+03     2.0387    60.0684 9.7680e-03 1.4965e+03  0.0941270     -0.196    11.0676     56.015 -9.990e-29
     -0.190    10.6485  39.892247     2.1636 2.4225e+03     2.0387    60.0684 9.7680e-03 1.4965e+03  0.0941270     -0.194    11.0672     55.948 -9.990e-29
     -0.187    10.6485  40.009643     2.1624 2.4225e+03     2.0387    60.0684 9.7680e-03 1.4965e+03  0.0941270     -0.191    11.0610     56.113 -9.990e-29
     -0.185    10.6490  40.303141     2.1624 2.4225e+03     2.0387    60.0684 9.7680e-03 1.4946e+03  0.0941270     -0.189    11.0607     56.524 -9.990e-29
     -0.183    10.6492  40.678833     2.1624 2.4225e+03     2.0370    60.0946 9.7680e-03 1.4965e+03  0.0941270     -0.187    11.0605     57.050 -9.990e-29
     -0.182    10.6497  40.913650     2.1612 2.4293e+03     2.0370    60.0946 9.7680e-03 1.4965e+03  0.0941270     -0.186    11.0524     57.379 -9.990e-29
     -0.182    10.6498  41.101507     2.1624 2.4293e+03     2.0370    60.0946 9.7680e-03 1.4965e+03  0.0941270     -0.186    11.0591     57.642 -9.990e-29
     -0.183    10.6500  41.195438     2.1624 2.4293e+03     2.0370    60.0946 9.7680e-03 1.4946e+03  0.0941270     -0.187    11.0589     57.773 -9.990e-29
     -0.184    10.6503  41.160214     2.1624 2.4430e+03     2.0370    60.0946 9.7680e-03 1.4946e+03  0.0941270     -0.188    11.0595     57.724 -9.990e-29
     -0.185    10.6505  41.078025     2.1612 2.4430e+03     2.0387    60.0684 9.7680e-03 1.4946e+03  0.0941270     -0.189    11.0505     57.608 -9.990e-29
     -0.185    10.6510  41.078025     2.1612 2.4430e+03     2.0370    60.0946 9.7680e-03 1.4946e+03  0.0941270     -0.189    11.0502     57.607 -9.990e-29
     -0.184    10.6510  41.195438     2.1612 2.4499e+03     2.0353    60.1207 9.7680e-03 1.4946e+03  0.0941270     -0.188    11.0509     57.772 -9.990e-29
     -0.185    10.6513  41.160214     2.1624 2.4568e+03     2.0370    60.0946 9.7680e-03 1.4965e+03  0.0941270     -0.189    11.0585     57.722 -9.990e-29
     -0.188    10.6517  41.007578     2.1612 2.4568e+03     2.0370    60.0946 9.7680e-03 1.4965e+03  0.0941270     -0.192    11.0503     57.507 -9.990e-29
     -0.191    10.6517  40.667092     2.1624 2.4637e+03     2.0387    60.0684 9.7680e-03 1.4946e+03  0.0941270     -0.195    11.0580     57.030 -9.990e-29
     -0.193    10.6518  40.174000     2.1624 2.4637e+03     2.0370    60.0946 9.7680e-03 1.4946e+03  0.0941270     -0.197    11.0578     56.338 -9.990e-29
     -0.193    10.6523  39.915725     2.1612 2.4637e+03     2.0370    60.0946 9.7680e-03 1.4946e+03  0.0941270     -0.197    11.0497     55.975 -9.990e-29
     -0.192    10.6525  39.716155     2.1624 2.4776e+03     2.0370    60.0946 9.7680e-03 1.4946e+03  0.0941270     -0.196    11.0564     55.695 -9.990e-29
     -0.189    10.6527  39.751373     2.1624 2.4776e+03     2.0370    60.0946 9.7680e-03 1.4946e+03  0.0941270     -0.193    11.0544     55.744 -9.990e-29
     -0.187    10.6528  39.810070     2.1624 2.4776e+03     2.0370    60.0946 9.7680e-03 1.4946e+03  0.0941270     -0.191    11.0542     55.826 -9.990e-29
     -0.185    10.6531  40.056601     2.1624 2.4846e+03     2.0370    60.0946 9.7680e-03 1.4946e+03  0.0941270     -0.189    11.0548     56.171 -9.990e-29
     -0.184    10.6533  40.091821     2.1624 2.4916e+03     2.0370    60.0946 9.7680e-03 1.4946e+03  0.0941270     -0.188    11.0546     56.221 -9.990e-29
     -0.181    10.6534  40.256180     2.1612 2.4916e+03     2.0387    60.0684 9.7680e-03 1.4946e+03  0.0941270     -0.185    11.0465     56.451 -9.990e-29
     -0.178    10.6536  40.326621     2.1612 2.4986e+03     2.0370    60.0946 9.7680e-03 1.4946e+03  0.0941270     -0.182    11.0463     56.549 -9.990e-29
     -0.177    10.6538  40.561427     2.1624 2.5056e+03     2.0370    60.0946 9.7680e-03 1.4946e+03  0.0941270     -0.180    11.0529     56.878 -9.990e-29
     -0.176    10.6536  40.796240     2.1612 2.5056e+03     2.0370    60.0946 9.7680e-03 1.4946e+03  0.0941270     -0.179    11.0458     57.208 -9.990e-29
     -0.176    10.6543  41.171955     2.1624 2.5056e+03     2.0353    60.1207 9.7680e-03 1.4946e+03  0.0941270     -0.179    11.0542     57.734 -9.990e-29
     -0.177    10.6541  41.395043     2.1624 2.5127e+03     2.0353    60.1207 9.7680e-03 1.4946e+03  0.0941270     -0.180    11.0542     58.047 -9.990e-29
     -0.177    10.6544  41.629880     2.1612 2.5197e+03     2.0370    60.0946 9.7680e-03 1.4946e+03  0.0941270     -0.180    11.0471     58.376 -9.990e-29
     -0.178    10.6544  41.759043     2.1624 2.5197e+03     2.0370    60.0946 9.7680e-03 1.4946e+03  0.0941270     -0.182    11.0558     58.557 -9.990e-29
     -0.180    10.6546  41.559428     2.1612 2.5127e+03     2.0370    60.0946 9.7680e-03 1.4946e+03  0.0941270     -0.184    11.0478     58.276 -9.990e-29
     -0.181    10.6546  41.465494     2.1624 2.5197e+03     2.0353    60.1207 9.7680e-03 1.4946e+03  0.0941270     -0.185    11.0556     58.145 -9.990e-29
     -0.181    10.6549  41.547686     2.1624 2.5127e+03     2.0353    60.1207 9.7680e-03 1.4946e+03  0.0941270     -0.185    11.0554     58.259 -9.990e-29
     -0.181    10.6548  41.582912     2.1612 2.5127e+03     2.0370    60.0946 9.7680e-03 1.4946e+03  0.0941270     -0.185    11.0476     58.309 -9.990e-29
     -0.182    10.6551  41.582912     2.1612 2.5056e+03     2.0370    60.0946 9.7680e-03 1.4946e+03  0.0941270     -0.186    11.0484     58.309 -9.990e-29
     -0.183    10.6553  41.653364     2.1624 2.5127e+03     2.0370    60.0946 9.7680e-03 1.4946e+03  0.0941270     -0.187    11.0570     58.407 -9.990e-29
     -0.183    10.6551  41.465493     2.1624 2.5127e+03     2.0370    60.0946 9.7680e-03 1.4946e+03  0.0941270     -0.187    11.0569     58.144 -9.990e-29
     -0.185    10.6553  41.207178     2.1624 2.5127e+03     2.0353    60.1207 9.7680e-03 1.4946e+03  0.0941270     -0.189    11.0576     57.781 -9.990e-29
     -0.185    10.6553  40.995836     2.1612 2.5127e+03     2.0370    60.0946 9.7680e-03 1.4946e+03  0.0941270     -0.189    11.0487     57.485 -9.990e-29
     -0.186    10.6556  40.913649     2.1612 2.5197e+03     2.0370    60.0946 9.7680e-03 1.4946e+03  0.0941270     -0.190    11.0485     57.369 -9.990e-29
     -0.186    10.6556  40.866685     2.1612 2.5197e+03     2.0370    60.0946 9.7680e-03 1.4946e+03  0.0941270     -0.190    11.0493     57.303 -9.990e-29
     -0.186    10.6558  40.796240     2.1612 2.5197e+03     2.0370    60.0946 9.7680e-03 1.4946e+03  0.0941270     -0.190    11.0491     57.204 -9.990e-29
     -0.186    10.6556  40.831462     2.1612 2.5268e+03     2.0370    60.0946 9.7680e-03 1.4946e+03  0.0941270     -0.190    11.0498     57.254 -9.990e-29
     -0.186    10.6561  40.678832     2.1624 2.5268e+03     2.0370    60.0946 9.7680e-03 1.4946e+03  0.0945428     -0.190    11.0583     57.039 -9.990e-29
     -0.187    10.6559  40.490984     2.1624 2.5268e+03     2.0353    60.1207 9.7680e-03 1.4946e+03  0.0941270     -0.191    11.0582     56.776 -9.990e-29
     -0.186    10.6559  40.267920     2.1612 2.5339e+03     2.0370    60.0946 9.7680e-03 1.4946e+03  0.0941270     -0.190    11.0494     56.463 -9.990e-29
     -0.186    10.6561  40.115300     2.1624 2.5339e+03     2.0370    60.0946 9.7680e-03 1.4946e+03  0.0941270     -0.190    11.0580     56.249 -9.990e-29
     -0.185    10.6561  39.986162     2.1624 2.5339e+03     2.0370    60.0946 9.7680e-03 1.4946e+03  0.0941270     -0.189    11.0571     56.068 -9.990e-29
     -0.184    10.6561  40.091820     2.1612 2.5339e+03     2.0370    60.0946 9.7680e-03 1.4946e+03  0.0941270     -0.188    11.0483     56.216 -9.990e-29
     -0.184    10.6564  40.138780     2.1612 2.5411e+03     2.0353    60.1207 9.7680e-03 1.4946e+03  0.0941270     -0.188    11.0482     56.281 -9.990e-29
     -0.184    10.6564  40.103560     2.1612 2.5339e+03     2.0353    60.1207 9.7680e-03 1.4946e+03  0.0941270     -0.188    11.0481     56.232 -9.990e-29
     -0.184    10.6564  39.997902     2.1612 2.5411e+03     2.0353    60.1207 9.7680e-03 1.4946e+03  0.0941270     -0.188    11.0490     56.084 -9.990e-29
     -0.185    10.6566  39.915725     2.1624 2.5339e+03     2.0370    60.0946 9.7680e-03 1.4946e+03  0.0941270     -0.189    11.0576     55.968 -9.990e-29
     -0.185    10.6568  39.962683     2.1624 2.5339e+03     2.0370    60.0946 9.7680e-03 1.4946e+03  0.0941270     -0.189    11.0566     56.034 -9.990e-29
     -0.185    10.6568  40.162260     2.1624 2.5268e+03     2.0370    60.0946 9.7680e-03 1.4946e+03  0.0941270     -0.189    11.0574     56.314 -9.990e-29
     -0.187    10.6569  40.127040     2.1612 2.5268e+03     2.0370    60.0946 9.7680e-03 1.4946e+03  0.0941270     -0.191    11.0495     56.264 -9.990e-29
     -0.188    10.6571  40.056601     2.1612 2.5197e+03     2.0370    60.0946 9.7680e-03 1.4946e+03  0.0937112     -0.192    11.0493     56.165 -9.990e-29
     -0.189    10.6569  39.962683     2.1612 2.5197e+03     2.0353    60.1207 9.7680e-03 1.4946e+03  0.0941270     -0.193    11.0511     56.034 -9.990e-29
     -0.190    10.6571  39.903985     2.1636 2.5127e+03     2.0353    60.1207 9.7680e-03 1.4946e+03  0.0941270     -0.194    11.0666     55.951 -9.990e-29
     -0.191    10.6571  94.116308     2.1636 2.5056e+03     2.0370    60.0946 9.7680e-03 1.4946e+03  0.0941270     -0.195    11.0641    131.965 -9.990e-29
     -0.194    10.6573  57.637805     2.1624 2.5056e+03     2.0353    60.1207 9.7680e-03 1.4946e+03  0.0941270     -0.198    11.0585     80.816 -9.990e-29
     -0.196    10.6574  39.868766     2.1624 2.4986e+03     2.0353    60.1207 9.7680e-03 1.4946e+03  0.0941270     -0.200    11.0600     55.901 -9.990e-29
     -0.197    10.6576  39.610501     2.1612 2.4986e+03     2.0370    60.0946 9.7680e-03 1.4946e+03  0.0941270     -0.201    11.0520     55.539 -9.990e-29
     -0.198    10.6578  39.422677     2.1612 2.4986e+03     2.0353    60.1207 9.7680e-03 1.4946e+03  0.0941270     -0.202    11.0518     55.275 -9.990e-29
     -0.199    10.6578  39.199641     2.1624 2.4986e+03     2.0353    60.1207 9.7680e-03 1.4946e+03  0.0941270     -0.203    11.0586     54.962 -9.990e-29
     -0.200    10.6579  39.117471     2.1624 2.4916e+03     2.0353    60.1207 9.7680e-03 1.4946e+03  0.0941270     -0.204    11.0575     54.847 -9.990e-29
