data/05_metadata_exports/SeabirdData/202305_SeabirdData/83457_stn19.cnv
* Sea-Bird SBE 9 Data File:
* FileName = C:\Users\rosette\Rosette Data\2023\Ontario CSMI\stn19.hex
* Software Version Seasave V 7.26.6.26
* Temperature SN = 5270
* Conductivity SN = 1168
* Number of Bytes Per Scan = 40
* Number of Voltage Words = 5
* Number of Scans Averaged by the Deck Unit = 1
* NMEA Latitude = 43 23.00 N
* NMEA Longitude = 079 17.12 W
* NMEA UTC (Time) = Oct 03 2003  13:21:12
* NMEA baud rate = 4800
** Ship: Lake Guardian
** Ontario CSMI LWFS
** Station:  stn19
# nquan = 14                                
# nvalues = 16580                       
# units = specified
# name 0 = prDM: Pressure, Digiquartz [db]
# name 1 = t090C: Temperature [ITS-90, deg C]
# name 2 = c0uS/cm: Conductivity [uS/cm]
# name 3 = sbeox0V: Oxygen raw, SBE 43 [V]
# name 4 = par: PAR/Irradiance, Biospherical/Licor
# name 5 = bat: Beam Attenuation, Chelsea/Seatech [1/m]
# name 6 = xmiss: Beam Transmission, Chelsea/Seatech [%]
# name 7 = flSP: Fluorescence, Seapoint
# name 8 = spar: SPAR, Biospherical/Licor
# name 9 = upoly0: Upoly 0, Suna Nitrate
# name 10 = depFM: Depth [fresh water, m], lat = 43.3833
# name 11 = sbeox0Mg/L: Oxygen, SBE 43 [mg/l], WS = 2
# name 12 = specc: Specific Conductance [uS/cm]
# name 13 = flag: flag
# span 0 =     -0.218,    102.535       
# span 1 =     3.9644,    11.3239       
# span 2 =  29.626492, 219.259385       
# span 3 =     1.8083,     2.4567       
# span 4 = 1.0000e-12, 2.8039e+03       
# span 5 =     0.1088,     2.7827       
# span 6 =    49.8740,    97.3171       
# span 7 = 7.3260e-03, 2.0403e+00       
# span 8 = 1.3252e+03, 1.5221e+03       
# span 9 =  0.0741704,  0.3951391       
# span 10 =     -0.222,    104.557      
# span 11 =     9.1737,    14.2394      
# span 12 =     41.808,    318.006      
# span 13 = 0.0000e+00, 0.0000e+00      
# interval = seconds: 0.0416667
# start_time = Oct 03 2003 13:21:12 [NMEA time, header]
# bad_flag = -9.990e-29
*END*
[from data line 5265]
     15.344     6.2720 194.922412     2.3919 2.2096e+01     0.6584    84.8225 1.1697e+00 1.4670e+03  0.3265383     15.647    13.9946    311.641 0.0000e+00
     15.368     6.2712 195.006106     2.3919 2.1910e+01     0.6584    84.8225 1.1563e+00 1.4670e+03  0.3269541     15.671    13.9939    311.783 0.0000e+00
     15.390     6.2701 194.946326     2.3907 2.1848e+01     0.6584    84.8225 1.1465e+00 1.4670e+03  0.3315275     15.693    13.9852    311.699 0.0000e+00
     15.413     6.2688 194.946327     2.3907 2.1787e+01     0.6584    84.8225 1.1416e+00 1.4650e+03  0.3336063     15.717    13.9860    311.712 0.0000e+00
     15.437     6.2679 194.910460     2.3895 2.1603e+01     0.6584    84.8225 1.1392e+00 1.4650e+03  0.3340220     15.741    13.9784    311.663 0.0000e+00
     15.460     6.2667 194.910462     2.3895 2.1542e+01     0.6584    84.8225 1.1453e+00 1.4650e+03  0.3336063     15.765    13.9791    311.675 0.0000e+00
     15.482     6.2657 194.874593     2.3895 2.1481e+01     0.6572    84.8486 1.1575e+00 1.4650e+03  0.3336063     15.787    13.9790    311.628 0.0000e+00
     15.505     6.2648 194.898507     2.3895 2.1300e+01     0.6572    84.8486 1.1600e+00 1.4650e+03  0.3336063     15.811    13.9796    311.675 0.0000e+00
     15.529     6.2635 194.874596     2.3895 2.1180e+01     0.6584    84.8225 1.1661e+00 1.4650e+03  0.3336063     15.835    13.9809    311.650 0.0000e+00
     15.553     6.2627 194.862642     2.3883 2.1120e+01     0.6584    84.8225 1.1722e+00 1.4650e+03  0.3336063     15.860    13.9726    311.639 0.0000e+00
     15.577     6.2614 194.898510     2.3883 2.0942e+01     0.6572    84.8486 1.1758e+00 1.4650e+03  0.3336063     15.884    13.9739    311.709 0.0000e+00
     15.601     6.2604 194.874600     2.3871 2.0882e+01     0.6560    84.8748 1.1648e+00 1.4650e+03  0.3336063     15.909    13.9681    311.681 0.0000e+00
     15.626     6.2590 194.862645     2.3871 2.0823e+01     0.6547    84.9009 1.1392e+00 1.4650e+03  0.3336063     15.934    13.9695    311.675 0.0000e+00
     15.650     6.2578 194.838735     2.3871 2.0648e+01     0.6572    84.8486 1.1306e+00 1.4650e+03  0.3336063     15.959    13.9713    311.649 0.0000e+00
     15.674     6.2566 194.874604     2.3871 2.0531e+01     0.6560    84.8748 1.1233e+00 1.4630e+03  0.3336063     15.983    13.9712    311.719 0.0000e+00
     15.697     6.2553 194.862648     2.3871 2.0531e+01     0.6560    84.8748 1.1123e+00 1.4630e+03  0.3340220     16.006    13.9718    311.712 0.0000e+00
     15.721     6.2541 194.838739     2.3871 2.0358e+01     0.6560    84.8748 1.1197e+00 1.4630e+03  0.3340220     16.031    13.9730    311.686 0.0000e+00
     15.744     6.2522 194.850695     2.3858 2.0243e+01     0.6572    84.8486 1.1392e+00 1.4630e+03  0.3340220     16.054    13.9641    311.724 0.0000e+00
     15.766     6.2506 194.838742     2.3858 2.0243e+01     0.6547    84.9009 1.1380e+00 1.4630e+03  0.3340220     16.077    13.9652    311.721 0.0000e+00
     15.788     6.2480 194.838743     2.3858 2.0072e+01     0.6572    84.8486 1.1331e+00 1.4630e+03  0.3340220     16.099    13.9673    311.747 0.0000e+00
     15.811     6.2461 194.790921     2.3858 1.9959e+01     0.6560    84.8748 1.1258e+00 1.4630e+03  0.3336063     16.123    13.9684    311.689 0.0000e+00
     15.834     6.2437 194.838747     2.3858 1.9903e+01     0.6560    84.8748 1.1392e+00 1.4630e+03  0.3340220     16.146    13.9690    311.790 0.0000e+00
     15.857     6.2420 194.814836     2.3846 1.9791e+01     0.6560    84.8748 1.1429e+00 1.4630e+03  0.3340220     16.170    13.9611    311.769 0.0000e+00
     15.881     6.2400 194.802883     2.3846 1.9623e+01     0.6560    84.8748 1.1502e+00 1.4630e+03  0.3340220     16.194    13.9627    311.769 0.0000e+00
     15.904     6.2379 194.755060     2.3846 1.9623e+01     0.6560    84.8748 1.1502e+00 1.4630e+03  0.3340220     16.218    13.9636    311.714 0.0000e+00
     15.928     6.2355 194.719196     2.3834 1.9513e+01     0.6547    84.9009 1.1380e+00 1.4630e+03  0.3340220     16.242    13.9576    311.680 0.0000e+00
     15.952     6.2339 194.719197     2.3834 1.9348e+01     0.6560    84.8748 1.1563e+00 1.4611e+03  0.3340220     16.267    13.9594    311.696 0.0000e+00
     15.975     6.2315 194.755066     2.3834 1.9293e+01     0.6560    84.8748 1.1673e+00 1.4611e+03  0.3344378     16.290    13.9610    311.778 0.0000e+00
     15.999     6.2292 194.731157     2.3834 1.9239e+01     0.6547    84.9009 1.1636e+00 1.4611e+03  0.3352693     16.314    13.9618    311.762 0.0000e+00
     16.022     6.2271 194.731158     2.3834 1.9023e+01     0.6547    84.9009 1.1477e+00 1.4611e+03  0.3356851     16.338    13.9619    311.783 0.0000e+00
     16.046     6.2244 194.719204     2.3822 1.8969e+01     0.6523    84.9532 1.1429e+00 1.4611e+03  0.3356851     16.362    13.9552    311.791 0.0000e+00
     16.071     6.2217 194.683340     2.3822 1.8915e+01     0.6498    85.0055 1.1502e+00 1.4611e+03  0.3352693     16.388    13.9566    311.761 0.0000e+00
     16.097     6.2191 194.647475     2.3822 1.8756e+01     0.6486    85.0316 1.1538e+00 1.4611e+03  0.3352693     16.414    13.9597    311.729 0.0000e+00
     16.122     6.2165 194.671388     2.3810 1.8650e+01     0.6486    85.0316 1.1490e+00 1.4611e+03  0.3352693     16.440    13.9533    311.794 0.0000e+00
     16.146     6.2141 194.647479     2.3822 1.8650e+01     0.6498    85.0055 1.1429e+00 1.4611e+03  0.3356851     16.464    13.9638    311.779 0.0000e+00
     16.171     6.2119 194.671392     2.3822 1.8440e+01     0.6498    85.0055 1.1453e+00 1.4611e+03  0.3356851     16.490    13.9646    311.840 0.0000e+00
     16.195     6.2098 194.635527     2.3810 1.8388e+01     0.6498    85.0055 1.1380e+00 1.4611e+03  0.3356851     16.514    13.9559    311.803 0.0000e+00
     16.218     6.2079 194.659440     2.3810 1.8336e+01     0.6498    85.0055 1.1453e+00 1.4611e+03  0.3352693     16.538    13.9577    311.860 0.0000e+00
     16.241     6.2064 194.635530     2.3797 1.8130e+01     0.6498    85.0055 1.1538e+00 1.4611e+03  0.3352693     16.561    13.9489    311.837 0.0000e+00
     16.264     6.2048 194.623575     2.3797 1.8028e+01     0.6498    85.0055 1.1587e+00 1.4611e+03  0.3356851     16.585    13.9503    311.834 0.0000e+00
     16.289     6.2032 194.623577     2.3810 1.7977e+01     0.6498    85.0055 1.1722e+00 1.4611e+03  0.3356851     16.610    13.9605    311.850 0.0000e+00
     16.314     6.2009 194.623579     2.3797 1.7875e+01     0.6498    85.0055 1.1636e+00 1.4611e+03  0.3356851     16.636    13.9525    311.873 0.0000e+00
     16.338     6.1993 194.587714     2.3797 1.7724e+01     0.6498    85.0055 1.1551e+00 1.4591e+03  0.3356851     16.660    13.9529    311.831 0.0000e+00
     16.362     6.1976 194.539893     2.3797 1.7674e+01     0.6498    85.0055 1.1587e+00 1.4591e+03  0.3356851     16.685    13.9539    311.772 0.0000e+00
     16.385     6.1952 194.599672     2.3785 1.7574e+01     0.6498    85.0055 1.1526e+00 1.4591e+03  0.3356851     16.708    13.9469    311.892 0.0000e+00
     16.410     6.1920 194.587720     2.3785 1.7426e+01     0.6486    85.0316 1.1551e+00 1.4591e+03  0.3352693     16.734    13.9495    311.904 0.0000e+00
     16.435     6.1891 194.515989     2.3785 1.7377e+01     0.6498    85.0055 1.1502e+00 1.4591e+03  0.3352693     16.759    13.9525    311.818 0.0000e+00
     16.459     6.1857 194.504036     2.3785 1.7279e+01     0.6498    85.0055 1.1306e+00 1.4571e+03  0.3352693     16.784    13.9537    311.833 0.0000e+00
     16.482     6.1822 194.468172     2.3785 1.7133e+01     0.6498    85.0055 1.1258e+00 1.4571e+03  0.3356851     16.807    13.9543    311.811 0.0000e+00
     16.505     6.1794 194.468174     2.3785 1.7084e+01     0.6498    85.0055 1.1184e+00 1.4571e+03  0.3356851     16.830    13.9551    311.839 0.0000e+00
     16.530     6.1762 194.468177     2.3773 1.6988e+01     0.6400    85.2146 1.1221e+00 1.4571e+03  0.3356851     16.856    13.9466    311.871 0.0000e+00
     16.554     6.1722 194.444270     2.3773 1.6844e+01     0.6351    85.3191 1.1306e+00 1.4571e+03  0.3356851     16.880    13.9477    311.872 0.0000e+00
     16.578     6.1689 194.408405     2.3761 1.6749e+01     0.6326    85.3714 1.1343e+00 1.4571e+03  0.3356851     16.905    13.9403    311.848 0.0000e+00
     16.602     6.1656 194.432319     2.3761 1.6749e+01     0.6326    85.3714 1.1404e+00 1.4571e+03  0.3356851     16.929    13.9422    311.919 0.0000e+00
     16.626     6.1626 194.372545     2.3773 1.6561e+01     0.6351    85.3191 1.1429e+00 1.4571e+03  0.3361008     16.954    13.9533    311.854 0.0000e+00
     16.650     6.1598 194.420368     2.3761 1.6467e+01     0.6351    85.3191 1.1416e+00 1.4571e+03  0.3361008     16.978    13.9447    311.958 0.0000e+00
     16.673     6.1568 194.324728     2.3773 1.6421e+01     0.6339    85.3453 1.1368e+00 1.4571e+03  0.3361008     17.002    13.9544    311.835 0.0000e+00
     16.698     6.1534 194.372552     2.3761 1.6236e+01     0.6351    85.3191 1.1392e+00 1.4571e+03  0.3356851     17.027    13.9471    311.946 0.0000e+00
     16.722     6.1501 194.432332     2.3761 1.6144e+01     0.6351    85.3191 1.1514e+00 1.4571e+03  0.3356851     17.052    13.9478    312.075 0.0000e+00
     16.744     6.1475 194.348645     2.3748 1.6144e+01     0.6339    85.3453 1.1538e+00 1.4571e+03  0.3356851     17.074    13.9404    311.966 0.0000e+00
     16.768     6.1438 194.276918     2.3748 1.6008e+01     0.6351    85.3191 1.1514e+00 1.4571e+03  0.3356851     17.099    13.9422    311.888 0.0000e+00
     16.792     6.1409 194.276919     2.3761 1.5917e+01     0.6339    85.3453 1.1441e+00 1.4571e+03  0.3361008     17.123    13.9526    311.917 0.0000e+00
     16.816     6.1377 194.288877     2.3748 1.5872e+01     0.6339    85.3453 1.1441e+00 1.4571e+03  0.3361008     17.148    13.9445    311.969 0.0000e+00
     16.841     6.1343 194.312791     2.3748 1.5738e+01     0.6351    85.3191 1.1563e+00 1.4571e+03  0.3361008     17.173    13.9451    312.041 0.0000e+00
     16.864     6.1313 194.253017     2.3736 1.5649e+01     0.6351    85.3191 1.1551e+00 1.4571e+03  0.3361008     17.196    13.9372    311.975 0.0000e+00
     16.885     6.1286 194.264974     2.3736 1.5605e+01     0.6339    85.3453 1.1429e+00 1.4552e+03  0.3361008     17.218    13.9399    312.021 0.0000e+00
     16.908     6.1247 194.241066     2.3736 1.5517e+01     0.6351    85.3191 1.1380e+00 1.4552e+03  0.3361008     17.241    13.9410    312.022 0.0000e+00
     16.932     6.1209 194.205205     2.3736 1.5386e+01     0.6326    85.3714 1.1319e+00 1.4552e+03  0.3361008     17.266    13.9426    312.003 0.0000e+00
     16.956     6.1170 194.169342     2.3736 1.5342e+01     0.6339    85.3453 1.1245e+00 1.4552e+03  0.3361008     17.290    13.9447    311.984 0.0000e+00
     16.980     6.1131 194.133480     2.3736 1.5256e+01     0.6351    85.3191 1.1343e+00 1.4552e+03  0.3361008     17.315    13.9449    311.966 0.0000e+00
     17.004     6.1092 194.181303     2.3736 1.5127e+01     0.6326    85.3714 1.1282e+00 1.4552e+03  0.3361008     17.339    13.9455    312.082 0.0000e+00
     17.028     6.1046 194.133487     2.3724 1.5127e+01     0.6302    85.4237 1.1331e+00 1.4552e+03  0.3361008     17.364    13.9381    312.051 0.0000e+00
     17.051     6.1000 194.133490     2.3712 1.5041e+01     0.6302    85.4237 1.1392e+00 1.4552e+03  0.3361008     17.387    13.9312    312.097 0.0000e+00
     17.075     6.0958 194.109581     2.3712 1.4914e+01     0.6302    85.4237 1.1355e+00 1.4552e+03  0.3361008     17.412    13.9335    312.101 0.0000e+00
     17.100     6.0912 194.061768     2.3712 1.4872e+01     0.6314    85.3975 1.1392e+00 1.4552e+03  0.3361008     17.437    13.9353    312.070 0.0000e+00
     17.124     6.0866 194.049815     2.3712 1.4830e+01     0.6302    85.4237 1.1343e+00 1.4552e+03  0.3361008     17.462    13.9364    312.097 0.0000e+00
     17.147     6.0826 194.073728     2.3712 1.4663e+01     0.6302    85.4237 1.1136e+00 1.4552e+03  0.3361008     17.485    13.9365    312.176 0.0000e+00
     17.169     6.0784 193.990047     2.3712 1.4621e+01     0.6302    85.4237 1.1050e+00 1.4552e+03  0.3361008     17.508    13.9360    312.083 0.0000e+00
     17.192     6.0740 193.978095     2.3712 1.4621e+01     0.6302    85.4237 1.1123e+00 1.4532e+03  0.3361008     17.531    13.9373    312.108 0.0000e+00
     17.216     6.0697 193.942235     2.3700 1.4457e+01     0.6314    85.3975 1.1258e+00 1.4532e+03  0.3361008     17.555    13.9303    312.094 0.0000e+00
     17.241     6.0650 193.930283     2.3700 1.4416e+01     0.6314    85.3975 1.1319e+00 1.4532e+03  0.3361008     17.581    13.9315    312.122 0.0000e+00
     17.264     6.0610 193.930286     2.3700 1.4416e+01     0.6314    85.3975 1.1270e+00 1.4532e+03  0.3365166     17.604    13.9330    312.162 0.0000e+00
     17.288     6.0571 193.954198     2.3700 1.4294e+01     0.6302    85.4237 1.1233e+00 1.4532e+03  0.3365166     17.629    13.9337    312.240 0.0000e+00
     17.310     6.0531 193.858565     2.3700 1.4213e+01     0.6314    85.3975 1.1331e+00 1.4532e+03  0.3369324     17.651    13.9351    312.126 0.0000e+00
     17.333     6.0489 193.834657     2.3687 1.4213e+01     0.6302    85.4237 1.1331e+00 1.4532e+03  0.3365166     17.675    13.9261    312.130 0.0000e+00
     17.357     6.0453 193.882480     2.3687 1.4093e+01     0.6302    85.4237 1.1355e+00 1.4532e+03  0.3365166     17.699    13.9271    312.243 0.0000e+00
     17.381     6.0414 193.870527     2.3687 1.4013e+01     0.6302    85.4237 1.1355e+00 1.4532e+03  0.3365166     17.724    13.9288    312.263 0.0000e+00
     17.405     6.0376 193.846621     2.3687 1.4013e+01     0.6314    85.3975 1.1209e+00 1.4532e+03  0.3365166     17.748    13.9297    312.263 0.0000e+00
     17.429     6.0334 193.810761     2.3687 1.3894e+01     0.6314    85.3975 1.1172e+00 1.4532e+03  0.3369324     17.773    13.9301    312.247 0.0000e+00
     17.453     6.0297 193.810763     2.3687 1.3777e+01     0.6302    85.4237 1.1282e+00 1.4532e+03  0.3365166     17.797    13.9297    312.284 0.0000e+00
     17.476     6.0256 193.762949     2.3675 1.3777e+01     0.6277    85.4760 1.1392e+00 1.4512e+03  0.3365166     17.821    13.9211    312.248 0.0000e+00
     17.497     6.0224 193.750997     2.3675 1.3699e+01     0.6216    85.6067 1.1551e+00 1.4512e+03  0.3365166     17.842    13.9216    312.261 0.0000e+00
     17.518     6.0185 193.727090     2.3675 1.3583e+01     0.6204    85.6328 1.1661e+00 1.4512e+03  0.3369324     17.863    13.9230    312.262 0.0000e+00
     17.540     6.0141 193.727093     2.3663 1.3583e+01     0.6216    85.6067 1.1648e+00 1.4512e+03  0.3369324     17.886    13.9150    312.306 0.0000e+00
     17.565     6.0098 193.691234     2.3663 1.3545e+01     0.6216    85.6067 1.1563e+00 1.4512e+03  0.3369324     17.911    13.9165    312.292 0.0000e+00
     17.588     6.0046 193.643421     2.3663 1.3392e+01     0.6216    85.6067 1.1502e+00 1.4512e+03  0.3369324     17.935    13.9190    312.267 0.0000e+00
     17.612     6.0005 193.619514     2.3663 1.3392e+01     0.6204    85.6328 1.1453e+00 1.4512e+03  0.3369324     17.959    13.9191    312.270 0.0000e+00
     17.636     5.9958 193.595611     2.3663 1.3316e+01     0.6204    85.6328 1.1233e+00 1.4512e+03  0.3369324     17.984    13.9188    312.279 0.0000e+00
     17.658     5.9922 193.571704     2.3651 1.3203e+01     0.6204    85.6328 1.1074e+00 1.4512e+03  0.3365166     18.006    13.9110    312.277 0.0000e+00
     17.681     5.9889 193.571707     2.3651 1.3166e+01     0.6204    85.6328 1.0965e+00 1.4512e+03  0.3369324     18.030    13.9113    312.310 0.0000e+00
     17.703     5.9846 193.523893     2.3639 1.3129e+01     0.6204    85.6328 1.0989e+00 1.4512e+03  0.3365166     18.052    13.9023    312.276 0.0000e+00
     17.726     5.9796 193.523897     2.3639 1.3018e+01     0.6216    85.6067 1.1123e+00 1.4512e+03  0.3365166     18.075    13.9031    312.326 0.0000e+00
