data/05_metadata_exports/SeabirdData/202305_SeabirdData/83450_stn18.cnv
* Sea-Bird SBE 9 Data File:
* FileName = C:\Users\rosette\Rosette Data\2023\Ontario CSMI\stn18.hex
* Software Version Seasave V 7.26.6.26
* Temperature SN = 5270
* Conductivity SN = 1168
* Number of Bytes Per Scan = 40
* Number of Voltage Words = 5
* Number of Scans Averaged by the Deck Unit = 1
* NMEA Latitude = 43 18.22 N
* NMEA Longitude = 079 16.68 W
* NMEA UTC (Time) = Oct 03 2003  12:29:41
* NMEA baud rate = 4800
** Ship: Lake Guardian
** Ontario CSMI LWFS
** Station:  stn18
# nquan = 14                                
# nvalues = 15824                       
# units = specified
# name 0 = prDM: Pressure, Digiquartz [db]
# name 1 = t090C: Temperature [ITS-90, deg C]
# name 2 = c0uS/cm: Conductivity [uS/cm]
# name 3 = sbeox0V: Oxygen raw, SBE 43 [V]
# name 4 = par: PAR/Irradiance, Biospherical/Licor
# name 5 = bat: Beam Attenuation, Chelsea/Seatech [1/m]
# name 6 = xmiss: Beam Transmission, Chelsea/Seatech [%]
# name 7 = flSP: Fluorescence, Seapoint
# name 8 = spar: SPAR, Biospherical/Licor
# name 9 = upoly0: Upoly 0, Suna Nitrate
# name 10 = depFM: Depth [fresh water, m], lat = 43.3037
# name 11 = sbeox0Mg/L: Oxygen, SBE 43 [mg/l], WS = 2
# name 12 = specc: Specific Conductance [uS/cm]
# name 13 = flag: flag
# span 0 =     -0.338,     82.409       
# span 1 =     4.1003,    11.8883       
# span 2 =  17.815913, 229.132463       
# span 3 =     1.8608,     2.3590       
# span 4 = 1.0000e-12, 1.9619e+03       
# span 5 =     0.1282,     1.9834       
# span 6 =    60.9049,    96.8466       
# span 7 = 0.0000e+00, 2.0989e+00       
# span 8 = 1.0712e+03, 1.1303e+03       
# span 9 =  0.0750019,  0.3955549       
# span 10 =     -0.345,     84.034      
# span 11 =     8.9529,    13.5160      
# span 12 =     24.153,    318.549      
# span 13 = 0.0000e+00, 0.0000e+00      
# interval = seconds: 0.0416667
# start_time = Oct 03 2003 12:29:41 [NMEA time, header]
# bad_flag = -9.990e-29
*END*
[from data line 11252]
     69.417     4.1431 184.696334     2.0733 1.0000e-12     0.1574    96.1409 4.3956e-02 1.1027e+03  0.3706091     70.786    12.6035    316.868 0.0000e+00
     69.393     4.1426 184.660508     2.0745 1.0000e-12     0.1574    96.1409 4.5177e-02 1.1027e+03  0.3706091     70.761    12.6125    316.811 0.0000e+00
     69.368     4.1424 184.732161     2.0733 1.0000e-12     0.1574    96.1409 4.8840e-02 1.1027e+03  0.3706091     70.736    12.6026    316.937 0.0000e+00
     69.343     4.1421 184.720217     2.0733 1.0000e-12     0.1574    96.1409 5.1282e-02 1.1027e+03  0.3706091     70.710    12.6021    316.919 0.0000e+00
     69.317     4.1420 184.720218     2.0733 1.0000e-12     0.1574    96.1409 5.0061e-02 1.1027e+03  0.3710249     70.684    12.6016    316.920 0.0000e+00
     69.292     4.1418 184.744101     2.0733 1.0000e-12     0.1574    96.1409 4.7619e-02 1.1027e+03  0.3706091     70.658    12.6011    316.964 0.0000e+00
     69.266     4.1413 184.708275     2.0733 1.0000e-12     0.1574    96.1409 4.8840e-02 1.1027e+03  0.3706091     70.632    12.6007    316.908 0.0000e+00
     69.239     4.1409 184.672449     2.0733 1.0000e-12     0.1574    96.1409 5.0061e-02 1.1027e+03  0.3706091     70.604    12.5987    316.850 0.0000e+00
     69.213     4.1407 184.660505     2.0733 1.0000e-12     0.1563    96.1670 4.8840e-02 1.1027e+03  0.3706091     70.578    12.5983    316.832 0.0000e+00
     69.186     4.1400 184.744101     2.0733 1.0000e-12     0.1574    96.1409 4.8840e-02 1.1027e+03  0.3706091     70.550    12.6010    316.983 0.0000e+00
     69.160     4.1399 184.708274     2.0745 1.0000e-12     0.1563    96.1670 5.6166e-02 1.1027e+03  0.3706091     70.524    12.6099    316.923 0.0000e+00
     69.133     4.1399 184.696331     2.0733 1.0000e-12     0.1574    96.1409 5.9829e-02 1.1027e+03  0.3710249     70.496    12.6000    316.902 0.0000e+00
     69.108     4.1395 184.648563     2.0733 1.0000e-12     0.1563    96.1670 5.6166e-02 1.1027e+03  0.3710249     70.471    12.6011    316.825 0.0000e+00
     69.084     4.1395 184.720215     2.0733 1.0000e-12     0.1574    96.1409 5.2503e-02 1.1027e+03  0.3706091     70.446    12.6022    316.948 0.0000e+00
     69.059     4.1394 184.684388     2.0733 1.0000e-12     0.1574    96.1409 4.8840e-02 1.1027e+03  0.3706091     70.421    12.6019    316.887 0.0000e+00
     69.033     4.1391 184.744098     2.0733 1.0000e-12     0.1574    96.1409 5.1282e-02 1.1027e+03  0.3706091     70.394    12.6016    316.993 0.0000e+00
     69.007     4.1389 184.708273     2.0733 1.0000e-12     0.1563    96.1670 5.4945e-02 1.1027e+03  0.3706091     70.368    12.6013    316.934 0.0000e+00
     68.980     4.1389 184.648560     2.0745 1.0000e-12     0.1574    96.1409 5.2503e-02 1.1027e+03  0.3706091     70.340    12.6133    316.831 0.0000e+00
     68.955     4.1388 184.648561     2.0745 1.0000e-12     0.1574    96.1409 4.8840e-02 1.1027e+03  0.3710249     70.315    12.6144    316.832 0.0000e+00
     68.930     4.1389 184.660503     2.0745 1.0000e-12     0.1574    96.1409 4.7619e-02 1.1027e+03  0.3764298     70.289    12.6170    316.852 0.0000e+00
     68.904     4.1385 184.696328     2.0733 1.0000e-12     0.1574    96.1409 4.7619e-02 1.1027e+03  0.3859924     70.263    12.6074    316.918 0.0000e+00
     68.878     4.1388 184.744096     2.0733 1.0000e-12     0.1563    96.1670 5.1282e-02 1.1027e+03  0.3918130     70.236    12.6069    316.996 0.0000e+00
     68.852     4.1384 184.708270     2.0733 1.0000e-12     0.1563    96.1670 5.7387e-02 1.1027e+03  0.3930603     70.209    12.6082    316.939 0.0000e+00
     68.825     4.1386 184.660501     2.0733 1.0000e-12     0.1563    96.1670 5.3724e-02 1.1027e+03  0.3926446     70.182    12.6061    316.855 0.0000e+00
     68.799     4.1386 184.612732     2.0733 1.0000e-12     0.1574    96.1409 4.8840e-02 1.1027e+03  0.3922288     70.155    12.6040    316.773 0.0000e+00
     68.774     4.1387 184.636617     2.0733 1.0000e-12     0.1574    96.1409 4.5177e-02 1.1027e+03  0.3922288     70.130    12.6035    316.813 0.0000e+00
     68.748     4.1383 184.684384     2.0733 1.0000e-12     0.1574    96.1409 4.5177e-02 1.1027e+03  0.3926446     70.103    12.6060    316.899 0.0000e+00
     68.721     4.1381 184.696325     2.0733 1.0000e-12     0.1574    96.1409 4.6398e-02 1.1027e+03  0.3926446     70.076    12.6070    316.922 0.0000e+00
     68.694     4.1383 184.660499     2.0733 1.0000e-12     0.1574    96.1409 4.6398e-02 1.1027e+03  0.3926446     70.048    12.6064    316.858 0.0000e+00
     68.669     4.1381 184.684382     2.0733 1.0000e-12     0.1574    96.1409 4.5177e-02 1.1027e+03  0.3926446     70.023    12.6059    316.901 0.0000e+00
     68.644     4.1382 184.660498     2.0733 1.0000e-12     0.1574    96.1409 4.3956e-02 1.1027e+03  0.3926446     69.997    12.6053    316.859 0.0000e+00
     68.619     4.1383 184.660498     2.0720 1.0000e-12     0.1574    96.1409 4.2735e-02 1.1027e+03  0.3926446     69.972    12.5944    316.858 0.0000e+00
     68.594     4.1380 184.612729     2.0733 1.0000e-12     0.1574    96.1409 4.2735e-02 1.1027e+03  0.3926446     69.946    12.6056    316.780 0.0000e+00
     68.568     4.1383 184.636613     2.0745 1.0000e-12     0.1574    96.1409 4.3956e-02 1.1027e+03  0.3922288     69.920    12.6143    316.817 0.0000e+00
     68.542     4.1381 184.636612     2.0733 1.0000e-12     0.1574    96.1409 5.0061e-02 1.1027e+03  0.3922288     69.893    12.6072    316.819 0.0000e+00
     68.516     4.1385 184.672437     2.0733 1.0000e-12     0.1574    96.1409 5.6166e-02 1.1027e+03  0.3918130     69.867    12.6093    316.877 0.0000e+00
     68.491     4.1386 184.696320     2.0733 1.0000e-12     0.1574    96.1409 6.1050e-02 1.1027e+03  0.3922288     69.841    12.6099    316.916 0.0000e+00
     68.465     4.1388 184.600785     2.0733 1.0000e-12     0.1542    96.2193 5.8608e-02 1.1027e+03  0.3922288     69.815    12.6105    316.750 0.0000e+00
     68.440     4.1388 184.660493     2.0733 1.0000e-12     0.1498    96.3238 5.3724e-02 1.1007e+03  0.3922288     69.789    12.6110    316.853 0.0000e+00
     68.415     4.1391 184.696320     2.0733 1.0000e-12     0.1509    96.2977 5.1282e-02 1.1007e+03  0.3922288     69.764    12.6100    316.911 0.0000e+00
     68.389     4.1393 184.660492     2.0733 1.0000e-12     0.1498    96.3238 5.0061e-02 1.1007e+03  0.3922288     69.737    12.6104    316.847 0.0000e+00
     68.363     4.1395 184.660492     2.0745 1.0000e-12     0.1498    96.3238 4.8840e-02 1.1007e+03  0.3922288     69.711    12.6188    316.845 0.0000e+00
     68.337     4.1399 184.708260     2.0733 1.0000e-12     0.1509    96.2977 4.8840e-02 1.1007e+03  0.3922288     69.684    12.6126    316.923 0.0000e+00
     68.312     4.1402 184.672432     2.0745 1.0000e-12     0.1498    96.3238 4.7619e-02 1.1027e+03  0.3922288     69.659    12.6238    316.858 0.0000e+00
     68.286     4.1405 184.732142     2.0733 1.0000e-12     0.1509    96.2977 5.1282e-02 1.1007e+03  0.3922288     69.632    12.6161    316.957 0.0000e+00
     68.259     4.1404 184.708257     2.0733 1.0000e-12     0.1498    96.3238 6.1050e-02 1.1007e+03  0.3918130     69.605    12.6165    316.917 0.0000e+00
     68.234     4.1407 184.696315     2.0745 1.0000e-12     0.1498    96.3238 6.3492e-02 1.1007e+03  0.3918130     69.579    12.6262    316.894 0.0000e+00
     68.209     4.1410 184.696314     2.0733 1.0000e-12     0.1509    96.2977 5.7387e-02 1.1007e+03  0.3922288     69.554    12.6169    316.890 0.0000e+00
     68.184     4.1413 184.660489     2.0733 1.0000e-12     0.1487    96.3500 5.1282e-02 1.1007e+03  0.3922288     69.528    12.6156    316.826 0.0000e+00
     68.158     4.1416 184.744081     2.0733 1.0000e-12     0.1487    96.3500 4.8840e-02 1.1007e+03  0.3922288     69.502    12.6142    316.966 0.0000e+00
     68.132     4.1420 184.732138     2.0745 1.0000e-12     0.1498    96.3238 4.7619e-02 1.1007e+03  0.3922288     69.475    12.6237    316.941 0.0000e+00
     68.107     4.1423 184.684370     2.0745 1.0000e-12     0.1498    96.3238 4.7619e-02 1.1007e+03  0.3922288     69.450    12.6237    316.856 0.0000e+00
     68.082     4.1427 184.660485     2.0733 1.0000e-12     0.1498    96.3238 4.7619e-02 1.1007e+03  0.3926446     69.424    12.6142    316.810 0.0000e+00
     68.056     4.1427 184.696311     2.0733 1.0000e-12     0.1498    96.3238 4.6398e-02 1.1007e+03  0.3926446     69.398    12.6143    316.872 0.0000e+00
     68.031     4.1426 184.720194     2.0733 1.0000e-12     0.1498    96.3238 5.0061e-02 1.1007e+03  0.3926446     69.372    12.6143    316.914 0.0000e+00
     68.005     4.1431 184.696310     2.0733 1.0000e-12     0.1498    96.3238 5.9829e-02 1.1007e+03  0.3922288     69.346    12.6140    316.867 0.0000e+00
     67.978     4.1430 184.732134     2.0745 1.0000e-12     0.1509    96.2977 5.9829e-02 1.1007e+03  0.3926446     69.318    12.6202    316.930 0.0000e+00
     67.954     4.1432 184.660483     2.0733 1.0000e-12     0.1498    96.3238 5.4945e-02 1.1007e+03  0.3922288     69.294    12.6105    316.805 0.0000e+00
     67.930     4.1432 184.636599     2.0757 1.0000e-12     0.1520    96.2716 5.0061e-02 1.1007e+03  0.3922288     69.269    12.6306    316.764 0.0000e+00
     67.906     4.1434 184.720192     2.0745 1.0000e-12     0.1531    96.2454 4.8840e-02 1.1007e+03  0.3926446     69.245    12.6208    316.905 0.0000e+00
     67.881     4.1433 184.684365     2.0745 1.0000e-12     0.1531    96.2454 4.7619e-02 1.1007e+03  0.3926446     69.219    12.6205    316.845 0.0000e+00
     67.856     4.1432 184.708249     2.0745 1.0000e-12     0.1520    96.2716 4.6398e-02 1.1007e+03  0.3926446     69.194    12.6201    316.887 0.0000e+00
     67.831     4.1434 184.660480     2.0745 1.0000e-12     0.1520    96.2716 4.5177e-02 1.1007e+03  0.3926446     69.168    12.6196    316.803 0.0000e+00
     67.805     4.1435 184.636596     2.0733 1.0000e-12     0.1520    96.2716 4.5177e-02 1.1007e+03  0.3922288     69.142    12.6096    316.761 0.0000e+00
     67.779     4.1432 184.648536     2.0745 1.0000e-12     0.1531    96.2454 4.3956e-02 1.1007e+03  0.3926446     69.115    12.6186    316.784 0.0000e+00
     67.754     4.1434 184.696305     2.0733 1.0000e-12     0.1520    96.2716 4.3956e-02 1.1007e+03  0.3926446     69.090    12.6084    316.864 0.0000e+00
     67.729     4.1435 184.720188     2.0757 1.0000e-12     0.1520    96.2716 4.3956e-02 1.1007e+03  0.3926446     69.064    12.6280    316.904 0.0000e+00
     67.704     4.1437 184.696304     2.0745 1.0000e-12     0.1531    96.2454 4.3956e-02 1.1007e+03  0.3926446     69.039    12.6178    316.861 0.0000e+00
     67.678     4.1439 184.708245     2.0745 1.0000e-12     0.1520    96.2716 4.5177e-02 1.1007e+03  0.3926446     69.012    12.6185    316.879 0.0000e+00
     67.651     4.1443 184.720187     2.0745 1.0000e-12     0.1520    96.2716 4.6398e-02 1.1007e+03  0.3926446     68.985    12.6176    316.895 0.0000e+00
     67.625     4.1445 184.648534     2.0745 1.0000e-12     0.1531    96.2454 4.6398e-02 1.1007e+03  0.3926446     68.958    12.6181    316.770 0.0000e+00
     67.600     4.1445 184.672418     2.0745 1.0000e-12     0.1531    96.2454 4.5177e-02 1.1007e+03  0.3926446     68.933    12.6201    316.811 0.0000e+00
     67.575     4.1446 184.696301     2.0733 1.0000e-12     0.1520    96.2716 4.3956e-02 1.1007e+03  0.3926446     68.907    12.6096    316.851 0.0000e+00
     67.550     4.1445 184.732127     2.0733 1.0000e-12     0.1531    96.2454 4.3956e-02 1.1007e+03  0.3926446     68.882    12.6086    316.914 0.0000e+00
     67.526     4.1446 184.720185     2.0745 1.0000e-12     0.1520    96.2716 4.7619e-02 1.1007e+03  0.3926446     68.857    12.6169    316.892 0.0000e+00
     67.500     4.1448 184.744068     2.0745 1.0000e-12     0.1531    96.2454 5.0061e-02 1.1007e+03  0.3926446     68.831    12.6186    316.931 0.0000e+00
     67.475     4.1445 184.684358     2.0745 1.0000e-12     0.1520    96.2716 5.0061e-02 1.1007e+03  0.3926446     68.805    12.6190    316.832 0.0000e+00
     67.449     4.1445 184.636589     2.0745 1.0000e-12     0.1531    96.2454 4.7619e-02 1.1007e+03  0.3926446     68.779    12.6177    316.750 0.0000e+00
     67.423     4.1443 184.672415     2.0745 1.0000e-12     0.1531    96.2454 4.6398e-02 1.1007e+03  0.3926446     68.752    12.6165    316.813 0.0000e+00
     67.397     4.1445 184.696298     2.0745 1.0000e-12     0.1531    96.2454 4.6398e-02 1.1007e+03  0.3926446     68.726    12.6150    316.852 0.0000e+00
     67.371     4.1448 184.696297     2.0733 1.0000e-12     0.1520    96.2716 4.6398e-02 1.1007e+03  0.3930603     68.699    12.6041    316.849 0.0000e+00
     67.347     4.1443 184.648529     2.0745 1.0000e-12     0.1520    96.2716 4.6398e-02 1.1007e+03  0.3926446     68.675    12.6137    316.772 0.0000e+00
     67.323     4.1445 184.720181     2.0745 1.0000e-12     0.1542    96.2193 4.3956e-02 1.1007e+03  0.3926446     68.650    12.6121    316.893 0.0000e+00
     67.299     4.1448 184.660470     2.0745 1.0000e-12     0.1531    96.2454 4.3956e-02 1.1007e+03  0.3926446     68.626    12.6149    316.788 0.0000e+00
     67.274     4.1453 184.720179     2.0745 1.0000e-12     0.1531    96.2454 4.5177e-02 1.1007e+03  0.3926446     68.600    12.6162    316.884 0.0000e+00
     67.250     4.1459 184.756005     2.0745 1.0000e-12     0.1531    96.2454 4.6398e-02 1.1007e+03  0.3926446     68.576    12.6173    316.939 0.0000e+00
     67.225     4.1459 184.708237     2.0745 1.0000e-12     0.1531    96.2454 5.1282e-02 1.1007e+03  0.3930603     68.550    12.6186    316.857 0.0000e+00
     67.198     4.1460 184.660467     2.0745 1.0000e-12     0.1531    96.2454 5.2503e-02 1.1007e+03  0.3926446     68.523    12.6183    316.774 0.0000e+00
     67.172     4.1461 184.684352     2.0745 1.0000e-12     0.1531    96.2454 5.0061e-02 1.1007e+03  0.3926446     68.496    12.6165    316.814 0.0000e+00
     67.146     4.1461 184.708234     2.0745 1.0000e-12     0.1531    96.2454 4.7619e-02 1.1007e+03  0.3926446     68.470    12.6163    316.855 0.0000e+00
     67.120     4.1459 184.720176     2.0745 1.0000e-12     0.1542    96.2193 5.8608e-02 1.1007e+03  0.3930603     68.443    12.6145    316.878 0.0000e+00
     67.095     4.1456 184.720176     2.0745 1.0000e-12     0.1531    96.2454 6.5934e-02 1.1007e+03  0.3930603     68.418    12.6173    316.881 0.0000e+00
     67.070     4.1455 184.696292     2.0745 1.0000e-12     0.1542    96.2193 6.1050e-02 1.1007e+03  0.3930603     68.392    12.6184    316.841 0.0000e+00
     67.044     4.1454 184.696291     2.0745 1.0000e-12     0.1542    96.2193 5.4945e-02 1.1007e+03  0.3930603     68.366    12.6195    316.842 0.0000e+00
     67.017     4.1454 184.660465     2.0757 1.0000e-12     0.1542    96.2193 5.0061e-02 1.1007e+03  0.3930603     68.338    12.6299    316.781 0.0000e+00
     66.992     4.1454 184.684348     2.0757 1.0000e-12     0.1542    96.2193 4.7619e-02 1.1007e+03  0.3930603     68.313    12.6308    316.822 0.0000e+00
     66.966     4.1457 184.720174     2.0745 1.0000e-12     0.1531    96.2454 4.6398e-02 1.1007e+03  0.3930603     68.286    12.6221    316.880 0.0000e+00
     66.941     4.1456 184.696289     2.0745 1.0000e-12     0.1531    96.2454 4.8840e-02 1.1007e+03  0.3930603     68.261    12.6215    316.840 0.0000e+00
     66.916     4.1460 184.732115     2.0745 1.0000e-12     0.1531    96.2454 5.0061e-02 1.1007e+03  0.3930603     68.235    12.6190    316.897 0.0000e+00
     66.890     4.1466 184.755998     2.0757 1.0000e-12     0.1520    96.2716 4.7619e-02 1.1007e+03  0.3930603     68.209    12.6274    316.932 0.0000e+00
     66.864     4.1467 184.720171     2.0745 1.0000e-12     0.1520    96.2716 4.6398e-02 1.1007e+03  0.3926446     68.182    12.6186    316.869 0.0000e+00
     66.838     4.1464 184.696286     2.0745 1.0000e-12     0.1520    96.2716 4.7619e-02 1.1007e+03  0.3930603     68.156    12.6178    316.832 0.0000e+00
