data/05_metadata_exports/SeabirdData/202305_SeabirdData/83450_stn18.cnv
* Sea-Bird SBE 9 Data File:
* FileName = C:\Users\rosette\Rosette Data\2023\Ontario CSMI\stn18.hex
* Software Version Seasave V 7.26.6.26
* Temperature SN = 5270
* Conductivity SN = 1168
* Number of Bytes Per Scan = 40
* Number of Voltage Words = 5
* Number of Scans Averaged by the Deck Unit = 1
* NMEA Latitude = 43 18.22 N
* NMEA Longitude = 079 16.68 W
* NMEA UTC (Time) = Oct 03 2003  12:29:41
* NMEA baud rate = 4800
** Ship: Lake Guardian
** Ontario CSMI LWFS
** Station:  stn18
# nquan = 14                                
# nvalues = 15824                       
# units = specified
# name 0 = prDM: Pressure, Digiquartz [db]
# name 1 = t090C: Temperature [ITS-90, deg C]
# name 2 = c0uS/cm: Conductivity [uS/cm]
# name 3 = sbeox0V: Oxygen raw, SBE 43 [V]
# name 4 = par: PAR/Irradiance, Biospherical/Licor
# name 5 = bat: Beam Attenuation, Chelsea/Seatech [1/m]
# name 6 = xmiss: Beam Transmission, Chelsea/Seatech [%]
# name 7 = flSP: Fluorescence, Seapoint
# name 8 = spar: SPAR, Biospherical/Licor
# name 9 = upoly0: Upoly 0, Suna Nitrate
# name 10 = depFM: Depth [fresh water, m], lat = 43.3037
# name 11 = sbeox0Mg/L: Oxygen, SBE 43 [mg/l], WS = 2
# name 12 = specc: Specific Conductance [uS/cm]
# name 13 = flag: flag
# span 0 =     -0.338,     82.409       
# span 1 =     4.1003,    11.8883       
# span 2 =  17.815913, 229.132463       
# span 3 =     1.8608,     2.3590       
# span 4 = 1.0000e-12, 1.9619e+03       
# span 5 =     0.1282,     1.9834       
# span 6 =    60.9049,    96.8466       
# span 7 = 0.0000e+00, 2.0989e+00       
# span 8 = 1.0712e+03, 1.1303e+03       
# span 9 =  0.0750019,  0.3955549       
# span 10 =     -0.345,     84.034      
# span 11 =     8.9529,    13.5160      
# span 12 =     24.153,    318.549      
# span 13 = 0.0000e+00, 0.0000e+00      
# interval = seconds: 0.0416667
# start_time = Oct 03 2003 12:29:41 [NMEA time, header]
# bad_flag = -9.990e-29
*END*
     -0.310    11.6173 119.901479     2.1624 1.8236e+03     0.7735    82.4176 9.7680e-03 1.1007e+03  0.0957901     -0.316    10.7922    163.710 -9.990e-29
     -0.314    11.6177 119.759259     2.1612 1.8288e+03     0.7735    82.4176 9.7680e-03 1.1007e+03  0.0957901     -0.320    10.7844    163.514 -9.990e-29
     -0.315    11.6175 119.640746     2.1624 1.8236e+03     0.7748    82.3915 9.7680e-03 1.1007e+03  0.0962058     -0.321    10.7921    163.353 -9.990e-29
     -0.316    11.6177 119.711854     2.1624 1.8288e+03     0.7735    82.4176 9.7680e-03 1.1007e+03  0.0957901     -0.322    10.7921    163.449 -9.990e-29
     -0.317    11.6175 119.652598     2.1612 1.8288e+03     0.7748    82.3915 9.7680e-03 1.1007e+03  0.0957901     -0.323    10.7845    163.369 -9.990e-29
     -0.318    11.6177 119.664448     2.1624 1.8339e+03     0.7735    82.4176 9.7680e-03 1.1007e+03  0.0957901     -0.324    10.7921    163.385 -9.990e-29
     -0.319    11.6175 119.818518     2.1636 1.8339e+03     0.7735    82.4176 9.7680e-03 1.1007e+03  0.0957901     -0.325    10.7998    163.596 -9.990e-29
     -0.321    11.6177 119.865923     2.1624 1.8339e+03     0.7735    82.4176 9.7680e-03 1.1027e+03  0.0957901     -0.327    10.7920    163.660 -9.990e-29
     -0.322    11.6175 119.948885     2.1624 1.8391e+03     0.7748    82.3915 9.7680e-03 1.1027e+03  0.0957901     -0.328    10.7921    163.774 -9.990e-29
     -0.322    11.6177 119.818517     2.1612 1.8339e+03     0.7735    82.4176 9.7680e-03 1.1027e+03  0.0957901     -0.328    10.7844    163.595 -9.990e-29
     -0.322    11.6178 119.617044     2.1612 1.8391e+03     0.7748    82.3915 9.7680e-03 1.1027e+03  0.0957901     -0.328    10.7844    163.319 -9.990e-29
     -0.323    11.6177 119.522234     2.1612 1.8391e+03     0.7735    82.4176 9.7680e-03 1.1027e+03  0.0962058     -0.329    10.7844    163.190 -9.990e-29
     -0.323    11.6178 119.640746     2.1612 1.8391e+03     0.7748    82.3915 1.0989e-02 1.1027e+03  0.0962058     -0.329    10.7844    163.352 -9.990e-29
     -0.324    11.6180 119.747408     2.1612 1.8391e+03     0.7748    82.3915 9.7680e-03 1.1027e+03  0.0962058     -0.330    10.7843    163.496 -9.990e-29
     -0.324    11.6177 119.771111     2.1612 1.8391e+03     0.7735    82.4176 9.7680e-03 1.1027e+03  0.0962058     -0.330    10.7844    163.530 -9.990e-29
     -0.324    11.6180 119.806665     2.1624 1.8339e+03     0.7748    82.3915 9.7680e-03 1.1027e+03  0.0957901     -0.330    10.7920    163.577 -9.990e-29
     -0.324    11.6180 119.759260     2.1612 1.8339e+03     0.7735    82.4176 9.7680e-03 1.1027e+03  0.0957901     -0.330    10.7843    163.513 -9.990e-29
     -0.325    11.6178 119.652597     2.1624 1.8339e+03     0.7760    82.3654 9.7680e-03 1.1027e+03  0.0957901     -0.331    10.7920    163.368 -9.990e-29
     -0.325    11.6178 119.545937     2.1624 1.8339e+03     0.7748    82.3915 9.7680e-03 1.1027e+03  0.0957901     -0.331    10.7920    163.222 -9.990e-29
     -0.326    11.6182 119.522234     2.1624 1.8339e+03     0.7735    82.4176 9.7680e-03 1.1027e+03  0.0957901     -0.332    10.7919    163.188 -9.990e-29
     -0.326    11.6178 119.617043     2.1612 1.8339e+03     0.7748    82.3915 9.7680e-03 1.1027e+03  0.0962058     -0.332    10.7844    163.319 -9.990e-29
     -0.325    11.6180 119.723706     2.1612 1.8339e+03     0.7748    82.3915 9.7680e-03 1.1027e+03  0.0957901     -0.331    10.7843    163.464 -9.990e-29
     -0.324    11.6182 119.711853     2.1612 1.8339e+03     0.7748    82.3915 9.7680e-03 1.1027e+03  0.0957901     -0.330    10.7843    163.447 -9.990e-29
     -0.323    11.6180 119.688152     2.1612 1.8288e+03     0.7735    82.4176 9.7680e-03 1.1027e+03  0.0957901     -0.329    10.7843    163.416 -9.990e-29
     -0.324    11.6182 119.617044     2.1624 1.8339e+03     0.7735    82.4176 9.7680e-03 1.1027e+03  0.0957901     -0.330    10.7917    163.318 -9.990e-29
     -0.325    11.6182 119.545936     2.1612 1.8288e+03     0.7748    82.3915 9.7680e-03 1.1027e+03  0.0957901     -0.331    10.7847    163.221 -9.990e-29
     -0.326    11.6182 119.534085     2.1624 1.8288e+03     0.7748    82.3915 9.7680e-03 1.1027e+03  0.0962058     -0.332    10.7914    163.204 -9.990e-29
     -0.325    11.6182 119.640746     2.1624 1.8288e+03     0.7748    82.3915 9.7680e-03 1.1027e+03  0.0962058     -0.331    10.7913    163.350 -9.990e-29
     -0.325    11.6180 119.617043     2.1624 1.8288e+03     0.7735    82.4176 9.7680e-03 1.1027e+03  0.0962058     -0.331    10.7912    163.318 -9.990e-29
     -0.324    11.6182 119.605193     2.1624 1.8339e+03     0.7748    82.3915 1.0989e-02 1.1027e+03  0.0957901     -0.330    10.7902    163.301 -9.990e-29
     -0.324    11.6180 119.640746     2.1636 1.8339e+03     0.7748    82.3915 1.0989e-02 1.1027e+03  0.0962058     -0.330    10.7987    163.351 -9.990e-29
     -0.324    11.6183 119.605193     2.1624 1.8339e+03     0.7748    82.3915 9.7680e-03 1.1027e+03  0.0957901     -0.330    10.7926    163.301 -9.990e-29
     -0.324    11.6180 119.522234     2.1624 1.8339e+03     0.7748    82.3915 9.7680e-03 1.1027e+03  0.0962058     -0.330    10.7934    163.189 -9.990e-29
     -0.323    11.6185 119.510383     2.1624 1.8339e+03     0.7735    82.4176 9.7680e-03 1.1047e+03  0.0962058     -0.329    10.7933    163.171 -9.990e-29
     -0.323    11.6182 119.462979     2.1612 1.8339e+03     0.7735    82.4176 1.0989e-02 1.1047e+03  0.0957901     -0.329    10.7848    163.107 -9.990e-29
     -0.323    11.6185 119.415575     2.1612 1.8339e+03     0.7722    82.4438 9.7680e-03 1.1047e+03  0.0957901     -0.329    10.7839    163.041 -9.990e-29
     -0.324    11.6183 119.498531     2.1612 1.8391e+03     0.7735    82.4176 9.7680e-03 1.1047e+03  0.0957901     -0.330    10.7831    163.155 -9.990e-29
     -0.324    11.6183 119.486681     2.1612 1.8391e+03     0.7735    82.4176 9.7680e-03 1.1047e+03  0.0962058     -0.330    10.7823    163.139 -9.990e-29
     -0.323    11.6184 119.498531     2.1624 1.8391e+03     0.7735    82.4176 9.7680e-03 1.1047e+03  0.0962058     -0.329    10.7899    163.155 -9.990e-29
     -0.323    11.6187 119.415575     2.1624 1.8391e+03     0.7735    82.4176 9.7680e-03 1.1047e+03  0.0962058     -0.329    10.7897    163.040 -9.990e-29
     -0.323    11.6182 119.427425     2.1624 1.8391e+03     0.7735    82.4176 9.7680e-03 1.1047e+03  0.0962058     -0.329    10.7906    163.059 -9.990e-29
     -0.324    11.6187 119.462979     2.1612 1.8391e+03     0.7735    82.4176 9.7680e-03 1.1047e+03  0.0957901     -0.330    10.7819    163.105 -9.990e-29
     -0.324    11.6182 119.427425     2.1624 1.8391e+03     0.7735    82.4176 9.7680e-03 1.1047e+03  0.0957901     -0.330    10.7896    163.059 -9.990e-29
     -0.324    11.6185 119.498532     2.1624 1.8391e+03     0.7735    82.4176 1.0989e-02 1.1047e+03  0.0957901     -0.330    10.7911    163.154 -9.990e-29
     -0.323    11.6185 119.332618     2.1624 1.8391e+03     0.7735    82.4176 1.0989e-02 1.1047e+03  0.0957901     -0.329    10.7927    162.928 -9.990e-29
     -0.324    11.6182 119.308917     2.1612 1.8442e+03     0.7735    82.4176 9.7680e-03 1.1047e+03  0.0957901     -0.330    10.7850    162.897 -9.990e-29
     -0.324    11.6184 119.344469     2.1612 1.8442e+03     0.7735    82.4176 9.7680e-03 1.1047e+03  0.0957901     -0.330    10.7848    162.945 -9.990e-29
     -0.324    11.6185 119.391873     2.1612 1.8442e+03     0.7722    82.4438 9.7680e-03 1.1047e+03  0.0957901     -0.330    10.7845    163.009 -9.990e-29
     -0.324    11.6183 119.439276     2.1624 1.8442e+03     0.7735    82.4176 9.7680e-03 1.1047e+03  0.0957901     -0.330    10.7920    163.074 -9.990e-29
     -0.324    11.6187 119.486681     2.1624 1.8442e+03     0.7735    82.4176 9.7680e-03 1.1047e+03  0.0957901     -0.330    10.7925    163.137 -9.990e-29
     -0.325    11.6185 119.391872     2.1612 1.8442e+03     0.7735    82.4176 1.0989e-02 1.1047e+03  0.0957901     -0.331    10.7838    163.009 -9.990e-29
     -0.324    11.6183 119.249663     2.1612 1.8494e+03     0.7735    82.4176 9.7680e-03 1.1047e+03  0.0957901     -0.330    10.7836    162.816 -9.990e-29
     -0.322    11.6185 119.190410     2.1612 1.8494e+03     0.7735    82.4176 9.7680e-03 1.1047e+03  0.0962058     -0.328    10.7842    162.734 -9.990e-29
     -0.322    11.6185 119.214111     2.1612 1.8494e+03     0.7735    82.4176 1.0989e-02 1.1047e+03  0.0962058     -0.328    10.7840    162.766 -9.990e-29
     -0.322    11.6189 119.273364     2.1624 1.8494e+03     0.7709    82.4699 1.0989e-02 1.1047e+03  0.0962058     -0.328    10.7922    162.845 -9.990e-29
     -0.323    11.6183 119.403724     2.1624 1.8494e+03     0.7722    82.4438 9.7680e-03 1.1047e+03  0.0957901     -0.329    10.7938    163.026 -9.990e-29
     -0.324    11.6185 119.332618     2.1624 1.8494e+03     0.7722    82.4438 9.7680e-03 1.1047e+03  0.0962058     -0.330    10.7944    162.928 -9.990e-29
     -0.324    11.6187 119.202260     2.1612 1.8494e+03     0.7722    82.4438 9.7680e-03 1.1047e+03  0.0957901     -0.330    10.7874    162.749 -9.990e-29
     -0.325    11.6185 119.202260     2.1612 1.8494e+03     0.7735    82.4176 9.7680e-03 1.1047e+03  0.0962058     -0.331    10.7873    162.750 -9.990e-29
     -0.326    11.6185 119.119306     2.1612 1.8494e+03     0.7735    82.4176 9.7680e-03 1.1047e+03  0.0957901     -0.332    10.7856    162.637 -9.990e-29
     -0.327    11.6184 119.107455     2.1612 1.8494e+03     0.7709    82.4699 9.7680e-03 1.1047e+03  0.0957901     -0.333    10.7847    162.621 -9.990e-29
     -0.327    11.6185 119.178559     2.1612 1.8494e+03     0.7722    82.4438 9.7680e-03 1.1047e+03  0.0962058     -0.333    10.7837    162.718 -9.990e-29
     -0.325    11.6184 119.225962     2.1624 1.8494e+03     0.7722    82.4438 9.7680e-03 1.1047e+03  0.0957901     -0.331    10.7913    162.783 -9.990e-29
     -0.324    11.6183 119.261514     2.1624 1.8494e+03     0.7722    82.4438 9.7680e-03 1.1066e+03  0.0962058     -0.330    10.7929    162.832 -9.990e-29
     -0.324    11.6185 119.048203     2.1624 1.8494e+03     0.7722    82.4438 9.7680e-03 1.1066e+03  0.0962058     -0.330    10.7935    162.540 -9.990e-29
     -0.324    11.6185 119.012651     2.1612 1.8546e+03     0.7735    82.4176 9.7680e-03 1.1066e+03  0.0962058     -0.330    10.7865    162.491 -9.990e-29
     -0.323    11.6185 119.095605     2.1612 1.8546e+03     0.7709    82.4699 9.7680e-03 1.1066e+03  0.0962058     -0.329    10.7855    162.604 -9.990e-29
     -0.322    11.6185 119.225961     2.1636 1.8494e+03     0.7722    82.4438 9.7680e-03 1.1066e+03  0.0957901     -0.328    10.8007    162.782 -9.990e-29
     -0.322    11.6184 119.024503     2.1636 1.8494e+03     0.7722    82.4438 9.7680e-03 1.1066e+03  0.0957901     -0.328    10.8023    162.508 -9.990e-29
     -0.321    11.6185 118.965250     2.1624 1.8494e+03     0.7722    82.4438 9.7680e-03 1.1066e+03  0.0957901     -0.327    10.7953    162.426 -9.990e-29
     -0.321    11.6185 118.977101     2.1624 1.8442e+03     0.7722    82.4438 9.7680e-03 1.1066e+03  0.0957901     -0.327    10.7951    162.443 -9.990e-29
     -0.319    11.6183 118.870448     2.1624 1.8442e+03     0.7722    82.4438 9.7680e-03 1.1066e+03  0.0957901     -0.325    10.7941    162.298 -9.990e-29
     -0.318    11.6185 119.012652     2.1624 1.8442e+03     0.7722    82.4438 1.0989e-02 1.1066e+03  0.0957901     -0.324    10.7931    162.491 -9.990e-29
     -0.316    11.6184 119.178559     2.1624 1.8442e+03     0.7735    82.4176 9.7680e-03 1.1066e+03  0.0962058     -0.322    10.7937    162.718 -9.990e-29
     -0.313    11.6185 119.166708     2.1612 1.8442e+03     0.7735    82.4176 1.0989e-02 1.1066e+03  0.0957901     -0.319    10.7867    162.701 -9.990e-29
     -0.308    11.6183 118.882299     2.1612 1.8442e+03     0.7735    82.4176 9.7680e-03 1.1066e+03  0.0957901     -0.314    10.7866    162.314 -9.990e-29
     -0.302    11.6185 118.929700     2.1624 1.8494e+03     0.7735    82.4176 9.7680e-03 1.1066e+03  0.0957901     -0.308    10.7931    162.378 -9.990e-29
     -0.297    11.6185 119.368172     2.1612 1.8494e+03     0.7735    82.4176 9.7680e-03 1.1066e+03  0.0957901     -0.303    10.7844    162.976 -9.990e-29
     -0.295    11.6184 120.126663     2.1624 1.8494e+03     0.7722    82.4438 9.7680e-03 1.1066e+03  0.0957901     -0.301    10.7918    164.013 -9.990e-29
     -0.298    11.6183 121.063018     2.1624 1.8494e+03     0.7735    82.4176 9.7680e-03 1.1066e+03  0.0957901     -0.304    10.7916    165.291 -9.990e-29
     -0.308    11.6185 121.809806     2.1624 1.8546e+03     0.7735    82.4176 9.7680e-03 1.1086e+03  0.0962058     -0.314    10.7921    166.310 -9.990e-29
     -0.320    11.6184 120.980045     2.1624 1.8546e+03     0.7735    82.4176 9.7680e-03 1.1086e+03  0.0957901     -0.326    10.7927    165.178 -9.990e-29
     -0.330    11.6182 120.636309     2.1612 1.8339e+03     0.7735    82.4176 9.7680e-03 1.1086e+03  0.0957901     -0.337    10.7841    164.709 -9.990e-29
     -0.333    11.6182 122.544802     2.1600 1.8134e+03     0.7735    82.4176 9.7680e-03 1.1086e+03  0.0957901     -0.340    10.7753    167.315 -9.990e-29
     -0.329    11.6178 121.928349     2.1612 1.8083e+03     0.7722    82.4438 9.7680e-03 1.1086e+03  0.0957901     -0.335    10.7828    166.475 -9.990e-29
     -0.323    11.6177 118.799348     2.1612 1.7780e+03     0.7735    82.4176 9.7680e-03 1.1086e+03  0.0957901     -0.329    10.7819    162.203 -9.990e-29
     -0.319    11.6173 118.751948     2.1624 1.7288e+03     0.7735    82.4176 9.7680e-03 1.1086e+03  0.0957901     -0.325    10.7894    162.140 -9.990e-29
     -0.317    11.6169 120.825956     2.1636 1.7191e+03     0.7735    82.4176 9.7680e-03 1.1086e+03  0.0957901     -0.323    10.7968    164.974 -9.990e-29
     -0.317    11.6162 122.556660     2.1624 1.7094e+03     0.7735    82.4176 9.7680e-03 1.1086e+03  0.0962058     -0.323    10.7890    167.340 -9.990e-29
     -0.314    11.6159 123.599991     2.1624 1.6761e+03     0.7735    82.4176 9.7680e-03 1.1086e+03  0.0962058     -0.320    10.7889    168.766 -9.990e-29
     -0.307    11.6155 124.192856     2.1612 1.6714e+03     0.7735    82.4176 9.7680e-03 1.1086e+03  0.0962058     -0.313    10.7803    169.578 -9.990e-29
     -0.304    11.6149 123.955704     2.1612 1.6667e+03     0.7709    82.4699 9.7680e-03 1.1086e+03  0.0962058     -0.310    10.7794    169.257 -9.990e-29
     -0.304    11.6144 123.552568     2.1636 1.6620e+03     0.7709    82.4699 9.7680e-03 1.1086e+03  0.0962058     -0.310    10.7964    168.708 -9.990e-29
     -0.304    11.6138 124.216570     2.1624 1.6574e+03     0.7709    82.4699 9.7680e-03 1.1086e+03  0.0962058     -0.310    10.7904    169.618 -9.990e-29
     -0.305    11.6133 125.497292     2.1624 1.6574e+03     0.7697    82.4961 9.7680e-03 1.1086e+03  0.0957901     -0.311    10.7904    171.369 -9.990e-29
     -0.308    11.6129 126.920544     2.1612 1.6714e+03     0.7697    82.4961 9.7680e-03 1.1086e+03  0.0957901     -0.314    10.7827    173.314 -9.990e-29
     -0.311    11.6125 128.189811     2.1612 1.6808e+03     0.7684    82.5222 9.7680e-03 1.1086e+03  0.0957901     -0.317    10.7827    175.050 -9.990e-29
     -0.317    11.6122 127.762747     2.1624 1.6808e+03     0.7697    82.4961 9.7680e-03 1.1086e+03  0.0957901     -0.323    10.7913    174.468 -9.990e-29
     -0.321    11.6117 125.722623     2.1624 1.7046e+03     0.7684    82.5222 1.0989e-02 1.1086e+03  0.0957901     -0.327    10.7923    171.684 -9.990e-29
     -0.318    11.6117 126.363075     2.1624 1.7191e+03     0.7684    82.5222 1.0989e-02 1.1086e+03  0.0957901     -0.324    10.7922    172.559 -9.990e-29
     -0.310    11.6116 125.983545     2.1612 1.7239e+03     0.7697    82.4961 9.7680e-03 1.1086e+03  0.0957901     -0.316    10.7846    172.041 -9.990e-29
     -0.304    11.6115 124.109852     2.1612 1.7385e+03     0.7697    82.4961 9.7680e-03 1.1086e+03  0.0957901     -0.310    10.7854    169.483 -9.990e-29
     -0.302    11.6120 124.228429     2.1624 1.7532e+03     0.7684    82.5222 9.7680e-03 1.1086e+03  0.0957901     -0.308    10.7920    169.642 -9.990e-29
