data/05_metadata_exports/SeabirdData/202305_SeabirdData/83450_stn18.cnv
* Sea-Bird SBE 9 Data File:
* FileName = C:\Users\rosette\Rosette Data\2023\Ontario CSMI\stn18.hex
* Software Version Seasave V 7.26.6.26
* Temperature SN = 5270
* Conductivity SN = 1168
* Number of Bytes Per Scan = 40
* Number of Voltage Words = 5
* Number of Scans Averaged by the Deck Unit = 1
* NMEA Latitude = 43 18.22 N
* NMEA Longitude = 079 16.68 W
* NMEA UTC (Time) = Oct 03 2003  12:29:41
* NMEA baud rate = 4800
** Ship: Lake Guardian
** Ontario CSMI LWFS
** Station:  stn18
# nquan = 14                                
# nvalues = 15824                       
# units = specified
# name 0 = prDM: Pressure, Digiquartz [db]
# name 1 = t090C: Temperature [ITS-90, deg C]
# name 2 = c0uS/cm: Conductivity [uS/cm]
# name 3 = sbeox0V: Oxygen raw, SBE 43 [V]
# name 4 = par: PAR/Irradiance, Biospherical/Licor
# name 5 = bat: Beam Attenuation, Chelsea/Seatech [1/m]
# name 6 = xmiss: Beam Transmission, Chelsea/Seatech [%]
# name 7 = flSP: Fluorescence, Seapoint
# name 8 = spar: SPAR, Biospherical/Licor
# name 9 = upoly0: Upoly 0, Suna Nitrate
# name 10 = depFM: Depth [fresh water, m], lat = 43.3037
# name 11 = sbeox0Mg/L: Oxygen, SBE 43 [mg/l], WS = 2
# name 12 = specc: Specific Conductance [uS/cm]
# name 13 = flag: flag
# span 0 =     -0.338,     82.409       
# span 1 =     4.1003,    11.8883       
# span 2 =  17.815913, 229.132463       
# span 3 =     1.8608,     2.3590       
# span 4 = 1.0000e-12, 1.9619e+03       
# span 5 =     0.1282,     1.9834       
# span 6 =    60.9049,    96.8466       
# span 7 = 0.0000e+00, 2.0989e+00       
# span 8 = 1.0712e+03, 1.1303e+03       
# span 9 =  0.0750019,  0.3955549       
# span 10 =     -0.345,     84.034      
# span 11 =     8.9529,    13.5160      
# span 12 =     24.153,    318.549      
# span 13 = 0.0000e+00, 0.0000e+00      
# interval = seconds: 0.0416667
# start_time = Oct 03 2003 12:29:41 [NMEA time, header]
# bad_flag = -9.990e-29
*END*
[from data line 9291]
     82.219     4.1225 184.672690     2.0720 1.0000e-12     0.1585    96.1147 5.0061e-02 1.1066e+03  0.3930603     83.840    12.6241    317.051 -9.990e-29
     82.219     4.1223 184.660747     2.0720 1.0000e-12     0.1585    96.1147 5.1282e-02 1.1066e+03  0.3926446     83.840    12.6252    317.033 -9.990e-29
     82.218     4.1222 184.660747     2.0720 1.0000e-12     0.1585    96.1147 5.2503e-02 1.1066e+03  0.3918130     83.839    12.6262    317.034 -9.990e-29
     82.217     4.1221 184.612979     2.0720 1.0000e-12     0.1585    96.1147 5.3724e-02 1.1066e+03  0.3918130     83.838    12.6258    316.953 -9.990e-29
     82.217     4.1220 184.672690     2.0720 1.0000e-12     0.1585    96.1147 5.3724e-02 1.1066e+03  0.3918130     83.838    12.6238    317.057 -9.990e-29
     82.217     4.1219 184.708515     2.0720 1.0000e-12     0.1574    96.1409 5.2503e-02 1.1066e+03  0.3918130     83.838    12.6248    317.119 -9.990e-29
     82.218     4.1219 184.648805     2.0708 1.0000e-12     0.1574    96.1409 5.2503e-02 1.1066e+03  0.3918130     83.839    12.6134    317.017 -9.990e-29
     82.220     4.1221 184.648806     2.0720 1.0000e-12     0.1585    96.1147 5.2503e-02 1.1066e+03  0.3918130     83.841    12.6237    317.014 -9.990e-29
     82.221     4.1223 184.636864     2.0720 1.0000e-12     0.1585    96.1147 5.2503e-02 1.1066e+03  0.3918130     83.842    12.6246    316.992 -9.990e-29
     82.220     4.1228 184.672688     2.0720 1.0000e-12     0.1585    96.1147 5.2503e-02 1.1066e+03  0.3918130     83.841    12.6239    317.048 -9.990e-29
     82.221     4.1237 184.660746     2.0708 1.0000e-12     0.1585    96.1147 5.3724e-02 1.1066e+03  0.3918130     83.842    12.6135    317.018 -9.990e-29
     82.222     4.1248 184.744340     2.0708 1.0000e-12     0.1585    96.1147 5.3724e-02 1.1066e+03  0.3918130     83.843    12.6124    317.149 -9.990e-29
     82.224     4.1250 184.672687     2.0708 1.0000e-12     0.1574    96.1409 5.4945e-02 1.1066e+03  0.3918130     83.845    12.6102    317.024 -9.990e-29
     82.225     4.1249 184.648805     2.0708 1.0000e-12     0.1574    96.1409 5.6166e-02 1.1066e+03  0.3918130     83.846    12.6096    316.984 -9.990e-29
     82.225     4.1239 184.660745     2.0708 1.0000e-12     0.1574    96.1409 5.7387e-02 1.1066e+03  0.3918130     83.846    12.6093    317.015 -9.990e-29
     82.226     4.1236 184.708515     2.0720 1.0000e-12     0.1585    96.1147 5.6166e-02 1.1066e+03  0.3922288     83.847    12.6183    317.101 -9.990e-29
     82.226     4.1234 184.720457     2.0720 1.0000e-12     0.1585    96.1147 5.4945e-02 1.1086e+03  0.3918130     83.847    12.6194    317.123 -9.990e-29
     82.225     4.1236 184.648804     2.0720 1.0000e-12     0.1585    96.1147 5.3724e-02 1.1066e+03  0.3918130     83.846    12.6203    316.998 -9.990e-29
     82.224     4.1246 184.672688     2.0720 1.0000e-12     0.1618    96.0363 5.1282e-02 1.1086e+03  0.3918130     83.845    12.6209    317.028 -9.990e-29
     82.223     4.1247 184.696572     2.0720 1.0000e-12     0.1640    95.9840 5.0061e-02 1.1086e+03  0.3918130     83.844    12.6218    317.068 -9.990e-29
     82.223     4.1247 184.660746     2.0708 1.0000e-12     0.1629    96.0102 4.8840e-02 1.1066e+03  0.3918130     83.844    12.6119    317.007 -9.990e-29
     82.223     4.1247 184.660746     2.0720 1.0000e-12     0.1629    96.0102 4.6398e-02 1.1066e+03  0.3922288     83.844    12.6194    317.007 -9.990e-29
     82.223     4.1240 184.589095     2.0720 1.0000e-12     0.1629    96.0102 4.5177e-02 1.1066e+03  0.3918130     83.844    12.6177    316.891 -9.990e-29
     82.222     4.1233 184.612979     2.0720 1.0000e-12     0.1640    95.9840 4.3956e-02 1.1066e+03  0.3918130     83.843    12.6160    316.940 -9.990e-29
     82.222     4.1228 184.660747     2.0720 1.0000e-12     0.1640    95.9840 4.3956e-02 1.1086e+03  0.3918130     83.843    12.6172    317.027 -9.990e-29
     82.222     4.1223 184.636863     2.0720 1.0000e-12     0.1640    95.9840 4.3956e-02 1.1086e+03  0.3922288     83.843    12.6185    316.992 -9.990e-29
     82.223     4.1222 184.672689     2.0720 1.0000e-12     0.1629    96.0102 4.5177e-02 1.1086e+03  0.3893185     83.844    12.6195    317.054 -9.990e-29
     82.223     4.1220 184.660747     2.0720 1.0000e-12     0.1629    96.0102 4.6398e-02 1.1086e+03  0.3764298     83.844    12.6206    317.036 -9.990e-29
     82.223     4.1223 184.684631     2.0708 1.0000e-12     0.1629    96.0102 4.6398e-02 1.1086e+03  0.3710249     83.844    12.6121    317.074 -9.990e-29
     82.223     4.1231 184.672689     2.0720 1.0000e-12     0.1640    95.9840 4.5177e-02 1.1086e+03  0.3701934     83.844    12.6208    317.045 -9.990e-29
     82.224     4.1233 184.601037     2.0708 1.0000e-12     0.1629    96.0102 4.5177e-02 1.1086e+03  0.3710249     83.845    12.6109    316.919 -9.990e-29
     82.224     4.1239 184.636862     2.0720 1.0000e-12     0.1629    96.0102 4.3956e-02 1.1086e+03  0.3714407     83.845    12.6183    316.974 -9.990e-29
     82.225     4.1245 184.660746     2.0720 1.0000e-12     0.1640    95.9840 4.3956e-02 1.1086e+03  0.3710249     83.846    12.6193    317.009 -9.990e-29
     82.225     4.1253 184.660746     2.0720 1.0000e-12     0.1629    96.0102 4.5177e-02 1.1086e+03  0.3710249     83.846    12.6187    317.000 -9.990e-29
     82.223     4.1259 184.636860     2.0720 1.0000e-12     0.1640    95.9840 4.5177e-02 1.1086e+03  0.3714407     83.844    12.6182    316.953 -9.990e-29
     82.224     4.1261 184.648803     2.0720 1.0000e-12     0.1629    96.0102 4.5177e-02 1.1086e+03  0.3714407     83.845    12.6164    316.971 -9.990e-29
     82.225     4.1266 184.684629     2.0708 1.0000e-12     0.1629    96.0102 4.5177e-02 1.1086e+03  0.3710249     83.846    12.6051    317.027 -9.990e-29
     82.226     4.1264 184.696572     2.0708 1.0000e-12     0.1629    96.0102 4.6398e-02 1.1086e+03  0.3710249     83.847    12.6035    317.050 -9.990e-29
     82.226     4.1267 184.696570     2.0708 1.0000e-12     0.1629    96.0102 4.6398e-02 1.1086e+03  0.3710249     83.847    12.6017    317.046 -9.990e-29
     82.226     4.1266 184.672688     2.0708 1.0000e-12     0.1618    96.0363 4.6398e-02 1.1086e+03  0.3714407     83.847    12.6000    317.006 -9.990e-29
     82.226     4.1264 184.684629     2.0720 1.0000e-12     0.1629    96.0102 4.6398e-02 1.1086e+03  0.3714407     83.847    12.6094    317.029 -9.990e-29
     82.224     4.1260 184.648803     2.0720 1.0000e-12     0.1629    96.0102 4.6398e-02 1.1086e+03  0.3714407     83.845    12.6109    316.972 -9.990e-29
     82.223     4.1248 184.648804     2.0720 1.0000e-12     0.1629    96.0102 4.6398e-02 1.1086e+03  0.3714407     83.844    12.6112    316.985 -9.990e-29
     82.222     4.1242 184.660746     2.0720 1.0000e-12     0.1629    96.0102 4.5177e-02 1.1066e+03  0.3710249     83.843    12.6113    317.012 -9.990e-29
     82.221     4.1239 184.684630     2.0708 1.0000e-12     0.1629    96.0102 4.5177e-02 1.1086e+03  0.3710249     83.842    12.6020    317.056 -9.990e-29
     82.221     4.1234 184.696571     2.0708 1.0000e-12     0.1618    96.0363 4.6398e-02 1.1086e+03  0.3714407     83.842    12.6007    317.082 -9.990e-29
     82.222     4.1238 184.660747     2.0708 1.0000e-12     0.1629    96.0102 4.6398e-02 1.1086e+03  0.3714407     83.843    12.6006    317.016 -9.990e-29
     82.223     4.1244 184.660746     2.0708 1.0000e-12     0.1618    96.0363 4.6398e-02 1.1086e+03  0.3710249     83.844    12.6020    317.010 -9.990e-29
     82.222     4.1247 184.660746     2.0720 1.0000e-12     0.1629    96.0102 4.6398e-02 1.1086e+03  0.3714407     83.843    12.6129    317.007 -9.990e-29
     82.221     4.1245 184.636862     2.0720 1.0000e-12     0.1629    96.0102 4.5177e-02 1.1086e+03  0.3714407     83.842    12.6146    316.968 -9.990e-29
     82.221     4.1244 184.648804     2.0720 1.0000e-12     0.1629    96.0102 4.5177e-02 1.1086e+03  0.3714407     83.842    12.6147    316.989 -9.990e-29
     82.220     4.1245 184.612978     2.0720 1.0000e-12     0.1618    96.0363 4.5177e-02 1.1086e+03  0.3710249     83.841    12.6149    316.927 -9.990e-29
     82.220     4.1245 184.636862     2.0720 1.0000e-12     0.1629    96.0102 4.3956e-02 1.1086e+03  0.3710249     83.841    12.6151    316.968 -9.990e-29
     82.221     4.1245 184.660746     2.0708 1.0000e-12     0.1618    96.0363 4.3956e-02 1.1086e+03  0.3710249     83.842    12.6044    317.009 -9.990e-29
     82.221     4.1249 184.636861     2.0708 1.0000e-12     0.1629    96.0102 4.3956e-02 1.1086e+03  0.3710249     83.842    12.6046    316.963 -9.990e-29
     82.221     4.1245 184.636862     2.0708 1.0000e-12     0.1618    96.0363 4.3956e-02 1.1086e+03  0.3710249     83.842    12.6036    316.968 -9.990e-29
     82.222     4.1248 184.648803     2.0720 1.0000e-12     0.1629    96.0102 4.3956e-02 1.1086e+03  0.3710249     83.843    12.6133    316.985 -9.990e-29
     82.222     4.1253 184.660746     2.0708 1.0000e-12     0.1629    96.0102 4.3956e-02 1.1086e+03  0.3710249     83.843    12.6041    317.000 -9.990e-29
     82.222     4.1260 184.636861     2.0708 1.0000e-12     0.1607    96.0624 4.3956e-02 1.1086e+03  0.3710249     83.843    12.6043    316.951 -9.990e-29
     82.223     4.1269 184.636861     2.0708 1.0000e-12     0.1531    96.2454 4.3956e-02 1.1086e+03  0.3710249     83.844    12.6045    316.942 -9.990e-29
     82.222     4.1276 184.648803     2.0708 1.0000e-12     0.1509    96.2977 4.3956e-02 1.1086e+03  0.3710249     83.843    12.6049    316.955 -9.990e-29
     82.220     4.1280 184.684627     2.0708 1.0000e-12     0.1509    96.2977 4.5177e-02 1.1086e+03  0.3710249     83.841    12.6039    317.012 -9.990e-29
     82.219     4.1281 184.660744     2.0708 1.0000e-12     0.1509    96.2977 4.5177e-02 1.1086e+03  0.3714407     83.840    12.6030    316.970 -9.990e-29
     82.220     4.1280 184.636860     2.0708 1.0000e-12     0.1509    96.2977 4.5177e-02 1.1086e+03  0.3714407     83.841    12.6022    316.930 -9.990e-29
     82.220     4.1285 184.660743     2.0708 1.0000e-12     0.1520    96.2716 4.5177e-02 1.1086e+03  0.3714407     83.841    12.6011    316.965 -9.990e-29
     82.220     4.1285 184.708512     2.0720 1.0000e-12     0.1520    96.2716 4.5177e-02 1.1086e+03  0.3710249     83.841    12.6127    317.047 -9.990e-29
     82.220     4.1285 184.696569     2.0708 1.0000e-12     0.1520    96.2716 4.5177e-02 1.1086e+03  0.3710249     83.841    12.6054    317.027 -9.990e-29
     82.220     4.1275 184.660744     2.0708 1.0000e-12     0.1520    96.2716 4.5177e-02 1.1086e+03  0.3714407     83.841    12.6064    316.976 -9.990e-29
     82.220     4.1262 184.636861     2.0708 1.0000e-12     0.1520    96.2716 4.6398e-02 1.1086e+03  0.3710249     83.841    12.6076    316.949 -9.990e-29
     82.220     4.1255 184.636862     2.0708 1.0000e-12     0.1520    96.2716 4.6398e-02 1.1086e+03  0.3710249     83.841    12.6071    316.957 -9.990e-29
     82.220     4.1248 184.648803     2.0708 1.0000e-12     0.1509    96.2977 4.7619e-02 1.1086e+03  0.3710249     83.841    12.6067    316.985 -9.990e-29
     82.220     4.1235 184.636863     2.0720 1.0000e-12     0.1520    96.2716 4.7619e-02 1.1086e+03  0.3714407     83.841    12.6159    316.979 -9.990e-29
     82.220     4.1221 184.601037     2.0720 1.0000e-12     0.1520    96.2716 4.8840e-02 1.1086e+03  0.3714407     83.841    12.6157    316.932 -9.990e-29
     82.219     4.1212 184.672690     2.0720 1.0000e-12     0.1520    96.2716 4.7619e-02 1.1106e+03  0.3710249     83.840    12.6168    317.065 -9.990e-29
     82.219     4.1204 184.672690     2.0708 1.0000e-12     0.1520    96.2716 4.7619e-02 1.1106e+03  0.3714407     83.840    12.6085    317.074 -9.990e-29
     82.219     4.1206 184.636863     2.0708 1.0000e-12     0.1520    96.2716 4.7619e-02 1.1106e+03  0.3710249     83.840    12.6093    317.010 -9.990e-29
     82.221     4.1205 184.648807     2.0708 1.0000e-12     0.1520    96.2716 4.7619e-02 1.1106e+03  0.3710249     83.842    12.6103    317.032 -9.990e-29
     82.222     4.1207 184.612981     2.0708 1.0000e-12     0.1520    96.2716 4.8840e-02 1.1106e+03  0.3710249     83.843    12.6113    316.968 -9.990e-29
     82.221     4.1210 184.601038     2.0708 1.0000e-12     0.1531    96.2454 4.8840e-02 1.1106e+03  0.3710249     83.842    12.6107    316.944 -9.990e-29
     82.221     4.1216 184.648806     2.0708 1.0000e-12     0.1563    96.1670 4.8840e-02 1.1106e+03  0.3710249     83.842    12.6101    317.020 -9.990e-29
     82.220     4.1217 184.612979     2.0708 1.0000e-12     0.1596    96.0886 5.0061e-02 1.1106e+03  0.3710249     83.841    12.6096    316.957 -9.990e-29
     82.219     4.1215 184.624922     2.0708 1.0000e-12     0.1585    96.1147 5.0061e-02 1.1106e+03  0.3710249     83.840    12.6108    316.980 -9.990e-29
     82.219     4.1217 184.636863     2.0708 1.0000e-12     0.1585    96.1147 5.1282e-02 1.1106e+03  0.3714407     83.840    12.6118    316.998 -9.990e-29
     82.218     4.1214 184.636864     2.0708 1.0000e-12     0.1585    96.1147 5.2503e-02 1.1106e+03  0.3710249     83.839    12.6115    317.002 -9.990e-29
     82.216     4.1214 184.636864     2.0708 1.0000e-12     0.1585    96.1147 5.2503e-02 1.1106e+03  0.3714407     83.837    12.6111    317.002 -9.990e-29
     82.216     4.1212 184.601037     2.0708 1.0000e-12     0.1596    96.0886 5.3724e-02 1.1106e+03  0.3714407     83.837    12.6107    316.942 -9.990e-29
     82.216     4.1215 184.636865     2.0708 1.0000e-12     0.1596    96.0886 5.3724e-02 1.1106e+03  0.3714407     83.837    12.6102    317.000 -9.990e-29
     82.217     4.1214 184.660747     2.0708 1.0000e-12     0.1585    96.1147 5.4945e-02 1.1106e+03  0.3710249     83.838    12.6098    317.043 -9.990e-29
     82.216     4.1221 184.612980     2.0708 1.0000e-12     0.1574    96.1409 5.6166e-02 1.1106e+03  0.3710249     83.837    12.6091    316.953 -9.990e-29
     82.216     4.1228 184.636862     2.0720 1.0000e-12     0.1585    96.1147 5.7387e-02 1.1106e+03  0.3714407     83.837    12.6179    316.986 -9.990e-29
     82.216     4.1228 184.660747     2.0720 1.0000e-12     0.1585    96.1147 5.8608e-02 1.1106e+03  0.3710249     83.837    12.6190    317.027 -9.990e-29
     82.218     4.1230 184.612978     2.0708 1.0000e-12     0.1585    96.1147 5.8608e-02 1.1106e+03  0.3710249     83.839    12.6105    316.943 -9.990e-29
     82.221     4.1231 184.672690     2.0708 1.0000e-12     0.1585    96.1147 5.8608e-02 1.1106e+03  0.3710249     83.842    12.6101    317.045 -9.990e-29
     82.222     4.1234 184.672689     2.0708 1.0000e-12     0.1585    96.1147 5.6166e-02 1.1106e+03  0.3714407     83.843    12.6096    317.041 -9.990e-29
     82.221     4.1233 184.684630     2.0708 1.0000e-12     0.1585    96.1147 5.4945e-02 1.1106e+03  0.3710249     83.842    12.6092    317.063 -9.990e-29
     82.220     4.1233 184.648805     2.0708 1.0000e-12     0.1585    96.1147 5.3724e-02 1.1106e+03  0.3714407     83.841    12.6087    317.001 -9.990e-29
     82.220     4.1236 184.672688     2.0708 1.0000e-12     0.1596    96.0886 5.2503e-02 1.1106e+03  0.3710249     83.841    12.6097    317.039 -9.990e-29
     82.220     4.1233 184.708515     2.0708 1.0000e-12     0.1585    96.1147 5.1282e-02 1.1106e+03  0.3710249     83.841    12.6110    317.104 -9.990e-29
     82.222     4.1236 184.624921     2.0708 1.0000e-12     0.1585    96.1147 5.0061e-02 1.1106e+03  0.3710249     83.843    12.6121    316.957 -9.990e-29
     82.222     4.1232 184.636864     2.0708 1.0000e-12     0.1596    96.0886 4.8840e-02 1.1106e+03  0.3710249     83.843    12.6120    316.982 -9.990e-29
     82.222     4.1234 184.696572     2.0708 1.0000e-12     0.1596    96.0886 4.6398e-02 1.1106e+03  0.3710249     83.843    12.6117    317.082 -9.990e-29
     82.221     4.1236 184.672689     2.0708 1.0000e-12     0.1585    96.1147 4.6398e-02 1.1106e+03  0.3714407     83.842    12.6114    317.039 -9.990e-29
