data/05_metadata_exports/SeabirdData/202305_SeabirdData/83457_stn19.cnv
* Sea-Bird SBE 9 Data File:
* FileName = C:\Users\rosette\Rosette Data\2023\Ontario CSMI\stn19.hex
* Software Version Seasave V 7.26.6.26
* Temperature SN = 5270
* Conductivity SN = 1168
* Number of Bytes Per Scan = 40
* Number of Voltage Words = 5
* Number of Scans Averaged by the Deck Unit = 1
* NMEA Latitude = 43 23.00 N
* NMEA Longitude = 079 17.12 W
* NMEA UTC (Time) = Oct 03 2003  13:21:12
* NMEA baud rate = 4800
** Ship: Lake Guardian
** Ontario CSMI LWFS
** Station:  stn19
# nquan = 14                                
# nvalues = 16580                       
# units = specified
# name 0 = prDM: Pressure, Digiquartz [db]
# name 1 = t090C: Temperature [ITS-90, deg C]
# name 2 = c0uS/cm: Conductivity [uS/cm]
# name 3 = sbeox0V: Oxygen raw, SBE 43 [V]
# name 4 = par: PAR/Irradiance, Biospherical/Licor
# name 5 = bat: Beam Attenuation, Chelsea/Seatech [1/m]
# name 6 = xmiss: Beam Transmission, Chelsea/Seatech [%]
# name 7 = flSP: Fluorescence, Seapoint
# name 8 = spar: SPAR, Biospherical/Licor
# name 9 = upoly0: Upoly 0, Suna Nitrate
# name 10 = depFM: Depth [fresh water, m], lat = 43.3833
# name 11 = sbeox0Mg/L: Oxygen, SBE 43 [mg/l], WS = 2
# name 12 = specc: Specific Conductance [uS/cm]
# name 13 = flag: flag
# span 0 =     -0.218,    102.535       
# span 1 =     3.9644,    11.3239       
# span 2 =  29.626492, 219.259385       
# span 3 =     1.8083,     2.4567       
# span 4 = 1.0000e-12, 2.8039e+03       
# span 5 =     0.1088,     2.7827       
# span 6 =    49.8740,    97.3171       
# span 7 = 7.3260e-03, 2.0403e+00       
# span 8 = 1.3252e+03, 1.5221e+03       
# span 9 =  0.0741704,  0.3951391       
# span 10 =     -0.222,    104.557      
# span 11 =     9.1737,    14.2394      
# span 12 =     41.808,    318.006      
# span 13 = 0.0000e+00, 0.0000e+00      
# interval = seconds: 0.0416667
# start_time = Oct 03 2003 13:21:12 [NMEA time, header]
# bad_flag = -9.990e-29
*END*
[from data line 13110]
     42.908     4.1927 184.994391     2.1197 2.4195e-02     0.1552    96.1931 1.6606e-01 1.3902e+03  0.3859924     43.754    12.9183    316.840 0.0000e+00
     42.883     4.1930 185.054103     2.1184 2.6058e-02     0.1552    96.1931 1.6239e-01 1.3902e+03  0.3859924     43.728    12.9049    316.939 0.0000e+00
     42.860     4.1933 184.970505     2.1184 2.6434e-02     0.1552    96.1931 1.5873e-01 1.3902e+03  0.3859924     43.705    12.9031    316.792 0.0000e+00
     42.837     4.1938 184.994390     2.1184 2.8329e-02     0.1552    96.1931 1.5995e-01 1.3882e+03  0.3859924     43.682    12.9026    316.828 0.0000e+00
     42.813     4.1943 184.970504     2.1184 2.9095e-02     0.1552    96.1931 1.5995e-01 1.3882e+03  0.3859924     43.657    12.9006    316.781 0.0000e+00
     42.789     4.1947 184.994388     2.1184 2.9095e-02     0.1563    96.1670 1.6850e-01 1.3882e+03  0.3859924     43.633    12.9016    316.818 0.0000e+00
     42.765     4.1949 184.994387     2.1184 2.9479e-02     0.1552    96.1931 1.8315e-01 1.3882e+03  0.3859924     43.608    12.9026    316.816 0.0000e+00
     42.742     4.1952 184.922733     2.1197 2.9479e-02     0.1563    96.1670 2.0147e-01 1.3882e+03  0.3859924     43.585    12.9122    316.690 0.0000e+00
     42.717     4.1947 184.982444     2.1197 2.9865e-02     0.1563    96.1670 2.0513e-01 1.3882e+03  0.3859924     43.559    12.9104    316.797 0.0000e+00
     42.693     4.1938 185.018272     2.1197 4.1109e-02     0.1563    96.1670 1.9536e-01 1.3882e+03  0.3859924     43.535    12.9101    316.868 0.0000e+00
     42.669     4.1922 184.994387     2.1184 4.7507e-02     0.1563    96.1670 1.8681e-01 1.3882e+03  0.3864081     43.510    12.9000    316.845 0.0000e+00
     42.645     4.1915 184.946618     2.1184 4.7943e-02     0.1574    96.1409 1.8803e-01 1.3882e+03  0.3859924     43.486    12.8983    316.771 0.0000e+00
     42.621     4.1915 184.970502     2.1197 3.8624e-02     0.1552    96.1931 1.9780e-01 1.3882e+03  0.3859924     43.461    12.9065    316.812 0.0000e+00
     42.595     4.1922 185.006328     2.1184 3.2987e-02     0.1563    96.1670 1.9048e-01 1.3882e+03  0.3864081     43.435    12.8956    316.865 0.0000e+00
     42.570     4.1924 184.970500     2.1184 3.2200e-02     0.1552    96.1931 1.7949e-01 1.3863e+03  0.3859924     43.409    12.8951    316.802 0.0000e+00
     42.546     4.1925 184.958558     2.1197 3.2200e-02     0.1563    96.1670 1.6972e-01 1.3863e+03  0.3859924     43.385    12.9048    316.780 0.0000e+00
     42.521     4.1928 184.934672     2.1184 3.1808e-02     0.1563    96.1670 1.6606e-01 1.3863e+03  0.3859924     43.359    12.8926    316.736 0.0000e+00
     42.497     4.1930 185.018269     2.1184 3.1808e-02     0.1563    96.1670 1.6239e-01 1.3863e+03  0.3864081     43.335    12.8905    316.877 0.0000e+00
     42.472     4.1924 185.006326     2.1184 3.6181e-02     0.1563    96.1670 1.5873e-01 1.3863e+03  0.3864081     43.309    12.8902    316.863 0.0000e+00
     42.446     4.1923 184.994383     2.1184 4.2789e-02     0.1552    96.1931 1.5507e-01 1.3863e+03  0.3864081     43.283    12.8896    316.844 0.0000e+00
     42.422     4.1927 184.946613     2.1184 4.4488e-02     0.1563    96.1670 1.5018e-01 1.3863e+03  0.3859924     43.258    12.8889    316.758 0.0000e+00
     42.398     4.1936 185.006323     2.1184 3.9861e-02     0.1574    96.1409 1.5385e-01 1.3863e+03  0.3864081     43.234    12.8880    316.850 0.0000e+00
     42.376     4.1943 185.042151     2.1197 3.2593e-02     0.1563    96.1670 1.6361e-01 1.3863e+03  0.3864081     43.211    12.8974    316.904 0.0000e+00
     42.352     4.1945 185.066035     2.1197 3.0251e-02     0.1563    96.1670 1.6361e-01 1.3863e+03  0.3868239     43.187    12.8967    316.943 0.0000e+00
     42.327     4.1949 185.006322     2.1184 3.2987e-02     0.1563    96.1670 1.5995e-01 1.3863e+03  0.3868239     43.162    12.8858    316.836 0.0000e+00
     42.303     4.1952 184.958552     2.1184 4.0276e-02     0.1574    96.1409 1.6117e-01 1.3863e+03  0.3868239     43.137    12.8853    316.751 0.0000e+00
     42.279     4.1954 184.982437     2.1184 4.2367e-02     0.1574    96.1409 1.5873e-01 1.3843e+03  0.3868239     43.113    12.8834    316.790 0.0000e+00
     42.254     4.1957 184.958551     2.1184 4.2789e-02     0.1563    96.1670 1.5873e-01 1.3843e+03  0.3868239     43.087    12.8845    316.746 0.0000e+00
     42.229     4.1954 184.982434     2.1184 4.5774e-02     0.1563    96.1670 1.9536e-01 1.3843e+03  0.3868239     43.062    12.8841    316.790 0.0000e+00
     42.207     4.1954 185.006319     2.1197 4.7072e-02     0.1574    96.1409 2.7595e-01 1.3843e+03  0.3868239     43.039    12.8938    316.831 0.0000e+00
     42.186     4.1950 184.922723     2.1197 4.7507e-02     0.1563    96.1670 2.8327e-01 1.3843e+03  0.3868239     43.018    12.8936    316.692 0.0000e+00
     42.164     4.1952 184.946607     2.1184 5.1477e-02     0.1574    96.1409 2.3932e-01 1.3843e+03  0.3868239     42.995    12.8829    316.731 0.0000e+00
     42.141     4.1954 184.982434     2.1184 5.3727e-02     0.1574    96.1409 2.0269e-01 1.3843e+03  0.3868239     42.972    12.8840    316.790 0.0000e+00
     42.118     4.1950 184.958549     2.1184 5.3727e-02     0.1574    96.1409 1.8315e-01 1.3843e+03  0.3868239     42.948    12.8853    316.753 0.0000e+00
     42.094     4.1949 184.994375     2.1184 5.1477e-02     0.1574    96.1409 1.7338e-01 1.3843e+03  0.3868239     42.924    12.8882    316.816 0.0000e+00
     42.071     4.1952 184.994375     2.1172 4.9700e-02     0.1574    96.1409 1.7216e-01 1.3843e+03  0.3868239     42.900    12.8799    316.812 0.0000e+00
     42.048     4.1949 184.970490     2.1172 4.9700e-02     0.1563    96.1670 1.7460e-01 1.3823e+03  0.3868239     42.877    12.8797    316.775 0.0000e+00
     42.023     4.1943 185.006317     2.1184 4.8380e-02     0.1574    96.1409 1.8437e-01 1.3823e+03  0.3868239     42.852    12.8891    316.843 0.0000e+00
     41.999     4.1945 185.018258     2.1184 4.7072e-02     0.1574    96.1409 2.1734e-01 1.3823e+03  0.3868239     42.827    12.8887    316.861 0.0000e+00
     41.976     4.1944 185.018259     2.1184 4.7072e-02     0.1574    96.1409 2.3810e-01 1.3823e+03  0.3868239     42.804    12.8885    316.862 0.0000e+00
     41.952     4.1947 184.970488     2.1184 5.4180e-02     0.1574    96.1409 2.3321e-01 1.3823e+03  0.3868239     42.779    12.8898    316.777 0.0000e+00
     41.927     4.1949 185.006315     2.1184 6.3048e-02     0.1563    96.1670 2.2711e-01 1.3823e+03  0.3868239     42.754    12.8895    316.836 0.0000e+00
     41.903     4.1944 185.018257     2.1184 6.4976e-02     0.1563    96.1670 2.3932e-01 1.3823e+03  0.3868239     42.729    12.8895    316.862 0.0000e+00
     41.880     4.1945 184.994371     2.1184 6.3528e-02     0.1585    96.1147 2.3810e-01 1.3823e+03  0.3868239     42.706    12.8893    316.820 0.0000e+00
     41.857     4.1945 184.994372     2.1184 6.1141e-02     0.1596    96.0886 2.1856e-01 1.3803e+03  0.3868239     42.682    12.8891    316.820 0.0000e+00
     41.833     4.1947 184.994371     2.1184 6.0668e-02     0.1607    96.0624 2.0879e-01 1.3803e+03  0.3868239     42.658    12.8888    316.818 0.0000e+00
     41.808     4.1950 185.018255     2.1184 6.0196e-02     0.1618    96.0363 2.3443e-01 1.3803e+03  0.3868239     42.632    12.8885    316.855 0.0000e+00
     41.784     4.1950 184.970485     2.1184 5.7392e-02     0.1607    96.0624 2.8938e-01 1.3803e+03  0.3868239     42.608    12.8899    316.774 0.0000e+00
     41.761     4.1952 184.982427     2.1184 5.6468e-02     0.1618    96.0363 3.1990e-01 1.3803e+03  0.3872396     42.584    12.8899    316.792 0.0000e+00
     41.738     4.1957 185.006312     2.1172 5.7392e-02     0.1607    96.0624 2.9548e-01 1.3803e+03  0.3851608     42.561    12.8803    316.827 0.0000e+00
     41.714     4.1963 184.970482     2.1172 6.2092e-02     0.1596    96.0886 2.4908e-01 1.3803e+03  0.3843293     42.536    12.8801    316.759 0.0000e+00
     41.691     4.1968 184.958541     2.1197 6.3528e-02     0.1607    96.0624 2.1368e-01 1.3803e+03  0.3843293     42.513    12.8980    316.734 0.0000e+00
     41.667     4.1974 185.006309     2.1184 6.4009e-02     0.1607    96.0624 2.0269e-01 1.3803e+03  0.3839135     42.489    12.8862    316.809 0.0000e+00
     41.642     4.1974 184.994366     2.1184 6.6436e-02     0.1607    96.0624 2.0269e-01 1.3803e+03  0.3843293     42.463    12.8864    316.788 0.0000e+00
     41.616     4.1971 185.006307     2.1184 6.7908e-02     0.1607    96.0624 1.9902e-01 1.3803e+03  0.3843293     42.437    12.8882    316.812 0.0000e+00
     41.592     4.1979 184.946596     2.1184 6.7908e-02     0.1607    96.0624 1.9170e-01 1.3784e+03  0.3843293     42.412    12.8897    316.701 0.0000e+00
     41.568     4.1989 185.018248     2.1184 6.7416e-02     0.1618    96.0363 1.8681e-01 1.3784e+03  0.3843293     42.388    12.8895    316.813 0.0000e+00
     41.544     4.1991 185.018248     2.1184 6.6925e-02     0.1618    96.0363 1.7827e-01 1.3784e+03  0.3843293     42.363    12.8897    316.811 0.0000e+00
     41.520     4.1995 184.994362     2.1197 6.6925e-02     0.1607    96.0624 1.8071e-01 1.3784e+03  0.3843293     42.339    12.9000    316.766 0.0000e+00
     41.497     4.1996 184.958535     2.1197 7.2908e-02     0.1607    96.0624 1.8193e-01 1.3784e+03  0.3843293     42.315    12.9002    316.703 0.0000e+00
     41.473     4.2003 185.030189     2.1184 7.8050e-02     0.1607    96.0624 1.7705e-01 1.3784e+03  0.3843293     42.291    12.8885    316.818 0.0000e+00
     41.449     4.2010 185.006302     2.1172 7.8572e-02     0.1607    96.0624 1.7094e-01 1.3784e+03  0.3843293     42.266    12.8775    316.770 0.0000e+00
     41.425     4.2014 184.958534     2.1184 7.7529e-02     0.1607    96.0624 1.7582e-01 1.3784e+03  0.3843293     42.242    12.8869    316.684 0.0000e+00
     41.400     4.2014 184.994359     2.1184 7.5976e-02     0.1607    96.0624 1.8681e-01 1.3784e+03  0.3843293     42.216    12.8856    316.745 0.0000e+00
     41.375     4.2020 185.042127     2.1184 7.5976e-02     0.1629    96.0102 1.9414e-01 1.3784e+03  0.3843293     42.191    12.8856    316.820 0.0000e+00
     41.351     4.2028 185.054070     2.1184 7.5976e-02     0.1650    95.9579 1.9780e-01 1.3784e+03  0.3843293     42.166    12.8854    316.832 0.0000e+00
     41.327     4.2035 185.066012     2.1184 7.5976e-02     0.1650    95.9579 1.9658e-01 1.3784e+03  0.3843293     42.142    12.8853    316.845 0.0000e+00
     41.303     4.2039 185.042125     2.1184 7.5976e-02     0.1650    95.9579 1.9048e-01 1.3764e+03  0.3843293     42.117    12.8854    316.800 0.0000e+00
     41.279     4.2039 185.089896     2.1184 7.6492e-02     0.1640    95.9840 1.8437e-01 1.3764e+03  0.3843293     42.093    12.8841    316.881 0.0000e+00
     41.255     4.2038 185.018240     2.1184 7.7010e-02     0.1640    95.9840 1.8071e-01 1.3764e+03  0.3843293     42.068    12.8844    316.760 0.0000e+00
     41.229     4.2039 185.030182     2.1184 7.8050e-02     0.1640    95.9840 1.8681e-01 1.3764e+03  0.3843293     42.042    12.8846    316.779 0.0000e+00
     41.203     4.2047 185.066009     2.1184 7.9096e-02     0.1640    95.9840 1.8803e-01 1.3764e+03  0.3843293     42.015    12.8861    316.832 0.0000e+00
     41.178     4.2055 184.994353     2.1172 8.3338e-02     0.1640    95.9840 1.8315e-01 1.3764e+03  0.3843293     41.990    12.8781    316.701 0.0000e+00
     41.153     4.2063 185.030179     2.1184 8.5496e-02     0.1650    95.9579 1.7827e-01 1.3764e+03  0.3843293     41.964    12.8873    316.753 0.0000e+00
     41.128     4.2066 185.054064     2.1184 8.4414e-02     0.1640    95.9840 1.8193e-01 1.3764e+03  0.3843293     41.939    12.8858    316.791 0.0000e+00
     41.103     4.2061 185.054063     2.1172 7.6492e-02     0.1640    95.9840 1.9292e-01 1.3764e+03  0.3847451     41.913    12.8752    316.796 0.0000e+00
     41.077     4.2063 185.089890     2.1172 7.2908e-02     0.1650    95.9579 1.8559e-01 1.3744e+03  0.3851608     41.887    12.8767    316.855 0.0000e+00
     41.053     4.2060 185.006294     2.1184 7.2908e-02     0.1640    95.9840 1.7094e-01 1.3744e+03  0.3855766     41.862    12.8863    316.716 0.0000e+00
     41.028     4.2061 185.006292     2.1184 8.2269e-02     0.1650    95.9579 1.6850e-01 1.3744e+03  0.3851608     41.837    12.8879    316.714 0.0000e+00
     41.004     4.2061 185.018235     2.1184 8.7678e-02     0.1640    95.9840 1.7094e-01 1.3744e+03  0.3851608     41.812    12.8879    316.735 0.0000e+00
     40.979     4.2061 185.089889     2.1184 8.8227e-02     0.1650    95.9579 1.7216e-01 1.3744e+03  0.3851608     41.787    12.8878    316.858 0.0000e+00
     40.954     4.2063 185.077945     2.1184 9.0439e-02     0.1640    95.9840 1.7949e-01 1.3744e+03  0.3851608     41.761    12.8878    316.835 0.0000e+00
     40.929     4.2060 185.077946     2.1184 9.2115e-02     0.1640    95.9840 1.8559e-01 1.3744e+03  0.3851608     41.736    12.8879    316.838 0.0000e+00
     40.903     4.2058 184.982405     2.1184 9.2677e-02     0.1650    95.9579 2.0757e-01 1.3725e+03  0.3851608     41.709    12.8881    316.677 0.0000e+00
     40.877     4.2060 185.030174     2.1184 9.0439e-02     0.1650    95.9579 2.2466e-01 1.3725e+03  0.3851608     41.683    12.8883    316.756 0.0000e+00
     40.853     4.2056 185.054059     2.1184 8.8227e-02     0.1650    95.9579 2.2833e-01 1.3725e+03  0.3851608     41.658    12.8903    316.802 0.0000e+00
     40.828     4.2055 185.054059     2.1184 8.7678e-02     0.1650    95.9579 2.1734e-01 1.3725e+03  0.3851608     41.633    12.8905    316.803 0.0000e+00
     40.804     4.2052 185.006289     2.1172 8.9330e-02     0.1661    95.9317 2.0513e-01 1.3725e+03  0.3851608     41.608    12.8813    316.724 0.0000e+00
     40.779     4.2052 185.030174     2.1184 9.1555e-02     0.1661    95.9317 1.9658e-01 1.3725e+03  0.3851608     41.583    12.8908    316.765 0.0000e+00
     40.753     4.2052 185.018231     2.1184 9.2115e-02     0.1661    95.9317 1.8926e-01 1.3725e+03  0.3851608     41.556    12.8908    316.745 0.0000e+00
     40.726     4.2045 184.994345     2.1184 9.3806e-02     0.1661    95.9317 1.8071e-01 1.3725e+03  0.3851608     41.529    12.8911    316.711 0.0000e+00
     40.701     4.2039 184.946576     2.1184 9.7805e-02     0.1661    95.9317 1.7094e-01 1.3705e+03  0.3855766     41.503    12.8914    316.636 0.0000e+00
     40.677     4.2038 185.006288     2.1172 9.8962e-02     0.1661    95.9317 1.6361e-01 1.3705e+03  0.3851608     41.479    12.8821    316.739 0.0000e+00
     40.652     4.2038 185.101827     2.1184 1.0013e-01     0.1661    95.9317 1.6117e-01 1.3705e+03  0.3855766     41.453    12.8916    316.903 0.0000e+00
     40.626     4.2035 185.089884     2.1184 1.0247e-01     0.1672    95.9056 1.5995e-01 1.3705e+03  0.3855766     41.427    12.8933    316.886 0.0000e+00
     40.601     4.2036 185.030171     2.1197 1.0366e-01     0.1661    95.9317 1.7460e-01 1.3705e+03  0.3855766     41.401    12.9034    316.782 0.0000e+00
     40.577     4.2041 184.994343     2.1197 1.0366e-01     0.1661    95.9317 2.1490e-01 1.3705e+03  0.3855766     41.377    12.9032    316.716 0.0000e+00
     40.552     4.2044 185.030170     2.1184 1.0485e-01     0.1661    95.9317 2.2222e-01 1.3705e+03  0.3851608     41.352    12.8914    316.774 0.0000e+00
     40.526     4.2047 185.054054     2.1184 1.0544e-01     0.1661    95.9317 2.1368e-01 1.3705e+03  0.3855766     41.325    12.8912    316.811 0.0000e+00
     40.500     4.2050 185.006283     2.1184 1.0544e-01     0.1661    95.9317 2.0024e-01 1.3685e+03  0.3855766     41.298    12.8910    316.726 0.0000e+00
     40.476     4.2052 185.030168     2.1184 1.0425e-01     0.1650    95.9579 1.8681e-01 1.3685e+03  0.3855766     41.274    12.8894    316.765 0.0000e+00
     40.452     4.2054 185.054053     2.1184 1.0366e-01     0.1650    95.9579 1.7582e-01 1.3685e+03  0.3855766     41.250    12.8877    316.804 0.0000e+00
