data/05_metadata_exports/SeabirdData/202305_SeabirdData/83450_stn18.cnv
* Sea-Bird SBE 9 Data File:
* FileName = C:\Users\rosette\Rosette Data\2023\Ontario CSMI\stn18.hex
* Software Version Seasave V 7.26.6.26
* Temperature SN = 5270
* Conductivity SN = 1168
* Number of Bytes Per Scan = 40
* Number of Voltage Words = 5
* Number of Scans Averaged by the Deck Unit = 1
* NMEA Latitude = 43 18.22 N
* NMEA Longitude = 079 16.68 W
* NMEA UTC (Time) = Oct 03 2003  12:29:41
* NMEA baud rate = 4800
** Ship: Lake Guardian
** Ontario CSMI LWFS
** Station:  stn18
# nquan = 14                                
# nvalues = 15824                       
# units = specified
# name 0 = prDM: Pressure, Digiquartz [db]
# name 1 = t090C: Temperature [ITS-90, deg C]
# name 2 = c0uS/cm: Conductivity [uS/cm]
# name 3 = sbeox0V: Oxygen raw, SBE 43 [V]
# name 4 = par: PAR/Irradiance, Biospherical/Licor
# name 5 = bat: Beam Attenuation, Chelsea/Seatech [1/m]
# name 6 = xmiss: Beam Transmission, Chelsea/Seatech [%]
# name 7 = flSP: Fluorescence, Seapoint
# name 8 = spar: SPAR, Biospherical/Licor
# name 9 = upoly0: Upoly 0, Suna Nitrate
# name 10 = depFM: Depth [fresh water, m], lat = 43.3037
# name 11 = sbeox0Mg/L: Oxygen, SBE 43 [mg/l], WS = 2
# name 12 = specc: Specific Conductance [uS/cm]
# name 13 = flag: flag
# span 0 =     -0.338,     82.409       
# span 1 =     4.1003,    11.8883       
# span 2 =  17.815913, 229.132463       
# span 3 =     1.8608,     2.3590       
# span 4 = 1.0000e-12, 1.9619e+03       
# span 5 =     0.1282,     1.9834       
# span 6 =    60.9049,    96.8466       
# span 7 = 0.0000e+00, 2.0989e+00       
# span 8 = 1.0712e+03, 1.1303e+03       
# span 9 =  0.0750019,  0.3955549       
# span 10 =     -0.345,     84.034      
# span 11 =     8.9529,    13.5160      
# span 12 =     24.153,    318.549      
# span 13 = 0.0000e+00, 0.0000e+00      
# interval = seconds: 0.0416667
# start_time = Oct 03 2003 12:29:41 [NMEA time, header]
# bad_flag = -9.990e-29
*END*
[from data line 3820]
      1.915    10.8163 227.056316     2.2894 6.4616e+02     0.6956    84.0383 3.2234e-01 1.0929e+03  0.3722722      1.953    11.8377    316.950 -9.990e-29
      1.913    10.8187 227.092314     2.2894 6.4616e+02     0.6956    84.0383 3.3700e-01 1.0929e+03  0.3722722      1.951    11.8368    316.979 -9.990e-29
      1.912    10.8221 227.104311     2.2894 6.3001e+02     0.6943    84.0644 3.4554e-01 1.0929e+03  0.3722722      1.950    11.8356    316.966 -9.990e-29
      1.911    10.8253 227.092309     2.2894 6.1773e+02     0.6956    84.0383 3.4554e-01 1.0929e+03  0.3722722      1.949    11.8344    316.921 -9.990e-29
      1.911    10.8275 227.128308     2.2906 6.1599e+02     0.6956    84.0383 3.4432e-01 1.0929e+03  0.3722722      1.949    11.8405    316.952 -9.990e-29
      1.911    10.8294 227.104307     2.2894 6.3001e+02     0.6956    84.0383 3.4066e-01 1.0929e+03  0.3722722      1.949    11.8319    316.902 -9.990e-29
      1.909    10.8300 227.176308     2.2894 6.4798e+02     0.6956    84.0383 3.3333e-01 1.0929e+03  0.3722722      1.947    11.8314    316.997 -9.990e-29
      1.907    10.8300 227.068304     2.2906 6.5163e+02     0.6956    84.0383 3.2357e-01 1.0929e+03  0.3722722      1.945    11.8389    316.846 -9.990e-29
      1.906    10.8305 227.092305     2.2894 6.3893e+02     0.6943    84.0644 3.1380e-01 1.0929e+03  0.3726880      1.944    11.8316    316.875 -9.990e-29
      1.905    10.8310 227.092305     2.2894 6.1599e+02     0.6956    84.0383 3.0647e-01 1.0929e+03  0.3726880      1.943    11.8320    316.871 -9.990e-29
      1.904    10.8307 227.104304     2.2894 6.1254e+02     0.6956    84.0383 3.0159e-01 1.0929e+03  0.3710249      1.942    11.8325    316.890 -9.990e-29
      1.903    10.8300 227.092306     2.2882 6.2648e+02     0.6943    84.0644 3.0037e-01 1.0929e+03  0.3560574      1.941    11.8254    316.879 -9.990e-29
      1.902    10.8299 227.092306     2.2906 6.6833e+02     0.6968    84.0122 2.9915e-01 1.0929e+03  0.3506525      1.939    11.8415    316.880 -9.990e-29
      1.901    10.8290 227.020304     2.2894 6.8162e+02     0.6981    83.9860 3.0281e-01 1.0929e+03  0.3502368      1.938    11.8343    316.788 -9.990e-29
      1.899    10.8262 227.032308     2.2894 6.7399e+02     0.6993    83.9599 3.0891e-01 1.0929e+03  0.3506525      1.936    11.8364    316.829 -9.990e-29
      1.897    10.8245 227.032309     2.2894 6.4253e+02     0.6981    83.9860 3.1624e-01 1.0929e+03  0.3510683      1.934    11.8373    316.844 -9.990e-29
      1.894    10.8221 227.032309     2.2894 6.3178e+02     0.6993    83.9599 3.2112e-01 1.0929e+03  0.3510683      1.931    11.8384    316.866 -9.990e-29
      1.892    10.8201 226.960310     2.2894 6.3356e+02     0.6981    83.9860 3.2234e-01 1.0929e+03  0.3510683      1.929    11.8384    316.783 -9.990e-29
      1.891    10.8193 226.972312     2.2894 6.5715e+02     0.6981    83.9860 3.2357e-01 1.0929e+03  0.3510683      1.928    11.8382    316.807 -9.990e-29
      1.890    10.8186 226.948311     2.2894 6.6833e+02     0.6981    83.9860 3.2479e-01 1.0929e+03  0.3510683      1.927    11.8387    316.779 -9.990e-29
      1.889    10.8150 226.936314     2.2894 6.6833e+02     0.6993    83.9599 3.2601e-01 1.0929e+03  0.3510683      1.926    11.8401    316.794 -9.990e-29
      1.889    10.8104 226.972319     2.2906 6.2824e+02     0.6981    83.9860 3.2845e-01 1.0929e+03  0.3510683      1.926    11.8487    316.885 -9.990e-29
      1.888    10.8099 226.924318     2.2906 6.0739e+02     0.6981    83.9860 3.3333e-01 1.0929e+03  0.3510683      1.925    11.8491    316.823 -9.990e-29
      1.887    10.8063 226.852322     2.2906 6.0569e+02     0.6981    83.9860 3.3944e-01 1.0929e+03  0.3510683      1.924    11.8503    316.754 -9.990e-29
      1.885    10.7982 226.768328     2.2906 6.3893e+02     0.6993    83.9599 3.4554e-01 1.0929e+03  0.3510683      1.922    11.8529    316.709 -9.990e-29
      1.883    10.7950 226.708331     2.2894 6.6458e+02     0.6981    83.9860 3.4921e-01 1.0929e+03  0.3510683      1.920    11.8452    316.653 -9.990e-29
      1.883    10.7957 226.732330     2.2894 6.6833e+02     0.6968    84.0122 3.5287e-01 1.0948e+03  0.3510683      1.920    11.8443    316.680 -9.990e-29
      1.884    10.7933 226.720332     2.2894 6.6645e+02     0.6981    83.9860 3.5531e-01 1.0948e+03  0.3510683      1.921    11.8442    316.685 -9.990e-29
      1.885    10.7890 226.696337     2.2894 6.6458e+02     0.6981    83.9860 3.5409e-01 1.0948e+03  0.3498210      1.922    11.8447    316.689 -9.990e-29
      1.885    10.7862 226.696338     2.2906 6.6458e+02     0.6981    83.9860 3.5409e-01 1.0929e+03  0.3510683      1.922    11.8544    316.714 -9.990e-29
      1.886    10.7839 226.660341     2.2894 6.5346e+02     0.6981    83.9860 3.5287e-01 1.0948e+03  0.3494052      1.923    11.8465    316.684 -9.990e-29
      1.887    10.7824 226.588345     2.2894 6.3713e+02     0.6993    83.9599 3.4921e-01 1.0929e+03  0.3498210      1.924    11.8462    316.597 -9.990e-29
      1.887    10.7820 226.612343     2.2906 6.3356e+02     0.6993    83.9599 3.4432e-01 1.0948e+03  0.3502368      1.924    11.8543    316.634 -9.990e-29
      1.887    10.7817 226.636343     2.2906 6.2472e+02     0.6993    83.9599 3.3822e-01 1.0948e+03  0.3502368      1.924    11.8536    316.670 -9.990e-29
      1.888    10.7817 226.600345     2.2906 6.0910e+02     0.6981    83.9860 3.4432e-01 1.0948e+03  0.3502368      1.925    11.8538    316.620 -9.990e-29
      1.888    10.7817 226.708342     2.2906 6.0399e+02     0.6993    83.9599 3.6020e-01 1.0948e+03  0.3502368      1.925    11.8539    316.771 -9.990e-29
      1.887    10.7819 226.660341     2.2906 6.0910e+02     0.6993    83.9599 3.5775e-01 1.0948e+03  0.3502368      1.924    11.8530    316.702 -9.990e-29
      1.887    10.7820 226.672343     2.2906 6.2472e+02     0.6993    83.9599 3.5165e-01 1.0948e+03  0.3502368      1.924    11.8539    316.718 -9.990e-29
      1.888    10.7825 226.624342     2.2906 6.3001e+02     0.6993    83.9599 3.4799e-01 1.0948e+03  0.3502368      1.925    11.8529    316.646 -9.990e-29
      1.888    10.7822 226.672342     2.2906 6.3356e+02     0.6993    83.9599 3.3944e-01 1.0948e+03  0.3502368      1.925    11.8530    316.716 -9.990e-29
      1.888    10.7806 226.648343     2.2894 6.6833e+02     0.7006    83.9337 3.3211e-01 1.0948e+03  0.3502368      1.925    11.8447    316.697 -9.990e-29
      1.888    10.7791 226.636345     2.2894 6.8162e+02     0.6993    83.9599 3.2967e-01 1.0948e+03  0.3502368      1.925    11.8443    316.693 -9.990e-29
      1.889    10.7784 226.600348     2.2894 6.8354e+02     0.7006    83.9337 3.2234e-01 1.0948e+03  0.3510683      1.926    11.8436    316.649 -9.990e-29
      1.890    10.7777 226.600347     2.2906 6.7589e+02     0.6993    83.9599 3.1258e-01 1.0948e+03  0.3514841      1.927    11.8507    316.655 -9.990e-29
      1.891    10.7773 226.624346     2.2906 6.7210e+02     0.6993    83.9599 3.1380e-01 1.0948e+03  0.3518998      1.928    11.8499    316.692 -9.990e-29
      1.892    10.7767 226.600349     2.2906 6.7399e+02     0.6993    83.9599 3.2234e-01 1.0948e+03  0.3514841      1.929    11.8492    316.664 -9.990e-29
      1.893    10.7771 226.636347     2.2906 6.4980e+02     0.6993    83.9599 3.2357e-01 1.0948e+03  0.3518998      1.930    11.8491    316.711 -9.990e-29
      1.893    10.7776 226.588347     2.2906 6.3356e+02     0.6993    83.9599 3.1258e-01 1.0948e+03  0.3518998      1.930    11.8489    316.639 -9.990e-29
      1.892    10.7771 226.612348     2.2906 6.3178e+02     0.6993    83.9599 3.0403e-01 1.0948e+03  0.3518998      1.929    11.8492    316.677 -9.990e-29
      1.891    10.7766 226.636346     2.2894 6.3893e+02     0.6993    83.9599 3.0647e-01 1.0948e+03  0.3518998      1.928    11.8416    316.715 -9.990e-29
      1.890    10.7769 226.636346     2.2894 6.4434e+02     0.6993    83.9599 3.1013e-01 1.0948e+03  0.3514841      1.927    11.8407    316.713 -9.990e-29
      1.891    10.7773 226.636347     2.2894 6.4616e+02     0.6993    83.9599 3.1013e-01 1.0948e+03  0.3518998      1.928    11.8399    316.709 -9.990e-29
      1.891    10.7776 226.636346     2.2894 6.4798e+02     0.7006    83.9337 3.0769e-01 1.0948e+03  0.3514841      1.928    11.8390    316.706 -9.990e-29
      1.891    10.7777 226.648346     2.2906 6.5163e+02     0.6981    83.9860 3.1258e-01 1.0948e+03  0.3514841      1.928    11.8460    316.722 -9.990e-29
      1.891    10.7784 226.612346     2.2894 6.5346e+02     0.6943    84.0644 3.2234e-01 1.0948e+03  0.3514841      1.928    11.8382    316.666 -9.990e-29
      1.891    10.7796 226.636344     2.2894 6.6458e+02     0.6931    84.0906 3.3578e-01 1.0948e+03  0.3518998      1.928    11.8371    316.689 -9.990e-29
      1.892    10.7793 226.636346     2.2894 6.8546e+02     0.6919    84.1167 3.4432e-01 1.0948e+03  0.3518998      1.929    11.8365    316.691 -9.990e-29
      1.893    10.7807 226.648343     2.2894 6.9321e+02     0.6943    84.0644 3.4799e-01 1.0948e+03  0.3514841      1.930    11.8362    316.696 -9.990e-29
      1.893    10.7815 226.612345     2.2906 6.9321e+02     0.6931    84.0906 3.4676e-01 1.0948e+03  0.3514841      1.930    11.8449    316.638 -9.990e-29
      1.894    10.7819 226.636343     2.2906 6.9517e+02     0.6931    84.0906 3.5165e-01 1.0948e+03  0.3514841      1.931    11.8459    316.668 -9.990e-29
      1.894    10.7825 226.684342     2.2906 6.9517e+02     0.6931    84.0906 3.6508e-01 1.0948e+03  0.3518998      1.931    11.8468    316.730 -9.990e-29
      1.895    10.7839 226.660340     2.2906 6.8354e+02     0.6931    84.0906 3.7851e-01 1.0948e+03  0.3518998      1.932    11.8466    316.684 -9.990e-29
      1.895    10.7840 226.696341     2.2894 6.3713e+02     0.6943    84.0644 3.8828e-01 1.0948e+03  0.3518998      1.932    11.8390    316.734 -9.990e-29
      1.895    10.7839 226.648341     2.2906 6.1947e+02     0.6931    84.0906 3.9316e-01 1.0948e+03  0.3518998      1.932    11.8471    316.667 -9.990e-29
      1.895    10.7834 226.648342     2.2894 6.2121e+02     0.6931    84.0906 3.9438e-01 1.0948e+03  0.3514841      1.932    11.8406    316.672 -9.990e-29
      1.896    10.7825 226.612343     2.2894 6.4616e+02     0.6931    84.0906 3.8706e-01 1.0948e+03  0.3518998      1.933    11.8412    316.630 -9.990e-29
      1.896    10.7817 226.624345     2.2894 6.5715e+02     0.6931    84.0906 3.7118e-01 1.0948e+03  0.3518998      1.933    11.8417    316.653 -9.990e-29
      1.897    10.7806 226.636344     2.2894 6.5715e+02     0.6931    84.0906 3.5897e-01 1.0948e+03  0.3514841      1.934    11.8422    316.680 -9.990e-29
      1.897    10.7796 226.636345     2.2894 6.4434e+02     0.6931    84.0906 3.5165e-01 1.0948e+03  0.3518998      1.934    11.8427    316.689 -9.990e-29
      1.898    10.7788 226.636345     2.2894 6.3713e+02     0.6931    84.0906 3.4676e-01 1.0948e+03  0.3518998      1.935    11.8432    316.696 -9.990e-29
      1.899    10.7771 226.600348     2.2894 6.3535e+02     0.6931    84.0906 3.4188e-01 1.0948e+03  0.3518998      1.936    11.8440    316.661 -9.990e-29
      1.899    10.7763 226.576350     2.2894 6.3535e+02     0.6919    84.1167 3.3944e-01 1.0948e+03  0.3518998      1.936    11.8446    316.634 -9.990e-29
      1.899    10.7759 226.540351     2.2894 6.3356e+02     0.6931    84.0906 3.4188e-01 1.0948e+03  0.3514841      1.936    11.8459    316.587 -9.990e-29
      1.899    10.7756 226.564351     2.2894 6.3356e+02     0.6931    84.0906 3.4554e-01 1.0948e+03  0.3514841      1.936    11.8473    316.624 -9.990e-29
      1.898    10.7756 226.588349     2.2894 6.3893e+02     0.6919    84.1167 3.4799e-01 1.0948e+03  0.3514841      1.935    11.8476    316.657 -9.990e-29
      1.898    10.7754 226.576351     2.2894 6.4434e+02     0.6919    84.1167 3.4921e-01 1.0948e+03  0.3514841      1.935    11.8479    316.642 -9.990e-29
      1.898    10.7755 226.528353     2.2894 6.4434e+02     0.6919    84.1167 3.5531e-01 1.0948e+03  0.3518998      1.935    11.8482    316.574 -9.990e-29
      1.897    10.7756 226.576349     2.2894 6.3713e+02     0.6931    84.0906 3.6752e-01 1.0948e+03  0.3518998      1.934    11.8483    316.640 -9.990e-29
      1.897    10.7755 226.576350     2.2894 6.2648e+02     0.6919    84.1167 3.7729e-01 1.0948e+03  0.3514841      1.934    11.8495    316.641 -9.990e-29
      1.898    10.7754 226.588350     2.2894 6.2296e+02     0.6931    84.0906 3.7973e-01 1.0948e+03  0.3514841      1.935    11.8488    316.659 -9.990e-29
      1.897    10.7761 226.576350     2.2894 6.2296e+02     0.6931    84.0906 3.7851e-01 1.0948e+03  0.3518998      1.934    11.8488    316.636 -9.990e-29
      1.897    10.7758 226.588349     2.2894 6.2296e+02     0.6919    84.1167 3.7363e-01 1.0948e+03  0.3518998      1.934    11.8490    316.655 -9.990e-29
      1.896    10.7758 226.600349     2.2906 6.2121e+02     0.6919    84.1167 3.6752e-01 1.0948e+03  0.3518998      1.933    11.8569    316.672 -9.990e-29
      1.896    10.7760 226.552350     2.2906 6.2121e+02     0.6919    84.1167 3.6386e-01 1.0948e+03  0.3518998      1.933    11.8578    316.603 -9.990e-29
      1.897    10.7764 226.576349     2.2906 6.1599e+02     0.6919    84.1167 3.6020e-01 1.0948e+03  0.3518998      1.934    11.8587    316.633 -9.990e-29
      1.899    10.7766 226.624348     2.2894 6.1426e+02     0.6919    84.1167 3.5653e-01 1.0968e+03  0.3518998      1.936    11.8509    316.699 -9.990e-29
      1.899    10.7771 226.588349     2.2894 6.1773e+02     0.6919    84.1167 3.4921e-01 1.0968e+03  0.3518998      1.936    11.8518    316.644 -9.990e-29
      1.899    10.7772 226.588349     2.2894 6.4253e+02     0.6919    84.1167 3.4310e-01 1.0968e+03  0.3518998      1.936    11.8519    316.643 -9.990e-29
      1.897    10.7774 226.552349     2.2906 6.5346e+02     0.6931    84.0906 3.3455e-01 1.0968e+03  0.3514841      1.934    11.8615    316.591 -9.990e-29
      1.897    10.7774 226.576349     2.2906 6.5346e+02     0.6919    84.1167 3.2723e-01 1.0968e+03  0.3514841      1.934    11.8624    316.624 -9.990e-29
      1.897    10.7776 226.576347     2.2906 6.5900e+02     0.6919    84.1167 3.2112e-01 1.0968e+03  0.3518998      1.934    11.8623    316.623 -9.990e-29
      1.898    10.7782 226.612348     2.2906 6.6086e+02     0.6919    84.1167 3.1868e-01 1.0968e+03  0.3518998      1.935    11.8620    316.668 -9.990e-29
      1.899    10.7786 226.600346     2.2894 6.6086e+02     0.6919    84.1167 3.2723e-01 1.0968e+03  0.3518998      1.936    11.8540    316.647 -9.990e-29
      1.899    10.7783 226.624347     2.2894 6.6086e+02     0.6919    84.1167 3.4676e-01 1.0968e+03  0.3518998      1.936    11.8539    316.684 -9.990e-29
      1.898    10.7781 226.648346     2.2894 6.6086e+02     0.6906    84.1429 3.6264e-01 1.0968e+03  0.3518998      1.935    11.8538    316.719 -9.990e-29
      1.897    10.7817 226.636343     2.2894 6.6086e+02     0.6919    84.1167 3.6264e-01 1.0968e+03  0.3518998      1.934    11.8534    316.670 -9.990e-29
      1.897    10.7853 226.696338     2.2906 6.6086e+02     0.6906    84.1429 3.5531e-01 1.0968e+03  0.3514841      1.934    11.8607    316.722 -9.990e-29
      1.898    10.7867 226.696339     2.2906 6.6272e+02     0.6906    84.1429 3.4554e-01 1.0968e+03  0.3514841      1.935    11.8599    316.710 -9.990e-29
      1.898    10.7867 226.660339     2.2906 6.6272e+02     0.6906    84.1429 3.3822e-01 1.0968e+03  0.3514841      1.935    11.8595    316.659 -9.990e-29
      1.897    10.7860 226.684338     2.2906 6.4980e+02     0.6919    84.1167 3.3822e-01 1.0968e+03  0.3518998      1.934    11.8593    316.699 -9.990e-29
      1.897    10.7867 226.756337     2.2906 6.3356e+02     0.6919    84.1167 3.4188e-01 1.0968e+03  0.3514841      1.934    11.8586    316.794 -9.990e-29
      1.897    10.7880 226.672337     2.2906 6.3001e+02     0.6919    84.1167 3.5531e-01 1.0968e+03  0.3514841      1.934    11.8577    316.665 -9.990e-29
