data/05_metadata_exports/SeabirdData/202305_SeabirdData/83464_stn12.cnv
* Sea-Bird SBE 9 Data File:
* FileName = C:\Users\rosette\Rosette Data\2023\Ontario CSMI\stn12.hex
* Software Version Seasave V 7.26.6.26
* Temperature SN = 5270
* Conductivity SN = 1168
* Number of Bytes Per Scan = 40
* Number of Voltage Words = 5
* Number of Scans Averaged by the Deck Unit = 1
* NMEA Latitude = 43 30.20 N
* NMEA Longitude = 079 21.20 W
* NMEA UTC (Time) = Oct 03 2003  14:27:34
* NMEA baud rate = 4800
** Ship: Lake Guardian
** Ontario CSMI LWFS
** Station:  stn12
# nquan = 14                                
# nvalues = 17733                       
# units = specified
# name 0 = prDM: Pressure, Digiquartz [db]
# name 1 = t090C: Temperature [ITS-90, deg C]
# name 2 = c0uS/cm: Conductivity [uS/cm]
# name 3 = sbeox0V: Oxygen raw, SBE 43 [V]
# name 4 = par: PAR/Irradiance, Biospherical/Licor
# name 5 = bat: Beam Attenuation, Chelsea/Seatech [1/m]
# name 6 = xmiss: Beam Transmission, Chelsea/Seatech [%]
# name 7 = flSP: Fluorescence, Seapoint
# name 8 = spar: SPAR, Biospherical/Licor
# name 9 = upoly0: Upoly 0, Suna Nitrate
# name 10 = depFM: Depth [fresh water, m], lat = 43.5033
# name 11 = sbeox0Mg/L: Oxygen, SBE 43 [mg/l], WS = 2
# name 12 = specc: Specific Conductance [uS/cm]
# name 13 = flag: flag
# span 0 =     -0.225,    101.074       
# span 1 =     4.0725,     9.1575       
# span 2 =  22.383639, 299.368788       
# span 3 =     1.8632,     2.3797       
# span 4 = 1.0000e-12, 2.8676e+03       
# span 5 =     0.0916,     5.6529       
# span 6 =    24.3358,    97.7354       
# span 7 = 1.5873e-02, 1.4469e+00       
# span 8 = 1.2642e+03, 1.8431e+03       
# span 9 =  0.0741704,  0.3839135       
# span 10 =     -0.229,    103.067      
# span 11 =     9.7887,    13.8664      
# span 12 =     32.823,    438.845      
# span 13 = 0.0000e+00, 0.0000e+00      
# interval = seconds: 0.0416667
# start_time = Oct 03 2003 14:27:34 [NMEA time, header]
# bad_flag = -9.990e-29
*END*
[from data line 13007]
     64.293     4.1603 183.920036     2.1013 1.0000e-12     0.1066    97.3694 8.7912e-02 1.4946e+03  0.3602151     65.561    12.8237    315.350 0.0000e+00
     64.272     4.1606 183.979742     2.1013 1.0000e-12     0.1066    97.3694 8.5470e-02 1.4946e+03  0.3606308     65.539    12.8233    315.449 0.0000e+00
     64.251     4.1609 183.955858     2.1013 1.0000e-12     0.1066    97.3694 8.1807e-02 1.4946e+03  0.3606308     65.518    12.8228    315.404 0.0000e+00
     64.231     4.1613 183.943917     2.1001 1.0000e-12     0.1056    97.3955 7.8144e-02 1.4926e+03  0.3606308     65.497    12.8127    315.380 0.0000e+00
     64.211     4.1616 183.943918     2.1001 1.0000e-12     0.1056    97.3955 7.5702e-02 1.4926e+03  0.3606308     65.477    12.8137    315.376 0.0000e+00
     64.190     4.1619 183.908093     2.1001 1.0000e-12     0.1056    97.3955 7.4481e-02 1.4926e+03  0.3606308     65.456    12.8146    315.312 0.0000e+00
     64.169     4.1627 183.943915     2.1026 1.0000e-12     0.1066    97.3694 7.3260e-02 1.4926e+03  0.3606308     65.434    12.8335    315.365 0.0000e+00
     64.149     4.1624 183.943915     2.1026 1.0000e-12     0.1066    97.3694 7.2039e-02 1.4926e+03  0.3606308     65.414    12.8314    315.368 0.0000e+00
     64.129     4.1627 183.908091     2.1013 1.0000e-12     0.1066    97.3694 7.2039e-02 1.4926e+03  0.3606308     65.393    12.8188    315.303 0.0000e+00
     64.110     4.1620 183.931975     2.1013 1.0000e-12     0.1066    97.3694 7.0818e-02 1.4926e+03  0.3606308     65.374    12.8182    315.352 0.0000e+00
     64.089     4.1620 183.908092     2.1013 1.0000e-12     0.1056    97.3955 6.9597e-02 1.4926e+03  0.3606308     65.353    12.8189    315.311 0.0000e+00
     64.067     4.1614 183.908091     2.1013 1.0000e-12     0.1056    97.3955 6.8376e-02 1.4926e+03  0.3606308     65.330    12.8198    315.317 0.0000e+00
     64.046     4.1616 183.943914     2.1013 1.0000e-12     0.1066    97.3694 6.9597e-02 1.4926e+03  0.3606308     65.309    12.8203    315.376 0.0000e+00
     64.027     4.1619 183.920031     2.1026 1.0000e-12     0.1066    97.3694 7.0818e-02 1.4926e+03  0.3606308     65.289    12.8310    315.332 0.0000e+00
     64.008     4.1620 183.908091     2.1026 1.0000e-12     0.1066    97.3694 7.2039e-02 1.4906e+03  0.3614624     65.270    12.8299    315.311 0.0000e+00
     63.988     4.1620 184.015559     2.1013 1.0000e-12     0.1066    97.3694 7.4481e-02 1.4906e+03  0.3672830     65.250    12.8186    315.495 0.0000e+00
     63.968     4.1625 183.920030     2.1026 1.0000e-12     0.1066    97.3694 7.4481e-02 1.4906e+03  0.3755983     65.229    12.8275    315.326 0.0000e+00
     63.948     4.1625 183.896147     2.1026 1.0000e-12     0.1056    97.3955 7.6923e-02 1.4906e+03  0.3797559     65.209    12.8264    315.285 0.0000e+00
     63.928     4.1625 183.943911     2.1026 1.0000e-12     0.1066    97.3694 8.0586e-02 1.4906e+03  0.3797559     65.188    12.8253    315.367 0.0000e+00
     63.909     4.1628 183.991675     2.1026 1.0000e-12     0.1066    97.3694 8.1807e-02 1.4906e+03  0.3793402     65.169    12.8241    315.445 0.0000e+00
     63.889     4.1620 183.884206     2.1026 1.0000e-12     0.1066    97.3694 8.0586e-02 1.4906e+03  0.3793402     65.149    12.8233    315.270 0.0000e+00
     63.869     4.1620 183.872265     2.1026 1.0000e-12     0.1066    97.3694 8.0586e-02 1.4906e+03  0.3793402     65.128    12.8222    315.249 0.0000e+00
     63.850     4.1625 183.943910     2.1013 1.0000e-12     0.1066    97.3694 8.4249e-02 1.4906e+03  0.3793402     65.109    12.8108    315.367 0.0000e+00
     63.830     4.1630 183.967791     2.1013 1.0000e-12     0.1066    97.3694 8.5470e-02 1.4906e+03  0.3793402     65.088    12.8095    315.402 0.0000e+00
     63.809     4.1630 183.920028     2.1026 1.0000e-12     0.1056    97.3955 8.1807e-02 1.4906e+03  0.3797559     65.067    12.8172    315.320 0.0000e+00
     63.786     4.1627 183.908085     2.1026 1.0000e-12     0.1056    97.3955 7.9365e-02 1.4906e+03  0.3793402     65.044    12.8162    315.303 0.0000e+00
     63.764     4.1631 183.908085     2.1013 1.0000e-12     0.1045    97.4217 7.6923e-02 1.4906e+03  0.3797559     65.021    12.8034    315.299 0.0000e+00
     63.743     4.1627 183.943908     2.1013 1.0000e-12     0.1045    97.4217 7.4481e-02 1.4906e+03  0.3793402     65.000    12.8026    315.365 0.0000e+00
     63.722     4.1624 183.967789     2.1026 1.0000e-12     0.1056    97.3955 7.0818e-02 1.4906e+03  0.3793402     64.978    12.8104    315.409 0.0000e+00
     63.701     4.1619 183.991672     2.1026 1.0000e-12     0.1045    97.4217 6.7155e-02 1.4906e+03  0.3793402     64.957    12.8081    315.455 0.0000e+00
     63.681     4.1619 183.931967     2.1026 1.0000e-12     0.1056    97.3955 6.7155e-02 1.4906e+03  0.3793402     64.937    12.8055    315.353 0.0000e+00
     63.660     4.1620 183.979730     2.1013 1.0000e-12     0.1045    97.4217 7.2039e-02 1.4906e+03  0.3793402     64.915    12.7957    315.433 0.0000e+00
     63.638     4.1622 183.955846     2.1013 1.0000e-12     0.1056    97.3955 7.5702e-02 1.4906e+03  0.3793402     64.893    12.7978    315.390 0.0000e+00
     63.616     4.1622 183.943906     2.1013 1.0000e-12     0.1045    97.4217 8.0586e-02 1.4906e+03  0.3793402     64.870    12.7967    315.370 0.0000e+00
     63.596     4.1623 183.943905     2.1026 1.0000e-12     0.1045    97.4217 8.4249e-02 1.4906e+03  0.3793402     64.850    12.8058    315.369 0.0000e+00
     63.575     4.1619 183.896142     2.1026 1.0000e-12     0.1056    97.3955 8.1807e-02 1.4906e+03  0.3793402     64.828    12.8064    315.291 0.0000e+00
     63.554     4.1616 183.920024     2.1026 1.0000e-12     0.1056    97.3955 8.0586e-02 1.4906e+03  0.3793402     64.807    12.8054    315.335 0.0000e+00
     63.532     4.1611 183.943905     2.1026 1.0000e-12     0.1056    97.3955 7.8144e-02 1.4906e+03  0.3793402     64.785    12.8044    315.382 0.0000e+00
     63.510     4.1608 183.943904     2.1013 1.0000e-12     0.1056    97.3955 7.9365e-02 1.4906e+03  0.3793402     64.762    12.7948    315.385 0.0000e+00
     63.489     4.1606 183.979728     2.1013 1.0000e-12     0.1045    97.4217 8.0586e-02 1.4906e+03  0.3793402     64.741    12.7954    315.449 0.0000e+00
     63.468     4.1600 183.967786     2.1013 1.0000e-12     0.1045    97.4217 8.5470e-02 1.4906e+03  0.3793402     64.719    12.7946    315.435 0.0000e+00
     63.447     4.1600 183.967786     2.1013 1.0000e-12     0.1045    97.4217 8.9133e-02 1.4906e+03  0.3793402     64.698    12.7967    315.435 0.0000e+00
     63.427     4.1613 183.967786     2.1013 1.0000e-12     0.1056    97.3955 8.5470e-02 1.4906e+03  0.3793402     64.678    12.7969    315.421 0.0000e+00
     63.406     4.1625 183.943902     2.1013 1.0000e-12     0.1066    97.3694 7.8144e-02 1.4906e+03  0.3793402     64.656    12.7971    315.367 0.0000e+00
     63.384     4.1632 183.955843     2.1013 1.0000e-12     0.1066    97.3694 7.5702e-02 1.4886e+03  0.3793402     64.634    12.7976    315.380 0.0000e+00
     63.360     4.1638 183.943900     2.1013 1.0000e-12     0.1066    97.3694 7.5702e-02 1.4886e+03  0.3793402     64.609    12.7981    315.353 0.0000e+00
     63.336     4.1643 183.943900     2.1013 1.0000e-12     0.1066    97.3694 7.4481e-02 1.4906e+03  0.3793402     64.585    12.7988    315.347 0.0000e+00
     63.313     4.1648 183.943898     2.1013 1.0000e-12     0.1066    97.3694 7.4481e-02 1.4906e+03  0.3797559     64.561    12.7979    315.342 0.0000e+00
     63.290     4.1649 183.979722     2.1001 1.0000e-12     0.1056    97.3955 7.4481e-02 1.4906e+03  0.3797559     64.538    12.7878    315.402 0.0000e+00
     63.268     4.1650 183.931957     2.1013 1.0000e-12     0.1066    97.3694 7.5702e-02 1.4906e+03  0.3793402     64.515    12.7981    315.319 0.0000e+00
     63.246     4.1654 183.979721     2.1001 1.0000e-12     0.1066    97.3694 7.4481e-02 1.4906e+03  0.3793402     64.493    12.7895    315.397 0.0000e+00
     63.224     4.1654 183.955837     2.1013 1.0000e-12     0.1066    97.3694 7.4481e-02 1.4886e+03  0.3793402     64.471    12.7983    315.356 0.0000e+00
     63.202     4.1659 183.955838     2.1013 1.0000e-12     0.1056    97.3955 7.2039e-02 1.4886e+03  0.3793402     64.448    12.7992    315.350 0.0000e+00
     63.180     4.1660 183.943895     2.1013 1.0000e-12     0.1056    97.3955 7.0818e-02 1.4886e+03  0.3793402     64.426    12.8001    315.329 0.0000e+00
     63.160     4.1659 183.908073     2.1013 1.0000e-12     0.1056    97.3955 7.0818e-02 1.4886e+03  0.3793402     64.405    12.8028    315.268 0.0000e+00
     63.139     4.1659 183.943896     2.1013 1.0000e-12     0.1066    97.3694 7.2039e-02 1.4886e+03  0.3793402     64.384    12.8054    315.330 0.0000e+00
     63.116     4.1660 183.920013     2.1026 1.0000e-12     0.1066    97.3694 8.6691e-02 1.4906e+03  0.3793402     64.360    12.8150    315.288 0.0000e+00
     63.092     4.1661 183.908071     2.1013 1.0000e-12     0.1066    97.3694 9.0354e-02 1.4906e+03  0.3793402     64.336    12.8042    315.266 0.0000e+00
     63.070     4.1659 183.943894     2.1013 1.0000e-12     0.1066    97.3694 8.4249e-02 1.4906e+03  0.3793402     64.313    12.8052    315.330 0.0000e+00
     63.048     4.1657 183.991658     2.1026 1.0000e-12     0.1066    97.3694 7.9365e-02 1.4906e+03  0.3793402     64.291    12.8165    315.414 0.0000e+00
     63.025     4.1662 183.955834     2.1013 1.0000e-12     0.1066    97.3694 7.6923e-02 1.4906e+03  0.3793402     64.268    12.8072    315.347 0.0000e+00
     63.003     4.1662 183.943893     2.1013 1.0000e-12     0.1056    97.3955 7.5702e-02 1.4926e+03  0.3793402     64.245    12.8099    315.327 0.0000e+00
     62.981     4.1660 183.943892     2.1013 1.0000e-12     0.1066    97.3694 7.3260e-02 1.4926e+03  0.3793402     64.223    12.8126    315.329 0.0000e+00
     62.959     4.1662 183.943893     2.1013 1.0000e-12     0.1077    97.3433 7.2039e-02 1.4926e+03  0.3793402     64.200    12.8136    315.327 0.0000e+00
     62.938     4.1660 183.955832     2.1013 1.0000e-12     0.1066    97.3694 7.2039e-02 1.4926e+03  0.3793402     64.179    12.8131    315.349 0.0000e+00
     62.916     4.1663 183.943892     2.1026 1.0000e-12     0.1056    97.3955 7.6923e-02 1.4926e+03  0.3793402     64.156    12.8226    315.326 0.0000e+00
     62.894     4.1659 183.979714     2.1013 1.0000e-12     0.1066    97.3694 7.9365e-02 1.4946e+03  0.3793402     64.134    12.8120    315.391 0.0000e+00
     62.872     4.1659 183.967773     2.1013 1.0000e-12     0.1066    97.3694 7.9365e-02 1.4946e+03  0.3793402     64.112    12.8114    315.371 0.0000e+00
     62.849     4.1657 183.943890     2.1013 1.0000e-12     0.1066    97.3694 7.6923e-02 1.4946e+03  0.3793402     64.088    12.8110    315.332 0.0000e+00
     62.826     4.1652 183.943890     2.1013 1.0000e-12     0.1056    97.3955 7.4481e-02 1.4946e+03  0.3793402     64.065    12.8106    315.337 0.0000e+00
     62.804     4.1643 183.896126     2.1013 1.0000e-12     0.1066    97.3694 7.2039e-02 1.4946e+03  0.3793402     64.042    12.8104    315.265 0.0000e+00
     62.783     4.1636 183.896126     2.1013 1.0000e-12     0.1066    97.3694 7.0818e-02 1.4946e+03  0.3793402     64.021    12.8116    315.273 0.0000e+00
     62.763     4.1643 183.943889     2.1013 1.0000e-12     0.1066    97.3694 7.0818e-02 1.4946e+03  0.3793402     64.000    12.8107    315.347 0.0000e+00
     62.744     4.1647 184.003595     2.1013 1.0000e-12     0.1056    97.3955 7.4481e-02 1.4946e+03  0.3793402     63.981    12.8084    315.445 0.0000e+00
     62.724     4.1654 183.931948     2.1013 1.0000e-12     0.1066    97.3694 8.0586e-02 1.4926e+03  0.3793402     63.961    12.8075    315.315 0.0000e+00
     62.703     4.1659 183.979710     2.1013 1.0000e-12     0.1066    97.3694 8.6691e-02 1.4946e+03  0.3789244     63.939    12.8067    315.391 0.0000e+00
     62.680     4.1657 184.003593     2.1026 1.0000e-12     0.1066    97.3694 8.7912e-02 1.4946e+03  0.3785086     63.916    12.8177    315.434 0.0000e+00
     62.659     4.1655 183.967768     2.1013 1.0000e-12     0.1077    97.3433 8.5470e-02 1.4946e+03  0.3780929     63.894    12.8082    315.375 0.0000e+00
     62.638     4.1644 183.967770     2.1026 1.0000e-12     0.1066    97.3694 8.4249e-02 1.4946e+03  0.3780929     63.873    12.8195    315.387 0.0000e+00
     62.617     4.1638 183.967769     2.1026 1.0000e-12     0.1066    97.3694 8.1807e-02 1.4946e+03  0.3780929     63.852    12.8203    315.394 0.0000e+00
     62.596     4.1638 183.943887     2.1013 1.0000e-12     0.1066    97.3694 7.8144e-02 1.4946e+03  0.3780929     63.830    12.8105    315.353 0.0000e+00
     62.575     4.1645 183.943886     2.1013 1.0000e-12     0.1066    97.3694 7.5702e-02 1.4946e+03  0.3780929     63.809    12.8123    315.345 0.0000e+00
     62.554     4.1650 183.979709     2.1026 1.0000e-12     0.1066    97.3694 7.4481e-02 1.4946e+03  0.3780929     63.787    12.8212    315.401 0.0000e+00
     62.533     4.1655 183.955825     2.1013 1.0000e-12     0.1066    97.3694 7.4481e-02 1.4946e+03  0.3785086     63.766    12.8112    315.355 0.0000e+00
     62.512     4.1655 183.896121     2.1013 1.0000e-12     0.1066    97.3694 7.3260e-02 1.4946e+03  0.3780929     63.744    12.8132    315.252 0.0000e+00
     62.490     4.1654 183.943884     2.1026 1.0000e-12     0.1066    97.3694 7.3260e-02 1.4946e+03  0.3780929     63.722    12.8222    315.335 0.0000e+00
     62.469     4.1646 183.920002     2.1026 1.0000e-12     0.1056    97.3955 7.2039e-02 1.4946e+03  0.3780929     63.701    12.8213    315.303 0.0000e+00
     62.448     4.1640 183.943885     2.1026 1.0000e-12     0.1056    97.3955 6.9597e-02 1.4965e+03  0.3780929     63.679    12.8219    315.350 0.0000e+00
     62.427     4.1635 183.943883     2.1013 1.0000e-12     0.1056    97.3955 7.2039e-02 1.4965e+03  0.3780929     63.658    12.8106    315.356 0.0000e+00
     62.407     4.1632 183.943884     2.1013 1.0000e-12     0.1066    97.3694 7.2039e-02 1.4965e+03  0.3780929     63.637    12.8110    315.359 0.0000e+00
     62.387     4.1622 183.943884     2.1013 1.0000e-12     0.1066    97.3694 7.0818e-02 1.4965e+03  0.3785086     63.617    12.8133    315.370 0.0000e+00
     62.368     4.1602 183.955826     2.1013 1.0000e-12     0.1056    97.3955 7.0818e-02 1.4965e+03  0.3780929     63.598    12.8142    315.412 0.0000e+00
     62.348     4.1588 183.872240     2.1013 1.0000e-12     0.1066    97.3694 7.2039e-02 1.4965e+03  0.3785086     63.577    12.8149    315.284 0.0000e+00
     62.327     4.1592 184.003590     2.1013 1.0000e-12     0.1056    97.3955 7.5702e-02 1.4965e+03  0.3780929     63.556    12.8133    315.505 0.0000e+00
     62.306     4.1606 183.920002     2.1013 1.0000e-12     0.1066    97.3694 7.9365e-02 1.4985e+03  0.3780929     63.534    12.8113    315.346 0.0000e+00
     62.285     4.1616 183.943882     2.1026 1.0000e-12     0.1056    97.3955 8.1807e-02 1.4985e+03  0.3780929     63.513    12.8197    315.376 0.0000e+00
     62.265     4.1618 183.920000     2.1013 1.0000e-12     0.1066    97.3694 8.1807e-02 1.4985e+03  0.3780929     63.493    12.8095    315.333 0.0000e+00
     62.245     4.1622 183.836414     2.1013 1.0000e-12     0.1056    97.3955 8.1807e-02 1.4985e+03  0.3785086     63.472    12.8094    315.186 0.0000e+00
     62.225     4.1635 183.955822     2.1013 1.0000e-12     0.1056    97.3955 8.0586e-02 1.5005e+03  0.3780929     63.452    12.8089    315.376 0.0000e+00
     62.203     4.1644 184.003585     2.1026 1.0000e-12     0.1066    97.3694 7.8144e-02 1.5005e+03  0.3780929     63.429    12.8186    315.448 0.0000e+00
     62.181     4.1649 183.908055     2.1026 1.0000e-12     0.1056    97.3955 8.0586e-02 1.5005e+03  0.3785086     63.407    12.8183    315.279 0.0000e+00
     62.162     4.1659 183.967759     2.1026 1.0000e-12     0.1066    97.3694 8.3028e-02 1.5024e+03  0.3780929     63.388    12.8193    315.371 0.0000e+00
