data/05_metadata_exports/SeabirdData/202305_SeabirdData/83464_stn12.cnv
* Sea-Bird SBE 9 Data File:
* FileName = C:\Users\rosette\Rosette Data\2023\Ontario CSMI\stn12.hex
* Software Version Seasave V 7.26.6.26
* Temperature SN = 5270
* Conductivity SN = 1168
* Number of Bytes Per Scan = 40
* Number of Voltage Words = 5
* Number of Scans Averaged by the Deck Unit = 1
* NMEA Latitude = 43 30.20 N
* NMEA Longitude = 079 21.20 W
* NMEA UTC (Time) = Oct 03 2003  14:27:34
* NMEA baud rate = 4800
** Ship: Lake Guardian
** Ontario CSMI LWFS
** Station:  stn12
# nquan = 14                                
# nvalues = 17733                       
# units = specified
# name 0 = prDM: Pressure, Digiquartz [db]
# name 1 = t090C: Temperature [ITS-90, deg C]
# name 2 = c0uS/cm: Conductivity [uS/cm]
# name 3 = sbeox0V: Oxygen raw, SBE 43 [V]
# name 4 = par: PAR/Irradiance, Biospherical/Licor
# name 5 = bat: Beam Attenuation, Chelsea/Seatech [1/m]
# name 6 = xmiss: Beam Transmission, Chelsea/Seatech [%]
# name 7 = flSP: Fluorescence, Seapoint
# name 8 = spar: SPAR, Biospherical/Licor
# name 9 = upoly0: Upoly 0, Suna Nitrate
# name 10 = depFM: Depth [fresh water, m], lat = 43.5033
# name 11 = sbeox0Mg/L: Oxygen, SBE 43 [mg/l], WS = 2
# name 12 = specc: Specific Conductance [uS/cm]
# name 13 = flag: flag
# span 0 =     -0.225,    101.074       
# span 1 =     4.0725,     9.1575       
# span 2 =  22.383639, 299.368788       
# span 3 =     1.8632,     2.3797       
# span 4 = 1.0000e-12, 2.8676e+03       
# span 5 =     0.0916,     5.6529       
# span 6 =    24.3358,    97.7354       
# span 7 = 1.5873e-02, 1.4469e+00       
# span 8 = 1.2642e+03, 1.8431e+03       
# span 9 =  0.0741704,  0.3839135       
# span 10 =     -0.229,    103.067      
# span 11 =     9.7887,    13.8664      
# span 12 =     32.823,    438.845      
# span 13 = 0.0000e+00, 0.0000e+00      
# interval = seconds: 0.0416667
# start_time = Oct 03 2003 14:27:34 [NMEA time, header]
# bad_flag = -9.990e-29
*END*
[from data line 16310]
     14.728     6.1339 194.145380     2.3407 5.6202e+01     0.5466    87.2273 9.5482e-01 1.4906e+03  0.3419215     15.018    13.7126    311.776 -9.990e-29
     14.728     6.1339 194.145379     2.3394 5.6202e+01     0.5454    87.2534 9.4628e-01 1.4886e+03  0.3415058     15.018    13.7040    311.776 -9.990e-29
     14.730     6.1339 194.097561     2.3407 5.6202e+01     0.5466    87.2273 9.6947e-01 1.4886e+03  0.3415058     15.020    13.7138    311.699 -9.990e-29
     14.730     6.1335 194.097560     2.3394 5.6360e+01     0.5466    87.2273 9.9023e-01 1.4886e+03  0.3415058     15.020    13.7036    311.703 -9.990e-29
     14.729     6.1337 194.181245     2.3394 5.6360e+01     0.5466    87.2273 9.9756e-01 1.4886e+03  0.3415058     15.019    13.7019    311.836 -9.990e-29
     14.729     6.1339 194.157334     2.3407 5.6202e+01     0.5466    87.2273 9.8779e-01 1.4886e+03  0.3415058     15.019    13.7103    311.795 -9.990e-29
     14.730     6.1339 194.157336     2.3394 5.6202e+01     0.5466    87.2273 9.6581e-01 1.4886e+03  0.3415058     15.020    13.7012    311.795 -9.990e-29
     14.732     6.1340 194.145380     2.3394 5.6360e+01     0.5454    87.2534 9.5238e-01 1.4867e+03  0.3415058     15.022    13.7020    311.775 -9.990e-29
     14.732     6.1344 194.073650     2.3394 5.6202e+01     0.5478    87.2012 9.5360e-01 1.4867e+03  0.3415058     15.022    13.7030    311.656 -9.990e-29
     14.733     6.1343 194.133425     2.3394 5.6202e+01     0.5466    87.2273 9.7192e-01 1.4867e+03  0.3415058     15.023    13.7046    311.753 -9.990e-29
     14.735     6.1342 194.097560     2.3394 5.6202e+01     0.5466    87.2273 9.8046e-01 1.4867e+03  0.3415058     15.026    13.7053    311.696 -9.990e-29
     14.736     6.1342 194.121470     2.3394 5.6202e+01     0.5466    87.2273 9.7436e-01 1.4867e+03  0.3415058     15.027    13.7075    311.735 -9.990e-29
     14.737     6.1342 194.157336     2.3382 5.6202e+01     0.5466    87.2273 9.5849e-01 1.4867e+03  0.3415058     15.028    13.7000    311.792 -9.990e-29
     14.737     6.1342 194.169290     2.3370 5.6044e+01     0.5454    87.2534 9.5726e-01 1.4867e+03  0.3415058     15.028    13.6930    311.812 -9.990e-29
     14.736     6.1342 194.061695     2.3370 5.6044e+01     0.5394    87.3841 9.6215e-01 1.4867e+03  0.3419215     15.027    13.6952    311.639 -9.990e-29
     14.735     6.1339 194.109515     2.3370 5.6202e+01     0.5382    87.4103 9.6703e-01 1.4867e+03  0.3419215     15.026    13.6978    311.719 -9.990e-29
     14.737     6.1339 194.145380     2.3370 5.6044e+01     0.5382    87.4103 9.7924e-01 1.4847e+03  0.3419215     15.028    13.7007    311.776 -9.990e-29
     14.739     6.1340 194.097561     2.3382 5.6044e+01     0.5382    87.4103 1.0012e+00 1.4847e+03  0.3419215     15.030    13.7114    311.698 -9.990e-29
     14.739     6.1339 194.049741     2.3382 5.6044e+01     0.5382    87.4103 1.0159e+00 1.4847e+03  0.3419215     15.030    13.7136    311.623 -9.990e-29
     14.739     6.1337 194.121470     2.3382 5.6044e+01     0.5382    87.4103 1.0159e+00 1.4847e+03  0.3419215     15.030    13.7161    311.740 -9.990e-29
     14.739     6.1339 194.157335     2.3370 5.6044e+01     0.5394    87.3841 9.9878e-01 1.4847e+03  0.3419215     15.030    13.7086    311.795 -9.990e-29
     14.741     6.1335 194.097560     2.3370 5.6044e+01     0.5382    87.4103 9.8901e-01 1.4827e+03  0.3419215     15.032    13.7105    311.703 -9.990e-29
     14.742     6.1334 194.121471     2.3370 5.6044e+01     0.5394    87.3841 9.9878e-01 1.4827e+03  0.3419215     15.033    13.7126    311.743 -9.990e-29
     14.741     6.1334 194.157335     2.3358 5.6044e+01     0.5382    87.4103 9.9023e-01 1.4827e+03  0.3419215     15.032    13.7048    311.800 -9.990e-29
     14.740     6.1331 194.193201     2.3370 5.6044e+01     0.5382    87.4103 9.6459e-01 1.4827e+03  0.3419215     15.031    13.7152    311.861 -9.990e-29
     14.740     6.1331 194.133424     2.3370 5.6044e+01     0.5382    87.4103 9.6947e-01 1.4827e+03  0.3419215     15.031    13.7168    311.765 -9.990e-29
     14.741     6.1329 194.133427     2.3358 5.5886e+01     0.5382    87.4103 1.0122e+00 1.4827e+03  0.3423373     15.032    13.7072    311.767 -9.990e-29
     14.742     6.1327 194.133426     2.3358 5.5886e+01     0.5394    87.3841 1.0208e+00 1.4827e+03  0.3423373     15.033    13.7081    311.769 -9.990e-29
     14.742     6.1329 194.133426     2.3346 5.5886e+01     0.5382    87.4103 1.0012e+00 1.4827e+03  0.3423373     15.033    13.6989    311.767 -9.990e-29
     14.743     6.1329 194.157336     2.3346 5.5886e+01     0.5394    87.3841 1.0073e+00 1.4827e+03  0.3419215     15.034    13.7002    311.805 -9.990e-29
     14.744     6.1328 194.169292     2.3358 5.5886e+01     0.5382    87.4103 1.0171e+00 1.4808e+03  0.3415058     15.035    13.7120    311.826 -9.990e-29
     14.744     6.1329 194.145381     2.3358 5.5886e+01     0.5394    87.3841 1.0061e+00 1.4808e+03  0.3419215     15.035    13.7138    311.786 -9.990e-29
     14.744     6.1326 194.097561     2.3358 5.5729e+01     0.5394    87.3841 1.0037e+00 1.4808e+03  0.3419215     15.035    13.7159    311.712 -9.990e-29
     14.746     6.1326 194.121471     2.3358 5.5729e+01     0.5382    87.4103 1.0232e+00 1.4808e+03  0.3419215     15.037    13.7168    311.751 -9.990e-29
     14.748     6.1324 194.145381     2.3358 5.5729e+01     0.5334    87.5148 1.0549e+00 1.4808e+03  0.3419215     15.039    13.7180    311.791 -9.990e-29
     14.749     6.1323 194.109517     2.3358 5.5729e+01     0.5311    87.5671 1.0696e+00 1.4808e+03  0.3415058     15.040    13.7195    311.735 -9.990e-29
     14.748     6.1322 194.133426     2.3346 5.5729e+01     0.5299    87.5933 1.0745e+00 1.4808e+03  0.3415058     15.039    13.7111    311.774 -9.990e-29
     14.748     6.1324 194.073651     2.3346 5.5572e+01     0.5299    87.5933 1.0794e+00 1.4808e+03  0.3419215     15.039    13.7105    311.676 -9.990e-29
     14.748     6.1324 194.121472     2.3346 5.5572e+01     0.5299    87.5933 1.0720e+00 1.4808e+03  0.3419215     15.039    13.7101    311.753 -9.990e-29
     14.748     6.1326 194.109516     2.3358 5.5572e+01     0.5311    87.5671 1.0598e+00 1.4808e+03  0.3419215     15.039    13.7188    311.732 -9.990e-29
     14.747     6.1323 194.109516     2.3358 5.5416e+01     0.5311    87.5671 1.0525e+00 1.4808e+03  0.3419215     15.038    13.7189    311.735 -9.990e-29
     14.749     6.1323 194.109516     2.3358 5.5416e+01     0.5311    87.5671 1.0317e+00 1.4808e+03  0.3419215     15.040    13.7190    311.735 -9.990e-29
     14.750     6.1323 194.109517     2.3358 5.5572e+01     0.5311    87.5671 1.0220e+00 1.4808e+03  0.3415058     15.041    13.7206    311.735 -9.990e-29
     14.750     6.1326 194.145381     2.3358 5.5416e+01     0.5311    87.5671 1.0122e+00 1.4808e+03  0.3410900     15.041    13.7210    311.789 -9.990e-29
     14.750     6.1327 194.097561     2.3346 5.5416e+01     0.5311    87.5671 1.0085e+00 1.4808e+03  0.3406742     15.041    13.7130    311.711 -9.990e-29
     14.750     6.1323 194.121472     2.3346 5.5416e+01     0.5311    87.5671 1.0012e+00 1.4808e+03  0.3406742     15.041    13.7129    311.754 -9.990e-29
     14.749     6.1324 194.097561     2.3346 5.5416e+01     0.5299    87.5933 1.0024e+00 1.4808e+03  0.3406742     15.040    13.7129    311.714 -9.990e-29
     14.748     6.1323 194.085606     2.3346 5.5416e+01     0.5311    87.5671 1.0134e+00 1.4808e+03  0.3406742     15.039    13.7132    311.696 -9.990e-29
     14.747     6.1324 194.097562     2.3346 5.5416e+01     0.5311    87.5671 1.0305e+00 1.4808e+03  0.3406742     15.038    13.7123    311.714 -9.990e-29
     14.746     6.1327 194.133426     2.3346 5.5416e+01     0.5311    87.5671 1.0452e+00 1.4808e+03  0.3406742     15.037    13.7128    311.769 -9.990e-29
     14.745     6.1324 194.145381     2.3333 5.5416e+01     0.5311    87.5671 1.0598e+00 1.4808e+03  0.3406742     15.036    13.7041    311.791 -9.990e-29
     14.745     6.1327 194.145381     2.3333 5.5572e+01     0.5311    87.5671 1.0757e+00 1.4808e+03  0.3410900     15.036    13.7037    311.788 -9.990e-29
     14.746     6.1325 194.097562     2.3333 5.5572e+01     0.5323    87.5410 1.0842e+00 1.4808e+03  0.3410900     15.037    13.7049    311.713 -9.990e-29
     14.747     6.1327 194.097561     2.3346 5.5729e+01     0.5323    87.5410 1.0781e+00 1.4808e+03  0.3415058     15.038    13.7144    311.711 -9.990e-29
     14.747     6.1329 194.085607     2.3346 5.5572e+01     0.5311    87.5671 1.0427e+00 1.4808e+03  0.3419215     15.038    13.7143    311.690 -9.990e-29
     14.747     6.1331 194.121471     2.3346 5.5729e+01     0.5299    87.5933 1.0085e+00 1.4808e+03  0.3419215     15.038    13.7143    311.746 -9.990e-29
     14.747     6.1332 194.097561     2.3346 5.5729e+01     0.5287    87.6194 9.9634e-01 1.4808e+03  0.3415058     15.038    13.7145    311.706 -9.990e-29
     14.747     6.1334 194.145381     2.3333 5.5886e+01     0.5299    87.5933 1.0000e+00 1.4808e+03  0.3415058     15.038    13.7053    311.781 -9.990e-29
     14.746     6.1334 194.097561     2.3333 5.5729e+01     0.5287    87.6194 1.0049e+00 1.4808e+03  0.3415058     15.037    13.7046    311.704 -9.990e-29
     14.745     6.1335 194.097560     2.3333 5.5886e+01     0.5287    87.6194 9.9878e-01 1.4808e+03  0.3415058     15.036    13.7054    311.703 -9.990e-29
     14.745     6.1335 194.145381     2.3321 5.6044e+01     0.5299    87.5933 9.8901e-01 1.4808e+03  0.3415058     15.036    13.6975    311.780 -9.990e-29
     14.744     6.1335 194.073650     2.3321 5.6044e+01     0.5287    87.6194 9.8168e-01 1.4808e+03  0.3415058     15.035    13.6961    311.665 -9.990e-29
     14.745     6.1337 194.121472     2.3333 5.6044e+01     0.5299    87.5933 9.8535e-01 1.4808e+03  0.3415058     15.036    13.7036    311.740 -9.990e-29
     14.744     6.1336 194.157335     2.3333 5.6044e+01     0.5299    87.5933 9.9145e-01 1.4808e+03  0.3415058     15.035    13.7026    311.798 -9.990e-29
     14.742     6.1339 194.145380     2.3333 5.6044e+01     0.5299    87.5933 9.9023e-01 1.4827e+03  0.3415058     15.033    13.7028    311.776 -9.990e-29
     14.742     6.1340 194.157335     2.3333 5.5886e+01     0.5299    87.5933 9.9145e-01 1.4827e+03  0.3415058     15.033    13.7033    311.794 -9.990e-29
     14.742     6.1339 194.145380     2.3333 5.6044e+01     0.5299    87.5933 9.9878e-01 1.4827e+03  0.3415058     15.033    13.7041    311.776 -9.990e-29
     14.742     6.1340 194.145381     2.3321 5.6044e+01     0.5299    87.5933 1.0061e+00 1.4827e+03  0.3415058     15.033    13.6962    311.775 -9.990e-29
     14.741     6.1340 194.109515     2.3321 5.5886e+01     0.5287    87.6194 1.0085e+00 1.4827e+03  0.3415058     15.032    13.6974    311.718 -9.990e-29
     14.740     6.1341 194.061696     2.3321 5.5886e+01     0.5299    87.5933 1.0134e+00 1.4827e+03  0.3415058     15.031    13.6975    311.640 -9.990e-29
     14.739     6.1339 194.121470     2.3321 5.5886e+01     0.5299    87.5933 1.0171e+00 1.4827e+03  0.3415058     15.030    13.6978    311.738 -9.990e-29
     14.740     6.1337 194.097560     2.3321 5.5729e+01     0.5299    87.5933 1.0305e+00 1.4827e+03  0.3415058     15.031    13.6995    311.701 -9.990e-29
     14.741     6.1337 194.121471     2.3321 5.5729e+01     0.5299    87.5933 1.0525e+00 1.4827e+03  0.3419215     15.032    13.7001    311.740 -9.990e-29
     14.742     6.1334 194.157335     2.3321 5.5729e+01     0.5299    87.5933 1.0781e+00 1.4827e+03  0.3419215     15.033    13.6997    311.800 -9.990e-29
     14.743     6.1332 194.145380     2.3321 5.5572e+01     0.5263    87.6717 1.0867e+00 1.4827e+03  0.3419215     15.034    13.6994    311.783 -9.990e-29
     14.744     6.1333 194.145381     2.3321 5.5572e+01     0.5203    87.8024 1.0757e+00 1.4827e+03  0.3419215     15.035    13.6991    311.782 -9.990e-29
     14.743     6.1332 194.109516     2.3333 5.5572e+01     0.5191    87.8285 1.0586e+00 1.4827e+03  0.3419215     15.034    13.7078    311.726 -9.990e-29
     14.743     6.1331 194.109516     2.3333 5.5416e+01     0.5191    87.8285 1.0208e+00 1.4827e+03  0.3419215     15.034    13.7078    311.727 -9.990e-29
     14.743     6.1329 194.145381     2.3333 5.5416e+01     0.5191    87.8285 9.9389e-01 1.4827e+03  0.3419215     15.034    13.7081    311.786 -9.990e-29
     14.744     6.1329 194.073652     2.3321 5.5416e+01     0.5191    87.8285 9.9634e-01 1.4827e+03  0.3410900     15.035    13.7008    311.671 -9.990e-29
     14.744     6.1325 194.073651     2.3321 5.5260e+01     0.5203    87.8024 9.9756e-01 1.4827e+03  0.3402585     15.035    13.7028    311.675 -9.990e-29
     14.744     6.1326 194.097562     2.3321 5.5260e+01     0.5191    87.8285 9.9267e-01 1.4827e+03  0.3402585     15.035    13.7034    311.712 -9.990e-29
     14.744     6.1323 194.073651     2.3309 5.5260e+01     0.5191    87.8285 1.0122e+00 1.4827e+03  0.3402585     15.035    13.6942    311.677 -9.990e-29
     14.744     6.1324 194.121471     2.3321 5.5260e+01     0.5203    87.8024 1.0562e+00 1.4827e+03  0.3402585     15.035    13.7040    311.753 -9.990e-29
     14.745     6.1323 194.049742     2.3321 5.5105e+01     0.5203    87.8024 1.0855e+00 1.4827e+03  0.3402585     15.036    13.7038    311.639 -9.990e-29
     14.746     6.1323 194.061698     2.3309 5.5105e+01     0.5191    87.8285 1.0891e+00 1.4827e+03  0.3406742     15.037    13.6936    311.658 -9.990e-29
     14.747     6.1320 194.145381     2.3309 5.5105e+01     0.5203    87.8024 1.0928e+00 1.4827e+03  0.3410900     15.038    13.6925    311.795 -9.990e-29
     14.747     6.1316 194.121472     2.3309 5.5105e+01     0.5203    87.8024 1.1074e+00 1.4827e+03  0.3410900     15.038    13.6928    311.761 -9.990e-29
     14.748     6.1315 194.109518     2.3309 5.5105e+01     0.5191    87.8285 1.1197e+00 1.4827e+03  0.3406742     15.039    13.6932    311.743 -9.990e-29
     14.748     6.1315 194.085607     2.3309 5.4950e+01     0.5191    87.8285 1.1221e+00 1.4827e+03  0.3406742     15.039    13.6923    311.704 -9.990e-29
     14.747     6.1310 194.085608     2.3309 5.4950e+01     0.5203    87.8024 1.1184e+00 1.4827e+03  0.3406742     15.038    13.6932    311.709 -9.990e-29
     14.747     6.1310 194.121472     2.3309 5.4950e+01     0.5203    87.8024 1.1160e+00 1.4827e+03  0.3410900     15.038    13.6940    311.767 -9.990e-29
     14.748     6.1307 194.145382     2.3309 5.5105e+01     0.5203    87.8024 1.1123e+00 1.4827e+03  0.3410900     15.039    13.6925    311.808 -9.990e-29
     14.749     6.1303 194.073654     2.3309 5.5105e+01     0.5191    87.8285 1.1026e+00 1.4827e+03  0.3406742     15.040    13.6912    311.697 -9.990e-29
     14.749     6.1302 194.073653     2.3309 5.5105e+01     0.5179    87.8547 1.1074e+00 1.4827e+03  0.3410900     15.040    13.6899    311.698 -9.990e-29
     14.749     6.1300 194.049743     2.3321 5.5105e+01     0.5156    87.9069 1.1245e+00 1.4827e+03  0.3410900     15.040    13.6977    311.662 -9.990e-29
     14.750     6.1300 194.133428     2.3309 5.5260e+01     0.5144    87.9331 1.1258e+00 1.4827e+03  0.3410900     15.041    13.6878    311.796 -9.990e-29
     14.750     6.1300 194.145382     2.3297 5.5260e+01     0.5144    87.9331 1.1099e+00 1.4827e+03  0.3410900     15.041    13.6794    311.815 -9.990e-29
     14.750     6.1299 194.073654     2.3297 5.5260e+01     0.5168    87.8808 1.0769e+00 1.4827e+03  0.3410900     15.041    13.6801    311.701 -9.990e-29
     14.750     6.1297 194.085607     2.3309 5.5260e+01     0.5156    87.9069 1.0403e+00 1.4827e+03  0.3410900     15.041    13.6897    311.722 -9.990e-29
     14.750     6.1296 194.109519     2.3309 5.5416e+01     0.5156    87.9069 1.0134e+00 1.4827e+03  0.3410900     15.041    13.6905    311.762 -9.990e-29
     14.751     6.1294 194.133428     2.3309 5.5416e+01     0.5156    87.9069 1.0000e+00 1.4827e+03  0.3410900     15.042    13.6928    311.802 -9.990e-29
