data/05_metadata_exports/SeabirdData/202305_SeabirdData/83464_stn12.cnv
* Sea-Bird SBE 9 Data File:
* FileName = C:\Users\rosette\Rosette Data\2023\Ontario CSMI\stn12.hex
* Software Version Seasave V 7.26.6.26
* Temperature SN = 5270
* Conductivity SN = 1168
* Number of Bytes Per Scan = 40
* Number of Voltage Words = 5
* Number of Scans Averaged by the Deck Unit = 1
* NMEA Latitude = 43 30.20 N
* NMEA Longitude = 079 21.20 W
* NMEA UTC (Time) = Oct 03 2003  14:27:34
* NMEA baud rate = 4800
** Ship: Lake Guardian
** Ontario CSMI LWFS
** Station:  stn12
# nquan = 14                                
# nvalues = 17733                       
# units = specified
# name 0 = prDM: Pressure, Digiquartz [db]
# name 1 = t090C: Temperature [ITS-90, deg C]
# name 2 = c0uS/cm: Conductivity [uS/cm]
# name 3 = sbeox0V: Oxygen raw, SBE 43 [V]
# name 4 = par: PAR/Irradiance, Biospherical/Licor
# name 5 = bat: Beam Attenuation, Chelsea/Seatech [1/m]
# name 6 = xmiss: Beam Transmission, Chelsea/Seatech [%]
# name 7 = flSP: Fluorescence, Seapoint
# name 8 = spar: SPAR, Biospherical/Licor
# name 9 = upoly0: Upoly 0, Suna Nitrate
# name 10 = depFM: Depth [fresh water, m], lat = 43.5033
# name 11 = sbeox0Mg/L: Oxygen, SBE 43 [mg/l], WS = 2
# name 12 = specc: Specific Conductance [uS/cm]
# name 13 = flag: flag
# span 0 =     -0.225,    101.074       
# span 1 =     4.0725,     9.1575       
# span 2 =  22.383639, 299.368788       
# span 3 =     1.8632,     2.3797       
# span 4 = 1.0000e-12, 2.8676e+03       
# span 5 =     0.0916,     5.6529       
# span 6 =    24.3358,    97.7354       
# span 7 = 1.5873e-02, 1.4469e+00       
# span 8 = 1.2642e+03, 1.8431e+03       
# span 9 =  0.0741704,  0.3839135       
# span 10 =     -0.229,    103.067      
# span 11 =     9.7887,    13.8664      
# span 12 =     32.823,    438.845      
# span 13 = 0.0000e+00, 0.0000e+00      
# interval = seconds: 0.0416667
# start_time = Oct 03 2003 14:27:34 [NMEA time, header]
# bad_flag = -9.990e-29
*END*
[from data line 4233]
      1.781     6.9328 198.353792     2.3736 8.3223e+02     0.5670    86.7829 1.9902e-01 1.2681e+03  0.3327747      1.816    13.7148    310.564 -9.990e-29
      1.779     6.9273 198.305953     2.3736 8.2292e+02     0.5670    86.7829 2.0024e-01 1.2681e+03  0.3331905      1.814    13.7159    310.542 -9.990e-29
      1.776     6.9202 198.258114     2.3748 8.0462e+02     0.5682    86.7568 2.0024e-01 1.2681e+03  0.3327747      1.811    13.7274    310.537 -9.990e-29
      1.774     6.9148 198.234196     2.3748 8.0011e+02     0.5682    86.7568 2.0147e-01 1.2681e+03  0.3331905      1.809    13.7285    310.552 -9.990e-29
      1.774     6.9110 198.270081     2.3748 8.0688e+02     0.5682    86.7568 2.0391e-01 1.2681e+03  0.3331905      1.809    13.7300    310.645 -9.990e-29
      1.773     6.9084 198.329886     2.3748 8.2989e+02     0.5682    86.7568 2.0391e-01 1.2681e+03  0.3331905      1.808    13.7311    310.764 -9.990e-29
      1.771     6.9063 198.305965     2.3748 8.3692e+02     0.5695    86.7307 2.0147e-01 1.2681e+03  0.3331905      1.806    13.7319    310.747 -9.990e-29
      1.770     6.9053 198.246163     2.3736 8.3457e+02     0.5670    86.7829 1.9536e-01 1.2681e+03  0.3327747      1.805    13.7249    310.663 -9.990e-29
      1.770     6.9033 198.317929     2.3748 8.1143e+02     0.5598    86.9398 1.9048e-01 1.2681e+03  0.3327747      1.805    13.7343    310.795 -9.990e-29
      1.769     6.9029 198.258126     2.3736 8.0236e+02     0.5586    86.9659 1.9170e-01 1.2681e+03  0.3331905      1.804    13.7246    310.705 -9.990e-29
      1.766     6.9037 198.270085     2.3748 8.0236e+02     0.5586    86.9659 1.9658e-01 1.2701e+03  0.3327747      1.801    13.7317    310.716 -9.990e-29
      1.764     6.9039 198.294006     2.3736 7.9562e+02     0.5586    86.9659 1.9780e-01 1.2681e+03  0.3331905      1.799    13.7229    310.752 -9.990e-29
      1.763     6.9037 198.305967     2.3736 7.9338e+02     0.5586    86.9659 1.9780e-01 1.2701e+03  0.3327747      1.798    13.7229    310.772 -9.990e-29
      1.763     6.9026 198.317929     2.3736 7.9338e+02     0.5598    86.9398 1.9414e-01 1.2701e+03  0.3331905      1.798    13.7232    310.802 -9.990e-29
      1.763     6.9021 198.317929     2.3736 8.2524e+02     0.5574    86.9921 1.9536e-01 1.2701e+03  0.3331905      1.798    13.7232    310.807 -9.990e-29
      1.762     6.9018 198.246165     2.3748 8.4401e+02     0.5586    86.9659 2.0147e-01 1.2701e+03  0.3331905      1.797    13.7317    310.697 -9.990e-29
      1.762     6.9011 198.198324     2.3748 8.4639e+02     0.5586    86.9659 2.1001e-01 1.2701e+03  0.3336063      1.797    13.7317    310.629 -9.990e-29
      1.761     6.9002 198.234205     2.3748 8.8534e+02     0.5586    86.9659 2.1612e-01 1.2701e+03  0.3344378      1.796    13.7329    310.694 -9.990e-29
      1.761     6.8997 198.294009     2.3748 9.2088e+02     0.5586    86.9659 2.2222e-01 1.2701e+03  0.3348536      1.796    13.7339    310.792 -9.990e-29
      1.761     6.9000 198.270088     2.3748 9.2608e+02     0.5598    86.9398 2.2466e-01 1.2701e+03  0.3344378      1.796    13.7333    310.752 -9.990e-29
      1.761     6.8998 198.258127     2.3736 9.3655e+02     0.5574    86.9921 2.2344e-01 1.2701e+03  0.3344378      1.796    13.7266    310.735 -9.990e-29
      1.760     6.9002 198.258127     2.3748 9.4715e+02     0.5586    86.9659 2.1856e-01 1.2701e+03  0.3344378      1.795    13.7356    310.731 -9.990e-29
      1.761     6.9024 198.258125     2.3748 9.4981e+02     0.5586    86.9659 2.1368e-01 1.2701e+03  0.3344378      1.796    13.7354    310.710 -9.990e-29
      1.762     6.9058 198.294006     2.3748 9.2348e+02     0.5586    86.9659 2.1001e-01 1.2701e+03  0.3348536      1.797    13.7334    310.733 -9.990e-29
      1.763     6.9055 198.222241     2.3748 8.8037e+02     0.5598    86.9398 2.0635e-01 1.2701e+03  0.3344378      1.798    13.7341    310.623 -9.990e-29
      1.763     6.9037 198.270086     2.3736 8.7053e+02     0.5586    86.9659 2.0147e-01 1.2701e+03  0.3344378      1.798    13.7266    310.716 -9.990e-29
      1.762     6.9018 198.294008     2.3748 8.7053e+02     0.5586    86.9659 1.9658e-01 1.2701e+03  0.3344378      1.797    13.7351    310.772 -9.990e-29
      1.762     6.8998 198.294009     2.3736 8.7053e+02     0.5598    86.9398 1.9414e-01 1.2701e+03  0.3344378      1.797    13.7275    310.791 -9.990e-29
      1.763     6.8996 198.329891     2.3748 8.7298e+02     0.5634    86.8614 1.9292e-01 1.2701e+03  0.3344378      1.798    13.7365    310.850 -9.990e-29
      1.764     6.9039 198.305968     2.3748 8.8037e+02     0.5658    86.8091 1.9536e-01 1.2701e+03  0.3348536      1.799    13.7351    310.770 -9.990e-29
      1.765     6.9072 198.294004     2.3748 9.1315e+02     0.5646    86.8352 1.9658e-01 1.2701e+03  0.3344378      1.800    13.7341    310.719 -9.990e-29
      1.766     6.9108 198.294003     2.3748 9.2608e+02     0.5646    86.8352 2.0147e-01 1.2701e+03  0.3348536      1.801    13.7343    310.684 -9.990e-29
      1.766     6.9121 198.305962     2.3748 9.2088e+02     0.5646    86.8352 2.0513e-01 1.2701e+03  0.3344378      1.801    13.7341    310.690 -9.990e-29
      1.767     6.9116 198.317922     2.3736 8.7298e+02     0.5646    86.8352 2.1001e-01 1.2701e+03  0.3348536      1.802    13.7270    310.714 -9.990e-29
      1.768     6.9113 198.341845     2.3736 8.5116e+02     0.5658    86.8091 2.1612e-01 1.2701e+03  0.3348536      1.803    13.7260    310.754 -9.990e-29
      1.769     6.9106 198.317923     2.3748 8.4877e+02     0.5658    86.8091 2.2344e-01 1.2701e+03  0.3344378      1.804    13.7349    310.724 -9.990e-29
      1.770     6.9123 198.317923     2.3748 8.3692e+02     0.5658    86.8091 2.2711e-01 1.2701e+03  0.3344378      1.805    13.7331    310.707 -9.990e-29
      1.771     6.9174 198.341841     2.3748 8.2989e+02     0.5658    86.8091 2.2711e-01 1.2701e+03  0.3348536      1.806    13.7312    310.695 -9.990e-29
      1.770     6.9190 198.353800     2.3748 8.2989e+02     0.5658    86.8091 2.2466e-01 1.2701e+03  0.3344378      1.805    13.7292    310.698 -9.990e-29
      1.770     6.9186 198.305957     2.3748 8.2292e+02     0.5646    86.8352 2.2466e-01 1.2720e+03  0.3348536      1.805    13.7280    310.627 -9.990e-29
      1.770     6.9168 198.305959     2.3748 8.1831e+02     0.5658    86.8091 2.2711e-01 1.2720e+03  0.3344378      1.805    13.7285    310.645 -9.990e-29
      1.771     6.9152 198.341842     2.3761 8.1601e+02     0.5658    86.8091 2.2955e-01 1.2720e+03  0.3348536      1.806    13.7382    310.716 -9.990e-29
      1.772     6.9126 198.305962     2.3761 8.1601e+02     0.5658    86.8091 2.3077e-01 1.2720e+03  0.3348536      1.807    13.7390    310.686 -9.990e-29
      1.772     6.9150 198.294000     2.3748 8.1831e+02     0.5646    86.8352 2.3199e-01 1.2720e+03  0.3348536      1.807    13.7285    310.643 -9.990e-29
      1.772     6.9211 198.293995     2.3761 8.1831e+02     0.5658    86.8091 2.3199e-01 1.2720e+03  0.3352693      1.807    13.7365    310.584 -9.990e-29
      1.772     6.9228 198.401641     2.3748 8.2989e+02     0.5646    86.8352 2.3077e-01 1.2720e+03  0.3352693      1.807    13.7251    310.736 -9.990e-29
      1.773     6.9294 198.365755     2.3748 8.4877e+02     0.5658    86.8091 2.3077e-01 1.2720e+03  0.3352693      1.808    13.7223    310.616 -9.990e-29
      1.773     6.9394 198.389670     2.3748 8.5356e+02     0.5670    86.7829 2.2955e-01 1.2720e+03  0.3352693      1.808    13.7182    310.556 -9.990e-29
      1.773     6.9483 198.413585     2.3761 8.4639e+02     0.5695    86.7307 2.2711e-01 1.2720e+03  0.3352693      1.808    13.7239    310.507 -9.990e-29
      1.773     6.9558 198.413581     2.3761 8.3928e+02     0.5719    86.6784 2.2589e-01 1.2720e+03  0.3352693      1.808    13.7196    310.434 -9.990e-29
      1.773     6.9591 198.377696     2.3748 8.3692e+02     0.5707    86.7045 2.2466e-01 1.2720e+03  0.3352693      1.808    13.7075    310.346 -9.990e-29
      1.773     6.9564 198.353777     2.3748 8.3692e+02     0.5719    86.6784 2.2466e-01 1.2720e+03  0.3352693      1.808    13.7082    310.334 -9.990e-29
      1.773     6.9501 198.437505     2.3748 8.3692e+02     0.5719    86.6784 2.2466e-01 1.2720e+03  0.3352693      1.808    13.7090    310.527 -9.990e-29
      1.774     6.9439 198.425550     2.3748 8.3692e+02     0.5719    86.6784 2.2711e-01 1.2720e+03  0.3352693      1.809    13.7110    310.568 -9.990e-29
      1.775     6.9397 198.365747     2.3748 8.3928e+02     0.5719    86.6784 2.2466e-01 1.2720e+03  0.3352693      1.810    13.7110    310.515 -9.990e-29
      1.776     6.9376 198.365750     2.3761 8.6079e+02     0.5707    86.7045 2.1612e-01 1.2720e+03  0.3352693      1.811    13.7197    310.536 -9.990e-29
      1.777     6.9366 198.401633     2.3761 8.6808e+02     0.5707    86.7045 2.0635e-01 1.2720e+03  0.3352693      1.812    13.7198    310.602 -9.990e-29
      1.776     6.9330 198.365752     2.3761 8.6565e+02     0.5707    86.7045 2.0269e-01 1.2720e+03  0.3352693      1.811    13.7197    310.581 -9.990e-29
      1.775     6.9302 198.389676     2.3748 8.3457e+02     0.5707    86.7045 2.0635e-01 1.2720e+03  0.3352693      1.810    13.7100    310.645 -9.990e-29
      1.776     6.9281 198.377715     2.3748 8.1831e+02     0.5707    86.7045 2.1245e-01 1.2720e+03  0.3352693      1.811    13.7082    310.647 -9.990e-29
      1.776     6.9260 198.401639     2.3748 8.1831e+02     0.5719    86.6784 2.1978e-01 1.2720e+03  0.3352693      1.811    13.7075    310.705 -9.990e-29
      1.777     6.9262 198.377718     2.3761 8.3223e+02     0.5707    86.7045 2.3077e-01 1.2720e+03  0.3352693      1.812    13.7154    310.666 -9.990e-29
      1.777     6.9251 198.377717     2.3748 8.4164e+02     0.5707    86.7045 2.3565e-01 1.2720e+03  0.3352693      1.812    13.7052    310.676 -9.990e-29
      1.779     6.9278 198.401639     2.3748 8.4401e+02     0.5707    86.7045 2.3321e-01 1.2720e+03  0.3352693      1.814    13.7040    310.687 -9.990e-29
      1.780     6.9312 198.413596     2.3748 8.6565e+02     0.5707    86.7045 2.2466e-01 1.2720e+03  0.3352693      1.815    13.7026    310.673 -9.990e-29
      1.780     6.9284 198.413599     2.3748 8.8783e+02     0.5707    86.7045 2.1490e-01 1.2720e+03  0.3352693      1.815    13.7035    310.700 -9.990e-29
      1.780     6.9265 198.497326     2.3748 8.9284e+02     0.5695    86.7307 2.1123e-01 1.2740e+03  0.3352693      1.815    13.7054    310.850 -9.990e-29
      1.780     6.9265 198.389678     2.3748 8.8037e+02     0.5719    86.6784 2.0879e-01 1.2740e+03  0.3352693      1.815    13.7055    310.681 -9.990e-29
      1.778     6.9266 198.365756     2.3761 8.6565e+02     0.5719    86.6784 2.0879e-01 1.2740e+03  0.3352693      1.813    13.7136    310.643 -9.990e-29
      1.778     6.9282 198.377717     2.3748 8.6079e+02     0.5719    86.6784 2.1123e-01 1.2740e+03  0.3356851      1.813    13.7039    310.646 -9.990e-29
      1.777     6.9299 198.353793     2.3748 8.4401e+02     0.5707    86.7045 2.1123e-01 1.2740e+03  0.3356851      1.812    13.7034    310.592 -9.990e-29
      1.777     6.9293 198.365755     2.3748 8.1601e+02     0.5719    86.6784 2.1368e-01 1.2740e+03  0.3352693      1.812    13.7027    310.617 -9.990e-29
      1.777     6.9268 198.353795     2.3748 8.0688e+02     0.5719    86.6784 2.1490e-01 1.2740e+03  0.3348536      1.812    13.7027    310.622 -9.990e-29
      1.778     6.9244 198.353797     2.3736 8.0916e+02     0.5719    86.6784 2.1856e-01 1.2740e+03  0.3348536      1.813    13.6965    310.646 -9.990e-29
      1.778     6.9237 198.317916     2.3748 8.1143e+02     0.5719    86.6784 2.2466e-01 1.2740e+03  0.3348536      1.813    13.7058    310.596 -9.990e-29
      1.778     6.9237 198.389679     2.3748 8.1372e+02     0.5719    86.6784 2.2711e-01 1.2740e+03  0.3348536      1.813    13.7051    310.709 -9.990e-29
      1.778     6.9234 198.317916     2.3748 8.0916e+02     0.5719    86.6784 2.3077e-01 1.2740e+03  0.3348536      1.813    13.7045    310.599 -9.990e-29
      1.778     6.9244 198.353797     2.3748 7.9116e+02     0.5707    86.7045 2.3443e-01 1.2740e+03  0.3348536      1.813    13.7035    310.646 -9.990e-29
      1.777     6.9266 198.401638     2.3736 7.8231e+02     0.5707    86.7045 2.3077e-01 1.2740e+03  0.3348536      1.812    13.6934    310.699 -9.990e-29
      1.777     6.9305 198.341833     2.3736 7.9116e+02     0.5707    86.7045 2.2589e-01 1.2740e+03  0.3348536      1.812    13.6914    310.567 -9.990e-29
      1.776     6.9333 198.341831     2.3748 9.0294e+02     0.5719    86.6784 2.1978e-01 1.2740e+03  0.3348536      1.811    13.6987    310.540 -9.990e-29
      1.775     6.9334 198.389673     2.3736 9.6056e+02     0.5719    86.6784 2.1490e-01 1.2740e+03  0.3348536      1.810    13.6898    310.614 -9.990e-29
      1.775     6.9328 198.377712     2.3748 9.6326e+02     0.5719    86.6784 2.1245e-01 1.2740e+03  0.3348536      1.810    13.6998    310.601 -9.990e-29
      1.776     6.9323 198.377714     2.3736 9.2869e+02     0.5719    86.6784 2.1490e-01 1.2740e+03  0.3348536      1.811    13.6912    310.606 -9.990e-29
      1.777     6.9323 198.401635     2.3736 9.0548e+02     0.5719    86.6784 2.1978e-01 1.2760e+03  0.3352693      1.812    13.6911    310.644 -9.990e-29
      1.777     6.9352 198.425554     2.3736 9.0548e+02     0.5719    86.6784 2.2100e-01 1.2760e+03  0.3352693      1.812    13.6900    310.653 -9.990e-29
      1.778     6.9420 198.437512     2.3736 8.9033e+02     0.5719    86.6784 2.2100e-01 1.2760e+03  0.3348536      1.813    13.6877    310.605 -9.990e-29
      1.779     6.9484 198.485351     2.3748 8.8037e+02     0.5719    86.6784 2.1978e-01 1.2760e+03  0.3348536      1.814    13.6930    310.618 -9.990e-29
      1.778     6.9511 198.509270     2.3748 8.7790e+02     0.5695    86.7307 2.1856e-01 1.2760e+03  0.3348536      1.813    13.6911    310.629 -9.990e-29
      1.778     6.9540 198.509269     2.3748 8.9284e+02     0.5658    86.8091 2.2100e-01 1.2760e+03  0.3348536      1.813    13.6904    310.601 -9.990e-29
      1.777     6.9596 198.545149     2.3748 9.1059e+02     0.5646    86.8352 2.2711e-01 1.2760e+03  0.3348536      1.812    13.6887    310.603 -9.990e-29
      1.776     6.9646 198.569066     2.3736 9.1315e+02     0.5646    86.8352 2.3443e-01 1.2760e+03  0.3348536      1.811    13.6787    310.592 -9.990e-29
      1.775     6.9672 198.628871     2.3736 9.2088e+02     0.5646    86.8352 2.3321e-01 1.2760e+03  0.3348536      1.810    13.6782    310.660 -9.990e-29
      1.775     6.9680 198.628870     2.3736 9.3130e+02     0.5658    86.8091 2.2711e-01 1.2760e+03  0.3348536      1.810    13.6798    310.652 -9.990e-29
      1.774     6.9664 198.640833     2.3748 9.3392e+02     0.5658    86.8091 2.2222e-01 1.2760e+03  0.3348536      1.809    13.6885    310.686 -9.990e-29
      1.774     6.9662 198.557104     2.3736 8.9284e+02     0.5646    86.8352 2.1245e-01 1.2760e+03  0.3352693      1.809    13.6808    310.557 -9.990e-29
      1.774     6.9659 198.616911     2.3736 8.0236e+02     0.5658    86.8091 2.0635e-01 1.2760e+03  0.3352693      1.809    13.6817    310.654 -9.990e-29
      1.774     6.9658 198.604950     2.3748 7.7574e+02     0.5646    86.8352 2.0757e-01 1.2760e+03  0.3344378      1.809    13.6901    310.636 -9.990e-29
      1.773     6.9652 198.616910     2.3736 7.8231e+02     0.5658    86.8091 2.0757e-01 1.2760e+03  0.3336063      1.808    13.6803    310.661 -9.990e-29
      1.773     6.9655 198.592988     2.3736 8.0462e+02     0.5658    86.8091 2.0513e-01 1.2760e+03  0.3336063      1.808    13.6812    310.620 -9.990e-29
      1.774     6.9660 198.616911     2.3736 8.1372e+02     0.5646    86.8352 2.0635e-01 1.2760e+03  0.3336063      1.809    13.6820    310.653 -9.990e-29
      1.774     6.9661 198.628872     2.3736 8.1831e+02     0.5658    86.8091 2.1245e-01 1.2760e+03  0.3336063      1.809    13.6831    310.670 -9.990e-29
