data/05_metadata_exports/SeabirdData/202305_SeabirdData/83464_stn12.cnv
* Sea-Bird SBE 9 Data File:
* FileName = C:\Users\rosette\Rosette Data\2023\Ontario CSMI\stn12.hex
* Software Version Seasave V 7.26.6.26
* Temperature SN = 5270
* Conductivity SN = 1168
* Number of Bytes Per Scan = 40
* Number of Voltage Words = 5
* Number of Scans Averaged by the Deck Unit = 1
* NMEA Latitude = 43 30.20 N
* NMEA Longitude = 079 21.20 W
* NMEA UTC (Time) = Oct 03 2003  14:27:34
* NMEA baud rate = 4800
** Ship: Lake Guardian
** Ontario CSMI LWFS
** Station:  stn12
# nquan = 14                                
# nvalues = 17733                       
# units = specified
# name 0 = prDM: Pressure, Digiquartz [db]
# name 1 = t090C: Temperature [ITS-90, deg C]
# name 2 = c0uS/cm: Conductivity [uS/cm]
# name 3 = sbeox0V: Oxygen raw, SBE 43 [V]
# name 4 = par: PAR/Irradiance, Biospherical/Licor
# name 5 = bat: Beam Attenuation, Chelsea/Seatech [1/m]
# name 6 = xmiss: Beam Transmission, Chelsea/Seatech [%]
# name 7 = flSP: Fluorescence, Seapoint
# name 8 = spar: SPAR, Biospherical/Licor
# name 9 = upoly0: Upoly 0, Suna Nitrate
# name 10 = depFM: Depth [fresh water, m], lat = 43.5033
# name 11 = sbeox0Mg/L: Oxygen, SBE 43 [mg/l], WS = 2
# name 12 = specc: Specific Conductance [uS/cm]
# name 13 = flag: flag
# span 0 =     -0.225,    101.074       
# span 1 =     4.0725,     9.1575       
# span 2 =  22.383639, 299.368788       
# span 3 =     1.8632,     2.3797       
# span 4 = 1.0000e-12, 2.8676e+03       
# span 5 =     0.0916,     5.6529       
# span 6 =    24.3358,    97.7354       
# span 7 = 1.5873e-02, 1.4469e+00       
# span 8 = 1.2642e+03, 1.8431e+03       
# span 9 =  0.0741704,  0.3839135       
# span 10 =     -0.229,    103.067      
# span 11 =     9.7887,    13.8664      
# span 12 =     32.823,    438.845      
# span 13 = 0.0000e+00, 0.0000e+00      
# interval = seconds: 0.0416667
# start_time = Oct 03 2003 14:27:34 [NMEA time, header]
# bad_flag = -9.990e-29
*END*
[from data line 3097]
      1.757     6.8898 198.222252     2.3394 9.0294e+02     0.5719    86.6784 3.8828e-01 1.2976e+03  0.3356851      1.792    13.6723    310.776 -9.990e-29
      1.756     6.8901 198.162449     2.3407 8.9787e+02     0.5707    86.7045 3.7729e-01 1.2976e+03  0.3356851      1.791    13.6777    310.680 -9.990e-29
      1.757     6.8901 198.174408     2.3407 9.0040e+02     0.5707    86.7045 3.7118e-01 1.2976e+03  0.3356851      1.792    13.6753    310.699 -9.990e-29
      1.759     6.8905 198.234212     2.3407 9.0294e+02     0.5707    86.7045 3.7118e-01 1.2976e+03  0.3352693      1.794    13.6717    310.788 -9.990e-29
      1.762     6.8911 198.210290     2.3407 9.0294e+02     0.5707    86.7045 3.6874e-01 1.2976e+03  0.3352693      1.797    13.6683    310.745 -9.990e-29
      1.765     6.8911 198.174410     2.3419 8.8783e+02     0.5707    86.7045 3.6630e-01 1.2976e+03  0.3352693      1.800    13.6717    310.689 -9.990e-29
      1.766     6.8911 198.210290     2.3419 8.5596e+02     0.5695    86.7307 3.7118e-01 1.2976e+03  0.3356851      1.801    13.6667    310.745 -9.990e-29
      1.767     6.8913 198.246172     2.3431 8.4639e+02     0.5707    86.7045 3.7851e-01 1.2976e+03  0.3356851      1.802    13.6730    310.799 -9.990e-29
      1.769     6.8915 198.186369     2.3443 8.6079e+02     0.5707    86.7045 3.7851e-01 1.2996e+03  0.3352693      1.804    13.6797    310.704 -9.990e-29
      1.772     6.8916 198.210290     2.3443 9.0803e+02     0.5707    86.7045 3.7729e-01 1.2976e+03  0.3356851      1.807    13.6781    310.740 -9.990e-29
      1.775     6.8919 198.162449     2.3443 9.2608e+02     0.5707    86.7045 3.7485e-01 1.2976e+03  0.3356851      1.810    13.6755    310.662 -9.990e-29
      1.776     6.8919 198.210290     2.3443 9.2608e+02     0.5719    86.6784 3.6996e-01 1.2996e+03  0.3356851      1.811    13.6720    310.737 -9.990e-29
      1.779     6.8919 198.186369     2.3443 9.1572e+02     0.5707    86.7045 3.6264e-01 1.2996e+03  0.3356851      1.814    13.6678    310.700 -9.990e-29
      1.782     6.8915 198.258133     2.3455 9.1315e+02     0.5707    86.7045 3.6020e-01 1.2996e+03  0.3356851      1.817    13.6728    310.816 -9.990e-29
      1.784     6.8905 198.150489     2.3468 9.0548e+02     0.5707    86.7045 3.6264e-01 1.2996e+03  0.3356851      1.819    13.6805    310.657 -9.990e-29
      1.784     6.8879 198.126569     2.3468 8.0236e+02     0.5707    86.7045 3.6264e-01 1.2996e+03  0.3356851      1.819    13.6798    310.645 -9.990e-29
      1.786     6.8842 198.174413     2.3468 7.5423e+02     0.5695    86.7307 3.6142e-01 1.2996e+03  0.3356851      1.821    13.6788    310.756 -9.990e-29
      1.789     6.8835 198.198336     2.3468 7.5000e+02     0.5707    86.7045 3.6996e-01 1.2996e+03  0.3356851      1.824    13.6758    310.800 -9.990e-29
      1.791     6.8840 198.126573     2.3468 7.5848e+02     0.5707    86.7045 3.8584e-01 1.2996e+03  0.3356851      1.826    13.6717    310.683 -9.990e-29
      1.793     6.8846 198.222255     2.3468 7.6276e+02     0.5707    86.7045 3.8584e-01 1.2996e+03  0.3356851      1.828    13.6690    310.827 -9.990e-29
      1.795     6.8856 198.162453     2.3480 7.6276e+02     0.5707    86.7045 3.8339e-01 1.2996e+03  0.3356851      1.830    13.6743    310.724 -9.990e-29
      1.797     6.8831 198.114613     2.3480 7.6491e+02     0.5707    86.7045 3.7607e-01 1.2996e+03  0.3356851      1.832    13.6738    310.673 -9.990e-29
      1.798     6.8769 198.126577     2.3480 7.6706e+02     0.5707    86.7045 3.6996e-01 1.2996e+03  0.3356851      1.833    13.6741    310.752 -9.990e-29
      1.798     6.8696 198.138541     2.3480 7.6706e+02     0.5695    86.7307 3.6996e-01 1.2996e+03  0.3356851      1.833    13.6753    310.842 -9.990e-29
      1.799     6.8656 198.162466     2.3492 8.2292e+02     0.5695    86.7307 3.7485e-01 1.2996e+03  0.3361008      1.834    13.6833    310.919 -9.990e-29
      1.801     6.8663 198.138544     2.3492 8.9787e+02     0.5695    86.7307 3.7973e-01 1.2996e+03  0.3361008      1.837    13.6802    310.874 -9.990e-29
      1.802     6.8665 198.114623     2.3504 9.1572e+02     0.5707    86.7045 3.8462e-01 1.2996e+03  0.3361008      1.838    13.6866    310.835 -9.990e-29
      1.802     6.8684 198.126583     2.3504 9.3130e+02     0.5707    86.7045 3.8095e-01 1.2996e+03  0.3361008      1.838    13.6843    310.835 -9.990e-29
      1.801     6.8724 198.042857     2.3504 9.5786e+02     0.5707    86.7045 3.6630e-01 1.2996e+03  0.3361008      1.837    13.6805    310.665 -9.990e-29
      1.800     6.8772 198.102655     2.3492 9.6597e+02     0.5707    86.7045 3.5653e-01 1.2996e+03  0.3361008      1.835    13.6672    310.712 -9.990e-29
      1.800     6.8806 198.162456     2.3504 9.8241e+02     0.5707    86.7045 3.5409e-01 1.2996e+03  0.3361008      1.835    13.6722    310.772 -9.990e-29
      1.801     6.8832 198.186375     2.3516 1.0305e+03     0.5731    86.6522 3.5897e-01 1.2996e+03  0.3361008      1.837    13.6770    310.785 -9.990e-29
      1.801     6.8848 198.198335     2.3529 1.0451e+03     0.5755    86.6000 3.6386e-01 1.2996e+03  0.3361008      1.837    13.6835    310.788 -9.990e-29
      1.801     6.8859 198.222255     2.3529 1.0247e+03     0.5755    86.6000 3.6630e-01 1.2996e+03  0.3365166      1.837    13.6815    310.814 -9.990e-29
      1.802     6.8861 198.234216     2.3529 9.3392e+02     0.5755    86.6000 3.7118e-01 1.3016e+03  0.3361008      1.838    13.6806    310.831 -9.990e-29
      1.803     6.8864 198.186373     2.3516 8.9787e+02     0.5755    86.6000 3.7118e-01 1.2996e+03  0.3361008      1.839    13.6697    310.753 -9.990e-29
      1.803     6.8866 198.126571     2.3516 9.0040e+02     0.5755    86.6000 3.6264e-01 1.3016e+03  0.3361008      1.839    13.6677    310.658 -9.990e-29
      1.804     6.8866 198.078729     2.3516 9.2348e+02     0.5755    86.6000 3.5287e-01 1.3016e+03  0.3365166      1.840    13.6653    310.583 -9.990e-29
      1.804     6.8866 198.150492     2.3541 9.3392e+02     0.5767    86.5738 3.4310e-01 1.3016e+03  0.3365166      1.840    13.6815    310.695 -9.990e-29
      1.803     6.8866 198.186374     2.3541 9.3392e+02     0.5755    86.6000 3.4066e-01 1.3016e+03  0.3365166      1.839    13.6816    310.751 -9.990e-29
      1.802     6.8867 198.174412     2.3541 8.7544e+02     0.5755    86.6000 3.4432e-01 1.3016e+03  0.3365166      1.838    13.6813    310.732 -9.990e-29
      1.802     6.8877 198.138531     2.3541 8.4401e+02     0.5755    86.6000 3.5409e-01 1.3016e+03  0.3365166      1.838    13.6801    310.666 -9.990e-29
      1.802     6.8882 198.138530     2.3541 8.4164e+02     0.5767    86.5738 3.6386e-01 1.3016e+03  0.3361008      1.838    13.6786    310.661 -9.990e-29
      1.802     6.8890 198.222253     2.3541 8.0236e+02     0.5767    86.5738 3.6996e-01 1.3016e+03  0.3361008      1.838    13.6765    310.784 -9.990e-29
      1.802     6.8890 198.186372     2.3541 7.7139e+02     0.5755    86.6000 3.7241e-01 1.3016e+03  0.3361008      1.838    13.6742    310.728 -9.990e-29
      1.803     6.8884 198.186370     2.3553 7.6706e+02     0.5755    86.6000 3.7241e-01 1.3016e+03  0.3365166      1.839    13.6815    310.734 -9.990e-29
      1.806     6.8876 198.150492     2.3553 7.7792e+02     0.5755    86.6000 3.7485e-01 1.3016e+03  0.3365166      1.842    13.6798    310.685 -9.990e-29
      1.806     6.8874 198.174413     2.3553 7.8894e+02     0.5755    86.6000 3.7973e-01 1.3016e+03  0.3361008      1.842    13.6786    310.725 -9.990e-29
      1.805     6.8876 198.174411     2.3553 7.9116e+02     0.5755    86.6000 3.9683e-01 1.3016e+03  0.3361008      1.841    13.6767    310.723 -9.990e-29
      1.803     6.8877 198.186372     2.3553 8.1372e+02     0.5767    86.5738 4.0904e-01 1.3016e+03  0.3361008      1.839    13.6767    310.741 -9.990e-29
      1.803     6.8867 198.198334     2.3553 8.4877e+02     0.5755    86.6000 4.1392e-01 1.3035e+03  0.3365166      1.839    13.6756    310.769 -9.990e-29
      1.802     6.8867 198.198334     2.3565 8.6079e+02     0.5767    86.5738 4.1026e-01 1.3035e+03  0.3361008      1.838    13.6846    310.769 -9.990e-29
      1.801     6.8864 198.150491     2.3565 8.4877e+02     0.5767    86.5738 4.0293e-01 1.3035e+03  0.3348536      1.837    13.6846    310.697 -9.990e-29
      1.801     6.8873 198.138531     2.3565 8.2061e+02     0.5779    86.5477 3.9560e-01 1.3035e+03  0.3344378      1.837    13.6837    310.670 -9.990e-29
      1.802     6.8869 198.174413     2.3565 8.1372e+02     0.5767    86.5738 3.8339e-01 1.3035e+03  0.3344378      1.838    13.6817    310.730 -9.990e-29
      1.802     6.8872 198.174412     2.3565 8.2524e+02     0.5767    86.5738 3.6996e-01 1.3035e+03  0.3344378      1.838    13.6801    310.727 -9.990e-29
      1.801     6.8855 198.138532     2.3565 8.6808e+02     0.5779    86.5477 3.7363e-01 1.3035e+03  0.3344378      1.837    13.6801    310.687 -9.990e-29
      1.800     6.8837 198.114612     2.3565 8.8534e+02     0.5767    86.5738 3.8584e-01 1.3035e+03  0.3344378      1.835    13.6809    310.667 -9.990e-29
      1.799     6.8821 198.150494     2.3578 8.8534e+02     0.5767    86.5738 3.9194e-01 1.3035e+03  0.3344378      1.834    13.6908    310.739 -9.990e-29
      1.798     6.8814 198.138535     2.3578 8.9284e+02     0.5767    86.5738 3.9805e-01 1.3035e+03  0.3344378      1.833    13.6917    310.727 -9.990e-29
      1.798     6.8792 198.138536     2.3578 8.9535e+02     0.5767    86.5738 4.0293e-01 1.3035e+03  0.3344378      1.833    13.6916    310.749 -9.990e-29
      1.797     6.8755 198.138538     2.3578 8.9535e+02     0.5767    86.5738 3.9438e-01 1.3035e+03  0.3344378      1.832    13.6928    310.785 -9.990e-29
      1.795     6.8717 198.114620     2.3578 8.9284e+02     0.5767    86.5738 3.8828e-01 1.3035e+03  0.3344378      1.830    13.6923    310.784 -9.990e-29
      1.794     6.8709 198.066778     2.3590 8.9033e+02     0.5779    86.5477 3.8095e-01 1.3035e+03  0.3344378      1.829    13.7013    310.717 -9.990e-29
      1.792     6.8719 198.114620     2.3590 8.9033e+02     0.5767    86.5738 3.7241e-01 1.3035e+03  0.3344378      1.827    13.7007    310.782 -9.990e-29
      1.791     6.8735 198.174420     2.3590 8.4877e+02     0.5767    86.5738 3.7729e-01 1.3055e+03  0.3348536      1.826    13.6996    310.860 -9.990e-29
      1.791     6.8750 198.174420     2.3590 8.2061e+02     0.5779    86.5477 3.8339e-01 1.3055e+03  0.3348536      1.826    13.6981    310.846 -9.990e-29
      1.790     6.8761 198.126578     2.3590 8.1601e+02     0.5767    86.5738 3.9560e-01 1.3055e+03  0.3344378      1.825    13.6964    310.760 -9.990e-29
      1.788     6.8755 198.114617     2.3590 8.1831e+02     0.5767    86.5738 4.0293e-01 1.3055e+03  0.3344378      1.823    13.6951    310.747 -9.990e-29
      1.787     6.8758 198.150499     2.3590 8.2061e+02     0.5767    86.5738 3.9560e-01 1.3055e+03  0.3344378      1.822    13.6930    310.800 -9.990e-29
      1.787     6.8787 198.186378     2.3590 8.2061e+02     0.5779    86.5477 3.8950e-01 1.3055e+03  0.3344378      1.822    13.6921    310.828 -9.990e-29
      1.786     6.8821 198.102653     2.3602 8.4877e+02     0.5767    86.5738 3.9683e-01 1.3055e+03  0.3344378      1.821    13.6994    310.664 -9.990e-29
      1.785     6.8846 198.102651     2.3602 8.9284e+02     0.5731    86.6522 4.0049e-01 1.3055e+03  0.3344378      1.820    13.6991    310.640 -9.990e-29
      1.782     6.8859 198.174412     2.3614 9.0294e+02     0.5695    86.7307 3.9316e-01 1.3055e+03  0.3344378      1.817    13.7075    310.739 -9.990e-29
      1.781     6.8864 198.150491     2.3602 9.2869e+02     0.5695    86.7307 3.8584e-01 1.3055e+03  0.3344378      1.816    13.6973    310.697 -9.990e-29
      1.781     6.8861 198.090690     2.3614 9.8795e+02     0.5682    86.7568 3.7851e-01 1.3075e+03  0.3348536      1.816    13.7045    310.606 -9.990e-29
      1.781     6.8845 198.150492     2.3614 1.0076e+03     0.5707    86.7045 3.7485e-01 1.3075e+03  0.3348536      1.816    13.7043    310.716 -9.990e-29
      1.780     6.8835 198.126573     2.3614 9.7690e+02     0.5695    86.7307 3.7118e-01 1.3075e+03  0.3348536      1.815    13.7048    310.688 -9.990e-29
      1.779     6.8838 198.078730     2.3614 8.9284e+02     0.5695    86.7307 3.7118e-01 1.3075e+03  0.3348536      1.814    13.7056    310.610 -9.990e-29
      1.778     6.8845 198.150493     2.3614 8.6565e+02     0.5707    86.7045 3.7241e-01 1.3075e+03  0.3348536      1.813    13.7046    310.716 -9.990e-29
      1.776     6.8856 198.138531     2.3614 8.8285e+02     0.5695    86.7307 3.7363e-01 1.3075e+03  0.3348536      1.811    13.7021    310.686 -9.990e-29
      1.774     6.8864 198.174413     2.3614 9.7415e+02     0.5682    86.7568 3.7118e-01 1.3075e+03  0.3348536      1.809    13.6993    310.735 -9.990e-29
      1.773     6.8870 198.174411     2.3614 1.0161e+03     0.5695    86.7307 3.6630e-01 1.3075e+03  0.3348536      1.808    13.6975    310.729 -9.990e-29
      1.772     6.8876 198.210294     2.3626 1.0104e+03     0.5695    86.7307 3.5897e-01 1.3075e+03  0.3348536      1.807    13.7053    310.779 -9.990e-29
      1.771     6.8879 198.234214     2.3626 9.0040e+02     0.5695    86.7307 3.5165e-01 1.3075e+03  0.3348536      1.806    13.7031    310.814 -9.990e-29
      1.771     6.8882 198.186371     2.3639 8.4877e+02     0.5695    86.7307 3.4799e-01 1.3075e+03  0.3348536      1.806    13.7123    310.736 -9.990e-29
      1.772     6.8888 198.186372     2.3626 8.4401e+02     0.5695    86.7307 3.5043e-01 1.3075e+03  0.3348536      1.807    13.7012    310.730 -9.990e-29
      1.771     6.8880 198.126569     2.3626 8.8783e+02     0.5695    86.7307 3.5531e-01 1.3095e+03  0.3348536      1.806    13.6997    310.644 -9.990e-29
      1.771     6.8874 198.114609     2.3626 9.1830e+02     0.5707    86.7045 3.5775e-01 1.3095e+03  0.3348536      1.806    13.6991    310.631 -9.990e-29
      1.771     6.8876 198.150490     2.3626 9.2088e+02     0.5707    86.7045 3.5897e-01 1.3095e+03  0.3348536      1.806    13.6979    310.685 -9.990e-29
      1.771     6.8869 198.126571     2.3626 8.8037e+02     0.5695    86.7307 3.5775e-01 1.3095e+03  0.3348536      1.806    13.6968    310.655 -9.990e-29
      1.771     6.8834 198.078730     2.3626 8.4877e+02     0.5695    86.7307 3.5653e-01 1.3095e+03  0.3352693      1.806    13.6976    310.614 -9.990e-29
      1.771     6.8814 198.102652     2.3626 8.4401e+02     0.5719    86.6784 3.6020e-01 1.3095e+03  0.3352693      1.806    13.6976    310.671 -9.990e-29
      1.772     6.8813 198.126573     2.3626 8.3223e+02     0.5731    86.6522 3.7118e-01 1.3095e+03  0.3348536      1.807    13.6966    310.709 -9.990e-29
      1.773     6.8822 198.114614     2.3639 8.2061e+02     0.5731    86.6522 3.9072e-01 1.3095e+03  0.3348536      1.808    13.7043    310.682 -9.990e-29
      1.773     6.8829 198.126572     2.3639 8.1831e+02     0.5719    86.6784 4.1026e-01 1.3095e+03  0.3348536      1.808    13.7024    310.694 -9.990e-29
      1.773     6.8842 198.138532     2.3651 8.1831e+02     0.5731    86.6522 4.0293e-01 1.3095e+03  0.3348536      1.808    13.7098    310.700 -9.990e-29
      1.775     6.8835 198.138532     2.3651 8.2061e+02     0.5731    86.6522 3.8095e-01 1.3095e+03  0.3348536      1.810    13.7102    310.707 -9.990e-29
      1.777     6.8817 198.090693     2.3639 8.2061e+02     0.5731    86.6522 3.6874e-01 1.3114e+03  0.3348536      1.812    13.7022    310.649 -9.990e-29
      1.778     6.8803 198.078733     2.3639 8.5596e+02     0.5731    86.6522 3.7607e-01 1.3114e+03  0.3348536      1.813    13.7013    310.644 -9.990e-29
      1.778     6.8760 198.054814     2.3639 9.4715e+02     0.5719    86.6784 3.7973e-01 1.3114e+03  0.3348536      1.813    13.7024    310.648 -9.990e-29
      1.780     6.8706 198.138542     2.3651 9.8241e+02     0.5731    86.6522 3.6874e-01 1.3114e+03  0.3348536      1.815    13.7124    310.832 -9.990e-29
      1.781     6.8667 198.174425     2.3663 9.8517e+02     0.5719    86.6784 3.5165e-01 1.3114e+03  0.3348536      1.816    13.7216    310.927 -9.990e-29
