data/05_metadata_exports/SeabirdData/202305_SeabirdData/83471_stn9.cnv
* Sea-Bird SBE 9 Data File:
* FileName = C:\Users\rosette\Rosette Data\2023\Ontario CSMI\stn9.hex
* Software Version Seasave V 7.26.6.26
* Temperature SN = 5270
* Conductivity SN = 1168
* Number of Bytes Per Scan = 40
* Number of Voltage Words = 5
* Number of Scans Averaged by the Deck Unit = 1
* NMEA Latitude = 43 35.21 N
* NMEA Longitude = 079 23.68 W
* NMEA UTC (Time) = Oct 03 2003  16:10:04
* NMEA baud rate = 4800
** Ship: Lake Guardian
** Ontario CSMI LWFS
** Station:  stn9
# nquan = 14                                
# nvalues = 17946                       
# units = specified
# name 0 = prDM: Pressure, Digiquartz [db]
# name 1 = t090C: Temperature [ITS-90, deg C]
# name 2 = c0uS/cm: Conductivity [uS/cm]
# name 3 = sbeox0V: Oxygen raw, SBE 43 [V]
# name 4 = par: PAR/Irradiance, Biospherical/Licor
# name 5 = bat: Beam Attenuation, Chelsea/Seatech [1/m]
# name 6 = xmiss: Beam Transmission, Chelsea/Seatech [%]
# name 7 = flSP: Fluorescence, Seapoint
# name 8 = spar: SPAR, Biospherical/Licor
# name 9 = upoly0: Upoly 0, Suna Nitrate
# name 10 = depFM: Depth [fresh water, m], lat = 43.5868
# name 11 = sbeox0Mg/L: Oxygen, SBE 43 [mg/l], WS = 2
# name 12 = specc: Specific Conductance [uS/cm]
# name 13 = flag: flag
# span 0 =     -0.184,     56.609       
# span 1 =     4.7589,    10.1300       
# span 2 =   9.366837, 599.116012       
# span 3 =     1.9035,     2.3468       
# span 4 = 1.0000e-12, 2.2328e+03       
# span 5 =     0.1152,     6.1754       
# span 6 =    21.3559,    97.1603       
# span 7 = 0.0000e+00, 1.7363e+00       
# span 8 = 9.6683e+02, 1.1874e+03       
# span 9 =  0.0409094,  0.0604502       
# span 10 =     -0.188,     57.725      
# span 11 =     9.9645,    13.2880      
# span 12 =     13.439,    858.306      
# span 13 = 0.0000e+00, 0.0000e+00      
# interval = seconds: 0.0416667
# start_time = Oct 03 2003 16:10:04 [NMEA time, header]
# bad_flag = -9.990e-29
*END*
[from data line 13833]
     15.974     6.4363 208.934166     2.2308 1.2024e+01     0.6070    85.9203 8.9866e-01 9.7077e+02  0.0479774     16.289    12.9243    332.297 0.0000e+00
     15.964     6.4362 208.838365     2.2308 1.2092e+01     0.6082    85.8942 9.0354e-01 9.7077e+02  0.0475616     16.279    12.9236    332.146 0.0000e+00
     15.953     6.4357 208.838363     2.2320 1.2058e+01     0.6094    85.8681 9.1941e-01 9.7077e+02  0.0475616     16.268    12.9329    332.151 0.0000e+00
     15.942     6.4346 208.850340     2.2308 1.2092e+01     0.6070    85.9203 9.2430e-01 9.7077e+02  0.0483931     16.256    12.9234    332.182 0.0000e+00
     15.932     6.4339 208.814413     2.2308 1.2161e+01     0.6070    85.9203 9.0842e-01 9.7077e+02  0.0483931     16.246    12.9222    332.132 0.0000e+00
     15.923     6.4341 208.814414     2.2295 1.2161e+01     0.6082    85.8942 8.6447e-01 9.7077e+02  0.0475616     16.237    12.9122    332.130 0.0000e+00
     15.914     6.4345 208.886264     2.2320 1.2161e+01     0.6082    85.8942 8.1807e-01 9.7077e+02  0.0471458     16.228    12.9284    332.240 0.0000e+00
     15.905     6.4343 208.874290     2.2320 1.2230e+01     0.6082    85.8942 7.8999e-01 9.7077e+02  0.0475616     16.219    12.9262    332.223 0.0000e+00
     15.894     6.4354 208.898239     2.2320 1.2230e+01     0.6082    85.8942 7.8999e-01 9.7077e+02  0.0479774     16.207    12.9246    332.250 0.0000e+00
     15.884     6.4359 208.910213     2.2320 1.2230e+01     0.6082    85.8942 7.9976e-01 9.7077e+02  0.0479774     16.197    12.9242    332.263 0.0000e+00
     15.874     6.4355 208.862314     2.2308 1.2300e+01     0.6082    85.8942 8.0464e-01 9.7077e+02  0.0479774     16.187    12.9151    332.191 0.0000e+00
     15.864     6.4358 208.910213     2.2308 1.2300e+01     0.6082    85.8942 7.9731e-01 9.7077e+02  0.0475616     16.177    12.9131    332.264 0.0000e+00
     15.854     6.4365 208.934163     2.2320 1.2335e+01     0.6082    85.8942 7.8510e-01 9.7077e+02  0.0475616     16.167    12.9207    332.295 0.0000e+00
     15.846     6.4376 208.886261     2.2320 1.2370e+01     0.6082    85.8942 7.8266e-01 9.7077e+02  0.0475616     16.158    12.9205    332.207 0.0000e+00
     15.837     6.4382 208.910213     2.2320 1.2405e+01     0.6082    85.8942 7.8999e-01 9.7077e+02  0.0475616     16.149    12.9202    332.239 0.0000e+00
     15.828     6.4393 208.934160     2.2308 1.2405e+01     0.6082    85.8942 7.9731e-01 9.7077e+02  0.0479774     16.140    12.9096    332.265 0.0000e+00
     15.818     6.4394 208.862309     2.2308 1.2476e+01     0.6070    85.9203 7.9731e-01 9.7077e+02  0.0475616     16.130    12.9080    332.150 0.0000e+00
     15.809     6.4387 208.886260     2.2332 1.2476e+01     0.6058    85.9465 7.9365e-01 9.7077e+02  0.0475616     16.121    12.9252    332.196 0.0000e+00
     15.801     6.4373 208.862310     2.2320 1.2476e+01     0.6058    85.9465 7.8510e-01 9.7077e+02  0.0475616     16.113    12.9162    332.172 0.0000e+00
     15.792     6.4350 208.850337     2.2320 1.2511e+01     0.6046    85.9726 7.8877e-01 9.7077e+02  0.0475616     16.103    12.9174    332.178 0.0000e+00
     15.782     6.4334 208.850337     2.2332 1.2547e+01     0.6046    85.9726 7.8755e-01 9.7077e+02  0.0479774     16.093    12.9270    332.195 0.0000e+00
     15.772     6.4318 208.802437     2.2332 1.2582e+01     0.6058    85.9465 7.8266e-01 9.7077e+02  0.0479774     16.083    12.9277    332.135 0.0000e+00
     15.762     6.4305 208.802437     2.2332 1.2582e+01     0.6046    85.9726 7.8022e-01 9.7077e+02  0.0475616     16.073    12.9281    332.149 0.0000e+00
     15.753     6.4280 208.742564     2.2332 1.2618e+01     0.6058    85.9465 7.7778e-01 9.7077e+02  0.0475616     16.064    12.9288    332.080 0.0000e+00
     15.744     6.4237 208.766516     2.2332 1.2618e+01     0.6058    85.9465 7.6923e-01 9.7077e+02  0.0479774     16.054    12.9299    332.164 0.0000e+00
     15.736     6.4220 208.754543     2.2332 1.2654e+01     0.6046    85.9726 7.7900e-01 9.7077e+02  0.0479774     16.046    12.9301    332.163 0.0000e+00
     15.727     6.4196 208.778494     2.2332 1.2690e+01     0.6046    85.9726 8.0586e-01 9.7077e+02  0.0479774     16.037    12.9303    332.226 0.0000e+00
     15.719     6.4138 208.754548     2.2332 1.2726e+01     0.6046    85.9726 8.0464e-01 9.7077e+02  0.0475616     16.029    12.9328    332.249 0.0000e+00
     15.710     6.4121 208.778499     2.2332 1.2726e+01     0.6033    85.9988 7.8877e-01 9.7077e+02  0.0475616     16.020    12.9325    332.305 0.0000e+00
     15.701     6.4127 208.718622     2.2344 1.2762e+01     0.6058    85.9465 7.8388e-01 9.7077e+02  0.0479774     16.011    12.9413    332.204 0.0000e+00
     15.693     6.4088 208.670725     2.2332 1.2798e+01     0.6046    85.9726 7.8632e-01 9.7077e+02  0.0475616     16.002    12.9326    332.169 0.0000e+00
     15.685     6.4055 208.670726     2.2332 1.2798e+01     0.6046    85.9726 7.9731e-01 9.7077e+02  0.0475616     15.994    12.9348    332.204 0.0000e+00
     15.677     6.4029 208.622828     2.2332 1.2871e+01     0.6046    85.9726 7.9853e-01 9.7077e+02  0.0475616     15.986    12.9366    332.155 0.0000e+00
     15.671     6.4008 208.622829     2.2344 1.2871e+01     0.6046    85.9726 7.9365e-01 9.7077e+02  0.0479774     15.980    12.9469    332.177 0.0000e+00
     15.666     6.3997 208.706656     2.2344 1.2871e+01     0.6046    85.9726 7.8266e-01 9.7077e+02  0.0479774     15.975    12.9479    332.322 -9.990e-29
     15.663     6.3957 208.610857     2.2332 1.2944e+01     0.6046    85.9726 7.6313e-01 9.7077e+02  0.0479774     15.972    12.9384    332.212 -9.990e-29
     15.663     6.3932 208.610860     2.2332 1.2944e+01     0.6058    85.9465 7.3871e-01 9.7077e+02  0.0475616     15.972    12.9370    332.239 -9.990e-29
     15.663     6.3959 208.706658     2.2344 1.2944e+01     0.6131    85.7896 7.2527e-01 9.7077e+02  0.0475616     15.972    12.9437    332.363 -9.990e-29
     15.662     6.3997 208.682705     2.2344 1.2981e+01     0.6180    85.6851 7.1673e-01 9.7077e+02  0.0479774     15.971    12.9410    332.284 -9.990e-29
     15.662     6.4023 208.670729     2.2332 1.2981e+01     0.6192    85.6589 6.9841e-01 9.7077e+02  0.0479774     15.971    12.9299    332.238 -9.990e-29
     15.662     6.4042 208.706651     2.2332 1.3018e+01     0.6167    85.7112 6.8987e-01 9.7077e+02  0.0475616     15.971    12.9278    332.275 -9.990e-29
     15.665     6.4065 208.682700     2.2344 1.2981e+01     0.6180    85.6851 6.7888e-01 9.7077e+02  0.0475616     15.974    12.9341    332.212 -9.990e-29
     15.668     6.4095 208.754550     2.2344 1.2981e+01     0.6180    85.6851 6.7766e-01 9.7077e+02  0.0475616     15.977    12.9337    332.295 -9.990e-29
     15.671     6.4105 208.754549     2.2344 1.2981e+01     0.6180    85.6851 6.8620e-01 9.7077e+02  0.0479774     15.980    12.9327    332.284 -9.990e-29
     15.672     6.4109 208.730599     2.2344 1.2981e+01     0.6180    85.6851 7.2161e-01 9.7077e+02  0.0479774     15.981    12.9317    332.242 -9.990e-29
     15.671     6.4113 208.730598     2.2344 1.2944e+01     0.6180    85.6851 7.4725e-01 9.7077e+02  0.0475616     15.980    12.9318    332.238 -9.990e-29
     15.669     6.4103 208.694673     2.2344 1.2944e+01     0.6180    85.6851 7.4969e-01 9.7077e+02  0.0475616     15.978    12.9310    332.191 -9.990e-29
     15.667     6.4059 208.598876     2.2344 1.2944e+01     0.6180    85.6851 7.4847e-01 9.7077e+02  0.0475616     15.976    12.9314    332.085 -9.990e-29
     15.666     6.3966 208.347413     2.2344 1.2944e+01     0.6180    85.6851 7.3748e-01 9.7077e+02  0.0479774     15.975    12.9323    331.783 -9.990e-29
     15.665     6.3776 208.239654     2.2344 1.2944e+01     0.6180    85.6851 7.1429e-01 9.7077e+02  0.0475616     15.974    12.9367    331.812 -9.990e-29
     15.664     6.3631 208.191767     2.2344 1.2944e+01     0.6180    85.6851 6.9109e-01 9.7077e+02  0.0475616     15.973    12.9395    331.889 -9.990e-29
     15.665     6.3526 208.155851     2.2344 1.2944e+01     0.6180    85.6851 6.7888e-01 9.7077e+02  0.0479774     15.974    12.9420    331.943 -9.990e-29
     15.665     6.3324 208.036123     2.2344 1.2981e+01     0.6180    85.6851 6.7155e-01 9.7077e+02  0.0479774     15.974    12.9480    331.966 -9.990e-29
     15.665     6.3099 207.808632     2.2357 1.2944e+01     0.6180    85.6851 6.8010e-01 9.7077e+02  0.0475616     15.974    12.9631    331.842 -9.990e-29
     15.664     6.2897 207.617066     2.2357 1.2944e+01     0.6180    85.6851 6.9597e-01 9.7077e+02  0.0475616     15.973    12.9691    331.750 -9.990e-29
     15.664     6.2679 207.473399     2.2357 1.2944e+01     0.6180    85.6851 7.2283e-01 9.7077e+02  0.0475616     15.973    12.9744    331.751 -9.990e-29
     15.663     6.2488 207.377626     2.2357 1.2944e+01     0.6180    85.6851 7.4603e-01 9.7077e+02  0.0479774     15.972    12.9776    331.801 -9.990e-29
     15.661     6.2311 207.293826     2.2357 1.2944e+01     0.6192    85.6589 7.7167e-01 9.7077e+02  0.0479774     15.970    12.9803    331.855 -9.990e-29
     15.660     6.2165 207.233968     2.2357 1.2944e+01     0.6216    85.6067 7.6801e-01 9.7077e+02  0.0479774     15.969    12.9832    331.914 -9.990e-29
     15.660     6.2048 207.114248     2.2344 1.2944e+01     0.6204    85.6328 7.3382e-01 9.7077e+02  0.0475616     15.969    12.9756    331.847 -9.990e-29
     15.660     6.1971 207.114253     2.2344 1.2981e+01     0.6216    85.6067 7.0208e-01 9.7077e+02  0.0475616     15.969    12.9749    331.929 -9.990e-29
     15.660     6.1984 207.233982     2.2344 1.2981e+01     0.6204    85.6328 6.8620e-01 9.7077e+02  0.0475616     15.969    12.9710    332.107 -9.990e-29
     15.659     6.2008 207.233980     2.2344 1.2981e+01     0.6216    85.6067 6.8132e-01 9.7077e+02  0.0479774     15.968    12.9669    332.081 -9.990e-29
     15.657     6.1971 207.102280     2.2344 1.2981e+01     0.6192    85.6589 6.7888e-01 9.7077e+02  0.0479774     15.966    12.9663    331.910 -9.990e-29
     15.655     6.1923 207.150175     2.2357 1.2981e+01     0.6204    85.6328 6.8498e-01 9.7077e+02  0.0475616     15.964    12.9733    332.038 -9.990e-29
     15.652     6.1883 207.174123     2.2357 1.2981e+01     0.6204    85.6328 6.8132e-01 9.7077e+02  0.0479774     15.961    12.9705    332.119 -9.990e-29
     15.650     6.1852 207.066370     2.2357 1.2981e+01     0.6204    85.6328 6.8620e-01 9.7077e+02  0.0479774     15.959    12.9688    331.979 -9.990e-29
     15.648     6.1801 207.030453     2.2357 1.2981e+01     0.6204    85.6328 6.9963e-01 9.7077e+02  0.0479774     15.957    12.9679    331.976 -9.990e-29
     15.647     6.1794 206.982564     2.2357 1.2981e+01     0.6204    85.6328 7.1429e-01 9.7077e+02  0.0475616     15.955    12.9656    331.906 -9.990e-29
     15.646     6.1788 206.994537     2.2357 1.3018e+01     0.6204    85.6328 7.1184e-01 9.7077e+02  0.0475616     15.954    12.9621    331.932 -9.990e-29
     15.644     6.1762 206.958620     2.2344 1.3018e+01     0.6204    85.6328 7.0696e-01 9.7077e+02  0.0475616     15.952    12.9500    331.902 -9.990e-29
     15.643     6.1753 206.982567     2.2344 1.3018e+01     0.6204    85.6328 6.9597e-01 9.7077e+02  0.0475616     15.951    12.9470    331.950 -9.990e-29
     15.641     6.1769 207.018484     2.2332 1.3055e+01     0.6204    85.6328 6.8742e-01 9.7077e+02  0.0475616     15.949    12.9345    331.990 -9.990e-29
     15.638     6.1772 206.958620     2.2332 1.3055e+01     0.6216    85.6067 7.0085e-01 9.7077e+02  0.0475616     15.946    12.9303    331.891 -9.990e-29
     15.636     6.1736 206.886786     2.2332 1.3055e+01     0.6192    85.6589 7.2161e-01 9.7077e+02  0.0479774     15.944    12.9290    331.814 -9.990e-29
     15.633     6.1701 206.946652     2.2344 1.3055e+01     0.6204    85.6328 7.3382e-01 9.7077e+02  0.0479774     15.941    12.9367    331.948 -9.990e-29
     15.631     6.1711 206.994541     2.2344 1.3055e+01     0.6216    85.6067 7.3138e-01 9.7077e+02  0.0479774     15.939    12.9329    332.014 -9.990e-29
     15.629     6.1775 207.186103     2.2332 1.3092e+01     0.6192    85.6589 7.2283e-01 9.7077e+02  0.0479774     15.937    12.9186    332.253 -9.990e-29
     15.629     6.1873 207.245962     2.2332 1.3092e+01     0.6131    85.7896 7.2650e-01 9.7077e+02  0.0475616     15.937    12.9135    332.244 -9.990e-29
     15.628     6.1940 207.222010     2.2332 1.3092e+01     0.6107    85.8419 7.2894e-01 9.7077e+02  0.0475616     15.936    12.9099    332.135 -9.990e-29
     15.626     6.1964 207.222010     2.2320 1.3129e+01     0.6107    85.8419 7.2772e-01 9.7077e+02  0.0475616     15.934    12.8981    332.109 -9.990e-29
     15.624     6.1982 207.257926     2.2320 1.3129e+01     0.6119    85.8158 7.3138e-01 9.7077e+02  0.0479774     15.932    12.8957    332.147 -9.990e-29
     15.623     6.2005 207.293846     2.2320 1.3129e+01     0.6119    85.8158 7.3748e-01 9.7077e+02  0.0479774     15.931    12.8935    332.181 -9.990e-29
     15.621     6.2029 207.329762     2.2320 1.3129e+01     0.6107    85.8419 7.3748e-01 9.7077e+02  0.0475616     15.929    12.8916    332.213 -9.990e-29
     15.619     6.2054 207.317788     2.2320 1.3129e+01     0.6107    85.8419 7.4481e-01 9.7077e+02  0.0479774     15.927    12.8887    332.167 -9.990e-29
     15.618     6.2114 207.389623     2.2320 1.3166e+01     0.6119    85.8158 7.5946e-01 9.7077e+02  0.0475616     15.926    12.8848    332.218 -9.990e-29
     15.618     6.2180 207.461458     2.2308 1.3166e+01     0.6119    85.8158 7.6801e-01 9.7077e+02  0.0475616     15.926    12.8722    332.263 -9.990e-29
     15.618     6.2218 207.437510     2.2320 1.3166e+01     0.6119    85.8158 7.6801e-01 9.7077e+02  0.0475616     15.926    12.8786    332.184 -9.990e-29
     15.617     6.2235 207.497375     2.2308 1.3166e+01     0.6119    85.8158 7.6923e-01 9.7077e+02  0.0475616     15.925    12.8671    332.262 -9.990e-29
     15.615     6.2217 207.449482     2.2308 1.3166e+01     0.6119    85.8158 7.7534e-01 9.7077e+02  0.0475616     15.923    12.8662    332.204 -9.990e-29
     15.614     6.2172 207.281861     2.2308 1.3203e+01     0.6119    85.8158 7.7411e-01 9.7077e+02  0.0479774     15.922    12.8668    331.984 -9.990e-29
     15.613     6.2116 207.245945     2.2308 1.3203e+01     0.6119    85.8158 7.5824e-01 9.7077e+02  0.0479774     15.921    12.8682    331.986 -9.990e-29
     15.611     6.2053 207.245949     2.2308 1.3203e+01     0.6119    85.8158 7.6190e-01 9.7077e+02  0.0475616     15.919    12.8703    332.053 -9.990e-29
     15.610     6.1978 207.186089     2.2295 1.3203e+01     0.6107    85.8419 8.0098e-01 9.7077e+02  0.0475616     15.918    12.8638    332.037 -9.990e-29
     15.609     6.1934 207.222011     2.2295 1.3203e+01     0.6107    85.8419 8.0342e-01 9.7077e+02  0.0475616     15.917    12.8661    332.141 -9.990e-29
     15.609     6.1920 207.245958     2.2295 1.3203e+01     0.6107    85.8419 7.8022e-01 9.7077e+02  0.0475616     15.917    12.8665    332.194 -9.990e-29
     15.609     6.1942 207.281876     2.2295 1.3203e+01     0.6107    85.8419 7.5580e-01 9.7077e+02  0.0475616     15.917    12.8647    332.228 -9.990e-29
     15.610     6.1995 207.341738     2.2283 1.3203e+01     0.6107    85.8419 7.3871e-01 9.7077e+02  0.0479774     15.918    12.8535    332.268 -9.990e-29
     15.610     6.2050 207.389628     2.2295 1.3241e+01     0.6082    85.8942 7.3138e-01 9.7077e+02  0.0483931     15.918    12.8590    332.286 -9.990e-29
     15.609     6.2077 207.353706     2.2295 1.3241e+01     0.6070    85.9203 7.3871e-01 9.7077e+02  0.0479774     15.917    12.8570    332.200 -9.990e-29
     15.609     6.2061 207.341733     2.2283 1.3241e+01     0.6070    85.9203 7.5336e-01 9.7077e+02  0.0475616     15.917    12.8494    332.198 -9.990e-29
     15.609     6.2056 207.305814     2.2283 1.3203e+01     0.6070    85.9203 7.5580e-01 9.7077e+02  0.0475616     15.917    12.8495    332.145 -9.990e-29
