data/05_metadata_exports/SeabirdData/202305_SeabirdData/83478_stn8.cnv
* Sea-Bird SBE 9 Data File:
* FileName = C:\Users\rosette\Rosette Data\2023\Ontario CSMI\stn8.hex
* Software Version Seasave V 7.26.6.26
* Temperature SN = 5270
* Conductivity SN = 1168
* Number of Bytes Per Scan = 40
* Number of Voltage Words = 5
* Number of Scans Averaged by the Deck Unit = 1
* NMEA Latitude = 43 37.39 N
* NMEA Longitude = 079 27.12 W
* NMEA UTC (Time) = Oct 03 2003  17:17:44
* NMEA baud rate = 4800
** Ship: Lake Guardian
** Ontario CSMI LWFS
** Station:  stn8
# nquan = 14                                
# nvalues = 14534                       
# units = specified
# name 0 = prDM: Pressure, Digiquartz [db]
# name 1 = t090C: Temperature [ITS-90, deg C]
# name 2 = c0uS/cm: Conductivity [uS/cm]
# name 3 = sbeox0V: Oxygen raw, SBE 43 [V]
# name 4 = par: PAR/Irradiance, Biospherical/Licor
# name 5 = bat: Beam Attenuation, Chelsea/Seatech [1/m]
# name 6 = xmiss: Beam Transmission, Chelsea/Seatech [%]
# name 7 = flSP: Fluorescence, Seapoint
# name 8 = spar: SPAR, Biospherical/Licor
# name 9 = upoly0: Upoly 0, Suna Nitrate
# name 10 = depFM: Depth [fresh water, m], lat = 43.6232
# name 11 = sbeox0Mg/L: Oxygen, SBE 43 [mg/l], WS = 2
# name 12 = specc: Specific Conductance [uS/cm]
# name 13 = flag: flag
# span 0 =     -0.234,     13.354       
# span 1 =     6.5982,    12.1082       
# span 2 =   2.071417, 233.203369       
# span 3 =     1.9731,     2.3675       
# span 4 = 7.9019e+01, 4.4840e+03       
# span 5 =     0.6058,     3.1262       
# span 6 =    45.7702,    85.9465       
# span 7 = 1.9536e-02, 1.4274e+00       
# span 8 = 1.7466e+03, 2.1286e+03       
# span 9 =  0.0745862,  0.5115527       
# span 10 =     -0.239,     13.617      
# span 11 =    10.0361,    13.0968      
# span 12 =      2.832,    347.585      
# span 13 = 0.0000e+00, 0.0000e+00      
# interval = seconds: 0.0416667
# start_time = Oct 03 2003 17:17:44 [NMEA time, header]
# bad_flag = -9.990e-29
*END*
[from data line 8465]
     13.333     6.6050 216.517727     2.1734 8.9438e+01     0.6388    85.2407 6.1783e-01 1.8785e+03  0.4970010     13.596    12.3944    342.520 -9.990e-29
     13.333     6.6050 216.505741     2.1734 8.9691e+01     0.6388    85.2407 6.1783e-01 1.8785e+03  0.4970010     13.596    12.3943    342.501 -9.990e-29
     13.333     6.6050 216.565669     2.1734 8.9438e+01     0.6400    85.2146 6.1783e-01 1.8766e+03  0.4970010     13.596    12.3953    342.596 -9.990e-29
     13.334     6.6048 216.565671     2.1746 8.9438e+01     0.6400    85.2146 6.1538e-01 1.8766e+03  0.4970010     13.597    12.4039    342.598 -9.990e-29
     13.335     6.6046 216.469784     2.1758 8.9438e+01     0.6400    85.2146 6.0684e-01 1.8766e+03  0.4970010     13.598    12.4137    342.448 -9.990e-29
     13.335     6.6046 216.553685     2.1746 8.9438e+01     0.6400    85.2146 5.9829e-01 1.8766e+03  0.4970010     13.598    12.4058    342.581 -9.990e-29
     13.335     6.6045 216.589643     2.1746 8.9438e+01     0.6400    85.2146 5.9096e-01 1.8766e+03  0.4970010     13.598    12.4053    342.639 -9.990e-29
     13.335     6.6050 216.493754     2.1746 8.9438e+01     0.6400    85.2146 5.8486e-01 1.8766e+03  0.4974167     13.598    12.4047    342.482 -9.990e-29
     13.336     6.6043 216.577657     2.1734 8.9187e+01     0.6400    85.2146 5.7875e-01 1.8766e+03  0.4970010     13.599    12.3969    342.622 -9.990e-29
     13.336     6.6043 216.553685     2.1734 8.9187e+01     0.6388    85.2407 5.7509e-01 1.8746e+03  0.4970010     13.599    12.4000    342.584 -9.990e-29
     13.337     6.6042 216.493755     2.1734 8.9187e+01     0.6424    85.1623 5.7509e-01 1.8746e+03  0.4970010     13.600    12.4007    342.491 -9.990e-29
     13.338     6.6042 216.469784     2.1746 8.8936e+01     0.6449    85.1100 5.8242e-01 1.8746e+03  0.4970010     13.601    12.4101    342.453 -9.990e-29
     13.340     6.6040 216.493756     2.1746 8.8936e+01     0.6461    85.0839 5.8852e-01 1.8746e+03  0.4970010     13.603    12.4109    342.493 -9.990e-29
     13.341     6.6042 216.433827     2.1734 8.8686e+01     0.6461    85.0839 5.9341e-01 1.8746e+03  0.4970010     13.604    12.4016    342.396 -9.990e-29
     13.341     6.6039 216.493756     2.1734 8.8686e+01     0.6461    85.0839 5.9951e-01 1.8746e+03  0.4970010     13.604    12.4011    342.494 -9.990e-29
     13.340     6.6042 216.493756     2.1734 8.8437e+01     0.6461    85.0839 6.0562e-01 1.8746e+03  0.4970010     13.603    12.4015    342.491 -9.990e-29
     13.339     6.6038 216.469783     2.1746 8.8437e+01     0.6461    85.0839 6.0440e-01 1.8746e+03  0.4970010     13.602    12.4110    342.457 -9.990e-29
     13.340     6.6041 216.493756     2.1734 8.8437e+01     0.6461    85.0839 5.9585e-01 1.8726e+03  0.4970010     13.603    12.4028    342.492 -9.990e-29
     13.341     6.6040 216.505741     2.1746 8.8437e+01     0.6461    85.0839 5.8730e-01 1.8726e+03  0.4974167     13.604    12.4109    342.512 -9.990e-29
     13.343     6.6042 216.517728     2.1758 8.8437e+01     0.6461    85.0839 5.7998e-01 1.8726e+03  0.4965852     13.606    12.4189    342.529 -9.990e-29
     13.344     6.6040 216.529714     2.1746 8.8437e+01     0.6461    85.0839 5.7631e-01 1.8726e+03  0.4953379     13.607    12.4095    342.550 -9.990e-29
     13.345     6.6041 216.457799     2.1746 8.8189e+01     0.6461    85.0839 5.7631e-01 1.8726e+03  0.4949222     13.608    12.4075    342.435 -9.990e-29
     13.346     6.6037 216.553686     2.1746 8.8189e+01     0.6461    85.0839 5.7998e-01 1.8707e+03  0.4949222     13.609    12.4080    342.591 -9.990e-29
     13.346     6.6040 216.493756     2.1734 8.8189e+01     0.6449    85.1100 5.8730e-01 1.8707e+03  0.4949222     13.609    12.3984    342.493 -9.990e-29
     13.345     6.6037 216.469785     2.1734 8.8189e+01     0.6449    85.1100 5.8974e-01 1.8707e+03  0.4953379     13.608    12.3989    342.458 -9.990e-29
     13.345     6.6037 216.445813     2.1746 8.8189e+01     0.6461    85.0839 5.8608e-01 1.8707e+03  0.4953379     13.608    12.4068    342.420 -9.990e-29
     13.343     6.6038 216.457799     2.1746 8.8189e+01     0.6461    85.0839 5.7875e-01 1.8707e+03  0.4953379     13.606    12.4059    342.438 -9.990e-29
     13.342     6.6037 216.493755     2.1746 8.8189e+01     0.6461    85.0839 5.7143e-01 1.8707e+03  0.4953379     13.605    12.4050    342.496 -9.990e-29
     13.343     6.6037 216.433827     2.1758 8.8189e+01     0.6449    85.1100 5.6410e-01 1.8707e+03  0.4953379     13.606    12.4140    342.401 -9.990e-29
     13.344     6.6036 216.433828     2.1758 8.8189e+01     0.6474    85.0577 5.5922e-01 1.8707e+03  0.4953379     13.607    12.4155    342.402 -9.990e-29
     13.345     6.6037 216.481770     2.1746 8.8189e+01     0.6486    85.0316 5.5800e-01 1.8707e+03  0.4953379     13.608    12.4070    342.477 -9.990e-29
     13.345     6.6034 216.457799     2.1746 8.8189e+01     0.6510    84.9793 5.6044e-01 1.8687e+03  0.4953379     13.608    12.4074    342.442 -9.990e-29
     13.346     6.6034 216.505742     2.1746 8.8189e+01     0.6547    84.9009 5.6654e-01 1.8687e+03  0.4953379     13.609    12.4077    342.518 -9.990e-29
     13.347     6.6034 216.457799     2.1758 8.8437e+01     0.6547    84.9009 5.7143e-01 1.8687e+03  0.4953379     13.610    12.4155    342.442 -9.990e-29
     13.348     6.6034 216.481771     2.1746 8.8437e+01     0.6547    84.9009 5.7753e-01 1.8687e+03  0.4953379     13.611    12.4046    342.480 -9.990e-29
     13.348     6.6035 216.505742     2.1746 8.8437e+01     0.6535    84.9270 5.8242e-01 1.8687e+03  0.4953379     13.611    12.4024    342.517 -9.990e-29
     13.349     6.6034 216.517728     2.1746 8.8437e+01     0.6535    84.9270 5.8486e-01 1.8687e+03  0.4953379     13.612    12.4027    342.537 -9.990e-29
     13.349     6.6035 216.529714     2.1746 8.8437e+01     0.6535    84.9270 5.8486e-01 1.8687e+03  0.4953379     13.612    12.4029    342.555 -9.990e-29
     13.349     6.6034 216.457799     2.1746 8.8686e+01     0.6547    84.9009 5.8364e-01 1.8687e+03  0.4949222     13.612    12.4020    342.442 -9.990e-29
     13.348     6.6034 216.505742     2.1746 8.8686e+01     0.6535    84.9270 5.8364e-01 1.8687e+03  0.4953379     13.611    12.4009    342.518 -9.990e-29
     13.348     6.6036 216.505742     2.1746 8.8686e+01     0.6547    84.9009 5.8486e-01 1.8687e+03  0.4953379     13.611    12.3986    342.516 -9.990e-29
     13.347     6.6034 216.469785     2.1746 8.8686e+01     0.6535    84.9270 5.8730e-01 1.8667e+03  0.4953379     13.610    12.3976    342.461 -9.990e-29
     13.346     6.6035 216.469785     2.1746 8.8686e+01     0.6547    84.9009 5.8852e-01 1.8667e+03  0.4953379     13.609    12.3966    342.460 -9.990e-29
     13.346     6.6036 216.445812     2.1746 8.8686e+01     0.6547    84.9009 5.8730e-01 1.8667e+03  0.4953379     13.609    12.3967    342.421 -9.990e-29
     13.347     6.6034 216.505743     2.1746 8.8686e+01     0.6535    84.9270 5.8852e-01 1.8667e+03  0.4957537     13.610    12.3969    342.518 -9.990e-29
     13.348     6.6035 216.481771     2.1734 8.8686e+01     0.6535    84.9270 5.9219e-01 1.8667e+03  0.4965852     13.611    12.3872    342.479 -9.990e-29
     13.347     6.6034 216.493757     2.1746 8.8686e+01     0.6547    84.9009 5.9707e-01 1.8687e+03  0.4974167     13.610    12.3951    342.499 -9.990e-29
     13.347     6.6034 216.457799     2.1746 8.8686e+01     0.6547    84.9009 6.0195e-01 1.8687e+03  0.4978325     13.610    12.3943    342.442 -9.990e-29
     13.346     6.6035 216.457799     2.1746 8.8437e+01     0.6547    84.9009 6.0684e-01 1.8687e+03  0.4974167     13.609    12.3922    342.441 -9.990e-29
     13.345     6.6034 216.469784     2.1746 8.8437e+01     0.6547    84.9009 6.1172e-01 1.8687e+03  0.4974167     13.608    12.3903    342.461 -9.990e-29
     13.346     6.6034 216.505744     2.1746 8.8437e+01     0.6535    84.9270 6.1538e-01 1.8687e+03  0.4974167     13.609    12.3907    342.518 -9.990e-29
     13.345     6.6034 216.505741     2.1746 8.8437e+01     0.6474    85.0577 6.1294e-01 1.8687e+03  0.4974167     13.608    12.3899    342.518 -9.990e-29
     13.345     6.6035 216.469785     2.1746 8.8437e+01     0.6424    85.1623 6.0684e-01 1.8687e+03  0.4978325     13.608    12.3891    342.460 -9.990e-29
     13.346     6.6038 216.481770     2.1746 8.8437e+01     0.6424    85.1623 5.9951e-01 1.8687e+03  0.4978325     13.609    12.3907    342.476 -9.990e-29
     13.346     6.6038 216.493756     2.1746 8.8437e+01     0.6437    85.1362 5.8974e-01 1.8687e+03  0.4974167     13.609    12.3913    342.495 -9.990e-29
     13.346     6.6037 216.457799     2.1746 8.8189e+01     0.6424    85.1623 5.7998e-01 1.8687e+03  0.4974167     13.609    12.3908    342.439 -9.990e-29
     13.345     6.6038 216.481770     2.1746 8.8189e+01     0.6424    85.1623 5.7021e-01 1.8687e+03  0.4974167     13.608    12.3891    342.476 -9.990e-29
     13.345     6.6040 216.541699     2.1746 8.8189e+01     0.6437    85.1362 5.6288e-01 1.8687e+03  0.4978325     13.608    12.3886    342.569 -9.990e-29
     13.345     6.6042 216.493756     2.1734 8.8189e+01     0.6424    85.1623 5.5678e-01 1.8687e+03  0.4978325     13.608    12.3807    342.491 -9.990e-29
     13.345     6.6045 216.469784     2.1734 8.7941e+01     0.6424    85.1623 5.5311e-01 1.8687e+03  0.4978325     13.608    12.3804    342.450 -9.990e-29
     13.344     6.6043 216.469784     2.1746 8.7941e+01     0.6437    85.1362 5.4945e-01 1.8687e+03  0.4978325     13.607    12.3890    342.452 -9.990e-29
     13.343     6.6043 216.493756     2.1746 8.8189e+01     0.6437    85.1362 5.4823e-01 1.8687e+03  0.4974167     13.606    12.3876    342.490 -9.990e-29
     13.343     6.6045 216.493755     2.1746 8.7941e+01     0.6424    85.1623 5.5067e-01 1.8687e+03  0.4974167     13.606    12.3875    342.487 -9.990e-29
     13.342     6.6043 216.517729     2.1746 8.7941e+01     0.6437    85.1362 5.5433e-01 1.8687e+03  0.4978325     13.605    12.3864    342.528 -9.990e-29
     13.341     6.6046 216.457797     2.1734 8.7941e+01     0.6437    85.1362 5.5556e-01 1.8687e+03  0.4974167     13.604    12.3777    342.429 -9.990e-29
     13.340     6.6045 216.457798     2.1734 8.7941e+01     0.6424    85.1623 5.5433e-01 1.8687e+03  0.4974167     13.603    12.3779    342.431 -9.990e-29
     13.339     6.6047 216.469784     2.1746 8.7941e+01     0.6424    85.1623 5.5067e-01 1.8667e+03  0.4978325     13.602    12.3855    342.447 -9.990e-29
     13.338     6.6046 216.493754     2.1746 8.7941e+01     0.6437    85.1362 5.4823e-01 1.8667e+03  0.4974167     13.601    12.3847    342.486 -9.990e-29
     13.339     6.6050 216.517727     2.1734 8.8189e+01     0.6437    85.1362 5.4701e-01 1.8667e+03  0.4978325     13.602    12.3750    342.520 -9.990e-29
     13.340     6.6050 216.529713     2.1734 8.8189e+01     0.6437    85.1362 5.4701e-01 1.8667e+03  0.4978325     13.603    12.3743    342.539 -9.990e-29
     13.339     6.6053 216.505741     2.1734 8.8189e+01     0.6424    85.1623 5.5067e-01 1.8667e+03  0.4978325     13.602    12.3724    342.498 -9.990e-29
     13.339     6.6053 216.541698     2.1734 8.8189e+01     0.6437    85.1362 5.5433e-01 1.8667e+03  0.4978325     13.602    12.3730    342.555 -9.990e-29
     13.338     6.6056 216.553684     2.1734 8.8189e+01     0.6449    85.1100 5.5678e-01 1.8647e+03  0.4978325     13.601    12.3736    342.570 -9.990e-29
     13.337     6.6055 216.517727     2.1734 8.8189e+01     0.6449    85.1100 5.5678e-01 1.8647e+03  0.4974167     13.600    12.3744    342.515 -9.990e-29
     13.336     6.6056 216.541697     2.1746 8.8189e+01     0.6449    85.1100 5.5556e-01 1.8647e+03  0.4974167     13.599    12.3839    342.551 -9.990e-29
     13.337     6.6058 216.553684     2.1734 8.8437e+01     0.6449    85.1100 5.5311e-01 1.8647e+03  0.4974167     13.600    12.3759    342.568 -9.990e-29
     13.337     6.6060 216.517726     2.1734 8.8437e+01     0.6449    85.1100 5.5311e-01 1.8647e+03  0.4974167     13.600    12.3767    342.509 -9.990e-29
     13.336     6.6056 216.541698     2.1746 8.8437e+01     0.6461    85.0839 5.5189e-01 1.8647e+03  0.4974167     13.599    12.3854    342.551 -9.990e-29
     13.335     6.6061 216.529711     2.1734 8.8437e+01     0.6449    85.1100 5.5189e-01 1.8647e+03  0.4974167     13.598    12.3775    342.527 -9.990e-29
     13.335     6.6061 216.541698     2.1734 8.8437e+01     0.6461    85.0839 5.5189e-01 1.8647e+03  0.4974167     13.598    12.3786    342.546 -9.990e-29
     13.335     6.6061 216.553684     2.1722 8.8437e+01     0.6449    85.1100 5.5311e-01 1.8647e+03  0.4974167     13.598    12.3698    342.565 -9.990e-29
     13.334     6.6061 216.529711     2.1734 8.8437e+01     0.6461    85.0839 5.5311e-01 1.8647e+03  0.4978325     13.597    12.3786    342.527 -9.990e-29
     13.335     6.6063 216.553684     2.1734 8.8437e+01     0.6449    85.1100 5.5433e-01 1.8647e+03  0.4978325     13.598    12.3786    342.563 -9.990e-29
     13.335     6.6064 216.529712     2.1734 8.8189e+01     0.6449    85.1100 5.5678e-01 1.8667e+03  0.4974167     13.598    12.3776    342.524 -9.990e-29
     13.335     6.6063 216.565669     2.1734 8.8189e+01     0.6449    85.1100 5.5922e-01 1.8647e+03  0.4978325     13.598    12.3767    342.582 -9.990e-29
     13.335     6.6064 216.493754     2.1722 8.8189e+01     0.6449    85.1100 5.6410e-01 1.8667e+03  0.4978325     13.598    12.3683    342.467 -9.990e-29
     13.333     6.6063 216.505740     2.1734 8.8189e+01     0.6449    85.1100 5.7143e-01 1.8667e+03  0.4978325     13.596    12.3775    342.487 -9.990e-29
     13.332     6.6063 216.529711     2.1722 8.7941e+01     0.6449    85.1100 5.7998e-01 1.8647e+03  0.4978325     13.595    12.3693    342.525 -9.990e-29
     13.331     6.6060 216.433826     2.1734 8.7941e+01     0.6449    85.1100 5.8486e-01 1.8647e+03  0.4978325     13.594    12.3788    342.376 -9.990e-29
     13.331     6.6061 216.541697     2.1734 8.7941e+01     0.6449    85.1100 5.8364e-01 1.8647e+03  0.4974167     13.594    12.3783    342.546 -9.990e-29
     13.331     6.6064 216.493754     2.1722 8.7941e+01     0.6461    85.0839 5.7998e-01 1.8647e+03  0.4974167     13.594    12.3690    342.467 -9.990e-29
     13.331     6.6064 216.505740     2.1722 8.7941e+01     0.6412    85.1884 5.7631e-01 1.8647e+03  0.4974167     13.594    12.3698    342.486 -9.990e-29
     13.331     6.6063 216.481768     2.1722 8.7693e+01     0.6351    85.3191 5.7875e-01 1.8647e+03  0.4978325     13.594    12.3720    342.449 -9.990e-29
     13.331     6.6063 216.541698     2.1722 8.7693e+01     0.6326    85.3714 5.8486e-01 1.8647e+03  0.4974167     13.594    12.3729    342.544 -9.990e-29
     13.331     6.6066 216.517726     2.1722 8.7693e+01     0.6326    85.3714 5.9096e-01 1.8647e+03  0.4978325     13.594    12.3726    342.503 -9.990e-29
     13.330     6.6066 216.541696     2.1734 8.7693e+01     0.6339    85.3453 5.8852e-01 1.8647e+03  0.4974167     13.593    12.3811    342.541 -9.990e-29
     13.330     6.6064 216.517726     2.1734 8.7693e+01     0.6339    85.3453 5.7631e-01 1.8647e+03  0.4978325     13.593    12.3810    342.505 -9.990e-29
     13.330     6.6066 216.493754     2.1734 8.7693e+01     0.6339    85.3453 5.6532e-01 1.8647e+03  0.4978325     13.593    12.3809    342.465 -9.990e-29
     13.330     6.6064 216.493754     2.1734 8.7693e+01     0.6351    85.3191 5.6044e-01 1.8647e+03  0.4974167     13.593    12.3809    342.467 -9.990e-29
     13.329     6.6066 216.469782     2.1734 8.7693e+01     0.6339    85.3453 5.5556e-01 1.8647e+03  0.4965852     13.592    12.3832    342.427 -9.990e-29
     13.329     6.6063 216.469783     2.1734 8.7693e+01     0.6339    85.3453 5.4945e-01 1.8647e+03  0.4961694     13.592    12.3845    342.430 -9.990e-29
     13.329     6.6067 216.505739     2.1722 8.7693e+01     0.6326    85.3714 5.4823e-01 1.8647e+03  0.4961694     13.592    12.3769    342.483 -9.990e-29
