data/05_metadata_exports/SeabirdData/202305_SeabirdData/83471_stn9.cnv
* Sea-Bird SBE 9 Data File:
* FileName = C:\Users\rosette\Rosette Data\2023\Ontario CSMI\stn9.hex
* Software Version Seasave V 7.26.6.26
* Temperature SN = 5270
* Conductivity SN = 1168
* Number of Bytes Per Scan = 40
* Number of Voltage Words = 5
* Number of Scans Averaged by the Deck Unit = 1
* NMEA Latitude = 43 35.21 N
* NMEA Longitude = 079 23.68 W
* NMEA UTC (Time) = Oct 03 2003  16:10:04
* NMEA baud rate = 4800
** Ship: Lake Guardian
** Ontario CSMI LWFS
** Station:  stn9
# nquan = 14                                
# nvalues = 17946                       
# units = specified
# name 0 = prDM: Pressure, Digiquartz [db]
# name 1 = t090C: Temperature [ITS-90, deg C]
# name 2 = c0uS/cm: Conductivity [uS/cm]
# name 3 = sbeox0V: Oxygen raw, SBE 43 [V]
# name 4 = par: PAR/Irradiance, Biospherical/Licor
# name 5 = bat: Beam Attenuation, Chelsea/Seatech [1/m]
# name 6 = xmiss: Beam Transmission, Chelsea/Seatech [%]
# name 7 = flSP: Fluorescence, Seapoint
# name 8 = spar: SPAR, Biospherical/Licor
# name 9 = upoly0: Upoly 0, Suna Nitrate
# name 10 = depFM: Depth [fresh water, m], lat = 43.5868
# name 11 = sbeox0Mg/L: Oxygen, SBE 43 [mg/l], WS = 2
# name 12 = specc: Specific Conductance [uS/cm]
# name 13 = flag: flag
# span 0 =     -0.184,     56.609       
# span 1 =     4.7589,    10.1300       
# span 2 =   9.366837, 599.116012       
# span 3 =     1.9035,     2.3468       
# span 4 = 1.0000e-12, 2.2328e+03       
# span 5 =     0.1152,     6.1754       
# span 6 =    21.3559,    97.1603       
# span 7 = 0.0000e+00, 1.7363e+00       
# span 8 = 9.6683e+02, 1.1874e+03       
# span 9 =  0.0409094,  0.0604502       
# span 10 =     -0.188,     57.725      
# span 11 =     9.9645,    13.2880      
# span 12 =     13.439,    858.306      
# span 13 = 0.0000e+00, 0.0000e+00      
# interval = seconds: 0.0416667
# start_time = Oct 03 2003 16:10:04 [NMEA time, header]
# bad_flag = -9.990e-29
*END*
[from data line 5575]
     14.419     7.1195 215.234998     2.3199 2.7309e+01     0.9182    79.4900 1.0110e+00 1.1263e+03  0.0475616     14.703    13.1771    335.036 0.0000e+00
     14.435     7.1193 215.294919     2.3187 2.7232e+01     0.9182    79.4900 1.0037e+00 1.1263e+03  0.0475616     14.720    13.1700    335.131 0.0000e+00
     14.452     7.1200 215.246982     2.3175 2.7078e+01     0.9195    79.4639 9.9878e-01 1.1263e+03  0.0475616     14.737    13.1619    335.049 0.0000e+00
     14.472     7.1200 215.294920     2.3187 2.7002e+01     0.9182    79.4900 1.0037e+00 1.1263e+03  0.0475616     14.757    13.1705    335.124 0.0000e+00
     14.491     7.1201 215.246984     2.3187 2.6926e+01     0.9195    79.4639 1.0098e+00 1.1263e+03  0.0475616     14.777    13.1721    335.048 0.0000e+00
     14.509     7.1203 215.246983     2.3187 2.6699e+01     0.9182    79.4900 1.0085e+00 1.1263e+03  0.0475616     14.795    13.1730    335.046 0.0000e+00
     14.527     7.1201 215.223016     2.3187 2.6624e+01     0.9182    79.4900 1.0049e+00 1.1263e+03  0.0475616     14.813    13.1733    335.011 0.0000e+00
     14.545     7.1200 215.318890     2.3175 2.6624e+01     0.9182    79.4900 1.0098e+00 1.1263e+03  0.0475616     14.832    13.1654    335.161 0.0000e+00
     14.562     7.1195 215.246984     2.3175 2.6399e+01     0.9182    79.4900 1.0195e+00 1.1263e+03  0.0479774     14.849    13.1643    335.054 0.0000e+00
     14.581     7.1190 215.246986     2.3162 2.6250e+01     0.9182    79.4900 1.0256e+00 1.1263e+03  0.0479774     14.868    13.1543    335.060 0.0000e+00
     14.600     7.1177 215.211035     2.3162 2.6250e+01     0.9208    79.4378 1.0244e+00 1.1263e+03  0.0475616     14.888    13.1543    335.017 0.0000e+00
     14.618     7.1166 215.199053     2.3162 2.6103e+01     0.9221    79.4116 1.0269e+00 1.1263e+03  0.0475616     14.906    13.1559    335.010 0.0000e+00
     14.635     7.1153 215.151118     2.3162 2.5956e+01     0.9234    79.3855 1.0269e+00 1.1263e+03  0.0475616     14.924    13.1556    334.949 0.0000e+00
     14.651     7.1137 215.139135     2.3150 2.5883e+01     0.9208    79.4378 1.0281e+00 1.1263e+03  0.0475616     14.940    13.1486    334.947 0.0000e+00
     14.668     7.1121 215.139136     2.3150 2.5737e+01     0.9221    79.4116 1.0354e+00 1.1263e+03  0.0475616     14.957    13.1494    334.964 0.0000e+00
     14.685     7.1098 215.175091     2.3150 2.5592e+01     0.9221    79.4116 1.0354e+00 1.1263e+03  0.0475616     14.975    13.1509    335.044 0.0000e+00
     14.702     7.1071 215.091205     2.3150 2.5520e+01     0.9221    79.4116 1.0305e+00 1.1263e+03  0.0475616     14.992    13.1519    334.941 0.0000e+00
     14.718     7.1049 215.043272     2.3150 2.5448e+01     0.9221    79.4116 1.0281e+00 1.1263e+03  0.0479774     15.008    13.1531    334.889 0.0000e+00
     14.734     7.1026 215.043273     2.3150 2.5233e+01     0.9221    79.4116 1.0281e+00 1.1263e+03  0.0475616     15.024    13.1561    334.913 0.0000e+00
     14.751     7.1003 215.067244     2.3162 2.5162e+01     0.9221    79.4116 1.0317e+00 1.1263e+03  0.0475616     15.042    13.1680    334.975 0.0000e+00
     14.768     7.0979 215.043278     2.3150 2.5091e+01     0.9221    79.4116 1.0354e+00 1.1263e+03  0.0475616     15.059    13.1632    334.963 0.0000e+00
     14.785     7.0956 215.031296     2.3150 2.4879e+01     0.9221    79.4116 1.0317e+00 1.1263e+03  0.0475616     15.077    13.1648    334.968 0.0000e+00
     14.803     7.0943 214.995346     2.3138 2.4809e+01     0.9221    79.4116 1.0293e+00 1.1263e+03  0.0475616     15.095    13.1579    334.925 0.0000e+00
     14.821     7.0927 215.019315     2.3138 2.4809e+01     0.9221    79.4116 1.0281e+00 1.1263e+03  0.0475616     15.113    13.1601    334.979 0.0000e+00
     14.839     7.0922 215.043283     2.3138 2.4531e+01     0.9208    79.4378 1.0317e+00 1.1263e+03  0.0475616     15.132    13.1611    335.022 0.0000e+00
     14.858     7.0922 215.043284     2.3138 2.4461e+01     0.9221    79.4116 1.0342e+00 1.1263e+03  0.0475616     15.151    13.1635    335.022 0.0000e+00
     14.876     7.0919 214.983365     2.3138 2.4461e+01     0.9221    79.4116 1.0366e+00 1.1263e+03  0.0475616     15.169    13.1652    334.932 0.0000e+00
     14.894     7.0917 215.019317     2.3126 2.4255e+01     0.9221    79.4116 1.0403e+00 1.1263e+03  0.0475616     15.188    13.1562    334.990 0.0000e+00
     14.912     7.0911 215.019317     2.3138 2.4118e+01     0.9221    79.4116 1.0440e+00 1.1263e+03  0.0475616     15.206    13.1661    334.996 0.0000e+00
     14.932     7.0898 215.031303     2.3126 2.4118e+01     0.9221    79.4116 1.0574e+00 1.1263e+03  0.0471458     15.226    13.1595    335.028 0.0000e+00
     14.951     7.0880 214.983371     2.3126 2.3915e+01     0.9221    79.4116 1.0611e+00 1.1263e+03  0.0475616     15.246    13.1609    334.973 0.0000e+00
     14.968     7.0870 214.959404     2.3126 2.3780e+01     0.9195    79.4639 1.0488e+00 1.1263e+03  0.0475616     15.263    13.1635    334.946 0.0000e+00
     14.985     7.0861 215.019322     2.3114 2.3780e+01     0.9195    79.4639 1.0330e+00 1.1263e+03  0.0475616     15.280    13.1568    335.048 0.0000e+00
     15.004     7.0845 214.947422     2.3114 2.3580e+01     0.9195    79.4639 1.0305e+00 1.1263e+03  0.0475616     15.300    13.1592    334.953 0.0000e+00
     15.023     7.0827 214.899490     2.3114 2.3447e+01     0.9195    79.4639 1.0342e+00 1.1263e+03  0.0479774     15.319    13.1596    334.897 0.0000e+00
     15.042     7.0803 214.875524     2.3114 2.3447e+01     0.9195    79.4639 1.0342e+00 1.1263e+03  0.0479774     15.339    13.1606    334.885 0.0000e+00
     15.060     7.0783 214.839575     2.3101 2.3249e+01     0.9195    79.4639 1.0281e+00 1.1263e+03  0.0475616     15.357    13.1524    334.850 0.0000e+00
     15.080     7.0755 214.839578     2.3101 2.3118e+01     0.9195    79.4639 1.0305e+00 1.1263e+03  0.0475616     15.377    13.1542    334.879 0.0000e+00
     15.098     7.0703 214.839582     2.3101 2.3053e+01     0.9195    79.4639 1.0415e+00 1.1263e+03  0.0479774     15.396    13.1560    334.933 0.0000e+00
     15.116     7.0646 214.695785     2.3101 2.2923e+01     0.9195    79.4639 1.0427e+00 1.1263e+03  0.0475616     15.414    13.1582    334.769 0.0000e+00
     15.135     7.0567 214.563975     2.3101 2.2730e+01     0.9195    79.4639 1.0354e+00 1.1263e+03  0.0475616     15.433    13.1604    334.646 0.0000e+00
     15.155     7.0460 214.480102     2.3101 2.2665e+01     0.9195    79.4639 1.0244e+00 1.1244e+03  0.0479774     15.454    13.1639    334.626 0.0000e+00
     15.175     7.0354 214.396230     2.3114 2.2665e+01     0.9195    79.4639 1.0159e+00 1.1244e+03  0.0475616     15.474    13.1771    334.606 0.0000e+00
     15.192     7.0252 214.384253     2.3114 2.2411e+01     0.9195    79.4639 1.0195e+00 1.1244e+03  0.0475616     15.492    13.1811    334.694 0.0000e+00
     15.210     7.0165 214.312363     2.3114 2.2348e+01     0.9195    79.4639 1.0183e+00 1.1244e+03  0.0475616     15.510    13.1862    334.673 0.0000e+00
     15.229     7.0083 214.180559     2.3101 2.2285e+01     0.9195    79.4639 1.0159e+00 1.1244e+03  0.0475616     15.529    13.1808    334.553 0.0000e+00
     15.248     7.0012 214.156600     2.3101 2.2096e+01     0.9195    79.4639 1.0159e+00 1.1244e+03  0.0475616     15.549    13.1848    334.590 0.0000e+00
     15.267     6.9943 214.144622     2.3101 2.2034e+01     0.9195    79.4639 1.0110e+00 1.1244e+03  0.0475616     15.568    13.1867    334.643 0.0000e+00
     15.285     6.9861 214.084715     2.3101 2.1972e+01     0.9195    79.4639 1.0073e+00 1.1244e+03  0.0475616     15.586    13.1895    334.635 0.0000e+00
     15.303     6.9773 213.964898     2.3101 2.1787e+01     0.9195    79.4639 1.0049e+00 1.1244e+03  0.0479774     15.605    13.1915    334.540 0.0000e+00
     15.322     6.9698 213.928957     2.3101 2.1664e+01     0.9195    79.4639 1.0037e+00 1.1244e+03  0.0479774     15.624    13.1947    334.562 0.0000e+00
     15.342     6.9635 213.857068     2.3089 2.1664e+01     0.9129    79.5946 1.0037e+00 1.1244e+03  0.0475616     15.644    13.1879    334.516 0.0000e+00
     15.361     6.9577 213.833109     2.3089 2.1420e+01     0.9103    79.6469 1.0073e+00 1.1244e+03  0.0475616     15.664    13.1888    334.539 0.0000e+00
     15.379     6.9514 213.809149     2.3089 2.1300e+01     0.9103    79.6469 1.0195e+00 1.1244e+03  0.0475616     15.682    13.1914    334.567 0.0000e+00
     15.397     6.9448 213.773208     2.3077 2.1360e+01     0.9090    79.6730 1.0366e+00 1.1244e+03  0.0479774     15.701    13.1835    334.580 0.0000e+00
     15.416     6.9391 213.713302     2.3089 2.1180e+01     0.9103    79.6469 1.0501e+00 1.1244e+03  0.0475616     15.720    13.1929    334.546 0.0000e+00
     15.436     6.9345 213.593487     2.3089 2.1001e+01     0.9103    79.6469 1.0549e+00 1.1244e+03  0.0475616     15.740    13.1926    334.407 0.0000e+00
     15.455     6.9296 213.653400     2.3089 2.1001e+01     0.9103    79.6469 1.0501e+00 1.1244e+03  0.0475616     15.760    13.1916    334.552 0.0000e+00
     15.474     6.9229 213.653406     2.3077 2.0882e+01     0.9103    79.6469 1.0440e+00 1.1244e+03  0.0475616     15.779    13.1830    334.622 0.0000e+00
     15.492     6.9147 213.545574     2.3077 2.0706e+01     0.9103    79.6469 1.0476e+00 1.1244e+03  0.0475616     15.797    13.1839    334.539 0.0000e+00
     15.512     6.9060 213.377838     2.3077 2.0706e+01     0.9103    79.6469 1.0391e+00 1.1244e+03  0.0479774     15.818    13.1855    334.368 0.0000e+00
     15.532     6.8964 213.365864     2.3077 2.0589e+01     0.9103    79.6469 1.0379e+00 1.1244e+03  0.0475616     15.838    13.1864    334.450 0.0000e+00
     15.552     6.8874 213.234076     2.3077 2.0416e+01     0.9103    79.6469 1.0440e+00 1.1244e+03  0.0475616     15.859    13.1875    334.337 0.0000e+00
     15.572     6.8779 213.150213     2.3077 2.0416e+01     0.9103    79.6469 1.0501e+00 1.1244e+03  0.0475616     15.879    13.1891    334.306 0.0000e+00
     15.590     6.8692 213.042391     2.3065 2.0301e+01     0.9090    79.6730 1.0525e+00 1.1244e+03  0.0479774     15.897    13.1809    334.228 0.0000e+00
     15.607     6.8601 213.018434     2.3065 2.0129e+01     0.9090    79.6730 1.0452e+00 1.1244e+03  0.0479774     15.915    13.1819    334.286 0.0000e+00
     15.626     6.8507 212.802786     2.3065 2.0072e+01     0.9090    79.6730 1.0293e+00 1.1244e+03  0.0475616     15.934    13.1822    334.046 0.0000e+00
     15.645     6.8393 212.671008     2.3065 2.0016e+01     0.9103    79.6469 1.0147e+00 1.1244e+03  0.0471458     15.953    13.1838    333.958 0.0000e+00
     15.663     6.8271 212.563191     2.3065 1.9847e+01     0.9116    79.6207 1.0098e+00 1.1244e+03  0.0475616     15.972    13.1862    333.917 0.0000e+00
     15.681     6.8159 212.395477     2.3065 1.9791e+01     0.9103    79.6469 1.0085e+00 1.1244e+03  0.0479774     15.990    13.1888    333.771 0.0000e+00
     15.699     6.8053 212.251722     2.3065 1.9735e+01     0.9103    79.6469 1.0061e+00 1.1244e+03  0.0475616     16.009    13.1904    333.656 0.0000e+00
     15.717     6.7955 212.191831     2.3053 1.9568e+01     0.9011    79.8298 1.0110e+00 1.1244e+03  0.0475616     16.027    13.1823    333.665 0.0000e+00
     15.735     6.7863 212.143918     2.3053 1.9513e+01     0.8972    79.9083 1.0122e+00 1.1244e+03  0.0475616     16.045    13.1844    333.686 0.0000e+00
     15.753     6.7762 212.107986     2.3040 1.9458e+01     0.8972    79.9083 1.0122e+00 1.1244e+03  0.0475616     16.064    13.1768    333.736 0.0000e+00
     15.772     6.7660 212.012157     2.3053 1.9293e+01     0.8972    79.9083 1.0073e+00 1.1244e+03  0.0475616     16.083    13.1886    333.692 0.0000e+00
     15.790     6.7568 211.964245     2.3040 1.9239e+01     0.8972    79.9083 1.0122e+00 1.1244e+03  0.0479774     16.101    13.1817    333.713 0.0000e+00
     15.807     6.7504 211.868413     2.3040 1.9239e+01     0.8972    79.9083 1.0110e+00 1.1244e+03  0.0475616     16.119    13.1814    333.630 0.0000e+00
     15.826     6.7440 211.820500     2.3040 1.9023e+01     0.8972    79.9083 1.0134e+00 1.1244e+03  0.0475616     16.138    13.1816    333.622 0.0000e+00
     15.846     6.7371 211.784568     2.3028 1.8915e+01     0.8959    79.9344 1.0159e+00 1.1244e+03  0.0475616     16.158    13.1727    333.638 0.0000e+00
     15.865     6.7321 211.676758     2.3028 1.8915e+01     0.8972    79.9083 1.0061e+00 1.1244e+03  0.0475616     16.178    13.1712    333.520 0.0000e+00
     15.884     6.7271 211.676763     2.3016 1.8756e+01     0.8972    79.9083 1.0012e+00 1.1244e+03  0.0475616     16.197    13.1627    333.573 0.0000e+00
     15.902     6.7228 211.712703     2.3016 1.8650e+01     0.8972    79.9083 1.0073e+00 1.1244e+03  0.0475616     16.216    13.1620    333.675 0.0000e+00
     15.919     6.7186 211.724685     2.3016 1.8650e+01     0.8972    79.9083 1.0110e+00 1.1244e+03  0.0475616     16.233    13.1608    333.738 0.0000e+00
     15.936     6.7147 211.724689     2.3016 1.8545e+01     0.8972    79.9083 1.0110e+00 1.1244e+03  0.0475616     16.250    13.1589    333.779 0.0000e+00
     15.953     6.7121 211.724690     2.3016 1.8388e+01     0.8972    79.9083 1.0037e+00 1.1244e+03  0.0479774     16.268    13.1572    333.806 0.0000e+00
     15.971     6.7088 211.724694     2.3016 1.8336e+01     0.8972    79.9083 9.9878e-01 1.1244e+03  0.0479774     16.286    13.1552    333.841 0.0000e+00
     15.990     6.7062 211.760633     2.3016 1.8233e+01     0.8972    79.9083 9.9878e-01 1.1244e+03  0.0475616     16.305    13.1548    333.925 0.0000e+00
     16.009     6.7037 211.712719     2.3016 1.8130e+01     0.8972    79.9083 9.9756e-01 1.1244e+03  0.0475616     16.325    13.1539    333.876 0.0000e+00
     16.027     6.7006 211.688762     2.3004 1.8079e+01     0.8972    79.9083 9.9512e-01 1.1224e+03  0.0479774     16.343    13.1452    333.871 0.0000e+00
     16.046     6.6983 211.688764     2.3004 1.7977e+01     0.8959    79.9344 1.0000e+00 1.1244e+03  0.0475616     16.362    13.1444    333.895 0.0000e+00
     16.065     6.6958 211.736684     2.2991 1.7825e+01     0.8972    79.9083 1.0012e+00 1.1224e+03  0.0475616     16.382    13.1336    333.997 0.0000e+00
     16.084     6.6943 211.700747     2.2979 1.7774e+01     0.8880    80.0912 9.9634e-01 1.1244e+03  0.0475616     16.401    13.1240    333.956 0.0000e+00
     16.103     6.6919 211.652833     2.2979 1.7724e+01     0.8815    80.2219 9.9634e-01 1.1224e+03  0.0475616     16.420    13.1241    333.906 0.0000e+00
     16.120     6.6898 211.628876     2.2979 1.7574e+01     0.8789    80.2742 1.0037e+00 1.1224e+03  0.0475616     16.438    13.1236    333.890 0.0000e+00
     16.136     6.6873 211.700753     2.2979 1.7525e+01     0.8802    80.2481 1.0049e+00 1.1224e+03  0.0479774     16.454    13.1240    334.030 0.0000e+00
     16.153     6.6855 211.676796     2.2967 1.7475e+01     0.8789    80.2742 1.0000e+00 1.1224e+03  0.0479774     16.471    13.1161    334.011 0.0000e+00
     16.171     6.6834 211.724714     2.2979 1.7328e+01     0.8802    80.2481 9.9512e-01 1.1244e+03  0.0475616     16.490    13.1241    334.109 0.0000e+00
     16.189     6.6818 211.724716     2.2967 1.7279e+01     0.8802    80.2481 9.9267e-01 1.1224e+03  0.0475616     16.508    13.1152    334.126 0.0000e+00
     16.208     6.6799 211.760657     2.2967 1.7230e+01     0.8802    80.2481 9.9634e-01 1.1224e+03  0.0475616     16.528    13.1133    334.202 0.0000e+00
     16.224     6.6781 211.736698     2.2967 1.7084e+01     0.8802    80.2481 1.0073e+00 1.1224e+03  0.0475616     16.544    13.1135    334.184 0.0000e+00
     16.242     6.6763 211.736700     2.2955 1.6988e+01     0.8815    80.2219 1.0085e+00 1.1224e+03  0.0475616     16.562    13.1045    334.203 0.0000e+00
     16.260     6.6743 211.724723     2.2955 1.6988e+01     0.8802    80.2481 1.0000e+00 1.1224e+03  0.0475616     16.581    13.1038    334.205 0.0000e+00
