data/05_metadata_exports/SeabirdData/202305_SeabirdData/83471_stn9.cnv
* Sea-Bird SBE 9 Data File:
* FileName = C:\Users\rosette\Rosette Data\2023\Ontario CSMI\stn9.hex
* Software Version Seasave V 7.26.6.26
* Temperature SN = 5270
* Conductivity SN = 1168
* Number of Bytes Per Scan = 40
* Number of Voltage Words = 5
* Number of Scans Averaged by the Deck Unit = 1
* NMEA Latitude = 43 35.21 N
* NMEA Longitude = 079 23.68 W
* NMEA UTC (Time) = Oct 03 2003  16:10:04
* NMEA baud rate = 4800
** Ship: Lake Guardian
** Ontario CSMI LWFS
** Station:  stn9
# nquan = 14                                
# nvalues = 17946                       
# units = specified
# name 0 = prDM: Pressure, Digiquartz [db]
# name 1 = t090C: Temperature [ITS-90, deg C]
# name 2 = c0uS/cm: Conductivity [uS/cm]
# name 3 = sbeox0V: Oxygen raw, SBE 43 [V]
# name 4 = par: PAR/Irradiance, Biospherical/Licor
# name 5 = bat: Beam Attenuation, Chelsea/Seatech [1/m]
# name 6 = xmiss: Beam Transmission, Chelsea/Seatech [%]
# name 7 = flSP: Fluorescence, Seapoint
# name 8 = spar: SPAR, Biospherical/Licor
# name 9 = upoly0: Upoly 0, Suna Nitrate
# name 10 = depFM: Depth [fresh water, m], lat = 43.5868
# name 11 = sbeox0Mg/L: Oxygen, SBE 43 [mg/l], WS = 2
# name 12 = specc: Specific Conductance [uS/cm]
# name 13 = flag: flag
# span 0 =     -0.184,     56.609       
# span 1 =     4.7589,    10.1300       
# span 2 =   9.366837, 599.116012       
# span 3 =     1.9035,     2.3468       
# span 4 = 1.0000e-12, 2.2328e+03       
# span 5 =     0.1152,     6.1754       
# span 6 =    21.3559,    97.1603       
# span 7 = 0.0000e+00, 1.7363e+00       
# span 8 = 9.6683e+02, 1.1874e+03       
# span 9 =  0.0409094,  0.0604502       
# span 10 =     -0.188,     57.725      
# span 11 =     9.9645,    13.2880      
# span 12 =     13.439,    858.306      
# span 13 = 0.0000e+00, 0.0000e+00      
# interval = seconds: 0.0416667
# start_time = Oct 03 2003 16:10:04 [NMEA time, header]
# bad_flag = -9.990e-29
*END*
[from data line 8775]
     56.570     4.7602 193.011368     2.0647 1.0000e-12     0.1271    96.8728 1.2210e-01 1.0141e+03  0.0483931     57.685    12.2760    324.265 -9.990e-29
     56.568     4.7595 193.035275     2.0647 1.0000e-12     0.1271    96.8728 1.2088e-01 1.0141e+03  0.0483931     57.683    12.2748    324.313 -9.990e-29
     56.566     4.7598 193.011367     2.0635 1.0000e-12     0.1271    96.8728 1.1722e-01 1.0141e+03  0.0479774     57.681    12.2642    324.270 -9.990e-29
     56.564     4.7599 193.035275     2.0635 1.0000e-12     0.1260    96.8989 1.1477e-01 1.0141e+03  0.0479774     57.679    12.2629    324.309 -9.990e-29
     56.563     4.7600 193.035274     2.0647 1.0000e-12     0.1260    96.8989 1.1722e-01 1.0141e+03  0.0479774     57.678    12.2709    324.308 -9.990e-29
     56.562     4.7604 193.083089     2.0635 1.0000e-12     0.1260    96.8989 1.2698e-01 1.0141e+03  0.0479774     57.677    12.2604    324.384 -9.990e-29
     56.560     4.7602 193.095042     2.0659 1.0000e-12     0.1249    96.9250 1.3675e-01 1.0141e+03  0.0479774     57.675    12.2794    324.406 -9.990e-29
     56.558     4.7602 193.023320     2.0647 1.0000e-12     0.1260    96.8989 1.3919e-01 1.0141e+03  0.0479774     57.673    12.2694    324.285 -9.990e-29
     56.555     4.7605 193.035274     2.0647 1.0000e-12     0.1249    96.9250 1.3675e-01 1.0141e+03  0.0479774     57.670    12.2700    324.302 -9.990e-29
     56.552     4.7608 193.035273     2.0647 1.0000e-12     0.1249    96.9250 1.3065e-01 1.0141e+03  0.0479774     57.667    12.2693    324.299 -9.990e-29
     56.550     4.7610 193.047226     2.0647 1.0000e-12     0.1260    96.8989 1.2943e-01 1.0141e+03  0.0479774     57.665    12.2687    324.317 -9.990e-29
     56.549     4.7612 193.035274     2.0647 1.0000e-12     0.1249    96.9250 1.3187e-01 1.0141e+03  0.0479774     57.664    12.2682    324.294 -9.990e-29
     56.547     4.7613 193.035273     2.0647 1.0000e-12     0.1249    96.9250 1.2943e-01 1.0141e+03  0.0483931     57.662    12.2678    324.293 -9.990e-29
     56.545     4.7615 193.095040     2.0635 1.0000e-12     0.1249    96.9250 1.2454e-01 1.0141e+03  0.0479774     57.660    12.2569    324.392 -9.990e-29
     56.545     4.7610 193.071134     2.0647 1.0000e-12     0.1249    96.9250 1.2210e-01 1.0141e+03  0.0479774     57.660    12.2663    324.357 -9.990e-29
     56.545     4.7613 193.083088     2.0635 1.0000e-12     0.1249    96.9250 1.2088e-01 1.0141e+03  0.0479774     57.660    12.2556    324.374 -9.990e-29
     56.543     4.7612 193.059180     2.0635 1.0000e-12     0.1249    96.9250 1.1844e-01 1.0141e+03  0.0483931     57.658    12.2544    324.335 -9.990e-29
     56.542     4.7612 193.071134     2.0635 1.0000e-12     0.1249    96.9250 1.1600e-01 1.0141e+03  0.0479774     57.657    12.2533    324.355 -9.990e-29
     56.541     4.7613 193.047227     2.0635 1.0000e-12     0.1260    96.8989 1.1477e-01 1.0141e+03  0.0479774     57.656    12.2537    324.313 -9.990e-29
     56.540     4.7607 193.047226     2.0635 1.0000e-12     0.1249    96.9250 1.1722e-01 1.0141e+03  0.0479774     57.655    12.2546    324.320 -9.990e-29
     56.539     4.7604 193.035275     2.0647 1.0000e-12     0.1249    96.9250 1.2332e-01 1.0141e+03  0.0479774     57.654    12.2647    324.303 -9.990e-29
     56.538     4.7602 193.035273     2.0647 1.0000e-12     0.1260    96.8989 1.4042e-01 1.0141e+03  0.0479774     57.653    12.2643    324.305 -9.990e-29
     56.536     4.7601 193.071134     2.0647 1.0000e-12     0.1249    96.9250 1.6850e-01 1.0141e+03  0.0479774     57.651    12.2655    324.367 -9.990e-29
     56.535     4.7601 193.059181     2.0635 1.0000e-12     0.1228    96.9773 1.7582e-01 1.0141e+03  0.0479774     57.650    12.2547    324.347 -9.990e-29
     56.535     4.7599 193.059181     2.0635 1.0000e-12     0.1185    97.0819 1.6484e-01 1.0141e+03  0.0479774     57.650    12.2534    324.349 -9.990e-29
     56.536     4.7601 192.987460     2.0635 1.0000e-12     0.1174    97.1080 1.5140e-01 1.0141e+03  0.0479774     57.651    12.2521    324.226 -9.990e-29
     56.537     4.7601 193.035274     2.0635 1.0000e-12     0.1174    97.1080 1.4652e-01 1.0141e+03  0.0475616     57.652    12.2511    324.306 -9.990e-29
     56.538     4.7604 193.083089     2.0635 1.0000e-12     0.1174    97.1080 1.5018e-01 1.0141e+03  0.0479774     57.653    12.2500    324.384 -9.990e-29
     56.537     4.7605 193.035273     2.0635 1.0000e-12     0.1185    97.0819 1.5263e-01 1.0141e+03  0.0479774     57.652    12.2492    324.302 -9.990e-29
     56.535     4.7605 192.999413     2.0623 1.0000e-12     0.1174    97.1080 1.5140e-01 1.0141e+03  0.0479774     57.650    12.2392    324.242 -9.990e-29
     56.534     4.7608 193.035273     2.0635 1.0000e-12     0.1174    97.1080 1.4774e-01 1.0141e+03  0.0479774     57.649    12.2463    324.299 -9.990e-29
     56.534     4.7612 193.035273     2.0623 1.0000e-12     0.1163    97.1342 1.4774e-01 1.0141e+03  0.0479774     57.649    12.2379    324.294 -9.990e-29
     56.535     4.7612 193.047226     2.0635 1.0000e-12     0.1174    97.1080 1.4896e-01 1.0141e+03  0.0479774     57.650    12.2469    324.315 -9.990e-29
     56.536     4.7612 193.059180     2.0635 1.0000e-12     0.1174    97.1080 1.4774e-01 1.0141e+03  0.0483931     57.651    12.2468    324.335 -9.990e-29
     56.537     4.7610 193.083087     2.0635 1.0000e-12     0.1174    97.1080 1.4652e-01 1.0141e+03  0.0483931     57.652    12.2484    324.377 -9.990e-29
     56.540     4.7613 192.951598     2.0635 1.0000e-12     0.1174    97.1080 1.4652e-01 1.0141e+03  0.0479774     57.655    12.2485    324.153 -9.990e-29
     56.542     4.7613 192.975506     2.0623 1.0000e-12     0.1174    97.1080 1.4042e-01 1.0141e+03  0.0479774     57.657    12.2397    324.193 -9.990e-29
     56.543     4.7617 192.999412     2.0623 1.0000e-12     0.1174    97.1080 1.3187e-01 1.0141e+03  0.0479774     57.658    12.2401    324.229 -9.990e-29
     56.544     4.7616 193.035273     2.0623 1.0000e-12     0.1174    97.1080 1.2943e-01 1.0141e+03  0.0479774     57.659    12.2380    324.290 -9.990e-29
     56.545     4.7618 193.035274     2.0623 1.0000e-12     0.1174    97.1080 1.2821e-01 1.0141e+03  0.0479774     57.660    12.2373    324.288 -9.990e-29
     56.545     4.7617 192.963552     2.0623 1.0000e-12     0.1174    97.1080 1.2332e-01 1.0141e+03  0.0479774     57.660    12.2371    324.169 -9.990e-29
     56.545     4.7616 193.023319     2.0623 1.0000e-12     0.1174    97.1080 1.2088e-01 1.0141e+03  0.0479774     57.660    12.2370    324.270 -9.990e-29
     56.546     4.7613 193.011366     2.0623 1.0000e-12     0.1174    97.1080 1.2576e-01 1.0141e+03  0.0483931     57.661    12.2370    324.253 -9.990e-29
     56.548     4.7607 193.035274     2.0623 1.0000e-12     0.1185    97.0819 1.2943e-01 1.0141e+03  0.0479774     57.663    12.2373    324.300 -9.990e-29
     56.549     4.7608 193.035273     2.0623 1.0000e-12     0.1152    97.1603 1.3187e-01 1.0141e+03  0.0479774     57.664    12.2360    324.299 -9.990e-29
     56.551     4.7604 193.047227     2.0623 1.0000e-12     0.1163    97.1342 1.3187e-01 1.0141e+03  0.0479774     57.666    12.2364    324.323 -9.990e-29
     56.553     4.7605 192.987460     2.0623 1.0000e-12     0.1152    97.1603 1.2943e-01 1.0141e+03  0.0479774     57.668    12.2384    324.222 -9.990e-29
     56.555     4.7605 193.011366     2.0611 1.0000e-12     0.1163    97.1342 1.2332e-01 1.0141e+03  0.0479774     57.670    12.2314    324.262 -9.990e-29
     56.557     4.7605 193.047228     2.0611 1.0000e-12     0.1163    97.1342 1.1966e-01 1.0141e+03  0.0479774     57.672    12.2323    324.322 -9.990e-29
     56.558     4.7604 193.095041     2.0611 1.0000e-12     0.1163    97.1342 1.2454e-01 1.0141e+03  0.0479774     57.673    12.2334    324.404 -9.990e-29
     56.560     4.7605 193.071135     2.0611 1.0000e-12     0.1152    97.1603 1.2821e-01 1.0121e+03  0.0479774     57.675    12.2345    324.362 -9.990e-29
     56.561     4.7607 193.023320     2.0623 1.0000e-12     0.1163    97.1342 1.2821e-01 1.0141e+03  0.0479774     57.676    12.2435    324.280 -9.990e-29
     56.563     4.7610 193.047228     2.0623 1.0000e-12     0.1163    97.1342 1.2576e-01 1.0141e+03  0.0479774     57.678    12.2433    324.317 -9.990e-29
     56.565     4.7618 193.083087     2.0611 1.0000e-12     0.1163    97.1342 1.2698e-01 1.0141e+03  0.0479774     57.680    12.2340    324.368 -9.990e-29
     56.568     4.7626 193.023320     2.0611 1.0000e-12     0.1152    97.1603 1.3065e-01 1.0121e+03  0.0479774     57.683    12.2326    324.259 -9.990e-29
     56.570     4.7636 192.999412     2.0611 1.0000e-12     0.1152    97.1603 1.3553e-01 1.0121e+03  0.0483931     57.685    12.2327    324.208 -9.990e-29
     56.571     4.7634 193.023319     2.0611 1.0000e-12     0.1163    97.1342 1.3919e-01 1.0121e+03  0.0483931     57.686    12.2319    324.250 -9.990e-29
     56.572     4.7627 193.047225     2.0611 1.0000e-12     0.1163    97.1342 1.4164e-01 1.0121e+03  0.0479774     57.687    12.2329    324.298 -9.990e-29
     56.574     4.7623 193.011366     2.0623 1.0000e-12     0.1163    97.1342 1.4286e-01 1.0121e+03  0.0479774     57.689    12.2432    324.242 -9.990e-29
     56.575     4.7627 192.999412     2.0611 1.0000e-12     0.1152    97.1603 1.3675e-01 1.0141e+03  0.0479774     57.690    12.2364    324.218 -9.990e-29
     56.576     4.7636 192.999412     2.0611 1.0000e-12     0.1163    97.1342 1.2821e-01 1.0121e+03  0.0479774     57.691    12.2373    324.208 -9.990e-29
     56.577     4.7645 193.023317     2.0611 1.0000e-12     0.1163    97.1342 1.2454e-01 1.0121e+03  0.0479774     57.692    12.2369    324.238 -9.990e-29
     56.579     4.7646 193.023319     2.0598 1.0000e-12     0.1163    97.1342 1.2698e-01 1.0121e+03  0.0479774     57.695    12.2269    324.237 -9.990e-29
     56.580     4.7648 193.071131     2.0598 1.0000e-12     0.1174    97.1080 1.2943e-01 1.0121e+03  0.0483931     57.696    12.2270    324.315 -9.990e-29
     56.581     4.7651 193.059179     2.0611 1.0000e-12     0.1239    96.9512 1.3187e-01 1.0121e+03  0.0479774     57.697    12.2373    324.292 -9.990e-29
     56.583     4.7658 193.083085     2.0611 1.0000e-12     0.1260    96.8989 1.3309e-01 1.0121e+03  0.0479774     57.699    12.2374    324.325 -9.990e-29
     56.584     4.7663 193.095039     2.0611 1.0000e-12     0.1260    96.8989 1.3553e-01 1.0121e+03  0.0479774     57.700    12.2378    324.339 -9.990e-29
     56.586     4.7663 193.047224     2.0611 1.0000e-12     0.1260    96.8989 1.3797e-01 1.0121e+03  0.0479774     57.702    12.2385    324.259 -9.990e-29
     56.586     4.7661 193.035271     2.0598 1.0000e-12     0.1249    96.9250 1.3431e-01 1.0121e+03  0.0483931     57.702    12.2279    324.241 -9.990e-29
     56.587     4.7658 193.071132     2.0598 1.0000e-12     0.1249    96.9250 1.3309e-01 1.0121e+03  0.0483931     57.703    12.2290    324.305 -9.990e-29
     56.587     4.7651 193.047225     2.0611 1.0000e-12     0.1260    96.8989 1.4042e-01 1.0121e+03  0.0479774     57.703    12.2403    324.272 -9.990e-29
     56.588     4.7646 193.047225     2.0611 1.0000e-12     0.1260    96.8989 1.4896e-01 1.0121e+03  0.0479774     57.704    12.2417    324.278 -9.990e-29
     56.588     4.7647 193.035272     2.0611 1.0000e-12     0.1271    96.8728 1.5385e-01 1.0121e+03  0.0479774     57.704    12.2431    324.256 -9.990e-29
     56.588     4.7651 193.035272     2.0611 1.0000e-12     0.1260    96.8989 1.5385e-01 1.0121e+03  0.0479774     57.704    12.2428    324.252 -9.990e-29
     56.588     4.7656 193.083085     2.0611 1.0000e-12     0.1260    96.8989 1.5507e-01 1.0121e+03  0.0479774     57.704    12.2426    324.327 -9.990e-29
     56.588     4.7658 193.023318     2.0598 1.0000e-12     0.1260    96.8989 1.5995e-01 1.0121e+03  0.0479774     57.704    12.2325    324.224 -9.990e-29
     56.588     4.7658 192.999411     2.0598 1.0000e-12     0.1260    96.8989 1.6484e-01 1.0121e+03  0.0479774     57.704    12.2340    324.184 -9.990e-29
     56.588     4.7659 193.023317     2.0598 1.0000e-12     0.1271    96.8728 1.6728e-01 1.0121e+03  0.0479774     57.704    12.2356    324.223 -9.990e-29
     56.587     4.7661 193.047224     2.0598 1.0000e-12     0.1260    96.8989 1.6850e-01 1.0121e+03  0.0479774     57.703    12.2344    324.261 -9.990e-29
     56.587     4.7658 193.011364     2.0598 1.0000e-12     0.1260    96.8989 1.6972e-01 1.0121e+03  0.0479774     57.703    12.2350    324.204 -9.990e-29
     56.586     4.7656 193.035271     2.0598 1.0000e-12     0.1271    96.8728 1.6850e-01 1.0121e+03  0.0479774     57.702    12.2355    324.247 -9.990e-29
     56.585     4.7653 193.059178     2.0598 1.0000e-12     0.1271    96.8728 1.6484e-01 1.0121e+03  0.0479774     57.701    12.2362    324.290 -9.990e-29
     56.584     4.7659 193.011364     2.0598 1.0000e-12     0.1260    96.8989 1.6117e-01 1.0121e+03  0.0479774     57.700    12.2352    324.203 -9.990e-29
     56.582     4.7656 193.023318     2.0611 1.0000e-12     0.1271    96.8728 1.6117e-01 1.0121e+03  0.0479774     57.698    12.2461    324.226 -9.990e-29
     56.581     4.7663 193.035270     2.0598 1.0000e-12     0.1282    96.8466 1.5751e-01 1.0121e+03  0.0483931     57.697    12.2354    324.239 -9.990e-29
     56.581     4.7659 193.035272     2.0598 1.0000e-12     0.1292    96.8205 1.4896e-01 1.0121e+03  0.0483931     57.697    12.2352    324.243 -9.990e-29
     56.580     4.7661 193.047223     2.0598 1.0000e-12     0.1292    96.8205 1.4286e-01 1.0121e+03  0.0479774     57.696    12.2363    324.261 -9.990e-29
     56.580     4.7664 192.987457     2.0598 1.0000e-12     0.1282    96.8466 1.3797e-01 1.0121e+03  0.0475616     57.696    12.2358    324.158 -9.990e-29
     56.581     4.7664 193.083085     2.0598 1.0000e-12     0.1292    96.8205 1.3187e-01 1.0121e+03  0.0475616     57.697    12.2355    324.318 -9.990e-29
     56.580     4.7663 193.047224     2.0598 1.0000e-12     0.1292    96.8205 1.2576e-01 1.0121e+03  0.0479774     57.696    12.2354    324.259 -9.990e-29
     56.580     4.7666 193.071131     2.0598 1.0000e-12     0.1282    96.8466 1.2088e-01 1.0121e+03  0.0479774     57.696    12.2352    324.296 -9.990e-29
     56.578     4.7666 193.047224     2.0598 1.0000e-12     0.1282    96.8466 1.1722e-01 1.0121e+03  0.0479774     57.693    12.2353    324.256 -9.990e-29
     56.575     4.7666 193.047224     2.0586 1.0000e-12     0.1292    96.8205 1.1233e-01 1.0121e+03  0.0479774     57.690    12.2262    324.256 -9.990e-29
     56.573     4.7668 193.011362     2.0598 1.0000e-12     0.1292    96.8205 1.0867e-01 1.0121e+03  0.0479774     57.688    12.2342    324.193 -9.990e-29
     56.572     4.7668 192.999410     2.0598 1.0000e-12     0.1292    96.8205 1.0256e-01 1.0121e+03  0.0479774     57.687    12.2330    324.173 -9.990e-29
     56.571     4.7666 193.071131     2.0598 1.0000e-12     0.1292    96.8205 1.0379e-01 1.0121e+03  0.0479774     57.686    12.2335    324.296 -9.990e-29
     56.568     4.7669 193.023317     2.0611 1.0000e-12     0.1292    96.8205 1.1111e-01 1.0121e+03  0.0475616     57.683    12.2426    324.212 -9.990e-29
     56.565     4.7668 193.035269     2.0598 1.0000e-12     0.1292    96.8205 1.1600e-01 1.0121e+03  0.0479774     57.680    12.2333    324.233 -9.990e-29
     56.563     4.7668 193.035270     2.0598 1.0000e-12     0.1292    96.8205 1.2210e-01 1.0121e+03  0.0483931     57.678    12.2355    324.233 -9.990e-29
     56.561     4.7668 192.999409     2.0598 1.0000e-12     0.1282    96.8466 1.2454e-01 1.0121e+03  0.0483931     57.676    12.2378    324.173 -9.990e-29
     56.559     4.7669 193.035270     2.0598 1.0000e-12     0.1292    96.8205 1.2454e-01 1.0121e+03  0.0479774     57.674    12.2372    324.232 -9.990e-29
     56.557     4.7671 193.095037     2.0598 1.0000e-12     0.1282    96.8466 1.2698e-01 1.0121e+03  0.0475616     57.672    12.2380    324.331 -9.990e-29
