data/05_metadata_exports/SeabirdData/202305_SeabirdData/83478_stn8.cnv
* Sea-Bird SBE 9 Data File:
* FileName = C:\Users\rosette\Rosette Data\2023\Ontario CSMI\stn8.hex
* Software Version Seasave V 7.26.6.26
* Temperature SN = 5270
* Conductivity SN = 1168
* Number of Bytes Per Scan = 40
* Number of Voltage Words = 5
* Number of Scans Averaged by the Deck Unit = 1
* NMEA Latitude = 43 37.39 N
* NMEA Longitude = 079 27.12 W
* NMEA UTC (Time) = Oct 03 2003  17:17:44
* NMEA baud rate = 4800
** Ship: Lake Guardian
** Ontario CSMI LWFS
** Station:  stn8
# nquan = 14                                
# nvalues = 14534                       
# units = specified
# name 0 = prDM: Pressure, Digiquartz [db]
# name 1 = t090C: Temperature [ITS-90, deg C]
# name 2 = c0uS/cm: Conductivity [uS/cm]
# name 3 = sbeox0V: Oxygen raw, SBE 43 [V]
# name 4 = par: PAR/Irradiance, Biospherical/Licor
# name 5 = bat: Beam Attenuation, Chelsea/Seatech [1/m]
# name 6 = xmiss: Beam Transmission, Chelsea/Seatech [%]
# name 7 = flSP: Fluorescence, Seapoint
# name 8 = spar: SPAR, Biospherical/Licor
# name 9 = upoly0: Upoly 0, Suna Nitrate
# name 10 = depFM: Depth [fresh water, m], lat = 43.6232
# name 11 = sbeox0Mg/L: Oxygen, SBE 43 [mg/l], WS = 2
# name 12 = specc: Specific Conductance [uS/cm]
# name 13 = flag: flag
# span 0 =     -0.234,     13.354       
# span 1 =     6.5982,    12.1082       
# span 2 =   2.071417, 233.203369       
# span 3 =     1.9731,     2.3675       
# span 4 = 7.9019e+01, 4.4840e+03       
# span 5 =     0.6058,     3.1262       
# span 6 =    45.7702,    85.9465       
# span 7 = 1.9536e-02, 1.4274e+00       
# span 8 = 1.7466e+03, 2.1286e+03       
# span 9 =  0.0745862,  0.5115527       
# span 10 =     -0.239,     13.617      
# span 11 =    10.0361,    13.0968      
# span 12 =      2.832,    347.585      
# span 13 = 0.0000e+00, 0.0000e+00      
# interval = seconds: 0.0416667
# start_time = Oct 03 2003 17:17:44 [NMEA time, header]
# bad_flag = -9.990e-29
*END*
[from data line 12078]
      4.874     8.3724 227.502206     2.3468 6.5530e+02     0.8724    80.4049 6.1294e-01 1.9514e+03  0.4720552      4.970    13.0088    340.833 -9.990e-29
      4.873     8.3950 227.466185     2.3468 6.5530e+02     0.8737    80.3788 6.0440e-01 1.9514e+03  0.4716395      4.969    13.0003    340.549 -9.990e-29
      4.873     8.4144 227.430168     2.3468 6.6458e+02     0.8724    80.4049 5.9341e-01 1.9514e+03  0.4720552      4.969    12.9939    340.297 -9.990e-29
      4.874     8.4177 227.418166     2.3468 6.7021e+02     0.8724    80.4049 5.8486e-01 1.9514e+03  0.4720552      4.970    12.9920    340.245 -9.990e-29
      4.875     8.4134 227.418168     2.3468 6.7021e+02     0.8724    80.4049 5.7631e-01 1.9514e+03  0.4720552      4.971    12.9937    340.289 -9.990e-29
      4.875     8.4131 227.382168     2.3468 6.6272e+02     0.8724    80.4049 5.7021e-01 1.9514e+03  0.4716395      4.971    12.9930    340.238 -9.990e-29
      4.874     8.4212 227.430163     2.3468 6.5715e+02     0.8737    80.3788 5.6410e-01 1.9514e+03  0.4716395      4.970    12.9892    340.228 -9.990e-29
      4.874     8.4202 227.430165     2.3468 6.5530e+02     0.8724    80.4049 5.5922e-01 1.9514e+03  0.4716395      4.970    12.9898    340.238 -9.990e-29
      4.873     8.4163 227.394165     2.3455 6.5346e+02     0.8724    80.4049 5.5556e-01 1.9514e+03  0.4716395      4.969    12.9823    340.224 -9.990e-29
      4.872     8.4155 227.394165     2.3468 6.4980e+02     0.8737    80.3788 5.5311e-01 1.9514e+03  0.4716395      4.968    12.9917    340.232 -9.990e-29
      4.873     8.4157 227.430168     2.3480 6.4980e+02     0.8737    80.3788 5.5189e-01 1.9514e+03  0.4716395      4.969    12.9988    340.284 -9.990e-29
      4.874     8.4194 227.454168     2.3468 6.5530e+02     0.8724    80.4049 5.4701e-01 1.9514e+03  0.4716395      4.970    12.9881    340.282 -9.990e-29
      4.874     8.4199 227.490169     2.3468 6.6645e+02     0.8724    80.4049 5.3968e-01 1.9514e+03  0.4716395      4.970    12.9880    340.331 -9.990e-29
      4.874     8.4160 227.442169     2.3468 6.7021e+02     0.8724    80.4049 5.2991e-01 1.9494e+03  0.4720552      4.970    12.9882    340.299 -9.990e-29
      4.874     8.4126 227.394167     2.3468 6.8162e+02     0.8737    80.3788 5.1770e-01 1.9494e+03  0.4720552      4.970    12.9893    340.261 -9.990e-29
      4.874     8.4157 227.418167     2.3455 7.1902e+02     0.8724    80.4049 5.0794e-01 1.9494e+03  0.4733025      4.970    12.9792    340.266 -9.990e-29
      4.875     8.4202 227.358161     2.3468 7.3332e+02     0.8698    80.4572 5.0061e-01 1.9494e+03  0.4733025      4.971    12.9877    340.130 -9.990e-29
      4.875     8.4223 227.406161     2.3468 7.3126e+02     0.8659    80.5356 5.0061e-01 1.9494e+03  0.4737183      4.971    12.9879    340.181 -9.990e-29
      4.876     8.4237 227.394160     2.3468 7.3126e+02     0.8646    80.5617 5.0427e-01 1.9494e+03  0.4733025      4.972    12.9883    340.148 -9.990e-29
      4.876     8.4267 227.406158     2.3468 7.3126e+02     0.8646    80.5617 5.1282e-01 1.9494e+03  0.4733025      4.972    12.9882    340.136 -9.990e-29
      4.875     8.4277 227.382157     2.3468 7.2716e+02     0.8646    80.5617 5.2503e-01 1.9494e+03  0.4733025      4.971    12.9886    340.090 -9.990e-29
      4.873     8.4349 227.382150     2.3468 6.8739e+02     0.8646    80.5617 5.3968e-01 1.9494e+03  0.4733025      4.969    12.9880    340.017 -9.990e-29
      4.872     8.4458 227.346140     2.3468 6.6645e+02     0.8646    80.5617 5.5678e-01 1.9494e+03  0.4737183      4.968    12.9840    339.852 -9.990e-29
      4.872     8.4476 227.370140     2.3468 6.6458e+02     0.8659    80.5356 5.7387e-01 1.9494e+03  0.4733025      4.968    12.9831    339.869 -9.990e-29
      4.873     8.4438 227.346143     2.3468 6.4073e+02     0.8659    80.5356 5.8120e-01 1.9494e+03  0.4733025      4.969    12.9852    339.872 -9.990e-29
      4.873     8.4394 227.370146     2.3468 6.2472e+02     0.8646    80.5617 5.7875e-01 1.9494e+03  0.4733025      4.969    12.9875    339.953 -9.990e-29
      4.873     8.4375 227.394150     2.3468 6.2296e+02     0.8646    80.5617 5.6899e-01 1.9494e+03  0.4737183      4.969    12.9888    340.008 -9.990e-29
      4.873     8.4415 227.346143     2.3468 6.2648e+02     0.8659    80.5356 5.6044e-01 1.9494e+03  0.4733025      4.969    12.9871    339.896 -9.990e-29
      4.872     8.4447 227.418146     2.3468 6.2824e+02     0.8646    80.5617 5.5189e-01 1.9494e+03  0.4737183      4.968    12.9856    339.971 -9.990e-29
      4.870     8.4427 227.454149     2.3468 6.2824e+02     0.8646    80.5617 5.4579e-01 1.9494e+03  0.4737183      4.966    12.9859    340.045 -9.990e-29
      4.869     8.4409 227.430149     2.3468 6.4434e+02     0.8646    80.5617 5.3480e-01 1.9494e+03  0.4737183      4.965    12.9861    340.027 -9.990e-29
      4.868     8.4421 227.442149     2.3468 6.6458e+02     0.8659    80.5356 5.1770e-01 1.9494e+03  0.4733025      4.964    12.9853    340.033 -9.990e-29
      4.867     8.4425 227.418148     2.3468 6.6833e+02     0.8633    80.5879 5.0183e-01 1.9494e+03  0.4733025      4.963    12.9859    339.993 -9.990e-29
      4.866     8.4417 227.466151     2.3480 6.8739e+02     0.8659    80.5356 5.0183e-01 1.9494e+03  0.4733025      4.962    12.9939    340.073 -9.990e-29
      4.865     8.4417 227.394146     2.3468 7.1902e+02     0.8659    80.5356 5.0794e-01 1.9494e+03  0.4733025      4.961    12.9861    339.965 -9.990e-29
      4.864     8.4386 227.382147     2.3468 7.2920e+02     0.8659    80.5356 5.1160e-01 1.9494e+03  0.4733025      4.960    12.9877    339.979 -9.990e-29
      4.864     8.4365 227.370149     2.3468 7.2511e+02     0.8646    80.5617 5.1526e-01 1.9494e+03  0.4737183      4.960    12.9879    339.982 -9.990e-29
      4.862     8.4346 227.430154     2.3468 7.1499e+02     0.8633    80.5879 5.1770e-01 1.9494e+03  0.4733025      4.958    12.9880    340.091 -9.990e-29
      4.860     8.4295 227.406156     2.3468 7.1098e+02     0.8620    80.6140 5.1770e-01 1.9494e+03  0.4737183      4.956    12.9893    340.107 -9.990e-29
      4.859     8.4191 227.430165     2.3468 7.0699e+02     0.8620    80.6140 5.1404e-01 1.9494e+03  0.4737183      4.955    12.9933    340.249 -9.990e-29
      4.859     8.4180 227.418165     2.3480 6.8739e+02     0.8633    80.5879 5.0794e-01 1.9494e+03  0.4737183      4.955    13.0013    340.242 -9.990e-29
      4.858     8.4274 227.418158     2.3480 6.7970e+02     0.8633    80.5879 5.0061e-01 1.9494e+03  0.4741340      4.954    12.9985    340.147 -9.990e-29
      4.858     8.4308 227.394154     2.3480 6.7779e+02     0.8633    80.5879 4.9573e-01 1.9494e+03  0.4728867      4.954    12.9977    340.076 -9.990e-29
      4.858     8.4274 227.430159     2.3480 6.6833e+02     0.8620    80.6140 4.9328e-01 1.9494e+03  0.4724710      4.954    12.9991    340.165 -9.990e-29
      4.858     8.4199 227.406163     2.3480 6.6458e+02     0.8620    80.6140 4.9451e-01 1.9514e+03  0.4724710      4.954    13.0020    340.205 -9.990e-29
      4.858     8.4116 227.406170     2.3480 6.6458e+02     0.8620    80.6140 5.0183e-01 1.9514e+03  0.4724710      4.954    13.0050    340.290 -9.990e-29
      4.857     8.4128 227.394167     2.3468 6.7399e+02     0.8620    80.6140 5.0305e-01 1.9514e+03  0.4724710      4.953    12.9965    340.259 -9.990e-29
      4.855     8.4223 227.418162     2.3468 6.7779e+02     0.8620    80.6140 5.0183e-01 1.9514e+03  0.4724710      4.951    12.9944    340.199 -9.990e-29
      4.853     8.4245 227.370157     2.3480 6.7779e+02     0.8633    80.5879 5.0916e-01 1.9514e+03  0.4724710      4.949    13.0020    340.104 -9.990e-29
      4.853     8.4248 227.382155     2.3480 6.7589e+02     0.8633    80.5879 5.1770e-01 1.9514e+03  0.4724710      4.949    13.0019    340.119 -9.990e-29
      4.855     8.4315 227.394156     2.3480 6.7399e+02     0.8633    80.5879 5.1893e-01 1.9534e+03  0.4724710      4.951    13.0006    340.069 -9.990e-29
      4.856     8.4440 227.298139     2.3468 6.7589e+02     0.8633    80.5879 5.1282e-01 1.9534e+03  0.4724710      4.952    12.9889    339.798 -9.990e-29
      4.854     8.4539 227.358135     2.3468 6.8162e+02     0.8620    80.6140 5.0794e-01 1.9534e+03  0.4724710      4.950    12.9852    339.788 -9.990e-29
      4.853     8.4557 227.358133     2.3468 6.8739e+02     0.8620    80.6140 5.0549e-01 1.9534e+03  0.4724710      4.949    12.9844    339.769 -9.990e-29
      4.852     8.4557 227.310131     2.3468 6.8933e+02     0.8620    80.6140 5.0183e-01 1.9534e+03  0.4724710      4.948    12.9841    339.697 -9.990e-29
      4.851     8.4479 227.370140     2.3468 6.9321e+02     0.8646    80.5617 4.9817e-01 1.9553e+03  0.4724710      4.947    12.9864    339.866 -9.990e-29
      4.850     8.4433 227.358143     2.3480 6.9712e+02     0.8633    80.5879 4.9817e-01 1.9553e+03  0.4724710      4.946    12.9959    339.895 -9.990e-29
      4.848     8.4407 227.382146     2.3480 6.9712e+02     0.8633    80.5879 4.9817e-01 1.9553e+03  0.4724710      4.944    12.9974    339.958 -9.990e-29
      4.847     8.4409 227.346144     2.3480 6.8933e+02     0.8633    80.5879 4.9939e-01 1.9573e+03  0.4724710      4.943    12.9989    339.902 -9.990e-29
      4.846     8.4596 227.298126     2.3468 6.6833e+02     0.8633    80.5879 4.9817e-01 1.9573e+03  0.4724710      4.942    12.9836    339.640 -9.990e-29
      4.847     8.4717 227.298118     2.3468 6.6272e+02     0.8633    80.5879 4.8596e-01 1.9573e+03  0.4724710      4.943    12.9789    339.517 -9.990e-29
      4.848     8.4609 227.322127     2.3468 6.6086e+02     0.8620    80.6140 4.7253e-01 1.9593e+03  0.4724710      4.944    12.9819    339.663 -9.990e-29
      4.848     8.4506 227.358137     2.3468 6.5346e+02     0.8620    80.6140 4.6276e-01 1.9593e+03  0.4724710      4.944    12.9858    339.821 -9.990e-29
      4.849     8.4650 227.334125     2.3480 6.5163e+02     0.8633    80.5879 4.5910e-01 1.9593e+03  0.4724710      4.945    12.9894    339.639 -9.990e-29
      4.849     8.4823 227.286110     2.3480 6.5346e+02     0.8633    80.5879 4.5910e-01 1.9593e+03  0.4724710      4.945    12.9847    339.392 -9.990e-29
      4.849     8.4867 227.274106     2.3480 6.6272e+02     0.8633    80.5879 4.6032e-01 1.9612e+03  0.4724710      4.945    12.9843    339.329 -9.990e-29
      4.849     8.4877 227.238104     2.3480 6.6645e+02     0.8633    80.5879 4.6398e-01 1.9612e+03  0.4724710      4.945    12.9850    339.265 -9.990e-29
      4.848     8.4919 227.238100     2.3480 6.6833e+02     0.8633    80.5879 4.7009e-01 1.9612e+03  0.4724710      4.944    12.9846    339.223 -9.990e-29
      4.847     8.4929 227.274101     2.3480 7.0106e+02     0.8633    80.5879 4.7741e-01 1.9632e+03  0.4728867      4.943    12.9842    339.266 -9.990e-29
      4.847     8.4858 227.274106     2.3480 7.1700e+02     0.8646    80.5617 4.8230e-01 1.9632e+03  0.4733025      4.943    12.9866    339.338 -9.990e-29
      4.847     8.4492 227.310137     2.3480 7.1902e+02     0.8620    80.6140 4.8230e-01 1.9632e+03  0.4733025      4.943    13.0002    339.764 -9.990e-29
      4.846     8.4273 227.334152     2.3492 7.3538e+02     0.8633    80.5879 4.8352e-01 1.9632e+03  0.4733025      4.942    13.0159    340.022 -9.990e-29
      4.847     8.4273 227.334153     2.3480 7.4579e+02     0.8633    80.5879 4.8596e-01 1.9652e+03  0.4728867      4.943    13.0073    340.022 -9.990e-29
      4.848     8.4400 227.298142     2.3480 7.4579e+02     0.8633    80.5879 4.9328e-01 1.9652e+03  0.4728867      4.944    13.0027    339.839 -9.990e-29
      4.849     8.4548 227.322132     2.3492 7.2920e+02     0.8633    80.5879 5.0916e-01 1.9652e+03  0.4733025      4.945    13.0057    339.725 -9.990e-29
      4.850     8.4626 227.262123     2.3492 7.1298e+02     0.8633    80.5879 5.2625e-01 1.9671e+03  0.4733025      4.946    13.0027    339.556 -9.990e-29
      4.851     8.4497 227.310135     2.3480 7.1098e+02     0.8633    80.5879 5.3358e-01 1.9671e+03  0.4733025      4.947    12.9976    339.758 -9.990e-29
      4.851     8.4430 227.334141     2.3480 7.0303e+02     0.8594    80.6663 5.3236e-01 1.9671e+03  0.4733025      4.947    12.9985    339.862 -9.990e-29
      4.852     8.4373 227.358147     2.3480 6.9321e+02     0.8594    80.6663 5.3114e-01 1.9691e+03  0.4733025      4.948    13.0001    339.956 -9.990e-29
      4.852     8.4362 227.382150     2.3480 6.9127e+02     0.8594    80.6663 5.2991e-01 1.9691e+03  0.4733025      4.948    13.0000    340.003 -9.990e-29
      4.852     8.4295 227.418156     2.3480 6.8162e+02     0.8581    80.6924 5.2259e-01 1.9691e+03  0.4733025      4.948    13.0017    340.125 -9.990e-29
      4.852     8.4375 227.358147     2.3492 6.6458e+02     0.8581    80.6924 5.1770e-01 1.9711e+03  0.4733025      4.948    13.0077    339.954 -9.990e-29
      4.852     8.4407 227.334143     2.3492 6.5900e+02     0.8581    80.6924 5.3358e-01 1.9711e+03  0.4733025      4.948    13.0059    339.886 -9.990e-29
      4.852     8.4406 227.358145     2.3480 6.6086e+02     0.8594    80.6663 5.5433e-01 1.9730e+03  0.4733025      4.948    12.9970    339.923 -9.990e-29
      4.852     8.4393 227.430150     2.3480 6.6086e+02     0.8568    80.7186 5.5311e-01 1.9730e+03  0.4733025      4.948    12.9958    340.044 -9.990e-29
      4.853     8.4362 227.382149     2.3480 6.6272e+02     0.8581    80.6924 5.4090e-01 1.9730e+03  0.4733025      4.949    12.9951    340.003 -9.990e-29
      4.853     8.4393 227.334144     2.3492 6.6272e+02     0.8594    80.6663 5.2991e-01 1.9750e+03  0.4733025      4.949    13.0005    339.900 -9.990e-29
      4.854     8.4513 227.262131     2.3492 6.6833e+02     0.8581    80.6924 5.2869e-01 1.9750e+03  0.4728867      4.950    12.9946    339.670 -9.990e-29
      4.854     8.4608 227.310127     2.3504 6.7021e+02     0.8581    80.6924 5.3358e-01 1.9770e+03  0.4733025      4.950    12.9988    339.646 -9.990e-29
      4.855     8.4615 227.334128     2.3492 6.7210e+02     0.8581    80.6924 5.3602e-01 1.9770e+03  0.4733025      4.951    12.9894    339.674 -9.990e-29
      4.855     8.4615 227.346128     2.3492 6.8739e+02     0.8594    80.6663 5.3358e-01 1.9770e+03  0.4733025      4.951    12.9886    339.692 -9.990e-29
      4.856     8.4607 227.382131     2.3492 6.9517e+02     0.8594    80.6663 5.3358e-01 1.9770e+03  0.4728867      4.952    12.9881    339.754 -9.990e-29
      4.856     8.4575 227.274127     2.3480 6.9712e+02     0.8594    80.6663 5.3968e-01 1.9790e+03  0.4733025      4.952    12.9801    339.625 -9.990e-29
      4.857     8.4527 227.274132     2.3480 6.9127e+02     0.8594    80.6663 5.4579e-01 1.9790e+03  0.4733025      4.953    12.9809    339.674 -9.990e-29
      4.856     8.4473 227.370139     2.3492 6.8933e+02     0.8581    80.6924 5.3724e-01 1.9790e+03  0.4728867      4.952    12.9902    339.873 -9.990e-29
      4.858     8.4388 227.346145     2.3492 6.8933e+02     0.8581    80.6924 5.2381e-01 1.9809e+03  0.4716395      4.954    12.9923    339.923 -9.990e-29
      4.860     8.4303 227.286149     2.3492 6.9127e+02     0.8594    80.6663 5.1648e-01 1.9809e+03  0.4712237      4.956    12.9955    339.920 -9.990e-29
      4.860     8.4269 227.358155     2.3480 6.9517e+02     0.8594    80.6663 5.2137e-01 1.9809e+03  0.4712237      4.956    12.9876    340.062 -9.990e-29
      4.860     8.4306 227.430156     2.3480 6.9517e+02     0.8581    80.6924 5.3236e-01 1.9829e+03  0.4712237      4.956    12.9856    340.132 -9.990e-29
      4.861     8.4367 227.406151     2.3480 7.0303e+02     0.8581    80.6924 5.4090e-01 1.9829e+03  0.4712237      4.957    12.9838    340.034 -9.990e-29
      4.862     8.4400 227.298142     2.3480 7.1298e+02     0.8581    80.6924 5.3968e-01 1.9829e+03  0.4712237      4.958    12.9830    339.839 -9.990e-29
      4.863     8.4385 227.310143     2.3480 7.1700e+02     0.8568    80.7186 5.3846e-01 1.9849e+03  0.4716395      4.959    12.9839    339.872 -9.990e-29
