data/05_metadata_exports/SeabirdData/202305_SeabirdData/83478_stn8.cnv
* Sea-Bird SBE 9 Data File:
* FileName = C:\Users\rosette\Rosette Data\2023\Ontario CSMI\stn8.hex
* Software Version Seasave V 7.26.6.26
* Temperature SN = 5270
* Conductivity SN = 1168
* Number of Bytes Per Scan = 40
* Number of Voltage Words = 5
* Number of Scans Averaged by the Deck Unit = 1
* NMEA Latitude = 43 37.39 N
* NMEA Longitude = 079 27.12 W
* NMEA UTC (Time) = Oct 03 2003  17:17:44
* NMEA baud rate = 4800
** Ship: Lake Guardian
** Ontario CSMI LWFS
** Station:  stn8
# nquan = 14                                
# nvalues = 14534                       
# units = specified
# name 0 = prDM: Pressure, Digiquartz [db]
# name 1 = t090C: Temperature [ITS-90, deg C]
# name 2 = c0uS/cm: Conductivity [uS/cm]
# name 3 = sbeox0V: Oxygen raw, SBE 43 [V]
# name 4 = par: PAR/Irradiance, Biospherical/Licor
# name 5 = bat: Beam Attenuation, Chelsea/Seatech [1/m]
# name 6 = xmiss: Beam Transmission, Chelsea/Seatech [%]
# name 7 = flSP: Fluorescence, Seapoint
# name 8 = spar: SPAR, Biospherical/Licor
# name 9 = upoly0: Upoly 0, Suna Nitrate
# name 10 = depFM: Depth [fresh water, m], lat = 43.6232
# name 11 = sbeox0Mg/L: Oxygen, SBE 43 [mg/l], WS = 2
# name 12 = specc: Specific Conductance [uS/cm]
# name 13 = flag: flag
# span 0 =     -0.234,     13.354       
# span 1 =     6.5982,    12.1082       
# span 2 =   2.071417, 233.203369       
# span 3 =     1.9731,     2.3675       
# span 4 = 7.9019e+01, 4.4840e+03       
# span 5 =     0.6058,     3.1262       
# span 6 =    45.7702,    85.9465       
# span 7 = 1.9536e-02, 1.4274e+00       
# span 8 = 1.7466e+03, 2.1286e+03       
# span 9 =  0.0745862,  0.5115527       
# span 10 =     -0.239,     13.617      
# span 11 =    10.0361,    13.0968      
# span 12 =      2.832,    347.585      
# span 13 = 0.0000e+00, 0.0000e+00      
# interval = seconds: 0.0416667
# start_time = Oct 03 2003 17:17:44 [NMEA time, header]
# bad_flag = -9.990e-29
*END*
[from data line 7020]
     13.328     6.6247 217.188945     2.1783 8.6225e+01     0.6167    85.7112 5.3114e-01 1.8647e+03  0.4999113     13.591    12.4260    343.368 -9.990e-29
     13.330     6.6239 217.105040     2.1795 8.6225e+01     0.6131    85.7896 5.2747e-01 1.8647e+03  0.5003271     13.593    12.4364    343.244 -9.990e-29
     13.331     6.6231 217.093054     2.1795 8.6225e+01     0.6131    85.7896 5.2137e-01 1.8647e+03  0.5011586     13.594    12.4355    343.233 -9.990e-29
     13.331     6.6220 217.033121     2.1783 8.6468e+01     0.6143    85.7635 5.1282e-01 1.8647e+03  0.5007428     13.594    12.4273    343.151 -9.990e-29
     13.331     6.6218 217.057095     2.1783 8.6225e+01     0.6131    85.7896 5.0549e-01 1.8647e+03  0.5007428     13.594    12.4275    343.191 -9.990e-29
     13.331     6.6224 216.997161     2.1783 8.6468e+01     0.6131    85.7896 5.0061e-01 1.8647e+03  0.5007428     13.594    12.4286    343.089 -9.990e-29
     13.331     6.6230 217.117027     2.1783 8.6225e+01     0.6143    85.7635 4.9939e-01 1.8647e+03  0.5007428     13.594    12.4284    343.272 -9.990e-29
     13.331     6.6231 217.117026     2.1783 8.6225e+01     0.6131    85.7896 5.0061e-01 1.8647e+03  0.5007428     13.594    12.4283    343.271 -9.990e-29
     13.332     6.6227 217.141001     2.1783 8.6225e+01     0.6131    85.7896 5.0183e-01 1.8647e+03  0.5011586     13.595    12.4296    343.314 -9.990e-29
     13.332     6.6221 217.164975     2.1783 8.6225e+01     0.6131    85.7896 5.0549e-01 1.8628e+03  0.5007428     13.595    12.4309    343.358 -9.990e-29
     13.331     6.6216 217.093054     2.1770 8.6225e+01     0.6143    85.7635 5.1038e-01 1.8628e+03  0.5007428     13.594    12.4227    343.250 -9.990e-29
     13.332     6.6214 217.093054     2.1783 8.5982e+01     0.6131    85.7896 5.1526e-01 1.8628e+03  0.5011586     13.595    12.4320    343.252 -9.990e-29
     13.333     6.6221 217.141002     2.1783 8.5982e+01     0.6143    85.7635 5.2015e-01 1.8628e+03  0.5011586     13.596    12.4328    343.320 -9.990e-29
     13.333     6.6229 217.188947     2.1783 8.5741e+01     0.6131    85.7896 5.2503e-01 1.8608e+03  0.5011586     13.596    12.4321    343.387 -9.990e-29
     13.333     6.6235 217.164974     2.1783 8.5741e+01     0.6143    85.7635 5.2991e-01 1.8608e+03  0.5011586     13.596    12.4315    343.343 -9.990e-29
     13.334     6.6234 217.152986     2.1783 8.5741e+01     0.6131    85.7896 5.3480e-01 1.8608e+03  0.5011586     13.597    12.4309    343.325 -9.990e-29
     13.335     6.6232 217.188947     2.1783 8.5741e+01     0.6131    85.7896 5.3846e-01 1.8608e+03  0.5011586     13.598    12.4305    343.384 -9.990e-29
     13.336     6.6240 217.164972     2.1783 8.5500e+01     0.6131    85.7896 5.4212e-01 1.8608e+03  0.5011586     13.599    12.4308    343.337 -9.990e-29
     13.337     6.6249 217.176961     2.1783 8.5500e+01     0.6131    85.7896 5.4579e-01 1.8608e+03  0.5011586     13.600    12.4299    343.347 -9.990e-29
     13.336     6.6247 217.188945     2.1795 8.5500e+01     0.6131    85.7896 5.5067e-01 1.8588e+03  0.5007428     13.599    12.4382    343.368 -9.990e-29
     13.334     6.6251 217.236893     2.1783 8.5259e+01     0.6167    85.7112 5.5556e-01 1.8588e+03  0.5007428     13.597    12.4274    343.439 -9.990e-29
     13.334     6.6265 217.224904     2.1783 8.5259e+01     0.6192    85.6589 5.5922e-01 1.8588e+03  0.5007428     13.597    12.4274    343.405 -9.990e-29
     13.333     6.6264 217.284840     2.1783 8.5020e+01     0.6204    85.6328 5.6166e-01 1.8588e+03  0.5011586     13.596    12.4280    343.501 -9.990e-29
     13.333     6.6266 217.308813     2.1783 8.5020e+01     0.6216    85.6067 5.6166e-01 1.8588e+03  0.5007428     13.596    12.4283    343.537 -9.990e-29
     13.333     6.6257 217.272854     2.1783 8.5020e+01     0.6216    85.6067 5.5922e-01 1.8588e+03  0.5007428     13.596    12.4290    343.490 -9.990e-29
     13.333     6.6245 217.344776     2.1795 8.5020e+01     0.6204    85.6328 5.5433e-01 1.8588e+03  0.5007428     13.596    12.4385    343.616 -9.990e-29
     13.333     6.6239 217.320801     2.1783 8.5020e+01     0.6204    85.6328 5.4945e-01 1.8588e+03  0.5007428     13.596    12.4304    343.585 -9.990e-29
     13.334     6.6242 217.308815     2.1783 8.4781e+01     0.6204    85.6328 5.4457e-01 1.8569e+03  0.5011586     13.597    12.4306    343.563 -9.990e-29
     13.334     6.6248 217.332789     2.1783 8.4781e+01     0.6204    85.6328 5.4090e-01 1.8569e+03  0.5003271     13.597    12.4308    343.594 -9.990e-29
     13.334     6.6255 217.320800     2.1795 8.4781e+01     0.6216    85.6067 5.3846e-01 1.8569e+03  0.5003271     13.597    12.4397    343.567 -9.990e-29
     13.334     6.6250 217.236893     2.1783 8.4781e+01     0.6216    85.6067 5.3602e-01 1.8569e+03  0.4999113     13.597    12.4314    343.440 -9.990e-29
     13.334     6.6247 217.212920     2.1795 8.4781e+01     0.6204    85.6328 5.3236e-01 1.8569e+03  0.4999113     13.597    12.4405    343.406 -9.990e-29
     13.333     6.6242 217.176959     2.1795 8.4781e+01     0.6204    85.6328 5.2747e-01 1.8569e+03  0.5003271     13.596    12.4397    343.354 -9.990e-29
     13.332     6.6239 217.236894     2.1795 8.5020e+01     0.6204    85.6328 5.2259e-01 1.8588e+03  0.5003271     13.595    12.4388    343.452 -9.990e-29
     13.332     6.6243 217.200932     2.1795 8.5020e+01     0.6204    85.6328 5.1893e-01 1.8569e+03  0.5003271     13.595    12.4389    343.391 -9.990e-29
     13.332     6.6253 217.236893     2.1783 8.5020e+01     0.6216    85.6067 5.1526e-01 1.8569e+03  0.5003271     13.595    12.4286    343.437 -9.990e-29
     13.332     6.6263 217.260866     2.1795 8.5259e+01     0.6204    85.6328 5.1404e-01 1.8588e+03  0.5003271     13.595    12.4371    343.464 -9.990e-29
     13.330     6.6268 217.296825     2.1795 8.5259e+01     0.6216    85.6067 5.1770e-01 1.8569e+03  0.5003271     13.593    12.4369    343.515 -9.990e-29
     13.330     6.6268 217.284839     2.1795 8.5259e+01     0.6204    85.6328 5.2869e-01 1.8588e+03  0.5003271     13.593    12.4368    343.497 -9.990e-29
     13.330     6.6273 217.248878     2.1795 8.5259e+01     0.6216    85.6067 5.3358e-01 1.8588e+03  0.5003271     13.593    12.4354    343.434 -9.990e-29
     13.331     6.6275 217.272852     2.1783 8.5259e+01     0.6216    85.6067 5.2747e-01 1.8588e+03  0.5003271     13.594    12.4253    343.470 -9.990e-29
     13.331     6.6292 217.308812     2.1795 8.5259e+01     0.6204    85.6328 5.1404e-01 1.8569e+03  0.5007428     13.594    12.4334    343.508 -9.990e-29
     13.331     6.6299 217.320797     2.1783 8.5500e+01     0.6216    85.6067 4.9695e-01 1.8569e+03  0.5007428     13.594    12.4242    343.520 -9.990e-29
     13.330     6.6298 217.260864     2.1783 8.5500e+01     0.6204    85.6328 4.8718e-01 1.8569e+03  0.5003271     13.593    12.4241    343.426 -9.990e-29
     13.330     6.6292 217.296824     2.1783 8.5500e+01     0.6204    85.6328 4.8718e-01 1.8569e+03  0.5003271     13.593    12.4241    343.489 -9.990e-29
     13.329     6.6287 217.284838     2.1795 8.5741e+01     0.6216    85.6067 4.9451e-01 1.8569e+03  0.5003271     13.592    12.4316    343.476 -9.990e-29
     13.329     6.6289 217.308811     2.1795 8.5741e+01     0.6216    85.6067 4.9695e-01 1.8569e+03  0.5003271     13.592    12.4302    343.512 -9.990e-29
     13.330     6.6289 217.308812     2.1795 8.5741e+01     0.6204    85.6328 4.9328e-01 1.8569e+03  0.5003271     13.593    12.4288    343.512 -9.990e-29
     13.330     6.6292 217.332785     2.1795 8.5741e+01     0.6216    85.6067 4.8474e-01 1.8549e+03  0.5003271     13.593    12.4285    343.546 -9.990e-29
     13.330     6.6300 217.296824     2.1795 8.5982e+01     0.6204    85.6328 4.7497e-01 1.8549e+03  0.5003271     13.593    12.4268    343.481 -9.990e-29
     13.330     6.6308 217.284837     2.1783 8.5982e+01     0.6204    85.6328 4.7497e-01 1.8549e+03  0.5003271     13.593    12.4176    343.453 -9.990e-29
     13.328     6.6321 217.320796     2.1783 8.5982e+01     0.6216    85.6067 4.8596e-01 1.8549e+03  0.5003271     13.591    12.4158    343.496 -9.990e-29
     13.327     6.6326 217.296822     2.1795 8.5982e+01     0.6204    85.6328 5.0549e-01 1.8529e+03  0.5003271     13.590    12.4230    343.452 -9.990e-29
     13.327     6.6324 217.308808     2.1795 8.6225e+01     0.6216    85.6067 5.1770e-01 1.8529e+03  0.5007428     13.590    12.4217    343.474 -9.990e-29
     13.327     6.6313 217.284836     2.1795 8.6225e+01     0.6204    85.6328 5.2015e-01 1.8529e+03  0.5003271     13.590    12.4219    343.448 -9.990e-29
     13.327     6.6311 217.284835     2.1795 8.5982e+01     0.6204    85.6328 5.1893e-01 1.8529e+03  0.4999113     13.590    12.4218    343.450 -9.990e-29
     13.327     6.6319 217.320797     2.1783 8.5982e+01     0.6216    85.6067 5.1282e-01 1.8529e+03  0.4994955     13.590    12.4138    343.498 -9.990e-29
     13.327     6.6334 217.320795     2.1783 8.6225e+01     0.6204    85.6328 5.0672e-01 1.8529e+03  0.4999113     13.590    12.4144    343.482 -9.990e-29
     13.327     6.6343 217.356756     2.1795 8.5982e+01     0.6216    85.6067 5.0549e-01 1.8529e+03  0.4999113     13.590    12.4238    343.529 -9.990e-29
     13.327     6.6354 217.344767     2.1795 8.5982e+01     0.6216    85.6067 5.0427e-01 1.8529e+03  0.4999113     13.590    12.4245    343.498 -9.990e-29
     13.327     6.6353 217.344768     2.1795 8.5741e+01     0.6216    85.6067 5.0305e-01 1.8529e+03  0.4999113     13.590    12.4243    343.499 -9.990e-29
     13.326     6.6348 217.296820     2.1795 8.5741e+01     0.6192    85.6589 5.0305e-01 1.8529e+03  0.4999113     13.589    12.4255    343.429 -9.990e-29
     13.326     6.6345 217.356756     2.1795 8.5741e+01     0.6180    85.6851 4.9817e-01 1.8529e+03  0.4999113     13.589    12.4265    343.527 -9.990e-29
     13.325     6.6363 217.320793     2.1783 8.5741e+01     0.6167    85.7112 4.9573e-01 1.8529e+03  0.4999113     13.588    12.4182    343.450 -9.990e-29
     13.324     6.6377 217.272845     2.1783 8.5500e+01     0.6180    85.6851 4.9817e-01 1.8529e+03  0.4999113     13.587    12.4187    343.359 -9.990e-29
     13.323     6.6381 217.296817     2.1795 8.5500e+01     0.6180    85.6851 4.9817e-01 1.8529e+03  0.4999113     13.586    12.4258    343.393 -9.990e-29
     13.323     6.6386 217.332779     2.1795 8.5259e+01     0.6180    85.6851 4.9695e-01 1.8510e+03  0.4999113     13.586    12.4255    343.444 -9.990e-29
     13.322     6.6379 217.344765     2.1795 8.5259e+01     0.6180    85.6851 4.8962e-01 1.8510e+03  0.4999113     13.585    12.4243    343.471 -9.990e-29
     13.323     6.6379 217.344765     2.1783 8.5259e+01     0.6180    85.6851 4.8718e-01 1.8510e+03  0.5003271     13.586    12.4142    343.471 -9.990e-29
     13.324     6.6382 217.380727     2.1783 8.5020e+01     0.6180    85.6851 4.9573e-01 1.8510e+03  0.5003271     13.587    12.4139    343.524 -9.990e-29
     13.324     6.6386 217.380726     2.1783 8.5020e+01     0.6167    85.7112 4.9695e-01 1.8510e+03  0.4999113     13.587    12.4148    343.520 -9.990e-29
     13.325     6.6392 217.440662     2.1783 8.4781e+01     0.6192    85.6589 4.9084e-01 1.8510e+03  0.4999113     13.588    12.4144    343.608 -9.990e-29
     13.324     6.6398 217.464636     2.1795 8.4781e+01     0.6180    85.6851 4.8596e-01 1.8510e+03  0.4999113     13.587    12.4227    343.639 -9.990e-29
     13.321     6.6397 217.404699     2.1783 8.4781e+01     0.6180    85.6851 4.8840e-01 1.8490e+03  0.4999113     13.584    12.4140    343.546 -9.990e-29
     13.320     6.6398 217.464635     2.1783 8.4781e+01     0.6180    85.6851 4.9206e-01 1.8490e+03  0.4999113     13.583    12.4150    343.639 -9.990e-29
     13.319     6.6398 217.476622     2.1783 8.4781e+01     0.6180    85.6851 4.9206e-01 1.8490e+03  0.4999113     13.582    12.4149    343.658 -9.990e-29
     13.320     6.6410 217.512583     2.1783 8.4542e+01     0.6180    85.6851 4.8718e-01 1.8490e+03  0.4999113     13.583    12.4144    343.702 -9.990e-29
     13.322     6.6417 217.500596     2.1783 8.4542e+01     0.6167    85.7112 4.7985e-01 1.8490e+03  0.4999113     13.585    12.4152    343.676 -9.990e-29
     13.322     6.6422 217.476621     2.1783 8.4542e+01     0.6192    85.6589 4.7131e-01 1.8490e+03  0.4999113     13.585    12.4160    343.632 -9.990e-29
     13.322     6.6426 217.536556     2.1795 8.4542e+01     0.6180    85.6851 4.6886e-01 1.8490e+03  0.5003271     13.585    12.4245    343.723 -9.990e-29
     13.322     6.6433 217.548544     2.1795 8.4542e+01     0.6180    85.6851 4.7375e-01 1.8490e+03  0.5007428     13.585    12.4241    343.734 -9.990e-29
     13.321     6.6442 217.548542     2.1795 8.4542e+01     0.6180    85.6851 4.8230e-01 1.8490e+03  0.5011586     13.584    12.4237    343.724 -9.990e-29
     13.321     6.6448 217.560529     2.1795 8.4542e+01     0.6192    85.6589 4.8718e-01 1.8470e+03  0.5011586     13.584    12.4234    343.737 -9.990e-29
     13.322     6.6445 217.584505     2.1795 8.4542e+01     0.6180    85.6851 4.8962e-01 1.8470e+03  0.5011586     13.585    12.4233    343.778 -9.990e-29
     13.321     6.6452 217.512580     2.1795 8.4542e+01     0.6180    85.6851 4.8840e-01 1.8470e+03  0.5011586     13.584    12.4230    343.657 -9.990e-29
     13.322     6.6459 217.608477     2.1795 8.4781e+01     0.6180    85.6851 4.8718e-01 1.8470e+03  0.5011586     13.585    12.4227    343.800 -9.990e-29
     13.323     6.6465 217.668415     2.1795 8.4781e+01     0.6192    85.6589 4.8840e-01 1.8470e+03  0.5011586     13.586    12.4225    343.889 -9.990e-29
     13.324     6.6471 217.680401     2.1795 8.4781e+01     0.6192    85.6589 4.9206e-01 1.8470e+03  0.5011586     13.587    12.4223    343.901 -9.990e-29
     13.324     6.6478 217.620465     2.1795 8.4781e+01     0.6180    85.6851 4.9328e-01 1.8470e+03  0.5011586     13.587    12.4210    343.799 -9.990e-29
     13.324     6.6484 217.572514     2.1783 8.4781e+01     0.6192    85.6589 4.8962e-01 1.8470e+03  0.5011586     13.587    12.4109    343.716 -9.990e-29
     13.324     6.6485 217.584502     2.1783 8.4781e+01     0.6180    85.6851 4.8840e-01 1.8470e+03  0.5011586     13.587    12.4122    343.734 -9.990e-29
     13.323     6.6486 217.680400     2.1783 8.4781e+01     0.6180    85.6851 4.8962e-01 1.8470e+03  0.5011586     13.586    12.4134    343.885 -9.990e-29
     13.323     6.6488 217.704375     2.1783 8.4781e+01     0.6192    85.6589 4.9573e-01 1.8470e+03  0.5015744     13.586    12.4146    343.920 -9.990e-29
     13.323     6.6493 217.728349     2.1795 8.5020e+01     0.6192    85.6589 5.0183e-01 1.8470e+03  0.5015744     13.586    12.4220    343.953 -9.990e-29
     13.323     6.6495 217.716363     2.1795 8.5020e+01     0.6180    85.6851 5.0427e-01 1.8470e+03  0.5015744     13.586    12.4208    343.932 -9.990e-29
     13.322     6.6499 217.776299     2.1783 8.5020e+01     0.6192    85.6589 5.0427e-01 1.8470e+03  0.5015744     13.585    12.4108    344.022 -9.990e-29
     13.322     6.6500 217.788287     2.1783 8.5020e+01     0.6180    85.6851 5.0305e-01 1.8470e+03  0.5015744     13.585    12.4097    344.040 -9.990e-29
     13.323     6.6507 217.752324     2.1783 8.5020e+01     0.6192    85.6589 4.9939e-01 1.8470e+03  0.5011586     13.586    12.4095    343.976 -9.990e-29
     13.324     6.6505 217.764311     2.1795 8.5020e+01     0.6180    85.6851 5.0061e-01 1.8470e+03  0.5011586     13.587    12.4173    343.997 -9.990e-29
     13.324     6.6507 217.788287     2.1795 8.5259e+01     0.6192    85.6589 5.0305e-01 1.8470e+03  0.5011586     13.587    12.4161    344.032 -9.990e-29
     13.324     6.6505 217.764311     2.1795 8.5259e+01     0.6192    85.6589 5.0061e-01 1.8490e+03  0.5011586     13.587    12.4151    343.997 -9.990e-29
     13.324     6.6503 217.860212     2.1795 8.5259e+01     0.6167    85.7112 4.9695e-01 1.8490e+03  0.5011586     13.587    12.4128    344.150 -9.990e-29
