data/05_metadata_exports/SeabirdData/202305_SeabirdData/83471_stn9.cnv
* Sea-Bird SBE 9 Data File:
* FileName = C:\Users\rosette\Rosette Data\2023\Ontario CSMI\stn9.hex
* Software Version Seasave V 7.26.6.26
* Temperature SN = 5270
* Conductivity SN = 1168
* Number of Bytes Per Scan = 40
* Number of Voltage Words = 5
* Number of Scans Averaged by the Deck Unit = 1
* NMEA Latitude = 43 35.21 N
* NMEA Longitude = 079 23.68 W
* NMEA UTC (Time) = Oct 03 2003  16:10:04
* NMEA baud rate = 4800
** Ship: Lake Guardian
** Ontario CSMI LWFS
** Station:  stn9
# nquan = 14                                
# nvalues = 17946                       
# units = specified
# name 0 = prDM: Pressure, Digiquartz [db]
# name 1 = t090C: Temperature [ITS-90, deg C]
# name 2 = c0uS/cm: Conductivity [uS/cm]
# name 3 = sbeox0V: Oxygen raw, SBE 43 [V]
# name 4 = par: PAR/Irradiance, Biospherical/Licor
# name 5 = bat: Beam Attenuation, Chelsea/Seatech [1/m]
# name 6 = xmiss: Beam Transmission, Chelsea/Seatech [%]
# name 7 = flSP: Fluorescence, Seapoint
# name 8 = spar: SPAR, Biospherical/Licor
# name 9 = upoly0: Upoly 0, Suna Nitrate
# name 10 = depFM: Depth [fresh water, m], lat = 43.5868
# name 11 = sbeox0Mg/L: Oxygen, SBE 43 [mg/l], WS = 2
# name 12 = specc: Specific Conductance [uS/cm]
# name 13 = flag: flag
# span 0 =     -0.184,     56.609       
# span 1 =     4.7589,    10.1300       
# span 2 =   9.366837, 599.116012       
# span 3 =     1.9035,     2.3468       
# span 4 = 1.0000e-12, 2.2328e+03       
# span 5 =     0.1152,     6.1754       
# span 6 =    21.3559,    97.1603       
# span 7 = 0.0000e+00, 1.7363e+00       
# span 8 = 9.6683e+02, 1.1874e+03       
# span 9 =  0.0409094,  0.0604502       
# span 10 =     -0.188,     57.725      
# span 11 =     9.9645,    13.2880      
# span 12 =     13.439,    858.306      
# span 13 = 0.0000e+00, 0.0000e+00      
# interval = seconds: 0.0416667
# start_time = Oct 03 2003 16:10:04 [NMEA time, header]
# bad_flag = -9.990e-29
*END*
[from data line 14968]
     15.641     6.5257 209.880207     2.2503 1.2871e+01     0.7343    83.2280 1.2784e+00 9.7865e+02  0.0475616     15.949    12.9805    332.855 -9.990e-29
     15.642     6.5257 209.808345     2.2503 1.2871e+01     0.7356    83.2018 1.2613e+00 9.7865e+02  0.0475616     15.950    12.9812    332.741 -9.990e-29
     15.644     6.5255 209.844277     2.2515 1.2871e+01     0.7343    83.2280 1.2430e+00 9.7865e+02  0.0475616     15.952    12.9895    332.800 -9.990e-29
     15.645     6.5262 209.868230     2.2515 1.2907e+01     0.7343    83.2280 1.2393e+00 9.7865e+02  0.0475616     15.953    12.9887    332.831 -9.990e-29
     15.645     6.5276 209.880204     2.2515 1.2871e+01     0.7356    83.2018 1.2613e+00 9.7865e+02  0.0475616     15.953    12.9902    332.835 -9.990e-29
     15.646     6.5302 209.880203     2.2515 1.2871e+01     0.7356    83.2018 1.3004e+00 9.7865e+02  0.0479774     15.954    12.9900    332.808 -9.990e-29
     15.647     6.5328 209.892178     2.2515 1.2871e+01     0.7343    83.2280 1.3284e+00 9.7865e+02  0.0479774     15.955    12.9887    332.799 -9.990e-29
     15.647     6.5342 209.880200     2.2515 1.2871e+01     0.7356    83.2018 1.3394e+00 9.7865e+02  0.0475616     15.955    12.9891    332.765 -9.990e-29
     15.647     6.5347 209.880200     2.2515 1.2871e+01     0.7356    83.2018 1.3260e+00 9.7865e+02  0.0475616     15.955    12.9897    332.760 -9.990e-29
     15.647     6.5339 209.880200     2.2515 1.2871e+01     0.7356    83.2018 1.2869e+00 9.7865e+02  0.0475616     15.955    12.9897    332.768 -9.990e-29
     15.648     6.5330 209.880202     2.2503 1.2871e+01     0.7356    83.2018 1.2393e+00 9.7865e+02  0.0475616     15.957    12.9809    332.778 -9.990e-29
     15.649     6.5325 209.880202     2.2503 1.2871e+01     0.7343    83.2280 1.2076e+00 9.7865e+02  0.0475616     15.958    12.9796    332.783 -9.990e-29
     15.649     6.5297 209.880204     2.2503 1.2871e+01     0.7356    83.2018 1.2002e+00 9.7668e+02  0.0479774     15.958    12.9803    332.813 -9.990e-29
     15.648     6.5283 209.892180     2.2515 1.2871e+01     0.7356    83.2018 1.2125e+00 9.7865e+02  0.0479774     15.957    12.9892    332.847 -9.990e-29
     15.649     6.5275 209.928112     2.2515 1.2871e+01     0.7457    82.9927 1.2186e+00 9.7865e+02  0.0475616     15.958    12.9891    332.912 -9.990e-29
     15.650     6.5291 209.892180     2.2515 1.2871e+01     0.7507    82.8882 1.2039e+00 9.7865e+02  0.0479774     15.959    12.9894    332.838 -9.990e-29
     15.651     6.5321 209.880202     2.2515 1.2871e+01     0.7507    82.8882 1.1941e+00 9.7865e+02  0.0475616     15.960    12.9891    332.787 -9.990e-29
     15.651     6.5344 209.880201     2.2515 1.2871e+01     0.7507    82.8882 1.1893e+00 9.7865e+02  0.0475616     15.960    12.9890    332.763 -9.990e-29
     15.652     6.5363 209.880198     2.2503 1.2871e+01     0.7507    82.8882 1.1734e+00 9.7865e+02  0.0479774     15.961    12.9804    332.743 -9.990e-29
     15.654     6.5373 209.832292     2.2515 1.2871e+01     0.7507    82.8882 1.1477e+00 9.7865e+02  0.0479774     15.963    12.9884    332.657 -9.990e-29
     15.656     6.5381 209.832291     2.2515 1.2871e+01     0.7520    82.8620 1.1233e+00 9.7668e+02  0.0475616     15.965    12.9865    332.648 -9.990e-29
     15.657     6.5392 209.868221     2.2503 1.2871e+01     0.7507    82.8882 1.1172e+00 9.7668e+02  0.0475616     15.966    12.9782    332.694 -9.990e-29
     15.657     6.5389 209.880198     2.2503 1.2871e+01     0.7507    82.8882 1.1282e+00 9.7668e+02  0.0475616     15.966    12.9792    332.716 -9.990e-29
     15.658     6.5388 209.844267     2.2515 1.2834e+01     0.7520    82.8620 1.1429e+00 9.7865e+02  0.0479774     15.967    12.9888    332.660 -9.990e-29
     15.659     6.5386 209.880198     2.2503 1.2834e+01     0.7495    82.9143 1.1380e+00 9.7865e+02  0.0475616     15.968    12.9810    332.719 -9.990e-29
     15.660     6.5386 209.880198     2.2515 1.2834e+01     0.7507    82.8882 1.1160e+00 9.7865e+02  0.0475616     15.969    12.9893    332.719 -9.990e-29
     15.660     6.5379 209.892175     2.2503 1.2834e+01     0.7507    82.8882 1.1026e+00 9.7865e+02  0.0475616     15.969    12.9804    332.745 -9.990e-29
     15.661     6.5378 209.880198     2.2503 1.2834e+01     0.7507    82.8882 1.1038e+00 9.7865e+02  0.0475616     15.970    12.9800    332.727 -9.990e-29
     15.660     6.5381 209.880198     2.2515 1.2834e+01     0.7507    82.8882 1.1062e+00 9.7865e+02  0.0475616     15.969    12.9882    332.724 -9.990e-29
     15.660     6.5383 209.892175     2.2515 1.2834e+01     0.7507    82.8882 1.1136e+00 9.7865e+02  0.0475616     15.969    12.9878    332.741 -9.990e-29
     15.660     6.5381 209.880197     2.2503 1.2834e+01     0.7507    82.8882 1.1404e+00 9.7865e+02  0.0479774     15.969    12.9788    332.724 -9.990e-29
     15.661     6.5378 209.868222     2.2515 1.2834e+01     0.7507    82.8882 1.1624e+00 9.7865e+02  0.0475616     15.970    12.9874    332.708 -9.990e-29
     15.662     6.5371 209.892175     2.2515 1.2798e+01     0.7507    82.8882 1.1551e+00 9.7865e+02  0.0475616     15.971    12.9887    332.754 -9.990e-29
     15.663     6.5373 209.880199     2.2503 1.2798e+01     0.7507    82.8882 1.1331e+00 9.7865e+02  0.0475616     15.972    12.9797    332.733 -9.990e-29
     15.663     6.5374 209.916129     2.2503 1.2798e+01     0.7469    82.9666 1.1160e+00 9.7865e+02  0.0479774     15.972    12.9795    332.789 -9.990e-29
     15.664     6.5378 209.940082     2.2503 1.2798e+01     0.7432    83.0450 1.1197e+00 9.7865e+02  0.0479774     15.973    12.9792    332.822 -9.990e-29
     15.664     6.5381 209.892175     2.2515 1.2798e+01     0.7419    83.0711 1.1429e+00 9.7865e+02  0.0475616     15.973    12.9876    332.743 -9.990e-29
     15.664     6.5383 209.880198     2.2515 1.2798e+01     0.7419    83.0711 1.1746e+00 9.7865e+02  0.0475616     15.973    12.9873    332.722 -9.990e-29
     15.663     6.5383 209.868221     2.2515 1.2798e+01     0.7419    83.0711 1.2039e+00 9.7865e+02  0.0475616     15.972    12.9883    332.703 -9.990e-29
     15.662     6.5378 209.844269     2.2515 1.2798e+01     0.7419    83.0711 1.2271e+00 9.7865e+02  0.0475616     15.971    12.9894    332.670 -9.990e-29
     15.662     6.5371 209.844267     2.2515 1.2798e+01     0.7432    83.0450 1.2430e+00 9.7865e+02  0.0475616     15.971    12.9894    332.678 -9.990e-29
     15.661     6.5363 209.916131     2.2515 1.2798e+01     0.7419    83.0711 1.2576e+00 9.7865e+02  0.0475616     15.970    12.9895    332.800 -9.990e-29
     15.660     6.5352 209.892176     2.2515 1.2798e+01     0.7419    83.0711 1.2711e+00 9.7865e+02  0.0479774     15.969    12.9897    332.774 -9.990e-29
     15.661     6.5339 209.880201     2.2503 1.2798e+01     0.7419    83.0711 1.2833e+00 9.7865e+02  0.0479774     15.970    12.9801    332.768 -9.990e-29
     15.662     6.5330 209.880202     2.2503 1.2798e+01     0.7419    83.0711 1.2894e+00 9.7865e+02  0.0475616     15.971    12.9803    332.778 -9.990e-29
     15.662     6.5321 209.916133     2.2515 1.2798e+01     0.7419    83.0711 1.2894e+00 9.7865e+02  0.0471458     15.971    12.9893    332.844 -9.990e-29
     15.660     6.5315 209.892178     2.2515 1.2798e+01     0.7406    83.0973 1.2747e+00 9.7865e+02  0.0475616     15.969    12.9895    332.813 -9.990e-29
     15.659     6.5313 209.844273     2.2515 1.2798e+01     0.7432    83.0450 1.2454e+00 9.7865e+02  0.0479774     15.968    12.9895    332.739 -9.990e-29
     15.659     6.5312 209.844272     2.2515 1.2798e+01     0.7419    83.0711 1.2149e+00 9.7865e+02  0.0475616     15.968    12.9906    332.740 -9.990e-29
     15.660     6.5305 209.844273     2.2515 1.2798e+01     0.7419    83.0711 1.1917e+00 9.7865e+02  0.0475616     15.969    12.9907    332.747 -9.990e-29
     15.662     6.5302 209.880203     2.2515 1.2798e+01     0.7419    83.0711 1.1990e+00 9.7865e+02  0.0475616     15.971    12.9919    332.808 -9.990e-29
     15.664     6.5313 209.880203     2.2503 1.2798e+01     0.7419    83.0711 1.2259e+00 9.7865e+02  0.0475616     15.973    12.9825    332.796 -9.990e-29
     15.664     6.5328 209.844273     2.2503 1.2798e+01     0.7419    83.0711 1.2247e+00 9.7865e+02  0.0475616     15.973    12.9817    332.723 -9.990e-29
     15.664     6.5336 209.832293     2.2503 1.2798e+01     0.7419    83.0711 1.2015e+00 9.7865e+02  0.0479774     15.973    12.9824    332.696 -9.990e-29
     15.663     6.5344 209.880202     2.2503 1.2798e+01     0.7406    83.0973 1.1856e+00 9.7865e+02  0.0475616     15.972    12.9818    332.763 -9.990e-29
     15.662     6.5357 209.856246     2.2503 1.2798e+01     0.7381    83.1496 1.1734e+00 9.7865e+02  0.0475616     15.971    12.9811    332.712 -9.990e-29
     15.661     6.5363 209.868223     2.2515 1.2798e+01     0.7381    83.1496 1.1600e+00 9.7865e+02  0.0475616     15.970    12.9906    332.724 -9.990e-29
     15.660     6.5370 209.880199     2.2503 1.2798e+01     0.7381    83.1496 1.1429e+00 9.7865e+02  0.0475616     15.969    12.9825    332.736 -9.990e-29
     15.658     6.5374 209.880199     2.2503 1.2798e+01     0.7381    83.1496 1.1258e+00 9.7865e+02  0.0475616     15.967    12.9821    332.732 -9.990e-29
     15.656     6.5381 209.796362     2.2515 1.2798e+01     0.7381    83.1496 1.1197e+00 9.7865e+02  0.0475616     15.965    12.9902    332.591 -9.990e-29
     15.654     6.5381 209.844267     2.2515 1.2798e+01     0.7381    83.1496 1.1209e+00 9.7865e+02  0.0479774     15.963    12.9898    332.667 -9.990e-29
     15.654     6.5381 209.844268     2.2515 1.2834e+01     0.7381    83.1496 1.1331e+00 9.7865e+02  0.0479774     15.963    12.9906    332.667 -9.990e-29
     15.654     6.5379 209.820315     2.2515 1.2834e+01     0.7381    83.1496 1.1319e+00 9.7865e+02  0.0475616     15.963    12.9915    332.631 -9.990e-29
     15.654     6.5350 209.880200     2.2515 1.2834e+01     0.7381    83.1496 1.1282e+00 9.7865e+02  0.0475616     15.963    12.9933    332.757 -9.990e-29
     15.654     6.5296 209.832297     2.2503 1.2834e+01     0.7369    83.1757 1.1538e+00 9.7865e+02  0.0475616     15.963    12.9873    332.738 -9.990e-29
     15.654     6.5241 209.832301     2.2503 1.2834e+01     0.7381    83.1496 1.2125e+00 9.7865e+02  0.0475616     15.963    12.9901    332.796 -9.990e-29
     15.653     6.5192 209.784398     2.2503 1.2834e+01     0.7394    83.1234 1.2552e+00 9.7865e+02  0.0475616     15.962    12.9926    332.772 -9.990e-29
     15.652     6.5140 209.820330     2.2503 1.2834e+01     0.7381    83.1496 1.2540e+00 9.7865e+02  0.0475616     15.961    12.9953    332.884 -9.990e-29
     15.652     6.5096 209.796381     2.2503 1.2834e+01     0.7394    83.1234 1.2112e+00 9.7865e+02  0.0475616     15.961    12.9964    332.892 -9.990e-29
     15.653     6.5091 209.808358     2.2503 1.2834e+01     0.7381    83.1496 1.1673e+00 9.7865e+02  0.0475616     15.962    12.9949    332.916 -9.990e-29
     15.652     6.5120 209.820333     2.2515 1.2871e+01     0.7369    83.1757 1.1429e+00 9.7865e+02  0.0475616     15.961    13.0034    332.905 -9.990e-29
     15.651     6.5154 209.760447     2.2515 1.2834e+01     0.7381    83.1496 1.1319e+00 9.7865e+02  0.0475616     15.960    13.0029    332.774 -9.990e-29
     15.650     6.5148 209.748471     2.2515 1.2834e+01     0.7381    83.1496 1.1331e+00 9.7865e+02  0.0479774     15.959    13.0039    332.761 -9.990e-29
     15.648     6.5122 209.712544     2.2515 1.2871e+01     0.7381    83.1496 1.1538e+00 9.7865e+02  0.0479774     15.957    13.0067    332.732 -9.990e-29
     15.646     6.5133 209.808354     2.2515 1.2871e+01     0.7406    83.0973 1.1758e+00 9.7865e+02  0.0479774     15.954    13.0082    332.872 -9.990e-29
     15.646     6.5162 209.724517     2.2515 1.2871e+01     0.7419    83.0711 1.1661e+00 9.7865e+02  0.0479774     15.954    13.0090    332.708 -9.990e-29
     15.646     6.5177 209.760445     2.2515 1.2871e+01     0.7432    83.0450 1.1392e+00 9.7865e+02  0.0475616     15.954    13.0078    332.750 -9.990e-29
     15.647     6.5180 209.736493     2.2515 1.2871e+01     0.7419    83.0711 1.1404e+00 9.7865e+02  0.0475616     15.955    13.0070    332.708 -9.990e-29
     15.647     6.5183 209.796375     2.2503 1.2871e+01     0.7419    83.0711 1.1783e+00 9.7865e+02  0.0479774     15.955    12.9974    332.800 -9.990e-29
     15.647     6.5188 209.784398     2.2515 1.2871e+01     0.7432    83.0450 1.2112e+00 9.7865e+02  0.0475616     15.955    13.0052    332.776 -9.990e-29
     15.646     6.5197 209.820327     2.2515 1.2871e+01     0.7419    83.0711 1.2125e+00 9.7865e+02  0.0475616     15.954    13.0040    332.823 -9.990e-29
     15.645     6.5212 209.820325     2.2515 1.2871e+01     0.7432    83.0450 1.2002e+00 9.7865e+02  0.0475616     15.953    13.0026    332.808 -9.990e-29
     15.646     6.5228 209.760442     2.2515 1.2871e+01     0.7419    83.0711 1.1905e+00 9.7865e+02  0.0475616     15.954    13.0012    332.696 -9.990e-29
     15.645     6.5241 209.772418     2.2515 1.2907e+01     0.7432    83.0450 1.1807e+00 9.7865e+02  0.0475616     15.953    12.9999    332.701 -9.990e-29
     15.645     6.5249 209.808346     2.2515 1.2907e+01     0.7432    83.0450 1.1734e+00 9.7865e+02  0.0475616     15.953    12.9999    332.750 -9.990e-29
     15.645     6.5254 209.784394     2.2515 1.2907e+01     0.7432    83.0450 1.1722e+00 9.7865e+02  0.0479774     15.953    13.0012    332.706 -9.990e-29
     15.645     6.5255 209.748464     2.2515 1.2907e+01     0.7432    83.0450 1.1758e+00 9.7865e+02  0.0479774     15.953    13.0014    332.648 -9.990e-29
     15.644     6.5258 209.760440     2.2515 1.2907e+01     0.7432    83.0450 1.1868e+00 9.7865e+02  0.0475616     15.952    13.0015    332.664 -9.990e-29
     15.643     6.5257 209.820322     2.2515 1.2907e+01     0.7432    83.0450 1.1978e+00 9.7865e+02  0.0471458     15.951    13.0018    332.760 -9.990e-29
     15.644     6.5249 209.772418     2.2515 1.2944e+01     0.7432    83.0450 1.2063e+00 9.7865e+02  0.0475616     15.952    13.0011    332.693 -9.990e-29
     15.645     6.5241 209.796371     2.2515 1.2907e+01     0.7419    83.0711 1.2149e+00 9.7865e+02  0.0479774     15.953    13.0004    332.739 -9.990e-29
     15.644     6.5232 209.784394     2.2515 1.2944e+01     0.7432    83.0450 1.2247e+00 9.7865e+02  0.0475616     15.952    12.9996    332.730 -9.990e-29
     15.645     6.5236 209.784395     2.2515 1.2944e+01     0.7432    83.0450 1.2357e+00 9.7865e+02  0.0475616     15.953    12.9983    332.725 -9.990e-29
     15.645     6.5236 209.808348     2.2503 1.2944e+01     0.7419    83.0711 1.2454e+00 9.7865e+02  0.0475616     15.953    12.9884    332.763 -9.990e-29
     15.644     6.5232 209.784394     2.2515 1.2944e+01     0.7432    83.0450 1.2491e+00 9.7865e+02  0.0475616     15.952    12.9960    332.730 -9.990e-29
     15.646     6.5217 209.808349     2.2515 1.2944e+01     0.7444    83.0189 1.2527e+00 9.7865e+02  0.0475616     15.954    12.9965    332.783 -9.990e-29
     15.647     6.5207 209.784397     2.2515 1.2944e+01     0.7444    83.0189 1.2552e+00 9.7865e+02  0.0475616     15.955    12.9968    332.756 -9.990e-29
     15.649     6.5210 209.808350     2.2527 1.2944e+01     0.7444    83.0189 1.2564e+00 9.7865e+02  0.0475616     15.958    13.0054    332.791 -9.990e-29
     15.650     6.5210 209.748466     2.2527 1.2944e+01     0.7444    83.0189 1.2613e+00 9.7865e+02  0.0475616     15.959    13.0054    332.696 -9.990e-29
     15.652     6.5215 209.796373     2.2527 1.2944e+01     0.7432    83.0450 1.2589e+00 9.7865e+02  0.0471458     15.961    13.0052    332.766 -9.990e-29
     15.654     6.5217 209.760443     2.2515 1.2944e+01     0.7444    83.0189 1.2418e+00 9.7865e+02  0.0475616     15.963    12.9963    332.707 -9.990e-29
     15.655     6.5225 209.760443     2.2515 1.2944e+01     0.7444    83.0189 1.2100e+00 9.7865e+02  0.0475616     15.964    12.9960    332.699 -9.990e-29
