data/05_metadata_exports/SeabirdData/202305_SeabirdData/83478_stn8.cnv
* Sea-Bird SBE 9 Data File:
* FileName = C:\Users\rosette\Rosette Data\2023\Ontario CSMI\stn8.hex
* Software Version Seasave V 7.26.6.26
* Temperature SN = 5270
* Conductivity SN = 1168
* Number of Bytes Per Scan = 40
* Number of Voltage Words = 5
* Number of Scans Averaged by the Deck Unit = 1
* NMEA Latitude = 43 37.39 N
* NMEA Longitude = 079 27.12 W
* NMEA UTC (Time) = Oct 03 2003  17:17:44
* NMEA baud rate = 4800
** Ship: Lake Guardian
** Ontario CSMI LWFS
** Station:  stn8
# nquan = 14                                
# nvalues = 14534                       
# units = specified
# name 0 = prDM: Pressure, Digiquartz [db]
# name 1 = t090C: Temperature [ITS-90, deg C]
# name 2 = c0uS/cm: Conductivity [uS/cm]
# name 3 = sbeox0V: Oxygen raw, SBE 43 [V]
# name 4 = par: PAR/Irradiance, Biospherical/Licor
# name 5 = bat: Beam Attenuation, Chelsea/Seatech [1/m]
# name 6 = xmiss: Beam Transmission, Chelsea/Seatech [%]
# name 7 = flSP: Fluorescence, Seapoint
# name 8 = spar: SPAR, Biospherical/Licor
# name 9 = upoly0: Upoly 0, Suna Nitrate
# name 10 = depFM: Depth [fresh water, m], lat = 43.6232
# name 11 = sbeox0Mg/L: Oxygen, SBE 43 [mg/l], WS = 2
# name 12 = specc: Specific Conductance [uS/cm]
# name 13 = flag: flag
# span 0 =     -0.234,     13.354       
# span 1 =     6.5982,    12.1082       
# span 2 =   2.071417, 233.203369       
# span 3 =     1.9731,     2.3675       
# span 4 = 7.9019e+01, 4.4840e+03       
# span 5 =     0.6058,     3.1262       
# span 6 =    45.7702,    85.9465       
# span 7 = 1.9536e-02, 1.4274e+00       
# span 8 = 1.7466e+03, 2.1286e+03       
# span 9 =  0.0745862,  0.5115527       
# span 10 =     -0.239,     13.617      
# span 11 =    10.0361,    13.0968      
# span 12 =      2.832,    347.585      
# span 13 = 0.0000e+00, 0.0000e+00      
# interval = seconds: 0.0416667
# start_time = Oct 03 2003 17:17:44 [NMEA time, header]
# bad_flag = -9.990e-29
*END*
[from data line 6091]
     13.321     6.6850 218.603458     2.1795 8.5982e+01     0.6204    85.6328 5.1770e-01 1.8982e+03  0.5007428     13.584    12.4012    344.946 -9.990e-29
     13.321     6.6864 218.555501     2.1783 8.5982e+01     0.6204    85.6328 5.1893e-01 1.8982e+03  0.5011586     13.584    12.3925    344.855 -9.990e-29
     13.322     6.6865 218.531523     2.1783 8.6225e+01     0.6204    85.6328 5.1648e-01 1.8982e+03  0.5011586     13.585    12.3942    344.816 -9.990e-29
     13.322     6.6846 218.507549     2.1783 8.6225e+01     0.6192    85.6589 5.1160e-01 1.8963e+03  0.5011586     13.585    12.3954    344.799 -9.990e-29
     13.321     6.6820 218.471584     2.1807 8.6225e+01     0.6204    85.6328 5.0549e-01 1.8963e+03  0.5011586     13.584    12.4142    344.771 -9.990e-29
     13.321     6.6809 218.471585     2.1795 8.6225e+01     0.6204    85.6328 5.0061e-01 1.8963e+03  0.5011586     13.584    12.4053    344.783 -9.990e-29
     13.321     6.6794 218.519540     2.1795 8.6225e+01     0.6204    85.6328 4.9695e-01 1.8963e+03  0.5011586     13.584    12.4052    344.875 -9.990e-29
     13.323     6.6792 218.435621     2.1795 8.6225e+01     0.6192    85.6589 4.9328e-01 1.8943e+03  0.5011586     13.586    12.4047    344.744 -9.990e-29
     13.324     6.6791 218.423632     2.1795 8.5982e+01     0.6204    85.6328 4.9084e-01 1.8943e+03  0.5015744     13.587    12.4043    344.727 -9.990e-29
     13.325     6.6788 218.483576     2.1783 8.5982e+01     0.6204    85.6328 4.8962e-01 1.8923e+03  0.5015744     13.588    12.3952    344.824 -9.990e-29
     13.326     6.6780 218.435621     2.1795 8.5982e+01     0.6204    85.6328 4.8840e-01 1.8923e+03  0.5011586     13.589    12.4038    344.758 -9.990e-29
     13.326     6.6775 218.471588     2.1783 8.5982e+01     0.6192    85.6589 4.8840e-01 1.8923e+03  0.5011586     13.589    12.3949    344.820 -9.990e-29
     13.325     6.6765 218.447611     2.1783 8.5741e+01     0.6204    85.6328 4.8840e-01 1.8923e+03  0.5011586     13.588    12.3961    344.793 -9.990e-29
     13.325     6.6760 218.435622     2.1783 8.5741e+01     0.6204    85.6328 4.8840e-01 1.8923e+03  0.5007428     13.588    12.3960    344.779 -9.990e-29
     13.325     6.6756 218.435624     2.1795 8.5741e+01     0.6204    85.6328 4.9084e-01 1.8923e+03  0.5011586     13.588    12.4046    344.784 -9.990e-29
     13.325     6.6747 218.387670     2.1783 8.5500e+01     0.6204    85.6328 4.9451e-01 1.8923e+03  0.5011586     13.588    12.3959    344.718 -9.990e-29
     13.325     6.6741 218.375682     2.1783 8.5500e+01     0.6204    85.6328 5.0183e-01 1.8903e+03  0.5011586     13.588    12.3958    344.705 -9.990e-29
     13.325     6.6741 218.411648     2.1795 8.5500e+01     0.6204    85.6328 5.0672e-01 1.8903e+03  0.5011586     13.588    12.4056    344.762 -9.990e-29
     13.325     6.6741 218.423635     2.1795 8.5259e+01     0.6204    85.6328 5.0916e-01 1.8903e+03  0.5011586     13.588    12.4067    344.781 -9.990e-29
     13.325     6.6733 218.363694     2.1795 8.5020e+01     0.6192    85.6589 5.0794e-01 1.8903e+03  0.5015744     13.588    12.4070    344.695 -9.990e-29
     13.326     6.6734 218.387671     2.1783 8.5020e+01     0.6180    85.6851 5.0672e-01 1.8884e+03  0.5011586     13.589    12.3983    344.732 -9.990e-29
     13.328     6.6741 218.339716     2.1783 8.5020e+01     0.6180    85.6851 5.0672e-01 1.8884e+03  0.5007428     13.591    12.3969    344.649 -9.990e-29
     13.329     6.6749 218.435624     2.1783 8.4781e+01     0.6167    85.7112 5.0794e-01 1.8884e+03  0.5007428     13.592    12.3979    344.791 -9.990e-29
     13.329     6.6765 218.471589     2.1795 8.4781e+01     0.6180    85.6851 5.1038e-01 1.8884e+03  0.5007428     13.592    12.4062    344.831 -9.990e-29
     13.328     6.6780 218.471587     2.1795 8.4542e+01     0.6180    85.6851 5.1526e-01 1.8864e+03  0.5007428     13.591    12.4058    344.814 -9.990e-29
     13.328     6.6791 218.495563     2.1795 8.4542e+01     0.6180    85.6851 5.2015e-01 1.8864e+03  0.5007428     13.591    12.4068    344.840 -9.990e-29
     13.328     6.6807 218.495563     2.1795 8.4542e+01     0.6180    85.6851 5.2503e-01 1.8864e+03  0.5007428     13.591    12.4064    344.823 -9.990e-29
     13.327     6.6818 218.495561     2.1795 8.4542e+01     0.6180    85.6851 5.2869e-01 1.8844e+03  0.5007428     13.590    12.4061    344.811 -9.990e-29
     13.328     6.6834 218.543514     2.1795 8.4542e+01     0.6192    85.6589 5.2991e-01 1.8844e+03  0.5007428     13.591    12.4056    344.869 -9.990e-29
     13.329     6.6858 218.519536     2.1783 8.4542e+01     0.6180    85.6851 5.3236e-01 1.8844e+03  0.5007428     13.592    12.3985    344.805 -9.990e-29
     13.329     6.6873 218.591466     2.1783 8.4542e+01     0.6180    85.6851 5.3358e-01 1.8844e+03  0.5007428     13.592    12.3993    344.902 -9.990e-29
     13.329     6.6873 218.627433     2.1783 8.4542e+01     0.6180    85.6851 5.3358e-01 1.8844e+03  0.5007428     13.592    12.4006    344.959 -9.990e-29
     13.329     6.6858 218.531524     2.1783 8.4542e+01     0.6167    85.7112 5.3480e-01 1.8844e+03  0.5007428     13.592    12.4035    344.824 -9.990e-29
     13.330     6.6828 218.471583     2.1783 8.4542e+01     0.6167    85.7112 5.3602e-01 1.8844e+03  0.5011586     13.593    12.4058    344.762 -9.990e-29
     13.332     6.6807 218.507551     2.1783 8.4781e+01     0.6180    85.6851 5.3846e-01 1.8825e+03  0.5011586     13.595    12.4065    344.842 -9.990e-29
     13.334     6.6801 218.531529     2.1783 8.4781e+01     0.6167    85.7112 5.3968e-01 1.8825e+03  0.5011586     13.597    12.4079    344.886 -9.990e-29
     13.334     6.6792 218.495564     2.1795 8.4781e+01     0.6180    85.6851 5.3968e-01 1.8825e+03  0.5007428     13.597    12.4157    344.839 -9.990e-29
     13.333     6.6768 218.471587     2.1783 8.4781e+01     0.6180    85.6851 5.3724e-01 1.8825e+03  0.5007428     13.596    12.4066    344.827 -9.990e-29
     13.332     6.6743 218.375683     2.1795 8.4781e+01     0.6180    85.6851 5.3358e-01 1.8825e+03  0.5007428     13.595    12.4149    344.703 -9.990e-29
     13.332     6.6723 218.351706     2.1783 8.4781e+01     0.6167    85.7112 5.2991e-01 1.8825e+03  0.5007428     13.595    12.4081    344.687 -9.990e-29
     13.332     6.6716 218.315742     2.1783 8.5020e+01     0.6143    85.7635 5.2259e-01 1.8805e+03  0.5007428     13.595    12.4082    344.638 -9.990e-29
     13.333     6.6707 218.291767     2.1783 8.5020e+01     0.6131    85.7896 5.1648e-01 1.8805e+03  0.5007428     13.596    12.4073    344.610 -9.990e-29
     13.332     6.6695 218.303756     2.1783 8.5020e+01     0.6143    85.7635 5.0916e-01 1.8805e+03  0.5007428     13.595    12.4076    344.642 -9.990e-29
     13.331     6.6679 218.291768     2.1783 8.5020e+01     0.6131    85.7896 5.0549e-01 1.8805e+03  0.5007428     13.594    12.4094    344.640 -9.990e-29
     13.331     6.6665 218.267792     2.1783 8.5020e+01     0.6143    85.7635 5.0305e-01 1.8785e+03  0.5007428     13.594    12.4098    344.618 -9.990e-29
     13.331     6.6645 218.195865     2.1783 8.5020e+01     0.6143    85.7635 5.0305e-01 1.8785e+03  0.5007428     13.594    12.4105    344.526 -9.990e-29
     13.332     6.6618 218.123937     2.1795 8.4781e+01     0.6131    85.7896 5.0305e-01 1.8785e+03  0.5011586     13.595    12.4201    344.442 -9.990e-29
     13.333     6.6598 218.075987     2.1783 8.4781e+01     0.6131    85.7896 5.0305e-01 1.8785e+03  0.5024059     13.596    12.4120    344.388 -9.990e-29
     13.333     6.6586 218.016049     2.1783 8.4781e+01     0.6131    85.7896 5.0183e-01 1.8785e+03  0.5028216     13.596    12.4123    344.306 -9.990e-29
     13.334     6.6581 218.004060     2.1795 8.4781e+01     0.6143    85.7635 5.0061e-01 1.8785e+03  0.5032374     13.597    12.4212    344.293 -9.990e-29
     13.334     6.6576 218.016050     2.1795 8.4542e+01     0.6143    85.7635 4.9817e-01 1.8785e+03  0.5028216     13.597    12.4213    344.317 -9.990e-29
     13.334     6.6589 218.040024     2.1795 8.4542e+01     0.6131    85.7896 4.9084e-01 1.8766e+03  0.5028216     13.597    12.4197    344.341 -9.990e-29
     13.334     6.6602 218.028036     2.1795 8.4305e+01     0.6131    85.7896 4.8474e-01 1.8766e+03  0.5028216     13.597    12.4194    344.308 -9.990e-29
     13.333     6.6597 218.016048     2.1795 8.4305e+01     0.6143    85.7635 4.7985e-01 1.8766e+03  0.5028216     13.596    12.4197    344.294 -9.990e-29
     13.332     6.6611 218.099962     2.1795 8.4068e+01     0.6131    85.7896 4.7619e-01 1.8766e+03  0.5032374     13.595    12.4195    344.412 -9.990e-29
     13.331     6.6634 218.171889     2.1795 8.4068e+01     0.6143    85.7635 4.7375e-01 1.8766e+03  0.5032374     13.594    12.4176    344.500 -9.990e-29
     13.331     6.6642 218.135925     2.1807 8.3831e+01     0.6143    85.7635 4.7253e-01 1.8746e+03  0.5032374     13.594    12.4251    344.435 -9.990e-29
     13.331     6.6626 218.159901     2.1795 8.3831e+01     0.6143    85.7635 4.7253e-01 1.8746e+03  0.5032374     13.594    12.4159    344.490 -9.990e-29
     13.331     6.6611 218.135927     2.1795 8.3831e+01     0.6131    85.7896 4.7253e-01 1.8746e+03  0.5032374     13.594    12.4154    344.468 -9.990e-29
     13.331     6.6597 218.159903     2.1795 8.3596e+01     0.6143    85.7635 4.7375e-01 1.8746e+03  0.5032374     13.594    12.4148    344.521 -9.990e-29
     13.331     6.6605 218.195868     2.1783 8.3361e+01     0.6143    85.7635 4.7497e-01 1.8726e+03  0.5032374     13.594    12.4048    344.569 -9.990e-29
     13.331     6.6623 218.219843     2.1783 8.3361e+01     0.6143    85.7635 4.7863e-01 1.8726e+03  0.5036532     13.594    12.4044    344.588 -9.990e-29
     13.331     6.6628 218.243818     2.1783 8.3361e+01     0.6131    85.7896 4.8230e-01 1.8726e+03  0.5032374     13.594    12.4032    344.620 -9.990e-29
     13.330     6.6626 218.183879     2.1795 8.3361e+01     0.6143    85.7635 4.8596e-01 1.8726e+03  0.5032374     13.593    12.4123    344.528 -9.990e-29
     13.329     6.6620 218.171890     2.1795 8.3126e+01     0.6143    85.7635 4.8840e-01 1.8707e+03  0.5028216     13.592    12.4115    344.515 -9.990e-29
     13.329     6.6633 218.183877     2.1783 8.3126e+01     0.6143    85.7635 4.8962e-01 1.8707e+03  0.5028216     13.592    12.4015    344.520 -9.990e-29
     13.329     6.6655 218.171888     2.1783 8.3126e+01     0.6155    85.7374 4.9084e-01 1.8707e+03  0.5032374     13.592    12.3998    344.477 -9.990e-29
     13.329     6.6669 218.207851     2.1795 8.3126e+01     0.6143    85.7635 4.9206e-01 1.8707e+03  0.5032374     13.592    12.4071    344.519 -9.990e-29
     13.329     6.6688 218.255803     2.1783 8.3126e+01     0.6131    85.7896 4.9695e-01 1.8687e+03  0.5032374     13.592    12.3968    344.574 -9.990e-29
     13.329     6.6701 218.255801     2.1795 8.3126e+01     0.6143    85.7635 5.0427e-01 1.8687e+03  0.5032374     13.592    12.4041    344.560 -9.990e-29
     13.329     6.6694 218.255802     2.1795 8.3126e+01     0.6143    85.7635 5.1160e-01 1.8687e+03  0.5032374     13.592    12.4035    344.567 -9.990e-29
     13.331     6.6651 218.207853     2.1795 8.3126e+01     0.6143    85.7635 5.1404e-01 1.8687e+03  0.5032374     13.594    12.4052    344.538 -9.990e-29
     13.331     6.6610 218.159903     2.1783 8.3361e+01     0.6143    85.7635 5.1282e-01 1.8687e+03  0.5036532     13.594    12.3970    344.507 -9.990e-29
     13.330     6.6578 218.135928     2.1783 8.3126e+01     0.6143    85.7635 5.1038e-01 1.8687e+03  0.5028216     13.593    12.3960    344.504 -9.990e-29
     13.330     6.6565 218.087978     2.1783 8.3361e+01     0.6155    85.7374 5.0794e-01 1.8667e+03  0.5019901     13.593    12.3968    344.443 -9.990e-29
     13.330     6.6589 218.147916     2.1770 8.3596e+01     0.6155    85.7374 5.0549e-01 1.8667e+03  0.5019901     13.593    12.3870    344.511 -9.990e-29
     13.330     6.6624 218.171891     2.1783 8.3596e+01     0.6155    85.7374 5.0549e-01 1.8667e+03  0.5019901     13.593    12.3958    344.511 -9.990e-29
     13.330     6.6641 218.219841     2.1783 8.3596e+01     0.6143    85.7635 5.0794e-01 1.8667e+03  0.5019901     13.593    12.3957    344.568 -9.990e-29
     13.330     6.6650 218.267794     2.1795 8.3831e+01     0.6143    85.7635 5.1160e-01 1.8667e+03  0.5019901     13.593    12.4047    344.634 -9.990e-29
     13.329     6.6657 218.243816     2.1783 8.3831e+01     0.6143    85.7635 5.1770e-01 1.8667e+03  0.5019901     13.592    12.3964    344.589 -9.990e-29
     13.329     6.6669 218.279781     2.1783 8.3831e+01     0.6155    85.7374 5.2381e-01 1.8647e+03  0.5019901     13.592    12.3967    344.632 -9.990e-29
     13.328     6.6681 218.303756     2.1783 8.4068e+01     0.6155    85.7374 5.2747e-01 1.8647e+03  0.5019901     13.591    12.3982    344.657 -9.990e-29
     13.328     6.6690 218.351708     2.1783 8.4068e+01     0.6155    85.7374 5.2747e-01 1.8647e+03  0.5019901     13.591    12.3988    344.723 -9.990e-29
     13.329     6.6688 218.375686     2.1783 8.4068e+01     0.6155    85.7374 5.2259e-01 1.8647e+03  0.5019901     13.592    12.3997    344.763 -9.990e-29
     13.329     6.6702 218.399661     2.1783 8.4068e+01     0.6155    85.7374 5.1404e-01 1.8647e+03  0.5024059     13.592    12.4002    344.786 -9.990e-29
     13.329     6.6713 218.423638     2.1783 8.4305e+01     0.6155    85.7374 5.0427e-01 1.8647e+03  0.5024059     13.592    12.3996    344.812 -9.990e-29
     13.329     6.6721 218.411648     2.1783 8.4305e+01     0.6143    85.7635 4.9695e-01 1.8647e+03  0.5024059     13.592    12.3991    344.784 -9.990e-29
     13.329     6.6727 218.339718     2.1783 8.4068e+01     0.6155    85.7374 4.9206e-01 1.8628e+03  0.5024059     13.592    12.3986    344.664 -9.990e-29
     13.329     6.6724 218.339719     2.1783 8.4068e+01     0.6143    85.7635 4.9573e-01 1.8628e+03  0.5024059     13.592    12.3997    344.667 -9.990e-29
     13.328     6.6730 218.387671     2.1783 8.4305e+01     0.6155    85.7374 5.1160e-01 1.8628e+03  0.5019901     13.591    12.3993    344.736 -9.990e-29
     13.327     6.6730 218.411648     2.1783 8.4068e+01     0.6155    85.7374 5.2747e-01 1.8628e+03  0.5019901     13.590    12.3992    344.774 -9.990e-29
     13.327     6.6717 218.279778     2.1783 8.4068e+01     0.6155    85.7374 5.3114e-01 1.8628e+03  0.5019901     13.590    12.3995    344.580 -9.990e-29
     13.327     6.6694 218.315743     2.1783 8.4068e+01     0.6155    85.7374 5.2259e-01 1.8628e+03  0.5019901     13.590    12.4015    344.662 -9.990e-29
     13.327     6.6677 218.255803     2.1783 8.3831e+01     0.6143    85.7635 5.1526e-01 1.8628e+03  0.5019901     13.590    12.4020    344.586 -9.990e-29
     13.328     6.6649 218.195865     2.1783 8.3596e+01     0.6143    85.7635 5.2015e-01 1.8608e+03  0.5019901     13.591    12.4042    344.522 -9.990e-29
     13.329     6.6627 218.195865     2.1783 8.3596e+01     0.6155    85.7374 5.1893e-01 1.8608e+03  0.5019901     13.592    12.4049    344.546 -9.990e-29
     13.329     6.6617 218.171891     2.1783 8.3596e+01     0.6155    85.7374 5.1038e-01 1.8608e+03  0.5019901     13.592    12.4053    344.519 -9.990e-29
     13.330     6.6611 218.171890     2.1770 8.3361e+01     0.6155    85.7374 4.9695e-01 1.8608e+03  0.5019901     13.593    12.3950    344.525 -9.990e-29
     13.330     6.6613 218.183879     2.1783 8.3361e+01     0.6143    85.7635 4.8596e-01 1.8608e+03  0.5024059     13.593    12.4046    344.542 -9.990e-29
     13.329     6.6615 218.135926     2.1783 8.3126e+01     0.6155    85.7374 4.8107e-01 1.8608e+03  0.5019901     13.592    12.4048    344.464 -9.990e-29
     13.329     6.6605 218.123939     2.1783 8.3126e+01     0.6167    85.7112 4.8230e-01 1.8608e+03  0.5015744     13.592    12.4029    344.456 -9.990e-29
     13.329     6.6600 218.111952     2.1783 8.2893e+01     0.6155    85.7374 4.8596e-01 1.8608e+03  0.5011586     13.592    12.4020    344.442 -9.990e-29
