data/05_metadata_exports/SeabirdData/202310_SeabirdData/105189_STN62.cnv
* Sea-Bird SBE 9 Data File:
* FileName = C:\Users\rosette\Rosette Data\2023\Ontario lower food web csmi\STN62.hex
* Software Version Seasave V 7.26.6.26
* Temperature SN = 5270
* Conductivity SN = 1168
* Number of Bytes Per Scan = 40
* Number of Voltage Words = 5
* Number of Scans Averaged by the Deck Unit = 1
* NMEA Latitude = 43 51.70 N
* NMEA Longitude = 077 00.10 W
* NMEA UTC (Time) = Sep 24 2023  01:26:09
* NMEA baud rate = 4800
** Ship: Lake Guardian
** Cruise: Ontario LFW
** Station:  STN62
# nquan = 18                                
# nvalues = 10731                       
# units = specified
# name 0 = prDM: Pressure, Digiquartz [db]
# name 1 = t090C: Temperature [ITS-90, deg C]
# name 2 = c0uS/cm: Conductivity [uS/cm]
# name 3 = sbeox0V: Oxygen raw, SBE 43 [V]
# name 4 = par: PAR/Irradiance, Biospherical/Licor
# name 5 = bat: Beam Attenuation, Chelsea/Seatech [1/m]
# name 6 = xmiss: Beam Transmission, Chelsea/Seatech [%]
# name 7 = flSP: Fluorescence, Seapoint
# name 8 = spar: SPAR, Biospherical/Licor
# name 9 = upoly0: Upoly 0, Suna Nitrate
# name 10 = t190C: Temperature, 2 [ITS-90, deg C]
# name 11 = c1uS/cm: Conductivity, 2 [uS/cm]
# name 12 = sbeox1V: Oxygen raw, SBE 43, 2 [V]
# name 13 = depFM: Depth [fresh water, m], lat = 43.8617
# name 14 = sbeox0Mg/L: Oxygen, SBE 43 [mg/l], WS = 2
# name 15 = specc: Specific Conductance [uS/cm]
# name 16 = sbeox1Mg/L: Oxygen, SBE 43, 2 [mg/l], WS = 2
# name 17 = flag: flag
# span 0 =     -0.338,     17.727       
# span 1 =   -60.1312,    20.1125       
# span 2 =  30.059851, 340.911561       
# span 3 =     1.7509,     2.5751       
# span 4 = 1.0000e-12, 3.6488e+00       
# span 5 =     0.3490,     2.6406       
# span 6 =    51.6777,    91.6449       
# span 7 = 3.4188e-02, 1.5336e+00       
# span 8 = 0.0000e+00, 0.0000e+00       
# span 9 =  0.0413251,  0.0629448       
# span 10 =    14.5188,    18.7777      
# span 11 = -97.218939,   3.103031      
# span 12 =     1.7131,     2.8816      
# span 13 =     -0.345,     18.077      
# span 14 =  -370.2842,    16.3516      
# span 15 =   -392.309,   1471.677      
# span 16 =     6.3471,    13.1354      
# span 17 = 0.0000e+00, 0.0000e+00      
# interval = seconds: 0.0416667
# start_time = Sep 24 2023 01:26:09 [NMEA time, header]
# bad_flag = -9.990e-29
*END*
[from data line 7397]
      9.595    20.1000 272.683964     2.5263 1.0000e-12     0.6745    84.4827 4.5788e-01 0.0000e+00  0.0554611    18.7654   2.998162     2.5153      9.784    10.8366    302.278    10.7159 0.0000e+00
      9.574    20.1002 272.744275     2.5263 1.0000e-12     0.6733    84.5088 4.7985e-01 0.0000e+00  0.0558768    18.7653   2.998162     2.5153      9.763    10.8362    302.344    10.7152 0.0000e+00
      9.555    20.1002 272.720150     2.5263 1.0000e-12     0.6733    84.5088 4.6764e-01 0.0000e+00  0.0562926    18.7652   2.974858     2.5153      9.743    10.8363    302.317    10.7144 0.0000e+00
      9.535    20.1000 272.683963     2.5263 1.0000e-12     0.6733    84.5088 4.3590e-01 0.0000e+00  0.0562926    18.7649   3.009814     2.5153      9.723    10.8365    302.278    10.7137 0.0000e+00
      9.516    20.1000 272.683961     2.5263 1.0000e-12     0.6733    84.5088 4.1148e-01 0.0000e+00  0.0558768    18.7658   3.021466     2.5153      9.704    10.8367    302.278    10.7126 0.0000e+00
      9.497    20.1002 272.696023     2.5263 1.0000e-12     0.6733    84.5088 3.9805e-01 0.0000e+00  0.0558768    18.7655   2.986510     2.5153      9.684    10.8368    302.290    10.7117 0.0000e+00
      9.479    20.1002 272.708086     2.5263 1.0000e-12     0.6733    84.5088 4.0537e-01 0.0000e+00  0.0554611    18.7663   2.974858     2.5153      9.666    10.8366    302.303    10.7105 0.0000e+00
      9.461    20.1000 272.659835     2.5263 1.0000e-12     0.6733    84.5088 4.4200e-01 0.0000e+00  0.0554611    18.7661   2.986510     2.5153      9.648    10.8363    302.251    10.7096 0.0000e+00
      9.444    20.1000 272.720147     2.5263 1.0000e-12     0.6733    84.5088 4.7375e-01 0.0000e+00  0.0554611    18.7661   2.998162     2.5153      9.630    10.8365    302.318    10.7085 0.0000e+00
      9.428    20.1002 272.756335     2.5263 1.0000e-12     0.6733    84.5088 4.8352e-01 0.0000e+00  0.0558768    18.7661   2.974858     2.5153      9.614    10.8362    302.357    10.7080 0.0000e+00
      9.412    20.1002 272.720146     2.5250 1.0000e-12     0.6733    84.5088 4.7497e-01 0.0000e+00  0.0554611    18.7663   2.974858     2.5153      9.598    10.8290    302.317    10.7074 0.0000e+00
      9.399    20.1004 272.780459     2.5250 1.0000e-12     0.6720    84.5349 4.4078e-01 0.0000e+00  0.0554611    18.7660   3.009814     2.5153      9.584    10.8291    302.382    10.7075 0.0000e+00
      9.387    20.1005 272.756333     2.5250 1.0000e-12     0.6733    84.5088 3.9683e-01 0.0000e+00  0.0554611    18.7663   3.021466     2.5153      9.572    10.8288    302.355    10.7075 0.0000e+00
      9.375    20.1002 272.756335     2.5250 1.0000e-12     0.6733    84.5088 3.5775e-01 0.0000e+00  0.0558768    18.7660   2.998162     2.5153      9.560    10.8285    302.357    10.7075 0.0000e+00
      9.366    20.1007 272.696014     2.5250 1.0000e-12     0.6733    84.5088 3.3089e-01 0.0000e+00  0.0558768    18.7658   2.974858     2.5153      9.551    10.8286    302.287    10.7082 -9.990e-29
      9.363    20.1002 272.720146     2.5250 1.0000e-12     0.6745    84.4827 3.1746e-01 0.0000e+00  0.0554611    18.7661   2.974858     2.5153      9.548    10.8289    302.317    10.7087 -9.990e-29
      9.364    20.1004 272.708083     2.5250 1.0000e-12     0.6733    84.5088 3.2234e-01 0.0000e+00  0.0558768    18.7668   3.009814     2.5140      9.549    10.8290    302.302    10.7020 -9.990e-29
      9.364    20.1000 272.659835     2.5250 1.0000e-12     0.6733    84.5088 3.1868e-01 0.0000e+00  0.0554611    18.7665   3.021466     2.5153      9.549    10.8287    302.251    10.7104 -9.990e-29
      9.362    20.0998 272.720143     2.5250 1.0000e-12     0.6708    84.5611 3.1136e-01 0.0000e+00  0.0554611    18.7658   3.021466     2.5153      9.547    10.8289    302.319    10.7110 -9.990e-29
      9.362    20.0998 272.744271     2.5250 1.0000e-12     0.6708    84.5611 3.0647e-01 0.0000e+00  0.0554611    18.7660   2.998162     2.5153      9.547    10.8295    302.346    10.7121 -9.990e-29
      9.364    20.0995 272.744271     2.5250 1.0000e-12     0.6695    84.5872 2.9792e-01 0.0000e+00  0.0558768    18.7665   2.974858     2.5140      9.549    10.8298    302.348    10.7059 -9.990e-29
      9.366    20.0993 272.696020     2.5250 1.0000e-12     0.6708    84.5611 2.9792e-01 0.0000e+00  0.0558768    18.7668   2.986510     2.5153      9.551    10.8295    302.296    10.7139 -9.990e-29
      9.369    20.0997 272.683960     2.5250 1.0000e-12     0.6695    84.5872 2.9915e-01 0.0000e+00  0.0554611    18.7673   3.009814     2.5140      9.554    10.8291    302.280    10.7076 -9.990e-29
      9.369    20.0995 272.696021     2.5250 1.0000e-12     0.6695    84.5872 3.0403e-01 0.0000e+00  0.0550453    18.7667   3.021466     2.5153      9.554    10.8288    302.295    10.7158 -9.990e-29
      9.369    20.0995 272.708084     2.5250 1.0000e-12     0.6708    84.5611 3.0647e-01 0.0000e+00  0.0554611    18.7670   2.951554     2.5153      9.554    10.8290    302.308    10.7165 -9.990e-29
      9.368    20.0995 272.732209     2.5250 1.0000e-12     0.6695    84.5872 3.0891e-01 0.0000e+00  0.0558768    18.7661   2.974858     2.5153      9.553    10.8291    302.335    10.7175 -9.990e-29
      9.366    20.0993 272.756334     2.5250 1.0000e-12     0.6708    84.5611 3.1624e-01 0.0000e+00  0.0558768    18.7666   3.009814     2.5153      9.551    10.8293    302.363    10.7181 -9.990e-29
      9.365    20.0992 272.768396     2.5250 1.0000e-12     0.6708    84.5611 3.2479e-01 0.0000e+00  0.0558768    18.7660   3.021466     2.5153      9.550    10.8296    302.377    10.7189 -9.990e-29
      9.365    20.0990 272.768399     2.5250 1.0000e-12     0.6708    84.5611 3.2723e-01 0.0000e+00  0.0554611    18.7658   3.091378     2.5153      9.550    10.8298    302.378    10.7196 -9.990e-29
      9.363    20.0986 272.792521     2.5250 1.0000e-12     0.6695    84.5872 3.2234e-01 0.0000e+00  0.0558768    18.7653   3.009814     2.5153      9.548    10.8302    302.408    10.7209 -9.990e-29
      9.362    20.0984 272.756335     2.5250 1.0000e-12     0.6708    84.5611 3.2112e-01 0.0000e+00  0.0558768    18.7656   3.033118     2.5153      9.547    10.8305    302.369    10.7220 -9.990e-29
      9.362    20.0979 272.780459     2.5250 1.0000e-12     0.6695    84.5872 3.1746e-01 0.0000e+00  0.0558768    18.7653   2.986510     2.5153      9.547    10.8314    302.399    10.7231 -9.990e-29
      9.364    20.0976 272.732210     2.5263 1.0000e-12     0.6708    84.5611 3.2479e-01 0.0000e+00  0.0558768    18.7654   2.986510     2.5153      9.549    10.8386    302.348    10.7240 -9.990e-29
      9.366    20.0974 272.708085     2.5250 1.0000e-12     0.6708    84.5611 3.2234e-01 0.0000e+00  0.0562926    18.7658   3.009814     2.5153      9.551    10.8321    302.322    10.7248 -9.990e-29
      9.367    20.0972 272.732211     2.5250 1.0000e-12     0.6695    84.5872 3.1746e-01 0.0000e+00  0.0558768    18.7652   3.044770     2.5153      9.552    10.8325    302.350    10.7258 -9.990e-29
      9.368    20.0972 272.708086     2.5263 1.0000e-12     0.6695    84.5872 3.1380e-01 0.0000e+00  0.0554611    18.7651   3.009814     2.5165      9.553    10.8397    302.324    10.7331 -9.990e-29
      9.368    20.0974 272.732211     2.5250 1.0000e-12     0.6708    84.5611 3.0891e-01 0.0000e+00  0.0554611    18.7646   3.009814     2.5165      9.553    10.8331    302.349    10.7339 -9.990e-29
      9.369    20.0974 272.708085     2.5250 1.0000e-12     0.6708    84.5611 3.1502e-01 0.0000e+00  0.0558768    18.7644   3.021466     2.5165      9.554    10.8334    302.322    10.7345 -9.990e-29
      9.370    20.0976 272.732210     2.5263 1.0000e-12     0.6708    84.5611 3.1258e-01 0.0000e+00  0.0558768    18.7647   3.044770     2.5165      9.555    10.8399    302.348    10.7349 -9.990e-29
      9.371    20.0977 272.756336     2.5263 1.0000e-12     0.6695    84.5872 3.0891e-01 0.0000e+00  0.0554611    18.7651   3.009814     2.5165      9.556    10.8397    302.374    10.7352 -9.990e-29
      9.372    20.0979 272.720148     2.5263 1.0000e-12     0.6695    84.5872 3.1136e-01 0.0000e+00  0.0558768    18.7655   3.009814     2.5165      9.557    10.8394    302.332    10.7355 -9.990e-29
      9.373    20.0981 272.683960     2.5250 1.0000e-12     0.6683    84.6134 3.1136e-01 0.0000e+00  0.0554611    18.7661   2.998162     2.5177      9.558    10.8323    302.291    10.7414 -9.990e-29
      9.374    20.0984 272.720147     2.5250 1.0000e-12     0.6708    84.5611 3.0525e-01 0.0000e+00  0.0554611    18.7665   3.009814     2.5165      9.559    10.8320    302.329    10.7350 -9.990e-29
      9.375    20.0985 272.708084     2.5263 1.0000e-12     0.6695    84.5872 2.9915e-01 0.0000e+00  0.0554611    18.7666   2.998162     2.5177      9.560    10.8391    302.315    10.7422 -9.990e-29
      9.377    20.0984 272.708084     2.5250 1.0000e-12     0.6683    84.6134 2.9915e-01 0.0000e+00  0.0558768    18.7667   2.998162     2.5177      9.562    10.8325    302.316    10.7421 -9.990e-29
      9.378    20.0986 272.732210     2.5250 1.0000e-12     0.6708    84.5611 2.9670e-01 0.0000e+00  0.0558768    18.7665   3.009814     2.5177      9.563    10.8327    302.341    10.7414 -9.990e-29
      9.380    20.0986 272.744272     2.5250 1.0000e-12     0.6708    84.5611 2.9915e-01 0.0000e+00  0.0554611    18.7665   2.986510     2.5177      9.565    10.8329    302.354    10.7412 -9.990e-29
      9.383    20.0989 272.744272     2.5250 1.0000e-12     0.6695    84.5872 3.1136e-01 0.0000e+00  0.0554611    18.7665   3.009814     2.5177      9.568    10.8330    302.352    10.7402 -9.990e-29
      9.387    20.0992 272.708084     2.5263 1.0000e-12     0.6695    84.5872 3.1258e-01 0.0000e+00  0.0554611    18.7667   3.021466     2.5177      9.572    10.8395    302.310    10.7404 -9.990e-29
      9.390    20.0992 272.732211     2.5250 1.0000e-12     0.6695    84.5872 3.1258e-01 0.0000e+00  0.0554611    18.7661   3.044770     2.5177      9.575    10.8323    302.337    10.7401 -9.990e-29
      9.392    20.0995 272.756334     2.5250 1.0000e-12     0.6695    84.5872 3.3822e-01 0.0000e+00  0.0558768    18.7663   3.021466     2.5177      9.577    10.8315    302.362    10.7394 -9.990e-29
      9.395    20.0992 272.696021     2.5250 1.0000e-12     0.6695    84.5872 3.5775e-01 0.0000e+00  0.0558768    18.7668   3.021466     2.5177      9.580    10.8308    302.297    10.7387 -9.990e-29
      9.399    20.0992 272.720146     2.5250 1.0000e-12     0.6695    84.5872 3.4676e-01 0.0000e+00  0.0550453    18.7668   2.998162     2.5177      9.584    10.8305    302.324    10.7380 -9.990e-29
      9.405    20.0993 272.744272     2.5250 1.0000e-12     0.6695    84.5872 3.4066e-01 0.0000e+00  0.0554611    18.7666   3.009814     2.5189      9.590    10.8297    302.350    10.7438 -9.990e-29
      9.414    20.0993 272.780459     2.5250 1.0000e-12     0.6695    84.5872 3.2845e-01 0.0000e+00  0.0558768    18.7651   3.044770     2.5189      9.600    10.8290    302.390    10.7433 -9.990e-29
      9.425    20.0995 272.768398     2.5263 1.0000e-12     0.6695    84.5872 3.2112e-01 0.0000e+00  0.0558768    18.7633   3.021466     2.5189      9.611    10.8351    302.375    10.7427 -9.990e-29
      9.436    20.0993 272.744273     2.5250 1.0000e-12     0.6695    84.5872 3.1258e-01 0.0000e+00  0.0554611    18.7620   3.021466     2.5189      9.622    10.8276    302.350    10.7420 -9.990e-29
      9.447    20.0993 272.744273     2.5250 1.0000e-12     0.6695    84.5872 3.0647e-01 0.0000e+00  0.0554611    18.7614   3.056422     2.5189      9.633    10.8280    302.350    10.7411 -9.990e-29
      9.460    20.0993 272.708085     2.5250 1.0000e-12     0.6733    84.5088 2.9670e-01 0.0000e+00  0.0554611    18.7611   3.033118     2.5189      9.647    10.8273    302.309    10.7400 -9.990e-29
      9.473    20.0993 272.708087     2.5263 1.0000e-12     0.6807    84.3520 2.9304e-01 0.0000e+00  0.0558768    18.7607   2.998162     2.5189      9.660    10.8336    302.309    10.7388 -9.990e-29
      9.485    20.0993 272.744275     2.5263 1.0000e-12     0.6832    84.2997 3.0037e-01 0.0000e+00  0.0558768    18.7606   2.998162     2.5189      9.672    10.8339    302.350    10.7382 -9.990e-29
      9.498    20.0995 272.744274     2.5263 1.0000e-12     0.6832    84.2997 3.0403e-01 0.0000e+00  0.0558768    18.7602   2.974858     2.5189      9.685    10.8333    302.348    10.7375 -9.990e-29
      9.510    20.0993 272.708088     2.5250 1.0000e-12     0.6832    84.2997 3.0769e-01 0.0000e+00  0.0554611    18.7593   2.974858     2.5189      9.697    10.8259    302.309    10.7370 -9.990e-29
      9.521    20.0997 272.732212     2.5250 1.0000e-12     0.6832    84.2997 3.0647e-01 0.0000e+00  0.0554611    18.7595   3.033118     2.5189      9.709    10.8254    302.334    10.7361 -9.990e-29
      9.532    20.0998 272.756338     2.5250 1.0000e-12     0.6819    84.3258 3.0281e-01 0.0000e+00  0.0554611    18.7597   3.021466     2.5189      9.720    10.8249    302.360    10.7351 -9.990e-29
      9.542    20.0998 272.744276     2.5250 1.0000e-12     0.6832    84.2997 2.9915e-01 0.0000e+00  0.0554611    18.7602   3.044770     2.5189      9.730    10.8246    302.346    10.7341 -9.990e-29
      9.552    20.1000 272.696025     2.5250 1.0000e-12     0.6819    84.3258 3.0769e-01 0.0000e+00  0.0554611    18.7604   3.009814     2.5189      9.740    10.8237    302.291    10.7337 -9.990e-29
      9.562    20.1002 272.696025     2.5263 1.0000e-12     0.6832    84.2997 3.0891e-01 0.0000e+00  0.0558768    18.7609   2.998162     2.5201      9.751    10.8297    302.290    10.7391 -9.990e-29
      9.572    20.1000 272.732214     2.5263 1.0000e-12     0.6832    84.2997 3.0159e-01 0.0000e+00  0.0558768    18.7609   2.998162     2.5189      9.761    10.8295    302.332    10.7321 -9.990e-29
      9.581    20.1004 272.696025     2.5263 1.0000e-12     0.6832    84.2997 2.9670e-01 0.0000e+00  0.0558768    18.7604   3.009814     2.5189      9.770    10.8288    302.289    10.7318 -9.990e-29
      9.590    20.1002 272.720152     2.5263 1.0000e-12     0.6832    84.2997 2.8938e-01 0.0000e+00  0.0558768    18.7604   3.056422     2.5189      9.779    10.8282    302.317    10.7313 -9.990e-29
      9.598    20.1002 272.744278     2.5263 1.0000e-12     0.6819    84.3258 2.8205e-01 0.0000e+00  0.0558768    18.7597   2.998162     2.5189      9.787    10.8275    302.344    10.7310 -9.990e-29
      9.604    20.1000 272.744276     2.5250 1.0000e-12     0.6832    84.2997 2.8327e-01 0.0000e+00  0.0554611    18.7600   3.009814     2.5201      9.793    10.8202    302.345    10.7369 -9.990e-29
      9.608    20.1000 272.756343     2.5250 1.0000e-12     0.6832    84.2997 3.1746e-01 0.0000e+00  0.0558768    18.7604   2.998162     2.5189      9.797    10.8201    302.358    10.7297 -9.990e-29
      9.610    20.1002 272.744277     2.5238 1.0000e-12     0.6819    84.3258 3.6508e-01 0.0000e+00  0.0554611    18.7607   2.974858     2.5189      9.799    10.8133    302.344    10.7290 -9.990e-29
      9.610    20.1000 272.708088     2.5238 1.0000e-12     0.6819    84.3258 3.7607e-01 0.0000e+00  0.0554611    18.7611   3.009814     2.5189      9.799    10.8133    302.305    10.7283 -9.990e-29
      9.613    20.0997 272.708089     2.5250 1.0000e-12     0.6832    84.2997 3.7118e-01 0.0000e+00  0.0558768    18.7625   2.986510     2.5189      9.803    10.8193    302.307    10.7273 -9.990e-29
      9.622    20.0998 272.683961     2.5238 1.0000e-12     0.6819    84.3258 3.5897e-01 0.0000e+00  0.0562926    18.7625   2.986510     2.5189      9.812    10.8126    302.279    10.7261 -9.990e-29
      9.630    20.0993 272.696035     2.5238 1.0000e-12     0.6832    84.2997 3.5409e-01 0.0000e+00  0.0558768    18.7625   2.998162     2.5189      9.820    10.8128    302.296    10.7254 -9.990e-29
      9.632    20.0997 272.683964     2.5238 1.0000e-12     0.6782    84.4042 3.4921e-01 0.0000e+00  0.0554611    18.7623   3.033118     2.5189      9.822    10.8128    302.280    10.7255 -9.990e-29
