data/05_metadata_exports/SeabirdData/202310_SeabirdData/105196_STN62-2.cnv
* Sea-Bird SBE 9 Data File:
* FileName = C:\Users\rosette\Rosette Data\2023\Ontario lower food web csmi\STN62-2.hex
* Software Version Seasave V 7.26.6.26
* Temperature SN = 5270
* Conductivity SN = 1168
* Number of Bytes Per Scan = 40
* Number of Voltage Words = 5
* Number of Scans Averaged by the Deck Unit = 1
* NMEA Latitude = 43 51.73 N
* NMEA Longitude = 077 00.10 W
* NMEA UTC (Time) = Sep 24 2023  01:49:50
* NMEA baud rate = 4800
** Ship: Lake Guardian
** Cruise: Ontario LFW
** Station:  STN62-2
# nquan = 18                                
# nvalues = 3864                        
# units = specified
# name 0 = prDM: Pressure, Digiquartz [db]
# name 1 = t090C: Temperature [ITS-90, deg C]
# name 2 = c0uS/cm: Conductivity [uS/cm]
# name 3 = sbeox0V: Oxygen raw, SBE 43 [V]
# name 4 = par: PAR/Irradiance, Biospherical/Licor
# name 5 = bat: Beam Attenuation, Chelsea/Seatech [1/m]
# name 6 = xmiss: Beam Transmission, Chelsea/Seatech [%]
# name 7 = flSP: Fluorescence, Seapoint
# name 8 = spar: SPAR, Biospherical/Licor
# name 9 = upoly0: Upoly 0, Suna Nitrate
# name 10 = t190C: Temperature, 2 [ITS-90, deg C]
# name 11 = c1uS/cm: Conductivity, 2 [uS/cm]
# name 12 = sbeox1V: Oxygen raw, SBE 43, 2 [V]
# name 13 = depFM: Depth [fresh water, m], lat = 43.8622
# name 14 = sbeox0Mg/L: Oxygen, SBE 43 [mg/l], WS = 2
# name 15 = specc: Specific Conductance [uS/cm]
# name 16 = sbeox1Mg/L: Oxygen, SBE 43, 2 [mg/l], WS = 2
# name 17 = flag: flag
# span 0 =     -0.355,      4.709       
# span 1 =    17.2166,    20.1136       
# span 2 =   9.694112, 272.840638       
# span 3 =     1.6960,     2.6300       
# span 4 = 1.0000e-12, 3.5242e+00       
# span 5 =     0.7093,     2.6915       
# span 6 =    51.0242,    83.7508       
# span 7 = 2.4420e-02, 8.2418e-01       
# span 8 = 0.0000e+00, 0.0000e+00       
# span 9 =  0.0413251,  0.0629448       
# span 10 =    16.1783,    18.7771      
# span 11 =-100.267421,   3.091376      
# span 12 =     1.7436,     2.8987      
# span 13 =     -0.362,      4.802      
# span 14 =     6.8901,    11.7123      
# span 15 =     11.465,    302.607      
# span 16 =     6.4904,    13.2522      
# span 17 = 0.0000e+00, 0.0000e+00      
# interval = seconds: 0.0416667
# start_time = Sep 24 2023 01:49:50 [NMEA time, header]
# bad_flag = -9.990e-29
*END*
[from data line 563]
     -0.297    18.0508  19.489989     2.5653 2.1168e-01     2.2772    56.5919 3.0525e-02 0.0000e+00  0.0413251    17.0494 -99.358488     2.6032     -0.303    11.5585     22.634    11.6140 -9.990e-29
     -0.297    18.0493  19.197232     2.5665 2.0811e-01     2.2772    56.5919 3.0525e-02 0.0000e+00  0.0413251    17.0488 -99.369994     2.6032     -0.303    11.5648     22.295    11.6138 -9.990e-29
     -0.296    18.0483  18.892775     2.5665 2.1894e-01     2.2772    56.5919 3.0525e-02 0.0000e+00  0.0413251    17.0482 -99.404511     2.6020     -0.302    11.5642     21.941    11.6075 -9.990e-29
     -0.294    18.0471  18.635166     2.5653 2.2637e-01     2.2772    56.5919 3.0525e-02 0.0000e+00  0.0413251    17.0476 -99.416017     2.6020     -0.300    11.5574     21.643    11.6073 -9.990e-29
     -0.293    18.0460  18.600039     2.5653 2.2637e-01     2.2754    56.6180 3.0525e-02 0.0000e+00  0.0413251    17.0470 -99.450534     2.6020     -0.299    11.5577     21.603    11.6079 -9.990e-29
     -0.293    18.0452  18.693713     2.5653 2.2825e-01     2.2754    56.6180 3.0525e-02 0.0000e+00  0.0413251    17.0467 -99.416017     2.6032     -0.299    11.5576     21.712    11.6144 -9.990e-29
     -0.292    18.0440  18.682004     2.5653 2.2919e-01     2.2772    56.5919 3.0525e-02 0.0000e+00  0.0413251    17.0465 -99.358489     2.6020     -0.298    11.5571     21.699    11.6087 -9.990e-29
     -0.292    18.0428  18.670295     2.5665 2.2919e-01     2.2754    56.6180 3.0525e-02 0.0000e+00  0.0413251    17.0465 -99.427523     2.6020     -0.298    11.5635     21.686    11.6083 -9.990e-29
     -0.294    18.0416  18.740551     2.5665 2.3300e-01     2.2754    56.6180 3.0525e-02 0.0000e+00  0.0413251    17.0454 -99.450534     2.6020     -0.300    11.5632     21.768    11.6082 -9.990e-29
     -0.296    18.0402  18.869356     2.5665 2.3782e-01     2.2735    56.6442 3.0525e-02 0.0000e+00  0.0413251    17.0456 -99.508062     2.6020     -0.302    11.5629     21.918    11.6085 -9.990e-29
     -0.300    18.0390  18.857647     2.5665 2.3782e-01     2.2754    56.6180 3.0525e-02 0.0000e+00  0.0413251    17.0453 -99.531073     2.6032     -0.306    11.5629     21.905    11.6156 -9.990e-29
     -0.304    18.0375  18.752261     2.5665 4.0290e-01     2.2754    56.6180 3.0525e-02 0.0000e+00  0.0413251    17.0449 -99.450534     2.6032     -0.310    11.5629     21.784    11.6167 -9.990e-29
     -0.308    18.0366  18.728842     2.5678 9.2029e-01     2.2754    56.6180 3.1746e-02 0.0000e+00  0.0413251    17.0446 -99.404512     2.6020     -0.314    11.5702     21.757    11.6102 -9.990e-29
     -0.311    18.0350  18.471239     2.5678 1.1403e+00     2.2754    56.6180 3.0525e-02 0.0000e+00  0.0413251    17.0436 -99.439029     2.6020     -0.317    11.5700     21.459    11.6100 -9.990e-29
     -0.314    18.0336  18.108266     2.5678 1.2771e+00     2.2754    56.6180 3.1746e-02 0.0000e+00  0.0413251    17.0433 -99.393007     2.6020     -0.320    11.5702     21.038    11.6103 -9.990e-29
     -0.316    18.0328  17.874098     2.5678 1.7842e+00     2.2754    56.6180 3.0525e-02 0.0000e+00  0.0413251    17.0427 -99.427524     2.6032     -0.322    11.5701     20.766    11.6175 -9.990e-29
     -0.317    18.0314  17.745308     2.5678 1.9975e+00     2.2754    56.6180 3.0525e-02 0.0000e+00  0.0413251    17.0422 -99.508062     2.6020     -0.323    11.5700     20.617    11.6111 -9.990e-29
     -0.318    18.0307  17.604813     2.5690 1.9449e+00     2.2754    56.6180 3.0525e-02 0.0000e+00  0.0413251    17.0417 -99.531073     2.6020     -0.324    11.5773     20.454    11.6114 -9.990e-29
     -0.318    18.0295  17.440905     2.5690 1.7317e+00     2.2754    56.6180 3.0525e-02 0.0000e+00  0.0413251    17.0415 -99.519568     2.6020     -0.324    11.5775     20.264    11.6117 -9.990e-29
     -0.319    18.0285  17.452613     2.5690 1.6608e+00     2.2754    56.6180 3.0525e-02 0.0000e+00  0.0413251    17.0408 -99.473546     2.6020     -0.325    11.5776     20.278    11.6127 -9.990e-29
     -0.319    18.0273  17.312123     2.5690 1.6808e+00     2.2754    56.6180 3.0525e-02 0.0000e+00  0.0413251    17.0405 -99.416019     2.6020     -0.325    11.5776     20.116    11.6122 -9.990e-29
     -0.319    18.0263  17.241878     2.5690 1.9681e+00     2.2754    56.6180 3.0525e-02 0.0000e+00  0.0413251    17.0397 -99.496558     2.6020     -0.325    11.5774     20.034    11.6119 -9.990e-29
     -0.318    18.0251  17.195049     2.5690 2.1255e+00     2.2754    56.6180 3.0525e-02 0.0000e+00  0.0417409    17.0396 -99.508063     2.6032     -0.324    11.5777     19.981    11.6182 -9.990e-29
     -0.317    18.0240  17.101392     2.5690 2.1318e+00     2.2754    56.6180 3.0525e-02 0.0000e+00  0.0417409    17.0389 -99.565591     2.6032     -0.323    11.5778     19.872    11.6178 -9.990e-29
     -0.316    18.0230  16.972614     2.5690 2.1192e+00     2.2754    56.6180 3.0525e-02 0.0000e+00  0.0413251    17.0387 -99.508064     2.6020     -0.322    11.5779     19.723    11.6112 -9.990e-29
     -0.314    18.0216  16.925787     2.5690 2.1192e+00     2.2754    56.6180 3.0525e-02 0.0000e+00  0.0413251    17.0379 -99.473547     2.6020     -0.320    11.5779     19.669    11.6123 -9.990e-29
     -0.313    18.0205  16.960908     2.5690 2.1192e+00     2.2772    56.5919 3.1746e-02 0.0000e+00  0.0413251    17.0381 -99.416020     2.6020     -0.319    11.5782     19.711    11.6131 -9.990e-29
     -0.313    18.0197  16.890666     2.5690 1.9105e+00     2.2735    56.6442 3.0525e-02 0.0000e+00  0.0413251    17.0374 -99.439031     2.6020     -0.319    11.5790     19.629    11.6134 -9.990e-29
     -0.313    18.0186  16.820426     2.5702 1.7630e+00     2.2717    56.6703 3.0525e-02 0.0000e+00  0.0413251    17.0368 -99.485053     2.6032     -0.319    11.5857     19.548    11.6204 -9.990e-29
     -0.314    18.0176  16.960908     2.5702 1.7421e+00     2.2698    56.6964 3.0525e-02 0.0000e+00  0.0417409    17.0363 -99.485054     2.6020     -0.320    11.5857     19.712    11.6138 -9.990e-29
     -0.317    18.0161  16.960908     2.5690 1.9391e+00     2.2717    56.6703 3.0525e-02 0.0000e+00  0.0413251    17.0360 -99.623118     2.6032     -0.323    11.5790     19.713    11.6214 -9.990e-29
     -0.321    18.0149  16.996029     2.5690 2.1635e+00     2.2698    56.6964 3.0525e-02 0.0000e+00  0.0417409    17.0357 -99.531075     2.6020     -0.327    11.5788     19.754    11.6140 -9.990e-29
     -0.323    18.0132  16.703359     2.5690 2.2151e+00     2.2698    56.6964 3.0525e-02 0.0000e+00  0.0413251    17.0353 -99.462042     2.6020     -0.329    11.5791     19.415    11.6142 -9.990e-29
     -0.323    18.0113  16.914080     2.5690 2.1699e+00     2.2698    56.6964 3.0525e-02 0.0000e+00  0.0413251    17.0350 -99.473548     2.6032     -0.329    11.5788     19.660    11.6211 -9.990e-29
     -0.320    18.0092  16.808719     2.5702 2.1192e+00     2.2717    56.6703 3.0525e-02 0.0000e+00  0.0413251    17.0343 -99.439032     2.6032     -0.326    11.5851     19.539    11.6205 -9.990e-29
     -0.317    18.0078  16.317052     2.5702 2.1067e+00     2.2698    56.6964 3.0525e-02 0.0000e+00  0.0417409    17.0338 -99.439032     2.6032     -0.323    11.5851     18.968    11.6207 -9.990e-29
     -0.312    18.0057  16.305346     2.5702 2.0093e+00     2.2698    56.6964 3.0525e-02 0.0000e+00  0.0417409    17.0325 -99.542582     2.6032     -0.318    11.5846     18.955    11.6210 -9.990e-29
     -0.306    18.0044  16.457525     2.5690 1.7842e+00     2.2698    56.6964 3.0525e-02 0.0000e+00  0.0413251    17.0325 -99.588603     2.6020     -0.312    11.5777     19.133    11.6136 -9.990e-29
     -0.300    18.0023  16.679947     2.5702 1.7266e+00     2.2698    56.6964 3.0525e-02 0.0000e+00  0.0417409    17.0322 -99.577099     2.6032     -0.306    11.5843     19.392    11.6205 -9.990e-29
     -0.295    17.9999  16.750187     2.5702 1.8056e+00     2.2698    56.6964 3.0525e-02 0.0000e+00  0.0413251    17.0320 -99.531077     2.6020     -0.301    11.5847     19.475    11.6138 -9.990e-29
     -0.292    17.9974  16.832134     2.5702 2.1130e+00     2.2717    56.6703 3.0525e-02 0.0000e+00  0.0413251    17.0318 -99.485055     2.6032     -0.298    11.5851     19.571    11.6213 -9.990e-29
     -0.290    17.9951  16.937495     2.5714 2.2282e+00     2.2698    56.6964 3.0525e-02 0.0000e+00  0.0413251    17.0313 -99.542582     2.6032     -0.296    11.5920     19.695    11.6207 -9.990e-29
     -0.288    17.9927  16.925788     2.5702 2.2086e+00     2.2698    56.6964 3.0525e-02 0.0000e+00  0.0417409    17.0315 -99.600110     2.6032     -0.294    11.5861     19.683    11.6206 -9.990e-29
     -0.286    17.9907  16.855547     2.5702 2.0333e+00     2.2717    56.6703 3.0525e-02 0.0000e+00  0.0417409    17.0313 -99.703656     2.6032     -0.292    11.5867     19.602    11.6206 -9.990e-29
     -0.283    17.9884  16.937495     2.5714 1.9623e+00     2.2698    56.6964 3.1746e-02 0.0000e+00  0.0413251    17.0310 -99.692152     2.6020     -0.289    11.5939     19.698    11.6138 -9.990e-29
     -0.279    17.9865  17.230173     2.5714 1.9507e+00     2.2717    56.6703 3.0525e-02 0.0000e+00  0.0413251    17.0303 -99.565594     2.6020     -0.285    11.5943     20.039    11.6139 -9.990e-29
     -0.277    17.9846  17.183344     2.5714 1.8272e+00     2.2717    56.6703 3.1746e-02 0.0000e+00  0.0413251    17.0305 -99.600110     2.6020     -0.282    11.5946     19.986    11.6137 -9.990e-29
     -0.277    17.9827  17.183344     2.5714 1.7578e+00     2.2717    56.6703 3.0525e-02 0.0000e+00  0.0413251    17.0307 -99.600110     2.6020     -0.282    11.5949     19.987    11.6142 -9.990e-29
     -0.281    17.9810  17.581401     2.5714 1.7525e+00     2.2735    56.6442 3.1746e-02 0.0000e+00  0.0413251    17.0298 -99.623121     2.6032     -0.287    11.5950     20.450    11.6211 -9.990e-29
     -0.286    17.9798  17.675064     2.5714 1.9623e+00     2.2735    56.6442 3.1746e-02 0.0000e+00  0.0413251    17.0300 -99.669141     2.6032     -0.292    11.5950     20.560    11.6209 -9.990e-29
     -0.290    17.9780  17.405785     2.5714 2.1255e+00     2.2735    56.6442 3.1746e-02 0.0000e+00  0.0413251    17.0296 -99.703658     2.6032     -0.296    11.5956     20.248    11.6208 -9.990e-29
     -0.294    17.9768  17.335540     2.5726 2.1444e+00     2.2735    56.6442 3.1746e-02 0.0000e+00  0.0417409    17.0291 -99.680647     2.6032     -0.300    11.6026     20.166    11.6208 -9.990e-29
     -0.297    17.9750  17.382370     2.5726 1.8992e+00     2.2735    56.6442 3.1746e-02 0.0000e+00  0.0413251    17.0293 -99.703658     2.6032     -0.303    11.6031     20.222    11.6205 -9.990e-29
     -0.301    17.9737  17.382370     2.5726 1.6959e+00     2.2735    56.6442 3.1746e-02 0.0000e+00  0.0413251    17.0282 -99.634626     2.6032     -0.307    11.6039     20.222    11.6212 -9.990e-29
     -0.303    17.9718  17.206760     2.5726 1.6558e+00     2.2735    56.6442 3.0525e-02 0.0000e+00  0.0413251    17.0279 -99.646132     2.6032     -0.309    11.6047     20.019    11.6210 -9.990e-29
     -0.304    17.9699  16.996031     2.5726 1.6608e+00     2.2735    56.6442 3.0525e-02 0.0000e+00  0.0413251    17.0272 -99.726668     2.6020     -0.310    11.6044     19.775    11.6149 -9.990e-29
     -0.305    17.9682  16.996031     2.5726 1.6608e+00     2.2735    56.6442 3.0525e-02 0.0000e+00  0.0417409    17.0269 -99.761184     2.6032     -0.311    11.6045     19.775    11.6214 -9.990e-29
     -0.304    17.9664  17.019445     2.5714 1.6558e+00     2.2754    56.6180 3.0525e-02 0.0000e+00  0.0413251    17.0263 -99.795699     2.6032     -0.310    11.5980     19.804    11.6213 -9.990e-29
     -0.300    17.9646  16.843842     2.5714 1.5223e+00     2.2735    56.6442 3.0525e-02 0.0000e+00  0.0413251    17.0260 -99.703659     2.6020     -0.306    11.5985     19.600    11.6149 -9.990e-29
     -0.297    17.9626  16.797015     2.5726 1.2928e+00     2.2717    56.6703 3.1746e-02 0.0000e+00  0.0413251    17.0253 -99.634628     2.6020     -0.303    11.6061     19.546    11.6155 -9.990e-29
     -0.295    17.9608  16.785309     2.5714 1.2349e+00     2.2754    56.6180 3.0525e-02 0.0000e+00  0.0413251    17.0253 -99.726669     2.6020     -0.301    11.5998     19.534    11.6159 -9.990e-29
     -0.292    17.9590  16.925790     2.5714 1.3086e+00     2.2735    56.6442 3.0525e-02 0.0000e+00  0.0413251    17.0250 -99.726669     2.6020     -0.298    11.6001     19.698    11.6164 -9.990e-29
     -0.291    17.9578  16.937497     2.5714 1.5500e+00     2.2735    56.6442 3.0525e-02 0.0000e+00  0.0413251    17.0246 -99.761185     2.6032     -0.297    11.5996     19.712    11.6229 -9.990e-29
     -0.290    17.9562  16.878963     2.5726 1.6459e+00     2.2717    56.6703 3.0525e-02 0.0000e+00  0.0413251    17.0239 -99.887740     2.6032     -0.296    11.6057     19.645    11.6235 -9.990e-29
     -0.289    17.9545  17.077981     2.5726 1.4727e+00     2.2735    56.6442 3.0525e-02 0.0000e+00  0.0417409    17.0241 -99.864730     2.6032     -0.295    11.6057     19.877    11.6230 -9.990e-29
     -0.289    17.9535  17.171639     2.5726 8.0327e-01     2.2754    56.6180 3.1746e-02 0.0000e+00  0.0413251    17.0237 -99.784195     2.6020     -0.295    11.6055     19.987    11.6166 -9.990e-29
     -0.290    17.9521  17.183346     2.5726 6.1984e-01     2.2735    56.6442 3.0525e-02 0.0000e+00  0.0417409    17.0231 -99.795701     2.6032     -0.296    11.6059     20.001    11.6239 -9.990e-29
     -0.292    17.9509  17.335542     2.5726 5.7430e-01     2.2717    56.6703 3.1746e-02 0.0000e+00  0.0417409    17.0229 -99.772690     2.6032     -0.298    11.6056     20.179    11.6243 -9.990e-29
     -0.293    17.9497  17.382372     2.5726 2.9217e-01     2.2680    56.7226 3.1746e-02 0.0000e+00  0.0413251    17.0226 -99.772691     2.6032     -0.299    11.6058     20.234    11.6247 -9.990e-29
     -0.295    17.9485  17.382372     2.5726 2.0110e-01     2.2661    56.7487 3.1746e-02 0.0000e+00  0.0413251    17.0224 -99.887740     2.6032     -0.301    11.6064     20.234    11.6243 -9.990e-29
     -0.297    17.9473  17.405787     2.5726 1.9937e-01     2.2680    56.7226 3.1746e-02 0.0000e+00  0.0413251    17.0215 -99.841721     2.6032     -0.303    11.6065     20.262    11.6241 -9.990e-29
     -0.299    17.9461  17.358957     2.5726 6.5330e-01     2.2680    56.7226 3.1746e-02 0.0000e+00  0.0413251    17.0210 -99.841721     2.6032     -0.305    11.6065     20.208    11.6238 -9.990e-29
     -0.301    17.9447  17.288712     2.5726 1.2274e+00     2.2680    56.7226 3.1746e-02 0.0000e+00  0.0417409    17.0205 -99.807207     2.6020     -0.307    11.6065     20.127    11.6166 -9.990e-29
     -0.304    17.9435  17.323835     2.5726 1.3246e+00     2.2680    56.7226 3.1746e-02 0.0000e+00  0.0413251    17.0205 -99.749681     2.6032     -0.310    11.6069     20.168    11.6236 -9.990e-29
     -0.306    17.9423  17.265298     2.5739 3.6162e-01     2.2680    56.7226 3.0525e-02 0.0000e+00  0.0417409    17.0198 -99.726671     2.6032     -0.312    11.6144     20.101    11.6240 -9.990e-29
     -0.307    17.9405  17.171639     2.5739 8.7130e-02     2.2680    56.7226 3.0525e-02 0.0000e+00  0.0413251    17.0191 -99.795701     2.6032     -0.313    11.6149     19.993    11.6244 -9.990e-29
     -0.308    17.9390  17.136518     2.5739 6.1616e-02     2.2680    56.7226 3.1746e-02 0.0000e+00  0.0417409    17.0191 -99.899246     2.6032     -0.314    11.6158     19.952    11.6246 -9.990e-29
     -0.306    17.9380  17.019447     2.5739 9.6081e-02     2.2680    56.7226 3.0525e-02 0.0000e+00  0.0413251    17.0179 -99.910752     2.6032     -0.312    11.6165     19.817    11.6251 -9.990e-29
     -0.304    17.9364  16.914084     2.5739 1.3415e-01     2.2680    56.7226 3.0525e-02 0.0000e+00  0.0413251    17.0176 -99.830217     2.6032     -0.310    11.6173     19.695    11.6254 -9.990e-29
     -0.301    17.9345  16.867257     2.5726 1.4174e-01     2.2661    56.7487 3.0525e-02 0.0000e+00  0.0413251    17.0170 -99.772692     2.6032     -0.307    11.6109     19.641    11.6258 -9.990e-29
