data/05_metadata_exports/SeabirdData/202310_SeabirdData/105189_STN62.cnv
* Sea-Bird SBE 9 Data File:
* FileName = C:\Users\rosette\Rosette Data\2023\Ontario lower food web csmi\STN62.hex
* Software Version Seasave V 7.26.6.26
* Temperature SN = 5270
* Conductivity SN = 1168
* Number of Bytes Per Scan = 40
* Number of Voltage Words = 5
* Number of Scans Averaged by the Deck Unit = 1
* NMEA Latitude = 43 51.70 N
* NMEA Longitude = 077 00.10 W
* NMEA UTC (Time) = Sep 24 2023  01:26:09
* NMEA baud rate = 4800
** Ship: Lake Guardian
** Cruise: Ontario LFW
** Station:  STN62
# nquan = 18                                
# nvalues = 10731                       
# units = specified
# name 0 = prDM: Pressure, Digiquartz [db]
# name 1 = t090C: Temperature [ITS-90, deg C]
# name 2 = c0uS/cm: Conductivity [uS/cm]
# name 3 = sbeox0V: Oxygen raw, SBE 43 [V]
# name 4 = par: PAR/Irradiance, Biospherical/Licor
# name 5 = bat: Beam Attenuation, Chelsea/Seatech [1/m]
# name 6 = xmiss: Beam Transmission, Chelsea/Seatech [%]
# name 7 = flSP: Fluorescence, Seapoint
# name 8 = spar: SPAR, Biospherical/Licor
# name 9 = upoly0: Upoly 0, Suna Nitrate
# name 10 = t190C: Temperature, 2 [ITS-90, deg C]
# name 11 = c1uS/cm: Conductivity, 2 [uS/cm]
# name 12 = sbeox1V: Oxygen raw, SBE 43, 2 [V]
# name 13 = depFM: Depth [fresh water, m], lat = 43.8617
# name 14 = sbeox0Mg/L: Oxygen, SBE 43 [mg/l], WS = 2
# name 15 = specc: Specific Conductance [uS/cm]
# name 16 = sbeox1Mg/L: Oxygen, SBE 43, 2 [mg/l], WS = 2
# name 17 = flag: flag
# span 0 =     -0.338,     17.727       
# span 1 =   -60.1312,    20.1125       
# span 2 =  30.059851, 340.911561       
# span 3 =     1.7509,     2.5751       
# span 4 = 1.0000e-12, 3.6488e+00       
# span 5 =     0.3490,     2.6406       
# span 6 =    51.6777,    91.6449       
# span 7 = 3.4188e-02, 1.5336e+00       
# span 8 = 0.0000e+00, 0.0000e+00       
# span 9 =  0.0413251,  0.0629448       
# span 10 =    14.5188,    18.7777      
# span 11 = -97.218939,   3.103031      
# span 12 =     1.7131,     2.8816      
# span 13 =     -0.345,     18.077      
# span 14 =  -370.2842,    16.3516      
# span 15 =   -392.309,   1471.677      
# span 16 =     6.3471,    13.1354      
# span 17 = 0.0000e+00, 0.0000e+00      
# interval = seconds: 0.0416667
# start_time = Sep 24 2023 01:26:09 [NMEA time, header]
# bad_flag = -9.990e-29
*END*
[from data line 7237]
     12.899    20.0963 272.768490     2.5153 1.0000e-12     0.6400    85.2146 3.3211e-01 0.0000e+00  0.0558768    18.7625   3.033119     2.5031     13.153    10.7907    302.397    10.6589 0.0000e+00
     12.879    20.0967 272.780553     2.5153 1.0000e-12     0.6412    85.1884 3.3333e-01 0.0000e+00  0.0554611    18.7627   3.009815     2.5031     13.133    10.7900    302.407    10.6602 0.0000e+00
     12.858    20.0967 272.720240     2.5153 1.0000e-12     0.6388    85.2407 3.2601e-01 0.0000e+00  0.0554611    18.7625   2.974859     2.5031     13.112    10.7889    302.340    10.6616 0.0000e+00
     12.837    20.0967 272.684052     2.5153 1.0000e-12     0.6400    85.2146 3.1502e-01 0.0000e+00  0.0554611    18.7625   2.986511     2.5031     13.090    10.7878    302.300    10.6629 0.0000e+00
     12.815    20.0967 272.720237     2.5153 1.0000e-12     0.6400    85.2146 3.1990e-01 0.0000e+00  0.0558768    18.7623   3.033119     2.5031     13.068    10.7867    302.340    10.6641 0.0000e+00
     12.793    20.0967 272.780552     2.5153 1.0000e-12     0.6412    85.1884 3.2845e-01 0.0000e+00  0.0554611    18.7625   3.009815     2.5031     13.045    10.7856    302.407    10.6658 0.0000e+00
     12.772    20.0965 272.732300     2.5153 1.0000e-12     0.6400    85.2146 3.2967e-01 0.0000e+00  0.0558768    18.7625   2.998163     2.5031     13.024    10.7845    302.355    10.6674 0.0000e+00
     12.750    20.0965 272.744362     2.5165 1.0000e-12     0.6412    85.1884 3.3211e-01 0.0000e+00  0.0558768    18.7625   3.009815     2.5031     13.001    10.7897    302.368    10.6689 0.0000e+00
     12.729    20.0969 272.768486     2.5153 1.0000e-12     0.6400    85.2146 3.2601e-01 0.0000e+00  0.0554611    18.7621   2.998163     2.5043     12.980    10.7827    302.393    10.6770 0.0000e+00
     12.708    20.0972 272.744360     2.5165 1.0000e-12     0.6400    85.2146 3.2234e-01 0.0000e+00  0.0554611    18.7618   3.033119     2.5043     12.959    10.7883    302.364    10.6784 0.0000e+00
     12.688    20.0974 272.744359     2.5165 1.0000e-12     0.6400    85.2146 3.1990e-01 0.0000e+00  0.0558768    18.7623   3.009815     2.5043     12.938    10.7877    302.362    10.6788 0.0000e+00
     12.668    20.0977 272.708172     2.5165 1.0000e-12     0.6400    85.2146 3.3089e-01 0.0000e+00  0.0558768    18.7626   2.974859     2.5043     12.918    10.7871    302.320    10.6798 0.0000e+00
     12.647    20.0982 272.732295     2.5165 1.0000e-12     0.6400    85.2146 3.3333e-01 0.0000e+00  0.0558768    18.7627   3.033119     2.5043     12.896    10.7865    302.344    10.6807 0.0000e+00
     12.626    20.0981 272.708169     2.5165 1.0000e-12     0.6412    85.1884 3.2601e-01 0.0000e+00  0.0558768    18.7630   2.986511     2.5043     12.875    10.7865    302.318    10.6815 0.0000e+00
     12.606    20.0981 272.804672     2.5165 1.0000e-12     0.6400    85.2146 3.2723e-01 0.0000e+00  0.0558768    18.7625   2.939904     2.5043     12.855    10.7865    302.425    10.6823 0.0000e+00
     12.585    20.0977 272.768481     2.5165 1.0000e-12     0.6412    85.1884 3.3089e-01 0.0000e+00  0.0558768    18.7621   2.963207     2.5043     12.833    10.7865    302.387    10.6829 0.0000e+00
     12.565    20.0977 272.756420     2.5165 1.0000e-12     0.6437    85.1362 3.4310e-01 0.0000e+00  0.0558768    18.7618   3.044771     2.5055     12.813    10.7865    302.374    10.6899 0.0000e+00
     12.546    20.0979 272.720230     2.5165 1.0000e-12     0.6486    85.0316 3.5165e-01 0.0000e+00  0.0558768    18.7618   3.056422     2.5055     12.793    10.7869    302.332    10.6901 0.0000e+00
     12.526    20.0979 272.744355     2.5165 1.0000e-12     0.6486    85.0316 3.6142e-01 0.0000e+00  0.0554611    18.7616   3.021467     2.5055     12.773    10.7874    302.359    10.6915 0.0000e+00
     12.506    20.0977 272.720230     2.5153 1.0000e-12     0.6498    85.0055 3.7607e-01 0.0000e+00  0.0554611    18.7614   2.986511     2.5055     12.753    10.7815    302.334    10.6928 0.0000e+00
     12.484    20.0974 272.732291     2.5153 1.0000e-12     0.6498    85.0055 3.9072e-01 0.0000e+00  0.0554611    18.7616   2.986511     2.5055     12.730    10.7820    302.349    10.6938 0.0000e+00
     12.463    20.0970 272.744354     2.5153 1.0000e-12     0.6486    85.0316 4.1270e-01 0.0000e+00  0.0558768    18.7607   2.998163     2.5055     12.709    10.7824    302.365    10.6955 0.0000e+00
     12.443    20.0965 272.696103     2.5153 1.0000e-12     0.6498    85.0055 4.1270e-01 0.0000e+00  0.0558768    18.7611   2.998163     2.5055     12.688    10.7833    302.315    10.6954 0.0000e+00
     12.424    20.0963 272.792606     2.5153 1.0000e-12     0.6498    85.0055 3.8828e-01 0.0000e+00  0.0554611    18.7607   3.009815     2.5055     12.669    10.7841    302.423    10.6953 0.0000e+00
     12.404    20.0965 272.732289     2.5153 1.0000e-12     0.6486    85.0316 3.6264e-01 0.0000e+00  0.0554611    18.7605   3.021467     2.5055     12.649    10.7848    302.355    10.6956 0.0000e+00
     12.385    20.0965 272.732291     2.5153 1.0000e-12     0.6486    85.0316 3.6264e-01 0.0000e+00  0.0558768    18.7604   3.021467     2.5067     12.629    10.7855    302.355    10.7030 0.0000e+00
     12.364    20.0965 272.708164     2.5140 1.0000e-12     0.6486    85.0316 3.7241e-01 0.0000e+00  0.0558768    18.7612   2.998163     2.5067     12.608    10.7793    302.328    10.7033 0.0000e+00
     12.343    20.0963 272.780540     2.5140 1.0000e-12     0.6486    85.0316 3.8095e-01 0.0000e+00  0.0558768    18.7609   2.998163     2.5067     12.586    10.7805    302.410    10.7038 0.0000e+00
     12.322    20.0962 272.732288     2.5140 1.0000e-12     0.6498    85.0055 3.7729e-01 0.0000e+00  0.0554611    18.7607   2.998163     2.5067     12.565    10.7815    302.357    10.7040 0.0000e+00
     12.301    20.0956 272.744351     2.5140 1.0000e-12     0.6486    85.0316 3.7241e-01 0.0000e+00  0.0554611    18.7604   3.033119     2.5079     12.544    10.7826    302.374    10.7107 0.0000e+00
     12.281    20.0954 272.744350     2.5140 1.0000e-12     0.6486    85.0316 3.6508e-01 0.0000e+00  0.0554611    18.7604   2.986511     2.5079     12.523    10.7835    302.376    10.7105 0.0000e+00
     12.261    20.0953 272.816728     2.5140 1.0000e-12     0.6498    85.0055 3.6386e-01 0.0000e+00  0.0558768    18.7602   3.033119     2.5079     12.503    10.7844    302.457    10.7108 0.0000e+00
     12.241    20.0956 272.804663     2.5140 1.0000e-12     0.6486    85.0316 3.6996e-01 0.0000e+00  0.0558768    18.7600   3.009815     2.5079     12.482    10.7856    302.441    10.7109 0.0000e+00
     12.220    20.0958 272.840850     2.5140 1.0000e-12     0.6486    85.0316 3.7241e-01 0.0000e+00  0.0554611    18.7607   2.998163     2.5079     12.461    10.7863    302.480    10.7113 0.0000e+00
     12.199    20.0962 272.768473     2.5140 1.0000e-12     0.6486    85.0316 3.6142e-01 0.0000e+00  0.0558768    18.7602   2.974859     2.5079     12.440    10.7878    302.397    10.7117 0.0000e+00
     12.178    20.0963 272.744348     2.5140 1.0000e-12     0.6498    85.0055 3.4676e-01 0.0000e+00  0.0562926    18.7604   3.009815     2.5079     12.418    10.7894    302.370    10.7118 0.0000e+00
     12.158    20.0963 272.744346     2.5140 1.0000e-12     0.6510    84.9793 3.3333e-01 0.0000e+00  0.0558768    18.7604   3.044770     2.5079     12.398    10.7909    302.370    10.7117 0.0000e+00
     12.139    20.0963 272.708158     2.5153 1.0000e-12     0.6535    84.9270 3.2723e-01 0.0000e+00  0.0554611    18.7606   3.056422     2.5092     12.378    10.7992    302.330    10.7185 0.0000e+00
     12.120    20.0967 272.708158     2.5153 1.0000e-12     0.6547    84.9009 3.3211e-01 0.0000e+00  0.0554611    18.7605   3.009815     2.5092     12.359    10.8001    302.327    10.7182 0.0000e+00
     12.101    20.0967 272.732283     2.5153 1.0000e-12     0.6560    84.8748 3.4188e-01 0.0000e+00  0.0554611    18.7614   3.009815     2.5092     12.340    10.8014    302.354    10.7173 0.0000e+00
     12.080    20.0969 272.780532     2.5153 1.0000e-12     0.6560    84.8748 3.4676e-01 0.0000e+00  0.0558768    18.7611   2.986511     2.5092     12.318    10.8032    302.406    10.7166 0.0000e+00
     12.059    20.0970 272.768469     2.5165 1.0000e-12     0.6547    84.9009 3.4921e-01 0.0000e+00  0.0558768    18.7613   3.009815     2.5092     12.297    10.8107    302.392    10.7163 0.0000e+00
     12.038    20.0974 272.696092     2.5165 1.0000e-12     0.6547    84.9009 3.4676e-01 0.0000e+00  0.0554611    18.7611   2.998163     2.5104     12.275    10.8118    302.309    10.7224 0.0000e+00
     12.017    20.0977 272.720217     2.5165 1.0000e-12     0.6560    84.8748 3.3944e-01 0.0000e+00  0.0554611    18.7613   3.079726     2.5104     12.254    10.8128    302.334    10.7217 0.0000e+00
     11.997    20.0981 272.708154     2.5165 1.0000e-12     0.6547    84.9009 3.3211e-01 0.0000e+00  0.0558768    18.7612   3.044770     2.5104     12.234    10.8133    302.318    10.7215 0.0000e+00
     11.977    20.0979 272.684028     2.5165 1.0000e-12     0.6547    84.9009 3.3578e-01 0.0000e+00  0.0558768    18.7611   3.021466     2.5116     12.213    10.8139    302.292    10.7271 0.0000e+00
     11.955    20.0981 272.720215     2.5177 1.0000e-12     0.6560    84.8748 3.5287e-01 0.0000e+00  0.0554611    18.7605   3.021466     2.5104     12.191    10.8206    302.331    10.7196 0.0000e+00
     11.934    20.0982 272.708151     2.5177 1.0000e-12     0.6547    84.9009 3.6630e-01 0.0000e+00  0.0558768    18.7609   2.951555     2.5104     12.169    10.8209    302.317    10.7182 0.0000e+00
     11.914    20.0985 272.732276     2.5177 1.0000e-12     0.6547    84.9009 3.6752e-01 0.0000e+00  0.0558768    18.7611   3.021466     2.5116     12.149    10.8216    302.342    10.7239 0.0000e+00
     11.895    20.0982 272.756401     2.5177 1.0000e-12     0.6560    84.8748 3.6264e-01 0.0000e+00  0.0558768    18.7605   3.021466     2.5116     12.130    10.8223    302.370    10.7230 0.0000e+00
     11.876    20.0985 272.744338     2.5177 1.0000e-12     0.6547    84.9009 3.6508e-01 0.0000e+00  0.0554611    18.7604   3.056422     2.5116     12.110    10.8229    302.355    10.7219 0.0000e+00
     11.855    20.0984 272.780525     2.5189 1.0000e-12     0.6547    84.9009 3.7485e-01 0.0000e+00  0.0554611    18.7605   3.009815     2.5116     12.089    10.8292    302.396    10.7212 0.0000e+00
     11.835    20.0985 272.732274     2.5189 1.0000e-12     0.6547    84.9009 3.8584e-01 0.0000e+00  0.0558768    18.7606   2.998163     2.5116     12.068    10.8290    302.342    10.7203 0.0000e+00
     11.813    20.0988 272.732274     2.5189 1.0000e-12     0.6560    84.8748 4.1026e-01 0.0000e+00  0.0562926    18.7600   2.998163     2.5116     12.046    10.8287    302.340    10.7188 0.0000e+00
     11.791    20.0985 272.696085     2.5189 1.0000e-12     0.6560    84.8748 4.3346e-01 0.0000e+00  0.0562926    18.7602   3.033118     2.5116     12.023    10.8283    302.302    10.7183 0.0000e+00
     11.769    20.0986 272.768459     2.5189 1.0000e-12     0.6547    84.9009 4.2979e-01 0.0000e+00  0.0554611    18.7604   2.986511     2.5128     12.001    10.8278    302.381    10.7236 0.0000e+00
     11.748    20.0985 272.756398     2.5189 1.0000e-12     0.6560    84.8748 4.0904e-01 0.0000e+00  0.0558768    18.7600   3.009815     2.5128     11.980    10.8272    302.368    10.7230 0.0000e+00
     11.726    20.0982 272.744334     2.5189 1.0000e-12     0.6584    84.8225 3.9194e-01 0.0000e+00  0.0558768    18.7600   3.021466     2.5128     11.957    10.8270    302.357    10.7215 0.0000e+00
     11.705    20.0981 272.744331     2.5201 1.0000e-12     0.6584    84.8225 3.6874e-01 0.0000e+00  0.0562926    18.7597   3.044770     2.5128     11.936    10.8329    302.358    10.7206 0.0000e+00
     11.686    20.0981 272.744335     2.5201 1.0000e-12     0.6584    84.8225 3.5287e-01 0.0000e+00  0.0558768    18.7595   3.021466     2.5128     11.916    10.8324    302.358    10.7190 0.0000e+00
     11.666    20.0979 272.744333     2.5201 1.0000e-12     0.6584    84.8225 3.5165e-01 0.0000e+00  0.0554611    18.7595   2.998163     2.5128     11.896    10.8317    302.359    10.7172 0.0000e+00
     11.644    20.0977 272.744331     2.5201 1.0000e-12     0.6584    84.8225 3.5531e-01 0.0000e+00  0.0558768    18.7593   3.009814     2.5128     11.874    10.8309    302.360    10.7153 0.0000e+00
     11.624    20.0977 272.756394     2.5189 1.0000e-12     0.6584    84.8225 3.6264e-01 0.0000e+00  0.0558768    18.7600   2.986511     2.5128     11.853    10.8241    302.374    10.7138 0.0000e+00
     11.605    20.0976 272.744332     2.5201 1.0000e-12     0.6584    84.8225 3.6142e-01 0.0000e+00  0.0554611    18.7599   2.986511     2.5128     11.834    10.8299    302.361    10.7124 0.0000e+00
     11.584    20.0976 272.756394     2.5214 1.0000e-12     0.6584    84.8225 3.5531e-01 0.0000e+00  0.0554611    18.7597   3.009814     2.5128     11.812    10.8361    302.374    10.7110 0.0000e+00
     11.563    20.0976 272.744330     2.5201 1.0000e-12     0.6584    84.8225 3.4432e-01 0.0000e+00  0.0558768    18.7592   3.044770     2.5128     11.791    10.8285    302.361    10.7096 0.0000e+00
     11.540    20.0977 272.756393     2.5201 1.0000e-12     0.6572    84.8486 3.3700e-01 0.0000e+00  0.0558768    18.7593   3.009814     2.5128     11.768    10.8280    302.374    10.7079 0.0000e+00
     11.517    20.0977 272.792579     2.5201 1.0000e-12     0.6597    84.7963 3.3578e-01 0.0000e+00  0.0558768    18.7590   3.009814     2.5128     11.744    10.8274    302.414    10.7069 0.0000e+00
     11.494    20.0977 272.804642     2.5201 1.0000e-12     0.6572    84.8486 3.3455e-01 0.0000e+00  0.0558768    18.7592   3.044770     2.5140     11.721    10.8268    302.427    10.7123 0.0000e+00
     11.472    20.0977 272.732264     2.5201 1.0000e-12     0.6584    84.8225 3.3700e-01 0.0000e+00  0.0558768    18.7593   3.009814     2.5128     11.698    10.8261    302.347    10.7045 0.0000e+00
     11.451    20.0981 272.732264     2.5201 1.0000e-12     0.6584    84.8225 3.4310e-01 0.0000e+00  0.0558768    18.7597   3.009814     2.5128     11.677    10.8252    302.344    10.7039 0.0000e+00
     11.431    20.0977 272.756390     2.5201 1.0000e-12     0.6584    84.8225 3.4188e-01 0.0000e+00  0.0558768    18.7600   2.998163     2.5128     11.656    10.8248    302.374    10.7026 0.0000e+00
     11.410    20.0981 272.744327     2.5214 1.0000e-12     0.6584    84.8225 3.3822e-01 0.0000e+00  0.0558768    18.7599   3.009814     2.5140     11.635    10.8315    302.358    10.7078 0.0000e+00
     11.388    20.0979 272.696074     2.5214 1.0000e-12     0.6584    84.8225 3.4066e-01 0.0000e+00  0.0558768    18.7604   2.986511     2.5140     11.613    10.8314    302.306    10.7064 0.0000e+00
     11.366    20.0979 272.720200     2.5214 1.0000e-12     0.6584    84.8225 3.5897e-01 0.0000e+00  0.0554611    18.7604   2.986511     2.5128     11.590    10.8311    302.332    10.6992 0.0000e+00
     11.344    20.0981 272.708136     2.5214 1.0000e-12     0.6584    84.8225 3.6630e-01 0.0000e+00  0.0558768    18.7597   3.009814     2.5140     11.568    10.8303    302.318    10.7045 0.0000e+00
     11.322    20.0979 272.744324     2.5214 1.0000e-12     0.6584    84.8225 3.7241e-01 0.0000e+00  0.0558768    18.7602   2.986511     2.5140     11.545    10.8299    302.359    10.7037 0.0000e+00
     11.300    20.0974 272.744324     2.5214 1.0000e-12     0.6584    84.8225 3.8584e-01 0.0000e+00  0.0558768    18.7604   2.986511     2.5128     11.523    10.8295    302.362    10.6957 0.0000e+00
     11.279    20.0976 272.708133     2.5214 1.0000e-12     0.6572    84.8486 3.8217e-01 0.0000e+00  0.0554611    18.7604   3.009814     2.5140     11.501    10.8290    302.321    10.7015 0.0000e+00
