data/05_metadata_exports/SeabirdData/202310_SeabirdData/105189_STN62.cnv
* Sea-Bird SBE 9 Data File:
* FileName = C:\Users\rosette\Rosette Data\2023\Ontario lower food web csmi\STN62.hex
* Software Version Seasave V 7.26.6.26
* Temperature SN = 5270
* Conductivity SN = 1168
* Number of Bytes Per Scan = 40
* Number of Voltage Words = 5
* Number of Scans Averaged by the Deck Unit = 1
* NMEA Latitude = 43 51.70 N
* NMEA Longitude = 077 00.10 W
* NMEA UTC (Time) = Sep 24 2023  01:26:09
* NMEA baud rate = 4800
** Ship: Lake Guardian
** Cruise: Ontario LFW
** Station:  STN62
# nquan = 18                                
# nvalues = 10731                       
# units = specified
# name 0 = prDM: Pressure, Digiquartz [db]
# name 1 = t090C: Temperature [ITS-90, deg C]
# name 2 = c0uS/cm: Conductivity [uS/cm]
# name 3 = sbeox0V: Oxygen raw, SBE 43 [V]
# name 4 = par: PAR/Irradiance, Biospherical/Licor
# name 5 = bat: Beam Attenuation, Chelsea/Seatech [1/m]
# name 6 = xmiss: Beam Transmission, Chelsea/Seatech [%]
# name 7 = flSP: Fluorescence, Seapoint
# name 8 = spar: SPAR, Biospherical/Licor
# name 9 = upoly0: Upoly 0, Suna Nitrate
# name 10 = t190C: Temperature, 2 [ITS-90, deg C]
# name 11 = c1uS/cm: Conductivity, 2 [uS/cm]
# name 12 = sbeox1V: Oxygen raw, SBE 43, 2 [V]
# name 13 = depFM: Depth [fresh water, m], lat = 43.8617
# name 14 = sbeox0Mg/L: Oxygen, SBE 43 [mg/l], WS = 2
# name 15 = specc: Specific Conductance [uS/cm]
# name 16 = sbeox1Mg/L: Oxygen, SBE 43, 2 [mg/l], WS = 2
# name 17 = flag: flag
# span 0 =     -0.338,     17.727       
# span 1 =   -60.1312,    20.1125       
# span 2 =  30.059851, 340.911561       
# span 3 =     1.7509,     2.5751       
# span 4 = 1.0000e-12, 3.6488e+00       
# span 5 =     0.3490,     2.6406       
# span 6 =    51.6777,    91.6449       
# span 7 = 3.4188e-02, 1.5336e+00       
# span 8 = 0.0000e+00, 0.0000e+00       
# span 9 =  0.0413251,  0.0629448       
# span 10 =    14.5188,    18.7777      
# span 11 = -97.218939,   3.103031      
# span 12 =     1.7131,     2.8816      
# span 13 =     -0.345,     18.077      
# span 14 =  -370.2842,    16.3516      
# span 15 =   -392.309,   1471.677      
# span 16 =     6.3471,    13.1354      
# span 17 = 0.0000e+00, 0.0000e+00      
# interval = seconds: 0.0416667
# start_time = Sep 24 2023 01:26:09 [NMEA time, header]
# bad_flag = -9.990e-29
*END*
[from data line 5468]
     17.675    20.0722 272.720386     2.4982 1.0000e-12     0.6290    85.4498 4.1392e-01 0.0000e+00  0.0558768    18.7360   2.998165     2.4908     18.023    10.7102    302.505    10.5865 -9.990e-29
     17.675    20.0720 272.708324     2.4994 1.0000e-12     0.6290    85.4498 4.3712e-01 0.0000e+00  0.0558768    18.7357   2.974861     2.4921     18.023    10.7169    302.493    10.5931 -9.990e-29
     17.677    20.0722 272.660075     2.4982 1.0000e-12     0.6290    85.4498 4.5055e-01 0.0000e+00  0.0558768    18.7362   2.974861     2.4908     18.026    10.7103    302.438    10.5854 -9.990e-29
     17.677    20.0722 272.672137     2.4982 1.0000e-12     0.6290    85.4498 4.5543e-01 0.0000e+00  0.0550453    18.7360   2.974861     2.4908     18.026    10.7095    302.451    10.5850 -9.990e-29
     17.676    20.0720 272.684199     2.4994 1.0000e-12     0.6277    85.4760 4.6520e-01 0.0000e+00  0.0554611    18.7360   3.009816     2.4908     18.025    10.7161    302.466    10.5852 -9.990e-29
     17.676    20.0720 272.684200     2.4969 1.0000e-12     0.6290    85.4498 4.6642e-01 0.0000e+00  0.0554611    18.7362   2.998165     2.4908     18.025    10.7025    302.466    10.5847 -9.990e-29
     17.677    20.0722 272.696262     2.4982 1.0000e-12     0.6241    85.5544 4.3712e-01 0.0000e+00  0.0558768    18.7362   2.998165     2.4908     18.026    10.7085    302.478    10.5842 -9.990e-29
     17.676    20.0720 272.708325     2.4982 1.0000e-12     0.6155    85.7374 3.9683e-01 0.0000e+00  0.0558768    18.7362   3.009816     2.4908     18.025    10.7077    302.493    10.5838 -9.990e-29
     17.676    20.0722 272.660073     2.4969 1.0000e-12     0.6119    85.8158 3.7118e-01 0.0000e+00  0.0558768    18.7364   3.021468     2.4908     18.025    10.7019    302.438    10.5834 -9.990e-29
     17.676    20.0722 272.684200     2.4994 1.0000e-12     0.6119    85.8158 3.6996e-01 0.0000e+00  0.0554611    18.7360   2.986513     2.4908     18.025    10.7157    302.465    10.5832 -9.990e-29
     17.677    20.0720 272.708324     2.4994 1.0000e-12     0.6131    85.7896 3.8339e-01 0.0000e+00  0.0554611    18.7361   3.033120     2.4908     18.026    10.7159    302.493    10.5828 -9.990e-29
     17.678    20.0720 272.684201     2.4969 1.0000e-12     0.6119    85.8158 3.8828e-01 0.0000e+00  0.0558768    18.7367   2.986513     2.4908     18.027    10.7027    302.466    10.5824 -9.990e-29
     17.679    20.0720 272.720386     2.4994 1.0000e-12     0.6119    85.8158 3.9072e-01 0.0000e+00  0.0558768    18.7358   2.974861     2.4908     18.028    10.7155    302.506    10.5823 -9.990e-29
     17.679    20.0723 272.648012     2.4982 1.0000e-12     0.6131    85.7896 4.1514e-01 0.0000e+00  0.0558768    18.7360   3.009816     2.4896     18.028    10.7090    302.424    10.5755 -9.990e-29
     17.679    20.0718 272.635950     2.4969 1.0000e-12     0.6131    85.7896 4.2491e-01 0.0000e+00  0.0554611    18.7359   2.998165     2.4896     18.028    10.7028    302.414    10.5753 -9.990e-29
     17.679    20.0718 272.684199     2.4969 1.0000e-12     0.6131    85.7896 4.1270e-01 0.0000e+00  0.0558768    18.7357   2.951557     2.4896     18.028    10.7027    302.467    10.5752 -9.990e-29
     17.680    20.0718 272.684199     2.4982 1.0000e-12     0.6119    85.8158 3.8950e-01 0.0000e+00  0.0558768    18.7362   2.939905     2.4908     18.029    10.7091    302.467    10.5808 -9.990e-29
     17.682    20.0720 272.684200     2.4994 1.0000e-12     0.6119    85.8158 3.7363e-01 0.0000e+00  0.0558768    18.7357   2.939905     2.4908     18.031    10.7153    302.466    10.5802 -9.990e-29
     17.683    20.0720 272.587700     2.4982 1.0000e-12     0.6131    85.7896 3.7485e-01 0.0000e+00  0.0558768    18.7357   3.021468     2.4896     18.032    10.7098    302.359    10.5730 -9.990e-29
     17.683    20.0720 272.648012     2.4969 1.0000e-12     0.6131    85.7896 3.7607e-01 0.0000e+00  0.0554611    18.7358   3.009816     2.4908     18.032    10.7028    302.426    10.5789 -9.990e-29
     17.683    20.0718 272.720386     2.4969 1.0000e-12     0.6119    85.8158 3.7363e-01 0.0000e+00  0.0558768    18.7364   2.951557     2.4896     18.032    10.7027    302.508    10.5710 -9.990e-29
     17.684    20.0720 272.696263     2.4994 1.0000e-12     0.6131    85.7896 3.7485e-01 0.0000e+00  0.0554611    18.7357   2.974861     2.4896     18.033    10.7161    302.479    10.5707 -9.990e-29
     17.684    20.0718 272.696261     2.4982 1.0000e-12     0.6119    85.8158 3.8217e-01 0.0000e+00  0.0558768    18.7362   3.009816     2.4896     18.033    10.7101    302.481    10.5703 -9.990e-29
     17.685    20.0718 272.635950     2.4969 1.0000e-12     0.6119    85.8158 3.7973e-01 0.0000e+00  0.0558768    18.7357   2.986513     2.4908     18.034    10.7026    302.414    10.5760 -9.990e-29
     17.686    20.0722 272.623887     2.4982 1.0000e-12     0.6119    85.8158 3.6630e-01 0.0000e+00  0.0558768    18.7357   2.974861     2.4896     18.035    10.7101    302.398    10.5693 -9.990e-29
     17.686    20.0718 272.635950     2.4994 1.0000e-12     0.6131    85.7896 3.6020e-01 0.0000e+00  0.0558768    18.7357   2.974861     2.4896     18.035    10.7167    302.414    10.5686 -9.990e-29
     17.686    20.0717 272.684199     2.4982 1.0000e-12     0.6155    85.7374 3.6020e-01 0.0000e+00  0.0558768    18.7362   2.986513     2.4896     18.035    10.7111    302.468    10.5679 -9.990e-29
     17.686    20.0716 272.660075     2.4982 1.0000e-12     0.6290    85.4498 3.5653e-01 0.0000e+00  0.0558768    18.7357   2.998165     2.4896     18.035    10.7114    302.442    10.5669 -9.990e-29
     17.686    20.0715 272.623888     2.4994 1.0000e-12     0.6326    85.3714 3.4799e-01 0.0000e+00  0.0558768    18.7362   2.974861     2.4908     18.035    10.7179    302.403    10.5723 -9.990e-29
     17.686    20.0717 272.684200     2.4982 1.0000e-12     0.6326    85.3714 3.3944e-01 0.0000e+00  0.0558768    18.7359   3.009816     2.4896     18.035    10.7122    302.468    10.5649 -9.990e-29
     17.685    20.0718 272.684199     2.4969 1.0000e-12     0.6326    85.3714 3.3700e-01 0.0000e+00  0.0558768    18.7362   2.986513     2.4896     18.034    10.7050    302.467    10.5640 -9.990e-29
     17.685    20.0715 272.648014     2.4969 1.0000e-12     0.6326    85.3714 3.3700e-01 0.0000e+00  0.0558768    18.7358   2.986513     2.4896     18.034    10.7057    302.429    10.5633 -9.990e-29
     17.685    20.0718 272.648011     2.4994 1.0000e-12     0.6326    85.3714 3.3822e-01 0.0000e+00  0.0558768    18.7357   2.951557     2.4896     18.034    10.7189    302.427    10.5627 -9.990e-29
     17.686    20.0718 272.672138     2.4994 1.0000e-12     0.6326    85.3714 3.3944e-01 0.0000e+00  0.0558768    18.7359   2.998165     2.4896     18.035    10.7185    302.454    10.5622 -9.990e-29
     17.686    20.0717 272.648013     2.4994 1.0000e-12     0.6326    85.3714 3.4188e-01 0.0000e+00  0.0558768    18.7358   3.021468     2.4896     18.035    10.7195    302.428    10.5618 -9.990e-29
     17.686    20.0716 272.648013     2.4994 1.0000e-12     0.6326    85.3714 3.5043e-01 0.0000e+00  0.0554611    18.7357   2.986513     2.4896     18.035    10.7200    302.429    10.5615 -9.990e-29
     17.686    20.0720 272.720387     2.4982 1.0000e-12     0.6326    85.3714 3.6508e-01 0.0000e+00  0.0554611    18.7357   2.986513     2.4896     18.035    10.7131    302.506    10.5613 -9.990e-29
     17.686    20.0718 272.623888     2.4994 1.0000e-12     0.6326    85.3714 3.6874e-01 0.0000e+00  0.0554611    18.7355   3.033120     2.4896     18.035    10.7204    302.401    10.5612 -9.990e-29
     17.686    20.0718 272.672138     2.4982 1.0000e-12     0.6339    85.3453 3.5897e-01 0.0000e+00  0.0554611    18.7358   3.021468     2.4896     18.035    10.7141    302.454    10.5605 -9.990e-29
     17.684    20.0717 272.744513     2.4994 1.0000e-12     0.6326    85.3714 3.4554e-01 0.0000e+00  0.0558768    18.7357   3.021468     2.4896     18.033    10.7203    302.535    10.5600 -9.990e-29
     17.683    20.0718 272.720386     2.4982 1.0000e-12     0.6326    85.3714 3.3455e-01 0.0000e+00  0.0558768    18.7358   2.986513     2.4884     18.032    10.7138    302.508    10.5529 -9.990e-29
     17.683    20.0715 272.684200     2.4994 1.0000e-12     0.6326    85.3714 3.3333e-01 0.0000e+00  0.0558768    18.7357   2.986513     2.4884     18.032    10.7200    302.469    10.5531 -9.990e-29
     17.684    20.0717 272.648012     2.4994 1.0000e-12     0.6326    85.3714 3.4066e-01 0.0000e+00  0.0558768    18.7357   2.998165     2.4884     18.033    10.7207    302.428    10.5535 -9.990e-29
     17.684    20.0715 272.672138     2.4994 1.0000e-12     0.6326    85.3714 3.4188e-01 0.0000e+00  0.0558768    18.7358   2.998165     2.4884     18.033    10.7201    302.456    10.5532 -9.990e-29
     17.685    20.0717 272.744513     2.4994 1.0000e-12     0.6326    85.3714 3.4188e-01 0.0000e+00  0.0558768    18.7358   2.998165     2.4872     18.034    10.7194    302.535    10.5472 -9.990e-29
     17.684    20.0715 272.672138     2.4994 1.0000e-12     0.6326    85.3714 3.4188e-01 0.0000e+00  0.0554611    18.7359   3.009816     2.4872     18.033    10.7182    302.456    10.5472 -9.990e-29
     17.684    20.0715 272.623886     2.4994 1.0000e-12     0.6326    85.3714 3.3822e-01 0.0000e+00  0.0558768    18.7357   3.021468     2.4872     18.033    10.7184    302.403    10.5473 -9.990e-29
     17.684    20.0717 272.708326     2.4982 1.0000e-12     0.6265    85.5021 3.3455e-01 0.0000e+00  0.0558768    18.7358   3.021468     2.4872     18.033    10.7113    302.495    10.5480 -9.990e-29
     17.683    20.0713 272.708324     2.4994 1.0000e-12     0.6241    85.5544 3.3700e-01 0.0000e+00  0.0558768    18.7358   2.986513     2.4872     18.032    10.7160    302.498    10.5494 -9.990e-29
     17.684    20.0716 272.660075     2.4994 1.0000e-12     0.6228    85.5805 3.3455e-01 0.0000e+00  0.0558768    18.7355   2.974861     2.4872     18.033    10.7157    302.442    10.5498 -9.990e-29
     17.684    20.0713 272.672138     2.4994 1.0000e-12     0.6228    85.5805 3.2357e-01 0.0000e+00  0.0554611    18.7355   2.974861     2.4860     18.033    10.7155    302.457    10.5442 -9.990e-29
     17.683    20.0717 272.684200     2.4994 1.0000e-12     0.6241    85.5544 3.1258e-01 0.0000e+00  0.0554611    18.7360   3.009816     2.4860     18.032    10.7142    302.468    10.5451 -9.990e-29
     17.682    20.0715 272.696262     2.4994 1.0000e-12     0.6241    85.5544 3.0647e-01 0.0000e+00  0.0554611    18.7357   2.986513     2.4860     18.031    10.7130    302.483    10.5462 -9.990e-29
     17.681    20.0715 272.660075     2.4994 1.0000e-12     0.6228    85.5805 3.1258e-01 0.0000e+00  0.0554611    18.7355   2.974861     2.4860     18.030    10.7123    302.443    10.5480 -9.990e-29
     17.680    20.0715 272.648011     2.4994 1.0000e-12     0.6241    85.5544 3.1746e-01 0.0000e+00  0.0554611    18.7358   3.009816     2.4860     18.029    10.7112    302.429    10.5498 -9.990e-29
     17.680    20.0717 272.672138     2.5006 1.0000e-12     0.6241    85.5544 3.1990e-01 0.0000e+00  0.0558768    18.7355   2.939905     2.4860     18.029    10.7158    302.455    10.5511 -9.990e-29
     17.680    20.0717 272.684199     2.4994 1.0000e-12     0.6241    85.5544 3.2112e-01 0.0000e+00  0.0558768    18.7357   2.974861     2.4860     18.029    10.7079    302.468    10.5529 -9.990e-29
     17.681    20.0713 272.684201     2.4994 1.0000e-12     0.6241    85.5544 3.1746e-01 0.0000e+00  0.0558768    18.7357   2.998165     2.4860     18.030    10.7073    302.471    10.5548 -9.990e-29
     17.682    20.0715 272.635949     2.5006 1.0000e-12     0.6228    85.5805 3.1013e-01 0.0000e+00  0.0558768    18.7355   2.974861     2.4860     18.031    10.7130    302.416    10.5568 -9.990e-29
     17.683    20.0715 272.708326     2.4994 1.0000e-12     0.6241    85.5544 3.0891e-01 0.0000e+00  0.0554611    18.7355   2.986513     2.4860     18.032    10.7061    302.496    10.5588 -9.990e-29
     17.684    20.0713 272.648013     2.4994 1.0000e-12     0.6241    85.5544 3.2479e-01 0.0000e+00  0.0554611    18.7353   2.974861     2.4860     18.033    10.7056    302.431    10.5608 -9.990e-29
     17.683    20.0715 272.635950     2.5006 1.0000e-12     0.6241    85.5544 3.2967e-01 0.0000e+00  0.0558768    18.7355   2.986513     2.4860     18.032    10.7110    302.416    10.5634 -9.990e-29
     17.682    20.0715 272.672137     2.4994 1.0000e-12     0.6228    85.5805 3.1868e-01 0.0000e+00  0.0558768    18.7353   2.998165     2.4860     18.031    10.7042    302.456    10.5655 -9.990e-29
     17.682    20.0713 272.720388     2.5006 1.0000e-12     0.6241    85.5544 3.1990e-01 0.0000e+00  0.0554611    18.7353   2.998165     2.4860     18.031    10.7087    302.511    10.5682 -9.990e-29
     17.682    20.0715 272.648011     2.5006 1.0000e-12     0.6241    85.5544 3.2357e-01 0.0000e+00  0.0554611    18.7353   2.974861     2.4860     18.031    10.7079    302.429    10.5709 -9.990e-29
     17.682    20.0715 272.708326     2.4994 1.0000e-12     0.6228    85.5805 3.3578e-01 0.0000e+00  0.0558768    18.7357   3.009816     2.4860     18.031    10.7008    302.496    10.5728 -9.990e-29
     17.683    20.0713 272.672138     2.5006 1.0000e-12     0.6241    85.5544 3.5775e-01 0.0000e+00  0.0558768    18.7360   3.021468     2.4860     18.032    10.7069    302.457    10.5747 -9.990e-29
     17.683    20.0715 272.672137     2.4982 1.0000e-12     0.6241    85.5544 3.5531e-01 0.0000e+00  0.0554611    18.7357   2.998165     2.4860     18.032    10.6939    302.456    10.5768 -9.990e-29
     17.683    20.0713 272.611826     2.4994 1.0000e-12     0.6241    85.5544 3.3944e-01 0.0000e+00  0.0558768    18.7358   2.998165     2.4860     18.032    10.7001    302.391    10.5787 -9.990e-29
     17.683    20.0713 272.623888     2.4982 1.0000e-12     0.6241    85.5544 3.3455e-01 0.0000e+00  0.0562926    18.7353   2.974861     2.4860     18.032    10.6936    302.404    10.5801 -9.990e-29
     17.683    20.0713 272.684199     2.4994 1.0000e-12     0.6253    85.5282 3.3700e-01 0.0000e+00  0.0558768    18.7355   2.939905     2.4860     18.032    10.6998    302.471    10.5813 -9.990e-29
     17.684    20.0715 272.708326     2.4982 1.0000e-12     0.6228    85.5805 3.3822e-01 0.0000e+00  0.0550453    18.7360   2.974861     2.4872     18.033    10.6934    302.496    10.5889 -9.990e-29
     17.685    20.0713 272.660075     2.4969 1.0000e-12     0.6228    85.5805 3.3211e-01 0.0000e+00  0.0554611    18.7355   2.951557     2.4872     18.034    10.6856    302.444    10.5901 -9.990e-29
     17.686    20.0713 272.648013     2.4994 1.0000e-12     0.6253    85.5282 3.2723e-01 0.0000e+00  0.0562926    18.7359   2.963209     2.4860     18.035    10.6983    302.431    10.5845 -9.990e-29
     17.688    20.0713 272.672138     2.4982 1.0000e-12     0.6253    85.5282 3.2601e-01 0.0000e+00  0.0562926    18.7357   3.009816     2.4872     18.037    10.6920    302.457    10.5921 -9.990e-29
     17.689    20.0713 272.720388     2.4969 1.0000e-12     0.6253    85.5282 3.2723e-01 0.0000e+00  0.0554611    18.7357   3.021468     2.4872     18.038    10.6853    302.511    10.5925 -9.990e-29
     17.689    20.0711 272.696263     2.4969 1.0000e-12     0.6241    85.5544 3.2967e-01 0.0000e+00  0.0554611    18.7355   2.998165     2.4872     18.038    10.6854    302.486    10.5927 -9.990e-29
     17.689    20.0712 272.684200     2.4969 1.0000e-12     0.6241    85.5544 3.3455e-01 0.0000e+00  0.0554611    18.7355   2.974861     2.4872     18.038    10.6856    302.471    10.5929 -9.990e-29
     17.689    20.0713 272.720388     2.4969 1.0000e-12     0.6241    85.5544 3.3455e-01 0.0000e+00  0.0562926    18.7357   3.009816     2.4884     18.038    10.6853    302.511    10.5995 -9.990e-29
