data/05_metadata_exports/SeabirdData/202310_SeabirdData/105189_STN62.cnv
* Sea-Bird SBE 9 Data File:
* FileName = C:\Users\rosette\Rosette Data\2023\Ontario lower food web csmi\STN62.hex
* Software Version Seasave V 7.26.6.26
* Temperature SN = 5270
* Conductivity SN = 1168
* Number of Bytes Per Scan = 40
* Number of Voltage Words = 5
* Number of Scans Averaged by the Deck Unit = 1
* NMEA Latitude = 43 51.70 N
* NMEA Longitude = 077 00.10 W
* NMEA UTC (Time) = Sep 24 2023  01:26:09
* NMEA baud rate = 4800
** Ship: Lake Guardian
** Cruise: Ontario LFW
** Station:  STN62
# nquan = 18                                
# nvalues = 10731                       
# units = specified
# name 0 = prDM: Pressure, Digiquartz [db]
# name 1 = t090C: Temperature [ITS-90, deg C]
# name 2 = c0uS/cm: Conductivity [uS/cm]
# name 3 = sbeox0V: Oxygen raw, SBE 43 [V]
# name 4 = par: PAR/Irradiance, Biospherical/Licor
# name 5 = bat: Beam Attenuation, Chelsea/Seatech [1/m]
# name 6 = xmiss: Beam Transmission, Chelsea/Seatech [%]
# name 7 = flSP: Fluorescence, Seapoint
# name 8 = spar: SPAR, Biospherical/Licor
# name 9 = upoly0: Upoly 0, Suna Nitrate
# name 10 = t190C: Temperature, 2 [ITS-90, deg C]
# name 11 = c1uS/cm: Conductivity, 2 [uS/cm]
# name 12 = sbeox1V: Oxygen raw, SBE 43, 2 [V]
# name 13 = depFM: Depth [fresh water, m], lat = 43.8617
# name 14 = sbeox0Mg/L: Oxygen, SBE 43 [mg/l], WS = 2
# name 15 = specc: Specific Conductance [uS/cm]
# name 16 = sbeox1Mg/L: Oxygen, SBE 43, 2 [mg/l], WS = 2
# name 17 = flag: flag
# span 0 =     -0.338,     17.727       
# span 1 =   -60.1312,    20.1125       
# span 2 =  30.059851, 340.911561       
# span 3 =     1.7509,     2.5751       
# span 4 = 1.0000e-12, 3.6488e+00       
# span 5 =     0.3490,     2.6406       
# span 6 =    51.6777,    91.6449       
# span 7 = 3.4188e-02, 1.5336e+00       
# span 8 = 0.0000e+00, 0.0000e+00       
# span 9 =  0.0413251,  0.0629448       
# span 10 =    14.5188,    18.7777      
# span 11 = -97.218939,   3.103031      
# span 12 =     1.7131,     2.8816      
# span 13 =     -0.345,     18.077      
# span 14 =  -370.2842,    16.3516      
# span 15 =   -392.309,   1471.677      
# span 16 =     6.3471,    13.1354      
# span 17 = 0.0000e+00, 0.0000e+00      
# interval = seconds: 0.0416667
# start_time = Sep 24 2023 01:26:09 [NMEA time, header]
# bad_flag = -9.990e-29
*END*
[from data line 9006]
      9.649    20.1014 272.732215     2.5287 1.0000e-12     0.6869    84.2213 6.2882e-01 0.0000e+00  0.0550453    18.7644   2.998162     2.5189      9.839    10.8464    302.322    10.7381 -9.990e-29
      9.649    20.1016 272.696025     2.5287 1.0000e-12     0.6869    84.2213 6.8132e-01 0.0000e+00  0.0554611    18.7642   3.009814     2.5189      9.839    10.8459    302.281    10.7379 -9.990e-29
      9.649    20.1016 272.744277     2.5287 1.0000e-12     0.6869    84.2213 7.1917e-01 0.0000e+00  0.0554611    18.7647   2.998162     2.5189      9.839    10.8454    302.334    10.7382 -9.990e-29
      9.649    20.1017 272.720152     2.5299 1.0000e-12     0.6869    84.2213 6.9353e-01 0.0000e+00  0.0554611    18.7641   2.998162     2.5189      9.839    10.8508    302.307    10.7388 -9.990e-29
      9.648    20.1017 272.732214     2.5287 1.0000e-12     0.6869    84.2213 6.1783e-01 0.0000e+00  0.0554611    18.7645   2.998162     2.5189      9.838    10.8440    302.320    10.7390 -9.990e-29
      9.648    20.1017 272.756338     2.5287 1.0000e-12     0.6881    84.1951 5.3968e-01 0.0000e+00  0.0554611    18.7642   3.033118     2.5189      9.838    10.8436    302.347    10.7388 -9.990e-29
      9.648    20.1016 272.744277     2.5287 1.0000e-12     0.6881    84.1951 4.8596e-01 0.0000e+00  0.0554611    18.7644   3.021466     2.5189      9.838    10.8428    302.334    10.7384 -9.990e-29
      9.649    20.1017 272.744277     2.5299 1.0000e-12     0.6869    84.2213 4.5299e-01 0.0000e+00  0.0554611    18.7642   3.056422     2.5189      9.839    10.8483    302.334    10.7380 -9.990e-29
      9.649    20.1016 272.756340     2.5287 1.0000e-12     0.6869    84.2213 4.2735e-01 0.0000e+00  0.0558768    18.7644   2.998162     2.5201      9.839    10.8418    302.348    10.7441 -9.990e-29
      9.648    20.1014 272.720152     2.5299 1.0000e-12     0.6869    84.2213 4.0904e-01 0.0000e+00  0.0562926    18.7645   2.986510     2.5201      9.838    10.8474    302.309    10.7435 -9.990e-29
      9.646    20.1014 272.744276     2.5299 1.0000e-12     0.6869    84.2213 3.9316e-01 0.0000e+00  0.0558768    18.7642   3.009814     2.5201      9.836    10.8468    302.336    10.7430 -9.990e-29
      9.646    20.1016 272.720152     2.5299 1.0000e-12     0.6869    84.2213 3.7851e-01 0.0000e+00  0.0554611    18.7642   2.998162     2.5201      9.836    10.8457    302.307    10.7430 -9.990e-29
      9.646    20.1016 272.744277     2.5287 1.0000e-12     0.6869    84.2213 3.6386e-01 0.0000e+00  0.0554611    18.7649   3.009814     2.5201      9.836    10.8384    302.334    10.7416 -9.990e-29
      9.645    20.1012 272.792527     2.5275 1.0000e-12     0.6869    84.2213 3.5653e-01 0.0000e+00  0.0554611    18.7642   3.044770     2.5201      9.835    10.8312    302.390    10.7405 -9.990e-29
      9.646    20.1014 272.804591     2.5287 1.0000e-12     0.6881    84.1951 3.6020e-01 0.0000e+00  0.0558768    18.7644   3.009814     2.5201      9.836    10.8371    302.402    10.7391 -9.990e-29
      9.646    20.1012 272.768403     2.5287 1.0000e-12     0.6881    84.1951 3.6508e-01 0.0000e+00  0.0554611    18.7645   2.998162     2.5201      9.836    10.8363    302.364    10.7384 -9.990e-29
      9.646    20.1014 272.744277     2.5287 1.0000e-12     0.6869    84.2213 3.6386e-01 0.0000e+00  0.0550453    18.7642   3.033118     2.5201      9.836    10.8356    302.336    10.7384 -9.990e-29
      9.646    20.1014 272.828716     2.5275 1.0000e-12     0.6869    84.2213 3.5531e-01 0.0000e+00  0.0554611    18.7644   2.986510     2.5201      9.836    10.8286    302.429    10.7382 -9.990e-29
      9.646    20.1012 272.744276     2.5275 1.0000e-12     0.6869    84.2213 3.5409e-01 0.0000e+00  0.0554611    18.7646   3.009814     2.5201      9.836    10.8285    302.337    10.7374 -9.990e-29
      9.647    20.1014 272.732215     2.5275 1.0000e-12     0.6869    84.2213 3.6020e-01 0.0000e+00  0.0558768    18.7645   2.939903     2.5201      9.837    10.8284    302.322    10.7367 -9.990e-29
      9.648    20.1014 272.756340     2.5275 1.0000e-12     0.6869    84.2213 3.7729e-01 0.0000e+00  0.0558768    18.7642   2.986510     2.5201      9.838    10.8283    302.349    10.7354 -9.990e-29
      9.648    20.1012 272.720152     2.5275 1.0000e-12     0.6869    84.2213 4.1026e-01 0.0000e+00  0.0558768    18.7645   2.998162     2.5201      9.838    10.8284    302.310    10.7345 -9.990e-29
      9.648    20.1016 272.744276     2.5275 1.0000e-12     0.6869    84.2213 4.0781e-01 0.0000e+00  0.0554611    18.7644   3.009814     2.5201      9.838    10.8288    302.334    10.7344 -9.990e-29
      9.649    20.1014 272.768402     2.5275 1.0000e-12     0.6869    84.2213 3.7851e-01 0.0000e+00  0.0550453    18.7642   2.998162     2.5201      9.839    10.8289    302.362    10.7337 -9.990e-29
      9.650    20.1016 272.768402     2.5275 1.0000e-12     0.6869    84.2213 3.8095e-01 0.0000e+00  0.0550453    18.7644   2.974858     2.5201      9.840    10.8295    302.361    10.7328 -9.990e-29
      9.650    20.1014 272.744277     2.5275 1.0000e-12     0.6869    84.2213 4.0537e-01 0.0000e+00  0.0554611    18.7645   2.974858     2.5201      9.840    10.8302    302.336    10.7320 -9.990e-29
      9.649    20.1017 272.696026     2.5275 1.0000e-12     0.6894    84.1690 4.0415e-01 0.0000e+00  0.0554611    18.7644   2.986510     2.5201      9.839    10.8308    302.280    10.7312 -9.990e-29
      9.649    20.1014 272.720151     2.5263 1.0000e-12     0.6931    84.0906 3.9438e-01 0.0000e+00  0.0558768    18.7644   3.033118     2.5201      9.839    10.8252    302.309    10.7304 -9.990e-29
      9.650    20.1014 272.744277     2.5275 1.0000e-12     0.6931    84.0906 3.8217e-01 0.0000e+00  0.0558768    18.7644   3.056422     2.5201      9.840    10.8327    302.336    10.7296 -9.990e-29
      9.650    20.1012 272.744277     2.5275 1.0000e-12     0.6931    84.0906 3.7118e-01 0.0000e+00  0.0554611    18.7644   2.963206     2.5201      9.840    10.8335    302.337    10.7288 -9.990e-29
      9.650    20.1016 272.744277     2.5263 1.0000e-12     0.6931    84.0906 3.7363e-01 0.0000e+00  0.0554611    18.7644   2.974858     2.5201      9.840    10.8273    302.334    10.7280 -9.990e-29
      9.651    20.1014 272.756338     2.5263 1.0000e-12     0.6931    84.0906 4.0537e-01 0.0000e+00  0.0554611    18.7644   2.998162     2.5201      9.841    10.8277    302.349    10.7266 -9.990e-29
      9.652    20.1014 272.768402     2.5263 1.0000e-12     0.6931    84.0906 4.0659e-01 0.0000e+00  0.0558768    18.7647   3.009814     2.5201      9.842    10.8286    302.362    10.7257 -9.990e-29
      9.654    20.1016 272.720152     2.5250 1.0000e-12     0.6931    84.0906 3.9438e-01 0.0000e+00  0.0562926    18.7641   2.998162     2.5201      9.844    10.8221    302.307    10.7257 -9.990e-29
      9.656    20.1014 272.732215     2.5250 1.0000e-12     0.6943    84.0644 4.1270e-01 0.0000e+00  0.0554611    18.7642   2.998162     2.5201      9.846    10.8231    302.322    10.7256 -9.990e-29
      9.657    20.1014 272.708089     2.5250 1.0000e-12     0.6919    84.1167 4.3468e-01 0.0000e+00  0.0550453    18.7639   2.998162     2.5201      9.847    10.8241    302.295    10.7250 -9.990e-29
      9.658    20.1016 272.744277     2.5250 1.0000e-12     0.6931    84.0906 4.5299e-01 0.0000e+00  0.0550453    18.7640   3.009814     2.5189      9.848    10.8251    302.334    10.7178 -9.990e-29
      9.658    20.1016 272.768402     2.5250 1.0000e-12     0.6931    84.0906 4.3346e-01 0.0000e+00  0.0554611    18.7641   3.021466     2.5189      9.848    10.8258    302.361    10.7178 -9.990e-29
      9.658    20.1016 272.816653     2.5250 1.0000e-12     0.6931    84.0906 3.9316e-01 0.0000e+00  0.0558768    18.7637   2.986510     2.5189      9.848    10.8260    302.414    10.7179 -9.990e-29
      9.658    20.1016 272.768402     2.5250 1.0000e-12     0.6919    84.1167 3.7485e-01 0.0000e+00  0.0558768    18.7641   3.009814     2.5189      9.848    10.8267    302.361    10.7179 -9.990e-29
      9.658    20.1017 272.756340     2.5250 1.0000e-12     0.6919    84.1167 4.2247e-01 0.0000e+00  0.0554611    18.7637   2.998162     2.5201      9.848    10.8274    302.347    10.7247 -9.990e-29
      9.657    20.1016 272.720152     2.5250 1.0000e-12     0.6931    84.0906 5.4335e-01 0.0000e+00  0.0554611    18.7639   2.998162     2.5201      9.847    10.8282    302.307    10.7247 -9.990e-29
      9.658    20.1017 272.732213     2.5263 1.0000e-12     0.6919    84.1167 5.9585e-01 0.0000e+00  0.0554611    18.7642   2.998162     2.5189      9.848    10.8358    302.320    10.7183 -9.990e-29
      9.660    20.1014 272.744277     2.5263 1.0000e-12     0.6931    84.0906 5.7631e-01 0.0000e+00  0.0558768    18.7642   2.974858     2.5189      9.850    10.8367    302.336    10.7185 -9.990e-29
      9.663    20.1017 272.780465     2.5263 1.0000e-12     0.6931    84.0906 5.6410e-01 0.0000e+00  0.0554611    18.7640   2.986510     2.5189      9.854    10.8374    302.374    10.7187 -9.990e-29
      9.666    20.1016 272.768404     2.5263 1.0000e-12     0.6931    84.0906 5.3114e-01 0.0000e+00  0.0554611    18.7641   2.998162     2.5189      9.857    10.8382    302.361    10.7189 -9.990e-29
      9.666    20.1016 272.720152     2.5263 1.0000e-12     0.6943    84.0644 4.8596e-01 0.0000e+00  0.0558768    18.7644   2.998162     2.5201      9.857    10.8390    302.307    10.7257 -9.990e-29
      9.665    20.1016 272.780465     2.5263 1.0000e-12     0.6981    83.9860 4.4322e-01 0.0000e+00  0.0562926    18.7641   2.974858     2.5189      9.856    10.8398    302.374    10.7195 -9.990e-29
      9.665    20.1012 272.756340     2.5263 1.0000e-12     0.6993    83.9599 4.0415e-01 0.0000e+00  0.0562926    18.7644   2.974858     2.5189      9.856    10.8407    302.350    10.7197 -9.990e-29
      9.666    20.1016 272.816653     2.5275 1.0000e-12     0.6993    83.9599 3.7241e-01 0.0000e+00  0.0558768    18.7644   2.986510     2.5189      9.857    10.8477    302.414    10.7201 -9.990e-29
      9.668    20.1016 272.780465     2.5275 1.0000e-12     0.6993    83.9599 3.5775e-01 0.0000e+00  0.0554611    18.7642   3.033118     2.5189      9.859    10.8490    302.374    10.7205 -9.990e-29
      9.669    20.1014 272.768404     2.5275 1.0000e-12     0.6993    83.9599 3.5409e-01 0.0000e+00  0.0554611    18.7647   3.021466     2.5189      9.860    10.8498    302.362    10.7207 -9.990e-29
      9.669    20.1016 272.768402     2.5275 1.0000e-12     0.6993    83.9599 3.5775e-01 0.0000e+00  0.0558768    18.7642   2.998162     2.5189      9.860    10.8500    302.361    10.7206 -9.990e-29
      9.668    20.1014 272.768402     2.5275 1.0000e-12     0.6993    83.9599 3.6752e-01 0.0000e+00  0.0554611    18.7642   2.998162     2.5189      9.859    10.8504    302.362    10.7211 -9.990e-29
      9.668    20.1012 272.720152     2.5263 1.0000e-12     0.6981    83.9860 3.7607e-01 0.0000e+00  0.0550453    18.7646   2.974858     2.5189      9.859    10.8444    302.310    10.7209 -9.990e-29
      9.668    20.1011 272.683965     2.5263 1.0000e-12     0.7006    83.9337 3.7729e-01 0.0000e+00  0.0550453    18.7642   2.986510     2.5177      9.859    10.8448    302.271    10.7150 -9.990e-29
      9.669    20.1011 272.696027     2.5263 1.0000e-12     0.6993    83.9599 3.7118e-01 0.0000e+00  0.0558768    18.7642   3.033118     2.5189      9.860    10.8451    302.284    10.7221 -9.990e-29
      9.670    20.1011 272.744277     2.5263 1.0000e-12     0.6981    83.9860 3.6386e-01 0.0000e+00  0.0562926    18.7645   2.986510     2.5189      9.861    10.8454    302.338    10.7226 -9.990e-29
      9.671    20.1009 272.768405     2.5263 1.0000e-12     0.6993    83.9599 3.6142e-01 0.0000e+00  0.0562926    18.7644   2.986510     2.5189      9.862    10.8451    302.366    10.7226 -9.990e-29
      9.671    20.1009 272.768402     2.5263 1.0000e-12     0.6981    83.9860 3.6264e-01 0.0000e+00  0.0562926    18.7645   2.998162     2.5177      9.862    10.8449    302.366    10.7167 -9.990e-29
      9.672    20.1009 272.768405     2.5263 1.0000e-12     0.7006    83.9337 3.6630e-01 0.0000e+00  0.0558768    18.7644   3.009814     2.5177      9.863    10.8445    302.366    10.7169 -9.990e-29
      9.672    20.1009 272.792528     2.5263 1.0000e-12     0.6993    83.9599 3.7118e-01 0.0000e+00  0.0558768    18.7649   3.021466     2.5189      9.863    10.8441    302.392    10.7228 -9.990e-29
      9.672    20.1009 272.768403     2.5263 1.0000e-12     0.6993    83.9599 3.7485e-01 0.0000e+00  0.0554611    18.7649   2.986510     2.5189      9.863    10.8437    302.366    10.7229 -9.990e-29
      9.671    20.1009 272.744279     2.5263 1.0000e-12     0.6993    83.9599 3.7729e-01 0.0000e+00  0.0554611    18.7647   3.009814     2.5189      9.862    10.8433    302.339    10.7224 -9.990e-29
      9.670    20.1007 272.708089     2.5263 1.0000e-12     0.6993    83.9599 3.7851e-01 0.0000e+00  0.0558768    18.7646   2.986510     2.5189      9.861    10.8428    302.300    10.7220 -9.990e-29
      9.670    20.1009 272.732217     2.5263 1.0000e-12     0.6993    83.9599 3.7973e-01 0.0000e+00  0.0558768    18.7649   2.986510     2.5189      9.861    10.8427    302.326    10.7221 -9.990e-29
      9.668    20.1009 272.756340     2.5275 1.0000e-12     0.6993    83.9599 3.8217e-01 0.0000e+00  0.0554611    18.7649   3.033118     2.5189      9.859    10.8489    302.352    10.7224 -9.990e-29
      9.667    20.1009 272.696027     2.5275 1.0000e-12     0.6943    84.0644 3.8584e-01 0.0000e+00  0.0558768    18.7649   3.056422     2.5189      9.858    10.8488    302.285    10.7221 -9.990e-29
      9.665    20.1009 272.683965     2.5275 1.0000e-12     0.6919    84.1167 3.9072e-01 0.0000e+00  0.0558768    18.7646   3.021466     2.5189      9.856    10.8486    302.272    10.7218 -9.990e-29
      9.664    20.1009 272.768403     2.5275 1.0000e-12     0.6931    84.0906 3.9683e-01 0.0000e+00  0.0554611    18.7647   3.021466     2.5189      9.855    10.8489    302.366    10.7215 -9.990e-29
      9.663    20.1009 272.768403     2.5275 1.0000e-12     0.6931    84.0906 3.9927e-01 0.0000e+00  0.0554611    18.7646   2.998162     2.5189      9.854    10.8491    302.366    10.7213 -9.990e-29
      9.662    20.1009 272.816654     2.5275 1.0000e-12     0.6931    84.0906 4.0049e-01 0.0000e+00  0.0558768    18.7649   2.998162     2.5189      9.852    10.8494    302.419    10.7216 -9.990e-29
      9.661    20.1011 272.780465     2.5275 1.0000e-12     0.6931    84.0906 3.8950e-01 0.0000e+00  0.0558768    18.7649   2.998162     2.5189      9.851    10.8490    302.378    10.7214 -9.990e-29
      9.661    20.1014 272.720152     2.5275 1.0000e-12     0.6931    84.0906 3.7485e-01 0.0000e+00  0.0554611    18.7649   3.033118     2.5189      9.851    10.8487    302.309    10.7219 -9.990e-29
      9.660    20.1016 272.732214     2.5287 1.0000e-12     0.6931    84.0906 3.6996e-01 0.0000e+00  0.0554611    18.7647   3.009814     2.5189      9.850    10.8551    302.321    10.7224 -9.990e-29
      9.659    20.1014 272.708089     2.5275 1.0000e-12     0.6919    84.1167 3.6630e-01 0.0000e+00  0.0554611    18.7647   3.009814     2.5189      9.849    10.8490    302.295    10.7222 -9.990e-29
      9.658    20.1014 272.732215     2.5275 1.0000e-12     0.6919    84.1167 3.6630e-01 0.0000e+00  0.0558768    18.7647   2.998162     2.5177      9.848    10.8491    302.322    10.7162 -9.990e-29
      9.657    20.1012 272.780465     2.5263 1.0000e-12     0.6919    84.1167 3.6264e-01 0.0000e+00  0.0554611    18.7644   2.974858     2.5189      9.847    10.8430    302.377    10.7227 -9.990e-29
      9.655    20.1012 272.756340     2.5263 1.0000e-12     0.6919    84.1167 3.5897e-01 0.0000e+00  0.0554611    18.7649   2.974858     2.5177      9.845    10.8431    302.350    10.7159 -9.990e-29
