data/05_metadata_exports/SeabirdData/202310_SeabirdData/105196_STN62-2.cnv
* Sea-Bird SBE 9 Data File:
* FileName = C:\Users\rosette\Rosette Data\2023\Ontario lower food web csmi\STN62-2.hex
* Software Version Seasave V 7.26.6.26
* Temperature SN = 5270
* Conductivity SN = 1168
* Number of Bytes Per Scan = 40
* Number of Voltage Words = 5
* Number of Scans Averaged by the Deck Unit = 1
* NMEA Latitude = 43 51.73 N
* NMEA Longitude = 077 00.10 W
* NMEA UTC (Time) = Sep 24 2023  01:49:50
* NMEA baud rate = 4800
** Ship: Lake Guardian
** Cruise: Ontario LFW
** Station:  STN62-2
# nquan = 18                                
# nvalues = 3864                        
# units = specified
# name 0 = prDM: Pressure, Digiquartz [db]
# name 1 = t090C: Temperature [ITS-90, deg C]
# name 2 = c0uS/cm: Conductivity [uS/cm]
# name 3 = sbeox0V: Oxygen raw, SBE 43 [V]
# name 4 = par: PAR/Irradiance, Biospherical/Licor
# name 5 = bat: Beam Attenuation, Chelsea/Seatech [1/m]
# name 6 = xmiss: Beam Transmission, Chelsea/Seatech [%]
# name 7 = flSP: Fluorescence, Seapoint
# name 8 = spar: SPAR, Biospherical/Licor
# name 9 = upoly0: Upoly 0, Suna Nitrate
# name 10 = t190C: Temperature, 2 [ITS-90, deg C]
# name 11 = c1uS/cm: Conductivity, 2 [uS/cm]
# name 12 = sbeox1V: Oxygen raw, SBE 43, 2 [V]
# name 13 = depFM: Depth [fresh water, m], lat = 43.8622
# name 14 = sbeox0Mg/L: Oxygen, SBE 43 [mg/l], WS = 2
# name 15 = specc: Specific Conductance [uS/cm]
# name 16 = sbeox1Mg/L: Oxygen, SBE 43, 2 [mg/l], WS = 2
# name 17 = flag: flag
# span 0 =     -0.355,      4.709       
# span 1 =    17.2166,    20.1136       
# span 2 =   9.694112, 272.840638       
# span 3 =     1.6960,     2.6300       
# span 4 = 1.0000e-12, 3.5242e+00       
# span 5 =     0.7093,     2.6915       
# span 6 =    51.0242,    83.7508       
# span 7 = 2.4420e-02, 8.2418e-01       
# span 8 = 0.0000e+00, 0.0000e+00       
# span 9 =  0.0413251,  0.0629448       
# span 10 =    16.1783,    18.7771      
# span 11 =-100.267421,   3.091376      
# span 12 =     1.7436,     2.8987      
# span 13 =     -0.362,      4.802      
# span 14 =     6.8901,    11.7123      
# span 15 =     11.465,    302.607      
# span 16 =     6.4904,    13.2522      
# span 17 = 0.0000e+00, 0.0000e+00      
# interval = seconds: 0.0416667
# start_time = Sep 24 2023 01:49:50 [NMEA time, header]
# bad_flag = -9.990e-29
*END*
[from data line 3136]
      4.608    20.1107 272.707949     2.5409 1.0000e-12     0.7206    83.5155 4.2002e-01 0.0000e+00  0.0554611    18.7749   3.009812     2.5324      4.699    10.8893    302.233    10.7955 -9.990e-29
      4.608    20.1108 272.659698     2.5409 1.0000e-12     0.7206    83.5155 3.9683e-01 0.0000e+00  0.0554611    18.7746   3.033116     2.5324      4.699    10.8891    302.179    10.7952 -9.990e-29
      4.608    20.1110 272.683825     2.5409 1.0000e-12     0.7218    83.4894 3.9194e-01 0.0000e+00  0.0558768    18.7747   3.009812     2.5324      4.699    10.8886    302.204    10.7948 -9.990e-29
      4.607    20.1110 272.780324     2.5409 1.0000e-12     0.7218    83.4894 4.1026e-01 0.0000e+00  0.0558768    18.7748   3.033116     2.5324      4.698    10.8886    302.311    10.7944 -9.990e-29
      4.606    20.1109 272.732075     2.5409 1.0000e-12     0.7218    83.4894 4.2247e-01 0.0000e+00  0.0554611    18.7752   3.009812     2.5324      4.697    10.8882    302.258    10.7938 -9.990e-29
      4.605    20.1108 272.707949     2.5409 1.0000e-12     0.7206    83.5155 4.2002e-01 0.0000e+00  0.0550453    18.7743   3.009812     2.5324      4.696    10.8884    302.232    10.7936 -9.990e-29
      4.604    20.1110 272.683822     2.5409 1.0000e-12     0.7206    83.5155 4.0781e-01 0.0000e+00  0.0554611    18.7750   2.998160     2.5324      4.695    10.8886    302.204    10.7936 -9.990e-29
      4.605    20.1110 272.744138     2.5409 1.0000e-12     0.7218    83.4894 3.9683e-01 0.0000e+00  0.0554611    18.7750   2.974857     2.5324      4.696    10.8890    302.271    10.7931 -9.990e-29
      4.605    20.1110 272.720011     2.5409 1.0000e-12     0.7206    83.5155 4.0293e-01 0.0000e+00  0.0554611    18.7750   3.033116     2.5324      4.696    10.8889    302.244    10.7926 -9.990e-29
      4.605    20.1110 272.744138     2.5409 1.0000e-12     0.7206    83.5155 4.1270e-01 0.0000e+00  0.0558768    18.7750   3.021464     2.5324      4.696    10.8894    302.271    10.7926 -9.990e-29
      4.604    20.1109 272.695886     2.5397 1.0000e-12     0.7206    83.5155 4.2369e-01 0.0000e+00  0.0562926    18.7748   2.986509     2.5311      4.695    10.8827    302.218    10.7850 -9.990e-29
      4.603    20.1110 272.744136     2.5409 1.0000e-12     0.7218    83.4894 4.2613e-01 0.0000e+00  0.0558768    18.7749   2.974857     2.5324      4.694    10.8892    302.271    10.7921 -9.990e-29
      4.603    20.1107 272.768263     2.5409 1.0000e-12     0.7218    83.4894 4.0537e-01 0.0000e+00  0.0550453    18.7746   2.986509     2.5324      4.694    10.8895    302.300    10.7915 -9.990e-29
      4.601    20.1108 272.768262     2.5397 1.0000e-12     0.7218    83.4894 3.8217e-01 0.0000e+00  0.0550453    18.7748   3.033116     2.5324      4.692    10.8840    302.299    10.7921 -9.990e-29
      4.599    20.1109 272.720011     2.5397 1.0000e-12     0.7218    83.4894 3.7607e-01 0.0000e+00  0.0558768    18.7745   2.986509     2.5324      4.690    10.8847    302.245    10.7928 -9.990e-29
      4.598    20.1108 272.744136     2.5397 1.0000e-12     0.7206    83.5155 3.9072e-01 0.0000e+00  0.0558768    18.7750   3.009812     2.5324      4.689    10.8856    302.272    10.7927 -9.990e-29
      4.597    20.1110 272.768262     2.5385 1.0000e-12     0.7218    83.4894 3.9805e-01 0.0000e+00  0.0558768    18.7749   3.021464     2.5324      4.688    10.8801    302.298    10.7927 -9.990e-29
      4.598    20.1110 272.720011     2.5385 1.0000e-12     0.7218    83.4894 3.9194e-01 0.0000e+00  0.0554611    18.7746   2.998160     2.5324      4.689    10.8810    302.244    10.7934 -9.990e-29
      4.598    20.1109 272.744136     2.5385 1.0000e-12     0.7218    83.4894 4.0171e-01 0.0000e+00  0.0558768    18.7747   3.033116     2.5324      4.689    10.8820    302.272    10.7933 -9.990e-29
      4.599    20.1110 272.695887     2.5385 1.0000e-12     0.7218    83.4894 4.2491e-01 0.0000e+00  0.0554611    18.7745   2.986509     2.5311      4.690    10.8834    302.218    10.7862 -9.990e-29
      4.598    20.1107 272.720012     2.5385 1.0000e-12     0.7256    83.4109 4.2491e-01 0.0000e+00  0.0554611    18.7745   2.974857     2.5324      4.689    10.8850    302.246    10.7932 -9.990e-29
      4.596    20.1110 272.756199     2.5385 1.0000e-12     0.7306    83.3064 4.0904e-01 0.0000e+00  0.0554611    18.7748   2.974857     2.5324      4.687    10.8864    302.284    10.7931 -9.990e-29
      4.595    20.1105 272.720012     2.5385 1.0000e-12     0.7318    83.2803 4.1392e-01 0.0000e+00  0.0554611    18.7750   2.974857     2.5324      4.686    10.8880    302.248    10.7930 -9.990e-29
      4.593    20.1110 272.732074     2.5385 1.0000e-12     0.7318    83.2803 4.2735e-01 0.0000e+00  0.0554611    18.7745   3.033116     2.5324      4.684    10.8885    302.258    10.7931 -9.990e-29
      4.592    20.1110 272.744136     2.5385 1.0000e-12     0.7318    83.2803 4.2125e-01 0.0000e+00  0.0554611    18.7750   3.068072     2.5324      4.683    10.8891    302.271    10.7929 -9.990e-29
      4.592    20.1109 272.695886     2.5385 1.0000e-12     0.7331    83.2541 4.0293e-01 0.0000e+00  0.0554611    18.7747   2.998160     2.5324      4.683    10.8897    302.218    10.7929 -9.990e-29
      4.591    20.1112 272.720011     2.5385 1.0000e-12     0.7318    83.2803 3.8950e-01 0.0000e+00  0.0554611    18.7748   2.986509     2.5324      4.682    10.8903    302.243    10.7929 -9.990e-29
      4.591    20.1109 272.744136     2.5385 1.0000e-12     0.7318    83.2803 3.8950e-01 0.0000e+00  0.0554611    18.7749   3.009812     2.5324      4.682    10.8915    302.272    10.7928 -9.990e-29
      4.591    20.1110 272.744136     2.5372 1.0000e-12     0.7318    83.2803 4.0415e-01 0.0000e+00  0.0554611    18.7750   3.021464     2.5324      4.682    10.8857    302.271    10.7927 -9.990e-29
      4.591    20.1109 272.756199     2.5385 1.0000e-12     0.7318    83.2803 4.1514e-01 0.0000e+00  0.0554611    18.7745   2.998160     2.5324      4.682    10.8937    302.285    10.7928 -9.990e-29
      4.590    20.1108 272.695888     2.5385 1.0000e-12     0.7318    83.2803 4.2613e-01 0.0000e+00  0.0554611    18.7751   3.033116     2.5324      4.680    10.8949    302.219    10.7926 -9.990e-29
      4.589    20.1110 272.744135     2.5385 1.0000e-12     0.7318    83.2803 4.2491e-01 0.0000e+00  0.0558768    18.7748   3.021464     2.5324      4.679    10.8960    302.271    10.7926 -9.990e-29
      4.589    20.1108 272.768262     2.5372 1.0000e-12     0.7318    83.2803 4.1636e-01 0.0000e+00  0.0554611    18.7749   2.986509     2.5324      4.679    10.8903    302.299    10.7926 -9.990e-29
      4.589    20.1107 272.768262     2.5385 1.0000e-12     0.7331    83.2541 4.2125e-01 0.0000e+00  0.0550453    18.7750   2.986509     2.5336      4.679    10.8983    302.300    10.7984 -9.990e-29
      4.589    20.1106 272.768262     2.5372 1.0000e-12     0.7331    83.2541 4.2369e-01 0.0000e+00  0.0554611    18.7749   2.998160     2.5324      4.679    10.8926    302.300    10.7912 -9.990e-29
      4.589    20.1107 272.720011     2.5385 1.0000e-12     0.7318    83.2803 4.1270e-01 0.0000e+00  0.0558768    18.7750   3.056420     2.5324      4.679    10.9001    302.246    10.7898 -9.990e-29
      4.589    20.1106 272.780325     2.5385 1.0000e-12     0.7331    83.2541 4.0415e-01 0.0000e+00  0.0558768    18.7743   3.033116     2.5324      4.679    10.9012    302.314    10.7893 -9.990e-29
      4.589    20.1105 272.756199     2.5397 1.0000e-12     0.7318    83.2803 3.9560e-01 0.0000e+00  0.0558768    18.7746   2.986509     2.5336      4.679    10.9086    302.288    10.7945 -9.990e-29
      4.589    20.1106 272.695886     2.5397 1.0000e-12     0.7318    83.2803 3.8584e-01 0.0000e+00  0.0554611    18.7748   3.009812     2.5336      4.679    10.9097    302.220    10.7932 -9.990e-29
      4.589    20.1105 272.744137     2.5397 1.0000e-12     0.7318    83.2803 3.7851e-01 0.0000e+00  0.0558768    18.7749   3.044768     2.5324      4.679    10.9099    302.274    10.7855 -9.990e-29
      4.588    20.1106 272.744137     2.5397 1.0000e-12     0.7318    83.2803 3.7607e-01 0.0000e+00  0.0567084    18.7748   3.009812     2.5324      4.678    10.9104    302.274    10.7845 -9.990e-29
      4.588    20.1105 272.707949     2.5397 1.0000e-12     0.7243    83.4371 3.7729e-01 0.0000e+00  0.0558768    18.7750   2.998160     2.5336      4.678    10.9105    302.234    10.7899 -9.990e-29
      4.588    20.1106 272.732074     2.5397 1.0000e-12     0.7218    83.4894 3.7973e-01 0.0000e+00  0.0550453    18.7751   3.009812     2.5324      4.678    10.9106    302.260    10.7824 -9.990e-29
      4.588    20.1107 272.707949     2.5409 1.0000e-12     0.7218    83.4894 3.9072e-01 0.0000e+00  0.0546296    18.7752   2.986509     2.5324      4.678    10.9169    302.233    10.7814 -9.990e-29
      4.588    20.1108 272.744136     2.5409 1.0000e-12     0.7231    83.4632 4.0781e-01 0.0000e+00  0.0550453    18.7748   2.986509     2.5324      4.678    10.9169    302.272    10.7799 -9.990e-29
      4.589    20.1105 272.744137     2.5409 1.0000e-12     0.7218    83.4894 4.0781e-01 0.0000e+00  0.0554611    18.7747   3.009812     2.5324      4.679    10.9169    302.274    10.7791 -9.990e-29
      4.588    20.1106 272.707949     2.5409 1.0000e-12     0.7231    83.4632 3.9927e-01 0.0000e+00  0.0554611    18.7750   2.998160     2.5324      4.678    10.9168    302.234    10.7782 -9.990e-29
      4.588    20.1107 272.780325     2.5397 1.0000e-12     0.7231    83.4632 3.9316e-01 0.0000e+00  0.0550453    18.7746   3.033116     2.5324      4.678    10.9103    302.313    10.7776 -9.990e-29
      4.586    20.1106 272.804450     2.5397 1.0000e-12     0.7231    83.4632 3.8584e-01 0.0000e+00  0.0554611    18.7752   3.009812     2.5324      4.676    10.9106    302.341    10.7768 -9.990e-29
      4.586    20.1107 272.732072     2.5397 1.0000e-12     0.7231    83.4632 3.8217e-01 0.0000e+00  0.0558768    18.7746   2.974857     2.5324      4.676    10.9108    302.260    10.7763 -9.990e-29
      4.587    20.1105 272.744138     2.5397 1.0000e-12     0.7218    83.4894 3.7851e-01 0.0000e+00  0.0554611    18.7752   2.986509     2.5324      4.677    10.9106    302.274    10.7755 -9.990e-29
      4.588    20.1103 272.720012     2.5409 1.0000e-12     0.7231    83.4632 3.6508e-01 0.0000e+00  0.0554611    18.7745   3.009812     2.5324      4.678    10.9171    302.249    10.7752 -9.990e-29
      4.587    20.1106 272.707949     2.5409 1.0000e-12     0.7231    83.4632 3.5043e-01 0.0000e+00  0.0558768    18.7749   3.021464     2.5324      4.677    10.9166    302.234    10.7740 -9.990e-29
      4.587    20.1107 272.707947     2.5409 1.0000e-12     0.7218    83.4894 3.5165e-01 0.0000e+00  0.0558768    18.7751   2.998160     2.5324      4.677    10.9162    302.233    10.7729 -9.990e-29
      4.589    20.1103 272.780325     2.5409 1.0000e-12     0.7231    83.4632 3.6752e-01 0.0000e+00  0.0558768    18.7749   2.998160     2.5324      4.679    10.9158    302.316    10.7720 -9.990e-29
      4.592    20.1105 272.732076     2.5409 1.0000e-12     0.7231    83.4632 3.7607e-01 0.0000e+00  0.0558768    18.7746   3.009812     2.5324      4.683    10.9156    302.261    10.7713 -9.990e-29
      4.593    20.1105 272.732074     2.5409 1.0000e-12     0.7218    83.4894 3.7607e-01 0.0000e+00  0.0550453    18.7745   2.998160     2.5324      4.684    10.9151    302.261    10.7711 -9.990e-29
      4.593    20.1103 272.695887     2.5409 1.0000e-12     0.7231    83.4632 3.8095e-01 0.0000e+00  0.0550453    18.7749   3.056420     2.5311      4.684    10.9140    302.222    10.7632 -9.990e-29
      4.593    20.1106 272.720011     2.5409 1.0000e-12     0.7218    83.4894 3.7729e-01 0.0000e+00  0.0558768    18.7746   3.009812     2.5311      4.684    10.9132    302.247    10.7633 -9.990e-29
      4.595    20.1105 272.744136     2.5409 1.0000e-12     0.7231    83.4632 3.6386e-01 0.0000e+00  0.0558768    18.7745   2.998160     2.5311      4.686    10.9120    302.274    10.7628 -9.990e-29
      4.597    20.1105 272.707950     2.5409 1.0000e-12     0.7231    83.4632 3.5531e-01 0.0000e+00  0.0554611    18.7750   3.079724     2.5311      4.688    10.9112    302.234    10.7628 -9.990e-29
      4.599    20.1105 272.707949     2.5409 1.0000e-12     0.7231    83.4632 3.5287e-01 0.0000e+00  0.0550453    18.7749   2.974857     2.5299      4.690    10.9104    302.234    10.7565 -9.990e-29
      4.601    20.1105 272.683824     2.5421 1.0000e-12     0.7231    83.4632 3.6264e-01 0.0000e+00  0.0554611    18.7748   2.998160     2.5299      4.692    10.9164    302.208    10.7569 -9.990e-29
      4.603    20.1107 272.683825     2.5397 1.0000e-12     0.7218    83.4894 3.8217e-01 0.0000e+00  0.0554611    18.7746   2.998160     2.5299      4.694    10.9033    302.206    10.7579 -9.990e-29
      4.603    20.1105 272.695886     2.5409 1.0000e-12     0.7218    83.4894 4.1026e-01 0.0000e+00  0.0558768    18.7749   3.009812     2.5299      4.694    10.9097    302.221    10.7583 -9.990e-29
      4.604    20.1106 272.732074     2.5409 1.0000e-12     0.7218    83.4894 4.2613e-01 0.0000e+00  0.0558768    18.7748   2.998160     2.5299      4.695    10.9097    302.260    10.7588 -9.990e-29
      4.605    20.1109 272.744138     2.5409 1.0000e-12     0.7218    83.4894 4.2979e-01 0.0000e+00  0.0558768    18.7749   2.974857     2.5299      4.696    10.9096    302.272    10.7600 -9.990e-29
      4.605    20.1108 272.671761     2.5409 1.0000e-12     0.7231    83.4632 4.1514e-01 0.0000e+00  0.0558768    18.7746   3.009812     2.5299      4.696    10.9095    302.192    10.7607 -9.990e-29
      4.605    20.1109 272.671761     2.5409 1.0000e-12     0.7231    83.4632 3.9560e-01 0.0000e+00  0.0558768    18.7743   3.044768     2.5299      4.696    10.9099    302.191    10.7615 -9.990e-29
      4.607    20.1106 272.683824     2.5409 1.0000e-12     0.7231    83.4632 3.8095e-01 0.0000e+00  0.0562926    18.7748   3.056420     2.5299      4.698    10.9103    302.207    10.7621 -9.990e-29
      4.609    20.1107 272.720013     2.5409 1.0000e-12     0.7231    83.4632 3.8095e-01 0.0000e+00  0.0562926    18.7743   3.009812     2.5299      4.700    10.9101    302.246    10.7631 -9.990e-29
      4.611    20.1106 272.707949     2.5409 1.0000e-12     0.7231    83.4632 3.9072e-01 0.0000e+00  0.0558768    18.7745   2.998160     2.5299      4.702    10.9105    302.234    10.7639 -9.990e-29
      4.612    20.1105 272.744138     2.5421 1.0000e-12     0.7231    83.4632 4.1148e-01 0.0000e+00  0.0554611    18.7745   2.998160     2.5299      4.703    10.9162    302.274    10.7648 -9.990e-29
      4.613    20.1108 272.792387     2.5421 1.0000e-12     0.7231    83.4632 4.2125e-01 0.0000e+00  0.0558768    18.7747   3.009812     2.5299      4.704    10.9159    302.326    10.7657 -9.990e-29
      4.614    20.1105 272.756199     2.5409 1.0000e-12     0.7231    83.4632 4.1880e-01 0.0000e+00  0.0562926    18.7746   2.998160     2.5299      4.705    10.9094    302.288    10.7667 -9.990e-29
      4.615    20.1108 272.695888     2.5421 1.0000e-12     0.7231    83.4632 4.0659e-01 0.0000e+00  0.0558768    18.7745   3.009812     2.5299      4.706    10.9154    302.219    10.7678 -9.990e-29
      4.616    20.1105 272.720012     2.5409 1.0000e-12     0.7231    83.4632 3.9805e-01 0.0000e+00  0.0554611    18.7748   3.021464     2.5287      4.707    10.9089    302.248    10.7623 -9.990e-29
      4.618    20.1106 272.756201     2.5421 1.0000e-12     0.7231    83.4632 3.9683e-01 0.0000e+00  0.0558768    18.7747   2.998160     2.5287      4.709    10.9154    302.287    10.7642 -9.990e-29
      4.619    20.1107 272.744138     2.5409 1.0000e-12     0.7231    83.4632 3.9805e-01 0.0000e+00  0.0562926    18.7746   2.974857     2.5287      4.710    10.9092    302.273    10.7654 -9.990e-29
