data/05_metadata_exports/SeabirdData/202310_SeabirdData/105196_STN62-2.cnv
* Sea-Bird SBE 9 Data File:
* FileName = C:\Users\rosette\Rosette Data\2023\Ontario lower food web csmi\STN62-2.hex
* Software Version Seasave V 7.26.6.26
* Temperature SN = 5270
* Conductivity SN = 1168
* Number of Bytes Per Scan = 40
* Number of Voltage Words = 5
* Number of Scans Averaged by the Deck Unit = 1
* NMEA Latitude = 43 51.73 N
* NMEA Longitude = 077 00.10 W
* NMEA UTC (Time) = Sep 24 2023  01:49:50
* NMEA baud rate = 4800
** Ship: Lake Guardian
** Cruise: Ontario LFW
** Station:  STN62-2
# nquan = 18                                
# nvalues = 3864                        
# units = specified
# name 0 = prDM: Pressure, Digiquartz [db]
# name 1 = t090C: Temperature [ITS-90, deg C]
# name 2 = c0uS/cm: Conductivity [uS/cm]
# name 3 = sbeox0V: Oxygen raw, SBE 43 [V]
# name 4 = par: PAR/Irradiance, Biospherical/Licor
# name 5 = bat: Beam Attenuation, Chelsea/Seatech [1/m]
# name 6 = xmiss: Beam Transmission, Chelsea/Seatech [%]
# name 7 = flSP: Fluorescence, Seapoint
# name 8 = spar: SPAR, Biospherical/Licor
# name 9 = upoly0: Upoly 0, Suna Nitrate
# name 10 = t190C: Temperature, 2 [ITS-90, deg C]
# name 11 = c1uS/cm: Conductivity, 2 [uS/cm]
# name 12 = sbeox1V: Oxygen raw, SBE 43, 2 [V]
# name 13 = depFM: Depth [fresh water, m], lat = 43.8622
# name 14 = sbeox0Mg/L: Oxygen, SBE 43 [mg/l], WS = 2
# name 15 = specc: Specific Conductance [uS/cm]
# name 16 = sbeox1Mg/L: Oxygen, SBE 43, 2 [mg/l], WS = 2
# name 17 = flag: flag
# span 0 =     -0.355,      4.709       
# span 1 =    17.2166,    20.1136       
# span 2 =   9.694112, 272.840638       
# span 3 =     1.6960,     2.6300       
# span 4 = 1.0000e-12, 3.5242e+00       
# span 5 =     0.7093,     2.6915       
# span 6 =    51.0242,    83.7508       
# span 7 = 2.4420e-02, 8.2418e-01       
# span 8 = 0.0000e+00, 0.0000e+00       
# span 9 =  0.0413251,  0.0629448       
# span 10 =    16.1783,    18.7771      
# span 11 =-100.267421,   3.091376      
# span 12 =     1.7436,     2.8987      
# span 13 =     -0.362,      4.802      
# span 14 =     6.8901,    11.7123      
# span 15 =     11.465,    302.607      
# span 16 =     6.4904,    13.2522      
# span 17 = 0.0000e+00, 0.0000e+00      
# interval = seconds: 0.0416667
# start_time = Sep 24 2023 01:49:50 [NMEA time, header]
# bad_flag = -9.990e-29
*END*
[from data line 965]
      1.695    20.0886 270.898694     2.2918 1.0000e-12     0.7180    83.5678 5.4457e-01 0.0000e+00  0.0434040    18.7365   2.415587     2.4701      1.728     9.1963    300.375     9.6055 -9.990e-29
      1.695    20.0882 270.910753     2.2894 3.7813e-04     0.7168    83.5939 4.8840e-01 0.0000e+00  0.0434040    18.7374   2.427238     2.4664      1.728     9.1832    300.391     9.6053 -9.990e-29
      1.696    20.0879 270.886633     2.2857 1.2871e-02     0.7180    83.5678 4.2979e-01 0.0000e+00  0.0434040    18.7378   2.450540     2.4615      1.729     9.1638    300.366     9.5979 -9.990e-29
      1.696    20.0884 270.850454     2.2821 1.9471e-02     0.7168    83.5939 4.1392e-01 0.0000e+00  0.0434040    18.7388   2.427238     2.4579      1.729     9.1448    300.323     9.5971 -9.990e-29
      1.696    20.0881 270.814273     2.2796 2.0187e-02     0.7180    83.5678 3.9927e-01 0.0000e+00  0.0434040    18.7398   2.427238     2.4554      1.729     9.1327    300.285     9.6012 -9.990e-29
      1.695    20.0884 270.778092     2.2772 4.5774e-02     0.7180    83.5678 3.8095e-01 0.0000e+00  0.0434040    18.7407   2.392285     2.4518      1.728     9.1215    300.243     9.5989 -9.990e-29
      1.694    20.0884 270.753974     2.2735 6.4492e-02     0.7168    83.5939 3.5897e-01 0.0000e+00  0.0434040    18.7409   2.415587     2.4469      1.727     9.1026    300.216     9.5890 -9.990e-29
      1.692    20.0884 270.681613     2.2711 6.7416e-02     0.7180    83.5678 3.4554e-01 0.0000e+00  0.0434040    18.7407   2.380634     2.4444      1.725     9.0905    300.136     9.5903 -9.990e-29
      1.690    20.0885 270.681613     2.2686 7.8572e-02     0.7218    83.4894 3.4188e-01 0.0000e+00  0.0434040    18.7411   2.322379     2.4408      1.723     9.0790    300.135     9.5855 -9.990e-29
      1.688    20.0888 270.597196     2.2662 8.9330e-02     0.7218    83.4894 3.3211e-01 0.0000e+00  0.0434040    18.7414   2.310728     2.4383      1.721     9.0679    300.039     9.5858 -9.990e-29
      1.684    20.0887 270.524837     2.2637 6.6925e-02     0.7231    83.4632 3.2723e-01 0.0000e+00  0.0434040    18.7418   2.275775     2.4347      1.717     9.0564    299.960     9.5798 -9.990e-29
      1.680    20.0886 270.392183     2.2613 1.1860e-02     0.7218    83.4894 3.3822e-01 0.0000e+00  0.0434040    18.7426   2.275775     2.4322      1.713     9.0465    299.813     9.5783 -9.990e-29
      1.677    20.0889 270.307766     2.2589 1.0000e-12     0.7231    83.4632 3.3700e-01 0.0000e+00  0.0434040    18.7435   2.194220     2.4298      1.710     9.0365    299.718     9.5768 -9.990e-29
      1.674    20.0883 270.247472     2.2564 1.0000e-12     0.7218    83.4894 3.3089e-01 0.0000e+00  0.0434040    18.7444   2.147617     2.4261      1.707     9.0261    299.655     9.5679 -9.990e-29
      1.673    20.0881 270.138940     2.2540 1.0000e-12     0.7231    83.4632 3.4188e-01 0.0000e+00  0.0434040    18.7442   2.089364     2.4237      1.706     9.0163    299.536     9.5657 -9.990e-29
      1.670    20.0875 270.018350     2.2515 1.0000e-12     0.7231    83.4632 3.4799e-01 0.0000e+00  0.0434040    18.7444   2.101014     2.4212      1.703     9.0060    299.406     9.5617 -9.990e-29
      1.668    20.0874 269.958056     2.2503 4.0772e-03     0.7231    83.4632 3.4676e-01 0.0000e+00  0.0434040    18.7437   2.066063     2.4188      1.701     9.0029    299.340     9.5579 -9.990e-29
      1.664    20.0870 269.837469     2.2479 3.2987e-02     0.7231    83.4632 3.4921e-01 0.0000e+00  0.0434040    18.7435   2.066063     2.4151      1.697     8.9930    299.209     9.5464 -9.990e-29
      1.660    20.0865 269.753058     2.2454 4.7072e-02     0.7231    83.4632 3.5287e-01 0.0000e+00  0.0434040    18.7419   2.077713     2.4127      1.693     8.9826    299.119     9.5414 -9.990e-29
      1.657    20.0862 269.765119     2.2430 4.8819e-02     0.7231    83.4632 3.5043e-01 0.0000e+00  0.0434040    18.7409   2.031111     2.4115      1.690     8.9731    299.134     9.5423 -9.990e-29
      1.654    20.0859 269.680708     2.2405 6.4492e-02     0.7231    83.4632 3.4188e-01 0.0000e+00  0.0434040    18.7398   2.019461     2.4078      1.687     8.9631    299.042     9.5294 -9.990e-29
      1.652    20.0848 269.584244     2.2381 7.3416e-02     0.7218    83.4894 3.4188e-01 0.0000e+00  0.0434040    18.7393   2.042762     2.4054      1.685     8.9536    298.943     9.5227 -9.990e-29
      1.649    20.0845 269.511893     2.2357 7.3925e-02     0.7231    83.4632 3.3211e-01 0.0000e+00  0.0434040    18.7380   1.961208     2.4029      1.682     8.9439    298.864     9.5148 -9.990e-29
      1.647    20.0841 269.511895     2.2344 3.6586e-02     0.7231    83.4632 3.2845e-01 0.0000e+00  0.0434040    18.7369   1.972859     2.4005      1.679     8.9403    298.867     9.5065 -9.990e-29
      1.644    20.0836 269.523952     2.2308 1.6999e-02     0.7231    83.4632 3.2723e-01 0.0000e+00  0.0434040    18.7353   2.031111     2.3980      1.676     8.9246    298.884     9.4976 -9.990e-29
      1.642    20.0830 269.451605     2.2295 1.4917e-02     0.7231    83.4632 3.1868e-01 0.0000e+00  0.0434040    18.7339   2.054412     2.3956      1.674     8.9213    298.808     9.4889 -9.990e-29
      1.639    20.0825 269.451603     2.2271 6.0196e-02     0.7231    83.4632 3.1136e-01 0.0000e+00  0.0434040    18.7321   2.007810     2.3932      1.671     8.9121    298.811     9.4799 -9.990e-29
      1.637    20.0819 269.463664     2.2247 1.1399e-01     0.7231    83.4632 3.0769e-01 0.0000e+00  0.0434040    18.7304   1.996160     2.3907      1.669     8.9027    298.828     9.4688 -9.990e-29
      1.635    20.0814 269.415430     2.2234 1.2548e-01     0.7256    83.4109 3.0769e-01 0.0000e+00  0.0434040    18.7282   2.007810     2.3883      1.667     8.8985    298.778     9.4581 -9.990e-29
      1.633    20.0809 269.403373     2.2222 6.9891e-02     0.7281    83.3587 3.2112e-01 0.0000e+00  0.0434040    18.7256   2.019461     2.3858      1.665     8.8950    298.768     9.4470 -9.990e-29
      1.632    20.0804 269.427489     2.2173 2.2358e-02     0.7268    83.3848 3.2967e-01 0.0000e+00  0.0434040    18.7238   2.019461     2.3834      1.664     8.8724    298.798     9.4361 -9.990e-29
      1.632    20.0799 269.343085     2.2149 1.4231e-02     0.7281    83.3587 3.2845e-01 0.0000e+00  0.0434040    18.7219   1.984509     2.3797      1.664     8.8626    298.708     9.4171 -9.990e-29
      1.630    20.0793 269.331026     2.2137 3.5376e-02     0.7268    83.3848 3.6386e-01 0.0000e+00  0.0434040    18.7203   1.984509     2.3785      1.662     8.8589    298.698     9.4118 -9.990e-29
      1.628    20.0792 269.318968     2.2112 7.9621e-02     0.7268    83.3848 3.8462e-01 0.0000e+00  0.0434040    18.7195   1.996160     2.3748      1.660     8.8480    298.686     9.3923 -9.990e-29
      1.627    20.0791 269.331026     2.2088 9.3806e-02     0.7281    83.3587 3.7485e-01 0.0000e+00  0.0434040    18.7184   1.972859     2.3736      1.659     8.8379    298.700     9.3866 -9.990e-29
      1.627    20.0788 269.367202     2.2076 7.9096e-02     0.7281    83.3587 3.7485e-01 0.0000e+00  0.0434040    18.7174   1.961209     2.3700      1.659     8.8342    298.742     9.3674 -9.990e-29
      1.627    20.0787 269.306911     2.2051 4.4488e-02     0.7281    83.3587 3.8828e-01 0.0000e+00  0.0434040    18.7162   1.961209     2.3675      1.659     8.8243    298.676     9.3544 -9.990e-29
      1.626    20.0789 269.367201     2.2027 3.4975e-02     0.7268    83.3848 4.2979e-01 0.0000e+00  0.0434040    18.7163   1.914607     2.3651      1.658     8.8145    298.741     9.3419 -9.990e-29
      1.625    20.0795 269.331026     2.2015 3.1417e-02     0.7268    83.3848 4.7009e-01 0.0000e+00  0.0434040    18.7153   1.972859     2.3626      1.657     8.8111    298.697     9.3285 -9.990e-29
      1.626    20.0798 269.355142     2.1990 1.6999e-02     0.7268    83.3848 5.0427e-01 0.0000e+00  0.0434040    18.7144   1.961209     2.3602      1.658     8.8010    298.722     9.3157 -9.990e-29
      1.627    20.0806 269.463664     2.1978 1.1860e-02     0.7281    83.3587 5.3602e-01 0.0000e+00  0.0434040    18.7155   1.914607     2.3565      1.659     8.7982    298.837     9.2957 -9.990e-29
      1.629    20.0811 269.536013     2.1954 1.3549e-02     0.7281    83.3587 5.6044e-01 0.0000e+00  0.0434040    18.7173   1.937908     2.3541      1.661     8.7896    298.914     9.2833 -9.990e-29
      1.630    20.0824 269.584244     2.1929 3.1808e-02     0.7268    83.3848 6.0317e-01 0.0000e+00  0.0434040    18.7196   1.949558     2.3516      1.662     8.7805    298.959     9.2692 -9.990e-29
      1.633    20.0834 269.656593     2.1917 4.1109e-02     0.7281    83.3587 6.1538e-01 0.0000e+00  0.0434040    18.7216   1.961209     2.3492      1.665     8.7782    299.032     9.2564 -9.990e-29
      1.635    20.0843 269.716886     2.1893 4.1946e-02     0.7281    83.3587 5.8486e-01 0.0000e+00  0.0434040    18.7238   1.937908     2.3468      1.667     8.7701    299.093     9.2443 -9.990e-29
      1.637    20.0853 269.716884     2.1880 4.7507e-02     0.7281    83.3587 5.5678e-01 0.0000e+00  0.0434040    18.7266   1.961209     2.3443      1.669     8.7677    299.086     9.2309 -9.990e-29
      1.639    20.0864 269.728941     2.1856 5.0586e-02     0.7281    83.3587 5.1282e-01 0.0000e+00  0.0434040    18.7278   1.984509     2.3407      1.671     8.7599    299.093     9.2120 -9.990e-29
      1.642    20.0873 269.777176     2.1844 5.1477e-02     0.7281    83.3587 4.7985e-01 0.0000e+00  0.0434040    18.7298   1.996160     2.3382      1.674     8.7584    299.140     9.1990 -9.990e-29
      1.643    20.0884 269.801291     2.1819 4.5774e-02     0.7268    83.3848 4.4200e-01 0.0000e+00  0.0434040    18.7317   1.996160     2.3358      1.675     8.7504    299.159     9.1866 -9.990e-29
      1.645    20.0894 269.825407     2.1807 4.1109e-02     0.7243    83.4371 4.0415e-01 0.0000e+00  0.0434040    18.7339   2.031111     2.3333      1.677     8.7491    299.180     9.1737 -9.990e-29
      1.648    20.0899 269.897760     2.1783 4.0692e-02     0.7231    83.4632 3.8584e-01 0.0000e+00  0.0434040    18.7358   2.007810     2.3309      1.680     8.7419    299.256     9.1615 -9.990e-29
      1.650    20.0903 269.849524     2.1770 5.1031e-02     0.7243    83.4371 3.7851e-01 0.0000e+00  0.0434040    18.7383   2.007810     2.3272      1.683     8.7407    299.200     9.1422 -9.990e-29
      1.653    20.0904 269.789232     2.1746 6.3048e-02     0.7243    83.4371 3.7607e-01 0.0000e+00  0.0434040    18.7395   1.996160     2.3248      1.686     8.7337    299.133     9.1302 -9.990e-29
      1.655    20.0907 269.777173     2.1734 6.5461e-02     0.7243    83.4371 3.7241e-01 0.0000e+00  0.0434040    18.7412   1.996160     2.3223      1.688     8.7336    299.117     9.1184 -9.990e-29
      1.657    20.0913 269.740995     2.1722 4.8380e-02     0.7243    83.4371 4.3712e-01 0.0000e+00  0.0434040    18.7426   1.996160     2.3199      1.690     8.7342    299.073     9.1065 -9.990e-29
      1.659    20.0916 269.825407     2.1709 2.5684e-02     0.7243    83.4371 4.9206e-01 0.0000e+00  0.0434040    18.7437   2.007810     2.3175      1.692     8.7330    299.165     9.0949 -9.990e-29
      1.661    20.0920 269.716878     2.1685 2.0546e-02     0.7231    83.4632 4.7863e-01 0.0000e+00  0.0434040    18.7444   1.961208     2.3150      1.694     8.7257    299.042     9.0821 -9.990e-29
      1.664    20.0919 269.765114     2.1661 1.8760e-02     0.7231    83.4632 4.4078e-01 0.0000e+00  0.0434040    18.7454   1.937908     2.3126      1.697     8.7191    299.096     9.0705 -9.990e-29
      1.667    20.0922 269.692764     2.1648 1.4231e-02     0.7243    83.4371 4.2491e-01 0.0000e+00  0.0434040    18.7460   1.937908     2.3101      1.700     8.7183    299.014     9.0579 -9.990e-29
      1.667    20.0923 269.608352     2.1636 1.2533e-02     0.7243    83.4371 4.2369e-01 0.0000e+00  0.0434040    18.7463   1.937908     2.3077      1.700     8.7172    298.920     9.0466 -9.990e-29
      1.668    20.0925 269.632470     2.1636 4.0772e-03     0.7243    83.4371 4.5788e-01 0.0000e+00  0.0434040    18.7470   1.914607     2.3053      1.701     8.7230    298.945     9.0347 -9.990e-29
      1.669    20.0927 269.608353     2.1612 1.0000e-12     0.7231    83.4632 5.4457e-01 0.0000e+00  0.0434040    18.7473   1.926257     2.3028      1.702     8.7157    298.917     9.0217 -9.990e-29
      1.670    20.0927 269.596295     2.1600 1.0000e-12     0.7231    83.4632 5.5311e-01 0.0000e+00  0.0434040    18.7475   1.891306     2.3004      1.703     8.7148    298.904     9.0093 -9.990e-29
      1.670    20.0927 269.523946     2.1587 1.7349e-02     0.7231    83.4632 5.1282e-01 0.0000e+00  0.0434040    18.7475   1.879656     2.2979      1.703     8.7133    298.823     8.9965 -9.990e-29
      1.669    20.0928 269.403362     2.1587 5.1477e-02     0.7231    83.4632 4.7375e-01 0.0000e+00  0.0434040    18.7477   1.879656     2.2955      1.702     8.7186    298.689     8.9843 -9.990e-29
      1.670    20.0923 269.331016     2.1575 6.1616e-02     0.7243    83.4371 4.4689e-01 0.0000e+00  0.0434040    18.7475   1.833055     2.2943      1.703     8.7173    298.612     8.9775 -9.990e-29
      1.672    20.0925 269.318958     2.1563 5.2373e-02     0.7231    83.4632 4.3223e-01 0.0000e+00  0.0434040    18.7472   1.821405     2.2906      1.705     8.7158    298.598     8.9572 -9.990e-29
      1.673    20.0923 269.174265     2.1551 3.4975e-02     0.7243    83.4371 4.3468e-01 0.0000e+00  0.0434040    18.7465   1.798104     2.2894      1.706     8.7138    298.438     8.9506 -9.990e-29
      1.673    20.0919 269.174265     2.1551 2.9865e-02     0.7243    83.4371 4.3712e-01 0.0000e+00  0.0434040    18.7458   1.809755     2.2869      1.706     8.7181    298.441     8.9364 -9.990e-29
      1.674    20.0915 269.162208     2.1538 3.0639e-02     0.7256    83.4109 4.3223e-01 0.0000e+00  0.0434040    18.7452   1.774804     2.2845      1.707     8.7154    298.430     8.9229 -9.990e-29
      1.673    20.0912 269.138093     2.1538 3.2593e-02     0.7268    83.3848 4.2002e-01 0.0000e+00  0.0434040    18.7452   1.786454     2.2821      1.706     8.7194    298.406     8.9093 -9.990e-29
      1.672    20.0909 269.077805     2.1526 3.3383e-02     0.7268    83.3848 4.1026e-01 0.0000e+00  0.0434040    18.7442   1.751504     2.2796      1.705     8.7166    298.341     8.8948 -9.990e-29
      1.670    20.0901 269.065748     2.1514 3.6181e-02     0.7268    83.3848 4.0904e-01 0.0000e+00  0.0434040    18.7440   1.739854     2.2772      1.703     8.7137    298.333     8.8802 -9.990e-29
      1.668    20.0900 268.993402     2.1514 6.3528e-02     0.7268    83.3848 4.1392e-01 0.0000e+00  0.0434040    18.7433   1.774804     2.2747      1.701     8.7163    298.253     8.8652 -9.990e-29
      1.665    20.0897 269.041631     2.1502 7.7010e-02     0.7268    83.3848 4.1270e-01 0.0000e+00  0.0434040    18.7423   1.728204     2.2723      1.698     8.7130    298.309     8.8503 -9.990e-29
      1.664    20.0893 269.017518     2.1502 7.4947e-02     0.7268    83.3848 3.9683e-01 0.0000e+00  0.0434040    18.7404   1.704904     2.2698      1.697     8.7154    298.284     8.8351 -9.990e-29
      1.664    20.0890 268.957231     2.1490 3.1027e-02     0.7268    83.3848 3.9072e-01 0.0000e+00  0.0434040    18.7388   1.704904     2.2674      1.697     8.7116    298.220     8.8199 -9.990e-29
      1.663    20.0886 268.945173     2.1490 1.2196e-02     0.7268    83.3848 3.8828e-01 0.0000e+00  0.0434040    18.7381   1.728204     2.2662      1.696     8.7131    298.209     8.8112 -9.990e-29
      1.662    20.0884 269.053692     2.1490 1.0527e-02     0.7268    83.3848 3.9560e-01 0.0000e+00  0.0434040    18.7372   1.704904     2.2625      1.695     8.7148    298.331     8.7889 -9.990e-29
