data/05_metadata_exports/SeabirdData/202310_SeabirdData/105196_STN62-2.cnv
* Sea-Bird SBE 9 Data File:
* FileName = C:\Users\rosette\Rosette Data\2023\Ontario lower food web csmi\STN62-2.hex
* Software Version Seasave V 7.26.6.26
* Temperature SN = 5270
* Conductivity SN = 1168
* Number of Bytes Per Scan = 40
* Number of Voltage Words = 5
* Number of Scans Averaged by the Deck Unit = 1
* NMEA Latitude = 43 51.73 N
* NMEA Longitude = 077 00.10 W
* NMEA UTC (Time) = Sep 24 2023  01:49:50
* NMEA baud rate = 4800
** Ship: Lake Guardian
** Cruise: Ontario LFW
** Station:  STN62-2
# nquan = 18                                
# nvalues = 3864                        
# units = specified
# name 0 = prDM: Pressure, Digiquartz [db]
# name 1 = t090C: Temperature [ITS-90, deg C]
# name 2 = c0uS/cm: Conductivity [uS/cm]
# name 3 = sbeox0V: Oxygen raw, SBE 43 [V]
# name 4 = par: PAR/Irradiance, Biospherical/Licor
# name 5 = bat: Beam Attenuation, Chelsea/Seatech [1/m]
# name 6 = xmiss: Beam Transmission, Chelsea/Seatech [%]
# name 7 = flSP: Fluorescence, Seapoint
# name 8 = spar: SPAR, Biospherical/Licor
# name 9 = upoly0: Upoly 0, Suna Nitrate
# name 10 = t190C: Temperature, 2 [ITS-90, deg C]
# name 11 = c1uS/cm: Conductivity, 2 [uS/cm]
# name 12 = sbeox1V: Oxygen raw, SBE 43, 2 [V]
# name 13 = depFM: Depth [fresh water, m], lat = 43.8622
# name 14 = sbeox0Mg/L: Oxygen, SBE 43 [mg/l], WS = 2
# name 15 = specc: Specific Conductance [uS/cm]
# name 16 = sbeox1Mg/L: Oxygen, SBE 43, 2 [mg/l], WS = 2
# name 17 = flag: flag
# span 0 =     -0.355,      4.709       
# span 1 =    17.2166,    20.1136       
# span 2 =   9.694112, 272.840638       
# span 3 =     1.6960,     2.6300       
# span 4 = 1.0000e-12, 3.5242e+00       
# span 5 =     0.7093,     2.6915       
# span 6 =    51.0242,    83.7508       
# span 7 = 2.4420e-02, 8.2418e-01       
# span 8 = 0.0000e+00, 0.0000e+00       
# span 9 =  0.0413251,  0.0629448       
# span 10 =    16.1783,    18.7771      
# span 11 =-100.267421,   3.091376      
# span 12 =     1.7436,     2.8987      
# span 13 =     -0.362,      4.802      
# span 14 =     6.8901,    11.7123      
# span 15 =     11.465,    302.607      
# span 16 =     6.4904,    13.2522      
# span 17 = 0.0000e+00, 0.0000e+00      
# interval = seconds: 0.0416667
# start_time = Sep 24 2023 01:49:50 [NMEA time, header]
# bad_flag = -9.990e-29
*END*
[from data line 644]
     -0.303    17.9315  17.288713     2.5739 1.1333e+00     2.2680    56.7226 3.0525e-02 0.0000e+00  0.0413251    17.0162 -99.807209     2.6032     -0.309    11.6194     20.133    11.6257 -9.990e-29
     -0.310    17.9303  17.347250     2.5751 1.5132e+00     2.2680    56.7226 3.1746e-02 0.0000e+00  0.0417409    17.0162 -99.818712     2.6032     -0.316    11.6260     20.202    11.6258 -9.990e-29
     -0.320    17.9290  17.265299     2.5751 1.4861e+00     2.2680    56.7226 3.1746e-02 0.0000e+00  0.0413251    17.0155 -99.795703     2.6032     -0.326    11.6259     20.107    11.6254 -9.990e-29
     -0.330    17.9274  17.089690     2.5739 1.4906e+00     2.2680    56.7226 3.0525e-02 0.0000e+00  0.0413251    17.0157 -99.726671     2.6032     -0.337    11.6202     19.903    11.6248 -9.990e-29
     -0.339    17.9263  16.949206     2.5739 1.4996e+00     2.2680    56.7226 3.0525e-02 0.0000e+00  0.0413251    17.0148 -99.703661     2.6032     -0.346    11.6205     19.740    11.6244 -9.990e-29
     -0.344    17.9243  16.902378     2.5739 1.5269e+00     2.2661    56.7487 3.0525e-02 0.0000e+00  0.0413251    17.0140 -99.623125     2.6032     -0.351    11.6209     19.687    11.6240 -9.990e-29
     -0.344    17.9227  16.516061     2.5726 1.6508e+00     2.2680    56.7226 3.0525e-02 0.0000e+00  0.0413251    17.0129 -99.680652     2.6032     -0.351    11.6134     19.237    11.6243 -9.990e-29
     -0.341    17.9207  70.999490     2.5739 1.7010e+00     2.2735    56.6442 3.0525e-02 0.0000e+00  0.0413251    17.0119 -99.715167     2.6032     -0.348    11.6190     82.702    11.6247 -9.990e-29
     -0.336    17.9188  34.152777     2.5739 1.6657e+00     2.2735    56.6442 3.1746e-02 0.0000e+00  0.0413251    17.0110 -99.772693     2.6032     -0.343    11.6205     39.784    11.6250 -9.990e-29
     -0.327    17.9168  16.071234     2.5739 1.4117e+00     2.2754    56.6180 3.1746e-02 0.0000e+00  0.0413251    17.0100 -99.772694     2.6032     -0.333    11.6212     18.722    11.6246 -9.990e-29
     -0.319    17.9150  15.989294     2.5739 1.3086e+00     2.2735    56.6442 3.1746e-02 0.0000e+00  0.0413251    17.0095 -99.784200     2.6032     -0.325    11.6213     18.627    11.6248 -9.990e-29
     -0.311    17.9134  16.094645     2.5751 1.3046e+00     2.2717    56.6703 3.0525e-02 0.0000e+00  0.0413251    17.0095 -99.703664     2.6032     -0.317    11.6279     18.751    11.6248 -9.990e-29
     -0.306    17.9115  16.270233     2.5751 1.3905e+00     2.2735    56.6442 3.0525e-02 0.0000e+00  0.0413251    17.0095 -99.703664     2.6032     -0.312    11.6279     18.956    11.6248 -9.990e-29
     -0.304    17.9099  16.352175     2.5739 1.4419e+00     2.2735    56.6442 2.9304e-02 0.0000e+00  0.0413251    17.0093 -99.703664     2.6032     -0.310    11.6212     19.052    11.6249 -9.990e-29
     -0.303    17.9084  16.516062     2.5739 1.4419e+00     2.2717    56.6703 3.0525e-02 0.0000e+00  0.0413251    17.0089 -99.784200     2.6032     -0.309    11.6216     19.244    11.6250 -9.990e-29
     -0.303    17.9067  16.574594     2.5739 1.5361e+00     2.2735    56.6442 3.0525e-02 0.0000e+00  0.0417409    17.0081 -99.841726     2.6032     -0.309    11.6219     19.313    11.6253 -9.990e-29
     -0.304    17.9051  16.598007     2.5751 1.6069e+00     2.2735    56.6442 3.0525e-02 0.0000e+00  0.0417409    17.0083 -99.864736     2.6032     -0.310    11.6287     19.341    11.6245 -9.990e-29
     -0.308    17.9034  16.574594     2.5751 1.6214e+00     2.2735    56.6442 3.0525e-02 0.0000e+00  0.0417409    17.0074 -99.853230     2.6032     -0.314    11.6289     19.314    11.6248 -9.990e-29
     -0.313    17.9018  16.598007     2.5751 1.4289e+00     2.2735    56.6442 3.0525e-02 0.0000e+00  0.0413251    17.0074 -99.841725     2.6032     -0.319    11.6296     19.342    11.6248 -9.990e-29
     -0.316    17.9001  16.516062     2.5751 1.2616e+00     2.2735    56.6442 3.0525e-02 0.0000e+00  0.0413251    17.0065 -99.841726     2.6032     -0.322    11.6303     19.248    11.6250 -9.990e-29
     -0.319    17.8986  16.352176     2.5751 1.2312e+00     2.2717    56.6703 3.0525e-02 0.0000e+00  0.0413251    17.0059 -99.876241     2.6032     -0.325    11.6309     19.057    11.6252 -9.990e-29
     -0.322    17.8968  16.293646     2.5751 1.2849e+00     2.2735    56.6442 3.0525e-02 0.0000e+00  0.0413251    17.0053 -99.956775     2.6032     -0.328    11.6315     18.990    11.6253 -9.990e-29
     -0.325    17.8955  16.199998     2.5751 1.3572e+00     2.2717    56.6703 3.0525e-02 0.0000e+00  0.0413251    17.0050 -99.818716     2.6032     -0.331    11.6319     18.881    11.6254 -9.990e-29
     -0.328    17.8934  15.989295     2.5751 1.3737e+00     2.2735    56.6442 3.0525e-02 0.0000e+00  0.0417409    17.0045 -99.830221     2.6032     -0.334    11.6319     18.637    11.6255 -9.990e-29
     -0.330    17.8923  15.895651     2.5751 1.4160e+00     2.2735    56.6442 3.1746e-02 0.0000e+00  0.0417409    17.0034 -99.761191     2.6032     -0.337    11.6327     18.528    11.6258 -9.990e-29
     -0.331    17.8903  15.907357     2.5751 1.5041e+00     2.2735    56.6442 3.1746e-02 0.0000e+00  0.0413251    17.0027 -99.818717     2.6032     -0.338    11.6337     18.542    11.6260 -9.990e-29
     -0.331    17.8891  15.848830     2.5751 1.5315e+00     2.2754    56.6180 3.0525e-02 0.0000e+00  0.0413251    17.0024 -99.899252     2.6032     -0.338    11.6344     18.475    11.6261 -9.990e-29
     -0.331    17.8874  15.755188     2.5763 1.3166e+00     2.2754    56.6180 3.0525e-02 0.0000e+00  0.0413251    17.0019 -99.864737     2.6032     -0.338    11.6419     18.366    11.6262 -9.990e-29
     -0.330    17.8861  15.673252     2.5763 7.8803e-01     2.2754    56.6180 3.0525e-02 0.0000e+00  0.0413251    17.0014 -99.887747     2.6032     -0.337    11.6426     18.271    11.6263 -9.990e-29
     -0.328    17.8844  15.614726     2.5763 6.5330e-01     2.2754    56.6180 2.9304e-02 0.0000e+00  0.0413251    17.0007 -99.830222     2.6032     -0.334    11.6433     18.204    11.6265 -9.990e-29
     -0.327    17.8832  15.614726     2.5751 5.5168e-01     2.2735    56.6442 3.0525e-02 0.0000e+00  0.0413251    17.0005 -99.772697     2.6032     -0.333    11.6372     18.204    11.6266 -9.990e-29
     -0.326    17.8816  15.521087     2.5751 1.9937e-01     2.2772    56.5919 3.0525e-02 0.0000e+00  0.0413251    16.9998 -99.795708     2.6032     -0.332    11.6371     18.096    11.6268 -9.990e-29
     -0.325    17.8804  15.485972     2.5751 1.1649e-01     2.2735    56.6442 3.0525e-02 0.0000e+00  0.0417409    16.9995 -99.841728     2.6032     -0.331    11.6375     18.055    11.6269 -9.990e-29
     -0.324    17.8789  15.380629     2.5751 1.1399e-01     2.2735    56.6442 3.0525e-02 0.0000e+00  0.0417409    16.9986 -99.899253     2.6032     -0.330    11.6379     17.933    11.6271 -9.990e-29
     -0.323    17.8775  15.404038     2.5751 1.2353e-01     2.2754    56.6180 3.0525e-02 0.0000e+00  0.0413251    16.9984 -99.922262     2.6032     -0.329    11.6382     17.961    11.6272 -9.990e-29
     -0.321    17.8759  15.404039     2.5751 1.2746e-01     2.2754    56.6180 3.0525e-02 0.0000e+00  0.0413251    16.9976 -99.922264     2.6032     -0.327    11.6379     17.962    11.6274 -9.990e-29
     -0.320    17.8746  15.392334     2.5751 1.2878e-01     2.2735    56.6442 3.1746e-02 0.0000e+00  0.0413251    16.9972 -99.841729     2.6032     -0.326    11.6386     17.949    11.6275 -9.990e-29
     -0.318    17.8730  15.427448     2.5751 3.5119e-01     2.2772    56.5919 3.0525e-02 0.0000e+00  0.0413251    16.9971 -99.853233     2.6032     -0.324    11.6388     17.990    11.6275 -9.990e-29
     -0.313    17.8717  15.450858     2.5763 6.0167e-01     2.2754    56.6180 3.0525e-02 0.0000e+00  0.0413251    16.9964 -99.853234     2.6032     -0.319    11.6450     18.018    11.6277 -9.990e-29
     -0.309    17.8701  15.427449     2.5763 6.4268e-01     2.2754    56.6180 3.0525e-02 0.0000e+00  0.0413251    16.9957 -99.922264     2.6032     -0.315    11.6452     17.991    11.6279 -9.990e-29
     -0.305    17.8685  15.450858     2.5763 8.7509e-01     2.2754    56.6180 3.0525e-02 0.0000e+00  0.0413251    16.9958 -99.979788     2.6032     -0.311    11.6452     18.019    11.6279 -9.990e-29
     -0.297    17.8654  15.649842     2.5763 1.2125e+00     2.2754    56.6180 3.0525e-02 0.0000e+00  0.0413251    16.9945 -99.956779     2.6032     -0.303    11.6457     18.253    11.6282 -9.990e-29
     -0.293    17.8640  15.684958     2.5763 1.3613e+00     2.2754    56.6180 3.0525e-02 0.0000e+00  0.0413251    16.9945 -99.910760     2.6032     -0.299    11.6461     18.294    11.6282 -9.990e-29
     -0.291    17.8625  15.766894     2.5763 1.5830e+00     2.2735    56.6442 3.0525e-02 0.0000e+00  0.0413251    16.9939 -99.876245     2.6032     -0.297    11.6465     18.391    11.6284 -9.990e-29
     -0.292    17.8610  15.907359     2.5763 1.6361e+00     2.2754    56.6180 3.0525e-02 0.0000e+00  0.0413251    16.9935 -99.910760     2.6032     -0.298    11.6475     18.555    11.6285 -9.990e-29
     -0.294    17.8594  15.942475     2.5763 1.5973e+00     2.2772    56.5919 3.0525e-02 0.0000e+00  0.0413251    16.9936 -99.945274     2.6032     -0.300    11.6478     18.597    11.6285 -9.990e-29
     -0.296    17.8580  16.047825     2.5763 1.5269e+00     2.2828    56.5135 3.0525e-02 0.0000e+00  0.0417409    16.9935 -100.014303     2.6032     -0.302    11.6480     18.720    11.6285 -9.990e-29
     -0.299    17.8565  16.001003     2.5775 1.5086e+00     2.2865    56.4612 3.0525e-02 0.0000e+00  0.0413251    16.9928 -100.014304     2.6032     -0.305    11.6548     18.666    11.6287 -9.990e-29
     -0.303    17.8549  15.977592     2.5775 1.5407e+00     2.2865    56.4612 3.0525e-02 0.0000e+00  0.0417409    16.9925 -99.991294     2.6032     -0.309    11.6550     18.640    11.6288 -9.990e-29
     -0.307    17.8532  15.883948     2.5763 1.6214e+00     2.2865    56.4612 3.0525e-02 0.0000e+00  0.0413251    16.9923 -99.922265     2.6032     -0.313    11.6491     18.531    11.6288 -9.990e-29
     -0.311    17.8518  15.872243     2.5763 1.6508e+00     2.2865    56.4612 3.0525e-02 0.0000e+00  0.0413251    16.9917 -99.968285     2.6032     -0.317    11.6497     18.518    11.6290 -9.990e-29
     -0.316    17.8501  15.790305     2.5775 1.6707e+00     2.2865    56.4612 3.0525e-02 0.0000e+00  0.0413251    16.9909 -100.014304     2.6032     -0.322    11.6575     18.423    11.6292 -9.990e-29
     -0.321    17.8489  15.696664     2.5775 1.7683e+00     2.2865    56.4612 3.0525e-02 0.0000e+00  0.0413251    16.9901 -99.979789     2.6032     -0.327    11.6579     18.314    11.6294 -9.990e-29
     -0.322    17.8474  15.591318     2.5775 1.8110e+00     2.2865    56.4612 3.0525e-02 0.0000e+00  0.0413251    16.9899 -100.025809     2.6032     -0.328    11.6583     18.192    11.6294 -9.990e-29
     -0.323    17.8459  15.462564     2.5775 1.7789e+00     2.2865    56.4612 3.0525e-02 0.0000e+00  0.0413251    16.9893 -100.002800     2.6032     -0.329    11.6588     18.043    11.6296 -9.990e-29
     -0.324    17.8442  15.392335     2.5775 1.4996e+00     2.2865    56.4612 3.0525e-02 0.0000e+00  0.0417409    16.9885 -99.968285     2.6032     -0.330    11.6587     17.961    11.6298 -9.990e-29
     -0.322    17.8432  15.357221     2.5775 1.3821e+00     2.2883    56.4350 3.0525e-02 0.0000e+00  0.0413251    16.9877 -99.979790     2.6032     -0.328    11.6583     17.921    11.6300 -9.990e-29
     -0.319    17.8415  15.240176     2.5775 1.3779e+00     2.2883    56.4350 3.0525e-02 0.0000e+00  0.0413251    16.9871 -100.002800     2.6032     -0.325    11.6587     17.785    11.6302 -9.990e-29
     -0.316    17.8403  15.158244     2.5763 1.4727e+00     2.2846    56.4873 2.9304e-02 0.0000e+00  0.0413251    16.9867 -100.048819     2.6032     -0.322    11.6522     17.690    11.6303 -9.990e-29
     -0.312    17.8391  15.193358     2.5775 1.5315e+00     2.2883    56.4350 2.9304e-02 0.0000e+00  0.0413251    16.9859 -100.048819     2.6032     -0.318    11.6584     17.731    11.6305 -9.990e-29
     -0.307    17.8375  15.263585     2.5763 1.5407e+00     2.2883    56.4350 2.9304e-02 0.0000e+00  0.0413251    16.9851 -100.014306     2.6032     -0.313    11.6513     17.814    11.6307 -9.990e-29
     -0.302    17.8361  15.228471     2.5763 1.6166e+00     2.2865    56.4612 2.9304e-02 0.0000e+00  0.0417409    16.9850 -99.991297     2.6032     -0.308    11.6514     17.774    11.6308 -9.990e-29
     -0.298    17.8347  15.368927     2.5775 1.6808e+00     2.2883    56.4350 2.9304e-02 0.0000e+00  0.0413251    16.9850 -99.922267     2.6032     -0.304    11.6580     17.938    11.6308 -9.990e-29
     -0.294    17.8334  15.427450     2.5775 1.6908e+00     2.2883    56.4350 2.9304e-02 0.0000e+00  0.0413251    16.9844 -99.979792     2.6032     -0.300    11.6585     18.007    11.6316 -9.990e-29
     -0.292    17.8318  15.485975     2.5775 1.5041e+00     2.2865    56.4612 2.9304e-02 0.0000e+00  0.0413251    16.9843 -99.979793     2.6032     -0.298    11.6590     18.076    11.6316 -9.990e-29
     -0.293    17.8295  15.544499     2.5763 1.3246e+00     2.2883    56.4350 3.0525e-02 0.0000e+00  0.0417409    16.9840 -100.071830     2.6032     -0.299    11.6530     18.145    11.6317 -9.990e-29
     -0.295    17.8284  15.649844     2.5775 1.2888e+00     2.2939    56.3566 3.0525e-02 0.0000e+00  0.0413251    16.9833 -100.071830     2.6032     -0.301    11.6599     18.269    11.6318 -9.990e-29
     -0.299    17.8266  15.649844     2.5775 1.3327e+00     2.2995    56.2782 3.0525e-02 0.0000e+00  0.0413251    16.9831 -100.025811     2.6032     -0.305    11.6604     18.269    11.6319 -9.990e-29
     -0.304    17.8251  15.626434     2.5788 1.3905e+00     2.2995    56.2782 3.0525e-02 0.0000e+00  0.0413251    16.9831 -100.048820     2.6032     -0.310    11.6679     18.243    11.6318 -9.990e-29
     -0.309    17.8232  15.755191     2.5775 1.4032e+00     2.2976    56.3044 3.0525e-02 0.0000e+00  0.0417409    16.9824 -100.048821     2.6032     -0.315    11.6610     18.394    11.6320 -9.990e-29
     -0.317    17.8215  15.661550     2.5775 1.4375e+00     2.2976    56.3044 3.0525e-02 0.0000e+00  0.0413251    16.9822 -100.014307     2.6032     -0.323    11.6613     18.285    11.6320 -9.990e-29
     -0.326    17.8199  15.603024     2.5775 1.5177e+00     2.2976    56.3044 3.0525e-02 0.0000e+00  0.0417409    16.9812 -100.106344     2.6032     -0.332    11.6615     18.218    11.6329 -9.990e-29
     -0.334    17.8184  15.556205     2.5775 1.5407e+00     2.2976    56.3044 3.0525e-02 0.0000e+00  0.0413251    16.9809 -100.025812     2.6032     -0.341    11.6621     18.164    11.6329 -9.990e-29
     -0.342    17.8170  15.450861     2.5788 1.4727e+00     2.2976    56.3044 3.0525e-02 0.0000e+00  0.0417409    16.9798 -100.025811     2.6032     -0.349    11.6705     18.041    11.6331 -9.990e-29
     -0.346    17.8151  15.286995     2.5788 1.2387e+00     2.2995    56.2782 3.0525e-02 0.0000e+00  0.0413251    16.9793 -99.979792     2.6032     -0.353    11.6712     17.851    11.6332 -9.990e-29
     -0.345    17.8137  15.181655     2.5788 1.1651e+00     2.2995    56.2782 3.0525e-02 0.0000e+00  0.0413251    16.9787 -100.025812     2.6032     -0.352    11.6717     17.728    11.6333 -9.990e-29
     -0.342    17.8124  15.111428     2.5775 1.1651e+00     2.2995    56.2782 3.0525e-02 0.0000e+00  0.0413251    16.9774 -100.014308     2.6032     -0.349    11.6654     17.647    11.6336 -9.990e-29
     -0.339    17.8111  14.912457     2.5775 1.1977e+00     2.2976    56.3044 2.9304e-02 0.0000e+00  0.0413251    16.9763 -100.025813     2.6032     -0.346    11.6664     17.415    11.6338 -9.990e-29
     -0.333    17.8103  14.748602     2.5788 1.2088e+00     2.2976    56.3044 2.9304e-02 0.0000e+00  0.0413251    16.9757 -100.014308     2.6032     -0.340    11.6738     17.224    11.6340 -9.990e-29
