data/05_metadata_exports/SeabirdData/202310_SeabirdData/88309_STN66.cnv
* Sea-Bird SBE 9 Data File:
* FileName = C:\Users\rosette\Rosette Data\2023\Ontario lower food web csmi\STN66.hex
* Software Version Seasave V 7.26.6.26
* Temperature SN = 5270
* Conductivity SN = 1168
* Number of Bytes Per Scan = 40
* Number of Voltage Words = 5
* Number of Scans Averaged by the Deck Unit = 1
* NMEA Latitude = 43 19.99 N
* NMEA Longitude = 076 50.44 W
* NMEA UTC (Time) = Sep 23 2023  15:52:59
* NMEA baud rate = 4800
** Ship: Lake Guardian
** Cruise: Ontario LFW
** Station:  STN66
# nquan = 18                                
# nvalues = 10217                       
# units = specified
# name 0 = prDM: Pressure, Digiquartz [db]
# name 1 = t090C: Temperature [ITS-90, deg C]
# name 2 = c0uS/cm: Conductivity [uS/cm]
# name 3 = sbeox0V: Oxygen raw, SBE 43 [V]
# name 4 = par: PAR/Irradiance, Biospherical/Licor
# name 5 = bat: Beam Attenuation, Chelsea/Seatech [1/m]
# name 6 = xmiss: Beam Transmission, Chelsea/Seatech [%]
# name 7 = flSP: Fluorescence, Seapoint
# name 8 = spar: SPAR, Biospherical/Licor
# name 9 = upoly0: Upoly 0, Suna Nitrate
# name 10 = t190C: Temperature, 2 [ITS-90, deg C]
# name 11 = c1uS/cm: Conductivity, 2 [uS/cm]
# name 12 = sbeox1V: Oxygen raw, SBE 43, 2 [V]
# name 13 = depFM: Depth [fresh water, m], lat = 43.3332
# name 14 = sbeox0Mg/L: Oxygen, SBE 43 [mg/l], WS = 2
# name 15 = specc: Specific Conductance [uS/cm]
# name 16 = sbeox1Mg/L: Oxygen, SBE 43, 2 [mg/l], WS = 2
# name 17 = flag: flag
# span 0 =     -0.125,     15.566       
# span 1 =    18.5218,    20.1833       
# span 2 =   5.133628, 275.012086       
# span 3 =     1.6581,     2.4774       
# span 4 = 4.6929e+01, 3.1553e+03       
# span 5 =     0.2543,     1.6022       
# span 6 =    66.9954,    93.8406       
# span 7 = 0.0000e+00, 5.3700e+00       
# span 8 = 1.5989e+03, 1.7781e+03       
# span 9 =  0.0413330,  0.0621209       
# span 10 =    17.8879,    20.1795      
# span 11 =  -0.682195, 277.948590      
# span 12 =     1.8730,     2.7399      
# span 13 =     -0.127,     15.873      
# span 14 =     5.0990,     8.5701      
# span 15 =      5.828,    304.780      
# span 16 =     6.0325,    10.0627      
# span 17 = 0.0000e+00, 0.0000e+00      
# interval = seconds: 0.0416667
# start_time = Sep 23 2023 15:52:59 [NMEA time, header]
# bad_flag = -9.990e-29
*END*
[from data line 1207]
      2.044    20.1770 273.021456     2.3101 1.2760e+03     0.8672    80.5095 4.6154e-01 1.7761e+03  0.0429961    20.1748 274.233167     2.3187      2.084     7.8101    302.136     7.7725 -9.990e-29
      2.043    20.1771 273.057644     2.3101 1.3050e+03     0.8672    80.5095 4.5421e-01 1.7761e+03  0.0429961    20.1745 274.050456     2.3162      2.083     7.8049    302.176     7.7654 -9.990e-29
      2.043    20.1770 273.009394     2.3089 1.3161e+03     0.8672    80.5095 4.4322e-01 1.7761e+03  0.0429961    20.1751 273.989553     2.3150      2.083     7.7943    302.123     7.7628 -9.990e-29
      2.043    20.1774 273.009392     2.3089 1.3124e+03     0.8672    80.5095 4.4322e-01 1.7761e+03  0.0429961    20.1749 274.080907     2.3126      2.083     7.7891    302.120     7.7552 -9.990e-29
      2.043    20.1774 273.033518     2.3089 1.1827e+03     0.8672    80.5095 4.4322e-01 1.7761e+03  0.0429961    20.1753 274.141811     2.3114      2.083     7.7837    302.147     7.7521 -9.990e-29
      2.044    20.1773 273.021457     2.3089 1.1149e+03     0.8659    80.5356 4.4322e-01 1.7761e+03  0.0429961    20.1751 274.020005     2.3089      2.084     7.7787    302.134     7.7435 -9.990e-29
      2.045    20.1776 272.985266     2.3089 1.1087e+03     0.8659    80.5356 4.3956e-01 1.7761e+03  0.0429961    20.1753 274.141811     2.3077      2.085     7.7735    302.092     7.7406 -9.990e-29
      2.045    20.1776 273.069709     2.3077 1.0749e+03     0.8646    80.5617 4.2857e-01 1.7761e+03  0.0429961    20.1754 274.202716     2.3065      2.085     7.7626    302.186     7.7371 -9.990e-29
      2.045    20.1777 273.033518     2.3077 1.0480e+03     0.8646    80.5617 4.2491e-01 1.7761e+03  0.0429961    20.1754 274.080907     2.3040      2.085     7.7566    302.145     7.7278 -9.990e-29
      2.044    20.1778 273.021455     2.3065 1.0422e+03     0.8620    80.6140 4.1758e-01 1.7742e+03  0.0429961    20.1756 273.989552     2.3028      2.084     7.7454    302.131     7.7240 -9.990e-29
      2.045    20.1779 272.949078     2.3065 9.8241e+02     0.7596    82.7052 4.2125e-01 1.7742e+03  0.0429961    20.1756 274.141812     2.3004      2.085     7.7391    302.050     7.7149 -9.990e-29
      2.045    20.1779 272.961140     2.3053 9.2348e+02     0.7006    83.9337 4.2491e-01 1.7742e+03  0.0429961    20.1753 274.080907     2.2979      2.085     7.7276    302.063     7.7053 -9.990e-29
      2.044    20.1779 272.961141     2.3053 9.1059e+02     0.6919    84.1167 4.2857e-01 1.7742e+03  0.0429961    20.1753 273.989553     2.2967      2.084     7.7211    302.063     7.7016 -9.990e-29
      2.044    20.1785 272.997328     2.3040 1.0719e+03     0.6968    84.0122 4.2857e-01 1.7742e+03  0.0429961    20.1752 273.898197     2.2955      2.084     7.7092    302.100     7.6974 -9.990e-29
      2.044    20.1780 273.021455     2.3028 1.3460e+03     0.6993    83.9599 4.3223e-01 1.7742e+03  0.0429961    20.1753 273.959100     2.2930      2.084     7.6978    302.130     7.6870 -9.990e-29
      2.045    20.1781 272.949079     2.3016 1.4199e+03     0.7006    83.9337 4.2857e-01 1.7742e+03  0.0429961    20.1753 273.898199     2.2918      2.085     7.6860    302.049     7.6828 -9.990e-29
      2.044    20.1781 272.961140     2.3004 1.4279e+03     0.6993    83.9599 4.2857e-01 1.7742e+03  0.0429961    20.1754 273.959100     2.2894      2.084     7.6749    302.062     7.6732 -9.990e-29
      2.045    20.1785 273.009391     2.2991 1.4563e+03     0.6993    83.9599 4.3223e-01 1.7742e+03  0.0429961    20.1753 274.020004     2.2882      2.085     7.6631    302.113     7.6689 -9.990e-29
      2.045    20.1785 272.973204     2.2979 1.4686e+03     0.6993    83.9599 4.3956e-01 1.7742e+03  0.0434118    20.1754 274.050456     2.2857      2.085     7.6517    302.073     7.6592 -9.990e-29
      2.046    20.1785 272.973202     2.2967 1.4604e+03     0.6993    83.9599 4.3956e-01 1.7742e+03  0.0429961    20.1758 273.989551     2.2845      2.086     7.6402    302.073     7.6548 -9.990e-29
      2.047    20.1785 272.961141     2.2967 1.4400e+03     0.7006    83.9337 4.4689e-01 1.7742e+03  0.0429961    20.1754 274.020005     2.2821      2.087     7.6343    302.059     7.6451 -9.990e-29
      2.047    20.1786 272.924950     2.2955 1.4319e+03     0.6993    83.9599 4.5421e-01 1.7742e+03  0.0429961    20.1756 274.111358     2.2808      2.087     7.6231    302.019     7.6405 -9.990e-29
      2.047    20.1785 272.949078     2.2943 1.3961e+03     0.7006    83.9337 4.6154e-01 1.7742e+03  0.0434118    20.1759 273.959101     2.2784      2.087     7.6120    302.046     7.6309 -9.990e-29
      2.046    20.1790 272.924950     2.2930 1.1894e+03     0.7006    83.9337 4.6886e-01 1.7742e+03  0.0429961    20.1758 274.080906     2.2772      2.086     7.6003    302.016     7.6267 -9.990e-29
      2.046    20.1785 272.997328     2.2918 1.1118e+03     0.7006    83.9337 4.6154e-01 1.7742e+03  0.0429961    20.1758 274.141810     2.2747      2.086     7.5893    302.100     7.6165 -9.990e-29
      2.047    20.1788 272.973203     2.2906 1.1118e+03     0.7006    83.9337 4.5055e-01 1.7742e+03  0.0429961    20.1759 274.020004     2.2735      2.087     7.5782    302.071     7.6125 -9.990e-29
      2.048    20.1788 272.997328     2.2894 1.1995e+03     0.7006    83.9337 4.3956e-01 1.7761e+03  0.0429961    20.1759 274.080906     2.2711      2.088     7.5677    302.098     7.6030 -9.990e-29
      2.049    20.1789 272.973203     2.2869 1.2441e+03     0.7006    83.9337 4.3590e-01 1.7761e+03  0.0429961    20.1763 274.020004     2.2698      2.089     7.5512    302.070     7.5987 -9.990e-29
      2.050    20.1788 272.912887     2.2857 1.2476e+03     0.7006    83.9337 4.3590e-01 1.7761e+03  0.0429961    20.1761 274.080906     2.2674      2.090     7.5402    302.004     7.5894 -9.990e-29
      2.051    20.1788 272.900826     2.2845 1.2832e+03     0.7006    83.9337 4.4689e-01 1.7761e+03  0.0429961    20.1759 274.050456     2.2662      2.091     7.5298    301.991     7.5858 -9.990e-29
      2.051    20.1786 272.864637     2.2833 1.3087e+03     0.7043    83.8553 4.4689e-01 1.7761e+03  0.0429961    20.1759 274.050455     2.2650      2.091     7.5196    301.952     7.5820 -9.990e-29
      2.052    20.1787 272.864638     2.2808 1.3124e+03     0.7093    83.7508 4.4322e-01 1.7761e+03  0.0429961    20.1763 274.111359     2.2625      2.092     7.5040    301.951     7.5726 -9.990e-29
      2.052    20.1786 272.937013     2.2772 1.2977e+03     0.7093    83.7508 4.3590e-01 1.7761e+03  0.0429961    20.1761 274.050454     2.2613      2.092     7.4834    302.032     7.5694 -9.990e-29
      2.053    20.1786 272.888763     2.2759 1.2904e+03     0.7093    83.7508 4.3223e-01 1.7761e+03  0.0429961    20.1761 274.141811     2.2589      2.093     7.4732    301.979     7.5602 -9.990e-29
      2.055    20.1785 272.937014     2.2735 1.2868e+03     0.7081    83.7769 4.3956e-01 1.7761e+03  0.0429961    20.1761 274.141810     2.2589      2.096     7.4581    302.033     7.5620 -9.990e-29
      2.057    20.1787 272.864638     2.2723 1.2233e+03     0.7081    83.7769 4.4322e-01 1.7761e+03  0.0429961    20.1759 274.050456     2.2564      2.098     7.4482    301.951     7.5526 -9.990e-29
      2.058    20.1786 272.924952     2.2698 1.1467e+03     0.7081    83.7769 4.3590e-01 1.7761e+03  0.0429961    20.1761 274.050456     2.2552      2.099     7.4330    302.019     7.5487 -9.990e-29
      2.059    20.1785 272.924951     2.2686 1.1307e+03     0.7081    83.7769 4.3223e-01 1.7761e+03  0.0429961    20.1761 274.141810     2.2527      2.100     7.4239    302.019     7.5389 -9.990e-29
      2.061    20.1786 272.900826     2.2662 1.1275e+03     0.7081    83.7769 4.3223e-01 1.7761e+03  0.0429961    20.1763 274.141811     2.2515      2.102     7.4092    301.992     7.5351 -9.990e-29
      2.062    20.1785 272.937015     2.2637 1.1212e+03     0.7081    83.7769 4.3956e-01 1.7761e+03  0.0429961    20.1761 274.020004     2.2503      2.103     7.3944    302.033     7.5311 -9.990e-29
      2.061    20.1787 272.912889     2.2625 1.1181e+03     0.7081    83.7769 4.4322e-01 1.7761e+03  0.0429961    20.1761 274.141811     2.2491      2.102     7.3851    302.005     7.5274 -9.990e-29
      2.061    20.1786 272.864636     2.2601 1.2199e+03     0.7081    83.7769 4.3956e-01 1.7761e+03  0.0429961    20.1763 274.020003     2.2466      2.102     7.3706    301.952     7.5177 -9.990e-29
      2.062    20.1786 272.840512     2.2576 1.5190e+03     0.7081    83.7769 4.4689e-01 1.7761e+03  0.0429961    20.1763 274.080907     2.2466      2.103     7.3557    301.925     7.5190 -9.990e-29
      2.063    20.1786 272.900826     2.2552 1.6296e+03     0.7093    83.7508 4.6154e-01 1.7761e+03  0.0434118    20.1767 274.020004     2.2442      2.104     7.3414    301.992     7.5093 -9.990e-29
      2.063    20.1787 272.804324     2.2540 1.6024e+03     0.7093    83.7508 4.8352e-01 1.7761e+03  0.0429961    20.1768 274.202714     2.2430      2.104     7.3325    301.885     7.5048 -9.990e-29
      2.063    20.1788 272.840511     2.2515 1.4852e+03     0.7093    83.7508 4.8718e-01 1.7761e+03  0.0429961    20.1767 273.989551     2.2418      2.104     7.3184    301.924     7.5002 -9.990e-29
      2.064    20.1790 272.864637     2.2491 1.4441e+03     0.7093    83.7508 4.9084e-01 1.7761e+03  0.0429961    20.1767 273.989552     2.2405      2.105     7.3049    301.949     7.4953 -9.990e-29
      2.064    20.1790 272.864637     2.2466 1.4279e+03     0.7105    83.7246 5.0916e-01 1.7781e+03  0.0429961    20.1765 273.928649     2.2381      2.105     7.2916    301.949     7.4850 -9.990e-29
      2.063    20.1790 272.888763     2.2442 1.2689e+03     0.7105    83.7246 5.0549e-01 1.7781e+03  0.0429961    20.1765 274.111359     2.2369      2.104     7.2789    301.976     7.4802 -9.990e-29
      2.063    20.1790 272.864636     2.2418 1.1995e+03     0.7105    83.7246 4.8718e-01 1.7781e+03  0.0429961    20.1766 274.080906     2.2357      2.104     7.2664    301.949     7.4748 -9.990e-29
      2.064    20.1793 272.864637     2.2405 1.1927e+03     0.7081    83.7769 4.6886e-01 1.7781e+03  0.0429961    20.1765 274.141811     2.2344      2.105     7.2589    301.947     7.4691 -9.990e-29
      2.065    20.1793 272.840512     2.2381 1.1181e+03     0.7031    83.8815 4.5421e-01 1.7781e+03  0.0429961    20.1763 274.263619     2.2332      2.106     7.2465    301.921     7.4638 -9.990e-29
      2.065    20.1793 272.840512     2.2344 1.0749e+03     0.7018    83.9076 4.3590e-01 1.7781e+03  0.0429961    20.1767 273.928649     2.2320      2.106     7.2287    301.921     7.4581 -9.990e-29
      2.064    20.1792 272.852573     2.2332 1.0719e+03     0.7018    83.9076 4.2857e-01 1.7781e+03  0.0429961    20.1767 274.050454     2.2308      2.105     7.2217    301.935     7.4523 -9.990e-29
      2.065    20.1795 272.864637     2.2308 1.0422e+03     0.7018    83.9076 4.2857e-01 1.7781e+03  0.0429961    20.1765 274.172263     2.2295      2.106     7.2097    301.946     7.4459 -9.990e-29
      2.065    20.1795 272.864637     2.2283 1.0161e+03     0.7018    83.9076 4.3590e-01 1.7781e+03  0.0429961    20.1767 274.020004     2.2283      2.106     7.1976    301.946     7.4401 -9.990e-29
      2.065    20.1795 272.864637     2.2259 1.0133e+03     0.7018    83.9076 4.3223e-01 1.7761e+03  0.0429961    20.1767 274.080907     2.2271      2.106     7.1862    301.946     7.4337 -9.990e-29
      2.065    20.1797 272.888761     2.2234 1.1403e+03     0.7018    83.9076 4.2491e-01 1.7761e+03  0.0429961    20.1770 274.141809     2.2247      2.106     7.1739    301.971     7.4221 -9.990e-29
      2.067    20.1798 272.828448     2.2210 1.2904e+03     0.7006    83.9337 4.2491e-01 1.7761e+03  0.0429961    20.1768 274.172262     2.2234      2.108     7.1624    301.904     7.4149 -9.990e-29
      2.069    20.1797 272.876700     2.2173 1.3235e+03     0.7006    83.9337 4.2857e-01 1.7761e+03  0.0434118    20.1765 274.080907     2.2222      2.110     7.1451    301.958     7.4093 -9.990e-29
      2.070    20.1797 272.937014     2.2161 1.3272e+03     0.7018    83.9076 4.2857e-01 1.7761e+03  0.0429961    20.1764 273.928650     2.2210      2.111     7.1391    302.025     7.4030 -9.990e-29
      2.070    20.1797 272.864637     2.2137 1.3347e+03     0.7018    83.9076 4.2857e-01 1.7761e+03  0.0429961    20.1767 273.959100     2.2186      2.111     7.1277    301.945     7.3914 -9.990e-29
      2.070    20.1800 272.852574     2.2100 1.3385e+03     0.7006    83.9337 4.3223e-01 1.7761e+03  0.0429961    20.1763 274.080907     2.2173      2.111     7.1109    301.929     7.3843 -9.990e-29
      2.069    20.1797 272.816386     2.2088 1.3498e+03     0.7006    83.9337 4.4322e-01 1.7761e+03  0.0429961    20.1759 274.020004     2.2161      2.110     7.1051    301.891     7.3778 -9.990e-29
      2.069    20.1798 272.804322     2.2051 1.3767e+03     0.7006    83.9337 4.4689e-01 1.7761e+03  0.0434118    20.1763 274.020003     2.2149      2.110     7.0886    301.877     7.3714 -9.990e-29
      2.070    20.1802 272.828448     2.2027 1.3883e+03     0.7006    83.9337 4.3956e-01 1.7761e+03  0.0429961    20.1765 273.867746     2.2137      2.111     7.0777    301.901     7.3654 -9.990e-29
      2.072    20.1797 272.852574     2.2002 1.4119e+03     0.7006    83.9337 4.3590e-01 1.7761e+03  0.0429961    20.1761 273.928649     2.2112      2.113     7.0665    301.931     7.3533 -9.990e-29
      2.074    20.1800 272.816386     2.1978 1.4894e+03     0.7006    83.9337 4.3590e-01 1.7761e+03  0.0429961    20.1754 274.141812     2.2100      2.115     7.0556    301.889     7.3478 -9.990e-29
      2.074    20.1800 272.828448     2.1954 1.5190e+03     0.7031    83.8815 4.8352e-01 1.7761e+03  0.0429961    20.1758 274.080908     2.2076      2.115     7.0450    301.903     7.3365 -9.990e-29
      2.075    20.1800 272.840511     2.1929 1.4811e+03     0.7031    83.8815 5.4945e-01 1.7761e+03  0.0434118    20.1758 273.989553     2.2063      2.116     7.0344    301.916     7.3304 -9.990e-29
      2.075    20.1801 272.840511     2.1905 1.2406e+03     0.7056    83.8292 5.4945e-01 1.7761e+03  0.0429961    20.1759 274.080908     2.2051      2.116     7.0237    301.915     7.3250 -9.990e-29
      2.076    20.1804 272.840511     2.1893 1.1467e+03     0.7056    83.8292 5.2015e-01 1.7761e+03  0.0429961    20.1758 274.050456     2.2027      2.117     7.0183    301.913     7.3144 -9.990e-29
      2.076    20.1802 272.804323     2.1868 1.1499e+03     0.7056    83.8292 4.9817e-01 1.7761e+03  0.0429961    20.1761 274.050456     2.2015      2.117     7.0076    301.875     7.3093 -9.990e-29
      2.077    20.1800 272.768135     2.1844 1.2689e+03     0.7056    83.8292 5.0549e-01 1.7761e+03  0.0429961    20.1761 273.989552     2.1990      2.118     6.9973    301.836     7.2986 -9.990e-29
      2.078    20.1802 272.816385     2.1819 1.3347e+03     0.7043    83.8553 5.2381e-01 1.7761e+03  0.0429961    20.1759 274.020004     2.1978      2.119     6.9864    301.888     7.2939 -9.990e-29
      2.079    20.1801 272.840511     2.1783 1.3423e+03     0.7056    83.8292 5.3114e-01 1.7761e+03  0.0429961    20.1759 274.111360     2.1966      2.120     6.9712    301.915     7.2893 -9.990e-29
      2.079    20.1802 272.804323     2.1770 1.2268e+03     0.7043    83.8553 5.3480e-01 1.7761e+03  0.0429961    20.1756 273.867747     2.1941      2.120     6.9663    301.875     7.2796 -9.990e-29
      2.080    20.1800 272.828448     2.1734 1.1532e+03     0.7056    83.8292 5.2381e-01 1.7761e+03  0.0429961    20.1754 273.928650     2.1929      2.121     6.9510    301.903     7.2758 -9.990e-29
      2.081    20.1798 272.804323     2.1709 1.1435e+03     0.7043    83.8553 4.9817e-01 1.7761e+03  0.0429961    20.1756 274.141812     2.1905      2.122     6.9409    301.877     7.2668 -9.990e-29
