data/05_metadata_exports/SeabirdData/202310_SeabirdData/88309_STN66.cnv
* Sea-Bird SBE 9 Data File:
* FileName = C:\Users\rosette\Rosette Data\2023\Ontario lower food web csmi\STN66.hex
* Software Version Seasave V 7.26.6.26
* Temperature SN = 5270
* Conductivity SN = 1168
* Number of Bytes Per Scan = 40
* Number of Voltage Words = 5
* Number of Scans Averaged by the Deck Unit = 1
* NMEA Latitude = 43 19.99 N
* NMEA Longitude = 076 50.44 W
* NMEA UTC (Time) = Sep 23 2023  15:52:59
* NMEA baud rate = 4800
** Ship: Lake Guardian
** Cruise: Ontario LFW
** Station:  STN66
# nquan = 18                                
# nvalues = 10217                       
# units = specified
# name 0 = prDM: Pressure, Digiquartz [db]
# name 1 = t090C: Temperature [ITS-90, deg C]
# name 2 = c0uS/cm: Conductivity [uS/cm]
# name 3 = sbeox0V: Oxygen raw, SBE 43 [V]
# name 4 = par: PAR/Irradiance, Biospherical/Licor
# name 5 = bat: Beam Attenuation, Chelsea/Seatech [1/m]
# name 6 = xmiss: Beam Transmission, Chelsea/Seatech [%]
# name 7 = flSP: Fluorescence, Seapoint
# name 8 = spar: SPAR, Biospherical/Licor
# name 9 = upoly0: Upoly 0, Suna Nitrate
# name 10 = t190C: Temperature, 2 [ITS-90, deg C]
# name 11 = c1uS/cm: Conductivity, 2 [uS/cm]
# name 12 = sbeox1V: Oxygen raw, SBE 43, 2 [V]
# name 13 = depFM: Depth [fresh water, m], lat = 43.3332
# name 14 = sbeox0Mg/L: Oxygen, SBE 43 [mg/l], WS = 2
# name 15 = specc: Specific Conductance [uS/cm]
# name 16 = sbeox1Mg/L: Oxygen, SBE 43, 2 [mg/l], WS = 2
# name 17 = flag: flag
# span 0 =     -0.125,     15.566       
# span 1 =    18.5218,    20.1833       
# span 2 =   5.133628, 275.012086       
# span 3 =     1.6581,     2.4774       
# span 4 = 4.6929e+01, 3.1553e+03       
# span 5 =     0.2543,     1.6022       
# span 6 =    66.9954,    93.8406       
# span 7 = 0.0000e+00, 5.3700e+00       
# span 8 = 1.5989e+03, 1.7781e+03       
# span 9 =  0.0413330,  0.0621209       
# span 10 =    17.8879,    20.1795      
# span 11 =  -0.682195, 277.948590      
# span 12 =     1.8730,     2.7399      
# span 13 =     -0.127,     15.873      
# span 14 =     5.0990,     8.5701      
# span 15 =      5.828,    304.780      
# span 16 =     6.0325,    10.0627      
# span 17 = 0.0000e+00, 0.0000e+00      
# interval = seconds: 0.0416667
# start_time = Sep 23 2023 15:52:59 [NMEA time, header]
# bad_flag = -9.990e-29
*END*
[from data line 8925]
      7.629    20.1497 273.142257     2.4640 2.5689e+02     0.5466    87.2273 7.3260e-01 1.6206e+03  0.0554688    20.1500 274.263787     2.4542      7.779     8.5164    302.453     8.6620 -9.990e-29
      7.629    20.1496 273.142257     2.4628 2.5616e+02     0.5466    87.2273 7.9487e-01 1.6186e+03  0.0554688    20.1496 274.202884     2.4542      7.779     8.5111    302.453     8.6617 -9.990e-29
      7.629    20.1497 273.178448     2.4628 2.5616e+02     0.5466    87.2273 8.0220e-01 1.6186e+03  0.0554688    20.1500 274.294241     2.4542      7.779     8.5114    302.493     8.6613 -9.990e-29
      7.629    20.1499 273.226699     2.4628 2.5544e+02     0.5478    87.2012 7.6923e-01 1.6186e+03  0.0558845    20.1507 274.233335     2.4542      7.779     8.5116    302.545     8.6608 -9.990e-29
      7.630    20.1499 273.178446     2.4628 2.5330e+02     0.5454    87.2534 7.4359e-01 1.6186e+03  0.0558845    20.1502 274.081076     2.4542      7.780     8.5116    302.491     8.6605 -9.990e-29
      7.630    20.1502 273.166386     2.4628 2.5259e+02     0.5466    87.2273 7.1795e-01 1.6186e+03  0.0558845    20.1502 274.263790     2.4542      7.780     8.5115    302.476     8.6601 -9.990e-29
      7.628    20.1507 273.118128     2.4628 2.5259e+02     0.5466    87.2273 7.1429e-01 1.6186e+03  0.0554688    20.1503 274.294237     2.4542      7.778     8.5118    302.419     8.6597 -9.990e-29
      7.627    20.1513 273.142257     2.4628 2.5259e+02     0.5478    87.2012 7.2527e-01 1.6186e+03  0.0554688    20.1498 274.294241     2.4542      7.777     8.5117    302.442     8.6594 -9.990e-29
      7.626    20.1512 273.166382     2.4628 2.5259e+02     0.5466    87.2273 7.2527e-01 1.6186e+03  0.0550530    20.1498 274.324692     2.4542      7.776     8.5118    302.469     8.6590 -9.990e-29
      7.627    20.1516 273.166380     2.4628 2.5188e+02     0.5466    87.2273 7.0330e-01 1.6186e+03  0.0550530    20.1498 274.294239     2.4530      7.777     8.5117    302.467     8.6532 -9.990e-29
      7.628    20.1513 273.214637     2.4628 2.5330e+02     0.5478    87.2012 6.7766e-01 1.6166e+03  0.0554688    20.1496 274.324695     2.4530      7.778     8.5118    302.522     8.6529 -9.990e-29
      7.629    20.1512 273.166380     2.4628 2.5401e+02     0.5466    87.2273 6.7399e-01 1.6166e+03  0.0554688    20.1496 274.355142     2.4542      7.779     8.5119    302.469     8.6579 -9.990e-29
      7.629    20.1514 273.178446     2.4628 2.5401e+02     0.5466    87.2273 6.9597e-01 1.6166e+03  0.0554688    20.1496 274.294241     2.4542      7.779     8.5120    302.481     8.6575 -9.990e-29
      7.630    20.1510 273.226699     2.4628 2.5401e+02     0.5466    87.2273 7.2527e-01 1.6166e+03  0.0554688    20.1493 274.202885     2.4542      7.780     8.5122    302.538     8.6572 -9.990e-29
      7.629    20.1507 273.130192     2.4628 2.5401e+02     0.5502    87.1489 7.2527e-01 1.6166e+03  0.0554688    20.1493 274.202884     2.4530      7.779     8.5127    302.433     8.6514 -9.990e-29
      7.629    20.1502 273.178446     2.4628 2.5401e+02     0.5514    87.1227 7.1429e-01 1.6166e+03  0.0554688    20.1493 274.294240     2.4542      7.779     8.5129    302.489     8.6564 -9.990e-29
      7.629    20.1499 273.202574     2.4628 2.5401e+02     0.5526    87.0966 7.1062e-01 1.6166e+03  0.0554688    20.1493 274.355146     2.4542      7.779     8.5134    302.518     8.6560 -9.990e-29
      7.629    20.1500 273.154319     2.4640 2.5330e+02     0.5514    87.1227 6.9963e-01 1.6166e+03  0.0554688    20.1489 274.294240     2.4530      7.779     8.5191    302.464     8.6508 -9.990e-29
      7.628    20.1502 273.142258     2.4640 2.5330e+02     0.5514    87.1227 6.8498e-01 1.6166e+03  0.0554688    20.1491 274.294242     2.4530      7.778     8.5192    302.449     8.6508 -9.990e-29
      7.628    20.1508 273.154317     2.4628 2.5259e+02     0.5526    87.0966 6.6667e-01 1.6166e+03  0.0554688    20.1493 274.202882     2.4542      7.778     8.5143    302.459     8.6562 -9.990e-29
      7.630    20.1511 273.190510     2.4640 2.5188e+02     0.5526    87.0966 6.5568e-01 1.6147e+03  0.0554688    20.1495 274.202885     2.4530      7.780     8.5200    302.497     8.6508 -9.990e-29
      7.631    20.1507 273.154320     2.4640 2.5188e+02     0.5526    87.0966 6.8498e-01 1.6147e+03  0.0554688    20.1495 274.141981     2.4530      7.781     8.5202    302.459     8.6510 -9.990e-29
      7.632    20.1508 273.154319     2.4628 2.5117e+02     0.5514    87.1227 7.5092e-01 1.6147e+03  0.0558845    20.1493 274.172432     2.4530      7.782     8.5154    302.459     8.6511 -9.990e-29
      7.632    20.1509 273.166383     2.4628 2.4976e+02     0.5526    87.0966 7.8388e-01 1.6147e+03  0.0554688    20.1491 274.263790     2.4530      7.782     8.5158    302.471     8.6509 -9.990e-29
      7.632    20.1511 273.142255     2.4640 2.4976e+02     0.5526    87.0966 7.9121e-01 1.6147e+03  0.0550530    20.1491 274.294240     2.4530      7.782     8.5215    302.443     8.6510 -9.990e-29
      7.632    20.1508 273.178445     2.4628 2.4906e+02     0.5514    87.1227 7.6923e-01 1.6147e+03  0.0550530    20.1491 274.202884     2.4530      7.782     8.5167    302.485     8.6512 -9.990e-29
      7.633    20.1512 273.166383     2.4640 2.4906e+02     0.5514    87.1227 7.3260e-01 1.6147e+03  0.0554688    20.1491 274.385598     2.4530      7.783     8.5220    302.469     8.6514 -9.990e-29
      7.633    20.1511 273.142257     2.4640 2.4906e+02     0.5526    87.0966 7.0330e-01 1.6127e+03  0.0554688    20.1489 274.324694     2.4530      7.783     8.5221    302.443     8.6517 -9.990e-29
      7.632    20.1513 273.154318     2.4628 2.4976e+02     0.5526    87.0966 6.7399e-01 1.6127e+03  0.0550530    20.1488 274.202884     2.4530      7.782     8.5169    302.455     8.6519 -9.990e-29
      7.632    20.1511 273.166382     2.4628 2.5117e+02     0.5514    87.1227 6.5934e-01 1.6127e+03  0.0554688    20.1489 274.263788     2.4530      7.782     8.5170    302.470     8.6522 -9.990e-29
      7.633    20.1512 273.166383     2.4628 2.5188e+02     0.5514    87.1227 6.5934e-01 1.6127e+03  0.0554688    20.1482 274.294242     2.4530      7.783     8.5170    302.469     8.6525 -9.990e-29
      7.634    20.1513 273.142255     2.4628 2.5188e+02     0.5514    87.1227 6.8132e-01 1.6127e+03  0.0558845    20.1481 274.202885     2.4530      7.785     8.5170    302.442     8.6529 -9.990e-29
      7.634    20.1514 273.154320     2.4628 2.5544e+02     0.5514    87.1227 7.1429e-01 1.6127e+03  0.0554688    20.1482 274.202886     2.4530      7.785     8.5169    302.455     8.6531 -9.990e-29
      7.634    20.1511 273.190508     2.4628 2.5761e+02     0.5514    87.1227 7.2161e-01 1.6127e+03  0.0550530    20.1479 274.263789     2.4530      7.785     8.5170    302.497     8.6535 -9.990e-29
      7.634    20.1510 273.202573     2.4628 2.5833e+02     0.5526    87.0966 7.1429e-01 1.6127e+03  0.0550530    20.1481 274.202887     2.4530      7.785     8.5170    302.511     8.6534 -9.990e-29
      7.635    20.1509 273.166382     2.4628 2.5833e+02     0.5514    87.1227 6.9963e-01 1.6127e+03  0.0558845    20.1482 274.202885     2.4530      7.786     8.5169    302.471     8.6533 -9.990e-29
      7.635    20.1512 273.166383     2.4628 2.5833e+02     0.5514    87.1227 6.9963e-01 1.6107e+03  0.0554688    20.1482 274.263790     2.4530      7.786     8.5168    302.469     8.6536 -9.990e-29
      7.635    20.1510 273.166382     2.4628 2.5833e+02     0.5514    87.1227 7.4359e-01 1.6107e+03  0.0550530    20.1482 274.294241     2.4530      7.786     8.5168    302.471     8.6544 -9.990e-29
      7.635    20.1512 273.190509     2.4640 2.5761e+02     0.5526    87.0966 7.5824e-01 1.6107e+03  0.0554688    20.1486 274.294242     2.4530      7.786     8.5223    302.496     8.6546 -9.990e-29
      7.635    20.1516 273.154318     2.4628 2.5616e+02     0.5514    87.1227 7.2894e-01 1.6107e+03  0.0558845    20.1486 274.324693     2.4530      7.786     8.5172    302.453     8.6546 -9.990e-29
      7.635    20.1513 273.178446     2.4640 2.5616e+02     0.5514    87.1227 6.9963e-01 1.6107e+03  0.0554688    20.1484 274.294242     2.4530      7.786     8.5223    302.482     8.6550 -9.990e-29
      7.635    20.1514 273.154318     2.4640 2.5544e+02     0.5514    87.1227 6.8864e-01 1.6107e+03  0.0550530    20.1481 274.202885     2.4530      7.786     8.5222    302.455     8.6554 -9.990e-29
      7.635    20.1514 273.178446     2.4640 2.5544e+02     0.5514    87.1227 6.9597e-01 1.6107e+03  0.0554688    20.1479 274.263791     2.4530      7.786     8.5227    302.481     8.6555 -9.990e-29
      7.635    20.1511 273.166382     2.4640 2.5473e+02     0.5514    87.1227 7.2161e-01 1.6107e+03  0.0554688    20.1479 274.294241     2.4530      7.786     8.5233    302.470     8.6554 -9.990e-29
      7.636    20.1514 273.190509     2.4640 2.5401e+02     0.5526    87.0966 7.4359e-01 1.6107e+03  0.0554688    20.1477 274.294243     2.4530      7.787     8.5230    302.495     8.6559 -9.990e-29
      7.636    20.1512 273.202571     2.4640 2.5259e+02     0.5514    87.1227 7.3260e-01 1.6088e+03  0.0554688    20.1477 274.202885     2.4530      7.787     8.5236    302.509     8.6559 -9.990e-29
      7.636    20.1517 273.226699     2.4640 2.5188e+02     0.5514    87.1227 7.0330e-01 1.6088e+03  0.0554688    20.1474 274.202887     2.4530      7.787     8.5240    302.533     8.6559 -9.990e-29
      7.636    20.1516 273.202571     2.4640 2.5117e+02     0.5514    87.1227 6.8498e-01 1.6088e+03  0.0554688    20.1474 274.263790     2.4518      7.787     8.5241    302.507     8.6506 -9.990e-29
      7.637    20.1514 273.154320     2.4640 2.4906e+02     0.5526    87.0966 6.8864e-01 1.6088e+03  0.0554688    20.1477 274.294243     2.4530      7.788     8.5242    302.455     8.6559 -9.990e-29
      7.637    20.1513 273.154318     2.4640 2.4836e+02     0.5514    87.1227 6.7399e-01 1.6088e+03  0.0554688    20.1472 274.202886     2.4530      7.788     8.5246    302.455     8.6560 -9.990e-29
      7.638    20.1516 273.190509     2.4640 2.4836e+02     0.5514    87.1227 6.5201e-01 1.6088e+03  0.0550530    20.1475 274.263791     2.4530      7.789     8.5243    302.493     8.6559 -9.990e-29
      7.638    20.1519 273.202572     2.4640 2.4697e+02     0.5514    87.1227 6.3370e-01 1.6088e+03  0.0550530    20.1477 274.172435     2.4530      7.789     8.5242    302.505     8.6559 -9.990e-29
      7.637    20.1518 273.166381     2.4640 2.4697e+02     0.5514    87.1227 6.3004e-01 1.6088e+03  0.0550530    20.1475 274.233338     2.4530      7.788     8.5243    302.465     8.6555 -9.990e-29
      7.636    20.1519 273.214635     2.4640 2.4697e+02     0.5526    87.0966 6.4469e-01 1.6088e+03  0.0558845    20.1472 274.294243     2.4530      7.787     8.5243    302.518     8.6552 -9.990e-29
      7.636    20.1521 273.178444     2.4640 2.4766e+02     0.5526    87.0966 6.4835e-01 1.6088e+03  0.0563003    20.1475 274.202886     2.4530      7.787     8.5242    302.477     8.6548 -9.990e-29
      7.636    20.1521 273.166381     2.4640 2.4836e+02     0.5502    87.1489 6.5201e-01 1.6088e+03  0.0558845    20.1477 274.263789     2.4530      7.787     8.5242    302.463     8.6544 -9.990e-29
      7.638    20.1519 273.190509     2.4640 2.4766e+02     0.5514    87.1227 6.6300e-01 1.6068e+03  0.0554688    20.1474 274.294243     2.4530      7.789     8.5241    302.491     8.6541 -9.990e-29
      7.638    20.1518 273.130193     2.4640 2.4697e+02     0.5514    87.1227 7.0330e-01 1.6068e+03  0.0550530    20.1474 274.202887     2.4530      7.789     8.5241    302.425     8.6538 -9.990e-29
      7.638    20.1517 273.142255     2.4640 2.4697e+02     0.5502    87.1489 7.9853e-01 1.6068e+03  0.0554688    20.1470 274.202886     2.4530      7.789     8.5236    302.439     8.6535 -9.990e-29
      7.639    20.1514 273.214636     2.4640 2.4697e+02     0.5502    87.1489 8.8645e-01 1.6068e+03  0.0558845    20.1472 274.202887     2.4530      7.790     8.5231    302.521     8.6532 -9.990e-29
      7.638    20.1518 273.178446     2.4640 2.5046e+02     0.5514    87.1227 8.9011e-01 1.6068e+03  0.0554688    20.1472 274.263791     2.4530      7.789     8.5226    302.479     8.6530 -9.990e-29
      7.637    20.1518 273.142255     2.4640 2.5473e+02     0.5514    87.1227 8.2784e-01 1.6068e+03  0.0546373    20.1474 274.202886     2.4542      7.788     8.5220    302.439     8.6580 -9.990e-29
      7.637    20.1518 273.214634     2.4652 2.5544e+02     0.5514    87.1227 7.7656e-01 1.6068e+03  0.0546373    20.1470 274.294242     2.4530      7.788     8.5271    302.519     8.6525 -9.990e-29
      7.638    20.1519 273.166382     2.4652 2.5616e+02     0.5514    87.1227 7.3626e-01 1.6068e+03  0.0554688    20.1472 274.294243     2.4530      7.789     8.5269    302.465     8.6523 -9.990e-29
      7.638    20.1521 273.178445     2.4640 2.5761e+02     0.5514    87.1227 7.2527e-01 1.6068e+03  0.0558845    20.1472 274.202887     2.4530      7.789     8.5214    302.477     8.6521 -9.990e-29
      7.638    20.1519 273.166381     2.4640 2.5833e+02     0.5502    87.1489 7.2161e-01 1.6068e+03  0.0558845    20.1470 274.294242     2.4530      7.789     8.5215    302.465     8.6519 -9.990e-29
      7.637    20.1519 273.142256     2.4652 2.5906e+02     0.5514    87.1227 7.2894e-01 1.6068e+03  0.0554688    20.1470 274.355148     2.4530      7.788     8.5269    302.438     8.6521 -9.990e-29
      7.637    20.1518 273.178444     2.4652 2.5979e+02     0.5514    87.1227 7.2894e-01 1.6068e+03  0.0550530    20.1472 274.172434     2.4530      7.788     8.5270    302.479     8.6519 -9.990e-29
      7.637    20.1519 273.166382     2.4640 2.6052e+02     0.5514    87.1227 7.1429e-01 1.6048e+03  0.0554688    20.1474 274.050628     2.4530      7.788     8.5218    302.465     8.6518 -9.990e-29
      7.637    20.1518 273.214634     2.4652 2.6052e+02     0.5514    87.1227 6.8864e-01 1.6048e+03  0.0558845    20.1468 274.263790     2.4530      7.788     8.5271    302.519     8.6517 -9.990e-29
      7.638    20.1518 273.130193     2.4652 2.6126e+02     0.5514    87.1227 6.9231e-01 1.6048e+03  0.0558845    20.1468 274.233340     2.4530      7.789     8.5272    302.425     8.6516 -9.990e-29
      7.639    20.1514 273.214633     2.4652 2.6199e+02     0.5502    87.1489 7.1062e-01 1.6048e+03  0.0554688    20.1470 274.263789     2.4530      7.790     8.5272    302.521     8.6515 -9.990e-29
      7.641    20.1514 273.190511     2.4652 2.6126e+02     0.5514    87.1227 6.9597e-01 1.6048e+03  0.0554688    20.1470 274.294245     2.4530      7.792     8.5273    302.495     8.6514 -9.990e-29
      7.642    20.1513 273.190508     2.4652 2.5979e+02     0.5514    87.1227 6.7399e-01 1.6048e+03  0.0554688    20.1470 274.294242     2.4530      7.793     8.5273    302.495     8.6513 -9.990e-29
      7.642    20.1516 273.166383     2.4640 2.5979e+02     0.5502    87.1489 6.7399e-01 1.6048e+03  0.0554688    20.1470 274.172436     2.4530      7.793     8.5220    302.467     8.6516 -9.990e-29
      7.642    20.1512 273.166383     2.4640 2.5906e+02     0.5490    87.1750 6.7766e-01 1.6048e+03  0.0554688    20.1468 274.233340     2.4530      7.793     8.5224    302.469     8.6516 -9.990e-29
      7.641    20.1515 273.190508     2.4640 2.5473e+02     0.5490    87.1750 6.7399e-01 1.6048e+03  0.0554688    20.1472 274.294242     2.4518      7.792     8.5222    302.494     8.6461 -9.990e-29
      7.641    20.1512 273.202573     2.4652 2.5188e+02     0.5478    87.2012 6.5568e-01 1.6048e+03  0.0554688    20.1468 274.294244     2.4518      7.792     8.5275    302.509     8.6465 -9.990e-29
      7.641    20.1514 273.154318     2.4652 2.5188e+02     0.5490    87.1750 6.3370e-01 1.6048e+03  0.0554688    20.1465 274.172435     2.4518      7.792     8.5274    302.455     8.6465 -9.990e-29
      7.641    20.1513 273.142257     2.4652 2.4976e+02     0.5490    87.1750 6.1538e-01 1.6048e+03  0.0550530    20.1468 274.172436     2.4518      7.792     8.5273    302.442     8.6464 -9.990e-29
