data/05_metadata_exports/SeabirdData/202310_SeabirdData/88309_STN66.cnv
* Sea-Bird SBE 9 Data File:
* FileName = C:\Users\rosette\Rosette Data\2023\Ontario lower food web csmi\STN66.hex
* Software Version Seasave V 7.26.6.26
* Temperature SN = 5270
* Conductivity SN = 1168
* Number of Bytes Per Scan = 40
* Number of Voltage Words = 5
* Number of Scans Averaged by the Deck Unit = 1
* NMEA Latitude = 43 19.99 N
* NMEA Longitude = 076 50.44 W
* NMEA UTC (Time) = Sep 23 2023  15:52:59
* NMEA baud rate = 4800
** Ship: Lake Guardian
** Cruise: Ontario LFW
** Station:  STN66
# nquan = 18                                
# nvalues = 10217                       
# units = specified
# name 0 = prDM: Pressure, Digiquartz [db]
# name 1 = t090C: Temperature [ITS-90, deg C]
# name 2 = c0uS/cm: Conductivity [uS/cm]
# name 3 = sbeox0V: Oxygen raw, SBE 43 [V]
# name 4 = par: PAR/Irradiance, Biospherical/Licor
# name 5 = bat: Beam Attenuation, Chelsea/Seatech [1/m]
# name 6 = xmiss: Beam Transmission, Chelsea/Seatech [%]
# name 7 = flSP: Fluorescence, Seapoint
# name 8 = spar: SPAR, Biospherical/Licor
# name 9 = upoly0: Upoly 0, Suna Nitrate
# name 10 = t190C: Temperature, 2 [ITS-90, deg C]
# name 11 = c1uS/cm: Conductivity, 2 [uS/cm]
# name 12 = sbeox1V: Oxygen raw, SBE 43, 2 [V]
# name 13 = depFM: Depth [fresh water, m], lat = 43.3332
# name 14 = sbeox0Mg/L: Oxygen, SBE 43 [mg/l], WS = 2
# name 15 = specc: Specific Conductance [uS/cm]
# name 16 = sbeox1Mg/L: Oxygen, SBE 43, 2 [mg/l], WS = 2
# name 17 = flag: flag
# span 0 =     -0.125,     15.566       
# span 1 =    18.5218,    20.1833       
# span 2 =   5.133628, 275.012086       
# span 3 =     1.6581,     2.4774       
# span 4 = 4.6929e+01, 3.1553e+03       
# span 5 =     0.2543,     1.6022       
# span 6 =    66.9954,    93.8406       
# span 7 = 0.0000e+00, 5.3700e+00       
# span 8 = 1.5989e+03, 1.7781e+03       
# span 9 =  0.0413330,  0.0621209       
# span 10 =    17.8879,    20.1795      
# span 11 =  -0.682195, 277.948590      
# span 12 =     1.8730,     2.7399      
# span 13 =     -0.127,     15.873      
# span 14 =     5.0990,     8.5701      
# span 15 =      5.828,    304.780      
# span 16 =     6.0325,    10.0627      
# span 17 = 0.0000e+00, 0.0000e+00      
# interval = seconds: 0.0416667
# start_time = Sep 23 2023 15:52:59 [NMEA time, header]
# bad_flag = -9.990e-29
*END*
[from data line 403]
     -0.044    19.0312   8.711598     2.0330 2.3094e+03     0.2643    93.6053 1.3187e-01 1.6580e+03  0.0413330    19.0738  -0.411633     2.5861     -0.045     6.6485      9.892     9.4540 -9.990e-29
     -0.041    19.0297   8.840247     2.0317 2.3094e+03     0.2654    93.5792 1.3187e-01 1.6580e+03  0.0413330    19.0629  -0.381570     2.5861     -0.042     6.6443     10.038     9.4561 -9.990e-29
     -0.032    19.0240   8.594647     2.0305 2.3094e+03     0.2654    93.5792 1.3187e-01 1.6600e+03  0.0413330    19.0505  -0.231256     2.5861     -0.033     6.6413      9.760     9.4585 -9.990e-29
     -0.022    19.0126   8.255497     2.0293 2.3094e+03     0.2643    93.6053 1.2821e-01 1.6580e+03  0.0413330    19.0352  -0.171131     2.5861     -0.022     6.6392      9.378     9.4615 -9.990e-29
     -0.011    18.9967   7.916361     2.0293 2.3094e+03     0.2643    93.6053 8.4249e-02 1.6580e+03  0.0413330    19.0161  -0.261319     2.5861     -0.011     6.6434      8.996     9.4653 -9.990e-29
     -0.001    18.9843   7.635707     2.0281 2.3224e+03     0.2654    93.5792 1.2821e-01 1.6580e+03  0.0413330    18.9984  -0.501820     2.5861     -0.001     6.6423      8.679     9.4687 -9.990e-29
      0.005    18.9782   7.191358     2.0269 2.3421e+03     0.2666    93.5530 2.6374e-01 1.6580e+03  0.0413330    18.9914  -0.471758     2.5861      0.005     6.6405      8.175     9.4701 -9.990e-29
      0.007    18.9781   7.238130     2.0256 2.3487e+03     0.2677    93.5269 3.8462e-01 1.6580e+03  0.0413330    19.0046  -0.231256     2.5861      0.007     6.6377      8.228     9.4675 -9.990e-29
      0.004    18.9823   7.308289     2.0244 2.3620e+03     0.2699    93.4746 4.7253e-01 1.6580e+03  0.0413330    19.0381  -0.141068     2.5861      0.004     6.6353      8.307     9.4609 -9.990e-29
     -0.002    18.9870   7.413529     2.0232 2.4157e+03     0.2789    93.2655 1.3773e+00 1.6580e+03  0.0413330    19.0763  -0.020815     2.5861     -0.002     6.6333      8.426     9.4534 -9.990e-29
     -0.008    18.9933   8.021609     2.0220 2.4293e+03     0.2980    92.8211 2.5861e+00 1.6580e+03  0.0413330    19.1040  -0.261319     2.5861     -0.008     6.6320      9.116     9.4484 -9.990e-29
     -0.014    18.9997   8.910421     2.0220 2.4293e+03     0.3059    92.6382 2.9158e+00 1.6580e+03  0.0413330    19.1228  -0.351507     2.5861     -0.014     6.6364     10.124     9.4448 -9.990e-29
     -0.017    18.9940   9.214510     2.0208 2.4225e+03     0.3115    92.5075 3.2125e+00 1.6580e+03  0.0413330    19.1287  -0.291382     2.5861     -0.017     6.6374     10.471     9.4436 -9.990e-29
     -0.018    18.9876   8.992290     2.0208 2.4225e+03     0.3149    92.4291 3.4762e+00 1.6580e+03  0.0413330    19.1228  -0.321445     2.5861     -0.018     6.6447     10.220     9.4448 -9.990e-29
     -0.017    18.9893   9.366559     2.0195 2.4157e+03     0.3115    92.5075 2.9194e+00 1.6600e+03  0.0413330    19.1137  -0.141068     2.5861     -0.017     6.6458     10.645     9.4465 -9.990e-29
     -0.019    18.9905   9.144335     2.0183 2.3820e+03     0.3014    92.7427 2.0733e+00 1.6580e+03  0.0413330    19.1043  -0.291382     2.5861     -0.019     6.6481     10.392     9.4484 -9.990e-29
     -0.025    18.9658   8.559563     2.0171 2.3686e+03     0.2924    92.9518 1.4139e+00 1.6600e+03  0.0413330    19.1038  -0.441695     2.5861     -0.025     6.6544      9.733     9.4485 -9.990e-29
     -0.028    18.9560   8.793467     2.0159 2.3686e+03     0.2856    93.1087 9.9634e-01 1.6600e+03  0.0413330    19.1064  -0.381570     2.5861     -0.029     6.6594     10.002     9.4480 -9.990e-29
     -0.031    18.9589   9.027378     2.0147 2.3487e+03     0.2800    93.2394 6.7399e-01 1.6600e+03  0.0413330    19.0927  -0.291382     2.5861     -0.032     6.6632     10.267     9.4506 -9.990e-29
     -0.034    18.9346   8.910422     2.0147 2.3421e+03     0.2755    93.3439 4.4689e-01 1.6600e+03  0.0413330    19.0756  -0.111005     2.5861     -0.035     6.6762     10.140     9.4540 -9.990e-29
     -0.034    18.9099   9.050771     2.0134 2.3421e+03     0.2722    93.4224 3.0769e-01 1.6600e+03  0.0413330    19.0641  -0.261319     2.5861     -0.035     6.6838     10.305     9.4562 -9.990e-29
     -0.032    18.8985   9.156033     2.0134 2.3159e+03     0.2699    93.4746 2.3077e-01 1.6600e+03  0.0413330    19.0521  -0.231256     2.5861     -0.033     6.6956     10.428     9.4585 -9.990e-29
     -0.030    18.8701   8.758384     2.0122 2.2965e+03     0.2688    93.5008 1.7949e-01 1.6600e+03  0.0413330    19.0412  -0.471758     2.5861     -0.031     6.7046      9.981     9.4607 -9.990e-29
     -0.029    18.8427   8.770080     2.0122 2.2900e+03     0.2677    93.5269 1.4652e-01 1.6600e+03  0.0413330    19.0309  -0.291382     2.5861     -0.030     6.7193     10.001     9.4627 -9.990e-29
     -0.029    18.8362  62.637550     2.0110 2.2517e+03     0.2666    93.5530 1.4286e-01 1.6600e+03  0.0413330    19.0170  -0.171131     2.5861     -0.030     6.7254     71.438     9.4654 -9.990e-29
     -0.029    18.8272 135.948687     2.0110 2.2203e+03     0.2666    93.5530 1.3553e-01 1.6600e+03  0.0413330    19.0020  -0.171131     2.5861     -0.030     6.7365    155.080     9.4683 -9.990e-29
     -0.030    18.8111 153.896860     2.0110 2.2140e+03     0.2654    93.5792 1.3553e-01 1.6600e+03  0.0413330    18.9881  -0.171131     2.5861     -0.031     6.7504    175.619     9.4710 -9.990e-29
     -0.032    18.8052  44.693920     2.0110 2.2078e+03     0.2654    93.5792 1.3187e-01 1.6600e+03  0.0413330    18.9757  -0.411633     2.5861     -0.033     6.7653     51.009     9.4735 -9.990e-29
     -0.037    18.7964   8.594653     2.0110 2.1955e+03     0.2654    93.5792 1.2821e-01 1.6600e+03  0.0413330    18.9641  -0.381570     2.5861     -0.038     6.7794      9.811     9.4757 -9.990e-29
     -0.043    18.7803   8.664825     2.0110 2.1955e+03     0.2654    93.5792 1.3187e-01 1.6600e+03  0.0413330    18.9503  -0.171131     2.5861     -0.044     6.7944      9.895     9.4784 -9.990e-29
     -0.049    18.7764   9.436743     2.0122 2.1831e+03     0.2654    93.5792 1.3553e-01 1.6600e+03  0.0413330    18.9371  -0.111005     2.5861     -0.050     6.8131     10.777     9.4810 -9.990e-29
     -0.054    18.7696  10.080063     2.0122 2.1648e+03     0.2654    93.5792 1.3187e-01 1.6619e+03  0.0413330    18.9235  -0.171131     2.5861     -0.055     6.8268     11.514     9.4837 -9.990e-29
     -0.054    18.7585   9.822729     2.0134 2.1527e+03     0.2654    93.5792 1.2088e-01 1.6619e+03  0.0413330    18.9112  -0.381570     2.5861     -0.055     6.8460     11.223     9.4861 -9.990e-29
     -0.048    18.7545   9.799336     2.0147 2.1466e+03     0.2654    93.5792 1.1722e-01 1.6619e+03  0.0413330    18.9010  -0.351507     2.5861     -0.049     6.8649     11.197     9.4881 -9.990e-29
     -0.040    18.7571   9.448440     2.0159 2.1167e+03     0.2654    93.5792 1.0623e-01 1.6619e+03  0.0413330    18.8924  -0.291382     2.5861     -0.041     6.8822     10.795     9.4898 -9.990e-29
     -0.031    18.7517   8.781778     2.0171 2.1048e+03     0.2643    93.6053 1.2088e-01 1.6619e+03  0.0413330    18.8875  -0.261319     2.5861     -0.032     6.9004     10.035     9.4908 -9.990e-29
     -0.024    18.7507   8.466010     2.0183 2.1048e+03     0.2654    93.5792 1.2821e-01 1.6619e+03  0.0413330    18.8848  -0.201194     2.5861     -0.024     6.9181      9.674     9.4913 -9.990e-29
     -0.021    18.7611   8.454314     2.0208 2.0989e+03     0.2654    93.5792 1.1722e-01 1.6619e+03  0.0413330    18.8835  -0.321445     2.5861     -0.021     6.9397      9.659     9.4916 -9.990e-29
     -0.020    18.7706   8.454314     2.0232 2.0930e+03     0.2643    93.6053 1.0989e-01 1.6619e+03  0.0413330    18.8798  -0.531883     2.5861     -0.020     6.9605      9.657     9.4923 -9.990e-29
     -0.020    18.7769   8.512789     2.0256 2.0989e+03     0.2643    93.6053 1.0623e-01 1.6619e+03  0.0413330    18.8681  -0.381570     2.5861     -0.020     6.9814      9.722     9.4946 -9.990e-29
     -0.020    18.7832   8.816863     2.0269 2.1107e+03     0.2643    93.6053 1.0256e-01 1.6619e+03  0.0413330    18.8530  -0.291382     2.5861     -0.020     6.9969     10.068     9.4975 -9.990e-29
     -0.021    18.7863   8.957209     2.0293 2.1167e+03     0.2643    93.6053 1.0256e-01 1.6619e+03  0.0413330    18.8399  -0.111005     2.5861     -0.021     7.0169     10.227     9.5001 -9.990e-29
     -0.020    18.7858   8.887036     2.0317 2.1167e+03     0.2632    93.6315 1.0989e-01 1.6619e+03  0.0413330    18.8266  -0.261319     2.5861     -0.020     7.0366     10.147     9.5027 -9.990e-29
     -0.020    18.7865   8.875340     2.0342 2.1226e+03     0.2643    93.6053 1.2454e-01 1.6619e+03  0.0413330    18.8175  -0.351508     2.5861     -0.020     7.0560     10.134     9.5045 -9.990e-29
     -0.020    18.7871   8.816863     2.0354 2.1286e+03     0.2643    93.6053 1.2821e-01 1.6619e+03  0.0413330    18.8109  -0.291382     2.5861     -0.020     7.0689     10.067     9.5058 -9.990e-29
     -0.020    18.7869   8.629739     2.0379 2.1286e+03     0.2643    93.6053 1.2821e-01 1.6619e+03  0.0413330    18.8069  -0.261319     2.5861     -0.020     7.0869      9.853     9.5066 -9.990e-29
     -0.020    18.7879   8.512788     2.0403 2.1286e+03     0.2643    93.6053 1.3187e-01 1.6619e+03  0.0413330    18.8052  -0.171131     2.5861     -0.020     7.1039      9.719     9.5070 -9.990e-29
     -0.022    18.7891   8.489398     2.0427 2.1226e+03     0.2654    93.5792 1.3187e-01 1.6639e+03  0.0413330    18.8052  -0.171131     2.5861     -0.022     7.1198      9.693     9.5070 -9.990e-29
     -0.025    18.7903   8.512788     2.0452 2.1286e+03     0.2643    93.6053 1.3553e-01 1.6639e+03  0.0413330    18.8062  -0.201194     2.5861     -0.025     7.1350      9.719     9.5068 -9.990e-29
     -0.030    18.7915   8.618044     2.0464 2.1167e+03     0.2643    93.6053 1.3553e-01 1.6639e+03  0.0413330    18.8094  -0.381570     2.5861     -0.031     7.1438      9.839     9.5061 -9.990e-29
     -0.036    18.7927   8.828558     2.0501 2.1048e+03     0.2643    93.6053 1.3553e-01 1.6639e+03  0.0413330    18.8137  -0.321445     2.5861     -0.037     7.1630     10.079     9.5053 -9.990e-29
     -0.042    18.7939   9.074166     2.0513 2.1048e+03     0.2643    93.6053 1.3187e-01 1.6639e+03  0.0413330    18.8167  -0.201194     2.5861     -0.043     7.1697     10.359     9.5047 -9.990e-29
     -0.046    18.7934   9.074166     2.0549 2.0989e+03     0.2643    93.6053 1.2821e-01 1.6639e+03  0.0413330    18.8187  -0.141068     2.5861     -0.047     7.1864     10.359     9.5043 -9.990e-29
     -0.049    18.7936   9.191124     2.0574 2.0871e+03     0.2643    93.6053 1.2088e-01 1.6639e+03  0.0413330    18.8194  -0.080942     2.5861     -0.050     7.1973     10.493     9.5041 -9.990e-29
     -0.051    18.7938   9.191124     2.0598 2.0812e+03     0.2643    93.6053 1.1722e-01 1.6639e+03  0.0413330    18.8203  -0.351508     2.5861     -0.052     7.2069     10.493     9.5039 -9.990e-29
     -0.052    18.7931   9.085861     2.0623 2.0812e+03     0.2632    93.6315 1.1722e-01 1.6659e+03  0.0413330    18.8213  -0.351508     2.5861     -0.053     7.2164     10.373     9.5037 -9.990e-29
     -0.050    18.7934   8.992296     2.0635 2.0754e+03     0.2643    93.6053 1.1722e-01 1.6659e+03  0.0413330    18.8229  -0.141068     2.5861     -0.051     7.2190     10.266     9.5034 -9.990e-29
     -0.046    18.7938   8.887036     2.0672 2.0754e+03     0.2643    93.6053 1.1355e-01 1.6659e+03  0.0413330    18.8250  -0.141068     2.5861     -0.047     7.2321     10.145     9.5030 -9.990e-29
     -0.042    18.7946   8.676519     2.0696 2.0696e+03     0.2632    93.6315 1.0989e-01 1.6659e+03  0.0413330    18.8272  -0.141068     2.5861     -0.043     7.2385      9.905     9.5026 -9.990e-29
     -0.038    18.7955   8.536178     2.0720 2.0812e+03     0.2632    93.6315 1.1355e-01 1.6659e+03  0.0413330    18.8288  -0.201194     2.5861     -0.039     7.2446      9.744     9.5023 -9.990e-29
     -0.035    18.7969   8.489398     2.0745 2.0871e+03     0.2632    93.6315 1.0989e-01 1.6678e+03  0.0413330    18.8298  -0.261319     2.5861     -0.036     7.2506      9.691     9.5021 -9.990e-29
     -0.034    18.7986   8.466008     2.0769 2.0930e+03     0.2632    93.6315 1.1355e-01 1.6678e+03  0.0413330    18.8302  -0.381570     2.5861     -0.035     7.2550      9.664     9.5020 -9.990e-29
     -0.034    18.8003   8.395839     2.0781 2.1167e+03     0.2643    93.6053 1.1722e-01 1.6678e+03  0.0413330    18.8290  -0.231256     2.5861     -0.035     7.2541      9.583     9.5023 -9.990e-29
     -0.033    18.8014   8.407534     2.0806 2.1346e+03     0.2632    93.6315 1.1355e-01 1.6678e+03  0.0413330    18.8282  -0.141068     2.5861     -0.034     7.2589      9.596     9.5024 -9.990e-29
     -0.033    18.8033   8.430923     2.0830 2.1346e+03     0.2632    93.6315 1.1722e-01 1.6678e+03  0.0413330    18.8279  -0.080942     2.5861     -0.034     7.2624      9.623     9.5025 -9.990e-29
     -0.034    18.8043   8.430923     2.0842 2.1709e+03     0.2632    93.6315 1.2088e-01 1.6678e+03  0.0413330    18.8278  -0.291382     2.5861     -0.035     7.2601      9.622     9.5025 -9.990e-29
     -0.036    18.8056   8.384144     2.0855 2.1893e+03     0.2632    93.6315 1.1722e-01 1.6678e+03  0.0413330    18.8283  -0.291382     2.5861     -0.037     7.2579      9.569     9.5024 -9.990e-29
     -0.038    18.8071   8.454313     2.0879 2.1893e+03     0.2643    93.6053 1.1355e-01 1.6678e+03  0.0413330    18.8287  -0.321445     2.5861     -0.039     7.2605      9.648     9.5023 -9.990e-29
     -0.039    18.8087   8.501093     2.0891 2.2078e+03     0.2643    93.6053 1.1722e-01 1.6678e+03  0.0413330    18.8298  -0.171131     2.5861     -0.040     7.2571      9.702     9.5021 -9.990e-29
     -0.041    18.8098   8.559568     2.0904 2.2265e+03     0.2632    93.6315 1.2454e-01 1.6698e+03  0.0413330    18.8302  -0.111005     2.5861     -0.042     7.2542      9.768     9.5020 -9.990e-29
     -0.043    18.8111   8.653128     2.0928 2.2265e+03     0.2643    93.6053 1.2454e-01 1.6698e+03  0.0413330    18.8310  -0.201194     2.5861     -0.044     7.2554      9.874     9.5018 -9.990e-29
     -0.044    18.8123   8.793472     2.0940 2.2328e+03     0.2632    93.6315 1.2088e-01 1.6698e+03  0.0413330    18.8318  -0.411633     2.5861     -0.045     7.2511     10.034     9.5017 -9.990e-29
     -0.046    18.8136   8.746690     2.0940 2.2328e+03     0.2632    93.6315 1.2088e-01 1.6698e+03  0.0413330    18.8328  -0.381570     2.5861     -0.047     7.2419      9.981     9.5015 -9.990e-29
     -0.048    18.8142   8.653128     2.0965 2.2391e+03     0.2643    93.6053 1.2454e-01 1.6698e+03  0.0413330    18.8339  -0.171131     2.5861     -0.049     7.2436      9.874     9.5013 -9.990e-29
     -0.048    18.8152   8.699909     2.0977 2.2328e+03     0.2643    93.6053 1.3187e-01 1.6698e+03  0.0413330    18.8346  -0.111005     2.5861     -0.049     7.2387      9.927     9.5011 -9.990e-29
     -0.047    18.8158   8.559567     2.0977 2.2328e+03     0.2632    93.6315 1.3187e-01 1.6698e+03  0.0413330    18.8358  -0.020815     2.5861     -0.048     7.2290      9.767     9.5009 -9.990e-29
     -0.046    18.8166   8.512787     2.0977 2.2328e+03     0.2632    93.6315 1.2821e-01 1.6698e+03  0.0413330    18.8370  -0.321445     2.5861     -0.047     7.2187      9.713     9.5007 -9.990e-29
     -0.046    18.8175   8.489397     2.0989 2.2328e+03     0.2643    93.6053 1.2454e-01 1.6698e+03  0.0413330    18.8385  -0.351508     2.5861     -0.047     7.2139      9.686     9.5004 -9.990e-29
     -0.046    18.8190   8.524482     2.1001 2.2391e+03     0.2643    93.6053 1.1722e-01 1.6698e+03  0.0413330    18.8392  -0.411633     2.5861     -0.047     7.2089      9.726     9.5002 -9.990e-29
