data/05_metadata_exports/SeabirdData/202310_SeabirdData/88309_STN66.cnv
* Sea-Bird SBE 9 Data File:
* FileName = C:\Users\rosette\Rosette Data\2023\Ontario lower food web csmi\STN66.hex
* Software Version Seasave V 7.26.6.26
* Temperature SN = 5270
* Conductivity SN = 1168
* Number of Bytes Per Scan = 40
* Number of Voltage Words = 5
* Number of Scans Averaged by the Deck Unit = 1
* NMEA Latitude = 43 19.99 N
* NMEA Longitude = 076 50.44 W
* NMEA UTC (Time) = Sep 23 2023  15:52:59
* NMEA baud rate = 4800
** Ship: Lake Guardian
** Cruise: Ontario LFW
** Station:  STN66
# nquan = 18                                
# nvalues = 10217                       
# units = specified
# name 0 = prDM: Pressure, Digiquartz [db]
# name 1 = t090C: Temperature [ITS-90, deg C]
# name 2 = c0uS/cm: Conductivity [uS/cm]
# name 3 = sbeox0V: Oxygen raw, SBE 43 [V]
# name 4 = par: PAR/Irradiance, Biospherical/Licor
# name 5 = bat: Beam Attenuation, Chelsea/Seatech [1/m]
# name 6 = xmiss: Beam Transmission, Chelsea/Seatech [%]
# name 7 = flSP: Fluorescence, Seapoint
# name 8 = spar: SPAR, Biospherical/Licor
# name 9 = upoly0: Upoly 0, Suna Nitrate
# name 10 = t190C: Temperature, 2 [ITS-90, deg C]
# name 11 = c1uS/cm: Conductivity, 2 [uS/cm]
# name 12 = sbeox1V: Oxygen raw, SBE 43, 2 [V]
# name 13 = depFM: Depth [fresh water, m], lat = 43.3332
# name 14 = sbeox0Mg/L: Oxygen, SBE 43 [mg/l], WS = 2
# name 15 = specc: Specific Conductance [uS/cm]
# name 16 = sbeox1Mg/L: Oxygen, SBE 43, 2 [mg/l], WS = 2
# name 17 = flag: flag
# span 0 =     -0.125,     15.566       
# span 1 =    18.5218,    20.1833       
# span 2 =   5.133628, 275.012086       
# span 3 =     1.6581,     2.4774       
# span 4 = 4.6929e+01, 3.1553e+03       
# span 5 =     0.2543,     1.6022       
# span 6 =    66.9954,    93.8406       
# span 7 = 0.0000e+00, 5.3700e+00       
# span 8 = 1.5989e+03, 1.7781e+03       
# span 9 =  0.0413330,  0.0621209       
# span 10 =    17.8879,    20.1795      
# span 11 =  -0.682195, 277.948590      
# span 12 =     1.8730,     2.7399      
# span 13 =     -0.127,     15.873      
# span 14 =     5.0990,     8.5701      
# span 15 =      5.828,    304.780      
# span 16 =     6.0325,    10.0627      
# span 17 = 0.0000e+00, 0.0000e+00      
# interval = seconds: 0.0416667
# start_time = Sep 23 2023 15:52:59 [NMEA time, header]
# bad_flag = -9.990e-29
*END*
[from data line 3377]
      2.021    20.1779 273.262718     2.4713 1.0363e+03     0.5973    86.1294 4.3590e-01 1.6718e+03  0.0558845    20.1763 274.354973     2.4554      2.061     8.5456    302.397     8.6608 -9.990e-29
      2.021    20.1779 273.238590     2.4713 1.1244e+03     0.5973    86.1294 4.3590e-01 1.6718e+03  0.0554688    20.1759 274.233164     2.4554      2.061     8.5453    302.371     8.6609 -9.990e-29
      2.021    20.1781 273.250656     2.4713 1.1371e+03     0.5985    86.1033 4.3956e-01 1.6698e+03  0.0550530    20.1761 274.294070     2.4554      2.061     8.5453    302.383     8.6604 -9.990e-29
      2.021    20.1783 273.214465     2.4713 1.3235e+03     0.5852    86.3908 4.3956e-01 1.6698e+03  0.0550530    20.1763 274.354975     2.4554      2.061     8.5453    302.341     8.6598 -9.990e-29
      2.019    20.1785 273.226526     2.4713 1.5405e+03     0.5755    86.6000 4.3956e-01 1.6698e+03  0.0546373    20.1763 274.354971     2.4554      2.059     8.5456    302.353     8.6593 -9.990e-29
      2.019    20.1785 273.238592     2.4701 1.5889e+03     0.5719    86.6784 4.3223e-01 1.6698e+03  0.0546373    20.1761 274.415879     2.4554      2.059     8.5404    302.367     8.6588 -9.990e-29
      2.019    20.1785 273.238590     2.4713 1.5362e+03     0.5731    86.6522 4.2491e-01 1.6698e+03  0.0542215    20.1761 274.446330     2.4554      2.059     8.5459    302.367     8.6583 -9.990e-29
      2.019    20.1785 273.238590     2.4713 1.4728e+03     0.5743    86.6261 4.2491e-01 1.6698e+03  0.0542215    20.1764 274.354973     2.4554      2.059     8.5459    302.367     8.6581 -9.990e-29
      2.020    20.1786 273.238590     2.4713 1.4563e+03     0.5731    86.6522 4.2857e-01 1.6678e+03  0.0546373    20.1763 274.415877     2.4567      2.060     8.5461    302.366     8.6637 -9.990e-29
      2.022    20.1786 273.250654     2.4713 1.3689e+03     0.5731    86.6522 4.3590e-01 1.6678e+03  0.0546373    20.1763 274.354973     2.4567      2.062     8.5464    302.379     8.6636 -9.990e-29
      2.023    20.1786 273.262718     2.4713 1.1927e+03     0.5731    86.6522 4.3956e-01 1.6678e+03  0.0550530    20.1761 274.354975     2.4567      2.063     8.5463    302.393     8.6635 -9.990e-29
      2.023    20.1790 273.238590     2.4713 1.1435e+03     0.5731    86.6522 4.3956e-01 1.6678e+03  0.0550530    20.1767 274.294069     2.4554      2.063     8.5461    302.363     8.6574 -9.990e-29
      2.023    20.1790 273.274780     2.4725 1.1181e+03     0.5731    86.6522 4.4689e-01 1.6678e+03  0.0550530    20.1763 274.385425     2.4554      2.063     8.5512    302.403     8.6568 -9.990e-29
      2.023    20.1792 273.298908     2.4713 1.0190e+03     0.5731    86.6522 4.4689e-01 1.6678e+03  0.0542215    20.1761 274.446331     2.4554      2.063     8.5457    302.429     8.6567 -9.990e-29
      2.022    20.1792 273.262716     2.4713 9.8795e+02     0.5731    86.6522 4.4322e-01 1.6659e+03  0.0542215    20.1761 274.324521     2.4554      2.062     8.5454    302.389     8.6569 -9.990e-29
      2.022    20.1792 273.190337     2.4725 9.7142e+02     0.5731    86.6522 4.4689e-01 1.6659e+03  0.0546373    20.1761 274.385425     2.4554      2.062     8.5504    302.308     8.6567 -9.990e-29
      2.022    20.1789 273.190337     2.4725 8.8534e+02     0.5731    86.6522 4.5421e-01 1.6659e+03  0.0546373    20.1765 274.263617     2.4554      2.062     8.5502    302.310     8.6564 -9.990e-29
      2.024    20.1792 273.238590     2.4725 8.4877e+02     0.5731    86.6522 4.5788e-01 1.6659e+03  0.0550530    20.1765 274.294069     2.4554      2.064     8.5502    302.362     8.6562 -9.990e-29
      2.025    20.1790 273.238591     2.4725 8.5116e+02     0.5731    86.6522 4.5788e-01 1.6659e+03  0.0558845    20.1764 274.294070     2.4554      2.065     8.5502    302.363     8.6560 -9.990e-29
      2.025    20.1790 273.238590     2.4713 9.0294e+02     0.5719    86.6784 4.5421e-01 1.6659e+03  0.0550530    20.1763 274.476782     2.4567      2.065     8.5450    302.363     8.6616 -9.990e-29
      2.026    20.1790 273.250653     2.4725 9.3130e+02     0.5743    86.6261 4.4322e-01 1.6639e+03  0.0546373    20.1765 274.385425     2.4567      2.066     8.5502    302.377     8.6610 -9.990e-29
      2.027    20.1790 273.286845     2.4725 9.3392e+02     0.5743    86.6261 4.3223e-01 1.6639e+03  0.0546373    20.1767 274.294070     2.4567      2.067     8.5502    302.417     8.6603 -9.990e-29
      2.028    20.1790 273.298907     2.4713 9.7965e+02     0.5731    86.6522 4.2857e-01 1.6639e+03  0.0546373    20.1765 274.324521     2.4567      2.068     8.5450    302.430     8.6598 -9.990e-29
      2.029    20.1792 273.262716     2.4713 1.0133e+03     0.5779    86.5477 4.2857e-01 1.6639e+03  0.0546373    20.1763 274.354973     2.4567      2.069     8.5445    302.389     8.6592 -9.990e-29
      2.030    20.1787 273.286845     2.4725 1.0190e+03     0.5839    86.4170 4.3590e-01 1.6639e+03  0.0546373    20.1767 274.415879     2.4567      2.070     8.5498    302.419     8.6586 -9.990e-29
      2.031    20.1785 273.262717     2.4713 1.0451e+03     0.5852    86.3908 4.5421e-01 1.6639e+03  0.0546373    20.1767 274.476782     2.4567      2.071     8.5445    302.393     8.6581 -9.990e-29
      2.031    20.1785 273.238592     2.4725 1.0719e+03     0.5852    86.3908 4.6154e-01 1.6639e+03  0.0550530    20.1765 274.263618     2.4554      2.071     8.5496    302.367     8.6518 -9.990e-29
      2.031    20.1786 273.238590     2.4725 1.0779e+03     0.5852    86.3908 4.5788e-01 1.6639e+03  0.0550530    20.1763 274.294069     2.4554      2.071     8.5495    302.366     8.6514 -9.990e-29
      2.031    20.1786 273.178274     2.4725 1.1761e+03     0.5852    86.3908 4.4322e-01 1.6619e+03  0.0546373    20.1759 274.354973     2.4554      2.071     8.5494    302.299     8.6509 -9.990e-29
      2.033    20.1783 273.190339     2.4725 1.3161e+03     0.5852    86.3908 4.2857e-01 1.6619e+03  0.0546373    20.1761 274.415879     2.4554      2.073     8.5493    302.314     8.6508 -9.990e-29
      2.033    20.1785 273.238592     2.4725 1.3498e+03     0.5852    86.3908 4.2857e-01 1.6619e+03  0.0550530    20.1766 274.446331     2.4554      2.073     8.5483    302.367     8.6503 -9.990e-29
      2.032    20.1786 273.262717     2.4725 1.4080e+03     0.5852    86.3908 4.3223e-01 1.6619e+03  0.0554688    20.1765 274.446330     2.4554      2.072     8.5478    302.393     8.6499 -9.990e-29
      2.032    20.1788 273.286843     2.4725 1.5233e+03     0.5852    86.3908 4.3956e-01 1.6619e+03  0.0550530    20.1765 274.324521     2.4554      2.072     8.5476    302.418     8.6494 -9.990e-29
      2.032    20.1787 273.262718     2.4725 1.5536e+03     0.5852    86.3908 4.4689e-01 1.6619e+03  0.0542215    20.1765 274.385427     2.4567      2.072     8.5474    302.392     8.6553 -9.990e-29
      2.032    20.1785 273.238590     2.4725 1.4894e+03     0.5852    86.3908 4.4689e-01 1.6619e+03  0.0546373    20.1768 274.202712     2.4554      2.072     8.5472    302.367     8.6495 -9.990e-29
      2.032    20.1788 273.202402     2.4725 1.3124e+03     0.5852    86.3908 4.5055e-01 1.6600e+03  0.0554688    20.1770 274.294070     2.4554      2.072     8.5470    302.324     8.6499 -9.990e-29
      2.031    20.1790 273.226527     2.4725 1.2582e+03     0.5864    86.3647 4.6154e-01 1.6600e+03  0.0554688    20.1770 274.354972     2.4554      2.071     8.5467    302.350     8.6500 -9.990e-29
      2.031    20.1792 273.250655     2.4725 1.2372e+03     0.5839    86.4170 4.7253e-01 1.6600e+03  0.0546373    20.1768 274.294070     2.4554      2.071     8.5468    302.375     8.6501 -9.990e-29
      2.030    20.1793 273.262716     2.4725 1.1371e+03     0.5839    86.4170 4.7619e-01 1.6600e+03  0.0542215    20.1763 274.294069     2.4567      2.070     8.5465    302.388     8.6561 -9.990e-29
      2.030    20.1795 273.286843     2.4725 1.0963e+03     0.5839    86.4170 4.6886e-01 1.6600e+03  0.0546373    20.1765 274.446330     2.4554      2.070     8.5462    302.413     8.6503 -9.990e-29
      2.030    20.1792 273.262718     2.4725 1.0963e+03     0.5839    86.4170 4.5421e-01 1.6600e+03  0.0550530    20.1763 274.324522     2.4554      2.070     8.5464    302.389     8.6504 -9.990e-29
      2.030    20.1790 273.262715     2.4725 1.1118e+03     0.5852    86.3908 4.4689e-01 1.6600e+03  0.0550530    20.1766 274.294067     2.4554      2.070     8.5465    302.390     8.6504 -9.990e-29
      2.031    20.1789 273.238593     2.4725 1.1181e+03     0.5852    86.3908 4.3956e-01 1.6600e+03  0.0546373    20.1765 274.385428     2.4554      2.071     8.5466    302.364     8.6505 -9.990e-29
      2.032    20.1790 273.238590     2.4725 1.1212e+03     0.5888    86.3124 4.3956e-01 1.6580e+03  0.0546373    20.1768 274.446329     2.4554      2.072     8.5467    302.363     8.6505 -9.990e-29
      2.031    20.1788 273.202402     2.4725 1.2199e+03     0.6009    86.0510 4.5055e-01 1.6580e+03  0.0546373    20.1767 274.446331     2.4542      2.071     8.5464    302.324     8.6457 -9.990e-29
      2.030    20.1790 273.274780     2.4725 1.2832e+03     0.6070    85.9203 4.5421e-01 1.6580e+03  0.0546373    20.1767 274.476782     2.4542      2.070     8.5465    302.403     8.6463 -9.990e-29
      2.030    20.1787 273.250654     2.4725 1.2904e+03     0.6058    85.9465 4.5421e-01 1.6580e+03  0.0546373    20.1768 274.385425     2.4542      2.070     8.5462    302.379     8.6468 -9.990e-29
      2.030    20.1788 273.166212     2.4725 1.1728e+03     0.6058    85.9465 4.4322e-01 1.6580e+03  0.0546373    20.1761 274.415879     2.4542      2.070     8.5456    302.284     8.6475 -9.990e-29
      2.029    20.1788 273.214464     2.4725 1.0840e+03     0.6058    85.9465 4.3956e-01 1.6580e+03  0.0546373    20.1768 274.446329     2.4542      2.069     8.5450    302.338     8.6480 -9.990e-29
      2.028    20.1788 273.238592     2.4725 1.0689e+03     0.6058    85.9465 4.3956e-01 1.6580e+03  0.0546373    20.1763 274.354975     2.4542      2.068     8.5450    302.365     8.6491 -9.990e-29
      2.026    20.1787 273.250654     2.4725 1.1861e+03     0.6058    85.9465 4.5421e-01 1.6560e+03  0.0546373    20.1772 274.294068     2.4542      2.066     8.5448    302.379     8.6496 -9.990e-29
      2.025    20.1788 273.262717     2.4725 1.3310e+03     0.6058    85.9465 4.6520e-01 1.6560e+03  0.0546373    20.1770 274.324520     2.4542      2.065     8.5448    302.391     8.6498 -9.990e-29
      2.025    20.1786 273.166212     2.4725 1.3613e+03     0.6058    85.9465 4.6886e-01 1.6560e+03  0.0546373    20.1773 274.354974     2.4542      2.065     8.5449    302.286     8.6499 -9.990e-29
      2.024    20.1788 273.274780     2.4725 1.2832e+03     0.6046    85.9726 4.6886e-01 1.6560e+03  0.0546373    20.1772 274.172260     2.4554      2.064     8.5450    302.405     8.6550 -9.990e-29
      2.022    20.1786 273.274781     2.4713 1.1728e+03     0.6058    85.9465 4.6886e-01 1.6560e+03  0.0550530    20.1768 274.294069     2.4542      2.062     8.5398    302.406     8.6500 -9.990e-29
      2.022    20.1783 273.262717     2.4713 1.1467e+03     0.6058    85.9465 4.6154e-01 1.6560e+03  0.0546373    20.1770 274.294068     2.4542      2.062     8.5396    302.395     8.6497 -9.990e-29
      2.021    20.1785 273.238592     2.4725 1.0963e+03     0.6046    85.9726 4.6520e-01 1.6560e+03  0.0546373    20.1767 274.324522     2.4542      2.061     8.5446    302.367     8.6496 -9.990e-29
      2.019    20.1785 273.238590     2.4725 9.8241e+02     0.6046    85.9726 4.7985e-01 1.6560e+03  0.0546373    20.1768 274.354973     2.4542      2.059     8.5447    302.367     8.6494 -9.990e-29
      2.017    20.1785 273.250654     2.4725 9.4715e+02     0.6058    85.9465 4.7619e-01 1.6560e+03  0.0546373    20.1768 274.294068     2.4542      2.057     8.5444    302.380     8.6497 -9.990e-29
      2.015    20.1783 273.238592     2.4725 9.6056e+02     0.6046    85.9726 4.5788e-01 1.6560e+03  0.0550530    20.1768 274.324522     2.4554      2.055     8.5442    302.368     8.6549 -9.990e-29
      2.013    20.1781 273.298906     2.4725 1.0048e+03     0.6058    85.9465 4.3956e-01 1.6560e+03  0.0546373    20.1767 274.415875     2.4554      2.053     8.5440    302.436     8.6548 -9.990e-29
      2.013    20.1781 273.226528     2.4725 1.0190e+03     0.6058    85.9465 4.3590e-01 1.6560e+03  0.0542215    20.1770 274.446329     2.4554      2.053     8.5442    302.356     8.6547 -9.990e-29
      2.013    20.1781 273.202401     2.4725 1.0305e+03     0.6058    85.9465 4.3956e-01 1.6560e+03  0.0546373    20.1767 274.263617     2.4554      2.053     8.5440    302.329     8.6547 -9.990e-29
      2.014    20.1783 273.226527     2.4725 1.1149e+03     0.6046    85.9726 4.4322e-01 1.6560e+03  0.0546373    20.1770 274.415877     2.4554      2.054     8.5437    302.354     8.6550 -9.990e-29
      2.014    20.1783 273.238592     2.4725 1.1564e+03     0.5803    86.4954 4.3956e-01 1.6560e+03  0.0550530    20.1770 274.263618     2.4554      2.054     8.5436    302.368     8.6550 -9.990e-29
      2.013    20.1783 273.274781     2.4725 1.1597e+03     0.5695    86.7307 4.4689e-01 1.6560e+03  0.0546373    20.1770 274.294068     2.4554      2.053     8.5430    302.408     8.6550 -9.990e-29
      2.011    20.1786 273.262717     2.4725 1.1961e+03     0.5682    86.7568 4.5788e-01 1.6560e+03  0.0542215    20.1772 274.354972     2.4554      2.051     8.5429    302.393     8.6550 -9.990e-29
      2.009    20.1788 273.238590     2.4725 1.2199e+03     0.5695    86.7307 4.5788e-01 1.6560e+03  0.0546373    20.1770 274.294068     2.4554      2.049     8.5427    302.364     8.6550 -9.990e-29
      2.008    20.1785 273.250654     2.4725 1.2199e+03     0.5695    86.7307 4.4689e-01 1.6560e+03  0.0550530    20.1767 274.324521     2.4554      2.048     8.5426    302.380     8.6551 -9.990e-29
      2.007    20.1786 273.286844     2.4725 1.1927e+03     0.5707    86.7045 4.4689e-01 1.6560e+03  0.0546373    20.1763 274.446330     2.4554      2.047     8.5425    302.419     8.6549 -9.990e-29
      2.006    20.1788 273.262715     2.4713 1.1761e+03     0.5695    86.7307 4.4322e-01 1.6560e+03  0.0542215    20.1765 274.446328     2.4554      2.046     8.5372    302.391     8.6545 -9.990e-29
      2.008    20.1786 273.262717     2.4713 1.1728e+03     0.5695    86.7307 4.3956e-01 1.6560e+03  0.0550530    20.1767 274.324521     2.4554      2.048     8.5372    302.393     8.6541 -9.990e-29
      2.010    20.1787 273.262718     2.4713 1.1435e+03     0.5695    86.7307 4.3956e-01 1.6560e+03  0.0554688    20.1767 274.202714     2.4554      2.050     8.5371    302.392     8.6537 -9.990e-29
      2.011    20.1786 273.214462     2.4725 1.1149e+03     0.5695    86.7307 4.3590e-01 1.6541e+03  0.0554688    20.1768 274.263615     2.4567      2.051     8.5427    302.339     8.6592 -9.990e-29
      2.012    20.1788 273.226528     2.4725 1.1087e+03     0.5695    86.7307 4.3956e-01 1.6541e+03  0.0550530    20.1763 274.324522     2.4554      2.052     8.5430    302.351     8.6531 -9.990e-29
      2.013    20.1786 273.202400     2.4725 1.0932e+03     0.5695    86.7307 4.4689e-01 1.6541e+03  0.0550530    20.1764 274.294069     2.4554      2.053     8.5433    302.326     8.6527 -9.990e-29
      2.014    20.1789 273.154148     2.4725 1.0719e+03     0.5707    86.7045 4.5421e-01 1.6541e+03  0.0550530    20.1767 274.324521     2.4554      2.054     8.5436    302.270     8.6523 -9.990e-29
      2.014    20.1788 273.250653     2.4725 1.0689e+03     0.5695    86.7307 4.5788e-01 1.6541e+03  0.0550530    20.1763 274.354973     2.4542      2.054     8.5440    302.378     8.6463 -9.990e-29
      2.015    20.1788 273.262717     2.4725 1.1371e+03     0.5695    86.7307 4.6886e-01 1.6541e+03  0.0546373    20.1765 274.294069     2.4554      2.055     8.5439    302.391     8.6517 -9.990e-29
      2.016    20.1790 273.298907     2.4713 1.2941e+03     0.5707    86.7045 4.7619e-01 1.6541e+03  0.0546373    20.1763 274.385425     2.4542      2.056     8.5383    302.430     8.6457 -9.990e-29
