data/05_metadata_exports/SeabirdData/202310_SeabirdData/88554_STN66-2.cnv
* Sea-Bird SBE 9 Data File:
* FileName = C:\Users\rosette\Rosette Data\2023\Ontario lower food web csmi\STN66-2.hex
* Software Version Seasave V 7.26.6.26
* Temperature SN = 5270
* Conductivity SN = 1168
* Number of Bytes Per Scan = 40
* Number of Voltage Words = 5
* Number of Scans Averaged by the Deck Unit = 1
* NMEA Latitude = 43 19.95 N
* NMEA Longitude = 076 50.43 W
* NMEA UTC (Time) = Sep 23 2023  16:28:42
* NMEA baud rate = 4800
** Ship: Lake Guardian
** Cruise: Ontario LFW
** Station:  STN66-2
# nquan = 18                                
# nvalues = 8836                        
# units = specified
# name 0 = prDM: Pressure, Digiquartz [db]
# name 1 = t090C: Temperature [ITS-90, deg C]
# name 2 = c0uS/cm: Conductivity [uS/cm]
# name 3 = sbeox0V: Oxygen raw, SBE 43 [V]
# name 4 = par: PAR/Irradiance, Biospherical/Licor
# name 5 = bat: Beam Attenuation, Chelsea/Seatech [1/m]
# name 6 = xmiss: Beam Transmission, Chelsea/Seatech [%]
# name 7 = flSP: Fluorescence, Seapoint
# name 8 = spar: SPAR, Biospherical/Licor
# name 9 = upoly0: Upoly 0, Suna Nitrate
# name 10 = t190C: Temperature, 2 [ITS-90, deg C]
# name 11 = c1uS/cm: Conductivity, 2 [uS/cm]
# name 12 = sbeox1V: Oxygen raw, SBE 43, 2 [V]
# name 13 = depFM: Depth [fresh water, m], lat = 43.3325
# name 14 = sbeox0Mg/L: Oxygen, SBE 43 [mg/l], WS = 2
# name 15 = specc: Specific Conductance [uS/cm]
# name 16 = sbeox1Mg/L: Oxygen, SBE 43, 2 [mg/l], WS = 2
# name 17 = flag: flag
# span 0 =     -0.180,      5.333       
# span 1 =   -98.9762,    99.0000       
# span 2 =   9.869656, 275.053313       
# span 3 =     1.6996,     2.4982       
# span 4 = 3.8084e+02, 2.9660e+03       
# span 5 =     0.2766,     2.2606       
# span 6 =    56.8271,    93.3178       
# span 7 = 0.0000e+00, 4.8535e+00       
# span 8 = 1.5359e+03, 1.6186e+03       
# span 9 =  0.0413330,  0.0625367       
# span 10 =    14.2062,    20.2046      
# span 11 =   4.639558, 274.598648      
# span 12 =     1.8596,     2.8596      
# span 13 =     -0.184,      5.438      
# span 14 =  -125.2593,  2193.3251      
# span 15 =   -794.233,   1391.643      
# span 16 =     5.9792,    10.6954      
# span 17 = 0.0000e+00, 0.0000e+00      
# interval = seconds: 0.0416667
# start_time = Sep 23 2023 16:28:42 [NMEA time, header]
# bad_flag = -9.990e-29
*END*
[from data line 8202]
      4.903    20.1912 273.142148     2.4835 4.2858e+02     0.6180    85.6851 6.8498e-01 1.5576e+03  0.0554688    20.1888 274.355037     2.4737      5.000     8.5995    302.175     8.7387 -9.990e-29
      4.904    20.1912 273.142150     2.4835 4.2979e+02     0.6204    85.6328 7.0330e-01 1.5576e+03  0.0554688    20.1892 274.355039     2.4737      5.001     8.5994    302.175     8.7387 -9.990e-29
      4.905    20.1914 273.154211     2.4835 4.4081e+02     0.6216    85.6067 7.3993e-01 1.5576e+03  0.0554688    20.1891 274.233229     2.4737      5.002     8.5996    302.187     8.7388 -9.990e-29
      4.906    20.1915 273.093897     2.4823 4.4705e+02     0.6204    85.6328 7.4359e-01 1.5576e+03  0.0563003    20.1896 274.294134     2.4737      5.003     8.5946    302.119     8.7388 -9.990e-29
      4.906    20.1914 273.093896     2.4835 4.4705e+02     0.6216    85.6067 7.3260e-01 1.5576e+03  0.0558845    20.1902 274.415941     2.4737      5.003     8.6000    302.120     8.7388 -9.990e-29
      4.906    20.1913 273.081833     2.4835 4.5722e+02     0.6204    85.6328 6.9963e-01 1.5576e+03  0.0558845    20.1896 274.355037     2.4737      5.003     8.6002    302.107     8.7390 -9.990e-29
      4.908    20.1914 273.142150     2.4835 4.6500e+02     0.6216    85.6067 6.7033e-01 1.5576e+03  0.0558845    20.1894 274.355038     2.4737      5.005     8.6002    302.173     8.7387 -9.990e-29
      4.908    20.1915 273.166275     2.4835 4.6631e+02     0.6216    85.6067 6.7033e-01 1.5576e+03  0.0558845    20.1891 274.355038     2.4737      5.005     8.6002    302.200     8.7392 -9.990e-29
      4.908    20.1914 273.118023     2.4835 4.7158e+02     0.6216    85.6067 6.9231e-01 1.5576e+03  0.0554688    20.1900 274.233230     2.4737      5.005     8.6003    302.147     8.7391 -9.990e-29
      4.907    20.1912 273.178338     2.4835 4.7826e+02     0.6204    85.6328 7.1429e-01 1.5576e+03  0.0558845    20.1896 274.294133     2.4737      5.004     8.6004    302.215     8.7393 -9.990e-29
      4.907    20.1913 273.105959     2.4835 4.7961e+02     0.6204    85.6328 7.2894e-01 1.5576e+03  0.0558845    20.1900 274.415941     2.4737      5.004     8.6003    302.134     8.7396 -9.990e-29
      4.908    20.1915 273.142150     2.4835 4.7961e+02     0.6204    85.6328 7.4359e-01 1.5556e+03  0.0558845    20.1900 274.324586     2.4737      5.005     8.6003    302.173     8.7396 -9.990e-29
      4.908    20.1915 273.093896     2.4847 4.8096e+02     0.6204    85.6328 7.5824e-01 1.5556e+03  0.0558845    20.1903 274.202776     2.4737      5.005     8.6055    302.119     8.7392 -9.990e-29
      4.908    20.1917 273.118023     2.4835 4.8231e+02     0.6204    85.6328 7.8388e-01 1.5556e+03  0.0554688    20.1898 274.294134     2.4737      5.005     8.6002    302.145     8.7392 -9.990e-29
      4.908    20.1917 273.154211     2.4835 4.7291e+02     0.6204    85.6328 7.8022e-01 1.5556e+03  0.0554688    20.1902 274.294132     2.4737      5.005     8.6005    302.185     8.7391 -9.990e-29
      4.908    20.1917 273.166276     2.4847 4.5722e+02     0.6216    85.6067 7.4725e-01 1.5556e+03  0.0554688    20.1900 274.324586     2.4737      5.005     8.6057    302.198     8.7392 -9.990e-29
      4.908    20.1917 273.166274     2.4835 4.5211e+02     0.6204    85.6328 6.9597e-01 1.5556e+03  0.0554688    20.1898 274.355037     2.4737      5.005     8.6004    302.198     8.7392 -9.990e-29
      4.909    20.1919 273.190401     2.4847 4.5084e+02     0.6216    85.6067 6.6667e-01 1.5556e+03  0.0554688    20.1901 274.294132     2.4737      5.006     8.6055    302.224     8.7391 -9.990e-29
      4.910    20.1921 273.154212     2.4847 4.4831e+02     0.6204    85.6328 6.5201e-01 1.5556e+03  0.0558845    20.1895 274.294134     2.4737      5.007     8.6050    302.182     8.7392 -9.990e-29
      4.910    20.1921 273.093897     2.4847 4.4705e+02     0.6204    85.6328 6.5568e-01 1.5556e+03  0.0558845    20.1895 274.385490     2.4737      5.007     8.6048    302.115     8.7392 -9.990e-29
      4.910    20.1921 273.093895     2.4860 4.4957e+02     0.6216    85.6067 6.5568e-01 1.5556e+03  0.0554688    20.1889 274.263681     2.4737      5.007     8.6104    302.115     8.7393 -9.990e-29
      4.910    20.1927 273.202464     2.4860 4.6894e+02     0.6216    85.6067 6.4835e-01 1.5556e+03  0.0554688    20.1895 274.294133     2.4737      5.007     8.6101    302.232     8.7387 -9.990e-29
      4.909    20.1926 273.130086     2.4847 4.7826e+02     0.6216    85.6067 6.4469e-01 1.5556e+03  0.0558845    20.1890 274.355039     2.4737      5.006     8.6043    302.152     8.7388 -9.990e-29
      4.909    20.1927 273.130084     2.4835 4.7826e+02     0.6204    85.6328 6.4469e-01 1.5556e+03  0.0558845    20.1891 274.294133     2.4737      5.006     8.5988    302.151     8.7387 -9.990e-29
      4.909    20.1927 273.154210     2.4847 4.8367e+02     0.6204    85.6328 6.3736e-01 1.5556e+03  0.0554688    20.1888 274.446394     2.4737      5.006     8.6039    302.178     8.7383 -9.990e-29
      4.910    20.1929 273.142148     2.4847 4.8503e+02     0.6216    85.6067 6.3736e-01 1.5556e+03  0.0550530    20.1888 274.324587     2.4737      5.007     8.6036    302.163     8.7383 -9.990e-29
      4.911    20.1927 273.214528     2.4860 4.8503e+02     0.6204    85.6328 6.4103e-01 1.5556e+03  0.0550530    20.1884 274.294135     2.4737      5.008     8.6088    302.245     8.7383 -9.990e-29
      4.910    20.1927 273.166274     2.4860 4.7158e+02     0.6216    85.6067 6.4103e-01 1.5556e+03  0.0554688    20.1889 274.324585     2.4737      5.007     8.6082    302.191     8.7381 -9.990e-29
      4.910    20.1922 273.154211     2.4860 4.6239e+02     0.6216    85.6067 6.3736e-01 1.5556e+03  0.0554688    20.1889 274.415942     2.4737      5.007     8.6073    302.181     8.7381 -9.990e-29
      4.911    20.1926 273.142149     2.4860 4.6109e+02     0.6216    85.6067 6.4469e-01 1.5556e+03  0.0554688    20.1891 274.324587     2.4737      5.008     8.6070    302.165     8.7380 -9.990e-29
      4.912    20.1931 273.142147     2.4847 4.6369e+02     0.6216    85.6067 6.5201e-01 1.5556e+03  0.0558845    20.1891 274.324585     2.4737      5.009     8.6010    302.162     8.7379 -9.990e-29
      4.913    20.1927 273.154212     2.4847 4.6631e+02     0.6216    85.6067 6.6667e-01 1.5556e+03  0.0558845    20.1893 274.355038     2.4750      5.010     8.6008    302.178     8.7436 -9.990e-29
      4.913    20.1927 273.118022     2.4847 4.6631e+02     0.6204    85.6328 6.8132e-01 1.5556e+03  0.0558845    20.1896 274.355038     2.4737      5.010     8.6005    302.138     8.7377 -9.990e-29
      4.913    20.1933 273.130083     2.4847 4.6762e+02     0.6204    85.6328 6.8132e-01 1.5556e+03  0.0554688    20.1894 274.355037     2.4750      5.010     8.6001    302.147     8.7431 -9.990e-29
      4.913    20.1931 273.142148     2.4847 4.6894e+02     0.6204    85.6328 6.7399e-01 1.5556e+03  0.0554688    20.1893 274.294134     2.4750      5.010     8.5998    302.162     8.7431 -9.990e-29
      4.912    20.1934 273.093895     2.4847 4.6894e+02     0.6204    85.6328 6.6300e-01 1.5536e+03  0.0558845    20.1896 274.385489     2.4737      5.009     8.5994    302.107     8.7368 -9.990e-29
      4.912    20.1933 273.093894     2.4847 4.7291e+02     0.6204    85.6328 6.5201e-01 1.5536e+03  0.0558845    20.1889 274.324585     2.4737      5.009     8.5991    302.107     8.7365 -9.990e-29
      4.912    20.1934 273.130085     2.4847 4.8096e+02     0.6216    85.6067 6.4835e-01 1.5536e+03  0.0554688    20.1893 274.202778     2.4737      5.009     8.5995    302.147     8.7360 -9.990e-29
      4.912    20.1936 273.142146     2.4860 4.8367e+02     0.6204    85.6328 6.4103e-01 1.5536e+03  0.0554688    20.1895 274.385489     2.4737      5.009     8.6047    302.159     8.7356 -9.990e-29
      4.912    20.1938 273.142148     2.4847 4.8503e+02     0.6216    85.6067 6.2637e-01 1.5536e+03  0.0554688    20.1895 274.324586     2.4737      5.009     8.5986    302.157     8.7352 -9.990e-29
      4.913    20.1940 273.178336     2.4847 4.9329e+02     0.6216    85.6067 6.1538e-01 1.5536e+03  0.0554688    20.1893 274.385489     2.4737      5.010     8.5989    302.196     8.7353 -9.990e-29
      4.913    20.1942 273.130084     2.4847 4.9607e+02     0.6253    85.5282 6.1538e-01 1.5536e+03  0.0554688    20.1898 274.324586     2.4737      5.010     8.5989    302.141     8.7349 -9.990e-29
      4.914    20.1943 273.178335     2.4835 4.9190e+02     0.6241    85.5544 6.1905e-01 1.5536e+03  0.0554688    20.1895 274.324585     2.4737      5.011     8.5939    302.194     8.7346 -9.990e-29
      4.915    20.1942 273.154210     2.4847 4.7158e+02     0.6253    85.5282 6.2271e-01 1.5536e+03  0.0558845    20.1895 274.415943     2.4737      5.012     8.5995    302.168     8.7343 -9.990e-29
      4.915    20.1943 273.154210     2.4847 4.6369e+02     0.6253    85.5282 6.3370e-01 1.5536e+03  0.0558845    20.1897 274.263682     2.4737      5.012     8.5997    302.167     8.7339 -9.990e-29
      4.914    20.1943 273.093893     2.4847 4.6239e+02     0.6241    85.5544 6.4469e-01 1.5536e+03  0.0554688    20.1896 274.294133     2.4737      5.011     8.6003    302.101     8.7337 -9.990e-29
      4.914    20.1940 273.190400     2.4847 4.5084e+02     0.6253    85.5282 6.5201e-01 1.5536e+03  0.0554688    20.1896 274.233230     2.4737      5.011     8.6010    302.209     8.7334 -9.990e-29
      4.915    20.1943 273.130083     2.4847 4.4454e+02     0.6253    85.5282 6.6667e-01 1.5536e+03  0.0554688    20.1896 274.294133     2.4737      5.012     8.6012    302.141     8.7331 -9.990e-29
      4.915    20.1943 273.105958     2.4847 4.4329e+02     0.6253    85.5282 6.8132e-01 1.5536e+03  0.0554688    20.1896 274.355038     2.4737      5.012     8.6011    302.114     8.7329 -9.990e-29
      4.915    20.1943 273.130083     2.4847 4.2498e+02     0.6253    85.5282 6.9231e-01 1.5536e+03  0.0554688    20.1895 274.355037     2.4737      5.012     8.6013    302.141     8.7327 -9.990e-29
      4.915    20.1943 273.093895     2.4835 4.1436e+02     0.6253    85.5282 6.8132e-01 1.5536e+03  0.0558845    20.1895 274.233230     2.4737      5.012     8.5962    302.101     8.7325 -9.990e-29
      4.915    20.1940 273.118020     2.4835 4.1320e+02     0.6241    85.5544 6.7399e-01 1.5536e+03  0.0554688    20.1895 274.202777     2.4737      5.012     8.5972    302.129     8.7323 -9.990e-29
      4.915    20.1942 273.105958     2.4835 4.2618e+02     0.6253    85.5282 7.0696e-01 1.5536e+03  0.0558845    20.1900 274.294134     2.4737      5.012     8.5981    302.115     8.7321 -9.990e-29
      4.915    20.1940 273.130083     2.4847 4.3588e+02     0.6253    85.5282 7.7656e-01 1.5536e+03  0.0558845    20.1895 274.294133     2.4737      5.012     8.6043    302.143     8.7320 -9.990e-29
      4.916    20.1940 273.105958     2.4847 4.3710e+02     0.6253    85.5282 8.0220e-01 1.5517e+03  0.0558845    20.1894 274.324586     2.4737      5.013     8.6048    302.116     8.7319 -9.990e-29
      4.916    20.1940 273.130084     2.4847 4.5722e+02     0.6253    85.5282 8.2418e-01 1.5517e+03  0.0554688    20.1900 274.233230     2.4737      5.013     8.6049    302.143     8.7317 -9.990e-29
      4.916    20.1940 273.154209     2.4847 4.8096e+02     0.6241    85.5544 8.4615e-01 1.5517e+03  0.0554688    20.1893 274.294133     2.4737      5.013     8.6050    302.169     8.7321 -9.990e-29
      4.916    20.1940 273.093895     2.4847 4.8503e+02     0.6253    85.5282 8.1319e-01 1.5517e+03  0.0558845    20.1898 274.355038     2.4725      5.013     8.6051    302.103     8.7266 -9.990e-29
      4.916    20.1943 273.093893     2.4847 4.8914e+02     0.6253    85.5282 8.0586e-01 1.5517e+03  0.0558845    20.1895 274.233229     2.4737      5.013     8.6055    302.101     8.7324 -9.990e-29
      4.917    20.1943 273.105958     2.4847 4.9468e+02     0.6253    85.5282 8.2051e-01 1.5517e+03  0.0554688    20.1904 274.263681     2.4725      5.014     8.6055    302.114     8.7273 -9.990e-29
      4.917    20.1940 273.105958     2.4847 4.9607e+02     0.6253    85.5282 8.3516e-01 1.5517e+03  0.0554688    20.1907 274.294133     2.4725      5.014     8.6056    302.116     8.7277 -9.990e-29
      4.917    20.1938 273.057704     2.4860 4.8367e+02     0.6228    85.5805 8.3883e-01 1.5517e+03  0.0558845    20.1902 274.446393     2.4725      5.014     8.6113    302.064     8.7282 -9.990e-29
      4.917    20.1936 273.045643     2.4847 4.5851e+02     0.6192    85.6589 8.1685e-01 1.5517e+03  0.0563003    20.1903 274.324585     2.4725      5.014     8.6057    302.052     8.7286 -9.990e-29
      4.918    20.1934 273.081831     2.4847 4.5084e+02     0.6192    85.6589 7.6557e-01 1.5517e+03  0.0558845    20.1912 274.294132     2.4725      5.015     8.6057    302.093     8.7289 -9.990e-29
      4.917    20.1934 273.178337     2.4860 4.4831e+02     0.6192    85.6589 7.1062e-01 1.5517e+03  0.0554688    20.1913 274.324585     2.4737      5.014     8.6110    302.200     8.7346 -9.990e-29
      4.917    20.1936 273.154210     2.4860 4.3710e+02     0.6192    85.6589 6.8498e-01 1.5517e+03  0.0554688    20.1912 274.355035     2.4725      5.014     8.6110    302.172     8.7297 -9.990e-29
      4.918    20.1936 273.105958     2.4860 4.3343e+02     0.6192    85.6589 6.9963e-01 1.5517e+03  0.0558845    20.1912 274.233229     2.4725      5.015     8.6110    302.119     8.7301 -9.990e-29
      4.917    20.1940 273.142147     2.4860 4.3343e+02     0.6192    85.6589 7.0330e-01 1.5517e+03  0.0558845    20.1912 274.385489     2.4725      5.014     8.6105    302.156     8.7305 -9.990e-29
      4.917    20.1938 273.214525     2.4860 4.3343e+02     0.6192    85.6589 6.8498e-01 1.5517e+03  0.0558845    20.1916 274.446392     2.4725      5.014     8.6105    302.238     8.7309 -9.990e-29
      4.917    20.1940 273.202463     2.4860 4.3465e+02     0.6180    85.6851 6.7766e-01 1.5517e+03  0.0554688    20.1913 274.324585     2.4725      5.014     8.6104    302.223     8.7313 -9.990e-29
      4.917    20.1940 273.130083     2.4860 4.3588e+02     0.6192    85.6589 6.8132e-01 1.5517e+03  0.0554688    20.1912 274.385487     2.4725      5.014     8.6103    302.143     8.7318 -9.990e-29
      4.918    20.1940 273.142147     2.4860 4.5465e+02     0.6192    85.6589 6.7766e-01 1.5517e+03  0.0558845    20.1905 274.324585     2.4725      5.015     8.6102    302.156     8.7323 -9.990e-29
      4.918    20.1936 273.166274     2.4860 4.6369e+02     0.6192    85.6589 6.6300e-01 1.5517e+03  0.0554688    20.1903 274.385490     2.4725      5.015     8.6097    302.185     8.7328 -9.990e-29
      4.917    20.1938 273.118021     2.4860 4.6631e+02     0.6192    85.6589 6.4103e-01 1.5517e+03  0.0550530    20.1903 274.324585     2.4725      5.014     8.6092    302.131     8.7332 -9.990e-29
      4.915    20.1936 273.130083     2.4860 4.7961e+02     0.6192    85.6589 6.5201e-01 1.5517e+03  0.0554688    20.1906 274.385488     2.4725      5.012     8.6087    302.145     8.7335 -9.990e-29
      4.915    20.1938 273.154209     2.4872 4.8914e+02     0.6192    85.6589 7.0696e-01 1.5517e+03  0.0558845    20.1907 274.355036     2.4725      5.012     8.6131    302.171     8.7339 -9.990e-29
      4.916    20.1938 273.190400     2.4872 4.9052e+02     0.6192    85.6589 7.4725e-01 1.5517e+03  0.0563003    20.1907 274.355037     2.4725      5.013     8.6122    302.211     8.7344 -9.990e-29
      4.917    20.1934 273.105958     2.4872 4.8777e+02     0.6192    85.6589 7.3260e-01 1.5497e+03  0.0558845    20.1909 274.415941     2.4725      5.014     8.6113    302.120     8.7347 -9.990e-29
      4.918    20.1934 273.093895     2.4860 4.8640e+02     0.6180    85.6851 7.0696e-01 1.5517e+03  0.0554688    20.1907 274.446394     2.4725      5.015     8.6055    302.107     8.7352 -9.990e-29
