data/05_metadata_exports/SeabirdData/202310_SeabirdData/88554_STN66-2.cnv
* Sea-Bird SBE 9 Data File:
* FileName = C:\Users\rosette\Rosette Data\2023\Ontario lower food web csmi\STN66-2.hex
* Software Version Seasave V 7.26.6.26
* Temperature SN = 5270
* Conductivity SN = 1168
* Number of Bytes Per Scan = 40
* Number of Voltage Words = 5
* Number of Scans Averaged by the Deck Unit = 1
* NMEA Latitude = 43 19.95 N
* NMEA Longitude = 076 50.43 W
* NMEA UTC (Time) = Sep 23 2023  16:28:42
* NMEA baud rate = 4800
** Ship: Lake Guardian
** Cruise: Ontario LFW
** Station:  STN66-2
# nquan = 18                                
# nvalues = 8836                        
# units = specified
# name 0 = prDM: Pressure, Digiquartz [db]
# name 1 = t090C: Temperature [ITS-90, deg C]
# name 2 = c0uS/cm: Conductivity [uS/cm]
# name 3 = sbeox0V: Oxygen raw, SBE 43 [V]
# name 4 = par: PAR/Irradiance, Biospherical/Licor
# name 5 = bat: Beam Attenuation, Chelsea/Seatech [1/m]
# name 6 = xmiss: Beam Transmission, Chelsea/Seatech [%]
# name 7 = flSP: Fluorescence, Seapoint
# name 8 = spar: SPAR, Biospherical/Licor
# name 9 = upoly0: Upoly 0, Suna Nitrate
# name 10 = t190C: Temperature, 2 [ITS-90, deg C]
# name 11 = c1uS/cm: Conductivity, 2 [uS/cm]
# name 12 = sbeox1V: Oxygen raw, SBE 43, 2 [V]
# name 13 = depFM: Depth [fresh water, m], lat = 43.3325
# name 14 = sbeox0Mg/L: Oxygen, SBE 43 [mg/l], WS = 2
# name 15 = specc: Specific Conductance [uS/cm]
# name 16 = sbeox1Mg/L: Oxygen, SBE 43, 2 [mg/l], WS = 2
# name 17 = flag: flag
# span 0 =     -0.180,      5.333       
# span 1 =   -98.9762,    99.0000       
# span 2 =   9.869656, 275.053313       
# span 3 =     1.6996,     2.4982       
# span 4 = 3.8084e+02, 2.9660e+03       
# span 5 =     0.2766,     2.2606       
# span 6 =    56.8271,    93.3178       
# span 7 = 0.0000e+00, 4.8535e+00       
# span 8 = 1.5359e+03, 1.6186e+03       
# span 9 =  0.0413330,  0.0625367       
# span 10 =    14.2062,    20.2046      
# span 11 =   4.639558, 274.598648      
# span 12 =     1.8596,     2.8596      
# span 13 =     -0.184,      5.438      
# span 14 =  -125.2593,  2193.3251      
# span 15 =   -794.233,   1391.643      
# span 16 =     5.9792,    10.6954      
# span 17 = 0.0000e+00, 0.0000e+00      
# interval = seconds: 0.0416667
# start_time = Sep 23 2023 16:28:42 [NMEA time, header]
# bad_flag = -9.990e-29
*END*
[from data line 8523]
      4.910    20.1975 273.190397     2.4860 4.5980e+02     0.6143    85.7635 6.0073e-01 1.5418e+03  0.0563003    20.1943 274.294130     2.4762      5.007     8.5995    302.186     8.7463 -9.990e-29
      4.908    20.1973 273.226586     2.4860 4.7692e+02     0.6143    85.7635 5.8974e-01 1.5418e+03  0.0558845    20.1937 274.324581     2.4762      5.005     8.5999    302.227     8.7463 -9.990e-29
      4.908    20.1976 273.118016     2.4860 4.8367e+02     0.6143    85.7635 5.8974e-01 1.5418e+03  0.0554688    20.1935 274.415938     2.4774      5.005     8.5998    302.105     8.7517 -9.990e-29
      4.909    20.1980 273.118018     2.4860 4.8367e+02     0.6155    85.7374 5.7509e-01 1.5418e+03  0.0554688    20.1931 274.355035     2.4774      5.006     8.5997    302.103     8.7513 -9.990e-29
      4.909    20.1978 273.154206     2.4860 4.7692e+02     0.6167    85.7112 5.6410e-01 1.5418e+03  0.0558845    20.1935 274.355033     2.4774      5.006     8.6002    302.144     8.7512 -9.990e-29
      4.909    20.1980 273.190397     2.4860 4.7424e+02     0.6167    85.7112 5.7875e-01 1.5418e+03  0.0558845    20.1931 274.355035     2.4774      5.006     8.6006    302.183     8.7508 -9.990e-29
      4.910    20.1975 273.105953     2.4860 4.7424e+02     0.6167    85.7112 6.0073e-01 1.5418e+03  0.0558845    20.1928 274.233226     2.4762      5.007     8.6008    302.093     8.7455 -9.990e-29
      4.910    20.1975 273.190397     2.4860 4.5722e+02     0.6167    85.7112 5.9341e-01 1.5418e+03  0.0558845    20.1930 274.263679     2.4774      5.007     8.6008    302.186     8.7508 -9.990e-29
      4.909    20.1976 273.178333     2.4860 4.4831e+02     0.6167    85.7112 5.7509e-01 1.5418e+03  0.0558845    20.1933 274.294130     2.4774      5.006     8.6009    302.172     8.7511 -9.990e-29
      4.909    20.1978 273.142143     2.4860 4.4705e+02     0.6167    85.7112 5.7143e-01 1.5418e+03  0.0554688    20.1936 274.324581     2.4774      5.006     8.6010    302.131     8.7514 -9.990e-29
      4.910    20.1976 273.178334     2.4860 4.4205e+02     0.6155    85.7374 5.6410e-01 1.5418e+03  0.0554688    20.1940 274.355034     2.4774      5.007     8.6012    302.172     8.7512 -9.990e-29
      4.910    20.1973 273.202459     2.4860 4.3833e+02     0.6167    85.7112 5.5678e-01 1.5418e+03  0.0554688    20.1939 274.294129     2.4774      5.007     8.6015    302.201     8.7512 -9.990e-29
      4.910    20.1973 273.154208     2.4860 4.3710e+02     0.6167    85.7112 5.5678e-01 1.5418e+03  0.0554688    20.1933 274.324583     2.4762      5.007     8.6013    302.147     8.7462 -9.990e-29
      4.910    20.1973 273.178334     2.4860 4.4705e+02     0.6155    85.7374 5.6044e-01 1.5418e+03  0.0554688    20.1935 274.415939     2.4774      5.007     8.6012    302.174     8.7519 -9.990e-29
      4.908    20.1973 273.166269     2.4847 4.5851e+02     0.6155    85.7374 5.7509e-01 1.5418e+03  0.0558845    20.1927 274.324582     2.4762      5.005     8.5958    302.161     8.7470 -9.990e-29
      4.907    20.1971 273.238649     2.4847 4.5980e+02     0.6155    85.7374 5.9707e-01 1.5418e+03  0.0558845    20.1935 274.324581     2.4762      5.004     8.5961    302.242     8.7471 -9.990e-29
      4.908    20.1969 273.190396     2.4847 4.7026e+02     0.6155    85.7374 6.0440e-01 1.5418e+03  0.0554688    20.1939 274.294129     2.4762      5.005     8.5964    302.190     8.7474 -9.990e-29
      4.910    20.1969 273.190398     2.4847 4.8503e+02     0.6155    85.7374 5.9707e-01 1.5418e+03  0.0554688    20.1939 274.324582     2.4774      5.007     8.5963    302.190     8.7530 -9.990e-29
      4.911    20.1969 273.166271     2.4847 4.8777e+02     0.6167    85.7112 5.8974e-01 1.5418e+03  0.0550530    20.1939 274.355034     2.4762      5.008     8.5962    302.163     8.7480 -9.990e-29
      4.910    20.1971 273.238649     2.4860 4.8503e+02     0.6155    85.7374 5.8608e-01 1.5418e+03  0.0554688    20.1939 274.355033     2.4762      5.007     8.6017    302.242     8.7483 -9.990e-29
      4.910    20.1973 273.190397     2.4860 4.7961e+02     0.6155    85.7374 5.7509e-01 1.5418e+03  0.0558845    20.1940 274.294130     2.4762      5.007     8.6016    302.187     8.7486 -9.990e-29
      4.910    20.1971 273.190396     2.4860 4.7692e+02     0.6155    85.7374 5.7509e-01 1.5418e+03  0.0558845    20.1940 274.294129     2.4762      5.007     8.6016    302.189     8.7493 -9.990e-29
      4.910    20.1976 273.226586     2.4860 4.7692e+02     0.6155    85.7374 5.7143e-01 1.5418e+03  0.0558845    20.1946 274.294129     2.4762      5.007     8.6015    302.225     8.7499 -9.990e-29
      4.911    20.1976 273.202460     2.4847 4.7692e+02     0.6155    85.7374 5.6410e-01 1.5418e+03  0.0558845    20.1946 274.324582     2.4762      5.008     8.5958    302.199     8.7506 -9.990e-29
      4.911    20.1976 273.154206     2.4847 4.7692e+02     0.6167    85.7112 5.6044e-01 1.5418e+03  0.0558845    20.1942 274.415937     2.4762      5.008     8.5962    302.145     8.7514 -9.990e-29
      4.911    20.1978 273.178334     2.4847 4.7558e+02     0.6155    85.7374 5.6044e-01 1.5418e+03  0.0554688    20.1940 274.324582     2.4762      5.008     8.5962    302.171     8.7512 -9.990e-29
      4.912    20.1978 273.166269     2.4847 4.6894e+02     0.6167    85.7112 5.6410e-01 1.5418e+03  0.0554688    20.1947 274.294128     2.4762      5.009     8.5958    302.157     8.7513 -9.990e-29
      4.912    20.1978 273.166270     2.4847 4.6631e+02     0.6155    85.7374 5.6410e-01 1.5418e+03  0.0558845    20.1948 274.294129     2.4762      5.009     8.5955    302.157     8.7519 -9.990e-29
      4.913    20.1982 273.166269     2.4860 4.6500e+02     0.6155    85.7374 5.7875e-01 1.5418e+03  0.0558845    20.1944 274.324580     2.4762      5.010     8.6009    302.155     8.7526 -9.990e-29
      4.914    20.1981 273.190397     2.4860 4.5465e+02     0.6155    85.7374 5.9707e-01 1.5418e+03  0.0558845    20.1951 274.415938     2.4762      5.011     8.6006    302.182     8.7530 -9.990e-29
      4.914    20.1987 273.166270     2.4860 4.5084e+02     0.6155    85.7374 6.0806e-01 1.5418e+03  0.0558845    20.1944 274.355034     2.4774      5.011     8.6003    302.151     8.7590 -9.990e-29
      4.914    20.1985 273.166268     2.4847 4.4957e+02     0.6167    85.7112 6.0440e-01 1.5418e+03  0.0554688    20.1954 274.355032     2.4774      5.011     8.5948    302.153     8.7590 -9.990e-29
      4.913    20.1985 273.166270     2.4847 4.4579e+02     0.6167    85.7112 5.9707e-01 1.5418e+03  0.0554688    20.1948 274.233225     2.4774      5.010     8.5950    302.153     8.7596 -9.990e-29
      4.913    20.1984 273.190395     2.4847 4.4205e+02     0.6155    85.7374 5.9707e-01 1.5418e+03  0.0554688    20.1947 274.294128     2.4774      5.010     8.5949    302.180     8.7601 -9.990e-29
      4.913    20.1985 273.130080     2.4847 4.4081e+02     0.6167    85.7112 5.9341e-01 1.5418e+03  0.0554688    20.1947 274.294129     2.4774      5.010     8.5948    302.113     8.7605 -9.990e-29
      4.914    20.1985 273.178332     2.4847 4.4454e+02     0.6167    85.7112 5.9341e-01 1.5418e+03  0.0554688    20.1946 274.446389     2.4774      5.011     8.5943    302.166     8.7610 -9.990e-29
      4.914    20.1984 273.154207     2.4847 4.4579e+02     0.6155    85.7374 6.0073e-01 1.5418e+03  0.0554688    20.1946 274.324582     2.4774      5.011     8.5943    302.140     8.7614 -9.990e-29
      4.914    20.1984 273.154205     2.4847 4.4705e+02     0.6155    85.7374 6.0440e-01 1.5418e+03  0.0554688    20.1944 274.385485     2.4774      5.011     8.5943    302.140     8.7615 -9.990e-29
      4.914    20.1984 273.214523     2.4860 4.5211e+02     0.6155    85.7374 6.1172e-01 1.5418e+03  0.0558845    20.1944 274.263678     2.4774      5.011     8.6000    302.207     8.7618 -9.990e-29
      4.913    20.1984 273.202458     2.4860 4.5851e+02     0.6167    85.7112 6.1905e-01 1.5418e+03  0.0558845    20.1939 274.385485     2.4774      5.010     8.5996    302.193     8.7615 -9.990e-29
      4.914    20.1980 273.202460     2.4860 4.6109e+02     0.6155    85.7374 6.2271e-01 1.5418e+03  0.0554688    20.1937 274.263678     2.4774      5.011     8.5993    302.196     8.7611 -9.990e-29
      4.914    20.1976 273.202459     2.4847 4.6109e+02     0.6167    85.7112 6.1538e-01 1.5418e+03  0.0550530    20.1942 274.263676     2.4774      5.011     8.5934    302.199     8.7605 -9.990e-29
      4.915    20.1976 273.226587     2.4847 4.6369e+02     0.6155    85.7374 6.0806e-01 1.5418e+03  0.0558845    20.1940 274.294130     2.4774      5.012     8.5935    302.225     8.7604 -9.990e-29
      4.915    20.1976 273.166271     2.4847 4.6500e+02     0.6167    85.7112 6.0806e-01 1.5418e+03  0.0558845    20.1935 274.294131     2.4774      5.012     8.5935    302.159     8.7604 -9.990e-29
      4.914    20.1976 273.154206     2.4847 4.6369e+02     0.6167    85.7112 6.0440e-01 1.5418e+03  0.0554688    20.1942 274.324581     2.4774      5.011     8.5939    302.145     8.7598 -9.990e-29
      4.913    20.1978 273.142144     2.4847 4.5722e+02     0.6155    85.7374 6.0440e-01 1.5418e+03  0.0554688    20.1941 274.294130     2.4786      5.010     8.5944    302.131     8.7646 -9.990e-29
      4.913    20.1980 273.154206     2.4847 4.5594e+02     0.6155    85.7374 6.1538e-01 1.5418e+03  0.0554688    20.1946 274.294128     2.4786      5.010     8.5948    302.143     8.7639 -9.990e-29
      4.913    20.1984 273.142144     2.4847 4.5465e+02     0.6155    85.7374 6.2637e-01 1.5418e+03  0.0558845    20.1940 274.294130     2.4786      5.010     8.5952    302.127     8.7635 -9.990e-29
      4.914    20.1985 273.142142     2.4860 4.4957e+02     0.6155    85.7374 6.1905e-01 1.5418e+03  0.0554688    20.1944 274.324580     2.4786      5.011     8.6010    302.126     8.7632 -9.990e-29
      4.914    20.1985 273.178333     2.4847 4.4705e+02     0.6167    85.7112 6.0806e-01 1.5418e+03  0.0554688    20.1943 274.294130     2.4774      5.011     8.5954    302.166     8.7572 -9.990e-29
      4.915    20.1985 273.166269     2.4835 4.4705e+02     0.6155    85.7374 6.0440e-01 1.5418e+03  0.0563003    20.1944 274.294129     2.4786      5.012     8.5907    302.153     8.7619 -9.990e-29
      4.915    20.1989 273.190396     2.4835 4.4957e+02     0.6167    85.7112 5.9707e-01 1.5418e+03  0.0558845    20.1946 274.324582     2.4786      5.012     8.5911    302.177     8.7612 -9.990e-29
      4.915    20.1987 273.154205     2.4835 4.5084e+02     0.6167    85.7112 5.9341e-01 1.5418e+03  0.0554688    20.1942 274.355033     2.4786      5.012     8.5916    302.138     8.7606 -9.990e-29
      4.915    20.1989 273.178333     2.4835 4.5084e+02     0.6167    85.7112 5.8608e-01 1.5418e+03  0.0554688    20.1942 274.355034     2.4786      5.012     8.5924    302.163     8.7599 -9.990e-29
      4.915    20.1989 273.226586     2.4835 4.5338e+02     0.6155    85.7374 5.7509e-01 1.5418e+03  0.0558845    20.1945 274.294130     2.4786      5.012     8.5932    302.217     8.7591 -9.990e-29
      4.914    20.1990 273.178331     2.4847 4.5594e+02     0.6155    85.7374 5.7875e-01 1.5418e+03  0.0558845    20.1947 274.324580     2.4786      5.011     8.5993    302.163     8.7584 -9.990e-29
      4.914    20.1990 273.166269     2.4847 4.5594e+02     0.6167    85.7112 5.7875e-01 1.5418e+03  0.0558845    20.1944 274.355034     2.4786      5.011     8.5997    302.149     8.7581 -9.990e-29
      4.914    20.1989 273.142142     2.4835 4.5722e+02     0.6167    85.7112 5.7143e-01 1.5418e+03  0.0554688    20.1940 274.355033     2.4786      5.011     8.5953    302.123     8.7579 -9.990e-29
      4.914    20.1989 273.178333     2.4835 4.5851e+02     0.6167    85.7112 5.6777e-01 1.5418e+03  0.0554688    20.1936 274.355035     2.4786      5.011     8.5960    302.163     8.7577 -9.990e-29
      4.914    20.1990 273.166268     2.4823 4.5851e+02     0.6155    85.7374 5.6044e-01 1.5418e+03  0.0554688    20.1937 274.294129     2.4786      5.011     8.5915    302.149     8.7570 -9.990e-29
      4.915    20.1990 273.118017     2.4835 4.5851e+02     0.6167    85.7112 5.6777e-01 1.5418e+03  0.0554688    20.1939 274.172322     2.4786      5.012     8.5974    302.096     8.7566 -9.990e-29
      4.915    20.1989 273.105954     2.4835 4.5980e+02     0.6167    85.7112 5.7509e-01 1.5418e+03  0.0558845    20.1940 274.355034     2.4786      5.012     8.5981    302.083     8.7559 -9.990e-29
      4.914    20.1992 273.178331     2.4835 4.5980e+02     0.6155    85.7374 5.7509e-01 1.5418e+03  0.0558845    20.1940 274.446389     2.4786      5.011     8.5987    302.161     8.7553 -9.990e-29
      4.914    20.1989 273.202459     2.4835 4.5980e+02     0.6167    85.7112 5.7875e-01 1.5418e+03  0.0554688    20.1941 274.355034     2.4774      5.011     8.5997    302.190     8.7493 -9.990e-29
      4.914    20.1992 273.202458     2.4835 4.6109e+02     0.6180    85.6851 5.8242e-01 1.5418e+03  0.0558845    20.1939 274.415938     2.4774      5.011     8.6006    302.188     8.7487 -9.990e-29
      4.914    20.1989 273.130078     2.4835 4.6109e+02     0.6180    85.6851 5.8974e-01 1.5418e+03  0.0563003    20.1939 274.355033     2.4774      5.011     8.6016    302.110     8.7480 -9.990e-29
      4.914    20.1985 273.178333     2.4847 4.5980e+02     0.6180    85.6851 5.8974e-01 1.5418e+03  0.0558845    20.1937 274.415939     2.4774      5.011     8.6075    302.166     8.7475 -9.990e-29
      4.914    20.1983 273.166270     2.4847 4.5722e+02     0.6180    85.6851 5.7875e-01 1.5418e+03  0.0554688    20.1936 274.324583     2.4786      5.011     8.6081    302.154     8.7523 -9.990e-29
      4.914    20.1987 273.166268     2.4847 4.5594e+02     0.6180    85.6851 6.0073e-01 1.5418e+03  0.0554688    20.1937 274.446390     2.4774      5.011     8.6085    302.151     8.7463 -9.990e-29
      4.914    20.1989 273.214522     2.4847 4.5338e+02     0.6180    85.6851 6.0073e-01 1.5418e+03  0.0554688    20.1940 274.385486     2.4774      5.011     8.6089    302.203     8.7457 -9.990e-29
      4.914    20.1990 273.202458     2.4847 4.4705e+02     0.6167    85.7112 5.8608e-01 1.5418e+03  0.0554688    20.1942 274.355033     2.4774      5.011     8.6097    302.189     8.7456 -9.990e-29
      4.914    20.1994 273.105953     2.4847 4.4454e+02     0.6180    85.6851 5.8608e-01 1.5418e+03  0.0554688    20.1946 274.446390     2.4774      5.011     8.6100    302.080     8.7454 -9.990e-29
      4.914    20.1994 273.166269     2.4847 4.4454e+02     0.6180    85.6851 6.0073e-01 1.5418e+03  0.0554688    20.1951 274.324581     2.4786      5.011     8.6103    302.147     8.7506 -9.990e-29
      4.913    20.1996 273.202457     2.4847 4.4705e+02     0.6167    85.7112 6.0440e-01 1.5418e+03  0.0554688    20.1951 274.294128     2.4774      5.010     8.6110    302.185     8.7453 -9.990e-29
      4.913    20.1997 273.166269     2.4860 4.4831e+02     0.6180    85.6851 5.8974e-01 1.5418e+03  0.0558845    20.1960 274.324580     2.4774      5.010     8.6170    302.145     8.7447 -9.990e-29
      4.912    20.1997 273.142141     2.4860 4.4957e+02     0.6180    85.6851 5.9341e-01 1.5418e+03  0.0558845    20.1956 274.294127     2.4774      5.009     8.6169    302.118     8.7448 -9.990e-29
      4.911    20.1996 273.154206     2.4860 4.6109e+02     0.6180    85.6851 5.9707e-01 1.5418e+03  0.0558845    20.1959 274.324580     2.4774      5.008     8.6168    302.132     8.7448 -9.990e-29
      4.911    20.1994 273.166268     2.4860 4.6762e+02     0.6180    85.6851 5.9341e-01 1.5418e+03  0.0558845    20.1956 274.355031     2.4774      5.008     8.6166    302.147     8.7450 -9.990e-29
      4.911    20.1994 273.190395     2.4860 4.6762e+02     0.6167    85.7112 5.8608e-01 1.5418e+03  0.0554688    20.1956 274.355032     2.4774      5.008     8.6164    302.173     8.7451 -9.990e-29
      4.912    20.1992 273.166269     2.4860 4.6631e+02     0.6180    85.6851 5.8974e-01 1.5418e+03  0.0554688    20.1960 274.415937     2.4762      5.009     8.6162    302.148     8.7399 -9.990e-29
