data/05_metadata_exports/SeabirdData/202310_SeabirdData/88554_STN66-2.cnv
* Sea-Bird SBE 9 Data File:
* FileName = C:\Users\rosette\Rosette Data\2023\Ontario lower food web csmi\STN66-2.hex
* Software Version Seasave V 7.26.6.26
* Temperature SN = 5270
* Conductivity SN = 1168
* Number of Bytes Per Scan = 40
* Number of Voltage Words = 5
* Number of Scans Averaged by the Deck Unit = 1
* NMEA Latitude = 43 19.95 N
* NMEA Longitude = 076 50.43 W
* NMEA UTC (Time) = Sep 23 2023  16:28:42
* NMEA baud rate = 4800
** Ship: Lake Guardian
** Cruise: Ontario LFW
** Station:  STN66-2
# nquan = 18                                
# nvalues = 8836                        
# units = specified
# name 0 = prDM: Pressure, Digiquartz [db]
# name 1 = t090C: Temperature [ITS-90, deg C]
# name 2 = c0uS/cm: Conductivity [uS/cm]
# name 3 = sbeox0V: Oxygen raw, SBE 43 [V]
# name 4 = par: PAR/Irradiance, Biospherical/Licor
# name 5 = bat: Beam Attenuation, Chelsea/Seatech [1/m]
# name 6 = xmiss: Beam Transmission, Chelsea/Seatech [%]
# name 7 = flSP: Fluorescence, Seapoint
# name 8 = spar: SPAR, Biospherical/Licor
# name 9 = upoly0: Upoly 0, Suna Nitrate
# name 10 = t190C: Temperature, 2 [ITS-90, deg C]
# name 11 = c1uS/cm: Conductivity, 2 [uS/cm]
# name 12 = sbeox1V: Oxygen raw, SBE 43, 2 [V]
# name 13 = depFM: Depth [fresh water, m], lat = 43.3325
# name 14 = sbeox0Mg/L: Oxygen, SBE 43 [mg/l], WS = 2
# name 15 = specc: Specific Conductance [uS/cm]
# name 16 = sbeox1Mg/L: Oxygen, SBE 43, 2 [mg/l], WS = 2
# name 17 = flag: flag
# span 0 =     -0.180,      5.333       
# span 1 =   -98.9762,    99.0000       
# span 2 =   9.869656, 275.053313       
# span 3 =     1.6996,     2.4982       
# span 4 = 3.8084e+02, 2.9660e+03       
# span 5 =     0.2766,     2.2606       
# span 6 =    56.8271,    93.3178       
# span 7 = 0.0000e+00, 4.8535e+00       
# span 8 = 1.5359e+03, 1.6186e+03       
# span 9 =  0.0413330,  0.0625367       
# span 10 =    14.2062,    20.2046      
# span 11 =   4.639558, 274.598648      
# span 12 =     1.8596,     2.8596      
# span 13 =     -0.184,      5.438      
# span 14 =  -125.2593,  2193.3251      
# span 15 =   -794.233,   1391.643      
# span 16 =     5.9792,    10.6954      
# span 17 = 0.0000e+00, 0.0000e+00      
# interval = seconds: 0.0416667
# start_time = Sep 23 2023 16:28:42 [NMEA time, header]
# bad_flag = -9.990e-29
*END*
[from data line 4825]
      4.928    20.2032 273.142139     2.4945 4.6239e+02     0.6265    85.5021 6.0073e-01 1.5438e+03  0.0558845    20.2019 274.324575     2.4762      5.025     8.6470    302.095     8.7489 -9.990e-29
      4.928    20.2034 273.142139     2.4945 4.6239e+02     0.6253    85.5282 5.9707e-01 1.5438e+03  0.0558845    20.2016 274.324576     2.4762      5.025     8.6474    302.093     8.7487 -9.990e-29
      4.927    20.2032 273.142138     2.4957 4.6109e+02     0.6228    85.5805 5.9341e-01 1.5438e+03  0.0554688    20.2018 274.294122     2.4774      5.024     8.6534    302.095     8.7538 -9.990e-29
      4.927    20.2032 273.105950     2.4945 4.5594e+02     0.6228    85.5805 6.0073e-01 1.5438e+03  0.0554688    20.2016 274.385480     2.4762      5.024     8.6481    302.055     8.7479 -9.990e-29
      4.927    20.2032 273.130076     2.4945 4.5465e+02     0.6228    85.5805 6.0806e-01 1.5438e+03  0.0554688    20.2018 274.446384     2.4774      5.024     8.6484    302.081     8.7526 -9.990e-29
      4.926    20.2034 273.178328     2.4945 4.5211e+02     0.6228    85.5805 6.0806e-01 1.5438e+03  0.0558845    20.2014 274.324575     2.4774      5.023     8.6482    302.133     8.7525 -9.990e-29
      4.925    20.2032 273.238645     2.4945 4.3710e+02     0.6241    85.5544 5.9707e-01 1.5438e+03  0.0558845    20.2013 274.324576     2.4762      5.022     8.6478    302.201     8.7470 -9.990e-29
      4.925    20.2031 273.142138     2.4957 4.2979e+02     0.6228    85.5805 5.7875e-01 1.5438e+03  0.0558845    20.2012 274.415931     2.4774      5.022     8.6526    302.095     8.7522 -9.990e-29
      4.924    20.2034 273.130076     2.4945 4.2858e+02     0.6241    85.5544 6.1172e-01 1.5438e+03  0.0558845    20.2016 274.446384     2.4774      5.021     8.6468    302.080     8.7515 -9.990e-29
      4.925    20.2034 273.093885     2.4957 4.1670e+02     0.6228    85.5805 6.5201e-01 1.5438e+03  0.0558845    20.2016 274.446383     2.4774      5.022     8.6515    302.040     8.7513 -9.990e-29
      4.926    20.2036 273.093887     2.4945 4.0973e+02     0.6228    85.5805 6.4469e-01 1.5438e+03  0.0558845    20.2013 274.355028     2.4762      5.023     8.6457    302.039     8.7459 -9.990e-29
      4.927    20.2034 273.178329     2.4957 4.0973e+02     0.6228    85.5805 6.3370e-01 1.5438e+03  0.0558845    20.2012 274.415932     2.4774      5.024     8.6505    302.133     8.7511 -9.990e-29
      4.926    20.2032 273.154203     2.4945 4.1320e+02     0.6228    85.5805 6.4469e-01 1.5438e+03  0.0558845    20.2016 274.324576     2.4774      5.023     8.6447    302.108     8.7509 -9.990e-29
      4.926    20.2034 273.178327     2.4957 4.1670e+02     0.6228    85.5805 6.7033e-01 1.5438e+03  0.0554688    20.2014 274.324574     2.4774      5.023     8.6497    302.133     8.7507 -9.990e-29
      4.925    20.2034 273.202455     2.4957 4.1670e+02     0.6228    85.5805 6.6667e-01 1.5438e+03  0.0558845    20.2016 274.355028     2.4774      5.022     8.6494    302.160     8.7505 -9.990e-29
      4.926    20.2034 273.226580     2.4957 4.2260e+02     0.6228    85.5805 6.4469e-01 1.5438e+03  0.0563003    20.2018 274.294122     2.4774      5.023     8.6492    302.187     8.7503 -9.990e-29
      4.927    20.2032 273.130076     2.4957 4.2979e+02     0.6228    85.5805 6.2271e-01 1.5438e+03  0.0563003    20.2016 274.446384     2.4774      5.024     8.6489    302.081     8.7502 -9.990e-29
      4.928    20.2032 273.178329     2.4945 4.3100e+02     0.6216    85.6067 6.1538e-01 1.5438e+03  0.0558845    20.2018 274.263671     2.4774      5.025     8.6434    302.135     8.7500 -9.990e-29
      4.928    20.2034 273.130076     2.4945 4.4081e+02     0.6216    85.6067 6.2637e-01 1.5438e+03  0.0558845    20.2018 274.385480     2.4762      5.025     8.6434    302.080     8.7445 -9.990e-29
      4.927    20.2034 273.142138     2.4945 4.5594e+02     0.6216    85.6067 6.1905e-01 1.5438e+03  0.0558845    20.2018 274.324575     2.4762      5.024     8.6430    302.093     8.7443 -9.990e-29
      4.927    20.2036 273.142138     2.4957 4.5851e+02     0.6228    85.5805 6.0440e-01 1.5438e+03  0.0558845    20.2016 274.324574     2.4762      5.024     8.6479    302.092     8.7446 -9.990e-29
      4.929    20.2034 273.154202     2.4957 4.7158e+02     0.6253    85.5282 5.9707e-01 1.5438e+03  0.0554688    20.2011 274.355028     2.4762      5.026     8.6472    302.107     8.7445 -9.990e-29
      4.930    20.2032 273.142139     2.4957 5.0027e+02     0.6302    85.4237 6.0073e-01 1.5438e+03  0.0558845    20.2016 274.446384     2.4762      5.027     8.6466    302.095     8.7446 -9.990e-29
      4.931    20.2034 273.154202     2.4957 5.0878e+02     0.6326    85.3714 5.9341e-01 1.5438e+03  0.0558845    20.2018 274.507289     2.4762      5.028     8.6462    302.107     8.7448 -9.990e-29
      4.930    20.2034 273.166266     2.4969 5.0735e+02     0.6326    85.3714 5.8608e-01 1.5438e+03  0.0558845    20.2016 274.324575     2.4762      5.027     8.6514    302.120     8.7450 -9.990e-29
      4.930    20.2034 273.118011     2.4957 5.0309e+02     0.6326    85.3714 5.8242e-01 1.5438e+03  0.0558845    20.2019 274.202766     2.4762      5.027     8.6458    302.067     8.7451 -9.990e-29
      4.930    20.2032 273.142139     2.4969 5.0168e+02     0.6326    85.3714 5.7509e-01 1.5438e+03  0.0558845    20.2019 274.294123     2.4762      5.027     8.6510    302.095     8.7453 -9.990e-29
      4.930    20.2034 273.214519     2.4957 4.9887e+02     0.6326    85.3714 5.8608e-01 1.5438e+03  0.0558845    20.2021 274.355027     2.4750      5.027     8.6460    302.173     8.7404 -9.990e-29
      4.931    20.2036 273.166264     2.4957 4.7826e+02     0.6326    85.3714 6.0073e-01 1.5438e+03  0.0554688    20.2020 274.415930     2.4750      5.028     8.6456    302.119     8.7406 -9.990e-29
      4.932    20.2034 273.142139     2.4957 4.7026e+02     0.6326    85.3714 5.9707e-01 1.5438e+03  0.0554688    20.2019 274.355027     2.4762      5.029     8.6453    302.093     8.7465 -9.990e-29
      4.934    20.2036 273.154202     2.4945 4.6894e+02     0.6314    85.3975 5.8608e-01 1.5438e+03  0.0554688    20.2023 274.294123     2.4762      5.031     8.6396    302.105     8.7469 -9.990e-29
      4.935    20.2036 273.166265     2.4945 4.5338e+02     0.6314    85.3975 5.8608e-01 1.5438e+03  0.0558845    20.2014 274.324576     2.4762      5.032     8.6392    302.119     8.7472 -9.990e-29
      4.935    20.2034 273.166266     2.4945 4.4454e+02     0.6326    85.3714 6.0073e-01 1.5438e+03  0.0558845    20.2019 274.415932     2.4750      5.032     8.6388    302.120     8.7423 -9.990e-29
      4.936    20.2034 273.166265     2.4945 4.4329e+02     0.6326    85.3714 6.2637e-01 1.5438e+03  0.0558845    20.2016 274.355027     2.4762      5.033     8.6385    302.120     8.7482 -9.990e-29
      4.936    20.2034 273.214519     2.4945 4.3588e+02     0.6326    85.3714 6.4835e-01 1.5438e+03  0.0558845    20.2023 274.415931     2.4762      5.033     8.6385    302.173     8.7486 -9.990e-29
      4.937    20.2036 273.166265     2.4945 4.2979e+02     0.6314    85.3975 6.5934e-01 1.5438e+03  0.0554688    20.2016 274.446384     2.4762      5.034     8.6381    302.119     8.7488 -9.990e-29
      4.937    20.2034 273.154202     2.4945 4.2979e+02     0.6326    85.3714 6.5201e-01 1.5438e+03  0.0554688    20.2019 274.355027     2.4762      5.034     8.6381    302.107     8.7493 -9.990e-29
      4.937    20.2034 273.214519     2.4957 4.3833e+02     0.6326    85.3714 6.2637e-01 1.5438e+03  0.0554688    20.2019 274.415932     2.4762      5.034     8.6431    302.173     8.7498 -9.990e-29
      4.936    20.2034 273.166266     2.4957 4.4579e+02     0.6326    85.3714 6.1172e-01 1.5438e+03  0.0554688    20.2022 274.355027     2.4762      5.033     8.6434    302.120     8.7502 -9.990e-29
      4.936    20.2034 273.214517     2.4945 4.4705e+02     0.6326    85.3714 6.1538e-01 1.5438e+03  0.0558845    20.2021 274.355026     2.4762      5.033     8.6382    302.173     8.7507 -9.990e-29
      4.937    20.2036 273.202455     2.4957 4.5465e+02     0.6326    85.3714 6.1905e-01 1.5438e+03  0.0558845    20.2021 274.294123     2.4762      5.034     8.6435    302.159     8.7512 -9.990e-29
      4.939    20.2034 273.166266     2.4957 4.6500e+02     0.6326    85.3714 6.1538e-01 1.5438e+03  0.0554688    20.2018 274.385480     2.4762      5.036     8.6436    302.120     8.7518 -9.990e-29
      4.940    20.2036 273.190392     2.4957 4.6631e+02     0.6302    85.4237 6.2271e-01 1.5438e+03  0.0558845    20.2020 274.324575     2.4762      5.037     8.6432    302.145     8.7522 -9.990e-29
      4.941    20.2034 273.154202     2.4945 4.7291e+02     0.6302    85.4237 6.4103e-01 1.5438e+03  0.0563003    20.2016 274.294123     2.4762      5.038     8.6381    302.107     8.7524 -9.990e-29
      4.942    20.2032 273.154203     2.4945 4.8503e+02     0.6290    85.4498 6.5934e-01 1.5438e+03  0.0563003    20.2019 274.507289     2.4774      5.039     8.6378    302.108     8.7578 -9.990e-29
      4.943    20.2032 273.238645     2.4945 4.8914e+02     0.6302    85.4237 6.8132e-01 1.5438e+03  0.0554688    20.2016 274.415932     2.4762      5.040     8.6379    302.201     8.7525 -9.990e-29
      4.943    20.2034 273.214519     2.4945 4.8503e+02     0.6290    85.4498 6.6667e-01 1.5438e+03  0.0558845    20.2018 274.294123     2.4774      5.040     8.6379    302.173     8.7579 -9.990e-29
      4.943    20.2036 273.154203     2.4945 4.7692e+02     0.6302    85.4237 6.5568e-01 1.5438e+03  0.0558845    20.2019 274.385480     2.4774      5.040     8.6380    302.105     8.7579 -9.990e-29
      4.942    20.2036 273.154202     2.4957 4.7424e+02     0.6302    85.4237 6.5934e-01 1.5438e+03  0.0558845    20.2019 274.324575     2.4774      5.039     8.6433    302.105     8.7579 -9.990e-29
      4.941    20.2034 273.142139     2.4945 4.7026e+02     0.6302    85.4237 6.7766e-01 1.5438e+03  0.0558845    20.2020 274.385479     2.4774      5.038     8.6386    302.093     8.7578 -9.990e-29
      4.939    20.2034 273.105950     2.4957 4.5338e+02     0.6302    85.4237 6.8864e-01 1.5438e+03  0.0558845    20.2016 274.355028     2.4774      5.036     8.6440    302.053     8.7579 -9.990e-29
      4.938    20.2034 273.178327     2.4957 4.4705e+02     0.6302    85.4237 6.7766e-01 1.5438e+03  0.0558845    20.2019 274.415930     2.4774      5.035     8.6445    302.133     8.7578 -9.990e-29
      4.939    20.2034 273.166266     2.4945 4.4579e+02     0.6302    85.4237 6.5934e-01 1.5438e+03  0.0554688    20.2020 274.324575     2.4774      5.036     8.6398    302.120     8.7573 -9.990e-29
      4.940    20.2034 273.190392     2.4945 4.3957e+02     0.6302    85.4237 6.4103e-01 1.5438e+03  0.0554688    20.2021 274.385479     2.4774      5.037     8.6403    302.147     8.7567 -9.990e-29
      4.941    20.2032 273.105950     2.4945 4.3588e+02     0.6302    85.4237 6.4469e-01 1.5438e+03  0.0558845    20.2021 274.324575     2.4774      5.038     8.6413    302.055     8.7566 -9.990e-29
      4.942    20.2034 273.190392     2.4945 4.3588e+02     0.6302    85.4237 6.6300e-01 1.5438e+03  0.0563003    20.2018 274.202767     2.4774      5.039     8.6414    302.147     8.7565 -9.990e-29
      4.943    20.2032 273.130076     2.4933 4.3221e+02     0.6302    85.4237 6.6300e-01 1.5458e+03  0.0563003    20.2020 274.415932     2.4774      5.040     8.6367    302.081     8.7563 -9.990e-29
      4.944    20.2034 273.130076     2.4945 4.2979e+02     0.6302    85.4237 6.4469e-01 1.5438e+03  0.0554688    20.2018 274.385480     2.4774      5.041     8.6417    302.080     8.7557 -9.990e-29
      4.944    20.2034 273.105950     2.4945 4.2979e+02     0.6302    85.4237 6.3370e-01 1.5438e+03  0.0558845    20.2019 274.415932     2.4774      5.041     8.6418    302.053     8.7555 -9.990e-29
      4.945    20.2031 273.142140     2.4945 4.2858e+02     0.6302    85.4237 6.5201e-01 1.5438e+03  0.0558845    20.2020 274.324575     2.4774      5.042     8.6416    302.095     8.7553 -9.990e-29
      4.946    20.2031 273.166266     2.4945 4.2858e+02     0.6302    85.4237 6.8132e-01 1.5458e+03  0.0554688    20.2018 274.385480     2.4774      5.044     8.6417    302.122     8.7550 -9.990e-29
      4.946    20.2034 273.142140     2.4945 4.2858e+02     0.6302    85.4237 6.8132e-01 1.5438e+03  0.0558845    20.2018 274.263672     2.4774      5.044     8.6414    302.093     8.7548 -9.990e-29
      4.946    20.2031 273.178329     2.4957 4.2858e+02     0.6253    85.5282 6.6300e-01 1.5438e+03  0.0563003    20.2018 274.476836     2.4774      5.044     8.6471    302.135     8.7545 -9.990e-29
      4.945    20.2034 273.226582     2.4945 4.2858e+02     0.6216    85.6067 6.4469e-01 1.5458e+03  0.0563003    20.2022 274.415932     2.4774      5.042     8.6423    302.187     8.7541 -9.990e-29
      4.945    20.2034 273.202455     2.4945 4.2858e+02     0.6216    85.6067 6.3370e-01 1.5438e+03  0.0558845    20.2016 274.415932     2.4774      5.042     8.6420    302.160     8.7539 -9.990e-29
      4.944    20.2031 273.130076     2.4945 4.2738e+02     0.6216    85.6067 6.4469e-01 1.5458e+03  0.0554688    20.2021 274.446384     2.4774      5.041     8.6429    302.082     8.7535 -9.990e-29
      4.944    20.2032 273.130076     2.4945 4.2618e+02     0.6216    85.6067 6.5934e-01 1.5438e+03  0.0554688    20.2018 274.446384     2.4774      5.041     8.6433    302.081     8.7532 -9.990e-29
      4.943    20.2032 273.142139     2.4957 4.2618e+02     0.6216    85.6067 6.7766e-01 1.5458e+03  0.0563003    20.2018 274.324575     2.4774      5.040     8.6490    302.095     8.7528 -9.990e-29
      4.943    20.2032 273.142139     2.4945 4.2979e+02     0.6204    85.6328 6.9597e-01 1.5458e+03  0.0558845    20.2021 274.324575     2.4774      5.040     8.6442    302.095     8.7524 -9.990e-29
      4.943    20.2031 273.226581     2.4945 4.3957e+02     0.6204    85.6328 7.0696e-01 1.5438e+03  0.0558845    20.2018 274.415930     2.4774      5.040     8.6442    302.189     8.7525 -9.990e-29
      4.945    20.2032 273.142141     2.4945 4.4329e+02     0.6216    85.6067 7.1795e-01 1.5458e+03  0.0558845    20.2018 274.446386     2.4774      5.042     8.6442    302.095     8.7521 -9.990e-29
      4.945    20.2031 273.142140     2.4945 4.4831e+02     0.6216    85.6067 7.2894e-01 1.5458e+03  0.0558845    20.2018 274.355028     2.4774      5.042     8.6443    302.095     8.7521 -9.990e-29
      4.944    20.2031 273.190392     2.4945 4.6894e+02     0.6216    85.6067 7.4725e-01 1.5458e+03  0.0563003    20.2019 274.355027     2.4774      5.041     8.6443    302.149     8.7520 -9.990e-29
      4.942    20.2029 273.166266     2.4945 4.7692e+02     0.6216    85.6067 7.7289e-01 1.5458e+03  0.0558845    20.2022 274.446384     2.4774      5.039     8.6447    302.123     8.7520 -9.990e-29
      4.941    20.2031 273.190392     2.4945 4.7826e+02     0.6216    85.6067 8.0952e-01 1.5458e+03  0.0558845    20.2023 274.385479     2.4774      5.038     8.6442    302.149     8.7520 -9.990e-29
      4.940    20.2032 273.166265     2.4945 4.8777e+02     0.6216    85.6067 8.3150e-01 1.5458e+03  0.0563003    20.2018 274.415931     2.4774      5.037     8.6446    302.121     8.7521 -9.990e-29
      4.940    20.2031 273.166266     2.4957 4.9052e+02     0.6216    85.6067 8.2784e-01 1.5458e+03  0.0558845    20.2012 274.355028     2.4774      5.037     8.6498    302.122     8.7522 -9.990e-29
      4.940    20.2032 273.190392     2.4957 4.9052e+02     0.6216    85.6067 8.0586e-01 1.5458e+03  0.0554688    20.2020 274.507289     2.4774      5.037     8.6498    302.148     8.7520 -9.990e-29
      4.940    20.2031 273.130076     2.4969 4.7291e+02     0.6216    85.6067 7.7289e-01 1.5458e+03  0.0558845    20.2018 274.294123     2.4774      5.037     8.6554    302.082     8.7521 -9.990e-29
