data/05_metadata_exports/SeabirdData/202310_SeabirdData/88554_STN66-2.cnv
* Sea-Bird SBE 9 Data File:
* FileName = C:\Users\rosette\Rosette Data\2023\Ontario lower food web csmi\STN66-2.hex
* Software Version Seasave V 7.26.6.26
* Temperature SN = 5270
* Conductivity SN = 1168
* Number of Bytes Per Scan = 40
* Number of Voltage Words = 5
* Number of Scans Averaged by the Deck Unit = 1
* NMEA Latitude = 43 19.95 N
* NMEA Longitude = 076 50.43 W
* NMEA UTC (Time) = Sep 23 2023  16:28:42
* NMEA baud rate = 4800
** Ship: Lake Guardian
** Cruise: Ontario LFW
** Station:  STN66-2
# nquan = 18                                
# nvalues = 8836                        
# units = specified
# name 0 = prDM: Pressure, Digiquartz [db]
# name 1 = t090C: Temperature [ITS-90, deg C]
# name 2 = c0uS/cm: Conductivity [uS/cm]
# name 3 = sbeox0V: Oxygen raw, SBE 43 [V]
# name 4 = par: PAR/Irradiance, Biospherical/Licor
# name 5 = bat: Beam Attenuation, Chelsea/Seatech [1/m]
# name 6 = xmiss: Beam Transmission, Chelsea/Seatech [%]
# name 7 = flSP: Fluorescence, Seapoint
# name 8 = spar: SPAR, Biospherical/Licor
# name 9 = upoly0: Upoly 0, Suna Nitrate
# name 10 = t190C: Temperature, 2 [ITS-90, deg C]
# name 11 = c1uS/cm: Conductivity, 2 [uS/cm]
# name 12 = sbeox1V: Oxygen raw, SBE 43, 2 [V]
# name 13 = depFM: Depth [fresh water, m], lat = 43.3325
# name 14 = sbeox0Mg/L: Oxygen, SBE 43 [mg/l], WS = 2
# name 15 = specc: Specific Conductance [uS/cm]
# name 16 = sbeox1Mg/L: Oxygen, SBE 43, 2 [mg/l], WS = 2
# name 17 = flag: flag
# span 0 =     -0.180,      5.333       
# span 1 =   -98.9762,    99.0000       
# span 2 =   9.869656, 275.053313       
# span 3 =     1.6996,     2.4982       
# span 4 = 3.8084e+02, 2.9660e+03       
# span 5 =     0.2766,     2.2606       
# span 6 =    56.8271,    93.3178       
# span 7 = 0.0000e+00, 4.8535e+00       
# span 8 = 1.5359e+03, 1.6186e+03       
# span 9 =  0.0413330,  0.0625367       
# span 10 =    14.2062,    20.2046      
# span 11 =   4.639558, 274.598648      
# span 12 =     1.8596,     2.8596      
# span 13 =     -0.184,      5.438      
# span 14 =  -125.2593,  2193.3251      
# span 15 =   -794.233,   1391.643      
# span 16 =     5.9792,    10.6954      
# span 17 = 0.0000e+00, 0.0000e+00      
# interval = seconds: 0.0416667
# start_time = Sep 23 2023 16:28:42 [NMEA time, header]
# bad_flag = -9.990e-29
*END*
[from data line 6352]
      4.914    20.2004 273.142140     2.4908 4.9468e+02     0.6082    85.8942 7.6190e-01 1.5654e+03  0.0558845    20.1977 274.294125     2.4774      5.011     8.6263    302.113     8.7536 -9.990e-29
      4.914    20.2006 273.142142     2.4908 4.9329e+02     0.6082    85.8942 7.5092e-01 1.5654e+03  0.0554688    20.1977 274.233223     2.4774      5.011     8.6265    302.112     8.7531 -9.990e-29
      4.915    20.2008 273.142140     2.4896 4.8914e+02     0.6082    85.8942 7.3993e-01 1.5654e+03  0.0554688    20.1980 274.263673     2.4774      5.012     8.6215    302.111     8.7526 -9.990e-29
      4.915    20.2009 273.142141     2.4884 4.8231e+02     0.6082    85.8942 7.2161e-01 1.5654e+03  0.0554688    20.1974 274.324579     2.4774      5.012     8.6165    302.110     8.7530 -9.990e-29
      4.915    20.2008 273.154203     2.4884 4.7961e+02     0.6070    85.9203 7.0696e-01 1.5654e+03  0.0550530    20.1974 274.294126     2.4774      5.012     8.6167    302.124     8.7529 -9.990e-29
      4.915    20.2009 273.166268     2.4884 4.7826e+02     0.6082    85.8942 6.9231e-01 1.5654e+03  0.0554688    20.1975 274.324579     2.4774      5.012     8.6162    302.137     8.7528 -9.990e-29
      4.915    20.2008 273.142140     2.4884 4.7291e+02     0.6070    85.9203 6.8132e-01 1.5635e+03  0.0554688    20.1974 274.355030     2.4774      5.012     8.6158    302.111     8.7527 -9.990e-29
      4.915    20.2008 273.214521     2.4896 4.7158e+02     0.6082    85.8942 6.7766e-01 1.5654e+03  0.0554688    20.1977 274.355031     2.4774      5.012     8.6205    302.191     8.7529 -9.990e-29
      4.914    20.2009 273.130077     2.4896 4.7026e+02     0.6082    85.8942 6.8132e-01 1.5654e+03  0.0554688    20.1975 274.415934     2.4774      5.011     8.6204    302.097     8.7529 -9.990e-29
      4.914    20.2008 273.142142     2.4896 4.6631e+02     0.6082    85.8942 6.8132e-01 1.5635e+03  0.0554688    20.1974 274.355031     2.4774      5.011     8.6202    302.111     8.7532 -9.990e-29
      4.914    20.2009 273.190393     2.4896 4.6500e+02     0.6094    85.8681 6.8498e-01 1.5654e+03  0.0558845    20.1974 274.233222     2.4774      5.011     8.6204    302.163     8.7530 -9.990e-29
      4.915    20.2008 273.202456     2.4908 4.6369e+02     0.6180    85.6851 6.8864e-01 1.5635e+03  0.0558845    20.1975 274.385482     2.4774      5.012     8.6255    302.177     8.7533 -9.990e-29
      4.916    20.2008 273.130079     2.4896 4.5594e+02     0.6228    85.5805 6.8864e-01 1.5635e+03  0.0558845    20.1974 274.446389     2.4774      5.013     8.6198    302.097     8.7535 -9.990e-29
      4.916    20.2009 273.105951     2.4896 4.5084e+02     0.6228    85.5805 6.8132e-01 1.5635e+03  0.0558845    20.1975 274.355030     2.4774      5.013     8.6197    302.070     8.7538 -9.990e-29
      4.916    20.2008 273.142142     2.4884 4.5211e+02     0.6216    85.6067 6.6300e-01 1.5635e+03  0.0558845    20.1976 274.355031     2.4774      5.013     8.6144    302.111     8.7540 -9.990e-29
      4.916    20.2009 273.093887     2.4896 4.6109e+02     0.6216    85.6067 6.4835e-01 1.5635e+03  0.0558845    20.1979 274.172317     2.4774      5.013     8.6192    302.057     8.7541 -9.990e-29
      4.916    20.2006 273.166268     2.4896 4.6762e+02     0.6228    85.5805 6.4835e-01 1.5635e+03  0.0558845    20.1979 274.355031     2.4774      5.013     8.6188    302.139     8.7543 -9.990e-29
      4.917    20.2008 273.154203     2.4884 4.6762e+02     0.6216    85.6067 6.7766e-01 1.5635e+03  0.0558845    20.1981 274.476838     2.4774      5.014     8.6131    302.124     8.7548 -9.990e-29
      4.917    20.2008 273.178331     2.4896 4.6109e+02     0.6228    85.5805 7.1795e-01 1.5635e+03  0.0558845    20.1981 274.324579     2.4774      5.014     8.6182    302.151     8.7550 -9.990e-29
      4.917    20.2008 273.154203     2.4896 4.5722e+02     0.6228    85.5805 7.1795e-01 1.5635e+03  0.0558845    20.1977 274.294125     2.4774      5.014     8.6178    302.124     8.7556 -9.990e-29
      4.917    20.2008 273.142142     2.4896 4.5722e+02     0.6228    85.5805 6.9963e-01 1.5635e+03  0.0554688    20.1981 274.294127     2.4774      5.014     8.6173    302.111     8.7557 -9.990e-29
      4.918    20.2009 273.154203     2.4884 4.6109e+02     0.6228    85.5805 6.9231e-01 1.5635e+03  0.0554688    20.1982 274.385481     2.4774      5.015     8.6116    302.123     8.7559 -9.990e-29
      4.918    20.2011 273.166268     2.4896 4.6631e+02     0.6228    85.5805 7.1795e-01 1.5635e+03  0.0554688    20.1980 274.263675     2.4786      5.015     8.6164    302.135     8.7614 -9.990e-29
      4.918    20.2011 273.166268     2.4896 4.6762e+02     0.6228    85.5805 7.6557e-01 1.5635e+03  0.0558845    20.1982 274.294126     2.4774      5.015     8.6163    302.135     8.7566 -9.990e-29
      4.917    20.2009 273.190393     2.4896 4.7026e+02     0.6228    85.5805 7.8022e-01 1.5635e+03  0.0554688    20.1982 274.415934     2.4774      5.014     8.6163    302.163     8.7567 -9.990e-29
      4.917    20.2012 273.166266     2.4896 4.7291e+02     0.6228    85.5805 7.5824e-01 1.5635e+03  0.0558845    20.1977 274.355030     2.4774      5.014     8.6166    302.135     8.7569 -9.990e-29
      4.918    20.2009 273.093889     2.4896 4.7424e+02     0.6216    85.6067 7.4359e-01 1.5635e+03  0.0558845    20.1976 274.355032     2.4774      5.015     8.6170    302.057     8.7570 -9.990e-29
      4.918    20.2011 273.166266     2.4896 4.8231e+02     0.6216    85.6067 7.3993e-01 1.5635e+03  0.0554688    20.1979 274.355029     2.4786      5.015     8.6170    302.135     8.7624 -9.990e-29
      4.918    20.2008 273.154205     2.4896 5.0027e+02     0.6228    85.5805 7.3260e-01 1.5635e+03  0.0554688    20.1975 274.355031     2.4774      5.015     8.6167    302.124     8.7572 -9.990e-29
      4.918    20.2008 273.142140     2.4884 5.0593e+02     0.6228    85.5805 7.1429e-01 1.5635e+03  0.0554688    20.1974 274.294126     2.4774      5.015     8.6112    302.111     8.7572 -9.990e-29
      4.918    20.2008 273.142142     2.4884 5.0451e+02     0.6228    85.5805 7.5458e-01 1.5615e+03  0.0558845    20.1974 274.294127     2.4774      5.015     8.6108    302.111     8.7569 -9.990e-29
      4.918    20.2006 273.142142     2.4884 5.0309e+02     0.6265    85.5021 8.1685e-01 1.5615e+03  0.0554688    20.1975 274.324579     2.4786      5.015     8.6106    302.112     8.7618 -9.990e-29
      4.916    20.2006 273.142140     2.4896 5.0168e+02     0.6290    85.4498 8.0586e-01 1.5615e+03  0.0558845    20.1975 274.415934     2.4774      5.013     8.6158    302.112     8.7561 -9.990e-29
      4.916    20.2008 273.178330     2.4896 4.9887e+02     0.6302    85.4237 7.5458e-01 1.5615e+03  0.0558845    20.1979 274.324577     2.4786      5.013     8.6159    302.151     8.7614 -9.990e-29
      4.917    20.2006 273.166268     2.4896 4.8367e+02     0.6302    85.4237 7.1062e-01 1.5615e+03  0.0554688    20.1978 274.172319     2.4774      5.014     8.6156    302.139     8.7557 -9.990e-29
      4.918    20.2008 273.142140     2.4884 4.7826e+02     0.6302    85.4237 6.8498e-01 1.5615e+03  0.0554688    20.1977 274.294125     2.4786      5.015     8.6104    302.111     8.7607 -9.990e-29
      4.919    20.2004 273.105952     2.4872 4.7558e+02     0.6290    85.4498 6.7766e-01 1.5615e+03  0.0558845    20.1975 274.415936     2.4786      5.016     8.6054    302.073     8.7604 -9.990e-29
      4.920    20.2009 273.130078     2.4884 4.5980e+02     0.6290    85.4498 6.7766e-01 1.5615e+03  0.0558845    20.1982 274.324578     2.4786      5.017     8.6104    302.097     8.7599 -9.990e-29
      4.920    20.2006 273.142140     2.4884 4.5211e+02     0.6302    85.4237 6.8498e-01 1.5615e+03  0.0558845    20.1978 274.294125     2.4786      5.017     8.6103    302.112     8.7595 -9.990e-29
      4.920    20.2008 273.142142     2.4884 4.5084e+02     0.6290    85.4498 6.9597e-01 1.5615e+03  0.0558845    20.1984 274.324578     2.4786      5.017     8.6101    302.111     8.7591 -9.990e-29
      4.920    20.2009 273.142141     2.4884 4.4205e+02     0.6290    85.4498 6.9597e-01 1.5615e+03  0.0558845    20.1981 274.233222     2.4786      5.017     8.6099    302.110     8.7587 -9.990e-29
      4.920    20.2008 273.178330     2.4884 4.3588e+02     0.6290    85.4498 7.0330e-01 1.5615e+03  0.0554688    20.1982 274.385481     2.4786      5.017     8.6098    302.151     8.7583 -9.990e-29
      4.922    20.2006 273.154205     2.4896 4.3588e+02     0.6290    85.4498 7.0696e-01 1.5615e+03  0.0554688    20.1983 274.324578     2.4786      5.019     8.6150    302.125     8.7579 -9.990e-29
      4.923    20.2008 273.154205     2.4884 4.3221e+02     0.6290    85.4498 7.1429e-01 1.5615e+03  0.0554688    20.1982 274.324578     2.4786      5.020     8.6100    302.124     8.7576 -9.990e-29
      4.922    20.2008 273.142142     2.4884 4.2979e+02     0.6302    85.4237 7.1429e-01 1.5615e+03  0.0550530    20.1986 274.415935     2.4786      5.019     8.6100    302.111     8.7571 -9.990e-29
      4.921    20.2008 273.142140     2.4884 4.2858e+02     0.6302    85.4237 6.9963e-01 1.5615e+03  0.0550530    20.1982 274.355029     2.4774      5.018     8.6100    302.111     8.7514 -9.990e-29
      4.920    20.2009 273.142141     2.4872 4.3221e+02     0.6290    85.4498 6.8132e-01 1.5615e+03  0.0558845    20.1985 274.415935     2.4786      5.017     8.6043    302.110     8.7560 -9.990e-29
      4.920    20.2008 273.142140     2.4884 4.3588e+02     0.6302    85.4237 6.7399e-01 1.5615e+03  0.0558845    20.1984 274.446386     2.4786      5.017     8.6096    302.111     8.7556 -9.990e-29
      4.920    20.2011 273.154204     2.4884 4.3710e+02     0.6290    85.4498 6.8132e-01 1.5615e+03  0.0558845    20.1984 274.446387     2.4786      5.017     8.6096    302.122     8.7549 -9.990e-29
      4.921    20.2009 273.190393     2.4884 4.4705e+02     0.6302    85.4237 6.8498e-01 1.5615e+03  0.0554688    20.1988 274.324577     2.4786      5.018     8.6097    302.163     8.7541 -9.990e-29
      4.922    20.2008 273.130078     2.4884 4.6239e+02     0.6302    85.4237 6.8498e-01 1.5595e+03  0.0554688    20.1985 274.202770     2.4786      5.019     8.6098    302.097     8.7539 -9.990e-29
      4.922    20.2008 273.142142     2.4884 4.6762e+02     0.6253    85.5282 6.8132e-01 1.5595e+03  0.0558845    20.1982 274.263674     2.4786      5.019     8.6100    302.111     8.7536 -9.990e-29
      4.922    20.2010 273.190393     2.4884 4.7424e+02     0.6216    85.6067 6.6667e-01 1.5595e+03  0.0554688    20.1984 274.294125     2.4786      5.019     8.6104    302.163     8.7533 -9.990e-29
      4.923    20.2011 273.130078     2.4884 4.9329e+02     0.6204    85.6328 6.4835e-01 1.5595e+03  0.0558845    20.1988 274.385482     2.4786      5.020     8.6109    302.095     8.7526 -9.990e-29
      4.923    20.2009 273.178330     2.4884 4.9887e+02     0.6204    85.6328 6.4469e-01 1.5595e+03  0.0558845    20.1988 274.355029     2.4774      5.020     8.6112    302.150     8.7466 -9.990e-29
      4.924    20.2008 273.166268     2.4884 4.9468e+02     0.6204    85.6328 6.5934e-01 1.5595e+03  0.0558845    20.1991 274.446386     2.4774      5.021     8.6110    302.137     8.7459 -9.990e-29
      4.923    20.2008 273.190394     2.4884 4.7558e+02     0.6204    85.6328 6.7399e-01 1.5595e+03  0.0554688    20.1989 274.385482     2.4774      5.020     8.6108    302.164     8.7457 -9.990e-29
      4.923    20.2008 273.166266     2.4884 4.6894e+02     0.6192    85.6589 6.9597e-01 1.5595e+03  0.0554688    20.1988 274.355029     2.4786      5.020     8.6111    302.137     8.7505 -9.990e-29
      4.923    20.2009 273.166268     2.4872 4.6762e+02     0.6204    85.6328 7.2527e-01 1.5595e+03  0.0558845    20.1988 274.355030     2.4774      5.020     8.6060    302.137     8.7450 -9.990e-29
      4.923    20.2012 273.118013     2.4884 4.5465e+02     0.6204    85.6328 7.3993e-01 1.5595e+03  0.0558845    20.1989 274.415933     2.4774      5.020     8.6115    302.081     8.7445 -9.990e-29
      4.924    20.2009 273.130078     2.4872 4.4957e+02     0.6204    85.6328 7.1062e-01 1.5595e+03  0.0554688    20.1989 274.324578     2.4774      5.021     8.6066    302.097     8.7444 -9.990e-29
      4.925    20.2009 273.154205     2.4872 4.4831e+02     0.6204    85.6328 6.7033e-01 1.5595e+03  0.0554688    20.1992 274.324578     2.4774      5.022     8.6065    302.123     8.7442 -9.990e-29
      4.925    20.2011 273.166268     2.4872 4.4329e+02     0.6204    85.6328 6.4103e-01 1.5595e+03  0.0558845    20.1988 274.233222     2.4774      5.022     8.6068    302.135     8.7443 -9.990e-29
      4.924    20.2009 273.166266     2.4884 4.3957e+02     0.6204    85.6328 6.3370e-01 1.5595e+03  0.0558845    20.1989 274.385481     2.4774      5.021     8.6123    302.137     8.7443 -9.990e-29
      4.924    20.2011 273.142141     2.4872 4.3957e+02     0.6204    85.6328 6.5201e-01 1.5595e+03  0.0558845    20.1984 274.202770     2.4774      5.021     8.6073    302.109     8.7444 -9.990e-29
      4.925    20.2008 273.093888     2.4872 4.4329e+02     0.6204    85.6328 6.6667e-01 1.5595e+03  0.0558845    20.1983 274.233221     2.4774      5.022     8.6077    302.057     8.7445 -9.990e-29
      4.926    20.2011 273.166268     2.4884 4.4579e+02     0.6204    85.6328 6.8132e-01 1.5576e+03  0.0558845    20.1988 274.202770     2.4774      5.023     8.6131    302.135     8.7449 -9.990e-29
      4.927    20.2009 273.154205     2.4884 4.4579e+02     0.6204    85.6328 6.8864e-01 1.5576e+03  0.0558845    20.1982 274.294126     2.4774      5.024     8.6138    302.123     8.7455 -9.990e-29
      4.928    20.2011 273.142140     2.4872 4.4705e+02     0.6192    85.6589 6.9597e-01 1.5576e+03  0.0554688    20.1982 274.294126     2.4774      5.025     8.6088    302.109     8.7460 -9.990e-29
      4.928    20.2008 273.105952     2.4872 4.4705e+02     0.6192    85.6589 6.9963e-01 1.5576e+03  0.0554688    20.1983 274.385483     2.4774      5.025     8.6092    302.071     8.7466 -9.990e-29
      4.928    20.2008 273.142142     2.4872 4.4705e+02     0.6216    85.6067 7.0330e-01 1.5576e+03  0.0554688    20.1979 274.355031     2.4762      5.025     8.6095    302.111     8.7414 -9.990e-29
      4.927    20.2009 273.118015     2.4872 4.4705e+02     0.6228    85.5805 7.0330e-01 1.5576e+03  0.0554688    20.1981 274.415935     2.4762      5.024     8.6094    302.083     8.7420 -9.990e-29
      4.926    20.2008 273.105951     2.4872 4.4454e+02     0.6253    85.5282 6.9231e-01 1.5576e+03  0.0554688    20.1982 274.324577     2.4762      5.023     8.6097    302.071     8.7425 -9.990e-29
      4.926    20.2008 273.130078     2.4872 4.4454e+02     0.6253    85.5282 6.8132e-01 1.5576e+03  0.0558845    20.1983 274.294126     2.4762      5.023     8.6100    302.097     8.7435 -9.990e-29
      4.926    20.2008 273.178331     2.4872 4.4957e+02     0.6253    85.5282 6.7033e-01 1.5576e+03  0.0558845    20.1984 274.324578     2.4774      5.023     8.6102    302.151     8.7498 -9.990e-29
      4.926    20.2008 273.154203     2.4872 4.6109e+02     0.6253    85.5282 6.7033e-01 1.5576e+03  0.0554688    20.1984 274.415933     2.4774      5.023     8.6105    302.124     8.7508 -9.990e-29
      4.926    20.2008 273.142142     2.4884 4.6500e+02     0.6241    85.5544 6.7399e-01 1.5576e+03  0.0554688    20.1984 274.324578     2.4762      5.023     8.6160    302.111     8.7465 -9.990e-29
      4.927    20.2006 273.142142     2.4884 4.7291e+02     0.6253    85.5282 6.7766e-01 1.5576e+03  0.0554688    20.1985 274.294126     2.4762      5.024     8.6164    302.112     8.7475 -9.990e-29
      4.927    20.2008 273.130077     2.4884 5.0027e+02     0.6253    85.5282 6.8132e-01 1.5576e+03  0.0558845    20.1984 274.294125     2.4762      5.024     8.6166    302.097     8.7489 -9.990e-29
      4.927    20.2008 273.130078     2.4872 5.1022e+02     0.6253    85.5282 6.8498e-01 1.5576e+03  0.0558845    20.1989 274.324578     2.4762      5.024     8.6116    302.097     8.7494 -9.990e-29
