data/05_metadata_exports/SeabirdData/202310_SeabirdData/88568_STN64-2.cnv
* Sea-Bird SBE 9 Data File:
* FileName = C:\Users\rosette\Rosette Data\2023\Ontario lower food web csmi\STN64-2.hex
* Software Version Seasave V 7.26.6.26
* Temperature SN = 5270
* Conductivity SN = 1168
* Number of Bytes Per Scan = 40
* Number of Voltage Words = 5
* Number of Scans Averaged by the Deck Unit = 1
* NMEA Latitude = 43 31.85 N
* NMEA Longitude = 076 55.54 W
* NMEA UTC (Time) = Sep 23 2023  20:03:09
* NMEA baud rate = 4800
** Ship: Lake Guardian
** Cruise: Ontario LFW
** Station:  STN64-2
# nquan = 18                                
# nvalues = 6769                        
# units = specified
# name 0 = prDM: Pressure, Digiquartz [db]
# name 1 = t090C: Temperature [ITS-90, deg C]
# name 2 = c0uS/cm: Conductivity [uS/cm]
# name 3 = sbeox0V: Oxygen raw, SBE 43 [V]
# name 4 = par: PAR/Irradiance, Biospherical/Licor
# name 5 = bat: Beam Attenuation, Chelsea/Seatech [1/m]
# name 6 = xmiss: Beam Transmission, Chelsea/Seatech [%]
# name 7 = flSP: Fluorescence, Seapoint
# name 8 = spar: SPAR, Biospherical/Licor
# name 9 = upoly0: Upoly 0, Suna Nitrate
# name 10 = t190C: Temperature, 2 [ITS-90, deg C]
# name 11 = c1uS/cm: Conductivity, 2 [uS/cm]
# name 12 = sbeox1V: Oxygen raw, SBE 43, 2 [V]
# name 13 = depFM: Depth [fresh water, m], lat = 43.5308
# name 14 = sbeox0Mg/L: Oxygen, SBE 43 [mg/l], WS = 2
# name 15 = specc: Specific Conductance [uS/cm]
# name 16 = sbeox1Mg/L: Oxygen, SBE 43, 2 [mg/l], WS = 2
# name 17 = flag: flag
# span 0 =     -0.010,      5.435       
# span 1 =   -31.6766,    20.5064       
# span 2 =  35.830713, 274.131046       
# span 3 =     1.7643,     2.6093       
# span 4 = 3.0582e+02, 4.0410e+03       
# span 5 =     0.8040,     2.1161       
# span 6 =    58.9183,    81.7903       
# span 7 = 0.0000e+00, 3.6850e+00       
# span 8 = 1.3981e+03, 1.5536e+03       
# span 9 =  0.0413330,  0.0633682       
# span 10 =    16.1132,    20.5095      
# span 11 =   5.421368, 275.390099      
# span 12 =     1.9853,     2.7473      
# span 13 =     -0.010,      5.542      
# span 14 =  -209.5841,     9.8151      
# span 15 =  -2960.540,  14640.546      
# span 16 =     6.4991,    10.0917      
# span 17 = 0.0000e+00, 0.0000e+00      
# interval = seconds: 0.0416667
# start_time = Sep 23 2023 20:03:09 [NMEA time, header]
# bad_flag = -9.990e-29
*END*
[from data line 3136]
      2.372    20.4928 273.962148     2.5665 1.0247e+03     0.8181    81.5028 5.6410e-01 1.4493e+03  0.0533900    20.4935 275.237829     2.5580      2.419     8.9046    301.072     9.0440 -9.990e-29
      2.372    20.4930 273.986276     2.5665 1.0629e+03     0.8194    81.4766 5.7143e-01 1.4493e+03  0.0542215    20.4937 275.237829     2.5580      2.419     8.9053    301.098     9.0436 -9.990e-29
      2.372    20.4930 273.998341     2.5665 1.0247e+03     0.8194    81.4766 5.7509e-01 1.4493e+03  0.0542215    20.4937 275.176922     2.5580      2.419     8.9060    301.111     9.0433 -9.990e-29
      2.372    20.4933 273.998340     2.5665 8.8783e+02     0.8194    81.4766 5.7143e-01 1.4493e+03  0.0542215    20.4924 275.176923     2.5580      2.419     8.9066    301.109     9.0432 -9.990e-29
      2.372    20.4931 274.022469     2.5665 8.3928e+02     0.8194    81.4766 5.7509e-01 1.4493e+03  0.0538058    20.4924 275.176923     2.5580      2.419     8.9074    301.137     9.0430 -9.990e-29
      2.372    20.4933 273.998340     2.5665 8.4164e+02     0.8181    81.5028 5.7509e-01 1.4493e+03  0.0542215    20.4919 275.268284     2.5580      2.419     8.9076    301.109     9.0429 -9.990e-29
      2.373    20.4935 274.034533     2.5678 8.6079e+02     0.8194    81.4766 5.7509e-01 1.4493e+03  0.0542215    20.4912 275.207378     2.5568      2.420     8.9132    301.147     9.0376 -9.990e-29
      2.373    20.4933 274.082791     2.5678 8.6808e+02     0.8194    81.4766 5.7143e-01 1.4493e+03  0.0542215    20.4907 275.116019     2.5568      2.420     8.9135    301.202     9.0376 -9.990e-29
      2.373    20.4933 274.094855     2.5678 8.6808e+02     0.8194    81.4766 5.6410e-01 1.4493e+03  0.0546373    20.4902 275.329192     2.5568      2.420     8.9137    301.215     9.0376 -9.990e-29
      2.373    20.4934 274.022469     2.5678 8.5356e+02     0.8181    81.5028 5.6410e-01 1.4493e+03  0.0542215    20.4900 275.329192     2.5568      2.420     8.9139    301.135     9.0377 -9.990e-29
      2.373    20.4936 274.022469     2.5678 8.4639e+02     0.8194    81.4766 5.5678e-01 1.4493e+03  0.0542215    20.4898 275.237832     2.5568      2.420     8.9137    301.133     9.0378 -9.990e-29
      2.373    20.4935 274.034535     2.5678 8.4639e+02     0.8181    81.5028 5.5311e-01 1.4493e+03  0.0542215    20.4903 275.298740     2.5568      2.420     8.9138    301.147     9.0378 -9.990e-29
      2.372    20.4931 273.962146     2.5678 8.2989e+02     0.8181    81.5028 5.4579e-01 1.4493e+03  0.0546373    20.4900 275.268284     2.5568      2.419     8.9140    301.070     9.0380 -9.990e-29
      2.372    20.4928 274.022469     2.5678 8.1831e+02     0.8194    81.4766 5.4945e-01 1.4493e+03  0.0550530    20.4902 275.176925     2.5568      2.419     8.9138    301.139     9.0386 -9.990e-29
      2.373    20.4922 274.034536     2.5678 8.1601e+02     0.8181    81.5028 5.6410e-01 1.4493e+03  0.0546373    20.4898 275.116021     2.5568      2.420     8.9137    301.156     9.0393 -9.990e-29
      2.372    20.4921 273.974212     2.5678 8.2061e+02     0.8194    81.4766 5.7509e-01 1.4493e+03  0.0538058    20.4907 275.268284     2.5568      2.419     8.9134    301.090     9.0398 -9.990e-29
      2.371    20.4915 273.962150     2.5678 8.2756e+02     0.8233    81.3982 5.7509e-01 1.4493e+03  0.0538058    20.4905 275.146473     2.5568      2.418     8.9132    301.081     9.0406 -9.990e-29
      2.370    20.4910 273.962148     2.5678 8.2756e+02     0.8246    81.3721 5.6410e-01 1.4493e+03  0.0542215    20.4914 275.207376     2.5568      2.417     8.9130    301.084     9.0411 -9.990e-29
      2.370    20.4912 273.986279     2.5678 9.4183e+02     0.8258    81.3459 5.5678e-01 1.4493e+03  0.0542215    20.4917 275.146472     2.5568      2.417     8.9126    301.110     9.0418 -9.990e-29
      2.368    20.4914 274.034535     2.5678 1.1403e+03     0.8246    81.3721 5.7509e-01 1.4493e+03  0.0538058    20.4918 275.268284     2.5568      2.415     8.9122    301.161     9.0426 -9.990e-29
      2.367    20.4912 274.034534     2.5678 1.1927e+03     0.8233    81.3982 6.1538e-01 1.4493e+03  0.0542215    20.4923 275.237828     2.5556      2.414     8.9119    301.163     9.0380 -9.990e-29
      2.367    20.4914 273.974215     2.5678 1.1275e+03     0.8246    81.3721 6.4469e-01 1.4493e+03  0.0546373    20.4921 275.176925     2.5568      2.414     8.9115    301.095     9.0443 -9.990e-29
      2.367    20.4910 273.986277     2.5678 1.0076e+03     0.8246    81.3721 6.3736e-01 1.4493e+03  0.0546373    20.4908 275.268284     2.5556      2.414     8.9112    301.111     9.0397 -9.990e-29
      2.365    20.4907 273.962151     2.5678 9.7690e+02     0.8233    81.3982 6.1905e-01 1.4493e+03  0.0546373    20.4905 275.207380     2.5556      2.412     8.9108    301.086     9.0410 -9.990e-29
      2.363    20.4910 273.986276     2.5690 9.7142e+02     0.8246    81.3721 6.0073e-01 1.4493e+03  0.0542215    20.4908 275.176923     2.5556      2.410     8.9155    301.111     9.0423 -9.990e-29
      2.362    20.4909 273.962149     2.5690 9.4449e+02     0.8233    81.3982 5.9707e-01 1.4493e+03  0.0546373    20.4912 275.116018     2.5556      2.409     8.9151    301.085     9.0431 -9.990e-29
      2.362    20.4912 274.010406     2.5690 9.3392e+02     0.8246    81.3721 5.8974e-01 1.4493e+03  0.0546373    20.4907 275.207378     2.5556      2.409     8.9146    301.136     9.0442 -9.990e-29
      2.361    20.4915 273.974213     2.5690 9.3655e+02     0.8246    81.3721 5.7875e-01 1.4493e+03  0.0538058    20.4896 275.176926     2.5556      2.408     8.9141    301.094     9.0457 -9.990e-29
      2.360    20.4912 274.034535     2.5690 9.4183e+02     0.8233    81.3982 5.7143e-01 1.4493e+03  0.0538058    20.4898 275.116019     2.5556      2.407     8.9137    301.163     9.0469 -9.990e-29
      2.358    20.4912 273.986276     2.5678 9.4449e+02     0.8233    81.3982 5.7143e-01 1.4493e+03  0.0546373    20.4900 275.116017     2.5556      2.404     8.9076    301.110     9.0482 -9.990e-29
      2.358    20.4908 273.962150     2.5678 9.4449e+02     0.8233    81.3982 5.6410e-01 1.4493e+03  0.0546373    20.4898 275.116020     2.5556      2.404     8.9068    301.086     9.0495 -9.990e-29
      2.358    20.4910 273.986278     2.5690 9.1315e+02     0.8233    81.3982 5.6410e-01 1.4473e+03  0.0538058    20.4887 275.268287     2.5556      2.404     8.9115    301.111     9.0502 -9.990e-29
      2.356    20.4910 273.925957     2.5690 8.9535e+02     0.8233    81.3982 5.7509e-01 1.4493e+03  0.0538058    20.4881 275.207380     2.5556      2.402     8.9110    301.045     9.0511 -9.990e-29
      2.355    20.4910 273.974212     2.5690 8.9535e+02     0.8233    81.3982 6.1538e-01 1.4493e+03  0.0542215    20.4880 275.176926     2.5556      2.401     8.9105    301.098     9.0519 -9.990e-29
      2.355    20.4910 273.998342     2.5678 8.9284e+02     0.8233    81.3982 6.9963e-01 1.4493e+03  0.0542215    20.4881 275.176927     2.5556      2.401     8.9049    301.124     9.0527 -9.990e-29
      2.355    20.4910 273.998342     2.5690 8.9033e+02     0.8258    81.3459 7.1062e-01 1.4473e+03  0.0546373    20.4882 275.176927     2.5556      2.401     8.9097    301.124     9.0534 -9.990e-29
      2.354    20.4907 273.950085     2.5690 8.9033e+02     0.8207    81.4505 6.4835e-01 1.4473e+03  0.0542215    20.4877 275.176927     2.5556      2.400     8.9093    301.073     9.0542 -9.990e-29
      2.353    20.4905 274.010404     2.5678 9.3392e+02     0.8156    81.5550 5.9341e-01 1.4473e+03  0.0542215    20.4877 275.116018     2.5568      2.399     8.9037    301.141     9.0602 -9.990e-29
      2.354    20.4909 273.974215     2.5678 9.7415e+02     0.8169    81.5289 5.7143e-01 1.4473e+03  0.0538058    20.4886 275.268288     2.5568      2.400     8.9033    301.098     9.0606 -9.990e-29
      2.354    20.4907 274.010407     2.5678 9.8241e+02     0.8156    81.5550 5.7509e-01 1.4473e+03  0.0538058    20.4889 275.146473     2.5568      2.400     8.9030    301.139     9.0612 -9.990e-29
      2.353    20.4907 273.962148     2.5678 9.9912e+02     0.8156    81.5550 5.7875e-01 1.4473e+03  0.0538058    20.4889 275.146471     2.5568      2.399     8.9026    301.086     9.0617 -9.990e-29
      2.353    20.4903 273.950086     2.5678 1.0219e+03     0.8169    81.5289 5.8242e-01 1.4473e+03  0.0542215    20.4891 275.176926     2.5568      2.399     8.9024    301.076     9.0622 -9.990e-29
      2.353    20.4903 273.986279     2.5678 1.0276e+03     0.8156    81.5550 5.8974e-01 1.4473e+03  0.0542215    20.4889 275.176926     2.5568      2.399     8.9020    301.115     9.0628 -9.990e-29
      2.351    20.4902 273.950086     2.5678 9.6056e+02     0.8156    81.5550 5.8608e-01 1.4473e+03  0.0542215    20.4884 275.207380     2.5568      2.397     8.9018    301.076     9.0633 -9.990e-29
      2.349    20.4903 273.950084     2.5678 8.5116e+02     0.8156    81.5550 5.6410e-01 1.4473e+03  0.0542215    20.4888 275.298738     2.5568      2.395     8.9015    301.076     9.0637 -9.990e-29
      2.349    20.4903 273.986278     2.5678 8.2292e+02     0.8169    81.5289 5.4945e-01 1.4473e+03  0.0542215    20.4893 275.146472     2.5568      2.395     8.9012    301.115     9.0640 -9.990e-29
      2.350    20.4905 273.962150     2.5678 8.2061e+02     0.8156    81.5550 5.4945e-01 1.4473e+03  0.0542215    20.4888 275.207380     2.5568      2.396     8.9009    301.088     9.0648 -9.990e-29
      2.350    20.4902 273.986279     2.5678 8.0462e+02     0.8156    81.5550 5.6410e-01 1.4473e+03  0.0538058    20.4891 275.298740     2.5580      2.396     8.9007    301.116     9.0704 -9.990e-29
      2.350    20.4900 274.034535     2.5678 7.9786e+02     0.8156    81.5550 5.7143e-01 1.4473e+03  0.0542215    20.4893 275.146471     2.5580      2.396     8.9009    301.170     9.0702 -9.990e-29
      2.350    20.4897 274.010408     2.5678 8.1372e+02     0.8156    81.5550 5.7143e-01 1.4473e+03  0.0538058    20.4896 275.207379     2.5580      2.396     8.9011    301.146     9.0703 -9.990e-29
      2.351    20.4896 274.022472     2.5678 8.9284e+02     0.8156    81.5550 5.6410e-01 1.4473e+03  0.0542215    20.4896 275.176926     2.5580      2.397     8.9013    301.160     9.0704 -9.990e-29
      2.350    20.4891 273.998344     2.5678 9.2869e+02     0.8156    81.5550 5.4945e-01 1.4473e+03  0.0542215    20.4902 275.237832     2.5592      2.396     8.9016    301.137     9.0756 -9.990e-29
      2.348    20.4893 273.998342     2.5678 9.2608e+02     0.8169    81.5289 5.3480e-01 1.4473e+03  0.0538058    20.4900 275.146471     2.5592      2.394     8.9018    301.135     9.0752 -9.990e-29
      2.348    20.4891 273.998343     2.5665 9.0803e+02     0.8156    81.5550 5.3480e-01 1.4473e+03  0.0542215    20.4903 275.268284     2.5592      2.394     8.8964    301.137     9.0751 -9.990e-29
      2.349    20.4893 273.998344     2.5665 8.9787e+02     0.8156    81.5550 5.3480e-01 1.4473e+03  0.0550530    20.4905 275.207378     2.5592      2.395     8.8963    301.135     9.0749 -9.990e-29
      2.349    20.4896 273.962151     2.5665 8.9787e+02     0.8169    81.5289 5.3114e-01 1.4473e+03  0.0550530    20.4903 275.176925     2.5580      2.395     8.8962    301.094     9.0694 -9.990e-29
      2.348    20.4900 274.010406     2.5665 8.3457e+02     0.8207    81.4505 5.2015e-01 1.4473e+03  0.0538058    20.4902 275.176924     2.5592      2.394     8.8964    301.144     9.0745 -9.990e-29
      2.349    20.4903 273.974214     2.5665 7.9786e+02     0.8233    81.3982 5.1282e-01 1.4473e+03  0.0533900    20.4902 275.116019     2.5592      2.395     8.8967    301.102     9.0741 -9.990e-29
      2.349    20.4902 273.962150     2.5665 7.9338e+02     0.8246    81.3721 5.2015e-01 1.4473e+03  0.0546373    20.4902 275.207379     2.5592      2.395     8.8971    301.090     9.0737 -9.990e-29
      2.348    20.4902 273.962148     2.5665 7.9338e+02     0.8246    81.3721 5.2747e-01 1.4473e+03  0.0550530    20.4903 275.176923     2.5592      2.394     8.8972    301.090     9.0732 -9.990e-29
      2.348    20.4902 273.938022     2.5665 7.9338e+02     0.8246    81.3721 5.3846e-01 1.4473e+03  0.0542215    20.4896 275.207379     2.5592      2.394     8.8976    301.063     9.0728 -9.990e-29
      2.348    20.4903 273.950084     2.5665 7.9338e+02     0.8233    81.3982 5.3114e-01 1.4473e+03  0.0538058    20.4889 275.146471     2.5592      2.394     8.8984    301.076     9.0723 -9.990e-29
      2.349    20.4902 273.962150     2.5665 8.2756e+02     0.8233    81.3982 5.3114e-01 1.4473e+03  0.0538058    20.4886 274.994208     2.5592      2.395     8.8989    301.090     9.0717 -9.990e-29
      2.349    20.4903 273.962150     2.5665 8.6808e+02     0.8233    81.3982 5.6044e-01 1.4473e+03  0.0542215    20.4886 275.146473     2.5592      2.395     8.8990    301.089     9.0711 -9.990e-29
      2.349    20.4903 273.938020     2.5665 8.7544e+02     0.8233    81.3982 6.0806e-01 1.4453e+03  0.0538058    20.4880 275.176926     2.5592      2.395     8.8991    301.062     9.0704 -9.990e-29
      2.350    20.4903 273.974214     2.5665 8.9033e+02     0.8246    81.3721 6.0806e-01 1.4453e+03  0.0538058    20.4875 275.237834     2.5592      2.396     8.8996    301.102     9.0698 -9.990e-29
      2.351    20.4902 273.962150     2.5665 9.1315e+02     0.8246    81.3721 5.7875e-01 1.4453e+03  0.0542215    20.4873 275.176928     2.5592      2.397     8.8998    301.090     9.0690 -9.990e-29
      2.349    20.4905 273.986278     2.5665 9.1830e+02     0.8233    81.3982 5.5311e-01 1.4453e+03  0.0542215    20.4870 275.055115     2.5592      2.395     8.8999    301.114     9.0683 -9.990e-29
      2.347    20.4905 274.022470     2.5665 9.4449e+02     0.8233    81.3982 5.3480e-01 1.4453e+03  0.0542215    20.4866 275.116021     2.5592      2.393     8.9004    301.154     9.0675 -9.990e-29
      2.346    20.4905 274.046599     2.5665 1.0076e+03     0.8246    81.3721 5.2381e-01 1.4453e+03  0.0538058    20.4870 275.176926     2.5604      2.392     8.9010    301.180     9.0719 -9.990e-29
      2.347    20.4903 273.986279     2.5665 1.0276e+03     0.8246    81.3721 5.1282e-01 1.4453e+03  0.0538058    20.4872 275.207381     2.5604      2.393     8.9016    301.115     9.0709 -9.990e-29
      2.347    20.4905 273.986278     2.5665 1.0076e+03     0.8233    81.3982 5.1648e-01 1.4453e+03  0.0538058    20.4870 275.146475     2.5604      2.393     8.9021    301.114     9.0700 -9.990e-29
      2.346    20.4902 273.962148     2.5678 9.3655e+02     0.8246    81.3721 5.1648e-01 1.4453e+03  0.0542215    20.4870 275.329193     2.5592      2.392     8.9083    301.090     9.0641 -9.990e-29
      2.345    20.4902 274.034536     2.5665 9.1315e+02     0.8246    81.3721 5.1648e-01 1.4453e+03  0.0546373    20.4872 275.237835     2.5604      2.391     8.9032    301.169     9.0688 -9.990e-29
      2.345    20.4903 274.010407     2.5665 9.1315e+02     0.8233    81.3982 5.1648e-01 1.4453e+03  0.0546373    20.4870 275.116022     2.5604      2.391     8.9037    301.142     9.0683 -9.990e-29
      2.343    20.4905 274.022470     2.5665 9.1572e+02     0.8246    81.3721 5.1648e-01 1.4453e+03  0.0542215    20.4872 275.268286     2.5604      2.389     8.9042    301.154     9.0676 -9.990e-29
      2.343    20.4903 274.034535     2.5665 9.1830e+02     0.8271    81.3198 5.1282e-01 1.4453e+03  0.0538058    20.4874 275.268287     2.5592      2.389     8.9048    301.169     9.0620 -9.990e-29
      2.343    20.4903 274.034536     2.5665 9.1572e+02     0.8271    81.3198 5.0549e-01 1.4453e+03  0.0538058    20.4872 275.237835     2.5604      2.389     8.9054    301.169     9.0671 -9.990e-29
      2.343    20.4902 274.034534     2.5665 8.6321e+02     0.8271    81.3198 5.0549e-01 1.4453e+03  0.0542215    20.4875 275.176926     2.5604      2.389     8.9059    301.169     9.0669 -9.990e-29
      2.343    20.4905 273.998343     2.5665 8.3692e+02     0.8271    81.3198 5.0916e-01 1.4453e+03  0.0542215    20.4877 275.237834     2.5604      2.389     8.9063    301.127     9.0666 -9.990e-29
