data/05_metadata_exports/SeabirdData/202310_SeabirdData/88568_STN64-2.cnv
* Sea-Bird SBE 9 Data File:
* FileName = C:\Users\rosette\Rosette Data\2023\Ontario lower food web csmi\STN64-2.hex
* Software Version Seasave V 7.26.6.26
* Temperature SN = 5270
* Conductivity SN = 1168
* Number of Bytes Per Scan = 40
* Number of Voltage Words = 5
* Number of Scans Averaged by the Deck Unit = 1
* NMEA Latitude = 43 31.85 N
* NMEA Longitude = 076 55.54 W
* NMEA UTC (Time) = Sep 23 2023  20:03:09
* NMEA baud rate = 4800
** Ship: Lake Guardian
** Cruise: Ontario LFW
** Station:  STN64-2
# nquan = 18                                
# nvalues = 6769                        
# units = specified
# name 0 = prDM: Pressure, Digiquartz [db]
# name 1 = t090C: Temperature [ITS-90, deg C]
# name 2 = c0uS/cm: Conductivity [uS/cm]
# name 3 = sbeox0V: Oxygen raw, SBE 43 [V]
# name 4 = par: PAR/Irradiance, Biospherical/Licor
# name 5 = bat: Beam Attenuation, Chelsea/Seatech [1/m]
# name 6 = xmiss: Beam Transmission, Chelsea/Seatech [%]
# name 7 = flSP: Fluorescence, Seapoint
# name 8 = spar: SPAR, Biospherical/Licor
# name 9 = upoly0: Upoly 0, Suna Nitrate
# name 10 = t190C: Temperature, 2 [ITS-90, deg C]
# name 11 = c1uS/cm: Conductivity, 2 [uS/cm]
# name 12 = sbeox1V: Oxygen raw, SBE 43, 2 [V]
# name 13 = depFM: Depth [fresh water, m], lat = 43.5308
# name 14 = sbeox0Mg/L: Oxygen, SBE 43 [mg/l], WS = 2
# name 15 = specc: Specific Conductance [uS/cm]
# name 16 = sbeox1Mg/L: Oxygen, SBE 43, 2 [mg/l], WS = 2
# name 17 = flag: flag
# span 0 =     -0.010,      5.435       
# span 1 =   -31.6766,    20.5064       
# span 2 =  35.830713, 274.131046       
# span 3 =     1.7643,     2.6093       
# span 4 = 3.0582e+02, 4.0410e+03       
# span 5 =     0.8040,     2.1161       
# span 6 =    58.9183,    81.7903       
# span 7 = 0.0000e+00, 3.6850e+00       
# span 8 = 1.3981e+03, 1.5536e+03       
# span 9 =  0.0413330,  0.0633682       
# span 10 =    16.1132,    20.5095      
# span 11 =   5.421368, 275.390099      
# span 12 =     1.9853,     2.7473      
# span 13 =     -0.010,      5.542      
# span 14 =  -209.5841,     9.8151      
# span 15 =  -2960.540,  14640.546      
# span 16 =     6.4991,    10.0917      
# span 17 = 0.0000e+00, 0.0000e+00      
# interval = seconds: 0.0416667
# start_time = Sep 23 2023 20:03:09 [NMEA time, header]
# bad_flag = -9.990e-29
*END*
[from data line 1769]
      2.373    20.4872 264.966801     1.7863 8.6321e+02     0.8284    81.2937 5.0549e-01 1.4926e+03  0.0417488    20.4910 273.532511     2.0904      2.420     5.4549    291.223     6.9776 -9.990e-29
      2.372    20.4870 265.015009     1.7863 8.4164e+02     0.8271    81.3198 5.0549e-01 1.4926e+03  0.0413330    20.4910 273.623864     2.0904      2.419     5.4550    291.277     6.9766 -9.990e-29
      2.370    20.4868 264.966802     1.7851 8.4401e+02     0.8271    81.3198 5.0549e-01 1.4926e+03  0.0413330    20.4910 273.441158     2.0904      2.417     5.4501    291.225     6.9756 -9.990e-29
      2.369    20.4866 264.942698     1.7851 9.5786e+02     0.8271    81.3198 5.0549e-01 1.4926e+03  0.0413330    20.4909 273.441158     2.0904      2.416     5.4504    291.200     6.9751 -9.990e-29
      2.368    20.4865 264.882437     1.7839 1.0276e+03     0.8271    81.3198 5.0549e-01 1.4926e+03  0.0417488    20.4907 273.502059     2.0904      2.415     5.4454    291.135     6.9745 -9.990e-29
      2.369    20.4863 264.858337     1.7839 1.0363e+03     0.8258    81.3459 5.0916e-01 1.4926e+03  0.0413330    20.4908 273.471611     2.0891      2.416     5.4459    291.109     6.9682 -9.990e-29
      2.369    20.4863 264.858334     1.7827 1.0422e+03     0.8284    81.2937 5.3114e-01 1.4926e+03  0.0413330    20.4907 273.471608     2.0891      2.416     5.4411    291.109     6.9681 -9.990e-29
      2.369    20.4863 264.822180     1.7827 1.0451e+03     0.8284    81.2937 5.5678e-01 1.4926e+03  0.0413330    20.4907 273.623864     2.0891      2.416     5.4418    291.070     6.9676 -9.990e-29
      2.370    20.4860 264.773973     1.7814 1.0451e+03     0.8284    81.2937 5.5678e-01 1.4926e+03  0.0417488    20.4907 273.562962     2.0891      2.417     5.4368    291.019     6.9680 -9.990e-29
      2.370    20.4858 264.846284     1.7814 1.0994e+03     0.8297    81.2675 5.4212e-01 1.4926e+03  0.0413330    20.4910 273.532511     2.0891      2.417     5.4374    291.099     6.9679 -9.990e-29
      2.371    20.4858 264.810129     1.7814 1.1532e+03     0.8310    81.2414 5.2747e-01 1.4926e+03  0.0413330    20.4909 273.349806     2.0879      2.418     5.4378    291.060     6.9626 -9.990e-29
      2.371    20.4856 264.834232     1.7802 1.1629e+03     0.8310    81.2414 5.2015e-01 1.4926e+03  0.0413330    20.4914 273.410707     2.0891      2.418     5.4330    291.087     6.9679 -9.990e-29
      2.371    20.4857 264.822180     1.7790 1.1695e+03     0.8297    81.2675 5.1282e-01 1.4926e+03  0.0417488    20.4918 273.502059     2.0879      2.418     5.4280    291.073     6.9626 -9.990e-29
      2.370    20.4860 264.761922     1.7802 1.1827e+03     0.8297    81.2675 5.0916e-01 1.4926e+03  0.0413330    20.4923 273.471608     2.0879      2.417     5.4337    291.005     6.9626 -9.990e-29
      2.369    20.4860 264.786025     1.7802 1.1827e+03     0.8297    81.2675 5.1648e-01 1.4926e+03  0.0413330    20.4924 273.502059     2.0879      2.416     5.4341    291.032     6.9628 -9.990e-29
      2.367    20.4858 264.810129     1.7790 1.0871e+03     0.8310    81.2414 5.3114e-01 1.4926e+03  0.0417488    20.4926 273.532510     2.0879      2.414     5.4293    291.060     6.9629 -9.990e-29
      2.365    20.4860 264.773973     1.7790 9.2348e+02     0.8310    81.2414 5.3480e-01 1.4926e+03  0.0413330    20.4924 273.471608     2.0879      2.412     5.4298    291.019     6.9635 -9.990e-29
      2.363    20.4860 264.786023     1.7778 8.7790e+02     0.8297    81.2675 5.3114e-01 1.4926e+03  0.0413330    20.4926 273.471606     2.0879      2.410     5.4251    291.032     6.9638 -9.990e-29
      2.363    20.4860 264.798077     1.7778 8.7544e+02     0.8310    81.2414 5.3480e-01 1.4926e+03  0.0413330    20.4926 273.502059     2.0879      2.410     5.4258    291.045     6.9645 -9.990e-29
      2.363    20.4861 264.882439     1.7778 8.5596e+02     0.8310    81.2414 5.3480e-01 1.4926e+03  0.0413330    20.4924 273.593412     2.0879      2.410     5.4261    291.137     6.9653 -9.990e-29
      2.363    20.4860 264.846284     1.7766 8.4877e+02     0.8297    81.2675 5.3480e-01 1.4926e+03  0.0417488    20.4924 273.502059     2.0879      2.410     5.4218    291.098     6.9657 -9.990e-29
      2.362    20.4861 264.749869     1.7766 8.6079e+02     0.8310    81.2414 5.4579e-01 1.4926e+03  0.0417488    20.4921 273.562960     2.0879      2.409     5.4226    290.991     6.9661 -9.990e-29
      2.362    20.4858 264.858336     1.7766 9.4183e+02     0.8297    81.2675 5.6410e-01 1.4926e+03  0.0413330    20.4926 273.441157     2.0879      2.409     5.4232    291.113     6.9665 -9.990e-29
      2.362    20.4851 264.834233     1.7753 9.7965e+02     0.8310    81.2414 5.7143e-01 1.4926e+03  0.0417488    20.4923 273.380256     2.0879      2.409     5.4185    291.091     6.9667 -9.990e-29
      2.361    20.4840 264.822182     1.7753 9.7965e+02     0.8297    81.2675 5.5311e-01 1.4926e+03  0.0417488    20.4923 273.441157     2.0879      2.408     5.4197    291.084     6.9668 -9.990e-29
      2.359    20.4824 264.822183     1.7741 9.7690e+02     0.8297    81.2675 5.3114e-01 1.4926e+03  0.0413330    20.4921 273.471608     2.0879      2.406     5.4153    291.095     6.9671 -9.990e-29
      2.357    20.4801 264.906546     1.7741 9.7415e+02     0.8297    81.2675 5.2015e-01 1.4926e+03  0.0413330    20.4918 273.380254     2.0879      2.403     5.4167    291.202     6.9673 -9.990e-29
      2.357    20.4784 264.918601     1.7741 9.7415e+02     0.8310    81.2414 5.2015e-01 1.4926e+03  0.0417488    20.4917 273.319355     2.0879      2.403     5.4180    291.226     6.9677 -9.990e-29
      2.356    20.4763 264.846292     1.7729 9.4715e+02     0.8284    81.2937 5.4579e-01 1.4906e+03  0.0413330    20.4910 273.532511     2.0879      2.402     5.4139    291.160     6.9681 -9.990e-29
      2.355    20.4746 264.894500     1.7729 9.3130e+02     0.8271    81.3198 5.9707e-01 1.4906e+03  0.0413330    20.4908 273.532510     2.0879      2.401     5.4149    291.224     6.9686 -9.990e-29
      2.354    20.4732 264.882450     1.7729 9.2869e+02     0.8258    81.3459 6.1538e-01 1.4906e+03  0.0413330    20.4910 273.593413     2.0879      2.400     5.4160    291.220     6.9685 -9.990e-29
      2.353    20.4719 264.846294     1.7729 9.3130e+02     0.8271    81.3198 6.0806e-01 1.4906e+03  0.0413330    20.4903 273.502059     2.0879      2.399     5.4170    291.188     6.9683 -9.990e-29
      2.354    20.4716 264.846296     1.7717 9.3130e+02     0.8271    81.3198 5.8608e-01 1.4906e+03  0.0417488    20.4902 273.562963     2.0891      2.400     5.4131    291.190     6.9733 -9.990e-29
      2.354    20.4718 264.870399     1.7717 9.3130e+02     0.8271    81.3198 5.6777e-01 1.4906e+03  0.0413330    20.4896 273.441160     2.0879      2.400     5.4143    291.215     6.9679 -9.990e-29
      2.353    20.4718 264.918605     1.7717 9.7142e+02     0.8271    81.3198 5.4945e-01 1.4906e+03  0.0413330    20.4879 273.380258     2.0879      2.399     5.4153    291.268     6.9679 -9.990e-29
      2.354    20.4721 264.870399     1.7717 1.0161e+03     0.8271    81.3198 5.2747e-01 1.4906e+03  0.0417488    20.4879 273.471612     2.0879      2.400     5.4164    291.213     6.9673 -9.990e-29
      2.355    20.4730 264.858346     1.7705 1.0276e+03     0.8271    81.3198 5.2747e-01 1.4906e+03  0.0413330    20.4881 273.593415     2.0879      2.401     5.4120    291.194     6.9672 -9.990e-29
      2.356    20.4735 264.894502     1.7705 1.0161e+03     0.8271    81.3198 5.5678e-01 1.4906e+03  0.0413330    20.4877 273.441161     2.0879      2.402     5.4127    291.231     6.9664 -9.990e-29
      2.357    20.4739 264.882449     1.7692 9.9632e+02     0.8271    81.3198 5.8242e-01 1.4906e+03  0.0413330    20.4882 273.471612     2.0879      2.403     5.4083    291.215     6.9655 -9.990e-29
      2.356    20.4740 264.858346     1.7692 9.9073e+02     0.8258    81.3459 5.8608e-01 1.4906e+03  0.0417488    20.4879 273.532514     2.0879      2.402     5.4094    291.188     6.9647 -9.990e-29
      2.355    20.4746 264.858344     1.7692 9.5786e+02     0.8258    81.3459 5.8974e-01 1.4906e+03  0.0413330    20.4882 273.471610     2.0879      2.401     5.4106    291.184     6.9635 -9.990e-29
      2.356    20.4742 264.906553     1.7692 8.7790e+02     0.8258    81.3459 6.0073e-01 1.4906e+03  0.0417488    20.4886 273.562964     2.0879      2.402     5.4117    291.240     6.9624 -9.990e-29
      2.356    20.4747 264.930656     1.7692 8.5596e+02     0.8271    81.3198 5.8608e-01 1.4906e+03  0.0413330    20.4889 273.623866     2.0879      2.402     5.4124    291.263     6.9613 -9.990e-29
      2.357    20.4752 264.966809     1.7680 8.6808e+02     0.8258    81.3459 5.6410e-01 1.4906e+03  0.0417488    20.4889 273.715216     2.0879      2.403     5.4082    291.300     6.9604 -9.990e-29
      2.360    20.4755 264.930658     1.7692 9.2348e+02     0.8271    81.3198 5.4945e-01 1.4906e+03  0.0413330    20.4888 273.410712     2.0879      2.407     5.4145    291.258     6.9596 -9.990e-29
      2.361    20.4751 264.918604     1.7680 9.4715e+02     0.8271    81.3198 5.4212e-01 1.4906e+03  0.0413330    20.4889 273.471611     2.0879      2.408     5.4106    291.247     6.9583 -9.990e-29
      2.361    20.4746 264.918603     1.7680 9.3919e+02     0.8258    81.3459 5.3114e-01 1.4906e+03  0.0417488    20.4882 273.532512     2.0879      2.408     5.4117    291.250     6.9573 -9.990e-29
      2.362    20.4739 264.846294     1.7680 8.7790e+02     0.8271    81.3198 5.2381e-01 1.4906e+03  0.0417488    20.4877 273.410710     2.0867      2.409     5.4126    291.175     6.9511 -9.990e-29
      2.363    20.4737 264.906553     1.7680 8.5116e+02     0.8297    81.2675 5.1648e-01 1.4906e+03  0.0413330    20.4882 273.593415     2.0867      2.410     5.4135    291.243     6.9500 -9.990e-29
      2.364    20.4734 264.930657     1.7668 8.4877e+02     0.8297    81.2675 5.1282e-01 1.4906e+03  0.0417488    20.4879 273.623867     2.0867      2.411     5.4094    291.271     6.9488 -9.990e-29
      2.364    20.4730 264.918606     1.7680 8.4401e+02     0.8297    81.2675 5.1282e-01 1.4906e+03  0.0413330    20.4877 273.532514     2.0867      2.411     5.4155    291.261     6.9477 -9.990e-29
      2.365    20.4728 264.882449     1.7680 8.3928e+02     0.8310    81.2414 5.1648e-01 1.4906e+03  0.0413330    20.4877 273.593415     2.0867      2.412     5.4164    291.222     6.9466 -9.990e-29
      2.366    20.4727 264.954762     1.7668 8.3928e+02     0.8297    81.2675 5.3114e-01 1.4906e+03  0.0417488    20.4870 273.502064     2.0867      2.413     5.4118    291.302     6.9454 -9.990e-29
      2.367    20.4725 264.942710     1.7668 1.0719e+03     0.8297    81.2675 5.3480e-01 1.4906e+03  0.0413330    20.4861 273.562966     2.0867      2.414     5.4126    291.290     6.9443 -9.990e-29
      2.368    20.4721 264.966814     1.7668 1.2868e+03     0.8310    81.2414 5.3480e-01 1.4906e+03  0.0417488    20.4861 273.441163     2.0867      2.415     5.4135    291.319     6.9432 -9.990e-29
      2.368    20.4721 264.978866     1.7668 1.3235e+03     0.8310    81.2414 5.2747e-01 1.4906e+03  0.0413330    20.4858 273.441163     2.0855      2.415     5.4141    291.333     6.9365 -9.990e-29
      2.368    20.4728 264.942710     1.7680 1.2941e+03     0.8310    81.2414 5.1648e-01 1.4906e+03  0.0413330    20.4857 273.380261     2.0855      2.415     5.4199    291.289     6.9352 -9.990e-29
      2.368    20.4734 264.966813     1.7680 1.2760e+03     0.8310    81.2414 5.0549e-01 1.4906e+03  0.0417488    20.4856 273.593418     2.0855      2.415     5.4202    291.311     6.9345 -9.990e-29
      2.367    20.4734 264.942709     1.7668 1.2689e+03     0.8310    81.2414 4.9817e-01 1.4906e+03  0.0413330    20.4857 273.562967     2.0855      2.414     5.4159    291.285     6.9330 -9.990e-29
      2.367    20.4737 264.930656     1.7668 1.2062e+03     0.8310    81.2414 4.9451e-01 1.4906e+03  0.0413330    20.4858 273.471613     2.0855      2.414     5.4164    291.269     6.9318 -9.990e-29
      2.368    20.4739 265.015021     1.7668 1.1149e+03     0.8310    81.2414 4.9084e-01 1.4906e+03  0.0413330    20.4861 273.562966     2.0855      2.415     5.4171    291.361     6.9302 -9.990e-29
      2.368    20.4734 264.990918     1.7668 1.0932e+03     0.8310    81.2414 4.8718e-01 1.4906e+03  0.0417488    20.4859 273.532517     2.0842      2.415     5.4175    291.338     6.9232 -9.990e-29
      2.367    20.4735 264.942708     1.7668 1.0276e+03     0.8310    81.2414 4.8352e-01 1.4886e+03  0.0417488    20.4861 273.532514     2.0842      2.414     5.4180    291.284     6.9220 -9.990e-29
      2.367    20.4734 264.978865     1.7656 8.9535e+02     0.8310    81.2414 4.8352e-01 1.4886e+03  0.0413330    20.4863 273.532515     2.0842      2.414     5.4129    291.324     6.9210 -9.990e-29
      2.367    20.4737 264.978865     1.7668 8.5837e+02     0.8310    81.2414 4.8352e-01 1.4906e+03  0.0413330    20.4868 273.593417     2.0830      2.414     5.4183    291.322     6.9144 -9.990e-29
      2.367    20.4739 264.990917     1.7656 8.5596e+02     0.8310    81.2414 4.8352e-01 1.4886e+03  0.0413330    20.4867 273.532515     2.0830      2.414     5.4134    291.334     6.9129 -9.990e-29
      2.367    20.4740 265.002968     1.7656 8.4401e+02     0.8310    81.2414 4.7619e-01 1.4886e+03  0.0417488    20.4866 273.471613     2.0830      2.414     5.4137    291.347     6.9117 -9.990e-29
      2.366    20.4737 265.015021     1.7656 8.3928e+02     0.8310    81.2414 4.7253e-01 1.4886e+03  0.0413330    20.4870 273.562966     2.0830      2.413     5.4145    291.362     6.9106 -9.990e-29
      2.364    20.4734 264.990915     1.7656 8.4877e+02     0.8323    81.2152 4.7985e-01 1.4906e+03  0.0413330    20.4864 273.441161     2.0830      2.411     5.4150    291.338     6.9094 -9.990e-29
      2.365    20.4736 265.039125     1.7668 9.0294e+02     0.8348    81.1630 4.9084e-01 1.4886e+03  0.0417488    20.4865 273.471613     2.0818      2.412     5.4210    291.389     6.9027 -9.990e-29
      2.365    20.4734 265.039125     1.7656 9.2869e+02     0.8361    81.1368 5.0183e-01 1.4886e+03  0.0417488    20.4864 273.532515     2.0818      2.412     5.4163    291.391     6.9015 -9.990e-29
      2.366    20.4732 265.075281     1.7643 9.3392e+02     0.8361    81.1368 5.1648e-01 1.4886e+03  0.0413330    20.4868 273.532515     2.0818      2.413     5.4112    291.432     6.9005 -9.990e-29
      2.365    20.4728 265.099386     1.7656 1.0133e+03     0.8361    81.1368 5.4212e-01 1.4886e+03  0.0413330    20.4866 273.471613     2.0818      2.412     5.4175    291.461     6.8990 -9.990e-29
      2.364    20.4721 265.063230     1.7656 1.0569e+03     0.8361    81.1368 5.4579e-01 1.4886e+03  0.0413330    20.4867 273.502064     2.0806      2.411     5.4185    291.426     6.8923 -9.990e-29
      2.362    20.4700 265.039128     1.7656 1.0599e+03     0.8361    81.1368 5.3480e-01 1.4886e+03  0.0417488    20.4864 273.532515     2.0806      2.409     5.4197    291.412     6.8913 -9.990e-29
      2.360    20.4660 265.075286     1.7656 9.2348e+02     0.8361    81.1368 5.2015e-01 1.4886e+03  0.0413330    20.4867 273.410710     2.0806      2.407     5.4214    291.478     6.8900 -9.990e-29
      2.359    20.4615 265.171709     1.7643 8.4401e+02     0.8361    81.1368 5.1648e-01 1.4886e+03  0.0413330    20.4866 273.441162     2.0794      2.406     5.4179    291.613     6.8833 -9.990e-29
      2.358    20.4569 265.135556     1.7656 8.3223e+02     0.8361    81.1368 5.1282e-01 1.4886e+03  0.0417488    20.4865 273.502064     2.0794      2.404     5.4253    291.603     6.8818 -9.990e-29
      2.357    20.4532 265.159662     1.7656 8.4164e+02     0.8361    81.1368 5.1648e-01 1.4886e+03  0.0413330    20.4866 273.349808     2.0794      2.403     5.4273    291.653     6.8805 -9.990e-29
      2.357    20.4487 265.183772     1.7643 8.4877e+02     0.8348    81.1630 5.2015e-01 1.4886e+03  0.0417488    20.4865 273.319359     2.0781      2.403     5.4237    291.708     6.8734 -9.990e-29
