data/05_metadata_exports/SeabirdData/202310_SeabirdData/88568_STN64-2.cnv
* Sea-Bird SBE 9 Data File:
* FileName = C:\Users\rosette\Rosette Data\2023\Ontario lower food web csmi\STN64-2.hex
* Software Version Seasave V 7.26.6.26
* Temperature SN = 5270
* Conductivity SN = 1168
* Number of Bytes Per Scan = 40
* Number of Voltage Words = 5
* Number of Scans Averaged by the Deck Unit = 1
* NMEA Latitude = 43 31.85 N
* NMEA Longitude = 076 55.54 W
* NMEA UTC (Time) = Sep 23 2023  20:03:09
* NMEA baud rate = 4800
** Ship: Lake Guardian
** Cruise: Ontario LFW
** Station:  STN64-2
# nquan = 18                                
# nvalues = 6769                        
# units = specified
# name 0 = prDM: Pressure, Digiquartz [db]
# name 1 = t090C: Temperature [ITS-90, deg C]
# name 2 = c0uS/cm: Conductivity [uS/cm]
# name 3 = sbeox0V: Oxygen raw, SBE 43 [V]
# name 4 = par: PAR/Irradiance, Biospherical/Licor
# name 5 = bat: Beam Attenuation, Chelsea/Seatech [1/m]
# name 6 = xmiss: Beam Transmission, Chelsea/Seatech [%]
# name 7 = flSP: Fluorescence, Seapoint
# name 8 = spar: SPAR, Biospherical/Licor
# name 9 = upoly0: Upoly 0, Suna Nitrate
# name 10 = t190C: Temperature, 2 [ITS-90, deg C]
# name 11 = c1uS/cm: Conductivity, 2 [uS/cm]
# name 12 = sbeox1V: Oxygen raw, SBE 43, 2 [V]
# name 13 = depFM: Depth [fresh water, m], lat = 43.5308
# name 14 = sbeox0Mg/L: Oxygen, SBE 43 [mg/l], WS = 2
# name 15 = specc: Specific Conductance [uS/cm]
# name 16 = sbeox1Mg/L: Oxygen, SBE 43, 2 [mg/l], WS = 2
# name 17 = flag: flag
# span 0 =     -0.010,      5.435       
# span 1 =   -31.6766,    20.5064       
# span 2 =  35.830713, 274.131046       
# span 3 =     1.7643,     2.6093       
# span 4 = 3.0582e+02, 4.0410e+03       
# span 5 =     0.8040,     2.1161       
# span 6 =    58.9183,    81.7903       
# span 7 = 0.0000e+00, 3.6850e+00       
# span 8 = 1.3981e+03, 1.5536e+03       
# span 9 =  0.0413330,  0.0633682       
# span 10 =    16.1132,    20.5095      
# span 11 =   5.421368, 275.390099      
# span 12 =     1.9853,     2.7473      
# span 13 =     -0.010,      5.542      
# span 14 =  -209.5841,     9.8151      
# span 15 =  -2960.540,  14640.546      
# span 16 =     6.4991,    10.0917      
# span 17 = 0.0000e+00, 0.0000e+00      
# interval = seconds: 0.0416667
# start_time = Sep 23 2023 20:03:09 [NMEA time, header]
# bad_flag = -9.990e-29
*END*
[from data line 2011]
      2.387    19.7085 266.462044     1.8706 9.2869e+02     0.8233    81.3982 6.2271e-01 1.4749e+03  0.0417488    20.4928 273.776119     1.9976      2.434     5.9873    297.968     6.5261 -9.990e-29
      2.387    19.7183 266.474091     1.8706 9.3919e+02     0.8233    81.3982 6.1905e-01 1.4749e+03  0.0413330    20.4930 273.684766     1.9976      2.434     5.9880    297.916     6.5260 -9.990e-29
      2.385    19.7207 266.510250     1.8694 8.8285e+02     0.8233    81.3982 6.1172e-01 1.4749e+03  0.0413330    20.4928 273.745667     1.9976      2.432     5.9838    297.940     6.5261 -9.990e-29
      2.384    19.7064 266.534370     1.8694 8.2292e+02     0.8233    81.3982 5.8974e-01 1.4749e+03  0.0413330    20.4926 273.776118     1.9963      2.431     5.9872    298.063     6.5203 -9.990e-29
      2.384    19.6839 266.534390     1.8694 8.1143e+02     0.8246    81.3721 5.6410e-01 1.4749e+03  0.0413330    20.4926 273.776118     1.9963      2.431     5.9919    298.213     6.5200 -9.990e-29
      2.384    19.6614 266.534409     1.8706 8.0462e+02     0.8246    81.3721 5.6777e-01 1.4749e+03  0.0413330    20.4924 273.928376     1.9951      2.431     6.0021    298.363     6.5146 -9.990e-29
      2.384    19.6415 266.534428     1.8706 7.9338e+02     0.8246    81.3721 5.7875e-01 1.4749e+03  0.0413330    20.4923 273.745669     1.9951      2.431     6.0069    298.496     6.5148 -9.990e-29
      2.383    19.6245 266.558549     1.8706 7.8894e+02     0.8233    81.3982 5.7875e-01 1.4749e+03  0.0417488    20.4919 273.745668     1.9951      2.430     6.0112    298.637     6.5153 -9.990e-29
      2.382    19.6095 266.534454     1.8706 8.1601e+02     0.8258    81.3459 5.6410e-01 1.4749e+03  0.0425803    20.4921 273.806571     1.9939      2.429     6.0155    298.710     6.5101 -9.990e-29
      2.380    19.5966 266.558574     1.8706 8.9033e+02     0.8246    81.3721 5.5678e-01 1.4729e+03  0.0434118    20.4923 273.776119     1.9939      2.427     6.0197    298.824     6.5101 -9.990e-29
      2.379    19.5857 266.510366     1.8718 9.1572e+02     0.8258    81.3459 5.6044e-01 1.4729e+03  0.0434118    20.4921 273.867473     1.9939      2.426     6.0291    298.843     6.5103 -9.990e-29
      2.378    19.5760 266.570646     1.8718 9.2608e+02     0.8258    81.3459 5.6044e-01 1.4729e+03  0.0434118    20.4918 273.897925     1.9939      2.425     6.0326    298.975     6.5108 -9.990e-29
      2.378    19.5670 266.618870     1.8718 9.8795e+02     0.8258    81.3459 5.5678e-01 1.4729e+03  0.0434118    20.4924 273.715216     1.9927      2.425     6.0361    299.090     6.5060 -9.990e-29
      2.378    19.5586 266.630932     1.8730 1.0161e+03     0.8258    81.3459 5.7875e-01 1.4729e+03  0.0434118    20.4928 273.684765     1.9927      2.425     6.0447    299.160     6.5064 -9.990e-29
      2.378    19.5515 266.594775     1.8730 1.0104e+03     0.8258    81.3459 6.1905e-01 1.4729e+03  0.0434118    20.4928 273.776118     1.9927      2.425     6.0483    299.167     6.5071 -9.990e-29
      2.379    19.5467 266.630942     1.8730 9.5249e+02     0.8258    81.3459 6.1905e-01 1.4729e+03  0.0434118    20.4930 273.776118     1.9915      2.426     6.0515    299.240     6.5022 -9.990e-29
      2.380    19.5479 266.606833     1.8730 9.2869e+02     0.8258    81.3459 5.9341e-01 1.4729e+03  0.0434118    20.4935 273.776118     1.9915      2.427     6.0536    299.205     6.5028 -9.990e-29
      2.381    19.5524 266.618883     1.8730 9.2608e+02     0.8258    81.3459 5.6777e-01 1.4729e+03  0.0438276    20.4939 273.806569     1.9915      2.428     6.0555    299.188     6.5039 -9.990e-29
      2.382    19.5613 266.582712     1.8742 9.8517e+02     0.8246    81.3721 5.5678e-01 1.4729e+03  0.0434118    20.4939 273.837020     1.9902      2.429     6.0618    299.088     6.4992 -9.990e-29
      2.383    19.5822 266.582696     1.8742 1.0219e+03     0.8246    81.3721 5.5311e-01 1.4729e+03  0.0434118    20.4944 273.776118     1.9902      2.430     6.0611    298.947     6.5000 -9.990e-29
      2.382    19.6153 266.594720     1.8755 1.0247e+03     0.8246    81.3721 5.5678e-01 1.4729e+03  0.0434118    20.4949 273.867470     1.9902      2.429     6.0647    298.739     6.5013 -9.990e-29
      2.381    19.6426 266.594696     1.8755 9.6869e+02     0.8258    81.3459 5.6410e-01 1.4729e+03  0.0434118    20.4958 273.958824     1.9902      2.428     6.0634    298.556     6.5031 -9.990e-29
      2.381    19.6598 266.570573     1.8767 9.2608e+02     0.8258    81.3459 5.5678e-01 1.4729e+03  0.0434118    20.4963 273.897921     1.9890      2.428     6.0684    298.414     6.4991 -9.990e-29
      2.381    19.6725 266.606725     1.8767 9.1830e+02     0.8246    81.3721 5.3480e-01 1.4729e+03  0.0434118    20.4970 273.806566     1.9890      2.428     6.0687    298.370     6.4997 -9.990e-29
      2.381    19.7019 266.594645     1.8779 8.8285e+02     0.8271    81.3198 5.2015e-01 1.4729e+03  0.0434118    20.4975 273.776114     1.9890      2.428     6.0719    298.160     6.5013 -9.990e-29
      2.382    19.7343 266.630780     1.8779 8.4164e+02     0.8271    81.3198 5.2015e-01 1.4729e+03  0.0429961    20.4981 273.776114     1.9890      2.429     6.0695    297.984     6.5030 -9.990e-29
      2.383    19.7596 266.606649     1.8779 8.3223e+02     0.8246    81.3721 5.3114e-01 1.4729e+03  0.0417488    20.4984 273.776113     1.9890      2.430     6.0680    297.789     6.5049 -9.990e-29
      2.384    19.7805 266.594578     1.8791 8.7790e+02     0.8246    81.3721 5.3846e-01 1.4729e+03  0.0413330    20.4986 273.806566     1.9878      2.431     6.0717    297.637     6.5016 -9.990e-29
      2.383    19.8062 266.594555     1.8803 9.5249e+02     0.8246    81.3721 5.3114e-01 1.4729e+03  0.0417488    20.4989 273.928370     1.9878      2.430     6.0745    297.466     6.5033 -9.990e-29
      2.382    19.8350 266.546313     1.8816 9.7142e+02     0.8233    81.3982 5.2747e-01 1.4729e+03  0.0417488    20.4991 273.989273     1.9878      2.429     6.0773    297.221     6.5052 -9.990e-29
      2.382    19.8578 266.570401     1.8828 9.6056e+02     0.8220    81.4244 5.2747e-01 1.4729e+03  0.0413330    20.4993 273.897918     1.9878      2.429     6.0805    297.097     6.5067 -9.990e-29
      2.383    19.8721 266.594498     1.8828 9.3655e+02     0.8233    81.3982 5.2747e-01 1.4729e+03  0.0417488    20.4991 273.897919     1.9878      2.430     6.0792    297.029     6.5084 -9.990e-29
      2.383    19.8872 266.522159     1.8840 9.2869e+02     0.8233    81.3982 5.4212e-01 1.4729e+03  0.0413330    20.4996 273.989272     1.9866      2.430     6.0831    296.848     6.5048 -9.990e-29
      2.384    19.8980 266.546258     1.8840 9.5786e+02     0.8233    81.3982 5.4579e-01 1.4729e+03  0.0413330    20.5004 273.867466     1.9866      2.431     6.0819    296.804     6.5062 -9.990e-29
      2.385    19.8969 266.582423     1.8852 1.0689e+03     0.8233    81.3982 5.3846e-01 1.4729e+03  0.0413330    20.5010 274.050176     1.9866      2.432     6.0871    296.851     6.5081 -9.990e-29
      2.385    19.8903 266.546265     1.8852 1.1118e+03     0.8220    81.4244 5.2747e-01 1.4729e+03  0.0417488    20.5016 273.958819     1.9866      2.432     6.0882    296.855     6.5100 -9.990e-29
      2.384    19.8728 266.606551     1.8864 1.1024e+03     0.8233    81.3982 5.0916e-01 1.4729e+03  0.0413330    20.5023 273.958818     1.9866      2.431     6.0955    297.038     6.5120 -9.990e-29
      2.385    19.8474 266.594519     1.8864 1.0190e+03     0.8220    81.4244 5.0183e-01 1.4729e+03  0.0425803    20.5026 273.867464     1.9866      2.432     6.0983    297.192     6.5137 -9.990e-29
      2.385    19.8225 266.570433     1.8877 9.8517e+02     0.8233    81.3982 5.0549e-01 1.4709e+03  0.0434118    20.5026 273.867465     1.9866      2.432     6.1067    297.331     6.5155 -9.990e-29
      2.384    19.7941 266.570457     1.8889 9.8241e+02     0.8233    81.3982 5.2015e-01 1.4709e+03  0.0434118    20.5026 273.958818     1.9853      2.431     6.1149    297.519     6.5116 -9.990e-29
      2.382    19.7674 266.510209     1.8889 9.9352e+02     0.8233    81.3982 5.4945e-01 1.4709e+03  0.0434118    20.5025 274.019721     1.9866      2.429     6.1176    297.629     6.5192 -9.990e-29
      2.380    19.7413 266.546394     1.8901 9.9632e+02     0.8233    81.3982 5.6044e-01 1.4709e+03  0.0434118    20.5026 273.928366     1.9866      2.427     6.1251    297.844     6.5207 -9.990e-29
      2.379    19.7160 266.606687     1.8901 9.9912e+02     0.8220    81.4244 5.5678e-01 1.4709e+03  0.0434118    20.5025 273.989270     1.9866      2.426     6.1269    298.080     6.5226 -9.990e-29
      2.378    19.6972 266.582595     1.8901 9.5249e+02     0.8233    81.3982 5.4212e-01 1.4709e+03  0.0434118    20.5019 273.989270     1.9866      2.425     6.1280    298.178     6.5242 -9.990e-29
      2.377    19.6824 266.630825     1.8913 9.2088e+02     0.8233    81.3982 5.3480e-01 1.4709e+03  0.0434118    20.5004 273.897917     1.9866      2.424     6.1335    298.331     6.5259 -9.990e-29
      2.377    19.6667 266.606730     1.8926 9.1572e+02     0.8233    81.3982 5.2747e-01 1.4709e+03  0.0434118    20.4989 273.989273     1.9866      2.424     6.1397    298.409     6.5276 -9.990e-29
      2.377    19.6547 266.570578     1.8926 9.6056e+02     0.8220    81.4244 5.1648e-01 1.4709e+03  0.0434118    20.4975 273.867469     1.9866      2.424     6.1397    298.448     6.5293 -9.990e-29
      2.377    19.6450 266.606748     1.8938 1.0048e+03     0.8220    81.4244 5.1282e-01 1.4709e+03  0.0434118    20.4970 273.837017     1.9866      2.424     6.1444    298.554     6.5304 -9.990e-29
      2.377    19.6436 266.594695     1.8938 1.0133e+03     0.8233    81.3982 5.1282e-01 1.4709e+03  0.0434118    20.4963 273.928372     1.9866      2.424     6.1428    298.550     6.5316 -9.990e-29
      2.377    19.6606 266.618789     1.8938 9.6056e+02     0.8220    81.4244 5.0916e-01 1.4709e+03  0.0434118    20.4961 273.897921     1.9878      2.424     6.1390    298.463     6.5380 -9.990e-29
      2.378    19.6944 266.630814     1.8950 8.9787e+02     0.8207    81.4505 5.0916e-01 1.4690e+03  0.0434118    20.4960 273.897921     1.9878      2.425     6.1381    298.251     6.5395 -9.990e-29
      2.378    19.7221 266.558466     1.8950 8.8534e+02     0.8194    81.4766 5.0549e-01 1.4690e+03  0.0438276    20.4945 273.958827     1.9878      2.425     6.1327    297.985     6.5411 -9.990e-29
      2.376    19.7251 266.558462     1.8950 8.6808e+02     0.8194    81.4766 5.2747e-01 1.4690e+03  0.0434118    20.4944 274.080632     1.9878      2.423     6.1305    297.965     6.5417 -9.990e-29
      2.374    19.7129 266.534365     1.8962 8.3223e+02     0.8207    81.4505 5.4579e-01 1.4670e+03  0.0434118    20.4938 273.958826     1.9878      2.421     6.1360    298.019     6.5423 -9.990e-29
      2.372    19.6967 266.558486     1.8962 8.2292e+02     0.8207    81.4505 5.4212e-01 1.4670e+03  0.0425803    20.4928 273.806569     1.9878      2.419     6.1364    298.154     6.5429 -9.990e-29
      2.371    19.6994 266.606701     1.8962 8.2756e+02     0.8207    81.4505 5.2747e-01 1.4670e+03  0.0417488    20.4924 273.867473     1.9878      2.418     6.1346    298.190     6.5439 -9.990e-29
      2.372    19.7454 266.630770     1.8974 8.4401e+02     0.8207    81.4505 5.1648e-01 1.4670e+03  0.0417488    20.4915 273.958828     1.9878      2.419     6.1324    297.911     6.5448 -9.990e-29
      2.372    19.7886 266.630732     1.8974 8.4877e+02     0.8207    81.4505 5.1282e-01 1.4670e+03  0.0413330    20.4910 273.989280     1.9878      2.419     6.1258    297.623     6.5449 -9.990e-29
      2.372    19.8210 266.594542     1.8974 8.6808e+02     0.8194    81.4766 5.1282e-01 1.4670e+03  0.0417488    20.4902 273.867475     1.9890      2.419     6.1202    297.368     6.5506 -9.990e-29
      2.372    19.8432 266.630685     1.8987 9.8241e+02     0.8207    81.4505 5.0916e-01 1.4670e+03  0.0413330    20.4900 273.928378     1.9890      2.419     6.1219    297.261     6.5509 -9.990e-29
      2.372    19.8613 266.582453     1.8987 1.0334e+03     0.8194    81.4766 5.1282e-01 1.4670e+03  0.0417488    20.4898 273.867475     1.9890      2.419     6.1184    297.087     6.5516 -9.990e-29
      2.372    19.8759 266.582440     1.8987 1.0363e+03     0.8194    81.4766 5.2381e-01 1.4670e+03  0.0413330    20.4896 273.928378     1.9890      2.419     6.1156    296.990     6.5521 -9.990e-29
      2.371    19.8840 266.618596     1.8987 1.0749e+03     0.8194    81.4766 5.3846e-01 1.4670e+03  0.0413330    20.4902 273.897927     1.9890      2.418     6.1133    296.977     6.5524 -9.990e-29
      2.370    19.8881 266.630646     1.8987 1.0963e+03     0.8194    81.4766 5.5311e-01 1.4670e+03  0.0417488    20.4900 273.897926     1.9890      2.417     6.1117    296.963     6.5528 -9.990e-29
      2.369    19.8921 266.594480     1.8999 1.0963e+03     0.8207    81.4505 5.4579e-01 1.4670e+03  0.0413330    20.4902 273.989281     1.9902      2.416     6.1159    296.896     6.5579 -9.990e-29
      2.368    19.8962 266.678855     1.8999 1.0932e+03     0.8194    81.4766 5.3480e-01 1.4670e+03  0.0417488    20.4902 273.837022     1.9890      2.415     6.1146    296.963     6.5532 -9.990e-29
      2.369    19.9002 266.666799     1.8999 1.0932e+03     0.8207    81.4505 5.2381e-01 1.4670e+03  0.0413330    20.4905 273.928377     1.9902      2.416     6.1134    296.923     6.5589 -9.990e-29
      2.371    19.9041 266.654741     1.8999 1.0932e+03     0.8194    81.4766 5.1648e-01 1.4650e+03  0.0417488    20.4903 273.897926     1.9902      2.418     6.1121    296.884     6.5593 -9.990e-29
      2.372    19.9083 266.606522     1.8999 9.2348e+02     0.8220    81.4244 5.0916e-01 1.4650e+03  0.0413330    20.4903 273.897927     1.9902      2.419     6.1105    296.803     6.5596 -9.990e-29
      2.372    19.9143 266.594460     1.8999 8.0462e+02     0.8246    81.3721 4.9817e-01 1.4650e+03  0.0413330    20.4902 273.989280     1.9902      2.419     6.1093    296.750     6.5601 -9.990e-29
      2.371    19.9217 266.702943     1.9011 7.8451e+02     0.8271    81.3198 4.8718e-01 1.4650e+03  0.0417488    20.4898 273.989281     1.9902      2.418     6.1130    296.822     6.5606 -9.990e-29
      2.372    19.9255 266.702940     1.8999 8.5596e+02     0.8284    81.2937 4.8352e-01 1.4650e+03  0.0413330    20.4896 273.989281     1.9902      2.419     6.1068    296.796     6.5613 -9.990e-29
      2.373    19.9229 266.690888     1.9011 9.3919e+02     0.8284    81.2937 4.9451e-01 1.4650e+03  0.0417488    20.4893 274.141540     1.9902      2.420     6.1121    296.800     6.5624 -9.990e-29
      2.373    19.9145 266.690895     1.9011 9.5786e+02     0.8297    81.2675 5.0916e-01 1.4650e+03  0.0413330    20.4894 273.958830     1.9902      2.420     6.1127    296.856     6.5628 -9.990e-29
      2.373    19.9024 266.642688     1.9011 9.3130e+02     0.8297    81.2675 5.1282e-01 1.4650e+03  0.0413330    20.4891 273.958830     1.9915      2.420     6.1136    296.882     6.5701 -9.990e-29
      2.374    19.8855 266.642703     1.9023 8.9535e+02     0.8284    81.2937 5.1282e-01 1.4650e+03  0.0413330    20.4891 273.897927     1.9915      2.421     6.1209    296.994     6.5715 -9.990e-29
      2.375    19.8642 266.654775     1.9023 8.8534e+02     0.8284    81.2937 5.1282e-01 1.4650e+03  0.0413330    20.4891 273.958830     1.9902      2.422     6.1234    297.148     6.5673 -9.990e-29
      2.375    19.8387 266.727124     1.9035 8.8783e+02     0.8284    81.2937 5.1648e-01 1.4650e+03  0.0417488    20.4893 274.019734     1.9902      2.422     6.1314    297.398     6.5684 -9.990e-29
      2.375    19.8264 266.703026     1.9023 8.9535e+02     0.8284    81.2937 5.0916e-01 1.4650e+03  0.0413330    20.4889 273.867476     1.9902      2.422     6.1275    297.453     6.5697 -9.990e-29
