data/05_metadata_exports/SeabirdData/202310_SeabirdData/88568_STN64-2.cnv
* Sea-Bird SBE 9 Data File:
* FileName = C:\Users\rosette\Rosette Data\2023\Ontario lower food web csmi\STN64-2.hex
* Software Version Seasave V 7.26.6.26
* Temperature SN = 5270
* Conductivity SN = 1168
* Number of Bytes Per Scan = 40
* Number of Voltage Words = 5
* Number of Scans Averaged by the Deck Unit = 1
* NMEA Latitude = 43 31.85 N
* NMEA Longitude = 076 55.54 W
* NMEA UTC (Time) = Sep 23 2023  20:03:09
* NMEA baud rate = 4800
** Ship: Lake Guardian
** Cruise: Ontario LFW
** Station:  STN64-2
# nquan = 18                                
# nvalues = 6769                        
# units = specified
# name 0 = prDM: Pressure, Digiquartz [db]
# name 1 = t090C: Temperature [ITS-90, deg C]
# name 2 = c0uS/cm: Conductivity [uS/cm]
# name 3 = sbeox0V: Oxygen raw, SBE 43 [V]
# name 4 = par: PAR/Irradiance, Biospherical/Licor
# name 5 = bat: Beam Attenuation, Chelsea/Seatech [1/m]
# name 6 = xmiss: Beam Transmission, Chelsea/Seatech [%]
# name 7 = flSP: Fluorescence, Seapoint
# name 8 = spar: SPAR, Biospherical/Licor
# name 9 = upoly0: Upoly 0, Suna Nitrate
# name 10 = t190C: Temperature, 2 [ITS-90, deg C]
# name 11 = c1uS/cm: Conductivity, 2 [uS/cm]
# name 12 = sbeox1V: Oxygen raw, SBE 43, 2 [V]
# name 13 = depFM: Depth [fresh water, m], lat = 43.5308
# name 14 = sbeox0Mg/L: Oxygen, SBE 43 [mg/l], WS = 2
# name 15 = specc: Specific Conductance [uS/cm]
# name 16 = sbeox1Mg/L: Oxygen, SBE 43, 2 [mg/l], WS = 2
# name 17 = flag: flag
# span 0 =     -0.010,      5.435       
# span 1 =   -31.6766,    20.5064       
# span 2 =  35.830713, 274.131046       
# span 3 =     1.7643,     2.6093       
# span 4 = 3.0582e+02, 4.0410e+03       
# span 5 =     0.8040,     2.1161       
# span 6 =    58.9183,    81.7903       
# span 7 = 0.0000e+00, 3.6850e+00       
# span 8 = 1.3981e+03, 1.5536e+03       
# span 9 =  0.0413330,  0.0633682       
# span 10 =    16.1132,    20.5095      
# span 11 =   5.421368, 275.390099      
# span 12 =     1.9853,     2.7473      
# span 13 =     -0.010,      5.542      
# span 14 =  -209.5841,     9.8151      
# span 15 =  -2960.540,  14640.546      
# span 16 =     6.4991,    10.0917      
# span 17 = 0.0000e+00, 0.0000e+00      
# interval = seconds: 0.0416667
# start_time = Sep 23 2023 20:03:09 [NMEA time, header]
# bad_flag = -9.990e-29
*END*
[from data line 3377]
      2.917    20.4807 273.938045     2.5678 7.3332e+02     0.8310    81.2414 5.6044e-01 1.4414e+03  0.0542215    20.4798 275.024684     2.5592      2.975     8.9146    301.126     9.0619 0.0000e+00
      2.932    20.4807 273.938045     2.5678 7.1499e+02     0.8310    81.2414 5.5311e-01 1.4414e+03  0.0546373    20.4792 275.116044     2.5592      2.990     8.9146    301.126     9.0615 0.0000e+00
      2.946    20.4806 273.901852     2.5665 7.1499e+02     0.8297    81.2675 5.4212e-01 1.4414e+03  0.0546373    20.4795 275.176950     2.5592      3.004     8.9088    301.087     9.0614 0.0000e+00
      2.960    20.4805 273.925981     2.5678 7.2920e+02     0.8310    81.2414 5.3114e-01 1.4414e+03  0.0538058    20.4789 275.055138     2.5592      3.018     8.9147    301.114     9.0614 0.0000e+00
      2.975    20.4807 273.938047     2.5678 7.3953e+02     0.8310    81.2414 5.3480e-01 1.4414e+03  0.0538058    20.4793 275.116046     2.5592      3.034     8.9149    301.126     9.0613 0.0000e+00
      2.988    20.4809 273.889790     2.5678 7.3953e+02     0.8323    81.2152 5.4212e-01 1.4414e+03  0.0538058    20.4792 275.268312     2.5592      3.047     8.9150    301.072     9.0612 0.0000e+00
      3.001    20.4807 273.913916     2.5665 7.3538e+02     0.8323    81.2152 5.4212e-01 1.4414e+03  0.0542215    20.4788 275.207404     2.5592      3.060     8.9095    301.099     9.0611 0.0000e+00
      3.016    20.4809 273.950112     2.5665 7.3332e+02     0.8310    81.2414 5.5311e-01 1.4414e+03  0.0542215    20.4789 275.055141     2.5592      3.075     8.9096    301.138     9.0609 0.0000e+00
      3.030    20.4807 273.962176     2.5678 7.3126e+02     0.8297    81.2675 5.7143e-01 1.4414e+03  0.0542215    20.4789 275.085594     2.5592      3.090     8.9153    301.153     9.0612 0.0000e+00
      3.042    20.4811 273.938046     2.5678 7.4579e+02     0.8310    81.2414 5.9707e-01 1.4414e+03  0.0542215    20.4793 275.146498     2.5592      3.102     8.9153    301.123     9.0613 0.0000e+00
      3.057    20.4809 273.901855     2.5678 7.6491e+02     0.8323    81.2152 6.0440e-01 1.4414e+03  0.0542215    20.4794 275.116046     2.5580      3.117     8.9154    301.085     9.0563 0.0000e+00
      3.071    20.4811 273.925985     2.5678 7.7139e+02     0.8297    81.2675 6.0073e-01 1.4394e+03  0.0542215    20.4791 275.268315     2.5580      3.132     8.9153    301.110     9.0566 0.0000e+00
      3.084    20.4809 273.938048     2.5678 7.7356e+02     0.8323    81.2152 6.0073e-01 1.4394e+03  0.0538058    20.4794 275.085593     2.5580      3.145     8.9153    301.125     9.0567 0.0000e+00
      3.098    20.4811 273.889791     2.5678 7.7792e+02     0.8310    81.2414 6.0073e-01 1.4394e+03  0.0542215    20.4793 275.176954     2.5580      3.159     8.9152    301.070     9.0570 0.0000e+00
      3.114    20.4808 273.889792     2.5678 7.8011e+02     0.8310    81.2414 5.9341e-01 1.4394e+03  0.0542215    20.4789 275.055142     2.5580      3.175     8.9155    301.072     9.0573 0.0000e+00
      3.129    20.4807 273.925987     2.5678 7.7792e+02     0.8323    81.2152 5.7875e-01 1.4394e+03  0.0542215    20.4795 275.085596     2.5580      3.191     8.9157    301.113     9.0575 0.0000e+00
      3.143    20.4805 273.938050     2.5678 7.6491e+02     0.8323    81.2152 5.6777e-01 1.4414e+03  0.0542215    20.4790 275.024689     2.5580      3.205     8.9155    301.127     9.0582 0.0000e+00
      3.157    20.4807 273.938051     2.5678 7.6276e+02     0.8336    81.1891 5.6044e-01 1.4414e+03  0.0546373    20.4789 275.116050     2.5580      3.219     8.9153    301.126     9.0584 0.0000e+00
      3.172    20.4804 273.938051     2.5678 7.5211e+02     0.8374    81.1107 5.6777e-01 1.4414e+03  0.0542215    20.4792 275.116050     2.5580      3.235     8.9155    301.128     9.0586 0.0000e+00
      3.187    20.4804 273.865666     2.5678 7.0106e+02     0.8400    81.0584 5.7143e-01 1.4414e+03  0.0542215    20.4789 275.116050     2.5580      3.250     8.9156    301.048     9.0597 0.0000e+00
      3.202    20.4804 273.950117     2.5678 6.7970e+02     0.8400    81.0584 5.7143e-01 1.4414e+03  0.0542215    20.4791 275.146504     2.5580      3.265     8.9157    301.141     9.0599 0.0000e+00
      3.216    20.4804 273.925988     2.5678 6.7779e+02     0.8400    81.0584 5.8974e-01 1.4394e+03  0.0542215    20.4789 275.176958     2.5580      3.279     8.9158    301.115     9.0601 0.0000e+00
      3.230    20.4802 273.877731     2.5678 6.7399e+02     0.8387    81.0845 5.9341e-01 1.4394e+03  0.0538058    20.4788 275.176957     2.5580      3.294     8.9159    301.063     9.0608 0.0000e+00
      3.244    20.4802 273.889798     2.5678 6.7210e+02     0.8400    81.0584 5.8608e-01 1.4414e+03  0.0533900    20.4790 274.994241     2.5592      3.308     8.9160    301.076     9.0667 0.0000e+00
      3.259    20.4800 273.901860     2.5678 6.7021e+02     0.8387    81.0845 5.7143e-01 1.4414e+03  0.0538058    20.4789 275.055145     2.5580      3.323     8.9164    301.091     9.0616 0.0000e+00
      3.273    20.4795 273.901862     2.5690 6.7589e+02     0.8400    81.0584 5.6777e-01 1.4414e+03  0.0542215    20.4789 275.146506     2.5580      3.338     8.9221    301.094     9.0618 0.0000e+00
      3.287    20.4796 273.925991     2.5690 6.7970e+02     0.8400    81.0584 5.6044e-01 1.4414e+03  0.0563003    20.4784 275.116054     2.5592      3.352     8.9224    301.120     9.0674 0.0000e+00
      3.302    20.4796 273.901862     2.5690 6.7970e+02     0.8387    81.0845 5.7143e-01 1.4414e+03  0.0558845    20.4787 275.024694     2.5592      3.367     8.9223    301.094     9.0675 0.0000e+00
      3.316    20.4793 273.974250     2.5690 6.7589e+02     0.8387    81.0845 5.8974e-01 1.4414e+03  0.0558845    20.4785 275.024695     2.5592      3.381     8.9226    301.175     9.0677 0.0000e+00
      3.330    20.4791 273.925993     2.5690 6.7399e+02     0.8387    81.0845 6.0440e-01 1.4394e+03  0.0563003    20.4782 275.085602     2.5592      3.396     8.9229    301.123     9.0680 0.0000e+00
      3.342    20.4793 273.925993     2.5690 6.7399e+02     0.8387    81.0845 5.9707e-01 1.4394e+03  0.0558845    20.4782 275.116055     2.5592      3.408     8.9230    301.122     9.0682 0.0000e+00
      3.356    20.4791 273.938056     2.5690 6.6272e+02     0.8400    81.0584 5.7509e-01 1.4394e+03  0.0558845    20.4782 275.146507     2.5592      3.422     8.9229    301.137     9.0684 0.0000e+00
      3.370    20.4789 273.938058     2.5690 6.4798e+02     0.8387    81.0845 5.6777e-01 1.4394e+03  0.0567161    20.4782 275.055150     2.5592      3.436     8.9226    301.138     9.0686 0.0000e+00
      3.384    20.4791 273.889801     2.5690 6.4616e+02     0.8400    81.0584 5.7143e-01 1.4394e+03  0.0563003    20.4786 275.116056     2.5592      3.451     8.9230    301.084     9.0687 0.0000e+00
      3.397    20.4791 273.938058     2.5690 6.4253e+02     0.8387    81.0845 5.7143e-01 1.4394e+03  0.0554688    20.4782 275.176963     2.5592      3.464     8.9231    301.137     9.0690 0.0000e+00
      3.411    20.4792 273.962187     2.5690 6.3713e+02     0.8400    81.0584 5.7509e-01 1.4414e+03  0.0554688    20.4780 275.176963     2.5592      3.478     8.9234    301.162     9.0688 0.0000e+00
      3.425    20.4791 273.962187     2.5690 6.3535e+02     0.8400    81.0584 5.7509e-01 1.4414e+03  0.0558845    20.4786 274.994244     2.5592      3.493     8.9238    301.163     9.0681 0.0000e+00
      3.441    20.4788 273.889803     2.5690 6.3001e+02     0.8400    81.0584 5.7509e-01 1.4414e+03  0.0563003    20.4782 275.116058     2.5592      3.509     8.9241    301.086     9.0675 0.0000e+00
      3.456    20.4784 273.889804     2.5702 6.1773e+02     0.8400    81.0584 6.3736e-01 1.4414e+03  0.0563003    20.4779 275.176965     2.5592      3.524     8.9296    301.088     9.0669 0.0000e+00
      3.471    20.4784 273.938061     2.5702 6.1426e+02     0.8400    81.0584 6.6300e-01 1.4414e+03  0.0558845    20.4778 275.055152     2.5592      3.539     8.9298    301.141     9.0667 0.0000e+00
      3.485    20.4777 273.913935     2.5690 6.1947e+02     0.8387    81.0845 6.4835e-01 1.4414e+03  0.0558845    20.4782 275.116060     2.5604      3.554     8.9245    301.119     9.0713 0.0000e+00
      3.498    20.4770 273.853613     2.5690 6.4073e+02     0.8400    81.0584 6.3370e-01 1.4414e+03  0.0563003    20.4778 275.055152     2.5592      3.567     8.9247    301.058     9.0655 0.0000e+00
      3.512    20.4767 273.925999     2.5690 6.4980e+02     0.8400    81.0584 6.2271e-01 1.4414e+03  0.0563003    20.4780 275.024700     2.5592      3.581     8.9249    301.139     9.0648 0.0000e+00
      3.527    20.4765 273.913935     2.5690 6.4798e+02     0.8400    81.0584 6.2637e-01 1.4414e+03  0.0542215    20.4777 275.116060     2.5604      3.597     8.9249    301.127     9.0695 0.0000e+00
      3.541    20.4762 273.877744     2.5690 6.3356e+02     0.8400    81.0584 6.3736e-01 1.4414e+03  0.0546373    20.4777 275.237875     2.5592      3.611     8.9250    301.090     9.0636 0.0000e+00
      3.555    20.4759 273.889809     2.5690 6.2648e+02     0.8387    81.0845 6.3736e-01 1.4414e+03  0.0550530    20.4770 275.085609     2.5592      3.625     8.9250    301.105     9.0634 0.0000e+00
      3.568    20.4762 273.853616     2.5690 6.2648e+02     0.8400    81.0584 6.3370e-01 1.4394e+03  0.0542215    20.4766 275.176969     2.5604      3.638     8.9248    301.063     9.0686 0.0000e+00
      3.580    20.4756 273.865681     2.5690 6.4073e+02     0.8387    81.0845 6.3370e-01 1.4394e+03  0.0538058    20.4765 275.055156     2.5604      3.651     8.9248    301.080     9.0683 0.0000e+00
      3.594    20.4756 273.889809     2.5702 6.4798e+02     0.8400    81.0584 6.2637e-01 1.4394e+03  0.0542215    20.4766 275.024703     2.5592      3.665     8.9298    301.107     9.0627 0.0000e+00
      3.608    20.4758 273.877747     2.5702 6.4980e+02     0.8387    81.0845 6.1905e-01 1.4414e+03  0.0546373    20.4754 275.116066     2.5592      3.679     8.9295    301.092     9.0622 0.0000e+00
      3.622    20.4758 273.889809     2.5702 6.1947e+02     0.8400    81.0584 6.0440e-01 1.4414e+03  0.0546373    20.4755 275.116063     2.5592      3.693     8.9296    301.105     9.0616 0.0000e+00
      3.637    20.4762 273.926004     2.5702 5.9891e+02     0.8387    81.0845 5.8974e-01 1.4414e+03  0.0542215    20.4752 275.146520     2.5592      3.709     8.9296    301.143     9.0614 0.0000e+00
      3.651    20.4760 273.889810     2.5702 5.9556e+02     0.8387    81.0845 5.8974e-01 1.4414e+03  0.0542215    20.4754 275.116065     2.5592      3.723     8.9297    301.104     9.0611 0.0000e+00
      3.664    20.4756 274.010455     2.5702 5.8724e+02     0.8387    81.0845 6.5568e-01 1.4414e+03  0.0546373    20.4748 275.146520     2.5592      3.736     8.9297    301.239     9.0613 0.0000e+00
      3.678    20.4759 273.938067     2.5702 5.7742e+02     0.8387    81.0845 6.9597e-01 1.4414e+03  0.0542215    20.4747 275.055160     2.5592      3.751     8.9297    301.158     9.0611 0.0000e+00
      3.693    20.4762 273.877749     2.5702 5.7579e+02     0.8400    81.0584 6.8864e-01 1.4414e+03  0.0538058    20.4743 275.116069     2.5592      3.766     8.9296    301.090     9.0610 0.0000e+00
      3.706    20.4762 273.889812     2.5702 5.6299e+02     0.8387    81.0845 6.7033e-01 1.4414e+03  0.0542215    20.4743 275.116068     2.5592      3.779     8.9295    301.103     9.0608 0.0000e+00
      3.720    20.4760 273.901876     2.5714 5.4738e+02     0.8400    81.0584 6.7766e-01 1.4414e+03  0.0550530    20.4738 275.024709     2.5592      3.793     8.9346    301.117     9.0607 0.0000e+00
      3.736    20.4760 273.901878     2.5702 5.4278e+02     0.8452    80.9538 6.7399e-01 1.4414e+03  0.0558845    20.4733 275.024711     2.5592      3.810     8.9293    301.117     9.0606 0.0000e+00
      3.751    20.4758 273.926007     2.5714 5.4125e+02     0.8452    80.9538 6.6667e-01 1.4414e+03  0.0554688    20.4737 275.024711     2.5592      3.825     8.9343    301.145     9.0604 0.0000e+00
      3.766    20.4753 273.865687     2.5714 5.3822e+02     0.8465    80.9277 6.6300e-01 1.4414e+03  0.0542215    20.4738 275.024712     2.5580      3.840     8.9342    301.082     9.0550 0.0000e+00
      3.779    20.4753 273.841557     2.5714 5.3822e+02     0.8465    80.9277 6.6300e-01 1.4414e+03  0.0533900    20.4733 275.024711     2.5580      3.854     8.9340    301.056     9.0549 0.0000e+00
      3.792    20.4753 273.865687     2.5714 5.3973e+02     0.8452    80.9538 6.7033e-01 1.4414e+03  0.0538058    20.4738 275.116071     2.5580      3.867     8.9334    301.082     9.0547 0.0000e+00
      3.806    20.4753 273.829495     2.5714 5.4278e+02     0.8465    80.9277 6.6667e-01 1.4414e+03  0.0542215    20.4736 275.176978     2.5592      3.881     8.9335    301.042     9.0600 0.0000e+00
      3.820    20.4755 273.926008     2.5702 5.4431e+02     0.8465    80.9277 6.7399e-01 1.4414e+03  0.0546373    20.4737 275.176978     2.5580      3.895     8.9280    301.147     9.0546 0.0000e+00
      3.834    20.4755 273.913945     2.5714 5.4278e+02     0.8465    80.9277 6.9597e-01 1.4414e+03  0.0546373    20.4736 275.055166     2.5580      3.910     8.9325    301.134     9.0550 0.0000e+00
      3.847    20.4753 273.853624     2.5714 5.3520e+02     0.8452    80.9538 6.9231e-01 1.4414e+03  0.0542215    20.4734 275.024714     2.5580      3.923     8.9319    301.069     9.0550 0.0000e+00
      3.860    20.4755 273.877753     2.5714 5.3220e+02     0.8465    80.9277 6.8498e-01 1.4414e+03  0.0538058    20.4735 275.024714     2.5580      3.936     8.9312    301.094     9.0550 0.0000e+00
      3.874    20.4753 273.853624     2.5714 5.3220e+02     0.8465    80.9277 6.8498e-01 1.4414e+03  0.0538058    20.4736 275.116073     2.5580      3.950     8.9306    301.069     9.0554 0.0000e+00
      3.888    20.4753 273.877753     2.5714 5.2329e+02     0.8465    80.9277 6.9597e-01 1.4394e+03  0.0538058    20.4737 275.116073     2.5592      3.965     8.9299    301.095     9.0607 0.0000e+00
      3.902    20.4753 273.853626     2.5714 5.1890e+02     0.8452    80.9538 6.9231e-01 1.4394e+03  0.0538058    20.4739 275.146527     2.5592      3.979     8.9289    301.069     9.0608 0.0000e+00
      3.916    20.4753 273.913947     2.5714 5.1890e+02     0.8452    80.9538 6.7033e-01 1.4394e+03  0.0542215    20.4735 275.116075     2.5592      3.993     8.9278    301.135     9.0613 0.0000e+00
      3.930    20.4751 273.865690     2.5714 5.3220e+02     0.8452    80.9538 6.5568e-01 1.4394e+03  0.0542215    20.4733 275.146528     2.5580      4.007     8.9268    301.084     9.0566 0.0000e+00
      3.944    20.4748 273.865692     2.5714 5.4125e+02     0.8452    80.9538 6.5934e-01 1.4394e+03  0.0542215    20.4736 275.116076     2.5580      4.022     8.9265    301.086     9.0567 0.0000e+00
      3.957    20.4739 273.805371     2.5714 5.4278e+02     0.8465    80.9277 6.6667e-01 1.4394e+03  0.0542215    20.4733 275.116075     2.5580      4.035     8.9263    301.025     9.0569 0.0000e+00
      3.970    20.4735 273.853631     2.5714 5.5046e+02     0.8452    80.9538 6.7033e-01 1.4394e+03  0.0538058    20.4736 275.116077     2.5580      4.048     8.9260    301.081     9.0570 0.0000e+00
      3.983    20.4732 273.829500     2.5714 5.5669e+02     0.8465    80.9277 6.7399e-01 1.4394e+03  0.0538058    20.4730 275.146528     2.5580      4.062     8.9257    301.056     9.0573 0.0000e+00
      3.997    20.4727 273.877760     2.5714 5.5826e+02     0.8452    80.9538 6.6667e-01 1.4394e+03  0.0542215    20.4731 275.055171     2.5592      4.076     8.9255    301.113     9.0628 0.0000e+00
      4.012    20.4723 273.901887     2.5714 5.5201e+02     0.8465    80.9277 6.6300e-01 1.4394e+03  0.0546373    20.4725 275.024717     2.5580      4.091     8.9252    301.142     9.0582 0.0000e+00
      4.026    20.4723 273.853632     2.5714 5.4278e+02     0.8452    80.9538 6.6667e-01 1.4394e+03  0.0546373    20.4721 275.207439     2.5580      4.105     8.9245    301.089     9.0589 0.0000e+00
