data/05_metadata_exports/SeabirdData/202310_SeabirdData/88575_STN715.cnv
* Sea-Bird SBE 9 Data File:
* FileName = C:\Users\rosette\Rosette Data\2023\Ontario lower food web csmi\STN715.hex
* Software Version Seasave V 7.26.6.26
* Temperature SN = 5270
* Conductivity SN = 1168
* Number of Bytes Per Scan = 40
* Number of Voltage Words = 5
* Number of Scans Averaged by the Deck Unit = 1
* NMEA Latitude = 43 38.15 N
* NMEA Longitude = 076 58.16 W
* NMEA UTC (Time) = Sep 23 2023  21:56:18
* NMEA baud rate = 4800
** Ship: Lake Guardian
** Cruise: Ontario LFW
** Station:  STN715
# nquan = 18                                
# nvalues = 4237                        
# units = specified
# name 0 = prDM: Pressure, Digiquartz [db]
# name 1 = t090C: Temperature [ITS-90, deg C]
# name 2 = c0uS/cm: Conductivity [uS/cm]
# name 3 = sbeox0V: Oxygen raw, SBE 43 [V]
# name 4 = par: PAR/Irradiance, Biospherical/Licor
# name 5 = bat: Beam Attenuation, Chelsea/Seatech [1/m]
# name 6 = xmiss: Beam Transmission, Chelsea/Seatech [%]
# name 7 = flSP: Fluorescence, Seapoint
# name 8 = spar: SPAR, Biospherical/Licor
# name 9 = upoly0: Upoly 0, Suna Nitrate
# name 10 = t190C: Temperature, 2 [ITS-90, deg C]
# name 11 = c1uS/cm: Conductivity, 2 [uS/cm]
# name 12 = sbeox1V: Oxygen raw, SBE 43, 2 [V]
# name 13 = depFM: Depth [fresh water, m], lat = 43.6358
# name 14 = sbeox0Mg/L: Oxygen, SBE 43 [mg/l], WS = 2
# name 15 = specc: Specific Conductance [uS/cm]
# name 16 = sbeox1Mg/L: Oxygen, SBE 43, 2 [mg/l], WS = 2
# name 17 = flag: flag
# span 0 =  -5005.129,  32002.757       
# span 1 =    17.4336,    20.4652       
# span 2 =   4.245243, 2.2045e+04       
# span 3 =     0.0574,     2.7338       
# span 4 = 1.0000e-12, 4.5851e+02       
# span 5 =    -0.0285,    22.7381       
# span 6 =     0.3398,   100.7153       
# span 7 = 9.5238e-02, 1.2000e+01       
# span 8 = 1.0830e+02, 1.2865e+05       
# span 9 =  0.0413330,  0.9056922       
# span 10 =    17.3551,    55.2723      
# span 11 = -8.336e+03, 8.0964e+05      
# span 12 =     0.5433,     2.8205      
# span 13 =  -5103.810,  32633.723      
# span 14 = -3601.6590,  5057.7573      
# span 15 =      5.000,  24243.545      
# span 16 =-17837.0907,  3452.3562      
# span 17 = 0.0000e+00, 0.0000e+00      
# interval = seconds: 0.0416667
# start_time = Sep 23 2023 21:56:18 [NMEA time, header]
# bad_flag = -9.990e-29
*END*
[from data line 2252]
      1.870    20.3727 269.837223     1.8242 1.6241e+02     0.8413    81.0323 1.0476e+00 2.8946e+02  0.0434118    20.1672 270.914159     1.6764      1.907     5.6479    297.324     5.1281 -9.990e-29
      1.872    20.3695 269.788991     1.8230 1.6287e+02     0.8400    81.0584 1.0952e+00 2.8946e+02  0.0434118    20.1631 270.975058     1.6764      1.909     5.6447    297.292     5.1281 -9.990e-29
      1.876    20.3659 269.776938     1.8230 1.6471e+02     0.8413    81.0323 1.1319e+00 2.8946e+02  0.0434118    20.1607 271.066404     1.6752      1.913     5.6467    297.302     5.1223 -9.990e-29
      1.879    20.3628 269.861351     1.8217 1.6611e+02     0.8413    81.0323 1.1429e+00 2.8946e+02  0.0434118    20.1579 271.005511     1.6752      1.916     5.6432    297.416     5.1227 -9.990e-29
      1.881    20.3596 269.849294     1.8217 1.6611e+02     0.8400    81.0584 1.1429e+00 2.8946e+02  0.0434118    20.1559 271.035959     1.6752      1.918     5.6452    297.424     5.1224 -9.990e-29
      1.883    20.3570 269.849297     1.8217 1.6799e+02     0.8413    81.0323 1.0916e+00 2.8946e+02  0.0434118    20.1547 270.975067     1.6740      1.920     5.6476    297.441     5.1166 -9.990e-29
      1.884    20.3541 269.837241     1.8217 1.6941e+02     0.8413    81.0323 1.0403e+00 2.8946e+02  0.0434118    20.1535 270.944620     1.6740      1.921     5.6498    297.446     5.1164 -9.990e-29
      1.885    20.3516 269.776949     1.8217 1.6989e+02     0.8413    81.0323 1.0403e+00 2.8946e+02  0.0434118    20.1530 270.944619     1.6728      1.922     5.6522    297.396     5.1106 -9.990e-29
      1.888    20.3492 269.837245     1.8205 1.7133e+02     0.8413    81.0323 1.0513e+00 2.8946e+02  0.0434118    20.1533 271.066410     1.6728      1.925     5.6491    297.478     5.1109 -9.990e-29
      1.890    20.3468 269.837247     1.8205 1.7278e+02     0.8413    81.0323 1.0403e+00 2.8946e+02  0.0434118    20.1531 270.975068     1.6728      1.927     5.6513    297.494     5.1106 -9.990e-29
      1.892    20.3448 269.849308     1.8205 1.7327e+02     0.8413    81.0323 1.0073e+00 2.8946e+02  0.0434118    20.1545 270.944620     1.6716      1.929     5.6533    297.521     5.1051 -9.990e-29
      1.893    20.3426 269.885486     1.8205 1.7229e+02     0.8413    81.0323 1.0000e+00 2.8946e+02  0.0434118    20.1581 270.853275     1.6716      1.930     5.6558    297.575     5.1045 -9.990e-29
      1.894    20.3404 269.849311     1.8205 1.7085e+02     0.8413    81.0323 1.0110e+00 2.8946e+02  0.0434118    20.1668 270.914160     1.6703      1.931     5.6584    297.549     5.0976 -9.990e-29
      1.896    20.3383 269.837255     1.8205 1.7085e+02     0.8413    81.0323 9.7802e-01 2.8946e+02  0.0434118    20.1814 270.975043     1.6703      1.933     5.6607    297.550     5.0961 -9.990e-29
      1.898    20.3363 269.837257     1.8205 1.6941e+02     0.8413    81.0323 9.3773e-01 2.8946e+02  0.0434118    20.1982 270.914134     1.6703      1.935     5.6631    297.563     5.0947 -9.990e-29
      1.900    20.3346 269.801082     1.8205 1.6704e+02     0.8413    81.0323 9.5971e-01 2.8946e+02  0.0434118    20.2153 270.792330     1.6703      1.937     5.6656    297.534     5.0932 -9.990e-29
      1.902    20.3325 269.728733     1.8193 1.6657e+02     0.8413    81.0323 9.7070e-01 2.8946e+02  0.0434118    20.2316 270.853210     1.6691      1.939     5.6625    297.468     5.0862 -9.990e-29
      1.904    20.3307 269.825203     1.8193 1.6611e+02     0.8413    81.0323 9.3773e-01 2.8946e+02  0.0434118    20.2466 270.853197     1.6691      1.942     5.6647    297.587     5.0846 -9.990e-29
      1.906    20.3286 269.885498     1.8193 1.6379e+02     0.8413    81.0323 9.2674e-01 2.8946e+02  0.0434118    20.2598 270.944527     1.6679      1.944     5.6667    297.667     5.0781 -9.990e-29
      1.909    20.3267 269.861383     1.8193 1.6287e+02     0.8413    81.0323 9.2308e-01 2.8946e+02  0.0434118    20.2697 270.853177     1.6679      1.947     5.6689    297.653     5.0772 -9.990e-29
      1.911    20.3246 269.813150     1.8193 1.6287e+02     0.8413    81.0323 9.1575e-01 2.8946e+02  0.0434118    20.2765 270.914065     1.6679      1.949     5.6716    297.613     5.0769 -9.990e-29
      1.913    20.3228 269.801094     1.8193 1.6104e+02     0.8413    81.0323 9.1941e-01 2.8946e+02  0.0434118    20.2786 270.914064     1.6679      1.951     5.6740    297.612     5.0769 -9.990e-29
      1.913    20.3207 269.825212     1.8193 1.6014e+02     0.8413    81.0323 9.5238e-01 2.8946e+02  0.0434118    20.2774 270.944511     1.6667      1.951     5.6764    297.652     5.0722 -9.990e-29
      1.914    20.3187 269.801096     1.8193 1.6014e+02     0.8400    81.0584 1.0183e+00 2.8946e+02  0.0434118    20.2745 270.974961     1.6667      1.952     5.6790    297.639     5.0729 -9.990e-29
      1.914    20.3165 269.801099     1.8193 1.5879e+02     0.8400    81.0584 1.0769e+00 2.8946e+02  0.0434118    20.2721 270.974965     1.6667      1.952     5.6817    297.653     5.0734 -9.990e-29
      1.913    20.3146 269.801100     1.8193 1.5790e+02     0.8400    81.0584 1.1392e+00 2.8946e+02  0.0434118    20.2707 270.974965     1.6654      1.951     5.6844    297.666     5.0682 -9.990e-29
      1.912    20.3125 269.776985     1.8193 1.5790e+02     0.8426    81.0061 1.2161e+00 2.8946e+02  0.0434118    20.2702 271.035860     1.6642      1.950     5.6870    297.653     5.0633 -9.990e-29
      1.911    20.3104 269.813162     1.8193 1.5790e+02     0.8400    81.0584 1.2674e+00 2.8946e+02  0.0434118    20.2695 271.127203     1.6654      1.949     5.6895    297.707     5.0689 -9.990e-29
      1.911    20.3079 269.801106     1.8193 1.5746e+02     0.8413    81.0323 1.2601e+00 2.8946e+02  0.0434118    20.2677 271.127205     1.6642      1.949     5.6917    297.710     5.0643 -9.990e-29
      1.911    20.3059 269.825225     1.8205 1.5790e+02     0.8426    81.0061 1.2125e+00 2.8946e+02  0.0434118    20.2633 271.066313     1.6630      1.949     5.6989    297.750     5.0602 -9.990e-29
      1.911    20.3032 269.789053     1.8205 1.5969e+02     0.8413    81.0323 1.1538e+00 2.8946e+02  0.0434118    20.2570 271.096768     1.6630      1.949     5.7013    297.727     5.0614 -9.990e-29
      1.910    20.3008 269.813170     1.8205 1.6150e+02     0.8426    81.0061 1.0842e+00 2.8946e+02  0.0434118    20.2474 271.127222     1.6630      1.948     5.7036    297.770     5.0633 -9.990e-29
      1.908    20.2983 269.837290     1.8205 1.6195e+02     0.8426    81.0061 1.0366e+00 2.8946e+02  0.0434118    20.2362 271.127232     1.6630      1.946     5.7061    297.813     5.0647 -9.990e-29
      1.907    20.2959 269.801116     1.8205 1.6425e+02     0.8426    81.0061 1.0549e+00 2.8946e+02  0.0434118    20.2234 271.066349     1.6618      1.945     5.7085    297.789     5.0612 -9.990e-29
      1.906    20.2932 269.801119     1.8205 1.6751e+02     0.8413    81.0323 1.1099e+00 2.8946e+02  0.0434118    20.2097 271.096809     1.6618      1.944     5.7108    297.806     5.0638 -9.990e-29
      1.905    20.2908 269.801121     1.8205 1.6799e+02     0.8413    81.0323 1.0989e+00 2.8946e+02  0.0434118    20.1951 271.249059     1.6618      1.943     5.7133    297.822     5.0663 -9.990e-29
      1.903    20.2880 269.801123     1.8217 1.6893e+02     0.8426    81.0061 1.0733e+00 2.8946e+02  0.0434118    20.1782 271.218626     1.6606      1.941     5.7213    297.841     5.0640 -9.990e-29
      1.901    20.2847 269.801127     1.8217 1.7133e+02     0.8426    81.0061 1.0440e+00 2.8946e+02  0.0434118    20.1610 271.218643     1.6606      1.938     5.7243    297.862     5.0667 -9.990e-29
      1.898    20.2812 269.825245     1.8217 1.7229e+02     0.8426    81.0061 1.0256e+00 2.8946e+02  0.0434118    20.1474 271.279547     1.6606      1.935     5.7275    297.912     5.0693 -9.990e-29
      1.896    20.2773 269.789074     1.8230 1.7181e+02     0.8413    81.0323 1.0330e+00 2.8946e+02  0.0434118    20.1363 271.279559     1.6606      1.933     5.7366    297.898     5.0719 -9.990e-29
      1.894    20.2723 269.777021     1.8230 1.7085e+02     0.8413    81.0323 1.0147e+00 2.8946e+02  0.0434118    20.1284 271.218672     1.6593      1.931     5.7403    297.917     5.0686 -9.990e-29
      1.890    20.2670 269.789081     1.8230 1.7085e+02     0.8426    81.0061 1.0147e+00 2.8946e+02  0.0434118    20.1220 271.249122     1.6581      1.927     5.7438    297.966     5.0653 -9.990e-29
      1.886    20.2609 269.825264     1.8230 1.7037e+02     0.8426    81.0061 1.0403e+00 2.8946e+02  0.0434118    20.1183 271.340471     1.6581      1.923     5.7475    298.046     5.0673 -9.990e-29
      1.883    20.2549 269.849385     1.8230 1.6941e+02     0.8426    81.0061 1.0293e+00 2.8946e+02  0.0434118    20.1142 271.401368     1.6581      1.920     5.7513    298.112     5.0695 -9.990e-29
      1.881    20.2485 269.813216     1.8242 1.6846e+02     0.8426    81.0061 1.0073e+00 2.8946e+02  0.0434118    20.1119 271.431820     1.6581      1.918     5.7605    298.114     5.0717 -9.990e-29
      1.878    20.2420 269.777046     1.8242 1.6846e+02     0.8413    81.0323 1.0000e+00 2.8946e+02  0.0434118    20.1097 271.492718     1.6581      1.915     5.7648    298.117     5.0740 -9.990e-29
      1.875    20.2357 269.789109     1.8254 1.6657e+02     0.8413    81.0323 1.0220e+00 2.8946e+02  0.0434118    20.1083 271.431821     1.6581      1.912     5.7740    298.172     5.0768 -9.990e-29
      1.872    20.2294 269.777057     1.8266 1.6564e+02     0.8426    81.0061 1.0073e+00 2.8946e+02  0.0434118    20.1060 271.492721     1.6569      1.909     5.7837    298.200     5.0741 -9.990e-29
      1.869    20.2230 269.837354     1.8266 1.6564e+02     0.8426    81.0061 9.6703e-01 2.8946e+02  0.0434118    20.1038 271.523170     1.6569      1.906     5.7881    298.309     5.0772 -9.990e-29
      1.866    20.2167 269.861479     1.8266 1.6517e+02     0.8439    80.9800 9.6337e-01 2.8946e+02  0.0434118    20.1000 271.462279     1.6569      1.903     5.7924    298.377     5.0806 -9.990e-29
      1.862    20.2104 269.765014     1.8278 1.6471e+02     0.8452    80.9538 9.7802e-01 2.8946e+02  0.0434118    20.0960 271.370936     1.6557      1.899     5.8024    298.312     5.0783 -9.990e-29
      1.858    20.2032 269.813254     1.8278 1.6471e+02     0.8452    80.9538 9.9634e-01 2.8946e+02  0.0434118    20.0909 271.401389     1.6557      1.895     5.8071    298.413     5.0816 -9.990e-29
      1.855    20.1961 269.873554     1.8278 1.6517e+02     0.8452    80.9538 1.0183e+00 2.8946e+02  0.0434118    20.0859 271.431841     1.6557      1.892     5.8118    298.526     5.0853 -9.990e-29
      1.853    20.1879 269.861504     1.8278 1.6564e+02     0.8439    80.9800 1.0183e+00 2.8946e+02  0.0434118    20.0806 271.614536     1.6557      1.890     5.8165    298.567     5.0887 -9.990e-29
      1.849    20.1793 269.897686     1.8291 1.6564e+02     0.8439    80.9800 9.9267e-01 2.8946e+02  0.0434118    20.0754 271.584091     1.6557      1.885     5.8272    298.664     5.0922 -9.990e-29
      1.844    20.1711 269.873576     1.8291 1.6517e+02     0.8439    80.9800 9.9267e-01 2.8946e+02  0.0434118    20.0702 271.462303     1.6557      1.880     5.8325    298.692     5.0956 -9.990e-29
      1.840    20.1633 269.861525     1.8303 1.6517e+02     0.8452    80.9538 1.0110e+00 2.8946e+02  0.0434118    20.0648 271.431860     1.6545      1.876     5.8424    298.730     5.0942 -9.990e-29
      1.836    20.1561 269.861529     1.8315 1.6517e+02     0.8439    80.9800 1.0000e+00 2.8946e+02  0.0434118    20.0596 271.370967     1.6545      1.872     5.8525    298.778     5.0976 -9.990e-29
      1.833    20.1498 269.861536     1.8315 1.6517e+02     0.8439    80.9800 9.8168e-01 2.8946e+02  0.0434118    20.0544 271.401421     1.6557      1.869     5.8567    298.819     5.1065 -9.990e-29
      1.831    20.1497 269.837419     1.8327 1.6611e+02     0.8439    80.9800 9.6703e-01 2.8946e+02  0.0434118    20.0504 271.614561     1.6557      1.867     5.8653    298.793     5.1102 -9.990e-29
      1.828    20.1566 269.837413     1.8339 1.6611e+02     0.8452    80.9538 9.5971e-01 2.8946e+02  0.0434118    20.0467 271.614565     1.6557      1.864     5.8729    298.748     5.1139 -9.990e-29
      1.825    20.1647 269.837404     1.8352 1.6657e+02     0.8439    80.9800 1.0037e+00 2.8946e+02  0.0434118    20.0436 271.523221     1.6557      1.861     5.8808    298.694     5.1175 -9.990e-29
      1.824    20.1696 269.921812     1.8364 1.6799e+02     0.8439    80.9800 1.0330e+00 2.8946e+02  0.0434118    20.0406 271.523225     1.6557      1.860     5.8886    298.755     5.1210 -9.990e-29
      1.823    20.1715 269.957987     1.8376 1.6846e+02     0.8452    80.9538 1.0513e+00 2.8946e+02  0.0434118    20.0396 271.614571     1.6557      1.859     5.8965    298.782     5.1238 -9.990e-29
      1.821    20.1734 269.885632     1.8388 1.6893e+02     0.8452    80.9538 1.0440e+00 2.8946e+02  0.0434118    20.0427 271.553671     1.6557      1.857     5.9046    298.690     5.1266 -9.990e-29
      1.818    20.1753 269.933866     1.8400 1.7037e+02     0.8439    80.9800 1.0769e+00 2.8946e+02  0.0434118    20.0559 271.614557     1.6557      1.854     5.9121    298.731     5.1282 -9.990e-29
      1.817    20.1771 269.909745     1.8413 1.7133e+02     0.8452    80.9538 1.0842e+00 2.8946e+02  0.0434118    20.0755 271.553641     1.6557      1.853     5.9198    298.692     5.1286 -9.990e-29
      1.815    20.1800 269.909744     1.8425 1.7133e+02     0.8452    80.9538 1.0440e+00 2.8946e+02  0.0434118    20.0936 271.584075     1.6569      1.851     5.9267    298.673     5.1339 -9.990e-29
      1.814    20.1849 269.921797     1.8437 1.7424e+02     0.8452    80.9538 1.0220e+00 2.8946e+02  0.0434118    20.1104 271.523162     1.6569      1.850     5.9331    298.654     5.1344 -9.990e-29
      1.813    20.1914 269.825323     1.8462 1.7523e+02     0.8477    80.9016 1.0549e+00 2.8946e+02  0.0434118    20.1254 271.553599     1.6569      1.849     5.9451    298.504     5.1349 -9.990e-29
      1.812    20.1933 269.885614     1.8462 1.7572e+02     0.8503    80.8493 1.1099e+00 2.8946e+02  0.0434118    20.1335 271.523142     1.6581      1.848     5.9462    298.558     5.1414 -9.990e-29
      1.813    20.1926 269.921791     1.8486 1.7523e+02     0.8503    80.8493 1.1538e+00 2.8946e+02  0.0434118    20.1402 271.431792     1.6581      1.849     5.9581    298.603     5.1429 -9.990e-29
      1.813    20.1975 269.873553     1.8498 1.7473e+02     0.8503    80.8493 1.1795e+00 2.8946e+02  0.0434118    20.1503 271.431784     1.6593      1.849     5.9642    298.517     5.1489 -9.990e-29
      1.814    20.1980 269.933844     1.8510 1.7473e+02     0.8503    80.8493 1.2088e+00 2.8946e+02  0.0434118    20.1573 271.492673     1.6593      1.850     5.9702    298.581     5.1498 -9.990e-29
      1.814    20.1968 269.885612     1.8535 1.6893e+02     0.8490    80.8754 1.2051e+00 2.8946e+02  0.0434118    20.1595 271.462224     1.6593      1.850     5.9818    298.535     5.1509 -9.990e-29
      1.815    20.1987 269.861492     1.8547 1.6517e+02     0.8503    80.8493 1.1429e+00 2.8946e+02  0.0434118    20.1649 271.431770     1.6606      1.851     5.9870    298.496     5.1570 -9.990e-29
      1.816    20.2027 269.933842     1.8559 1.6425e+02     0.8490    80.8754 1.0769e+00 2.8946e+02  0.0434118    20.1830 271.523100     1.6606      1.852     5.9918    298.550     5.1557 -9.990e-29
      1.816    20.2091 269.909719     1.8571 1.6104e+02     0.8490    80.8754 1.0403e+00 2.8946e+02  0.0434118    20.2041 271.401289     1.6606      1.852     5.9956    298.481     5.1540 -9.990e-29
      1.816    20.2163 269.970004     1.8584 1.5835e+02     0.8490    80.8754 1.0366e+00 2.8946e+02  0.0434118    20.2207 271.401272     1.6618      1.852     5.9990    298.500     5.1579 -9.990e-29
