data/05_metadata_exports/SeabirdData/202310_SeabirdData/88575_STN715.cnv
* Sea-Bird SBE 9 Data File:
* FileName = C:\Users\rosette\Rosette Data\2023\Ontario lower food web csmi\STN715.hex
* Software Version Seasave V 7.26.6.26
* Temperature SN = 5270
* Conductivity SN = 1168
* Number of Bytes Per Scan = 40
* Number of Voltage Words = 5
* Number of Scans Averaged by the Deck Unit = 1
* NMEA Latitude = 43 38.15 N
* NMEA Longitude = 076 58.16 W
* NMEA UTC (Time) = Sep 23 2023  21:56:18
* NMEA baud rate = 4800
** Ship: Lake Guardian
** Cruise: Ontario LFW
** Station:  STN715
# nquan = 18                                
# nvalues = 4237                        
# units = specified
# name 0 = prDM: Pressure, Digiquartz [db]
# name 1 = t090C: Temperature [ITS-90, deg C]
# name 2 = c0uS/cm: Conductivity [uS/cm]
# name 3 = sbeox0V: Oxygen raw, SBE 43 [V]
# name 4 = par: PAR/Irradiance, Biospherical/Licor
# name 5 = bat: Beam Attenuation, Chelsea/Seatech [1/m]
# name 6 = xmiss: Beam Transmission, Chelsea/Seatech [%]
# name 7 = flSP: Fluorescence, Seapoint
# name 8 = spar: SPAR, Biospherical/Licor
# name 9 = upoly0: Upoly 0, Suna Nitrate
# name 10 = t190C: Temperature, 2 [ITS-90, deg C]
# name 11 = c1uS/cm: Conductivity, 2 [uS/cm]
# name 12 = sbeox1V: Oxygen raw, SBE 43, 2 [V]
# name 13 = depFM: Depth [fresh water, m], lat = 43.6358
# name 14 = sbeox0Mg/L: Oxygen, SBE 43 [mg/l], WS = 2
# name 15 = specc: Specific Conductance [uS/cm]
# name 16 = sbeox1Mg/L: Oxygen, SBE 43, 2 [mg/l], WS = 2
# name 17 = flag: flag
# span 0 =  -5005.129,  32002.757       
# span 1 =    17.4336,    20.4652       
# span 2 =   4.245243, 2.2045e+04       
# span 3 =     0.0574,     2.7338       
# span 4 = 1.0000e-12, 4.5851e+02       
# span 5 =    -0.0285,    22.7381       
# span 6 =     0.3398,   100.7153       
# span 7 = 9.5238e-02, 1.2000e+01       
# span 8 = 1.0830e+02, 1.2865e+05       
# span 9 =  0.0413330,  0.9056922       
# span 10 =    17.3551,    55.2723      
# span 11 = -8.336e+03, 8.0964e+05      
# span 12 =     0.5433,     2.8205      
# span 13 =  -5103.810,  32633.723      
# span 14 = -3601.6590,  5057.7573      
# span 15 =      5.000,  24243.545      
# span 16 =-17837.0907,  3452.3562      
# span 17 = 0.0000e+00, 0.0000e+00      
# interval = seconds: 0.0416667
# start_time = Sep 23 2023 21:56:18 [NMEA time, header]
# bad_flag = -9.990e-29
*END*
[from data line 2895]
      1.840    20.1152 270.753953     1.9780 1.6517e+02     0.8374    81.1107 1.0549e+00 2.8749e+02  0.0434118    20.3072 271.888371     1.7949      1.876     6.3810    300.037     5.6661 -9.990e-29
      1.840    20.1154 270.753953     1.9780 1.6564e+02     0.8387    81.0845 1.0183e+00 2.8749e+02  0.0434118    20.3213 271.979705     1.7949      1.876     6.3789    300.036     5.6669 -9.990e-29
      1.841    20.1180 270.753951     1.9792 1.6704e+02     0.8387    81.0845 9.9634e-01 2.8749e+02  0.0434118    20.3353 271.949243     1.7949      1.877     6.3819    300.019     5.6679 -9.990e-29
      1.842    20.1246 270.766005     1.9780 1.6704e+02     0.8374    81.1107 1.0110e+00 2.8749e+02  0.0434118    20.3491 271.827437     1.7949      1.878     6.3736    299.988     5.6691 -9.990e-29
      1.843    20.1359 270.729815     1.9780 1.6751e+02     0.8374    81.1107 9.8901e-01 2.8749e+02  0.0434118    20.3621 271.857874     1.7949      1.879     6.3700    299.873     5.6704 -9.990e-29
      1.844    20.1481 270.741865     1.9780 1.6799e+02     0.8387    81.0845 9.8168e-01 2.8749e+02  0.0434118    20.3771 271.888310     1.7937      1.880     6.3665    299.805     5.6661 -9.990e-29
      1.845    20.1605 270.717734     1.9780 1.6846e+02     0.8374    81.1107 1.0110e+00 2.8749e+02  0.0434118    20.3901 271.918746     1.7937      1.881     6.3627    299.696     5.6680 -9.990e-29
      1.846    20.1753 270.753900     1.9780 1.6846e+02     0.8374    81.1107 1.0549e+00 2.8749e+02  0.0434118    20.3994 271.888289     1.7937      1.882     6.3586    299.638     5.6707 -9.990e-29
      1.847    20.1943 270.705644     1.9780 1.6941e+02     0.8374    81.1107 1.0659e+00 2.8749e+02  0.0434118    20.4059 271.949181     1.7937      1.883     6.3542    299.459     5.6733 -9.990e-29
      1.849    20.2144 270.693567     1.9780 1.6941e+02     0.8387    81.0845 1.0293e+00 2.8749e+02  0.0434118    20.4098 271.796935     1.7937      1.885     6.3499    299.312     5.6767 -9.990e-29
      1.851    20.2338 270.693551     1.9780 1.6989e+02     0.8387    81.0845 9.7070e-01 2.8749e+02  0.0434118    20.4131 271.827382     1.7937      1.887     6.3457    299.184     5.6801 -9.990e-29
      1.851    20.2514 270.753833     1.9768 1.6893e+02     0.8387    81.0845 9.7802e-01 2.8749e+02  0.0434118    20.4161 271.796929     1.7937      1.887     6.3364    299.134     5.6835 -9.990e-29
      1.851    20.2668 270.681461     1.9768 1.6846e+02     0.8400    81.0584 1.0696e+00 2.8749e+02  0.0434118    20.4189 271.918721     1.7937      1.887     6.3327    298.952     5.6868 -9.990e-29
      1.851    20.2801 270.741748     1.9768 1.6846e+02     0.8413    81.0323 1.0916e+00 2.8749e+02  0.0434118    20.4205 271.827374     1.7937      1.887     6.3291    298.931     5.6907 -9.990e-29
      1.851    20.2920 270.705558     1.9756 1.6611e+02     0.8413    81.0323 1.0733e+00 2.8749e+02  0.0434118    20.4161 271.888275     1.7937      1.887     6.3206    298.813     5.6952 -9.990e-29
      1.853    20.3031 270.705548     1.9756 1.6379e+02     0.8413    81.0323 1.0403e+00 2.8749e+02  0.0434118    20.4124 271.949175     1.7937      1.890     6.3169    298.739     5.6999 -9.990e-29
      1.854    20.3139 270.741720     1.9744 1.6379e+02     0.8400    81.0584 1.0183e+00 2.8749e+02  0.0434118    20.4130 271.888279     1.7937      1.891     6.3079    298.708     5.7039 -9.990e-29
      1.854    20.3239 270.705530     1.9731 1.6104e+02     0.8400    81.0584 1.0256e+00 2.8749e+02  0.0434118    20.4154 272.101417     1.7949      1.891     6.2987    298.602     5.7133 -9.990e-29
      1.854    20.3327 270.729642     1.9731 1.5702e+02     0.8400    81.0584 1.0403e+00 2.8749e+02  0.0434118    20.4198 271.949169     1.7949      1.891     6.2956    298.571     5.7171 -9.990e-29
      1.856    20.3412 270.753753     1.9731 1.5658e+02     0.8426    81.0061 1.0403e+00 2.8749e+02  0.0434118    20.4237 271.888267     1.7949      1.893     6.2923    298.542     5.7206 -9.990e-29
      1.860    20.3483 270.765809     1.9731 1.5658e+02     0.8413    81.0323 1.0110e+00 2.8749e+02  0.0434118    20.4263 271.979613     1.7949      1.897     6.2895    298.508     5.7246 -9.990e-29
      1.863    20.3542 270.753744     1.9719 1.5658e+02     0.8400    81.0584 9.8901e-01 2.8749e+02  0.0434118    20.4286 271.796920     1.7949      1.900     6.2815    298.456     5.7284 -9.990e-29
      1.864    20.3588 270.838158     1.9719 1.5614e+02     0.8413    81.0323 9.7436e-01 2.8749e+02  0.0434118    20.4314 271.827364     1.7949      1.901     6.2795    298.519     5.7319 -9.990e-29
      1.865    20.3624 270.801977     1.9707 1.5658e+02     0.8413    81.0323 9.5971e-01 2.8749e+02  0.0434118    20.4347 271.918708     1.7961      1.902     6.2719    298.455     5.7409 -9.990e-29
      1.866    20.3654 270.753733     1.9707 1.5790e+02     0.8400    81.0584 9.5604e-01 2.8749e+02  0.0434118    20.4368 271.888256     1.7973      1.903     6.2698    298.382     5.7497 -9.990e-29
      1.866    20.3672 270.826093     1.9695 1.5835e+02     0.8413    81.0323 9.8535e-01 2.8749e+02  0.0434118    20.4388 271.796911     1.7973      1.903     6.2627    298.450     5.7530 -9.990e-29
      1.866    20.3682 270.850210     1.9695 1.5879e+02     0.8413    81.0323 1.0220e+00 2.8749e+02  0.0434118    20.4407 271.796907     1.7973      1.903     6.2611    298.470     5.7560 -9.990e-29
      1.867    20.3684 270.814031     1.9683 1.6059e+02     0.8413    81.0323 1.0330e+00 2.8749e+02  0.0434118    20.4426 271.857803     1.7973      1.904     6.2546    298.429     5.7591 -9.990e-29
      1.868    20.3672 270.765793     1.9683 1.6104e+02     0.8413    81.0323 1.0476e+00 2.8749e+02  0.0434118    20.4442 271.705560     1.7985      1.905     6.2536    298.384     5.7677 -9.990e-29
      1.869    20.3647 270.789913     1.9683 1.6104e+02     0.8413    81.0323 1.0586e+00 2.8749e+02  0.0434118    20.4455 271.857800     1.7985      1.906     6.2529    298.427     5.7706 -9.990e-29
      1.869    20.3619 270.765797     1.9670 1.6195e+02     0.8413    81.0323 1.0879e+00 2.8749e+02  0.0434118    20.4455 271.949148     1.7998      1.906     6.2466    298.419     5.7788 -9.990e-29
      1.869    20.3578 270.765800     1.9670 1.6241e+02     0.8413    81.0323 1.1136e+00 2.8749e+02  0.0434118    20.4470 272.010042     1.8010      1.906     6.2461    298.446     5.7864 -9.990e-29
      1.869    20.3538 270.753745     1.9658 1.6287e+02     0.8426    81.0061 1.0952e+00 2.8749e+02  0.0434118    20.4477 272.040492     1.8010      1.906     6.2406    298.459     5.7885 -9.990e-29
      1.870    20.3503 270.753746     1.9658 1.6471e+02     0.8400    81.0584 1.0733e+00 2.8749e+02  0.0434118    20.4481 271.857798     1.8022      1.907     6.2403    298.482     5.7955 -9.990e-29
      1.870    20.3465 270.838171     1.9658 1.6611e+02     0.8400    81.0584 1.0549e+00 2.8749e+02  0.0434118    20.4488 271.857799     1.8034      1.907     6.2400    298.600     5.8026 -9.990e-29
      1.870    20.3436 270.753752     1.9646 1.6657e+02     0.8400    81.0584 1.0440e+00 2.8749e+02  0.0434118    20.4490 271.918694     1.8034      1.907     6.2347    298.526     5.8036 -9.990e-29
      1.870    20.3409 270.753756     1.9646 1.6704e+02     0.8400    81.0584 1.0037e+00 2.8749e+02  0.0434118    20.4495 272.010042     1.8046      1.907     6.2346    298.543     5.8100 -9.990e-29
      1.869    20.3391 270.777876     1.9634 1.6751e+02     0.8400    81.0584 9.7802e-01 2.8749e+02  0.0434118    20.4493 272.101387     1.8059      1.906     6.2292    298.582     5.8165 -9.990e-29
      1.869    20.3370 270.777879     1.9634 1.6799e+02     0.8400    81.0584 9.7802e-01 2.8749e+02  0.0434118    20.4499 272.040490     1.8059      1.906     6.2290    298.596     5.8168 -9.990e-29
      1.868    20.3346 270.753760     1.9621 1.6564e+02     0.8400    81.0584 9.5238e-01 2.8749e+02  0.0434118    20.4493 271.949143     1.8071      1.905     6.2232    298.585     5.8222 -9.990e-29
      1.868    20.3321 270.765824     1.9609 1.6379e+02     0.8400    81.0584 9.3773e-01 2.8749e+02  0.0434118    20.4488 272.010042     1.8083      1.905     6.2182    298.615     5.8276 -9.990e-29
      1.867    20.3288 270.802005     1.9597 1.6333e+02     0.8387    81.0845 9.5604e-01 2.8749e+02  0.0434118    20.4479 271.949144     1.8095      1.904     6.2130    298.676     5.8323 -9.990e-29
      1.867    20.3240 270.814070     1.9597 1.6150e+02     0.8387    81.0845 1.0183e+00 2.8749e+02  0.0434118    20.4469 271.888248     1.8107      1.904     6.2131    298.721     5.8375 -9.990e-29
      1.868    20.3192 270.838195     1.9585 1.5879e+02     0.8413    81.0323 1.0366e+00 2.8749e+02  0.0434118    20.4449 271.918699     1.8107      1.905     6.2079    298.780     5.8370 -9.990e-29
      1.868    20.3133 270.741719     1.9585 1.5835e+02     0.8400    81.0584 1.0147e+00 2.8749e+02  0.0429961    20.4412 272.010047     1.8120      1.905     6.2085    298.712     5.8422 -9.990e-29
      1.868    20.3074 270.753786     1.9573 1.5790e+02     0.8413    81.0323 9.6703e-01 2.8749e+02  0.0434118    20.4363 272.040502     1.8120      1.905     6.2039    298.764     5.8414 -9.990e-29
      1.868    20.3016 270.802029     1.9573 1.5658e+02     0.8400    81.0584 9.3407e-01 2.8749e+02  0.0434118    20.4316 272.070954     1.8132      1.905     6.2044    298.856     5.8455 -9.990e-29
      1.868    20.2960 270.789975     1.9560 1.5658e+02     0.8387    81.0845 9.4505e-01 2.8749e+02  0.0434118    20.4272 272.010061     1.8144      1.905     6.1993    298.879     5.8493 -9.990e-29
      1.868    20.2910 270.874398     1.9560 1.5614e+02     0.8413    81.0323 1.0037e+00 2.8749e+02  0.0434118    20.4238 272.010063     1.8144      1.905     6.1998    299.006     5.8476 -9.990e-29
      1.867    20.2861 270.862344     1.9548 1.5482e+02     0.8400    81.0584 1.0256e+00 2.8749e+02  0.0429961    20.4207 271.949170     1.8156      1.904     6.1954    299.025     5.8513 -9.990e-29
      1.866    20.2817 270.850286     1.9548 1.5396e+02     0.8400    81.0584 9.9634e-01 2.8749e+02  0.0434118    20.4191 272.040516     1.8156      1.903     6.1958    299.040     5.8491 -9.990e-29
      1.866    20.2779 270.789990     1.9536 1.5439e+02     0.8400    81.0584 9.8535e-01 2.8749e+02  0.0434118    20.4175 272.010068     1.8168      1.903     6.1912    298.999     5.8519 -9.990e-29
      1.866    20.2747 270.826174     1.9536 1.5570e+02     0.8413    81.0323 9.9267e-01 2.8749e+02  0.0434118    20.4163 271.949173     1.8181      1.903     6.1914    299.060     5.8548 -9.990e-29
      1.867    20.2719 270.814115     1.9536 1.5614e+02     0.8413    81.0323 9.9267e-01 2.8749e+02  0.0434118    20.4154 272.010070     1.8181      1.904     6.1920    299.065     5.8520 -9.990e-29
      1.867    20.2696 270.838238     1.9524 1.5614e+02     0.8413    81.0323 9.8901e-01 2.8749e+02  0.0434118    20.4145 271.979624     1.8181      1.904     6.1876    299.107     5.8488 -9.990e-29
      1.868    20.2681 270.814118     1.9512 1.5879e+02     0.8413    81.0323 9.6337e-01 2.8749e+02  0.0434118    20.4143 272.010071     1.8193      1.905     6.1831    299.090     5.8510 -9.990e-29
      1.870    20.2668 270.850298     1.9512 1.6059e+02     0.8413    81.0323 9.5971e-01 2.8749e+02  0.0434118    20.4138 271.949173     1.8193      1.907     6.1837    299.139     5.8485 -9.990e-29
      1.874    20.2658 270.777943     1.9499 1.6059e+02     0.8426    81.0061 9.8535e-01 2.8749e+02  0.0434118    20.4138 271.888280     1.8193      1.911     6.1787    299.066     5.8456 -9.990e-29
      1.875    20.2653 270.838242     1.9487 1.6287e+02     0.8413    81.0323 9.8901e-01 2.8749e+02  0.0434118    20.4145 271.949175     1.8205      1.912     6.1744    299.135     5.8480 -9.990e-29
      1.875    20.2642 270.826182     1.9487 1.6471e+02     0.8426    81.0061 9.8901e-01 2.8749e+02  0.0434118    20.4168 271.949171     1.8193      1.912     6.1757    299.129     5.8393 -9.990e-29
      1.876    20.2640 270.777944     1.9487 1.6471e+02     0.8413    81.0323 1.0659e+00 2.8749e+02  0.0434118    20.4193 271.888273     1.8205      1.913     6.1765    299.077     5.8415 -9.990e-29
      1.877    20.2626 270.826183     1.9475 1.6704e+02     0.8426    81.0061 1.1172e+00 2.8749e+02  0.0434118    20.4230 272.070961     1.8205      1.914     6.1726    299.140     5.8382 -9.990e-29
      1.879    20.2602 270.850307     1.9463 1.6846e+02     0.8413    81.0323 1.1062e+00 2.8749e+02  0.0434118    20.4270 272.101408     1.8205      1.916     6.1688    299.183     5.8352 -9.990e-29
      1.880    20.2567 270.814130     1.9463 1.6893e+02     0.8413    81.0323 1.0549e+00 2.8749e+02  0.0434118    20.4300 272.040508     1.8205      1.917     6.1703    299.166     5.8320 -9.990e-29
      1.880    20.2521 270.850313     1.9463 1.6893e+02     0.8413    81.0323 9.8901e-01 2.8749e+02  0.0434118    20.4316 272.040505     1.8217      1.917     6.1723    299.236     5.8341 -9.990e-29
      1.881    20.2474 270.802078     1.9451 1.6893e+02     0.8413    81.0323 9.5604e-01 2.8749e+02  0.0434118    20.4328 272.131852     1.8205      1.918     6.1690    299.214     5.8258 -9.990e-29
      1.882    20.2425 270.850321     1.9451 1.6846e+02     0.8413    81.0323 9.7436e-01 2.8749e+02  0.0434118    20.4328 272.010055     1.8217      1.919     6.1709    299.300     5.8285 -9.990e-29
      1.883    20.2380 270.850326     1.9438 1.6751e+02     0.8413    81.0323 1.0403e+00 2.8749e+02  0.0434118    20.4342 271.949158     1.8217      1.920     6.1673    299.329     5.8259 -9.990e-29
      1.885    20.2338 270.850330     1.9438 1.6564e+02     0.8426    81.0061 1.1282e+00 2.8749e+02  0.0434118    20.4365 271.949156     1.8217      1.922     6.1689    299.357     5.8231 -9.990e-29
      1.886    20.2298 270.862394     1.9426 1.6517e+02     0.8413    81.0323 1.2234e+00 2.8749e+02  0.0434118    20.4395 272.010051     1.8217      1.923     6.1656    299.397     5.8205 -9.990e-29
      1.885    20.2268 270.826216     1.9426 1.6517e+02     0.8413    81.0323 1.3004e+00 2.8749e+02  0.0434118    20.4414 272.070946     1.8217      1.922     6.1676    299.377     5.8179 -9.990e-29
      1.884    20.2245 270.838277     1.9414 1.6517e+02     0.8413    81.0323 1.3040e+00 2.8749e+02  0.0434118    20.4423 272.040496     1.8217      1.921     6.1646    299.405     5.8153 -9.990e-29
      1.884    20.2209 270.850341     1.9414 1.6517e+02     0.8426    81.0061 1.2674e+00 2.8749e+02  0.0434118    20.4425 272.223191     1.8217      1.921     6.1669    299.443     5.8131 -9.990e-29
      1.883    20.2160 270.850346     1.9414 1.6564e+02     0.8465    80.9277 1.2381e+00 2.8749e+02  0.0434118    20.4418 272.131844     1.8217      1.920     6.1695    299.475     5.8109 -9.990e-29
      1.881    20.2094 270.862410     1.9402 1.6657e+02     0.8477    80.9016 1.1941e+00 2.8749e+02  0.0434118    20.4407 272.101394     1.8217      1.918     6.1669    299.532     5.8087 -9.990e-29
      1.881    20.2015 270.850358     1.9402 1.6704e+02     0.8503    80.8493 1.1429e+00 2.8749e+02  0.0434118    20.4398 272.040499     1.8217      1.918     6.1704    299.571     5.8065 -9.990e-29
      1.881    20.1917 270.814187     1.9389 1.6704e+02     0.8490    80.8754 1.1099e+00 2.8749e+02  0.0434118    20.4396 272.101397     1.8217      1.918     6.1682    299.596     5.8045 -9.990e-29
      1.880    20.1817 270.886554     1.9389 1.6893e+02     0.8490    80.8754 1.1172e+00 2.8749e+02  0.0434118    20.4400 271.979600     1.8217      1.917     6.1719    299.743     5.8028 -9.990e-29
      1.880    20.1715 270.802145     1.9389 1.6941e+02     0.8490    80.8754 1.1538e+00 2.8749e+02  0.0434118    20.4398 272.010050     1.8217      1.917     6.1763    299.717     5.8008 -9.990e-29
