data/05_metadata_exports/SeabirdData/202310_SeabirdData/88575_STN715.cnv
* Sea-Bird SBE 9 Data File:
* FileName = C:\Users\rosette\Rosette Data\2023\Ontario lower food web csmi\STN715.hex
* Software Version Seasave V 7.26.6.26
* Temperature SN = 5270
* Conductivity SN = 1168
* Number of Bytes Per Scan = 40
* Number of Voltage Words = 5
* Number of Scans Averaged by the Deck Unit = 1
* NMEA Latitude = 43 38.15 N
* NMEA Longitude = 076 58.16 W
* NMEA UTC (Time) = Sep 23 2023  21:56:18
* NMEA baud rate = 4800
** Ship: Lake Guardian
** Cruise: Ontario LFW
** Station:  STN715
# nquan = 18                                
# nvalues = 4237                        
# units = specified
# name 0 = prDM: Pressure, Digiquartz [db]
# name 1 = t090C: Temperature [ITS-90, deg C]
# name 2 = c0uS/cm: Conductivity [uS/cm]
# name 3 = sbeox0V: Oxygen raw, SBE 43 [V]
# name 4 = par: PAR/Irradiance, Biospherical/Licor
# name 5 = bat: Beam Attenuation, Chelsea/Seatech [1/m]
# name 6 = xmiss: Beam Transmission, Chelsea/Seatech [%]
# name 7 = flSP: Fluorescence, Seapoint
# name 8 = spar: SPAR, Biospherical/Licor
# name 9 = upoly0: Upoly 0, Suna Nitrate
# name 10 = t190C: Temperature, 2 [ITS-90, deg C]
# name 11 = c1uS/cm: Conductivity, 2 [uS/cm]
# name 12 = sbeox1V: Oxygen raw, SBE 43, 2 [V]
# name 13 = depFM: Depth [fresh water, m], lat = 43.6358
# name 14 = sbeox0Mg/L: Oxygen, SBE 43 [mg/l], WS = 2
# name 15 = specc: Specific Conductance [uS/cm]
# name 16 = sbeox1Mg/L: Oxygen, SBE 43, 2 [mg/l], WS = 2
# name 17 = flag: flag
# span 0 =  -5005.129,  32002.757       
# span 1 =    17.4336,    20.4652       
# span 2 =   4.245243, 2.2045e+04       
# span 3 =     0.0574,     2.7338       
# span 4 = 1.0000e-12, 4.5851e+02       
# span 5 =    -0.0285,    22.7381       
# span 6 =     0.3398,   100.7153       
# span 7 = 9.5238e-02, 1.2000e+01       
# span 8 = 1.0830e+02, 1.2865e+05       
# span 9 =  0.0413330,  0.9056922       
# span 10 =    17.3551,    55.2723      
# span 11 = -8.336e+03, 8.0964e+05      
# span 12 =     0.5433,     2.8205      
# span 13 =  -5103.810,  32633.723      
# span 14 = -3601.6590,  5057.7573      
# span 15 =      5.000,  24243.545      
# span 16 =-17837.0907,  3452.3562      
# span 17 = 0.0000e+00, 0.0000e+00      
# interval = seconds: 0.0416667
# start_time = Sep 23 2023 21:56:18 [NMEA time, header]
# bad_flag = -9.990e-29
*END*
[from data line 3217]
      1.843    20.4643 274.239642     2.5360 1.6799e+02     0.8387    81.0845 9.8535e-01 2.8749e+02  0.0550530    20.4616 275.329204     2.5104      1.879     8.8524    301.566     8.9323 -9.990e-29
      1.840    20.4643 274.215513     2.5360 1.6846e+02     0.8374    81.1107 9.8535e-01 2.8749e+02  0.0550530    20.4623 275.329203     2.5116      1.876     8.8495    301.540     8.9346 -9.990e-29
      1.837    20.4643 274.227578     2.5372 1.6893e+02     0.8374    81.1107 9.6703e-01 2.8749e+02  0.0550530    20.4618 275.268297     2.5116      1.873     8.8522    301.553     8.9321 -9.990e-29
      1.833    20.4641 274.263771     2.5385 1.6989e+02     0.8374    81.1107 9.7070e-01 2.8749e+02  0.0554688    20.4621 275.359657     2.5116      1.869     8.8557    301.594     8.9299 -9.990e-29
      1.829    20.4643 274.275835     2.5385 1.7037e+02     0.8387    81.0845 9.7802e-01 2.8749e+02  0.0550530    20.4620 275.390109     2.5128      1.865     8.8538    301.606     8.9327 -9.990e-29
      1.828    20.4643 274.227577     2.5397 1.6989e+02     0.8374    81.1107 9.8901e-01 2.8749e+02  0.0546373    20.4616 275.390111     2.5128      1.864     8.8571    301.553     8.9303 -9.990e-29
      1.826    20.4641 274.179319     2.5397 1.6941e+02     0.8374    81.1107 1.0586e+00 2.8749e+02  0.0546373    20.4620 275.298750     2.5140      1.862     8.8549    301.501     8.9338 -9.990e-29
      1.823    20.4643 274.215513     2.5409 1.6941e+02     0.8374    81.1107 1.2418e+00 2.8749e+02  0.0550530    20.4623 275.298750     2.5140      1.859     8.8578    301.540     8.9317 -9.990e-29
      1.821    20.4643 274.191382     2.5409 1.6893e+02     0.8387    81.0845 1.2637e+00 2.8749e+02  0.0554688    20.4623 275.329202     2.5140      1.857     8.8560    301.513     8.9293 -9.990e-29
      1.819    20.4643 274.251707     2.5421 1.6799e+02     0.8374    81.1107 1.1429e+00 2.8749e+02  0.0550530    20.4623 275.268297     2.5153      1.855     8.8590    301.580     8.9327 -9.990e-29
      1.817    20.4644 274.227576     2.5421 1.6799e+02     0.8387    81.0845 1.0806e+00 2.8749e+02  0.0546373    20.4619 275.237842     2.5153      1.853     8.8572    301.552     8.9305 -9.990e-29
      1.815    20.4643 274.251707     2.5421 1.6799e+02     0.8387    81.0845 1.0989e+00 2.8749e+02  0.0550530    20.4622 275.237843     2.5153      1.851     8.8555    301.580     8.9295 -9.990e-29
      1.814    20.4643 274.239641     2.5433 1.6751e+02     0.8374    81.1107 1.1209e+00 2.8749e+02  0.0550530    20.4622 275.298748     2.5153      1.850     8.8590    301.566     8.9277 -9.990e-29
      1.813    20.4644 274.239642     2.5433 1.6751e+02     0.8387    81.0845 1.1245e+00 2.8749e+02  0.0550530    20.4624 275.329203     2.5165      1.849     8.8571    301.566     8.9314 -9.990e-29
      1.812    20.4643 274.191382     2.5433 1.6751e+02     0.8400    81.0584 1.0952e+00 2.8749e+02  0.0550530    20.4623 275.359655     2.5165      1.848     8.8553    301.513     8.9304 -9.990e-29
      1.812    20.4643 274.203448     2.5446 1.6799e+02     0.8413    81.0323 1.0513e+00 2.8749e+02  0.0546373    20.4623 275.329203     2.5177      1.848     8.8588    301.527     8.9347 -9.990e-29
      1.811    20.4643 274.227576     2.5446 1.6846e+02     0.8413    81.0323 1.0147e+00 2.8749e+02  0.0546373    20.4626 275.268294     2.5177      1.847     8.8572    301.553     8.9334 -9.990e-29
      1.812    20.4641 274.239641     2.5458 1.6799e+02     0.8413    81.0323 9.7070e-01 2.8749e+02  0.0546373    20.4623 275.298748     2.5177      1.848     8.8609    301.568     8.9320 -9.990e-29
      1.813    20.4639 274.239642     2.5446 1.6799e+02     0.8413    81.0323 9.3407e-01 2.8749e+02  0.0550530    20.4620 275.329203     2.5189      1.849     8.8544    301.569     8.9359 -9.990e-29
      1.814    20.4639 274.263772     2.5446 1.6751e+02     0.8413    81.0323 9.1575e-01 2.8749e+02  0.0554688    20.4623 275.390110     2.5189      1.850     8.8535    301.595     8.9346 -9.990e-29
      1.814    20.4643 274.312029     2.5446 1.6751e+02     0.8400    81.0584 9.0842e-01 2.8749e+02  0.0550530    20.4623 275.390109     2.5189      1.850     8.8520    301.646     8.9335 -9.990e-29
      1.814    20.4639 274.287901     2.5458 1.6657e+02     0.8413    81.0323 9.1575e-01 2.8749e+02  0.0550530    20.4622 275.390110     2.5189      1.850     8.8564    301.622     8.9322 -9.990e-29
      1.814    20.4643 274.239641     2.5458 1.6564e+02     0.8400    81.0584 9.1941e-01 2.8749e+02  0.0550530    20.4624 275.329201     2.5189      1.850     8.8551    301.566     8.9310 -9.990e-29
      1.816    20.4641 274.239642     2.5470 1.6564e+02     0.8413    81.0323 9.3773e-01 2.8749e+02  0.0550530    20.4625 275.390110     2.5201      1.852     8.8598    301.568     8.9354 -9.990e-29
      1.817    20.4643 274.239641     2.5470 1.6564e+02     0.8413    81.0323 9.8535e-01 2.8749e+02  0.0546373    20.4623 275.268295     2.5201      1.853     8.8585    301.566     8.9343 -9.990e-29
      1.819    20.4644 274.275834     2.5470 1.6564e+02     0.8400    81.0584 9.7436e-01 2.8749e+02  0.0550530    20.4622 275.481470     2.5201      1.855     8.8575    301.605     8.9334 -9.990e-29
      1.824    20.4646 274.275836     2.5482 1.6564e+02     0.8413    81.0323 9.7070e-01 2.8749e+02  0.0550530    20.4624 275.390110     2.5201      1.860     8.8614    301.604     8.9326 -9.990e-29
      1.828    20.4646 274.227577     2.5482 1.6517e+02     0.8413    81.0323 9.5604e-01 2.8749e+02  0.0550530    20.4622 275.481471     2.5214      1.864     8.8603    301.551     8.9375 -9.990e-29
      1.832    20.4644 274.251706     2.5495 1.6517e+02     0.8400    81.0584 9.4872e-01 2.8749e+02  0.0546373    20.4622 275.359657     2.5214      1.868     8.8651    301.579     8.9363 -9.990e-29
      1.835    20.4646 274.275836     2.5495 1.6517e+02     0.8413    81.0323 9.7802e-01 2.8749e+02  0.0550530    20.4623 275.390110     2.5214      1.871     8.8637    301.604     8.9354 -9.990e-29
      1.838    20.4644 274.275836     2.5495 1.6517e+02     0.8413    81.0323 1.0366e+00 2.8749e+02  0.0546373    20.4629 275.390110     2.5226      1.874     8.8628    301.605     8.9399 -9.990e-29
      1.841    20.4643 274.239643     2.5495 1.6425e+02     0.8400    81.0584 1.1429e+00 2.8749e+02  0.0546373    20.4622 275.390111     2.5226      1.877     8.8615    301.566     8.9395 -9.990e-29
      1.843    20.4641 274.215513     2.5495 1.6379e+02     0.8413    81.0323 1.1319e+00 2.8749e+02  0.0550530    20.4619 275.329203     2.5226      1.879     8.8607    301.541     8.9389 -9.990e-29
      1.846    20.4644 274.251706     2.5495 1.6379e+02     0.8413    81.0323 1.0733e+00 2.8749e+02  0.0550530    20.4620 275.329203     2.5226      1.882     8.8594    301.579     8.9380 -9.990e-29
      1.849    20.4646 274.227577     2.5495 1.6379e+02     0.8426    81.0061 1.0110e+00 2.8749e+02  0.0550530    20.4622 275.420564     2.5226      1.885     8.8582    301.551     8.9373 -9.990e-29
      1.853    20.4648 274.179318     2.5507 1.6333e+02     0.8426    81.0061 1.0110e+00 2.8749e+02  0.0550530    20.4621 275.481471     2.5238      1.890     8.8622    301.497     8.9422 -9.990e-29
      1.857    20.4646 274.215514     2.5507 1.6333e+02     0.8426    81.0061 1.0147e+00 2.8749e+02  0.0550530    20.4618 275.359659     2.5238      1.894     8.8610    301.538     8.9417 -9.990e-29
      1.861    20.4648 274.239641     2.5495 1.6425e+02     0.8413    81.0323 1.0110e+00 2.8749e+02  0.0558845    20.4618 275.329203     2.5238      1.898     8.8550    301.563     8.9409 -9.990e-29
      1.864    20.4648 274.239643     2.5495 1.6471e+02     0.8426    81.0061 1.0256e+00 2.8749e+02  0.0554688    20.4621 275.268298     2.5250      1.901     8.8541    301.563     8.9461 -9.990e-29
      1.867    20.4648 274.215513     2.5495 1.6471e+02     0.8426    81.0061 1.0403e+00 2.8749e+02  0.0546373    20.4622 275.298750     2.5250      1.904     8.8532    301.536     8.9457 -9.990e-29
      1.869    20.4648 274.215512     2.5507 1.6611e+02     0.8439    80.9800 1.0366e+00 2.8749e+02  0.0554688    20.4618 275.420564     2.5250      1.906     8.8577    301.536     8.9457 -9.990e-29
      1.873    20.4652 274.275837     2.5507 1.6751e+02     0.8426    81.0061 1.0476e+00 2.8552e+02  0.0558845    20.4616 275.359659     2.5250      1.910     8.8568    301.600     8.9455 -9.990e-29
      1.876    20.4648 274.251708     2.5507 1.6751e+02     0.8426    81.0061 1.0513e+00 2.8749e+02  0.0550530    20.4619 275.420566     2.5250      1.913     8.8564    301.576     8.9454 -9.990e-29
      1.878    20.4648 274.239641     2.5519 1.6893e+02     0.8426    81.0061 1.0440e+00 2.8749e+02  0.0546373    20.4616 275.207390     2.5250      1.915     8.8606    301.563     8.9456 -9.990e-29
      1.881    20.4649 274.215514     2.5507 1.7085e+02     0.8426    81.0061 1.0073e+00 2.8749e+02  0.0550530    20.4616 275.298752     2.5250      1.918     8.8543    301.536     8.9456 -9.990e-29
      1.885    20.4648 274.227578     2.5519 1.7133e+02     0.8426    81.0061 9.5971e-01 2.8552e+02  0.0554688    20.4616 275.329205     2.5250      1.922     8.8584    301.550     8.9451 -9.990e-29
      1.887    20.4649 274.215514     2.5519 1.7229e+02     0.8426    81.0061 9.4139e-01 2.8552e+02  0.0550530    20.4615 275.207392     2.5250      1.924     8.8574    301.536     8.9448 -9.990e-29
      1.888    20.4649 274.251706     2.5531 1.7375e+02     0.8426    81.0061 9.4139e-01 2.8552e+02  0.0542215    20.4616 275.268297     2.5263      1.925     8.8620    301.576     8.9501 -9.990e-29
      1.891    20.4648 274.227578     2.5519 1.7424e+02     0.8426    81.0061 9.3040e-01 2.8749e+02  0.0546373    20.4619 275.268298     2.5250      1.928     8.8564    301.550     8.9440 -9.990e-29
      1.895    20.4648 274.215514     2.5531 1.7473e+02     0.8426    81.0061 8.9377e-01 2.8552e+02  0.0554688    20.4615 275.298752     2.5263      1.932     8.8611    301.536     8.9495 -9.990e-29
      1.898    20.4644 274.227579     2.5531 1.7523e+02     0.8426    81.0061 8.7179e-01 2.8749e+02  0.0554688    20.4615 275.329205     2.5263      1.935     8.8606    301.552     8.9494 -9.990e-29
      1.900    20.4644 274.239645     2.5531 1.7523e+02     0.8426    81.0061 9.0476e-01 2.8749e+02  0.0550530    20.4617 275.390114     2.5263      1.937     8.8603    301.566     8.9491 -9.990e-29
      1.901    20.4641 274.215514     2.5531 1.7473e+02     0.8426    81.0061 1.0183e+00 2.8749e+02  0.0550530    20.4615 275.420566     2.5263      1.938     8.8599    301.541     8.9492 -9.990e-29
      1.900    20.4641 274.299967     2.5519 1.7229e+02     0.8439    80.9800 1.0623e+00 2.8749e+02  0.0550530    20.4616 275.420566     2.5263      1.937     8.8546    301.634     8.9490 -9.990e-29
      1.900    20.4641 274.299966     2.5531 1.7085e+02     0.8490    80.8754 1.0440e+00 2.8749e+02  0.0550530    20.4616 275.329204     2.5275      1.937     8.8597    301.634     8.9540 -9.990e-29
      1.902    20.4639 274.275838     2.5519 1.7037e+02     0.8542    80.7709 1.0000e+00 2.8749e+02  0.0550530    20.4616 275.329205     2.5275      1.939     8.8544    301.609     8.9540 -9.990e-29
      1.904    20.4643 274.239645     2.5531 1.6517e+02     0.8568    80.7186 9.6703e-01 2.8749e+02  0.0554688    20.4611 275.390114     2.5275      1.942     8.8593    301.566     8.9539 -9.990e-29
      1.905    20.4639 274.275838     2.5519 1.6287e+02     0.8555    80.7447 9.7802e-01 2.8552e+02  0.0554688    20.4611 275.390113     2.5275      1.943     8.8538    301.609     8.9536 -9.990e-29
      1.905    20.4643 274.251708     2.5519 1.6241e+02     0.8555    80.7447 1.0037e+00 2.8552e+02  0.0550530    20.4614 275.298752     2.5275      1.943     8.8538    301.580     8.9531 -9.990e-29
      1.905    20.4639 274.263773     2.5519 1.5879e+02     0.8542    80.7709 1.0000e+00 2.8749e+02  0.0550530    20.4613 275.359659     2.5287      1.943     8.8538    301.595     8.9579 -9.990e-29
      1.906    20.4637 274.239644     2.5519 1.5658e+02     0.8555    80.7447 1.0293e+00 2.8552e+02  0.0550530    20.4613 275.390113     2.5287      1.944     8.8540    301.570     8.9576 -9.990e-29
      1.907    20.4639 274.239644     2.5531 1.5658e+02     0.8568    80.7186 1.1282e+00 2.8552e+02  0.0550530    20.4614 275.329206     2.5287      1.945     8.8594    301.569     8.9576 -9.990e-29
      1.909    20.4637 274.239644     2.5531 1.5309e+02     0.8555    80.7447 1.2454e+00 2.8552e+02  0.0550530    20.4606 275.207393     2.5299      1.947     8.8592    301.570     8.9625 -9.990e-29
      1.910    20.4636 274.263775     2.5531 1.5095e+02     0.8555    80.7447 1.3077e+00 2.8552e+02  0.0550530    20.4609 275.268300     2.5299      1.948     8.8589    301.597     8.9626 -9.990e-29
      1.909    20.4632 274.227580     2.5531 1.5053e+02     0.8555    80.7447 1.2930e+00 2.8552e+02  0.0558845    20.4612 275.237845     2.5299      1.947     8.8585    301.560     8.9622 -9.990e-29
      1.909    20.4632 274.227580     2.5531 1.4843e+02     0.8555    80.7447 1.1941e+00 2.8552e+02  0.0550530    20.4611 275.359659     2.5299      1.947     8.8584    301.560     8.9617 -9.990e-29
      1.909    20.4630 274.263774     2.5531 1.4635e+02     0.8555    80.7447 1.0769e+00 2.8552e+02  0.0550530    20.4609 275.420566     2.5311      1.947     8.8583    301.601     8.9665 -9.990e-29
      1.910    20.4632 274.275839     2.5531 1.4594e+02     0.8555    80.7447 9.8901e-01 2.8552e+02  0.0550530    20.4613 275.268299     2.5311      1.948     8.8580    301.613     8.9658 -9.990e-29
      1.911    20.4630 274.227581     2.5531 1.4718e+02     0.8555    80.7447 9.7802e-01 2.8552e+02  0.0550530    20.4607 275.298754     2.5311      1.949     8.8578    301.562     8.9651 -9.990e-29
      1.911    20.4627 274.227581     2.5531 1.4843e+02     0.8555    80.7447 9.9634e-01 2.8552e+02  0.0546373    20.4604 275.268300     2.5299      1.949     8.8575    301.564     8.9590 -9.990e-29
      1.910    20.4629 274.215516     2.5531 1.4884e+02     0.8568    80.7186 1.0147e+00 2.8552e+02  0.0550530    20.4606 275.451020     2.5311      1.948     8.8575    301.549     8.9637 -9.990e-29
      1.910    20.4630 274.215515     2.5543 1.5095e+02     0.8555    80.7447 1.0403e+00 2.8552e+02  0.0554688    20.4610 275.329206     2.5311      1.948     8.8626    301.548     8.9625 -9.990e-29
      1.909    20.4630 274.215517     2.5543 1.5482e+02     0.8555    80.7447 1.0549e+00 2.8552e+02  0.0554688    20.4609 275.298754     2.5311      1.947     8.8629    301.548     8.9618 -9.990e-29
      1.908    20.4630 274.251709     2.5543 1.5614e+02     0.8555    80.7447 1.0256e+00 2.8552e+02  0.0550530    20.4613 275.329206     2.5311      1.946     8.8627    301.588     8.9608 -9.990e-29
      1.906    20.4630 274.227580     2.5543 1.5790e+02     0.8568    80.7186 9.8901e-01 2.8552e+02  0.0550530    20.4607 275.359660     2.5324      1.944     8.8629    301.562     8.9661 -9.990e-29
      1.904    20.4632 274.215515     2.5543 1.6379e+02     0.8581    80.6924 9.4872e-01 2.8552e+02  0.0550530    20.4611 275.329206     2.5324      1.942     8.8630    301.547     8.9650 -9.990e-29
      1.903    20.4634 274.227580     2.5543 1.6611e+02     0.8594    80.6663 9.3407e-01 2.8552e+02  0.0550530    20.4602 275.268300     2.5324      1.941     8.8631    301.559     8.9641 -9.990e-29
      1.902    20.4632 274.239644     2.5543 1.6657e+02     0.8581    80.6924 9.3407e-01 2.8552e+02  0.0554688    20.4601 275.359660     2.5324      1.939     8.8632    301.574     8.9629 -9.990e-29
      1.900    20.4634 274.239644     2.5543 1.7037e+02     0.8581    80.6924 9.8901e-01 2.8552e+02  0.0554688    20.4606 275.390113     2.5324      1.937     8.8629    301.572     8.9619 -9.990e-29
