data/05_metadata_exports/SeabirdData/202310_SeabirdData/88575_STN715.cnv
* Sea-Bird SBE 9 Data File:
* FileName = C:\Users\rosette\Rosette Data\2023\Ontario lower food web csmi\STN715.hex
* Software Version Seasave V 7.26.6.26
* Temperature SN = 5270
* Conductivity SN = 1168
* Number of Bytes Per Scan = 40
* Number of Voltage Words = 5
* Number of Scans Averaged by the Deck Unit = 1
* NMEA Latitude = 43 38.15 N
* NMEA Longitude = 076 58.16 W
* NMEA UTC (Time) = Sep 23 2023  21:56:18
* NMEA baud rate = 4800
** Ship: Lake Guardian
** Cruise: Ontario LFW
** Station:  STN715
# nquan = 18                                
# nvalues = 4237                        
# units = specified
# name 0 = prDM: Pressure, Digiquartz [db]
# name 1 = t090C: Temperature [ITS-90, deg C]
# name 2 = c0uS/cm: Conductivity [uS/cm]
# name 3 = sbeox0V: Oxygen raw, SBE 43 [V]
# name 4 = par: PAR/Irradiance, Biospherical/Licor
# name 5 = bat: Beam Attenuation, Chelsea/Seatech [1/m]
# name 6 = xmiss: Beam Transmission, Chelsea/Seatech [%]
# name 7 = flSP: Fluorescence, Seapoint
# name 8 = spar: SPAR, Biospherical/Licor
# name 9 = upoly0: Upoly 0, Suna Nitrate
# name 10 = t190C: Temperature, 2 [ITS-90, deg C]
# name 11 = c1uS/cm: Conductivity, 2 [uS/cm]
# name 12 = sbeox1V: Oxygen raw, SBE 43, 2 [V]
# name 13 = depFM: Depth [fresh water, m], lat = 43.6358
# name 14 = sbeox0Mg/L: Oxygen, SBE 43 [mg/l], WS = 2
# name 15 = specc: Specific Conductance [uS/cm]
# name 16 = sbeox1Mg/L: Oxygen, SBE 43, 2 [mg/l], WS = 2
# name 17 = flag: flag
# span 0 =  -5005.129,  32002.757       
# span 1 =    17.4336,    20.4652       
# span 2 =   4.245243, 2.2045e+04       
# span 3 =     0.0574,     2.7338       
# span 4 = 1.0000e-12, 4.5851e+02       
# span 5 =    -0.0285,    22.7381       
# span 6 =     0.3398,   100.7153       
# span 7 = 9.5238e-02, 1.2000e+01       
# span 8 = 1.0830e+02, 1.2865e+05       
# span 9 =  0.0413330,  0.9056922       
# span 10 =    17.3551,    55.2723      
# span 11 = -8.336e+03, 8.0964e+05      
# span 12 =     0.5433,     2.8205      
# span 13 =  -5103.810,  32633.723      
# span 14 = -3601.6590,  5057.7573      
# span 15 =      5.000,  24243.545      
# span 16 =-17837.0907,  3452.3562      
# span 17 = 0.0000e+00, 0.0000e+00      
# interval = seconds: 0.0416667
# start_time = Sep 23 2023 21:56:18 [NMEA time, header]
# bad_flag = -9.990e-29
*END*
[from data line 403]
     -0.026    17.4587  14.186855     1.9255 3.1278e+02     0.1738    95.7488 9.8901e-02 2.9340e+02  0.0413330    17.7421   9.361013     2.5897     -0.027     6.9790     16.705     9.7373 -9.990e-29
     -0.027    17.4587  14.397512     1.9280 3.1278e+02     0.1749    95.7226 9.8901e-02 2.9340e+02  0.0413330    17.7428   9.541474     2.5897     -0.028     7.0165     16.953     9.7373 -9.990e-29
     -0.027    17.4589  14.537953     1.9304 3.1366e+02     0.1749    95.7226 9.8901e-02 2.9340e+02  0.0413330    17.7428   9.601628     2.5897     -0.028     7.0537     17.118     9.7373 -9.990e-29
     -0.026    17.4587  14.619878     1.9328 3.1278e+02     0.1760    95.6965 9.8901e-02 2.9340e+02  0.0413330    17.7434   9.300860     2.5897     -0.027     7.0914     17.215     9.7373 -9.990e-29
     -0.023    17.4592  14.970995     1.9365 3.1278e+02     0.1749    95.7226 9.8901e-02 2.9340e+02  0.0413330    17.7441   9.270784     2.5897     -0.023     7.1353     17.628     9.7367 -9.990e-29
     -0.020    17.4590  15.263604     1.9402 3.1278e+02     0.1749    95.7226 9.8901e-02 2.9340e+02  0.0413330    17.7446   8.939944     2.5897     -0.020     7.1791     17.973     9.7366 -9.990e-29
     -0.018    17.4589  15.439174     1.9451 3.1278e+02     0.1749    95.7226 1.0256e-01 2.9340e+02  0.0413330    17.7453   9.150478     2.5897     -0.018     7.2278     18.180     9.7365 -9.990e-29
     -0.017    17.4590  15.462584     1.9499 3.1278e+02     0.1749    95.7226 1.0256e-01 2.9340e+02  0.0413330    17.7456   9.180554     2.5885     -0.017     7.2764     18.207     9.7309 -9.990e-29
     -0.015    17.4592  15.474289     1.9536 3.1278e+02     0.1749    95.7226 1.0256e-01 2.9340e+02  0.0413330    17.7458   9.090325     2.5897     -0.015     7.3195     18.221     9.7365 -9.990e-29
     -0.012    17.4593  15.591338     1.9585 3.1278e+02     0.1749    95.7226 1.0256e-01 2.9340e+02  0.0413330    17.7458   9.120401     2.5897     -0.012     7.3671     18.359     9.7365 -9.990e-29
     -0.009    17.4594  15.883969     1.9634 3.1278e+02     0.1749    95.7226 1.0256e-01 2.9340e+02  0.0413330    17.7460   9.180554     2.5897     -0.009     7.4144     18.703     9.7365 -9.990e-29
     -0.007    17.4596  15.989318     1.9670 3.1366e+02     0.1749    95.7226 1.0256e-01 2.9340e+02  0.0413330    17.7461   9.150478     2.5897     -0.007     7.4548     18.827     9.7361 -9.990e-29
     -0.007    17.4593  16.071258     1.9731 3.1366e+02     0.1749    95.7226 1.0256e-01 2.9340e+02  0.0413330    17.7465   9.180554     2.5897     -0.007     7.5043     18.924     9.7360 -9.990e-29
     -0.006    17.4598  16.317081     1.9768 3.1366e+02     0.1749    95.7226 1.0256e-01 2.9340e+02  0.0413330    17.7465   9.300860     2.5897     -0.006     7.5392     19.213     9.7360 -9.990e-29
     -0.007    17.4596  18.564947     1.9841 3.1366e+02     0.1749    95.7226 9.8901e-02 2.9340e+02  0.0413330    17.7470   9.180554     2.5897     -0.007     7.5883     21.860     9.7360 -9.990e-29
     -0.011    17.4598  20.391786     1.9890 3.1455e+02     0.1749    95.7226 9.8901e-02 2.9340e+02  0.0413330    17.7477   8.970020     2.5897     -0.011     7.6252     24.011     9.7358 -9.990e-29
     -0.015    17.4602  21.188227     1.9951 3.1455e+02     0.1749    95.7226 1.0256e-01 2.9340e+02  0.0413330    17.7477   9.090325     2.5897     -0.015     7.6676     24.948     9.7358 -9.990e-29
     -0.020    17.4601  21.516195     2.0024 3.1455e+02     0.1749    95.7226 1.0256e-01 2.9340e+02  0.0413330    17.7479   9.361013     2.5897     -0.020     7.7150     25.334     9.7358 -9.990e-29
     -0.025    17.4604  21.809035     2.0098 3.1543e+02     0.1760    95.6965 1.0256e-01 2.9340e+02  0.0413330    17.7486   9.090325     2.5897     -0.025     7.7623     25.679     9.7357 -9.990e-29
     -0.029    17.4603  22.746192     2.0159 3.1543e+02     0.1760    95.6965 1.0623e-01 2.9340e+02  0.0413330    17.7486   9.150478     2.5897     -0.030     7.8035     26.783     9.7357 -9.990e-29
     -0.031    17.4606  24.351318     2.0244 3.1543e+02     0.1749    95.7226 1.0256e-01 2.9340e+02  0.0413330    17.7491   9.391090     2.5897     -0.032     7.8550     28.672     9.7351 -9.990e-29
     -0.033    17.4609  26.577920     2.0317 3.1543e+02     0.1760    95.6965 1.0256e-01 2.9340e+02  0.0413330    17.7486   9.180554     2.5897     -0.034     7.9003     31.294     9.7353 -9.990e-29
     -0.034    17.4611  29.391322     2.0379 3.1543e+02     0.1760    95.6965 1.0256e-01 2.9340e+02  0.0413330    17.7480   9.391090     2.5897     -0.035     7.9395     34.606     9.7354 -9.990e-29
     -0.034    17.4612  34.105904     2.0452 3.1632e+02     0.1760    95.6965 1.0256e-01 2.9340e+02  0.0413330    17.7473   9.451243     2.5897     -0.035     7.9830     40.157     9.7351 -9.990e-29
     -0.033    17.4611  38.588405     2.0537 3.1632e+02     0.1760    95.6965 1.0256e-01 2.9340e+02  0.0413330    17.7460   9.180554     2.5897     -0.034     8.0305     45.435     9.7355 -9.990e-29
     -0.032    17.4616  40.818819     2.0611 3.1632e+02     0.1760    95.6965 1.0256e-01 2.9340e+02  0.0413330    17.7453   9.120401     2.5897     -0.033     8.0720     48.061     9.7357 -9.990e-29
     -0.030    17.4615  41.922508     2.0684 3.1632e+02     0.1760    95.6965 1.0256e-01 2.9340e+02  0.0413330    17.7442   9.180554     2.5897     -0.031     8.1116     49.360     9.7360 -9.990e-29
     -0.027    17.4619  42.803215     2.0757 3.1632e+02     0.1760    95.6965 9.8901e-02 2.9340e+02  0.0413330    17.7441   9.120401     2.5897     -0.028     8.1493     50.397     9.7361 -9.990e-29
     -0.025    17.4619  43.895422     2.0842 3.1632e+02     0.1760    95.6965 9.8901e-02 2.9340e+02  0.0413330    17.7435   8.970020     2.5897     -0.025     8.1909     51.683     9.7362 -9.990e-29
     -0.021    17.4621  45.751326     2.0916 3.1632e+02     0.1749    95.7226 9.8901e-02 2.9340e+02  0.0413330    17.7427   9.030173     2.5897     -0.021     8.2260     53.868     9.7365 -9.990e-29
     -0.019    17.4622  46.385717     2.0977 3.1632e+02     0.1749    95.7226 9.8901e-02 2.9340e+02  0.0413330    17.7425   9.060249     2.5897     -0.019     8.2539     54.615     9.7366 -9.990e-29
     -0.018    17.4623  45.375413     2.1062 3.1632e+02     0.1760    95.6965 1.0256e-01 2.9340e+02  0.0413330    17.7430   9.120402     2.5897     -0.018     8.2919     53.425     9.7365 -9.990e-29
     -0.017    17.4623  44.400469     2.1136 3.1721e+02     0.1760    95.6965 1.0256e-01 2.9340e+02  0.0413330    17.7432   9.180554     2.5897     -0.017     8.3235     52.277     9.7361 -9.990e-29
     -0.018    17.4624  43.989382     2.1197 3.1721e+02     0.1760    95.6965 1.0256e-01 2.9340e+02  0.0413330    17.7437   9.120402     2.5897     -0.018     8.3476     51.793     9.7360 -9.990e-29
     -0.019    17.4630  43.355173     2.1270 3.1721e+02     0.1760    95.6965 1.0256e-01 2.9340e+02  0.0413330    17.7442   8.909868     2.5897     -0.019     8.3759     51.045     9.7359 -9.990e-29
     -0.020    17.4628  42.474407     2.1343 3.1721e+02     0.1760    95.6965 9.8901e-02 2.9340e+02  0.0413330    17.7453   9.180554     2.5897     -0.020     8.4035     50.009     9.7353 -9.990e-29
     -0.022    17.4628  42.263037     2.1416 3.1721e+02     0.1749    95.7226 1.0256e-01 2.9340e+02  0.0413330    17.7456   9.060249     2.5897     -0.022     8.4292     49.760     9.7353 -9.990e-29
     -0.025    17.4631  47.866150     2.1490 3.1721e+02     0.1749    95.7226 1.0256e-01 2.9340e+02  0.0413330    17.7458   9.000097     2.5897     -0.025     8.4546     56.356     9.7353 -9.990e-29
     -0.027    17.4630  56.154367     2.1551 3.1721e+02     0.1749    95.7226 1.0256e-01 2.9340e+02  0.0413330    17.7461   9.210631     2.5897     -0.028     8.4723     66.115     9.7353 -9.990e-29
     -0.029    17.4632  58.707146     2.1612 3.1721e+02     0.1749    95.7226 9.8901e-02 2.9340e+02  0.0413330    17.7463   9.391090     2.5897     -0.030     8.4897     69.120     9.7353 -9.990e-29
     -0.030    17.4634  57.965937     2.1673 3.1721e+02     0.1749    95.7226 9.8901e-02 2.9340e+02  0.0413330    17.7463   9.090325     2.5897     -0.031     8.5058     68.247     9.7353 -9.990e-29
     -0.032    17.4635  57.236556     2.1734 3.1721e+02     0.1749    95.7226 1.0256e-01 2.9340e+02  0.0413330    17.7463   9.270784     2.5897     -0.033     8.5212     67.388     9.7354 -9.990e-29
     -0.034    17.4635  57.683588     2.1795 3.1721e+02     0.1749    95.7226 1.0256e-01 2.9340e+02  0.0413330    17.7456   9.300860     2.5897     -0.035     8.5363     67.915     9.7356 -9.990e-29
     -0.036    17.4637  57.789468     2.1856 3.1721e+02     0.1749    95.7226 1.0256e-01 2.9340e+02  0.0413330    17.7453   9.300860     2.5897     -0.037     8.5506     68.039     9.7357 -9.990e-29
     -0.037    17.4638  57.448305     2.1905 3.1811e+02     0.1749    95.7226 1.0256e-01 2.9340e+02  0.0413330    17.7441   9.481320     2.5885     -0.038     8.5588     67.637     9.7299 -9.990e-29
     -0.039    17.4640  57.248320     2.1966 3.1811e+02     0.1738    95.7488 1.0256e-01 2.9340e+02  0.0413330    17.7432   9.240707     2.5897     -0.040     8.5724     67.401     9.7358 -9.990e-29
     -0.038    17.4640  57.213029     2.2015 3.1811e+02     0.1749    95.7226 1.0256e-01 2.9340e+02  0.0413330    17.7427   9.481320     2.5897     -0.039     8.5799     67.360     9.7360 -9.990e-29
     -0.038    17.4645  57.248320     2.2076 3.1811e+02     0.1738    95.7488 1.0256e-01 2.9340e+02  0.0413330    17.7418   9.601628     2.5885     -0.039     8.5916     67.401     9.7306 -9.990e-29
     -0.038    17.4644  57.401249     2.2125 3.1900e+02     0.1749    95.7226 1.0256e-01 2.9340e+02  0.0413330    17.7415   9.421167     2.5897     -0.039     8.5979     67.581     9.7364 -9.990e-29
     -0.038    17.4645  57.483597     2.2186 3.1900e+02     0.1749    95.7226 1.0623e-01 2.9340e+02  0.0413330    17.7413   9.541474     2.5897     -0.039     8.6099     67.678     9.7365 -9.990e-29
     -0.039    17.4650  57.577710     2.2234 3.1900e+02     0.1749    95.7226 1.0256e-01 2.9340e+02  0.0413330    17.7409   9.300860     2.5897     -0.040     8.6156     67.788     9.7367 -9.990e-29
     -0.040    17.4650  57.460069     2.2283 3.1900e+02     0.1738    95.7488 1.0256e-01 2.9340e+02  0.0413330    17.7418   9.391090     2.5897     -0.041     8.6221     67.649     9.7366 -9.990e-29
     -0.039    17.4650  57.589474     2.2332 3.1990e+02     0.1749    95.7226 1.0256e-01 2.9340e+02  0.0413330    17.7420   9.541474     2.5897     -0.040     8.6285     67.801     9.7366 -9.990e-29
     -0.038    17.4652  57.648295     2.2381 3.1990e+02     0.1749    95.7226 1.0256e-01 2.9340e+02  0.0413330    17.7421   9.511397     2.5897     -0.039     8.6349     67.870     9.7367 -9.990e-29
     -0.037    17.4654  57.777703     2.2430 3.1990e+02     0.1749    95.7226 1.0256e-01 2.9340e+02  0.0413330    17.7427   9.601628     2.5897     -0.038     8.6414     68.022     9.7366 -9.990e-29
     -0.037    17.4653  58.012995     2.2479 3.2080e+02     0.1749    95.7226 1.0623e-01 2.9340e+02  0.0413330    17.7432   9.481320     2.5897     -0.038     8.6472     68.300     9.7366 -9.990e-29
     -0.037    17.4659  58.413007     2.2515 3.2080e+02     0.1749    95.7226 1.0623e-01 2.9340e+02  0.0413330    17.7437   9.361013     2.5897     -0.038     8.6476     68.770     9.7366 -9.990e-29
     -0.038    17.4658  58.848336     2.2564 3.2080e+02     0.1749    95.7226 1.0256e-01 2.9340e+02  0.0413330    17.7442   9.300860     2.5897     -0.039     8.6540     69.282     9.7365 -9.990e-29
     -0.039    17.4657  59.377820     2.2601 3.2080e+02     0.1749    95.7226 1.0256e-01 2.9340e+02  0.0413330    17.7444   9.300860     2.5897     -0.040     8.6544     69.906     9.7366 -9.990e-29
     -0.041    17.4661  59.777897     2.2650 3.2080e+02     0.1727    95.7749 1.0256e-01 2.9340e+02  0.0413330    17.7446   9.300860     2.5885     -0.042     8.6607     70.376     9.7310 -9.990e-29
     -0.044    17.4661  56.248465     2.2686 3.2080e+02     0.1738    95.7488 1.0256e-01 2.9340e+02  0.0413330    17.7449   9.752014     2.5897     -0.045     8.6613     66.221     9.7366 -9.990e-29
     -0.046    17.4663  43.261219     2.2735 3.2080e+02     0.1727    95.7749 1.0623e-01 2.9340e+02  0.0413330    17.7453  10.443801     2.5897     -0.047     8.6683     50.931     9.7366 -9.990e-29
     -0.045    17.4663  32.968061     2.2772 3.2080e+02     0.1727    95.7749 1.0623e-01 2.9340e+02  0.0413330    17.7454  10.443801     2.5897     -0.046     8.6705     38.813     9.7362 -9.990e-29
     -0.039    17.4666  36.323384     2.2808 3.2170e+02     0.1727    95.7749 1.0623e-01 2.9340e+02  0.0413330    17.7439  10.052788     2.5897     -0.040     8.6718     42.763     9.7366 -9.990e-29
     -0.034    17.4671  45.716083     2.2845 3.2080e+02     0.1727    95.7749 1.0623e-01 2.9340e+02  0.0413330    17.7409  10.052788     2.5897     -0.035     8.6738     53.820     9.7373 -9.990e-29
     -0.030    17.4671  47.172898     2.2882 3.2080e+02     0.1727    95.7749 1.0623e-01 2.9340e+02  0.0413330    17.7383   9.812168     2.5897     -0.031     8.6765     55.535     9.7380 -9.990e-29
     -0.028    17.4676  46.538447     2.2918 3.2080e+02     0.1727    95.7749 1.0623e-01 2.9340e+02  0.0413330    17.7352   9.631705     2.5897     -0.029     8.6785     54.787     9.7387 -9.990e-29
     -0.027    17.4676  47.936653     2.2943 3.1990e+02     0.1727    95.7749 1.0256e-01 2.9340e+02  0.0413330    17.7338   9.631705     2.5897     -0.028     8.6759     56.434     9.7391 -9.990e-29
     -0.029    17.4678  50.416399     2.2979 3.1990e+02     0.1727    95.7749 9.8901e-02 2.9340e+02  0.0413330    17.7334   9.421167     2.5885     -0.030     8.6787     59.353     9.7337 -9.990e-29
     -0.031    17.4680  53.520057     2.3004 3.1990e+02     0.1727    95.7749 1.0256e-01 2.9340e+02  0.0413330    17.7337   9.240707     2.5897     -0.032     8.6763     63.006     9.7388 -9.990e-29
     -0.033    17.4679  55.754462     2.3028 3.1990e+02     0.1727    95.7749 1.0256e-01 2.9340e+02  0.0413330    17.7337   9.210631     2.5897     -0.034     8.6742     65.637     9.7389 -9.990e-29
     -0.035    17.4683  57.001285     2.3040 3.1990e+02     0.1727    95.7749 1.0256e-01 2.9340e+02  0.0413330    17.7347   9.421167     2.5897     -0.036     8.6666     67.104     9.7388 -9.990e-29
     -0.036    17.4680  57.683587     2.3077 3.1990e+02     0.1738    95.7488 9.8901e-02 2.9340e+02  0.0413330    17.7347   9.391090     2.5897     -0.037     8.6706     67.907     9.7384 -9.990e-29
     -0.038    17.4684  57.636530     2.3101 3.1900e+02     0.1727    95.7749 9.8901e-02 2.9340e+02  0.0413330    17.7356   9.571551     2.5897     -0.039     8.6683     67.851     9.7382 -9.990e-29
     -0.040    17.4685  56.989521     2.3126 3.1900e+02     0.1738    95.7488 1.0256e-01 2.9340e+02  0.0413330    17.7364   9.661782     2.5897     -0.041     8.6676     67.090     9.7381 -9.990e-29
     -0.040    17.4689 113.525536     2.3162 3.1900e+02     0.1738    95.7488 1.0256e-01 2.9340e+02  0.0413330    17.7365   9.481321     2.5897     -0.041     8.6701    133.644     9.7382 -9.990e-29
     -0.041    17.4687 236.092004     2.3187 3.1900e+02     0.1716    95.8010 1.0256e-01 2.9340e+02  0.0413330    17.7371   9.421167     2.5897     -0.042     8.6661    277.933     9.7381 -9.990e-29
     -0.041    17.4688 107.274992     2.3199 3.1990e+02     0.1727    95.7749 1.0256e-01 2.9340e+02  0.0413330    17.7375   9.330937     2.5897     -0.042     8.6631    126.286     9.7376 -9.990e-29
     -0.042    17.4690  53.661159     2.3223 3.1990e+02     0.1727    95.7749 1.0623e-01 2.9340e+02  0.0413330    17.7377   9.300860     2.5897     -0.043     8.6635     63.171     9.7376 -9.990e-29
