data/05_metadata_exports/SeabirdData/202310_SeabirdData/88589_STN715-NIGHT.cnv
* Sea-Bird SBE 9 Data File:
* FileName = C:\Users\rosette\Rosette Data\2023\Ontario lower food web csmi\STN715-NIGHT.hex
* Software Version Seasave V 7.26.6.26
* Temperature SN = 5270
* Conductivity SN = 1168
* Number of Bytes Per Scan = 40
* Number of Voltage Words = 5
* Number of Scans Averaged by the Deck Unit = 1
* NMEA Latitude = 43 38.15 N
* NMEA Longitude = 076 58.25 W
* NMEA UTC (Time) = Sep 24 2023  05:17:09
* NMEA baud rate = 4800
** Ship: Lake Guardian
** Cruise: Ontario LFW
** Station:  STN715-NIGHT
# nquan = 18                                
# nvalues = 19909                       
# units = specified
# name 0 = prDM: Pressure, Digiquartz [db]
# name 1 = t090C: Temperature [ITS-90, deg C]
# name 2 = c0uS/cm: Conductivity [uS/cm]
# name 3 = sbeox0V: Oxygen raw, SBE 43 [V]
# name 4 = par: PAR/Irradiance, Biospherical/Licor
# name 5 = bat: Beam Attenuation, Chelsea/Seatech [1/m]
# name 6 = xmiss: Beam Transmission, Chelsea/Seatech [%]
# name 7 = flSP: Fluorescence, Seapoint
# name 8 = spar: SPAR, Biospherical/Licor
# name 9 = upoly0: Upoly 0, Suna Nitrate
# name 10 = t190C: Temperature, 2 [ITS-90, deg C]
# name 11 = c1uS/cm: Conductivity, 2 [uS/cm]
# name 12 = sbeox1V: Oxygen raw, SBE 43, 2 [V]
# name 13 = depFM: Depth [fresh water, m], lat = 43.6358
# name 14 = sbeox0Mg/L: Oxygen, SBE 43 [mg/l], WS = 2
# name 15 = specc: Specific Conductance [uS/cm]
# name 16 = sbeox1Mg/L: Oxygen, SBE 43, 2 [mg/l], WS = 2
# name 17 = flag: flag
# span 0 =     -0.126,    149.857       
# span 1 =   -46.9732,    20.4227       
# span 2 = -2.924e+03, 306.103614       
# span 3 =     1.7766,     2.5495       
# span 4 = 1.0000e-12, 6.1760e+00       
# span 5 =     0.1563,     7.8989       
# span 6 =    13.8800,    96.1670       
# span 7 = 9.1575e-02, 1.6117e+00       
# span 8 = 0.0000e+00, 0.0000e+00       
# span 9 =  0.0413330,  0.0629524       
# span 10 =     3.8599,    20.4207      
# span 11 =   1.843197, 274.994519      
# span 12 =     1.7741,     2.9182      
# span 13 =     -0.128,    152.812      
# span 14 =  -303.9152,    12.4160      
# span 15 =  -3516.411,    516.646      
# span 16 =     5.5912,    12.6164      
# span 17 = 0.0000e+00, 0.0000e+00      
# interval = seconds: 0.0416667
# start_time = Sep 24 2023 05:17:09 [NMEA time, header]
# bad_flag = -9.990e-29
*END*
[from data line 6593]
     46.558     4.4948 186.069158     2.3150 1.0000e-12     0.3845    90.8345 1.5751e-01 0.0000e+00  0.0538058     4.4953 187.447709     2.3065     47.476    11.4916    315.416    11.6811 0.0000e+00
     46.577     4.4941 186.104990     2.3150 1.0000e-12     0.3845    90.8345 1.6117e-01 0.0000e+00  0.0542215     4.4945 187.235393     2.3065     47.495    11.4918    315.484    11.6831 0.0000e+00
     46.597     4.4941 186.116935     2.3150 1.0000e-12     0.3857    90.8084 1.6484e-01 0.0000e+00  0.0542215     4.4944 187.296055     2.3065     47.516    11.4928    315.504    11.6848 0.0000e+00
     46.616     4.4936 186.104991     2.3150 1.0000e-12     0.3857    90.8084 1.6484e-01 0.0000e+00  0.0546373     4.4942 187.387048     2.3065     47.535    11.4949    315.489    11.6864 0.0000e+00
     46.634     4.4934 186.057215     2.3150 1.0000e-12     0.3845    90.8345 1.6484e-01 0.0000e+00  0.0550530     4.4949 187.356717     2.3065     47.553    11.4958    315.410    11.6864 0.0000e+00
     46.654     4.4928 186.104993     2.3150 1.0000e-12     0.3845    90.8345 1.6117e-01 0.0000e+00  0.0546373     4.4939 187.265726     2.3065     47.574    11.4978    315.498    11.6880 0.0000e+00
     46.673     4.4925 186.081105     2.3162 1.0000e-12     0.3845    90.8345 1.5751e-01 0.0000e+00  0.0538058     4.4932 187.326388     2.3065     47.593    11.5061    315.460    11.6907 0.0000e+00
     46.692     4.4925 186.104993     2.3162 1.0000e-12     0.3845    90.8345 1.5385e-01 0.0000e+00  0.0538058     4.4928 187.265727     2.3065     47.613    11.5065    315.501    11.6918 0.0000e+00
     46.711     4.4922 186.069162     2.3150 1.0000e-12     0.3857    90.8084 1.5385e-01 0.0000e+00  0.0538058     4.4921 187.326390     2.3077     47.632    11.5003    315.443    11.7020 0.0000e+00
     46.730     4.4917 186.104994     2.3150 1.0000e-12     0.3845    90.8345 1.5385e-01 0.0000e+00  0.0546373     4.4916 187.387052     2.3065     47.651    11.5005    315.509    11.6964 0.0000e+00
     46.749     4.4920 186.081107     2.3150 1.0000e-12     0.3845    90.8345 1.5385e-01 0.0000e+00  0.0550530     4.4915 187.478046     2.3077     47.671    11.5004    315.466    11.7061 0.0000e+00
     46.766     4.4917 186.069162     2.3150 1.0000e-12     0.3845    90.8345 1.5385e-01 0.0000e+00  0.0542215     4.4910 187.326390     2.3065     47.688    11.5014    315.449    11.7002 0.0000e+00
     46.785     4.4910 186.093052     2.3150 1.0000e-12     0.3845    90.8345 1.5385e-01 0.0000e+00  0.0538058     4.4907 187.326392     2.3065     47.707    11.5023    315.497    11.7018 0.0000e+00
     46.804     4.4910 186.104996     2.3150 1.0000e-12     0.3845    90.8345 1.5018e-01 0.0000e+00  0.0538058     4.4902 187.356723     2.3077     47.727    11.5029    315.517    11.7099 0.0000e+00
     46.823     4.4906 186.116941     2.3162 1.0000e-12     0.3857    90.8084 1.5385e-01 0.0000e+00  0.0542215     4.4899 187.356724     2.3077     47.746    11.5111    315.541    11.7112 0.0000e+00
     46.842     4.4902 186.128885     2.3150 1.0000e-12     0.3845    90.8345 1.5385e-01 0.0000e+00  0.0546373     4.4898 187.387055     2.3077     47.766    11.5040    315.566    11.7136 0.0000e+00
     46.862     4.4896 186.104998     2.3150 1.0000e-12     0.3857    90.8084 1.5751e-01 0.0000e+00  0.0542215     4.4894 187.296063     2.3077     47.786    11.5045    315.532    11.7159 0.0000e+00
     46.881     4.4896 186.104999     2.3162 1.0000e-12     0.3857    90.8084 1.6484e-01 0.0000e+00  0.0542215     4.4897 187.326394     2.3077     47.805    11.5134    315.532    11.7178 0.0000e+00
     46.900     4.4894 186.164719     2.3162 1.0000e-12     0.3834    90.8607 1.6117e-01 0.0000e+00  0.0558845     4.4888 187.356726     2.3077     47.825    11.5146    315.635    11.7198 0.0000e+00
     46.918     4.4893 186.128887     2.3162 1.0000e-12     0.3799    90.9391 1.6117e-01 0.0000e+00  0.0567161     4.4894 187.356725     2.3077     47.843    11.5167    315.576    11.7211 0.0000e+00
     46.937     4.4894 186.105000     2.3162 1.0000e-12     0.3776    90.9914 1.5751e-01 0.0000e+00  0.0563003     4.4893 187.447720     2.3077     47.862    11.5175    315.534    11.7225 0.0000e+00
     46.955     4.4896 186.116944     2.3162 1.0000e-12     0.3788    90.9652 1.5385e-01 0.0000e+00  0.0563003     4.4888 187.508382     2.3077     47.881    11.5192    315.552    11.7238 0.0000e+00
     46.973     4.4893 186.128888     2.3162 1.0000e-12     0.3776    90.9914 1.5018e-01 0.0000e+00  0.0558845     4.4886 187.326396     2.3089     47.899    11.5208    315.576    11.7326 0.0000e+00
     46.991     4.4891 186.105000     2.3162 1.0000e-12     0.3776    90.9914 1.5385e-01 0.0000e+00  0.0558845     4.4881 187.265735     2.3077     47.917    11.5223    315.537    11.7269 0.0000e+00
     47.011     4.4893 186.140833     2.3162 1.0000e-12     0.3788    90.9652 1.5385e-01 0.0000e+00  0.0563003     4.4890 187.356728     2.3089     47.938    11.5234    315.596    11.7360 0.0000e+00
     47.031     4.4891 186.152777     2.3162 1.0000e-12     0.3788    90.9652 1.5385e-01 0.0000e+00  0.0563003     4.4878 187.417390     2.3089     47.958    11.5245    315.618    11.7378 0.0000e+00
     47.051     4.4889 186.164722     2.3175 1.0000e-12     0.3788    90.9652 1.5385e-01 0.0000e+00  0.0558845     4.4885 187.417391     2.3089     47.979    11.5326    315.641    11.7388 0.0000e+00
     47.071     4.4888 186.164722     2.3175 1.0000e-12     0.3788    90.9652 1.5385e-01 0.0000e+00  0.0558845     4.4881 187.478054     2.3089     47.999    11.5334    315.642    11.7398 0.0000e+00
     47.089     4.4887 186.164722     2.3175 1.0000e-12     0.3788    90.9652 1.5751e-01 0.0000e+00  0.0558845     4.4875 187.478054     2.3089     48.017    11.5328    315.643    11.7406 0.0000e+00
     47.108     4.4885 186.164723     2.3175 1.0000e-12     0.3788    90.9652 1.5751e-01 0.0000e+00  0.0563003     4.4880 187.387061     2.3089     48.037    11.5333    315.645    11.7408 0.0000e+00
     47.127     4.4883 186.128891     2.3175 1.0000e-12     0.3776    90.9914 1.5385e-01 0.0000e+00  0.0563003     4.4881 187.356730     2.3101     48.056    11.5335    315.586    11.7500 0.0000e+00
     47.145     4.4882 186.152779     2.3175 1.0000e-12     0.3776    90.9914 1.5751e-01 0.0000e+00  0.0558845     4.4875 187.265738     2.3089     48.075    11.5347    315.628    11.7434 0.0000e+00
     47.164     4.4881 186.128891     2.3187 1.0000e-12     0.3788    90.9652 1.6117e-01 0.0000e+00  0.0558845     4.4875 187.356731     2.3101     48.094    11.5434    315.588    11.7507 0.0000e+00
     47.183     4.4879 186.152782     2.3175 1.0000e-12     0.3776    90.9914 1.6850e-01 0.0000e+00  0.0563003     4.4870 187.356733     2.3101     48.113    11.5366    315.631    11.7526 0.0000e+00
     47.201     4.4874 186.116949     2.3175 1.0000e-12     0.3788    90.9652 1.7582e-01 0.0000e+00  0.0567161     4.4865 187.265740     2.3101     48.132    11.5374    315.576    11.7530 0.0000e+00
     47.219     4.4873 186.081117     2.3187 1.0000e-12     0.3788    90.9652 1.7216e-01 0.0000e+00  0.0558845     4.4858 187.356733     2.3101     48.150    11.5454    315.516    11.7543 0.0000e+00
     47.237     4.4869 186.069175     2.3187 1.0000e-12     0.3788    90.9652 1.6484e-01 0.0000e+00  0.0542215     4.4861 187.235410     2.3101     48.168    11.5457    315.500    11.7539 0.0000e+00
     47.257     4.4859 186.069175     2.3175 1.0000e-12     0.3788    90.9652 1.6117e-01 0.0000e+00  0.0546373     4.4856 187.417396     2.3101     48.189    11.5382    315.511    11.7546 0.0000e+00
     47.275     4.4855 186.021401     2.3175 1.0000e-12     0.3776    90.9914 1.6117e-01 0.0000e+00  0.0546373     4.4848 187.387066     2.3101     48.207    11.5380    315.434    11.7563 0.0000e+00
     47.293     4.4847 186.116952     2.3175 1.0000e-12     0.3788    90.9652 1.5751e-01 0.0000e+00  0.0542215     4.4838 187.356736     2.3114     48.225    11.5399    315.605    11.7663 0.0000e+00
     47.311     4.4839 186.116952     2.3175 1.0000e-12     0.3811    90.9130 1.5385e-01 0.0000e+00  0.0538058     4.4822 187.265743     2.3114     48.244    11.5405    315.613    11.7676 0.0000e+00
     47.331     4.4831 186.033347     2.3187 1.0000e-12     0.3811    90.9130 1.5018e-01 0.0000e+00  0.0538058     4.4808 187.265746     2.3114     48.264    11.5485    315.480    11.7686 0.0000e+00
     47.350     4.4821 186.057236     2.3187 1.0000e-12     0.3799    90.9391 1.5018e-01 0.0000e+00  0.0538058     4.4791 187.265747     2.3114     48.284    11.5486    315.531    11.7694 0.0000e+00
     47.370     4.4815 186.093068     2.3199 1.0000e-12     0.3811    90.9130 1.5385e-01 0.0000e+00  0.0542215     4.4775 187.326410     2.3114     48.304    11.5571    315.598    11.7699 0.0000e+00
     47.390     4.4806 186.069180     2.3187 1.0000e-12     0.3811    90.9130 1.5751e-01 0.0000e+00  0.0542215     4.4759 187.265749     2.3114     48.324    11.5502    315.568    11.7700 0.0000e+00
     47.411     4.4791 186.021408     2.3199 1.0000e-12     0.3799    90.9391 1.5751e-01 0.0000e+00  0.0538058     4.4754 187.265752     2.3114     48.346    11.5586    315.503    11.7695 0.0000e+00
     47.429     4.4772 185.997520     2.3199 1.0000e-12     0.3799    90.9391 1.5385e-01 0.0000e+00  0.0538058     4.4743 187.265751     2.3114     48.364    11.5593    315.482    11.7688 0.0000e+00
     47.448     4.4753 185.961690     2.3199 1.0000e-12     0.3811    90.9130 1.5385e-01 0.0000e+00  0.0542215     4.4722 187.144429     2.3126     48.383    11.5597    315.442    11.7773 0.0000e+00
     47.467     4.4734 185.973636     2.3199 1.0000e-12     0.3811    90.9130 1.5385e-01 0.0000e+00  0.0542215     4.4711 187.053439     2.3126     48.403    11.5598    315.483    11.7773 0.0000e+00
     47.487     4.4715 185.997525     2.3199 1.0000e-12     0.3799    90.9391 1.5751e-01 0.0000e+00  0.0538058     4.4698 187.144432     2.3126     48.423    11.5598    315.543    11.7783 0.0000e+00
     47.508     4.4704 186.009469     2.3187 1.0000e-12     0.3811    90.9130 1.5751e-01 0.0000e+00  0.0533900     4.4687 187.205094     2.3126     48.445    11.5516    315.575    11.7789 0.0000e+00
     47.529     4.4691 185.961697     2.3199 1.0000e-12     0.3811    90.9130 1.5751e-01 0.0000e+00  0.0538058     4.4683 187.235427     2.3126     48.466    11.5598    315.508    11.7790 0.0000e+00
     47.548     4.4680 186.021416     2.3187 1.0000e-12     0.3799    90.9391 1.6117e-01 0.0000e+00  0.0542215     4.4682 187.205095     2.3126     48.485    11.5524    315.621    11.7786 0.0000e+00
     47.567     4.4673 185.997530     2.3199 1.0000e-12     0.3799    90.9391 1.5751e-01 0.0000e+00  0.0542215     4.4675 187.205097     2.3126     48.505    11.5612    315.588    11.7782 0.0000e+00
     47.585     4.4665 185.925867     2.3199 1.0000e-12     0.3799    90.9391 1.6117e-01 0.0000e+00  0.0533900     4.4671 187.235427     2.3138     48.523    11.5621    315.475    11.7851 0.0000e+00
     47.604     4.4655 185.961700     2.3199 1.0000e-12     0.3799    90.9391 1.6117e-01 0.0000e+00  0.0533900     4.4662 187.265760     2.3138     48.543    11.5628    315.547    11.7854 0.0000e+00
     47.623     4.4649 185.997531     2.3199 1.0000e-12     0.3811    90.9130 1.6117e-01 0.0000e+00  0.0542215     4.4652 187.265760     2.3126     48.562    11.5643    315.614    11.7763 0.0000e+00
     47.643     4.4639 185.949757     2.3211 1.0000e-12     0.3799    90.9391 1.5751e-01 0.0000e+00  0.0550530     4.4648 187.174769     2.3138     48.582    11.5734    315.544    11.7837 0.0000e+00
     47.662     4.4633 185.913928     2.3211 1.0000e-12     0.3799    90.9391 1.5385e-01 0.0000e+00  0.0542215     4.4630 187.114110     2.3138     48.602    11.5744    315.489    11.7834 0.0000e+00
     47.680     4.4628 185.913927     2.3211 1.0000e-12     0.3742    91.0698 1.5385e-01 0.0000e+00  0.0538058     4.4622 187.114109     2.3138     48.620    11.5751    315.495    11.7839 0.0000e+00
     47.699     4.4623 185.937816     2.3211 1.0000e-12     0.3707    91.1482 1.5018e-01 0.0000e+00  0.0538058     4.4621 187.205102     2.3138     48.639    11.5767    315.541    11.7838 0.0000e+00
     47.717     4.4620 185.949760     2.3211 1.0000e-12     0.3696    91.1744 1.5018e-01 0.0000e+00  0.0542215     4.4623 187.083779     2.3150     48.658    11.5779    315.564    11.7911 0.0000e+00
     47.736     4.4614 185.913930     2.3211 1.0000e-12     0.3696    91.1744 1.5018e-01 0.0000e+00  0.0542215     4.4618 187.205103     2.3150     48.677    11.5790    315.510    11.7905 0.0000e+00
     47.755     4.4612 185.985591     2.3223 1.0000e-12     0.3696    91.1744 1.5018e-01 0.0000e+00  0.0546373     4.4612 187.265764     2.3150     48.697    11.5873    315.633    11.7897 0.0000e+00
     47.775     4.4609 185.937819     2.3223 1.0000e-12     0.3707    91.1482 1.4652e-01 0.0000e+00  0.0546373     4.4603 187.205105     2.3150     48.717    11.5877    315.556    11.7900 0.0000e+00
     47.795     4.4609 185.890043     2.3223 1.0000e-12     0.3696    91.1744 1.4652e-01 0.0000e+00  0.0538058     4.4594 187.205105     2.3150     48.737    11.5876    315.475    11.7901 0.0000e+00
     47.814     4.4602 185.901988     2.3211 1.0000e-12     0.3707    91.1482 1.4652e-01 0.0000e+00  0.0533900     4.4590 187.114114     2.3150     48.757    11.5809    315.502    11.7897 0.0000e+00
     47.834     4.4598 185.985595     2.3223 1.0000e-12     0.3707    91.1482 1.5385e-01 0.0000e+00  0.0538058     4.4580 187.174777     2.3150     48.777    11.5892    315.649    11.7892 0.0000e+00
     47.852     4.4592 185.997538     2.3223 1.0000e-12     0.3696    91.1744 1.5751e-01 0.0000e+00  0.0542215     4.4577 187.296099     2.3150     48.795    11.5907    315.675    11.7883 0.0000e+00
     47.871     4.4587 185.961709     2.3223 1.0000e-12     0.3696    91.1744 1.5751e-01 0.0000e+00  0.0538058     4.4569 187.114116     2.3150     48.815    11.5909    315.620    11.7873 0.0000e+00
     47.891     4.4580 185.901990     2.3223 1.0000e-12     0.3707    91.1482 1.5385e-01 0.0000e+00  0.0538058     4.4573 187.144447     2.3150     48.835    11.5919    315.526    11.7856 0.0000e+00
     47.911     4.4578 185.925879     2.3223 1.0000e-12     0.3707    91.1482 1.5385e-01 0.0000e+00  0.0538058     4.4568 187.205109     2.3150     48.856    11.5926    315.569    11.7852 0.0000e+00
     47.929     4.4574 185.913935     2.3223 1.0000e-12     0.3696    91.1744 1.5385e-01 0.0000e+00  0.0542215     4.4559 187.083787     2.3162     48.874    11.5931    315.553    11.7937 0.0000e+00
     47.947     4.4568 185.901992     2.3223 1.0000e-12     0.3707    91.1482 1.5385e-01 0.0000e+00  0.0542215     4.4558 187.083787     2.3162     48.892    11.5934    315.539    11.7939 0.0000e+00
     47.966     4.4564 185.901992     2.3223 1.0000e-12     0.3696    91.1744 1.5751e-01 0.0000e+00  0.0542215     4.4550 187.205111     2.3162     48.912    11.5935    315.543    11.7940 0.0000e+00
     47.986     4.4558 185.937825     2.3223 1.0000e-12     0.3696    91.1744 1.6117e-01 0.0000e+00  0.0542215     4.4548 187.083789     2.3162     48.932    11.5922    315.610    11.7937 0.0000e+00
     48.006     4.4548 185.973658     2.3223 1.0000e-12     0.3707    91.1482 1.5751e-01 0.0000e+00  0.0538058     4.4539 186.962469     2.3162     48.952    11.5930    315.682    11.7933 0.0000e+00
     48.024     4.4547 185.913938     2.3236 1.0000e-12     0.3707    91.1482 1.5385e-01 0.0000e+00  0.0542215     4.4538 187.053459     2.3162     48.971    11.6005    315.582    11.7924 0.0000e+00
     48.043     4.4542 185.890052     2.3236 1.0000e-12     0.3707    91.1482 1.5385e-01 0.0000e+00  0.0542215     4.4525 187.174783     2.3162     48.990    11.5994    315.546    11.7917 0.0000e+00
     48.062     4.4539 185.890052     2.3236 1.0000e-12     0.3684    91.2005 1.5751e-01 0.0000e+00  0.0538058     4.4524 187.114122     2.3162     49.010    11.5992    315.550    11.7916 0.0000e+00
