data/05_metadata_exports/SeabirdData/202310_SeabirdData/88582_STN63.cnv
* Sea-Bird SBE 9 Data File:
* FileName = C:\Users\rosette\Rosette Data\2023\Ontario lower food web csmi\STN63.hex
* Software Version Seasave V 7.26.6.26
* Temperature SN = 5270
* Conductivity SN = 1168
* Number of Bytes Per Scan = 40
* Number of Voltage Words = 5
* Number of Scans Averaged by the Deck Unit = 1
* NMEA Latitude = 43 43.91 N
* NMEA Longitude = 077 00.98 W
* NMEA UTC (Time) = Sep 23 2023  23:52:55
* NMEA baud rate = 4800
** Ship: Lake Guardian
** Cruise: Ontario LFW
** Station:  STN63
# nquan = 18                                
# nvalues = 14732                       
# units = specified
# name 0 = prDM: Pressure, Digiquartz [db]
# name 1 = t090C: Temperature [ITS-90, deg C]
# name 2 = c0uS/cm: Conductivity [uS/cm]
# name 3 = sbeox0V: Oxygen raw, SBE 43 [V]
# name 4 = par: PAR/Irradiance, Biospherical/Licor
# name 5 = bat: Beam Attenuation, Chelsea/Seatech [1/m]
# name 6 = xmiss: Beam Transmission, Chelsea/Seatech [%]
# name 7 = flSP: Fluorescence, Seapoint
# name 8 = spar: SPAR, Biospherical/Licor
# name 9 = upoly0: Upoly 0, Suna Nitrate
# name 10 = t190C: Temperature, 2 [ITS-90, deg C]
# name 11 = c1uS/cm: Conductivity, 2 [uS/cm]
# name 12 = sbeox1V: Oxygen raw, SBE 43, 2 [V]
# name 13 = depFM: Depth [fresh water, m], lat = 43.7318
# name 14 = sbeox0Mg/L: Oxygen, SBE 43 [mg/l], WS = 2
# name 15 = specc: Specific Conductance [uS/cm]
# name 16 = sbeox1Mg/L: Oxygen, SBE 43, 2 [mg/l], WS = 2
# name 17 = flag: flag
# span 0 =     -0.059,     83.349       
# span 1 =   -56.2170,    20.3890       
# span 2 =  10.828831, 396.220477       
# span 3 =     1.7827,     2.5800       
# span 4 = 1.0000e-12, 3.5345e+00       
# span 5 =     0.2321,     4.1370       
# span 6 =    35.5496,    94.3634       
# span 7 = 9.8901e-02, 1.8901e+00       
# span 8 = 0.0000e+00, 0.0000e+00       
# span 9 =  0.0413330,  0.0625367       
# span 10 =     4.6382,    20.3875      
# span 11 =   0.099439, 274.598681      
# span 12 =     2.0415,     2.7778      
# span 13 =     -0.060,     84.992      
# span 14 =  -320.9519,    11.0254      
# span 15 =  -1378.288,   2468.563      
# span 16 =     6.7366,    11.2121      
# span 17 = 0.0000e+00, 0.0000e+00      
# interval = seconds: 0.0416667
# start_time = Sep 23 2023 23:52:55 [NMEA time, header]
# bad_flag = -9.990e-29
*END*
[from data line 2654]
      1.833    20.3610 271.875378     2.2308 1.0000e-12     0.8919    80.0128 1.3333e+00 0.0000e+00  0.0434118    20.3132 269.970187     2.1184      1.869     7.5488    299.647     7.0803 -9.990e-29
      1.831    20.3614 271.839192     2.2320 1.0000e-12     0.8919    80.0128 1.3150e+00 0.0000e+00  0.0434118    20.3100 269.878851     2.1172      1.867     7.5523    299.605     7.0747 -9.990e-29
      1.829    20.3615 271.839192     2.2332 1.0000e-12     0.8919    80.0128 1.3187e+00 0.0000e+00  0.0434118    20.3058 269.909300     2.1184      1.865     7.5555    299.604     7.0807 -9.990e-29
      1.827    20.3606 271.754765     2.2344 1.0000e-12     0.8919    80.0128 1.3700e+00 0.0000e+00  0.0434118    20.3004 269.970197     2.1184      1.863     7.5582    299.517     7.0806 -9.990e-29
      1.826    20.3591 271.634154     2.2344 1.0000e-12     0.8919    80.0128 1.4249e+00 0.0000e+00  0.0434118    20.2974 269.878862     2.1172      1.862     7.5558    299.394     7.0747 -9.990e-29
      1.825    20.3581 271.634156     2.2357 1.0000e-12     0.8919    80.0128 1.3956e+00 0.0000e+00  0.0434118    20.2942 269.817974     2.1172      1.861     7.5580    299.401     7.0741 -9.990e-29
      1.822    20.3561 271.610034     2.2369 1.0000e-12     0.8919    80.0128 1.3150e+00 0.0000e+00  0.0434118    20.2919 269.817975     2.1172      1.858     7.5596    299.387     7.0729 -9.990e-29
      1.819    20.3544 271.573852     2.2369 1.0000e-12     0.8919    80.0128 1.2711e+00 0.0000e+00  0.0434118    20.2895 269.848423     2.1172      1.855     7.5557    299.359     7.0716 -9.990e-29
      1.816    20.3533 271.501488     2.2369 1.0000e-12     0.8919    80.0128 1.2674e+00 0.0000e+00  0.0434118    20.2872 269.848425     2.1160      1.852     7.5511    299.286     7.0641 -9.990e-29
      1.814    20.3533 271.501488     2.2381 1.0000e-12     0.8972    79.9083 1.2930e+00 0.0000e+00  0.0434118    20.2847 269.817981     2.1160      1.850     7.5514    299.286     7.0624 -9.990e-29
      1.811    20.3534 271.513549     2.2381 1.0000e-12     0.9011    79.8298 1.2747e+00 0.0000e+00  0.0434118    20.2818 269.787539     2.1160      1.847     7.5458    299.299     7.0607 -9.990e-29
      1.808    20.3531 271.429123     2.2393 1.0000e-12     0.9011    79.8298 1.2637e+00 0.0000e+00  0.0434118    20.2793 269.787540     2.1148      1.844     7.5453    299.208     7.0531 -9.990e-29
      1.804    20.3534 271.465303     2.2405 1.0000e-12     0.9011    79.8298 1.2674e+00 0.0000e+00  0.0434118    20.2772 269.787541     2.1148      1.840     7.5442    299.246     7.0504 -9.990e-29
      1.802    20.3533 271.441183     2.2405 1.0000e-12     0.9011    79.8298 1.2637e+00 0.0000e+00  0.0434118    20.2760 269.757098     2.1148      1.838     7.5382    299.220     7.0475 -9.990e-29
      1.800    20.3536 271.441183     2.2393 1.0000e-12     0.9011    79.8298 1.2747e+00 0.0000e+00  0.0434118    20.2739 269.817991     2.1136      1.835     7.5263    299.218     7.0391 -9.990e-29
      1.798    20.3535 271.405001     2.2405 1.0000e-12     0.8998    79.8560 1.2564e+00 0.0000e+00  0.0434118    20.2717 269.787547     2.1136      1.833     7.5249    299.178     7.0356 -9.990e-29
      1.795    20.3530 271.344696     2.2405 1.0000e-12     0.8998    79.8560 1.2308e+00 0.0000e+00  0.0434118    20.2665 269.696213     2.1123      1.830     7.5180    299.115     7.0268 -9.990e-29
      1.792    20.3528 271.308516     2.2405 1.0000e-12     0.9011    79.8298 1.3443e+00 0.0000e+00  0.0434118    20.2574 269.665777     2.1123      1.827     7.5109    299.077     7.0244 -9.990e-29
      1.790    20.3523 271.344697     2.2405 1.0000e-12     0.8998    79.8560 1.5238e+00 0.0000e+00  0.0434118    20.2450 269.878907     2.1111      1.825     7.5038    299.120     7.0167 -9.990e-29
      1.787    20.3518 271.296456     2.2405 1.0000e-12     0.9011    79.8298 1.4615e+00 0.0000e+00  0.0434118    20.2297 269.696247     2.1111      1.822     7.4964    299.070     7.0144 -9.990e-29
      1.785    20.3510 271.356758     2.2405 1.0000e-12     0.9011    79.8298 1.3370e+00 0.0000e+00  0.0434118    20.2161 269.757149     2.1099      1.820     7.4895    299.142     7.0066 -9.990e-29
      1.783    20.3504 271.368820     2.2405 1.0000e-12     0.9011    79.8298 1.2784e+00 0.0000e+00  0.0434118    20.2030 269.787606     2.1099      1.818     7.4819    299.159     7.0042 -9.990e-29
      1.782    20.3493 271.320579     2.2405 1.0000e-12     0.9011    79.8298 1.2454e+00 0.0000e+00  0.0434118    20.1883 269.544056     2.1087      1.817     7.4744    299.113     6.9969 -9.990e-29
      1.781    20.3493 271.308517     2.2405 1.0000e-12     0.8998    79.8560 1.2344e+00 0.0000e+00  0.0434118    20.1745 269.574512     2.1074      1.816     7.4669    299.100     6.9886 -9.990e-29
      1.780    20.3494 271.320579     2.2393 1.0000e-12     0.8998    79.8560 1.2930e+00 0.0000e+00  0.0434118    20.1624 269.635415     2.1074      1.815     7.4544    299.112     6.9860 -9.990e-29
      1.778    20.3497 271.332637     2.2393 1.2196e-02     0.9011    79.8298 1.3626e+00 0.0000e+00  0.0434118    20.1526 269.635421     2.1062      1.813     7.4473    299.124     6.9780 -9.990e-29
      1.778    20.3497 271.356761     2.2393 3.4575e-02     0.9011    79.8298 1.3114e+00 0.0000e+00  0.0434118    20.1430 269.635432     2.1062      1.813     7.4405    299.150     6.9750 -9.990e-29
      1.778    20.3497 271.332638     2.2381 4.1109e-02     0.9011    79.8298 1.2784e+00 0.0000e+00  0.0434118    20.1309 269.604996     2.1050      1.813     7.4287    299.124     6.9681 -9.990e-29
      1.778    20.3493 271.368821     2.2381 3.6991e-02     0.9011    79.8298 1.3297e+00 0.0000e+00  0.0434118    20.1204 269.665896     2.1026      1.813     7.4222    299.166     6.9557 -9.990e-29
      1.778    20.3488 271.392944     2.2369 2.9095e-02     0.8985    79.8821 1.3260e+00 0.0000e+00  0.0434118    20.1103 269.574570     2.1026      1.813     7.4104    299.196     6.9538 -9.990e-29
      1.778    20.3486 271.417064     2.2357 2.6434e-02     0.8972    79.9083 1.2821e+00 0.0000e+00  0.0434118    20.1020 269.605021     2.1013      1.813     7.3993    299.224     6.9465 -9.990e-29
      1.779    20.3482 271.465308     2.2344 3.0251e-02     0.8959    79.9344 1.2198e+00 0.0000e+00  0.0434118    20.0950 269.757255     2.1001      1.814     7.3882    299.280     6.9397 -9.990e-29
      1.780    20.3476 271.525614     2.2332 4.5774e-02     0.8959    79.9344 1.1868e+00 0.0000e+00  0.0434118    20.0894 269.787706     2.0977      1.815     7.3776    299.350     6.9279 -9.990e-29
      1.782    20.3468 271.585920     2.2332 5.1925e-02     0.8959    79.9344 1.1832e+00 0.0000e+00  0.0434118    20.0860 269.665927     2.0977      1.817     7.3724    299.422     6.9269 -9.990e-29
      1.783    20.3461 271.634164     2.2320 2.1268e-02     0.8959    79.9344 1.2125e+00 0.0000e+00  0.0434118    20.0843 269.787710     2.0965      1.818     7.3623    299.480     6.9204 -9.990e-29
      1.784    20.3453 271.682409     2.2308 9.8601e-04     0.8959    79.9344 1.2381e+00 0.0000e+00  0.0434118    20.0967 269.757253     2.0952      1.819     7.3523    299.538     6.9123 -9.990e-29
      1.787    20.3447 271.706533     2.2295 1.0000e-12     0.8959    79.9344 1.2601e+00 0.0000e+00  0.0434118    20.1258 269.818121     2.0928      1.822     7.3424    299.569     6.8973 -9.990e-29
      1.788    20.3437 271.718595     2.2295 9.8651e-03     0.8959    79.9344 1.3150e+00 0.0000e+00  0.0434118    20.1443 269.939888     2.0928      1.823     7.3387    299.589     6.8950 -9.990e-29
      1.789    20.3433 271.730655     2.2271 4.1946e-02     0.8959    79.9344 1.3736e+00 0.0000e+00  0.0434118    20.1586 270.092104     2.0904      1.824     7.3246    299.605     6.8833 -9.990e-29
      1.791    20.3428 271.839208     2.2259 5.3274e-02     0.8959    79.9344 1.4286e+00 0.0000e+00  0.0434118    20.1703 269.970310     2.0891      1.826     7.3156    299.728     6.8769 -9.990e-29
      1.794    20.3421 271.839209     2.2247 1.8406e-02     0.8959    79.9344 1.4103e+00 0.0000e+00  0.0434118    20.1765 270.031197     2.0879      1.829     7.3075    299.732     6.8728 -9.990e-29
      1.796    20.3420 271.911578     2.2234 7.5476e-05     0.8959    79.9344 1.3407e+00 0.0000e+00  0.0434118    20.1789 270.183426     2.0867      1.831     7.2991    299.813     6.8693 -9.990e-29
      1.798    20.3419 271.983946     2.2222 1.0000e-12     0.8959    79.9344 1.3480e+00 0.0000e+00  0.0434118    20.1858 270.244311     2.0855      1.833     7.2914    299.893     6.8658 -9.990e-29
      1.800    20.3425 272.032193     2.2198 6.9346e-03     0.8959    79.9344 1.3993e+00 0.0000e+00  0.0434118    20.1956 270.183411     2.0830      1.835     7.2786    299.943     6.8567 -9.990e-29
      1.803    20.3435 271.983946     2.2198 2.2358e-02     0.8972    79.9083 1.3919e+00 0.0000e+00  0.0434118    20.2040 270.031173     2.0818      1.839     7.2765    299.883     6.8541 -9.990e-29
      1.805    20.3445 271.996007     2.2173 2.5310e-02     0.8959    79.9344 1.3553e+00 0.0000e+00  0.0434118    20.2120 270.183397     2.0806      1.841     7.2640    299.889     6.8521 -9.990e-29
      1.807    20.3459 272.044251     2.2161 7.9032e-03     0.8959    79.9344 1.3333e+00 0.0000e+00  0.0434118    20.2177 270.152945     2.0794      1.843     7.2575    299.933     6.8505 -9.990e-29
      1.810    20.3470 272.092498     2.2149 1.0000e-12     0.8945    79.9605 1.3480e+00 0.0000e+00  0.0434118    20.2237 270.092048     2.0781      1.846     7.2512    299.979     6.8489 -9.990e-29
      1.813    20.3476 272.068374     2.2125 1.0000e-12     0.8972    79.9083 1.3480e+00 0.0000e+00  0.0434118    20.2276 270.183383     2.0769      1.849     7.2401    299.949     6.8481 -9.990e-29
      1.816    20.3482 272.068373     2.2112 1.0000e-12     0.8932    79.9867 1.3114e+00 0.0000e+00  0.0434118    20.2337 270.244270     2.0757      1.852     7.2338    299.945     6.8479 -9.990e-29
      1.819    20.3481 272.104560     2.2100 1.0000e-12     0.8893    80.0651 1.2711e+00 0.0000e+00  0.0434118    20.2390 270.274714     2.0745      1.855     7.2286    299.985     6.8478 -9.990e-29
      1.820    20.3478 272.128682     2.2088 1.0000e-12     0.8854    80.1435 1.1905e+00 0.0000e+00  0.0434118    20.2416 270.183371     2.0745      1.856     7.2238    300.014     6.8539 -9.990e-29
      1.820    20.3479 272.128682     2.2063 1.0000e-12     0.8867    80.1174 1.1648e+00 0.0000e+00  0.0434118    20.2455 270.244260     2.0733      1.856     7.2132    300.013     6.8545 -9.990e-29
      1.821    20.3477 272.056313     2.2051 1.0000e-12     0.8867    80.1174 1.1612e+00 0.0000e+00  0.0434118    20.2486 270.213812     2.0720      1.857     7.2086    299.935     6.8547 -9.990e-29
      1.821    20.3476 272.044250     2.2051 1.5973e-03     0.8867    80.1174 1.1465e+00 0.0000e+00  0.0434118    20.2521 270.152915     2.0720      1.857     7.2092    299.922     6.8606 -9.990e-29
      1.821    20.3472 272.056312     2.2039 1.4574e-02     0.8867    80.1174 1.1832e+00 0.0000e+00  0.0434118    20.2569 270.092019     2.0708      1.857     7.2047    299.938     6.8609 -9.990e-29
      1.822    20.3471 271.996004     2.2027 2.0546e-02     0.8867    80.1174 1.2930e+00 0.0000e+00  0.0434118    20.2618 270.122461     2.0708      1.858     7.2000    299.872     6.8665 -9.990e-29
      1.823    20.3470 271.923637     2.2015 1.1192e-02     0.8867    80.1174 1.4212e+00 0.0000e+00  0.0434118    20.2663 270.061566     2.0708      1.859     7.1956    299.793     6.8717 -9.990e-29
      1.822    20.3468 271.815083     2.2002 9.8601e-04     0.8880    80.0912 1.5128e+00 0.0000e+00  0.0434118    20.2707 270.000669     2.0696      1.858     7.1908    299.675     6.8715 -9.990e-29
      1.821    20.3464 271.754776     2.1990 1.0000e-12     0.8880    80.0912 1.5458e+00 0.0000e+00  0.0434118    20.2746 269.878882     2.0696      1.857     7.1865    299.611     6.8770 -9.990e-29
      1.820    20.3463 271.597982     2.1978 1.0000e-12     0.8880    80.0912 1.5458e+00 0.0000e+00  0.0434118    20.2756 269.848435     2.0696      1.856     7.1825    299.439     6.8824 -9.990e-29
      1.820    20.3460 271.501495     2.1966 1.0000e-12     0.8867    80.1174 1.5897e+00 0.0000e+00  0.0434118    20.2761 269.909327     2.0696      1.856     7.1780    299.334     6.8873 -9.990e-29
      1.819    20.3461 271.489433     2.1954 1.0000e-12     0.8880    80.0912 1.6740e+00 0.0000e+00  0.0434118    20.2725 269.848438     2.0696      1.855     7.1743    299.320     6.8926 -9.990e-29
      1.818    20.3460 271.453251     2.1941 3.7813e-04     0.8880    80.0912 1.6886e+00 0.0000e+00  0.0434118    20.2595 269.848449     2.0696      1.854     7.1694    299.281     6.8987 -9.990e-29
      1.818    20.3460 271.344704     2.1941 1.2912e-03     0.8867    80.1174 1.5678e+00 0.0000e+00  0.0434118    20.2436 269.757126     2.0708      1.854     7.1701    299.161     6.9099 -9.990e-29
      1.817    20.3460 271.368826     2.1929 1.2912e-03     0.8867    80.1174 1.4286e+00 0.0000e+00  0.0434118    20.2183 269.696258     2.0708      1.853     7.1660    299.188     6.9169 -9.990e-29
      1.816    20.3460 271.392945     2.1917 7.5476e-05     0.8867    80.1174 1.3700e+00 0.0000e+00  0.0434118    20.1939 269.696277     2.0708      1.852     7.1618    299.215     6.9237 -9.990e-29
      1.815    20.3458 271.320582     2.1905 1.0000e-12     0.8880    80.0912 1.3407e+00 0.0000e+00  0.0434118    20.1758 269.574512     2.0720      1.851     7.1573    299.136     6.9343 -9.990e-29
      1.815    20.3460 271.272340     2.1893 1.0000e-12     0.8880    80.0912 1.3370e+00 0.0000e+00  0.0434118    20.1616 269.696307     2.0720      1.851     7.1523    299.082     6.9384 -9.990e-29
      1.815    20.3460 271.224097     2.1893 1.0000e-12     0.8880    80.0912 1.3516e+00 0.0000e+00  0.0434118    20.1474 269.544092     2.0733      1.851     7.1529    299.028     6.9477 -9.990e-29
      1.814    20.3460 271.236158     2.1880 1.0000e-12     0.8906    80.0390 1.3480e+00 0.0000e+00  0.0434118    20.1303 269.574552     2.0720      1.850     7.1475    299.042     6.9456 -9.990e-29
      1.813    20.3459 271.175856     2.1868 1.0000e-12     0.8906    80.0390 1.3333e+00 0.0000e+00  0.0434118    20.1143 269.665902     2.0733      1.849     7.1425    298.976     6.9543 -9.990e-29
      1.813    20.3460 271.187916     2.1856 1.0000e-12     0.8906    80.0390 1.3370e+00 0.0000e+00  0.0434118    20.0983 269.605026     2.0733      1.849     7.1374    298.989     6.9569 -9.990e-29
      1.812    20.3456 271.139675     2.1844 1.0000e-12     0.8906    80.0390 1.3480e+00 0.0000e+00  0.0434118    20.0845 269.605038     2.0745      1.848     7.1320    298.938     6.9642 -9.990e-29
      1.811    20.3455 271.151735     2.1844 1.0000e-12     0.8906    80.0390 1.3150e+00 0.0000e+00  0.0434118    20.0730 269.726830     2.0745      1.847     7.1318    298.952     6.9652 -9.990e-29
      1.811    20.3453 271.151734     2.1832 1.0000e-12     0.8906    80.0390 1.2527e+00 0.0000e+00  0.0434118    20.0652 269.787727     2.0745      1.847     7.1263    298.953     6.9658 -9.990e-29
      1.813    20.3454 271.151735     2.1819 1.0000e-12     0.8906    80.0390 1.2308e+00 0.0000e+00  0.0434118    20.0588 269.665951     2.0745      1.849     7.1206    298.953     6.9659 -9.990e-29
      1.815    20.3449 271.151736     2.1807 1.0000e-12     0.8906    80.0390 1.2381e+00 0.0000e+00  0.0434118    20.0508 269.513731     2.0757      1.851     7.1150    298.956     6.9713 -9.990e-29
      1.817    20.3448 271.151736     2.1795 1.0000e-12     0.8919    80.0128 1.3004e+00 0.0000e+00  0.0434118    20.0438 269.696410     2.0745      1.853     7.1092    298.957     6.9658 -9.990e-29
