data/05_metadata_exports/SeabirdData/202310_SeabirdData/88589_STN715-NIGHT.cnv
* Sea-Bird SBE 9 Data File:
* FileName = C:\Users\rosette\Rosette Data\2023\Ontario lower food web csmi\STN715-NIGHT.hex
* Software Version Seasave V 7.26.6.26
* Temperature SN = 5270
* Conductivity SN = 1168
* Number of Bytes Per Scan = 40
* Number of Voltage Words = 5
* Number of Scans Averaged by the Deck Unit = 1
* NMEA Latitude = 43 38.15 N
* NMEA Longitude = 076 58.25 W
* NMEA UTC (Time) = Sep 24 2023  05:17:09
* NMEA baud rate = 4800
** Ship: Lake Guardian
** Cruise: Ontario LFW
** Station:  STN715-NIGHT
# nquan = 18                                
# nvalues = 19909                       
# units = specified
# name 0 = prDM: Pressure, Digiquartz [db]
# name 1 = t090C: Temperature [ITS-90, deg C]
# name 2 = c0uS/cm: Conductivity [uS/cm]
# name 3 = sbeox0V: Oxygen raw, SBE 43 [V]
# name 4 = par: PAR/Irradiance, Biospherical/Licor
# name 5 = bat: Beam Attenuation, Chelsea/Seatech [1/m]
# name 6 = xmiss: Beam Transmission, Chelsea/Seatech [%]
# name 7 = flSP: Fluorescence, Seapoint
# name 8 = spar: SPAR, Biospherical/Licor
# name 9 = upoly0: Upoly 0, Suna Nitrate
# name 10 = t190C: Temperature, 2 [ITS-90, deg C]
# name 11 = c1uS/cm: Conductivity, 2 [uS/cm]
# name 12 = sbeox1V: Oxygen raw, SBE 43, 2 [V]
# name 13 = depFM: Depth [fresh water, m], lat = 43.6358
# name 14 = sbeox0Mg/L: Oxygen, SBE 43 [mg/l], WS = 2
# name 15 = specc: Specific Conductance [uS/cm]
# name 16 = sbeox1Mg/L: Oxygen, SBE 43, 2 [mg/l], WS = 2
# name 17 = flag: flag
# span 0 =     -0.126,    149.857       
# span 1 =   -46.9732,    20.4227       
# span 2 = -2.924e+03, 306.103614       
# span 3 =     1.7766,     2.5495       
# span 4 = 1.0000e-12, 6.1760e+00       
# span 5 =     0.1563,     7.8989       
# span 6 =    13.8800,    96.1670       
# span 7 = 9.1575e-02, 1.6117e+00       
# span 8 = 0.0000e+00, 0.0000e+00       
# span 9 =  0.0413330,  0.0629524       
# span 10 =     3.8599,    20.4207      
# span 11 =   1.843197, 274.994519      
# span 12 =     1.7741,     2.9182      
# span 13 =     -0.128,    152.812      
# span 14 =  -303.9152,    12.4160      
# span 15 =  -3516.411,    516.646      
# span 16 =     5.5912,    12.6164      
# span 17 = 0.0000e+00, 0.0000e+00      
# interval = seconds: 0.0416667
# start_time = Sep 24 2023 05:17:09 [NMEA time, header]
# bad_flag = -9.990e-29
*END*
[from data line 18252]
     33.331     5.9590 194.612092     2.2662 1.0000e-12     0.4007    90.4686 3.4432e-01 0.0000e+00  0.0533900     5.9811 195.728501     2.2576     33.988    10.6259    314.292    10.7898 0.0000e+00
     33.311     5.9704 194.647953     2.2662 1.0000e-12     0.4007    90.4686 3.4066e-01 0.0000e+00  0.0533900     5.9830 195.789186     2.2564     33.968    10.6233    314.234    10.7825 0.0000e+00
     33.292     5.9770 194.671859     2.2662 1.0000e-12     0.4007    90.4686 3.4432e-01 0.0000e+00  0.0533900     5.9813 195.819529     2.2564     33.948    10.6235    314.205    10.7852 0.0000e+00
     33.272     5.9815 194.719679     2.2650 1.0000e-12     0.4007    90.4686 3.5165e-01 0.0000e+00  0.0533900     5.9790 195.849873     2.2564     33.928    10.6172    314.237    10.7885 0.0000e+00
     33.253     5.9836 194.719678     2.2650 1.0000e-12     0.4007    90.4686 3.4432e-01 0.0000e+00  0.0529742     5.9814 195.880215     2.2564     33.909    10.6174    314.216    10.7887 0.0000e+00
     33.232     5.9847 194.731632     2.2650 1.0000e-12     0.4007    90.4686 3.2234e-01 0.0000e+00  0.0529742     5.9936 195.910549     2.2564     33.887    10.6182    314.224    10.7864 0.0000e+00
     33.211     5.9859 194.695764     2.2650 1.0000e-12     0.4007    90.4686 3.1136e-01 0.0000e+00  0.0533900     6.0038 196.031914     2.2552     33.866    10.6182    314.154    10.7765 0.0000e+00
     33.189     5.9886 194.755541     2.2637 1.0000e-12     0.4007    90.4686 3.1868e-01 0.0000e+00  0.0533900     6.0051 195.971227     2.2552     33.843    10.6112    314.223    10.7771 0.0000e+00
     33.168     5.9931 194.779448     2.2637 1.0000e-12     0.4007    90.4686 3.2967e-01 0.0000e+00  0.0533900     6.0030 195.940884     2.2552     33.822    10.6099    314.216    10.7790 0.0000e+00
     33.147     5.9975 194.863138     2.2637 1.0000e-12     0.4007    90.4686 3.4799e-01 0.0000e+00  0.0533900     6.0014 195.849857     2.2552     33.801    10.6089    314.306    10.7811 0.0000e+00
     33.128     6.0032 194.958782     2.2650 1.0000e-12     0.4007    90.4686 3.6264e-01 0.0000e+00  0.0554688     6.0011 195.971228     2.2552     33.781    10.6159    314.403    10.7810 0.0000e+00
     33.108     6.0117 194.982689     2.2637 1.0000e-12     0.4007    90.4686 3.5897e-01 0.0000e+00  0.0554688     6.0097 196.062252     2.2552     33.761    10.6054    314.355    10.7787 0.0000e+00
     33.088     6.0177 195.018552     2.2650 1.0000e-12     0.4007    90.4686 3.4432e-01 0.0000e+00  0.0550530     6.0234 196.092585     2.2552     33.740    10.6119    314.352    10.7753 0.0000e+00
     33.066     6.0212 194.994638     2.2637 1.0000e-12     0.4007    90.4686 3.2234e-01 0.0000e+00  0.0554688     6.0309 196.031895     2.2540     33.718    10.6035    314.278    10.7654 0.0000e+00
     33.044     6.0225 194.958768     2.2637 1.0000e-12     0.4007    90.4686 3.0403e-01 0.0000e+00  0.0554688     6.0338 196.062235     2.2540     33.695    10.6039    314.207    10.7647 0.0000e+00
     33.022     6.0226 194.970723     2.2637 1.0000e-12     0.4007    90.4686 2.9670e-01 0.0000e+00  0.0550530     6.0331 196.153264     2.2540     33.673    10.6050    314.225    10.7653 0.0000e+00
     33.001     6.0235 194.982679     2.2637 1.0000e-12     0.4007    90.4686 3.0037e-01 0.0000e+00  0.0554688     6.0338 196.062234     2.2540     33.652    10.6052    314.235    10.7659 0.0000e+00
     32.981     6.0260 195.006590     2.2625 1.0000e-12     0.4007    90.4686 3.0769e-01 0.0000e+00  0.0554688     6.0360 196.183605     2.2540     33.631    10.5969    314.249    10.7652 0.0000e+00
     32.960     6.0309 195.102236     2.2625 1.0000e-12     0.4007    90.4686 3.1136e-01 0.0000e+00  0.0558845     6.0417 196.244288     2.2540     33.610    10.5955    314.353    10.7627 0.0000e+00
     32.939     6.0367 195.138100     2.2625 1.0000e-12     0.4007    90.4686 3.0403e-01 0.0000e+00  0.0550530     6.0460 196.304970     2.2540     33.588    10.5941    314.352    10.7609 0.0000e+00
     32.919     6.0406 195.150055     2.2637 1.0000e-12     0.4007    90.4686 2.9304e-01 0.0000e+00  0.0550530     6.0497 196.244282     2.2540     33.568    10.5999    314.332    10.7597 0.0000e+00
     32.900     6.0426 195.185923     2.2637 1.0000e-12     0.4007    90.4686 2.8571e-01 0.0000e+00  0.0550530     6.0534 196.335310     2.2527     33.549    10.5982    314.369    10.7506 0.0000e+00
     32.879     6.0448 195.150051     2.2625 1.0000e-12     0.4007    90.4686 2.9670e-01 0.0000e+00  0.0554688     6.0563 196.335307     2.2527     33.527    10.5893    314.289    10.7491 0.0000e+00
     32.858     6.0460 195.150049     2.2625 1.0000e-12     0.4007    90.4686 3.1136e-01 0.0000e+00  0.0554688     6.0592 196.335304     2.2527     33.506    10.5874    314.277    10.7480 0.0000e+00
     32.838     6.0468 195.162006     2.2625 1.0000e-12     0.4007    90.4686 3.1502e-01 0.0000e+00  0.0550530     6.0610 196.335304     2.2527     33.485    10.5869    314.288    10.7475 0.0000e+00
     32.818     6.0480 195.138091     2.2613 1.0000e-12     0.4007    90.4686 3.1136e-01 0.0000e+00  0.0550530     6.0605 196.335303     2.2527     33.465    10.5792    314.238    10.7481 0.0000e+00
     32.796     6.0507 195.150046     2.2625 1.0000e-12     0.4007    90.4686 3.1502e-01 0.0000e+00  0.0554688     6.0619 196.426333     2.2527     33.443    10.5860    314.230    10.7474 0.0000e+00
     32.774     6.0530 195.197869     2.2625 1.0000e-12     0.4007    90.4686 3.4432e-01 0.0000e+00  0.0563003     6.0628 196.365644     2.2527     33.420    10.5850    314.283    10.7471 0.0000e+00
     32.752     6.0563 195.185911     2.2613 1.0000e-12     0.4007    90.4686 3.6630e-01 0.0000e+00  0.0538058     6.0648 196.335299     2.2515     33.398    10.5756    314.231    10.7382 0.0000e+00
     32.731     6.0616 195.245689     2.2613 1.0000e-12     0.4007    90.4686 3.4799e-01 0.0000e+00  0.0529742     6.0715 196.365638     2.2515     33.376    10.5733    314.273    10.7358 0.0000e+00
     32.709     6.0667 195.233730     2.2613 1.0000e-12     0.4007    90.4686 3.3333e-01 0.0000e+00  0.0529742     6.0761 196.456666     2.2515     33.354    10.5704    314.202    10.7343 0.0000e+00
     32.686     6.0700 195.293508     2.2613 1.0000e-12     0.4007    90.4686 3.1136e-01 0.0000e+00  0.0533900     6.0764 196.395977     2.2515     33.330    10.5693    314.265    10.7334 0.0000e+00
     32.664     6.0732 195.329376     2.2601 1.0000e-12     0.4007    90.4686 2.9670e-01 0.0000e+00  0.0533900     6.0753 196.335290     2.2515     33.308    10.5601    314.290    10.7321 0.0000e+00
     32.644     6.0768 195.365244     2.2601 1.0000e-12     0.4007    90.4686 2.9304e-01 0.0000e+00  0.0533900     6.0733 196.426322     2.2515     33.288    10.5574    314.312    10.7314 0.0000e+00
     32.623     6.0802 195.329372     2.2601 1.0000e-12     0.4007    90.4686 2.9670e-01 0.0000e+00  0.0529742     6.0732 196.487009     2.2503     33.266    10.5541    314.220    10.7241 0.0000e+00
     32.602     6.0818 195.317413     2.2601 1.0000e-12     0.3995    90.4947 2.9670e-01 0.0000e+00  0.0533900     6.0766 196.395976     2.2503     33.245    10.5537    314.184    10.7226 0.0000e+00
     32.581     6.0837 195.401108     2.2601 1.0000e-12     0.4007    90.4686 2.9304e-01 0.0000e+00  0.0538058     6.0891 196.608373     2.2503     33.223    10.5524    314.300    10.7187 0.0000e+00
     32.561     6.0873 195.401105     2.2601 1.0000e-12     0.4007    90.4686 2.8938e-01 0.0000e+00  0.0538058     6.1038 196.638707     2.2503     33.203    10.5520    314.263    10.7147 0.0000e+00
     32.540     6.0911 195.377190     2.2601 1.0000e-12     0.4065    90.3379 2.9304e-01 0.0000e+00  0.0538058     6.1110 196.638703     2.2503     33.182    10.5498    314.186    10.7120 0.0000e+00
     32.519     6.0946 195.436970     2.2601 1.0000e-12     0.4099    90.2595 3.0769e-01 0.0000e+00  0.0533900     6.1128 196.547669     2.2503     33.160    10.5480    314.247    10.7112 0.0000e+00
     32.499     6.0989 195.460881     2.2589 1.0000e-12     0.4099    90.2595 3.4066e-01 0.0000e+00  0.0533900     6.1121 196.547670     2.2503     33.140    10.5390    314.242    10.7104 0.0000e+00
     32.478     6.1044 195.496748     2.2589 1.0000e-12     0.4099    90.2595 3.6264e-01 0.0000e+00  0.0533900     6.1131 196.547668     2.2491     33.118    10.5373    314.244    10.7020 0.0000e+00
     32.456     6.1085 195.556529     2.2589 1.0000e-12     0.4099    90.2595 3.5531e-01 0.0000e+00  0.0533900     6.1266 196.699379     2.2491     33.096    10.5343    314.299    10.6978 0.0000e+00
     32.435     6.1119 195.508699     2.2589 1.0000e-12     0.4099    90.2595 3.5165e-01 0.0000e+00  0.0533900     6.1504 196.851083     2.2491     33.074    10.5318    314.188    10.6910 0.0000e+00
     32.413     6.1144 195.496740     2.2589 1.0000e-12     0.4099    90.2595 3.6264e-01 0.0000e+00  0.0533900     6.1637 196.972452     2.2491     33.052    10.5300    314.143    10.6865 0.0000e+00
     32.392     6.1211 195.580433     2.2576 1.0000e-12     0.4099    90.2595 3.6996e-01 0.0000e+00  0.0529742     6.1632 196.881418     2.2491     33.031    10.5203    314.210    10.6865 0.0000e+00
     32.372     6.1311 195.616299     2.2576 1.0000e-12     0.4099    90.2595 3.5897e-01 0.0000e+00  0.0529742     6.1632 196.760043     2.2479     33.010    10.5169    314.167    10.6780 0.0000e+00
     32.351     6.1412 195.699991     2.2564 1.0000e-12     0.4099    90.2595 3.5531e-01 0.0000e+00  0.0529742     6.1802 196.972440     2.2479     32.989    10.5057    314.199    10.6724 0.0000e+00
     32.328     6.1484 195.640200     2.2576 1.0000e-12     0.4099    90.2595 3.5897e-01 0.0000e+00  0.0533900     6.2038 197.063457     2.2479     32.965    10.5103    314.030    10.6654 0.0000e+00
     32.307     6.1565 195.795638     2.2576 1.0000e-12     0.4099    90.2595 3.6264e-01 0.0000e+00  0.0538058     6.2226 197.154479     2.2479     32.944    10.5076    314.198    10.6601 0.0000e+00
     32.286     6.1672 195.855417     2.2576 1.0000e-12     0.4099    90.2595 3.5531e-01 0.0000e+00  0.0533900     6.2350 197.215160     2.2479     32.923    10.5027    314.186    10.6569 0.0000e+00
     32.265     6.1773 195.927154     2.2564 1.0000e-12     0.4099    90.2595 3.5897e-01 0.0000e+00  0.0529742     6.2400 197.275846     2.2479     32.901    10.4920    314.199    10.6563 0.0000e+00
     32.245     6.1855 195.963021     2.2564 1.0000e-12     0.4099    90.2595 3.7729e-01 0.0000e+00  0.0533900     6.2369 197.215158     2.2466     32.881    10.4905    314.174    10.6502 0.0000e+00
     32.224     6.1926 195.998890     2.2564 1.0000e-12     0.4099    90.2595 3.8462e-01 0.0000e+00  0.0538058     6.2318 197.215161     2.2466     32.859    10.4886    314.160    10.6521 0.0000e+00
     32.202     6.1988 195.974969     2.2552 1.0000e-12     0.4099    90.2595 3.9194e-01 0.0000e+00  0.0538058     6.2360 197.306191     2.2466     32.837    10.4791    314.060    10.6505 0.0000e+00
     32.180     6.2045 196.046711     2.2564 1.0000e-12     0.4099    90.2595 4.1392e-01 0.0000e+00  0.0529742     6.2395 197.306189     2.2466     32.814    10.4847    314.117    10.6495 0.0000e+00
     32.159     6.2090 196.070623     2.2564 1.0000e-12     0.4099    90.2595 4.3590e-01 0.0000e+00  0.0529742     6.2464 197.336530     2.2454     32.793    10.4837    314.110    10.6404 0.0000e+00
     32.136     6.2141 196.106492     2.2552 1.0000e-12     0.4099    90.2595 4.4322e-01 0.0000e+00  0.0533900     6.2576 197.518592     2.2454     32.770    10.4737    314.116    10.6379 0.0000e+00
     32.113     6.2194 196.130404     2.2540 1.0000e-12     0.4134    90.1811 4.2857e-01 0.0000e+00  0.0533900     6.2648 197.639968     2.2466     32.746    10.4649    314.101    10.6444 0.0000e+00
     32.090     6.2249 196.166272     2.2552 1.0000e-12     0.4180    90.0765 3.8828e-01 0.0000e+00  0.0533900     6.2654 197.427549     2.2454     32.723    10.4710    314.103    10.6371 0.0000e+00
     32.069     6.2304 196.226060     2.2552 1.0000e-12     0.4192    90.0504 3.5531e-01 0.0000e+00  0.0533900     6.2683 197.457894     2.2454     32.701    10.4692    314.144    10.6369 0.0000e+00
     32.048     6.2409 196.357588     2.2552 1.0000e-12     0.4192    90.0504 3.3333e-01 0.0000e+00  0.0538058     6.2730 197.548925     2.2454     32.680    10.4662    314.249    10.6353 0.0000e+00
     32.027     6.2525 196.465204     2.2540 1.0000e-12     0.4192    90.0504 3.2967e-01 0.0000e+00  0.0538058     6.2936 197.761328     2.2454     32.658    10.4561    314.304    10.6296 0.0000e+00
     32.007     6.2606 196.453241     2.2540 1.0000e-12     0.4192    90.0504 3.4432e-01 0.0000e+00  0.0533900     6.3138 197.973735     2.2454     32.638    10.4546    314.204    10.6244 0.0000e+00
     31.986     6.2661 196.489111     2.2540 1.0000e-12     0.4192    90.0504 3.5531e-01 0.0000e+00  0.0529742     6.3159 197.913042     2.2442     32.617    10.4542    314.206    10.6172 0.0000e+00
     31.964     6.2757 196.692397     2.2540 1.0000e-12     0.4192    90.0504 3.5897e-01 0.0000e+00  0.0533900     6.3134 197.882697     2.2442     32.594    10.4520    314.434    10.6192 0.0000e+00
     31.943     6.2904 196.776096     2.2527 1.0000e-12     0.4192    90.0504 3.4799e-01 0.0000e+00  0.0538058     6.3138 197.730968     2.2442     32.573    10.4408    314.420    10.6195 0.0000e+00
     31.923     6.3033 196.859800     2.2527 1.0000e-12     0.4192    90.0504 3.3333e-01 0.0000e+00  0.0533900     6.3151 197.943387     2.2442     32.552    10.4383    314.424    10.6200 0.0000e+00
     31.903     6.3158 196.967420     2.2527 1.0000e-12     0.4192    90.0504 3.3700e-01 0.0000e+00  0.0533900     6.3417 198.125444     2.2430     32.532    10.4363    314.470    10.6050 0.0000e+00
     31.883     6.3339 197.051120     2.2527 1.0000e-12     0.4192    90.0504 3.5531e-01 0.0000e+00  0.0538058     6.3761 198.337844     2.2430     32.512    10.4320    314.422    10.5957 0.0000e+00
     31.864     6.3464 197.122867     2.2515 1.0000e-12     0.4192    90.0504 3.6630e-01 0.0000e+00  0.0533900     6.3987 198.671641     2.2430     32.492    10.4214    314.411    10.5901 0.0000e+00
     31.844     6.3537 197.170698     2.2515 1.0000e-12     0.4192    90.0504 3.6264e-01 0.0000e+00  0.0525585     6.4142 198.793018     2.2430     32.472    10.4198    314.414    10.5857 0.0000e+00
     31.824     6.3598 197.218530     2.2515 1.0000e-12     0.4192    90.0504 3.4432e-01 0.0000e+00  0.0529742     6.4168 198.701975     2.2430     32.451    10.4169    314.430    10.5854 0.0000e+00
     31.803     6.3645 197.170690     2.2515 1.0000e-12     0.4192    90.0504 3.2967e-01 0.0000e+00  0.0538058     6.4142 198.762670     2.2430     32.430    10.4167    314.306    10.5868 0.0000e+00
     31.782     6.3693 197.218523     2.2503 1.0000e-12     0.4192    90.0504 3.3333e-01 0.0000e+00  0.0533900     6.4193 198.793013     2.2430     32.409    10.4085    314.334    10.5852 0.0000e+00
     31.761     6.3766 197.326152     2.2503 1.0000e-12     0.4192    90.0504 3.4432e-01 0.0000e+00  0.0533900     6.4321 198.793005     2.2430     32.387    10.4073    314.433    10.5819 0.0000e+00
     31.740     6.3905 197.493575     2.2515 1.0000e-12     0.4192    90.0504 3.5531e-01 0.0000e+00  0.0533900     6.4423 198.792998     2.2430     32.366    10.4107    314.560    10.5797 0.0000e+00
     31.719     6.4014 197.613165     2.2515 1.0000e-12     0.4192    90.0504 3.5897e-01 0.0000e+00  0.0533900     6.4479 198.975076     2.2430     32.344    10.4092    314.641    10.5779 0.0000e+00
     31.698     6.4099 197.649038     2.2503 1.0000e-12     0.4192    90.0504 3.6264e-01 0.0000e+00  0.0533900     6.4645 199.066106     2.2418     32.323    10.4013    314.613    10.5649 0.0000e+00
