data/05_metadata_exports/SeabirdData/202310_SeabirdData/88589_STN715-NIGHT.cnv
* Sea-Bird SBE 9 Data File:
* FileName = C:\Users\rosette\Rosette Data\2023\Ontario lower food web csmi\STN715-NIGHT.hex
* Software Version Seasave V 7.26.6.26
* Temperature SN = 5270
* Conductivity SN = 1168
* Number of Bytes Per Scan = 40
* Number of Voltage Words = 5
* Number of Scans Averaged by the Deck Unit = 1
* NMEA Latitude = 43 38.15 N
* NMEA Longitude = 076 58.25 W
* NMEA UTC (Time) = Sep 24 2023  05:17:09
* NMEA baud rate = 4800
** Ship: Lake Guardian
** Cruise: Ontario LFW
** Station:  STN715-NIGHT
# nquan = 18                                
# nvalues = 19909                       
# units = specified
# name 0 = prDM: Pressure, Digiquartz [db]
# name 1 = t090C: Temperature [ITS-90, deg C]
# name 2 = c0uS/cm: Conductivity [uS/cm]
# name 3 = sbeox0V: Oxygen raw, SBE 43 [V]
# name 4 = par: PAR/Irradiance, Biospherical/Licor
# name 5 = bat: Beam Attenuation, Chelsea/Seatech [1/m]
# name 6 = xmiss: Beam Transmission, Chelsea/Seatech [%]
# name 7 = flSP: Fluorescence, Seapoint
# name 8 = spar: SPAR, Biospherical/Licor
# name 9 = upoly0: Upoly 0, Suna Nitrate
# name 10 = t190C: Temperature, 2 [ITS-90, deg C]
# name 11 = c1uS/cm: Conductivity, 2 [uS/cm]
# name 12 = sbeox1V: Oxygen raw, SBE 43, 2 [V]
# name 13 = depFM: Depth [fresh water, m], lat = 43.6358
# name 14 = sbeox0Mg/L: Oxygen, SBE 43 [mg/l], WS = 2
# name 15 = specc: Specific Conductance [uS/cm]
# name 16 = sbeox1Mg/L: Oxygen, SBE 43, 2 [mg/l], WS = 2
# name 17 = flag: flag
# span 0 =     -0.126,    149.857       
# span 1 =   -46.9732,    20.4227       
# span 2 = -2.924e+03, 306.103614       
# span 3 =     1.7766,     2.5495       
# span 4 = 1.0000e-12, 6.1760e+00       
# span 5 =     0.1563,     7.8989       
# span 6 =    13.8800,    96.1670       
# span 7 = 9.1575e-02, 1.6117e+00       
# span 8 = 0.0000e+00, 0.0000e+00       
# span 9 =  0.0413330,  0.0629524       
# span 10 =     3.8599,    20.4207      
# span 11 =   1.843197, 274.994519      
# span 12 =     1.7741,     2.9182      
# span 13 =     -0.128,    152.812      
# span 14 =  -303.9152,    12.4160      
# span 15 =  -3516.411,    516.646      
# span 16 =     5.5912,    12.6164      
# span 17 = 0.0000e+00, 0.0000e+00      
# interval = seconds: 0.0416667
# start_time = Sep 24 2023 05:17:09 [NMEA time, header]
# bad_flag = -9.990e-29
*END*
[from data line 17769]
     43.318     4.7329 187.358991     2.3333 1.0000e-12     0.3604    91.3835 1.8681e-01 0.0000e+00  0.0563003     4.7340 188.418121     2.3284     44.172    11.5005    315.058    11.7112 0.0000e+00
     43.297     4.7336 187.323153     2.3333 1.0000e-12     0.3616    91.3573 1.7949e-01 0.0000e+00  0.0558845     4.7341 188.478785     2.3284     44.151    11.5003    314.990    11.7108 0.0000e+00
     43.277     4.7351 187.394826     2.3333 1.0000e-12     0.3616    91.3573 1.7949e-01 0.0000e+00  0.0538058     4.7325 188.539451     2.3284     44.130    11.4988    315.095    11.7109 0.0000e+00
     43.258     4.7370 187.418716     2.3333 1.0000e-12     0.3616    91.3573 1.8315e-01 0.0000e+00  0.0538058     4.7321 188.418121     2.3272     44.111    11.4984    315.115    11.7030 0.0000e+00
     43.238     4.7405 187.442605     2.3333 1.0000e-12     0.3616    91.3573 1.9048e-01 0.0000e+00  0.0538058     4.7353 188.478783     2.3284     44.090    11.4964    315.118    11.7094 0.0000e+00
     43.219     4.7450 187.466494     2.3333 1.0000e-12     0.3616    91.3573 1.9414e-01 0.0000e+00  0.0533900     4.7373 188.448450     2.3272     44.071    11.4941    315.111    11.7008 0.0000e+00
     43.199     4.7479 187.454546     2.3333 1.0000e-12     0.3616    91.3573 1.8681e-01 0.0000e+00  0.0533900     4.7382 188.448449     2.3272     44.051    11.4923    315.060    11.6991 0.0000e+00
     43.179     4.7488 187.442599     2.3333 1.0000e-12     0.3616    91.3573 1.7582e-01 0.0000e+00  0.0533900     4.7387 188.509113     2.3272     44.030    11.4913    315.030    11.6988 0.0000e+00
     43.159     4.7491 187.394815     2.3333 1.0000e-12     0.3616    91.3573 1.7216e-01 0.0000e+00  0.0538058     4.7396 188.539445     2.3284     44.010    11.4905    314.947    11.7051 0.0000e+00
     43.140     4.7502 187.382869     2.3333 1.0000e-12     0.3616    91.3573 1.7582e-01 0.0000e+00  0.0538058     4.7423 188.418113     2.3284     43.991    11.4895    314.915    11.7031 0.0000e+00
     43.120     4.7507 187.406759     2.3333 1.0000e-12     0.3616    91.3573 1.8681e-01 0.0000e+00  0.0538058     4.7493 188.539438     2.3284     43.970    11.4887    314.950    11.6997 0.0000e+00
     43.100     4.7508 187.442596     2.3321 1.0000e-12     0.3616    91.3573 1.8681e-01 0.0000e+00  0.0538058     4.7572 188.539433     2.3272     43.950    11.4805    315.009    11.6885 0.0000e+00
     43.081     4.7521 187.514271     2.3333 1.0000e-12     0.3616    91.3573 1.8315e-01 0.0000e+00  0.0529742     4.7600 188.751760     2.3284     43.930    11.4871    315.116    11.6945 0.0000e+00
     43.061     4.7559 187.538159     2.3333 1.0000e-12     0.3604    91.3835 1.7582e-01 0.0000e+00  0.0533900     4.7600 188.539430     2.3284     43.910    11.4866    315.116    11.6938 0.0000e+00
     43.041     4.7587 187.490374     2.3321 1.0000e-12     0.3616    91.3573 1.7216e-01 0.0000e+00  0.0538058     4.7576 188.509099     2.3272     43.890    11.4789    315.006    11.6862 0.0000e+00
     43.021     4.7608 187.502318     2.3321 1.0000e-12     0.3616    91.3573 1.6850e-01 0.0000e+00  0.0542215     4.7546 188.539433     2.3272     43.869    11.4779    315.003    11.6866 0.0000e+00
     43.000     4.7617 187.514263     2.3333 1.0000e-12     0.3627    91.3312 1.7216e-01 0.0000e+00  0.0538058     4.7525 188.539434     2.3272     43.848    11.4849    315.014    11.6869 0.0000e+00
     42.980     4.7623 187.526208     2.3333 1.0000e-12     0.3627    91.3312 1.7949e-01 0.0000e+00  0.0533900     4.7552 188.630430     2.3272     43.827    11.4845    315.028    11.6857 0.0000e+00
     42.960     4.7627 187.490369     2.3333 1.0000e-12     0.3627    91.3312 1.9048e-01 0.0000e+00  0.0533900     4.7593 188.600094     2.3272     43.807    11.4844    314.963    11.6841 0.0000e+00
     42.940     4.7644 187.585937     2.3333 1.0000e-12     0.3627    91.3312 1.9780e-01 0.0000e+00  0.0533900     4.7618 188.660759     2.3272     43.787    11.4838    315.106    11.6831 0.0000e+00
     42.920     4.7663 187.562041     2.3333 1.0000e-12     0.3627    91.3312 1.9048e-01 0.0000e+00  0.0533900     4.7647 188.691088     2.3272     43.766    11.4832    315.046    11.6822 0.0000e+00
     42.901     4.7687 187.609825     2.3333 1.0000e-12     0.3627    91.3312 1.7949e-01 0.0000e+00  0.0529742     4.7672 188.691087     2.3272     43.747    11.4824    315.100    11.6814 0.0000e+00
     42.881     4.7715 187.562038     2.3321 1.0000e-12     0.3627    91.3312 1.7582e-01 0.0000e+00  0.0533900     4.7684 188.691085     2.3272     43.726    11.4740    314.991    11.6812 0.0000e+00
     42.862     4.7735 187.538145     2.3321 1.0000e-12     0.3627    91.3312 1.7582e-01 0.0000e+00  0.0533900     4.7675 188.691086     2.3272     43.707    11.4735    314.929    11.6818 0.0000e+00
     42.842     4.7753 187.621765     2.3321 1.0000e-12     0.3627    91.3312 1.7949e-01 0.0000e+00  0.0533900     4.7674 188.600087     2.3272     43.687    11.4731    315.051    11.6822 0.0000e+00
     42.823     4.7764 187.609819     2.3333 1.0000e-12     0.3627    91.3312 1.9048e-01 0.0000e+00  0.0533900     4.7675 188.660753     2.3272     43.667    11.4806    315.019    11.6826 0.0000e+00
     42.803     4.7772 187.597871     2.3321 1.0000e-12     0.3627    91.3312 2.0513e-01 0.0000e+00  0.0533900     4.7692 188.600085     2.3272     43.647    11.4730    314.990    11.6826 0.0000e+00
     42.784     4.7777 187.621763     2.3321 1.0000e-12     0.3627    91.3312 2.1245e-01 0.0000e+00  0.0533900     4.7729 188.660749     2.3272     43.628    11.4732    315.025    11.6821 0.0000e+00
     42.764     4.7784 187.585924     2.3321 1.0000e-12     0.3627    91.3312 2.1612e-01 0.0000e+00  0.0533900     4.7789 188.782076     2.3272     43.607    11.4723    314.958    11.6796 0.0000e+00
     42.743     4.7793 187.633707     2.3321 1.0000e-12     0.3627    91.3312 2.1612e-01 0.0000e+00  0.0533900     4.7817 188.721408     2.3272     43.586    11.4724    315.028    11.6795 0.0000e+00
     42.721     4.7807 187.657598     2.3321 1.0000e-12     0.3627    91.3312 2.1612e-01 0.0000e+00  0.0533900     4.7811 188.782073     2.3260     43.563    11.4724    315.054    11.6716 0.0000e+00
     42.701     4.7831 187.681488     2.3321 1.0000e-12     0.3627    91.3312 2.1245e-01 0.0000e+00  0.0538058     4.7826 188.751739     2.3272     43.543    11.4711    315.068    11.6774 0.0000e+00
     42.681     4.7859 187.657594     2.3321 1.0000e-12     0.3627    91.3312 2.0879e-01 0.0000e+00  0.0533900     4.7836 188.691073     2.3260     43.522    11.4698    314.999    11.6692 0.0000e+00
     42.661     4.7891 187.741214     2.3321 1.0000e-12     0.3627    91.3312 2.0879e-01 0.0000e+00  0.0533900     4.7836 188.721405     2.3260     43.502    11.4695    315.105    11.6703 0.0000e+00
     42.641     4.7925 187.729266     2.3321 1.0000e-12     0.3627    91.3312 2.1245e-01 0.0000e+00  0.0529742     4.7831 188.751738     2.3260     43.482    11.4691    315.049    11.6717 0.0000e+00
     42.620     4.7953 187.717318     2.3321 1.0000e-12     0.3627    91.3312 2.3810e-01 0.0000e+00  0.0533900     4.7817 188.812405     2.3260     43.460    11.4679    314.999    11.6734 0.0000e+00
     42.599     4.7974 187.693424     2.3321 1.0000e-12     0.3639    91.3051 2.9304e-01 0.0000e+00  0.0533900     4.7818 188.842736     2.3260     43.439    11.4660    314.937    11.6724 0.0000e+00
     42.578     4.7997 187.777046     2.3321 1.0000e-12     0.3639    91.3051 3.3700e-01 0.0000e+00  0.0533900     4.7850 188.751736     2.3260     43.417    11.4651    315.053    11.6716 0.0000e+00
     42.558     4.8012 187.765097     2.3321 1.0000e-12     0.3639    91.3051 3.2601e-01 0.0000e+00  0.0529742     4.7887 188.812398     2.3260     43.397    11.4646    315.017    11.6709 0.0000e+00
     42.537     4.8028 187.753151     2.3321 1.0000e-12     0.3639    91.3051 3.0403e-01 0.0000e+00  0.0533900     4.7904 188.933730     2.3260     43.376    11.4630    314.980    11.6697 0.0000e+00
     42.517     4.8053 187.788986     2.3321 1.0000e-12     0.3650    91.2789 2.8571e-01 0.0000e+00  0.0533900     4.7945 188.903393     2.3260     43.355    11.4612    315.014    11.6678 0.0000e+00
     42.497     4.8072 187.765094     2.3321 1.0000e-12     0.3639    91.3051 2.6374e-01 0.0000e+00  0.0538058     4.8015 188.842724     2.3260     43.335    11.4608    314.954    11.6651 0.0000e+00
     42.476     4.8082 187.765092     2.3309 1.0000e-12     0.3639    91.3051 2.5275e-01 0.0000e+00  0.0538058     4.8047 188.873053     2.3260     43.313    11.4531    314.943    11.6637 0.0000e+00
     42.455     4.8087 187.753146     2.3321 1.0000e-12     0.3639    91.3051 2.4908e-01 0.0000e+00  0.0533900     4.8061 188.994385     2.3260     43.292    11.4608    314.918    11.6631 0.0000e+00
     42.434     4.8092 187.788983     2.3321 1.0000e-12     0.3639    91.3051 2.4176e-01 0.0000e+00  0.0529742     4.8061 188.933718     2.3260     43.271    11.4610    314.973    11.6629 0.0000e+00
     42.414     4.8099 187.812875     2.3321 1.0000e-12     0.3639    91.3051 2.3077e-01 0.0000e+00  0.0529742     4.8048 188.903385     2.3260     43.250    11.4613    315.005    11.6633 0.0000e+00
     42.393     4.8116 187.848713     2.3321 1.0000e-12     0.3639    91.3051 2.2711e-01 0.0000e+00  0.0538058     4.8045 188.903386     2.3260     43.229    11.4613    315.048    11.6635 0.0000e+00
     42.373     4.8141 187.836764     2.3321 1.0000e-12     0.3639    91.3051 2.3810e-01 0.0000e+00  0.0538058     4.8085 188.782050     2.3260     43.208    11.4601    315.001    11.6624 0.0000e+00
     42.353     4.8170 187.860655     2.3321 1.0000e-12     0.3639    91.3051 2.7473e-01 0.0000e+00  0.0533900     4.8101 188.964048     2.3260     43.188    11.4588    315.011    11.6621 0.0000e+00
     42.332     4.8187 187.908439     2.3321 1.0000e-12     0.3639    91.3051 2.9304e-01 0.0000e+00  0.0529742     4.8093 188.873049     2.3260     43.167    11.4579    315.073    11.6627 0.0000e+00
     42.311     4.8196 187.884545     2.3321 1.0000e-12     0.3639    91.3051 2.7839e-01 0.0000e+00  0.0529742     4.8080 188.873048     2.3260     43.145    11.4584    315.023    11.6636 0.0000e+00
     42.290     4.8206 187.836759     2.3321 1.0000e-12     0.3650    91.2789 2.6007e-01 0.0000e+00  0.0533900     4.8068 188.721384     2.3260     43.124    11.4568    314.932    11.6646 0.0000e+00
     42.269     4.8209 187.872597     2.3309 1.0000e-12     0.3650    91.2789 2.4908e-01 0.0000e+00  0.0533900     4.8064 188.782049     2.3260     43.102    11.4479    314.989    11.6654 0.0000e+00
     42.248     4.8221 187.872596     2.3321 1.0000e-12     0.3639    91.3051 2.5275e-01 0.0000e+00  0.0533900     4.8082 188.842714     2.3260     43.081    11.4541    314.977    11.6655 0.0000e+00
     42.229     4.8236 187.908434     2.3321 1.0000e-12     0.3639    91.3051 2.6740e-01 0.0000e+00  0.0533900     4.8119 188.873045     2.3260     43.062    11.4526    315.021    11.6652 0.0000e+00
     42.210     4.8247 187.944272     2.3309 1.0000e-12     0.3650    91.2789 2.7839e-01 0.0000e+00  0.0533900     4.8178 188.994373     2.3248     43.042    11.4437    315.069    11.6541 0.0000e+00
     42.192     4.8262 187.956219     2.3309 1.0000e-12     0.3673    91.2266 2.7839e-01 0.0000e+00  0.0533900     4.8213 189.055038     2.3260     43.024    11.4424    315.074    11.6605 0.0000e+00
     42.171     4.8274 187.956217     2.3321 1.0000e-12     0.3696    91.1744 2.7473e-01 0.0000e+00  0.0529742     4.8230 188.933703     2.3260     43.002    11.4489    315.061    11.6588 0.0000e+00
     42.150     4.8286 187.908429     2.3321 1.0000e-12     0.3707    91.1482 2.7839e-01 0.0000e+00  0.0529742     4.8233 189.085368     2.3260     42.981    11.4479    314.968    11.6587 0.0000e+00
     42.129     4.8286 187.968162     2.3309 1.0000e-12     0.3696    91.1744 2.9304e-01 0.0000e+00  0.0529742     4.8221 189.115703     2.3260     42.960    11.4397    315.068    11.6592 0.0000e+00
     42.108     4.8286 187.956215     2.3309 1.0000e-12     0.3696    91.1744 2.9670e-01 0.0000e+00  0.0533900     4.8218 188.933703     2.3248     42.938    11.4403    315.048    11.6506 0.0000e+00
     42.087     4.8286 187.908428     2.3309 1.0000e-12     0.3696    91.1744 2.7473e-01 0.0000e+00  0.0533900     4.8227 188.903368     2.3248     42.917    11.4399    314.968    11.6494 0.0000e+00
     42.067     4.8291 187.896482     2.3309 1.0000e-12     0.3707    91.1482 2.5275e-01 0.0000e+00  0.0538058     4.8244 188.933700     2.3248     42.896    11.4394    314.943    11.6480 0.0000e+00
     42.046     4.8297 187.920374     2.3309 1.0000e-12     0.3696    91.1744 2.4542e-01 0.0000e+00  0.0533900     4.8251 189.055033     2.3248     42.875    11.4389    314.976    11.6470 0.0000e+00
     42.025     4.8303 187.932319     2.3309 1.0000e-12     0.3696    91.1744 2.5275e-01 0.0000e+00  0.0529742     4.8246 189.055032     2.3248     42.854    11.4375    314.990    11.6466 0.0000e+00
     42.004     4.8308 187.896480     2.3309 1.0000e-12     0.3707    91.1482 2.5275e-01 0.0000e+00  0.0529742     4.8246 188.964032     2.3248     42.832    11.4361    314.925    11.6460 0.0000e+00
     41.984     4.8314 187.968157     2.3309 1.0000e-12     0.3707    91.1482 2.4176e-01 0.0000e+00  0.0533900     4.8269 188.964030     2.3248     42.812    11.4349    315.039    11.6436 0.0000e+00
     41.964     4.8323 187.944264     2.3309 1.0000e-12     0.3696    91.1744 2.3443e-01 0.0000e+00  0.0533900     4.8285 189.024697     2.3248     42.791    11.4326    314.989    11.6415 0.0000e+00
     41.943     4.8333 187.968155     2.3309 1.0000e-12     0.3707    91.1482 2.2711e-01 0.0000e+00  0.0538058     4.8297 189.055027     2.3248     42.770    11.4326    315.019    11.6397 0.0000e+00
     41.923     4.8342 187.956209     2.3309 1.0000e-12     0.3707    91.1482 2.1978e-01 0.0000e+00  0.0538058     4.8299 189.085361     2.3248     42.750    11.4316    314.989    11.6384 0.0000e+00
     41.903     4.8343 187.956207     2.3309 1.0000e-12     0.3696    91.1744 2.0879e-01 0.0000e+00  0.0529742     4.8282 188.933695     2.3248     42.729    11.4310    314.988    11.6378 0.0000e+00
     41.882     4.8346 187.992047     2.3309 1.0000e-12     0.3696    91.1744 1.9780e-01 0.0000e+00  0.0529742     4.8288 189.055028     2.3248     42.708    11.4305    315.045    11.6367 0.0000e+00
     41.861     4.8351 187.944260     2.3309 1.0000e-12     0.3696    91.1744 1.9414e-01 0.0000e+00  0.0538058     4.8320 188.933692     2.3248     42.686    11.4300    314.959    11.6349 0.0000e+00
     41.840     4.8359 187.968152     2.3309 1.0000e-12     0.3696    91.1744 1.9414e-01 0.0000e+00  0.0538058     4.8353 189.055022     2.3248     42.665    11.4296    314.991    11.6331 0.0000e+00
     41.820     4.8364 187.956205     2.3309 1.0000e-12     0.3707    91.1482 1.9780e-01 0.0000e+00  0.0529742     4.8369 188.994355     2.3248     42.645    11.4294    314.966    11.6309 0.0000e+00
     41.800     4.8372 187.980097     2.3297 1.0000e-12     0.3707    91.1482 2.0147e-01 0.0000e+00  0.0525585     4.8369 189.055020     2.3248     42.624    11.4206    314.997    11.6295 0.0000e+00
     41.779     4.8379 187.956203     2.3297 1.0000e-12     0.3696    91.1744 2.0513e-01 0.0000e+00  0.0529742     4.8352 188.933688     2.3248     42.603    11.4196    314.950    11.6299 0.0000e+00
     41.759     4.8389 188.027882     2.3297 1.0000e-12     0.3661    91.2528 2.0513e-01 0.0000e+00  0.0538058     4.8340 189.055022     2.3248     42.582    11.4176    315.059    11.6292 0.0000e+00
     41.739     4.8401 187.980094     2.3297 1.0000e-12     0.3661    91.2528 2.0513e-01 0.0000e+00  0.0538058     4.8331 188.994355     2.3248     42.562    11.4167    314.967    11.6286 0.0000e+00
     41.718     4.8406 187.980093     2.3297 1.0000e-12     0.3661    91.2528 2.1245e-01 0.0000e+00  0.0538058     4.8342 189.055021     2.3236     42.541    11.4163    314.961    11.6198 0.0000e+00
