data/05_metadata_exports/SeabirdData/202310_SeabirdData/88589_STN715-NIGHT.cnv
* Sea-Bird SBE 9 Data File:
* FileName = C:\Users\rosette\Rosette Data\2023\Ontario lower food web csmi\STN715-NIGHT.hex
* Software Version Seasave V 7.26.6.26
* Temperature SN = 5270
* Conductivity SN = 1168
* Number of Bytes Per Scan = 40
* Number of Voltage Words = 5
* Number of Scans Averaged by the Deck Unit = 1
* NMEA Latitude = 43 38.15 N
* NMEA Longitude = 076 58.25 W
* NMEA UTC (Time) = Sep 24 2023  05:17:09
* NMEA baud rate = 4800
** Ship: Lake Guardian
** Cruise: Ontario LFW
** Station:  STN715-NIGHT
# nquan = 18                                
# nvalues = 19909                       
# units = specified
# name 0 = prDM: Pressure, Digiquartz [db]
# name 1 = t090C: Temperature [ITS-90, deg C]
# name 2 = c0uS/cm: Conductivity [uS/cm]
# name 3 = sbeox0V: Oxygen raw, SBE 43 [V]
# name 4 = par: PAR/Irradiance, Biospherical/Licor
# name 5 = bat: Beam Attenuation, Chelsea/Seatech [1/m]
# name 6 = xmiss: Beam Transmission, Chelsea/Seatech [%]
# name 7 = flSP: Fluorescence, Seapoint
# name 8 = spar: SPAR, Biospherical/Licor
# name 9 = upoly0: Upoly 0, Suna Nitrate
# name 10 = t190C: Temperature, 2 [ITS-90, deg C]
# name 11 = c1uS/cm: Conductivity, 2 [uS/cm]
# name 12 = sbeox1V: Oxygen raw, SBE 43, 2 [V]
# name 13 = depFM: Depth [fresh water, m], lat = 43.6358
# name 14 = sbeox0Mg/L: Oxygen, SBE 43 [mg/l], WS = 2
# name 15 = specc: Specific Conductance [uS/cm]
# name 16 = sbeox1Mg/L: Oxygen, SBE 43, 2 [mg/l], WS = 2
# name 17 = flag: flag
# span 0 =     -0.126,    149.857       
# span 1 =   -46.9732,    20.4227       
# span 2 = -2.924e+03, 306.103614       
# span 3 =     1.7766,     2.5495       
# span 4 = 1.0000e-12, 6.1760e+00       
# span 5 =     0.1563,     7.8989       
# span 6 =    13.8800,    96.1670       
# span 7 = 9.1575e-02, 1.6117e+00       
# span 8 = 0.0000e+00, 0.0000e+00       
# span 9 =  0.0413330,  0.0629524       
# span 10 =     3.8599,    20.4207      
# span 11 =   1.843197, 274.994519      
# span 12 =     1.7741,     2.9182      
# span 13 =     -0.128,    152.812      
# span 14 =  -303.9152,    12.4160      
# span 15 =  -3516.411,    516.646      
# span 16 =     5.5912,    12.6164      
# span 17 = 0.0000e+00, 0.0000e+00      
# interval = seconds: 0.0416667
# start_time = Sep 24 2023 05:17:09 [NMEA time, header]
# bad_flag = -9.990e-29
*END*
[from data line 6111]
     37.180     5.4770 191.839201     2.2369 1.0000e-12     0.4273    89.8674 2.4542e-01 0.0000e+00  0.0546373     5.4827 193.058902     2.2271     37.913    10.7560    314.714    10.9567 0.0000e+00
     37.200     5.4744 191.827251     2.2381 1.0000e-12     0.4273    89.8674 2.4542e-01 0.0000e+00  0.0546373     5.4788 192.998227     2.2271     37.933    10.7637    314.722    10.9578 0.0000e+00
     37.220     5.4715 191.803349     2.2381 1.0000e-12     0.4285    89.8412 2.3810e-01 0.0000e+00  0.0542215     5.4730 192.967892     2.2271     37.954    10.7636    314.712    10.9577 0.0000e+00
     37.240     5.4688 191.755546     2.2381 1.0000e-12     0.4285    89.8412 2.3443e-01 0.0000e+00  0.0542215     5.4699 192.876879     2.2283     37.974    10.7641    314.662    10.9650 0.0000e+00
     37.259     5.4660 191.803353     2.2381 1.0000e-12     0.4273    89.8674 2.3443e-01 0.0000e+00  0.0546373     5.4670 192.937557     2.2283     37.994    10.7641    314.769    10.9640 0.0000e+00
     37.278     5.4629 191.779453     2.2381 1.0000e-12     0.4285    89.8412 2.3443e-01 0.0000e+00  0.0546373     5.4668 193.028575     2.2283     38.013    10.7637    314.762    10.9638 0.0000e+00
     37.298     5.4607 191.767503     2.2393 1.0000e-12     0.4285    89.8412 2.3443e-01 0.0000e+00  0.0542215     5.4689 193.058913     2.2283     38.033    10.7711    314.765    10.9625 0.0000e+00
     37.317     5.4588 191.719697     2.2393 1.0000e-12     0.4273    89.8674 2.3443e-01 0.0000e+00  0.0542215     5.4704 193.089251     2.2283     38.053    10.7716    314.706    10.9608 0.0000e+00
     37.335     5.4574 191.707747     2.2393 1.0000e-12     0.4273    89.8674 2.4176e-01 0.0000e+00  0.0538058     5.4668 192.937560     2.2295     38.071    10.7714    314.701    10.9687 0.0000e+00
     37.354     5.4554 191.731651     2.2405 1.0000e-12     0.4285    89.8412 2.4176e-01 0.0000e+00  0.0542215     5.4607 192.816208     2.2295     38.090    10.7783    314.761    10.9693 0.0000e+00
     37.374     5.4536 191.695799     2.2405 1.0000e-12     0.4285    89.8412 2.3443e-01 0.0000e+00  0.0546373     5.4555 192.755536     2.2295     38.111    10.7783    314.721    10.9690 0.0000e+00
     37.393     5.4519 191.636041     2.2393 1.0000e-12     0.4285    89.8412 2.2711e-01 0.0000e+00  0.0546373     5.4516 192.694861     2.2308     38.130    10.7714    314.640    10.9771 0.0000e+00
     37.412     5.4495 191.659947     2.2393 1.0000e-12     0.4273    89.8674 2.2711e-01 0.0000e+00  0.0550530     5.4491 192.725202     2.2308     38.150    10.7716    314.704    10.9783 0.0000e+00
     37.432     5.4472 191.683851     2.2405 1.0000e-12     0.4285    89.8412 2.2711e-01 0.0000e+00  0.0546373     5.4482 192.816218     2.2308     38.170    10.7788    314.767    10.9773 0.0000e+00
     37.452     5.4452 191.683854     2.2405 1.0000e-12     0.4273    89.8674 2.2711e-01 0.0000e+00  0.0542215     5.4471 192.876897     2.2308     38.190    10.7780    314.788    10.9769 0.0000e+00
     37.471     5.4437 191.695806     2.2405 1.0000e-12     0.4250    89.9197 2.2711e-01 0.0000e+00  0.0546373     5.4468 192.998252     2.2308     38.210    10.7787    314.823    10.9757 0.0000e+00
     37.489     5.4423 191.659953     2.2405 1.0000e-12     0.4192    90.0504 2.3077e-01 0.0000e+00  0.0542215     5.4452 192.876898     2.2320     38.228    10.7790    314.779    10.9832 0.0000e+00
     37.508     5.4401 191.731664     2.2418 1.0000e-12     0.4192    90.0504 2.3077e-01 0.0000e+00  0.0538058     5.4441 192.876899     2.2320     38.248    10.7872    314.919    10.9823 0.0000e+00
     37.529     5.4388 191.671907     2.2418 1.0000e-12     0.4192    90.0504 2.3077e-01 0.0000e+00  0.0538058     5.4422 192.907240     2.2320     38.269    10.7877    314.835    10.9824 0.0000e+00
     37.550     5.4373 191.671908     2.2418 1.0000e-12     0.4192    90.0504 2.2711e-01 0.0000e+00  0.0542215     5.4405 192.725210     2.2320     38.290    10.7879    314.850    10.9819 0.0000e+00
     37.572     5.4358 191.683862     2.2430 1.0000e-12     0.4192    90.0504 2.3077e-01 0.0000e+00  0.0542215     5.4404 192.846565     2.2332     38.313    10.7951    314.885    10.9879 0.0000e+00
     37.592     5.4332 191.707768     2.2430 1.0000e-12     0.4204    90.0242 2.3443e-01 0.0000e+00  0.0546373     5.4388 192.907244     2.2332     38.333    10.7958    314.951    10.9874 0.0000e+00
     37.609     5.4312 191.659962     2.2430 1.0000e-12     0.4192    90.0504 2.2711e-01 0.0000e+00  0.0546373     5.4344 192.846569     2.2332     38.350    10.7960    314.894    10.9884 0.0000e+00
     37.628     5.4292 191.683865     2.2430 1.0000e-12     0.4192    90.0504 2.1978e-01 0.0000e+00  0.0546373     5.4293 192.816232     2.2332     38.370    10.7968    314.953    10.9891 0.0000e+00
     37.649     5.4270 191.707773     2.2442 1.0000e-12     0.4192    90.0504 2.1612e-01 0.0000e+00  0.0542215     5.4260 192.816237     2.2332     38.391    10.8046    315.016    10.9887 0.0000e+00
     37.671     5.4244 191.600209     2.2442 1.0000e-12     0.4192    90.0504 2.1612e-01 0.0000e+00  0.0538058     5.4241 192.725222     2.2344     38.414    10.8057    314.866    10.9961 0.0000e+00
     37.691     5.4224 191.624115     2.2442 1.0000e-12     0.4192    90.0504 2.1978e-01 0.0000e+00  0.0538058     5.4205 192.846579     2.2332     38.434    10.8072    314.926    10.9895 0.0000e+00
     37.712     5.4203 191.576310     2.2442 1.0000e-12     0.4192    90.0504 2.1612e-01 0.0000e+00  0.0542215     5.4176 192.907259     2.2344     38.456    10.8083    314.869    10.9974 0.0000e+00
     37.731     5.4185 191.624118     2.2442 1.0000e-12     0.4192    90.0504 2.1978e-01 0.0000e+00  0.0542215     5.4180 192.664551     2.2344     38.475    10.8089    314.966    10.9973 0.0000e+00
     37.750     5.4173 191.600215     2.2442 1.0000e-12     0.4192    90.0504 2.1978e-01 0.0000e+00  0.0538058     5.4179 192.785904     2.2344     38.494    10.8099    314.939    10.9969 0.0000e+00
     37.769     5.4155 191.540459     2.2442 1.0000e-12     0.4192    90.0504 2.1612e-01 0.0000e+00  0.0533900     5.4173 192.816244     2.2357     38.514    10.8106    314.860    11.0056 0.0000e+00
     37.789     5.4137 191.552413     2.2454 1.0000e-12     0.4192    90.0504 2.1612e-01 0.0000e+00  0.0542215     5.4146 192.755569     2.2357     38.534    10.8193    314.898    11.0062 0.0000e+00
     37.809     5.4115 191.516559     2.2454 1.0000e-12     0.4192    90.0504 2.1978e-01 0.0000e+00  0.0546373     5.4110 192.694894     2.2357     38.554    10.8203    314.862    11.0065 0.0000e+00
     37.829     5.4092 191.516562     2.2454 1.0000e-12     0.4192    90.0504 2.1978e-01 0.0000e+00  0.0542215     5.4090 192.725235     2.2357     38.575    10.8219    314.886    11.0070 0.0000e+00
     37.848     5.4069 191.504612     2.2466 1.0000e-12     0.4204    90.0242 2.2711e-01 0.0000e+00  0.0533900     5.4102 192.694895     2.2357     38.594    10.8315    314.890    11.0060 0.0000e+00
     37.867     5.4044 191.504614     2.2466 1.0000e-12     0.4192    90.0504 2.2711e-01 0.0000e+00  0.0558845     5.4087 192.725236     2.2369     38.614    10.8333    314.916    11.0141 0.0000e+00
     37.886     5.4020 191.516567     2.2466 1.0000e-12     0.4169    90.1026 2.2344e-01 0.0000e+00  0.0567161     5.4068 192.694898     2.2369     38.633    10.8336    314.960    11.0155 0.0000e+00
     37.906     5.3999 191.456812     2.2466 1.0000e-12     0.4157    90.1288 2.2344e-01 0.0000e+00  0.0567161     5.4050 192.543208     2.2369     38.653    10.8344    314.884    11.0163 0.0000e+00
     37.926     5.3979 191.444863     2.2466 1.0000e-12     0.4157    90.1288 2.2344e-01 0.0000e+00  0.0563003     5.3986 192.634228     2.2369     38.674    10.8358    314.885    11.0181 0.0000e+00
     37.947     5.3959 191.444864     2.2479 1.0000e-12     0.4157    90.1288 2.2711e-01 0.0000e+00  0.0558845     5.3938 192.573555     2.2369     38.695    10.8447    314.905    11.0190 0.0000e+00
     37.968     5.3939 191.480720     2.2466 1.0000e-12     0.4146    90.1549 2.2711e-01 0.0000e+00  0.0563003     5.3912 192.573557     2.2381     38.717    10.8370    314.985    11.0262 0.0000e+00
     37.987     5.3917 191.432916     2.2466 1.0000e-12     0.4169    90.1026 2.2344e-01 0.0000e+00  0.0567161     5.3914 192.543219     2.2381     38.736    10.8370    314.929    11.0269 0.0000e+00
     38.006     5.3892 191.409016     2.2479 1.0000e-12     0.4169    90.1026 2.2344e-01 0.0000e+00  0.0571318     5.3903 192.634234     2.2381     38.755    10.8468    314.916    11.0274 0.0000e+00
     38.025     5.3867 191.385115     2.2479 1.0000e-12     0.4157    90.1288 2.2344e-01 0.0000e+00  0.0567161     5.3856 192.603899     2.2381     38.775    10.8471    314.903    11.0286 0.0000e+00
     38.045     5.3845 191.385117     2.2479 1.0000e-12     0.4157    90.1288 2.1612e-01 0.0000e+00  0.0563003     5.3836 192.694916     2.2381     38.795    10.8469    314.925    11.0285 0.0000e+00
     38.066     5.3822 191.420972     2.2479 1.0000e-12     0.4157    90.1288 2.1978e-01 0.0000e+00  0.0563003     5.3808 192.694918     2.2393     38.817    10.8473    315.008    11.0381 0.0000e+00
     38.087     5.3802 191.409023     2.2479 1.0000e-12     0.4157    90.1288 2.2344e-01 0.0000e+00  0.0563003     5.3795 192.452214     2.2393     38.838    10.8472    315.009    11.0391 0.0000e+00
     38.107     5.3785 191.409024     2.2491 1.0000e-12     0.4157    90.1288 2.3077e-01 0.0000e+00  0.0567161     5.3789 192.482552     2.2393     38.858    10.8551    315.027    11.0394 0.0000e+00
     38.127     5.3761 191.361221     2.2491 1.0000e-12     0.4157    90.1288 2.2711e-01 0.0000e+00  0.0563003     5.3786 192.543229     2.2393     38.879    10.8554    314.973    11.0391 0.0000e+00
     38.148     5.3737 191.373174     2.2503 1.0000e-12     0.4157    90.1288 2.2344e-01 0.0000e+00  0.0563003     5.3781 192.543230     2.2393     38.900    10.8637    315.018    11.0385 0.0000e+00
     38.168     5.3711 191.277567     2.2503 1.0000e-12     0.4157    90.1288 2.2344e-01 0.0000e+00  0.0563003     5.3765 192.543231     2.2405     38.921    10.8653    314.887    11.0464 0.0000e+00
     38.188     5.3691 191.289520     2.2503 1.0000e-12     0.4157    90.1288 2.3077e-01 0.0000e+00  0.0563003     5.3743 192.512895     2.2405     38.941    10.8662    314.928    11.0465 0.0000e+00
     38.208     5.3666 191.217816     2.2503 1.0000e-12     0.4157    90.1288 2.3443e-01 0.0000e+00  0.0546373     5.3710 192.361207     2.2405     38.961    10.8669    314.836    11.0476 0.0000e+00
     38.228     5.3641 191.217818     2.2515 1.0000e-12     0.4157    90.1288 2.5275e-01 0.0000e+00  0.0538058     5.3681 192.421885     2.2405     38.982    10.8746    314.861    11.0480 0.0000e+00
     38.248     5.3614 191.265624     2.2515 1.0000e-12     0.4157    90.1288 2.6007e-01 0.0000e+00  0.0538058     5.3674 192.512901     2.2418     39.002    10.8745    314.968    11.0556 0.0000e+00
     38.267     5.3594 191.241722     2.2515 1.0000e-12     0.4157    90.1288 2.6007e-01 0.0000e+00  0.0542215     5.3664 192.452224     2.2418     39.021    10.8737    314.950    11.0558 0.0000e+00
     38.287     5.3574 191.158068     2.2515 1.0000e-12     0.4099    90.2595 2.5275e-01 0.0000e+00  0.0546373     5.3625 192.391552     2.2418     39.042    10.8746    314.833    11.0564 0.0000e+00
     38.307     5.3543 191.158071     2.2527 1.0000e-12     0.4076    90.3118 2.3810e-01 0.0000e+00  0.0542215     5.3585 192.330879     2.2418     39.062    10.8828    314.865    11.0579 0.0000e+00
     38.327     5.3514 191.098318     2.2527 1.0000e-12     0.4076    90.3118 2.3443e-01 0.0000e+00  0.0533900     5.3551 192.239867     2.2418     39.083    10.8831    314.796    11.0588 0.0000e+00
     38.347     5.3488 191.110272     2.2527 1.0000e-12     0.4088    90.2856 2.3443e-01 0.0000e+00  0.0538058     5.3519 192.330885     2.2430     39.103    10.8840    314.843    11.0667 0.0000e+00
     38.367     5.3461 191.086371     2.2527 1.0000e-12     0.4076    90.3118 2.2711e-01 0.0000e+00  0.0546373     5.3473 192.209535     2.2430     39.123    10.8844    314.832    11.0681 0.0000e+00
     38.386     5.3437 191.050521     2.2540 1.0000e-12     0.4076    90.3118 2.2344e-01 0.0000e+00  0.0546373     5.3447 192.209538     2.2430     39.143    10.8915    314.798    11.0685 0.0000e+00
     38.406     5.3412 191.014671     2.2540 1.0000e-12     0.4088    90.2856 2.1978e-01 0.0000e+00  0.0542215     5.3433 192.330890     2.2430     39.163    10.8912    314.764    11.0680 0.0000e+00
     38.425     5.3391 191.050525     2.2540 1.0000e-12     0.4076    90.3118 2.1978e-01 0.0000e+00  0.0542215     5.3430 192.391567     2.2430     39.183    10.8904    314.845    11.0668 0.0000e+00
     38.444     5.3365 191.026624     2.2540 1.0000e-12     0.4088    90.2856 2.1978e-01 0.0000e+00  0.0542215     5.3405 192.330892     2.2430     39.202    10.8904    314.833    11.0670 0.0000e+00
     38.463     5.3343 191.038579     2.2540 1.0000e-12     0.4076    90.3118 2.2711e-01 0.0000e+00  0.0542215     5.3367 192.270221     2.2442     39.221    10.8889    314.875    11.0747 0.0000e+00
     38.482     5.3315 190.978826     2.2552 1.0000e-12     0.4088    90.2856 2.2344e-01 0.0000e+00  0.0533900     5.3340 192.361235     2.2442     39.241    10.8958    314.806    11.0753 0.0000e+00
     38.501     5.3290 190.990778     2.2540 1.0000e-12     0.4088    90.2856 2.2344e-01 0.0000e+00  0.0533900     5.3317 192.270222     2.2442     39.260    10.8883    314.852    11.0752 0.0000e+00
     38.522     5.3259 190.871276     2.2540 1.0000e-12     0.4088    90.2856 2.2711e-01 0.0000e+00  0.0542215     5.3303 192.239888     2.2442     39.281    10.8870    314.687    11.0757 0.0000e+00
     38.543     5.3235 190.919079     2.2540 1.0000e-12     0.4076    90.3118 2.2711e-01 0.0000e+00  0.0550530     5.3301 192.239887     2.2454     39.303    10.8862    314.791    11.0828 0.0000e+00
     38.563     5.3205 190.883231     2.2540 1.0000e-12     0.4088    90.2856 2.3077e-01 0.0000e+00  0.0546373     5.3274 192.179215     2.2454     39.323    10.8852    314.763    11.0827 0.0000e+00
     38.581     5.3178 190.871281     2.2552 1.0000e-12     0.4088    90.2856 2.3443e-01 0.0000e+00  0.0538058     5.3215 192.057868     2.2454     39.342    10.8923    314.771    11.0844 0.0000e+00
     38.599     5.3147 190.823481     2.2552 1.0000e-12     0.4076    90.3118 2.3077e-01 0.0000e+00  0.0533900     5.3181 192.088207     2.2454     39.360    10.8916    314.724    11.0848 0.0000e+00
     38.618     5.3117 190.823484     2.2552 1.0000e-12     0.4076    90.3118 2.1978e-01 0.0000e+00  0.0542215     5.3152 192.148885     2.2454     39.379    10.8915    314.755    11.0846 0.0000e+00
     38.638     5.3090 190.859338     2.2564 1.0000e-12     0.4088    90.2856 2.1612e-01 0.0000e+00  0.0546373     5.3111 191.997201     2.2454     39.400    10.8985    314.843    11.0844 0.0000e+00
     38.656     5.3063 190.799586     2.2564 1.0000e-12     0.4088    90.2856 2.1612e-01 0.0000e+00  0.0546373     5.3114 192.118549     2.2466     39.418    10.8977    314.772    11.0912 0.0000e+00
     38.676     5.3042 190.799590     2.2564 1.0000e-12     0.4111    90.2333 2.1612e-01 0.0000e+00  0.0542215     5.3093 191.997203     2.2466     39.439    10.8974    314.794    11.0907 0.0000e+00
     38.696     5.3018 190.811541     2.2564 1.0000e-12     0.4146    90.1549 2.1978e-01 0.0000e+00  0.0542215     5.3053 191.936530     2.2466     39.459    10.8958    314.839    11.0916 0.0000e+00
     38.715     5.2988 190.775692     2.2564 1.0000e-12     0.4134    90.1811 2.2344e-01 0.0000e+00  0.0550530     5.3008 191.815184     2.2466     39.478    10.8952    314.811    11.0922 0.0000e+00
