data/05_metadata_exports/SeabirdData/202310_SeabirdData/88582_STN63.cnv
* Sea-Bird SBE 9 Data File:
* FileName = C:\Users\rosette\Rosette Data\2023\Ontario lower food web csmi\STN63.hex
* Software Version Seasave V 7.26.6.26
* Temperature SN = 5270
* Conductivity SN = 1168
* Number of Bytes Per Scan = 40
* Number of Voltage Words = 5
* Number of Scans Averaged by the Deck Unit = 1
* NMEA Latitude = 43 43.91 N
* NMEA Longitude = 077 00.98 W
* NMEA UTC (Time) = Sep 23 2023  23:52:55
* NMEA baud rate = 4800
** Ship: Lake Guardian
** Cruise: Ontario LFW
** Station:  STN63
# nquan = 18                                
# nvalues = 14732                       
# units = specified
# name 0 = prDM: Pressure, Digiquartz [db]
# name 1 = t090C: Temperature [ITS-90, deg C]
# name 2 = c0uS/cm: Conductivity [uS/cm]
# name 3 = sbeox0V: Oxygen raw, SBE 43 [V]
# name 4 = par: PAR/Irradiance, Biospherical/Licor
# name 5 = bat: Beam Attenuation, Chelsea/Seatech [1/m]
# name 6 = xmiss: Beam Transmission, Chelsea/Seatech [%]
# name 7 = flSP: Fluorescence, Seapoint
# name 8 = spar: SPAR, Biospherical/Licor
# name 9 = upoly0: Upoly 0, Suna Nitrate
# name 10 = t190C: Temperature, 2 [ITS-90, deg C]
# name 11 = c1uS/cm: Conductivity, 2 [uS/cm]
# name 12 = sbeox1V: Oxygen raw, SBE 43, 2 [V]
# name 13 = depFM: Depth [fresh water, m], lat = 43.7318
# name 14 = sbeox0Mg/L: Oxygen, SBE 43 [mg/l], WS = 2
# name 15 = specc: Specific Conductance [uS/cm]
# name 16 = sbeox1Mg/L: Oxygen, SBE 43, 2 [mg/l], WS = 2
# name 17 = flag: flag
# span 0 =     -0.059,     83.349       
# span 1 =   -56.2170,    20.3890       
# span 2 =  10.828831, 396.220477       
# span 3 =     1.7827,     2.5800       
# span 4 = 1.0000e-12, 3.5345e+00       
# span 5 =     0.2321,     4.1370       
# span 6 =    35.5496,    94.3634       
# span 7 = 9.8901e-02, 1.8901e+00       
# span 8 = 0.0000e+00, 0.0000e+00       
# span 9 =  0.0413330,  0.0625367       
# span 10 =     4.6382,    20.3875      
# span 11 =   0.099439, 274.598681      
# span 12 =     2.0415,     2.7778      
# span 13 =     -0.060,     84.992      
# span 14 =  -320.9519,    11.0254      
# span 15 =  -1378.288,   2468.563      
# span 16 =     6.7366,    11.2121      
# span 17 = 0.0000e+00, 0.0000e+00      
# interval = seconds: 0.0416667
# start_time = Sep 23 2023 23:52:55 [NMEA time, header]
# bad_flag = -9.990e-29
*END*
[from data line 11578]
     42.143     6.1644 196.848121     2.2210 1.0000e-12     0.3742    91.0698 2.4176e-01 0.0000e+00  0.0554688     6.2171 198.065026     2.2100     42.974    10.3355    315.807    10.4929 -9.990e-29
     42.142     6.1644 196.919874     2.2198 1.0000e-12     0.3742    91.0698 2.3443e-01 0.0000e+00  0.0554688     6.2167 198.125718     2.2100     42.973    10.3294    315.922    10.4936 -9.990e-29
     42.143     6.1636 196.907916     2.2222 1.0000e-12     0.3753    91.0437 2.4176e-01 0.0000e+00  0.0558845     6.2170 198.277449     2.2088     42.974    10.3455    315.911    10.4867 -9.990e-29
     42.144     6.1634 196.907917     2.2198 1.0000e-12     0.3753    91.0437 2.5641e-01 0.0000e+00  0.0563003     6.2167 198.216758     2.2100     42.975    10.3304    315.913    10.4949 -9.990e-29
     42.144     6.1653 196.907914     2.2210 1.0000e-12     0.3753    91.0437 2.6007e-01 0.0000e+00  0.0558845     6.2164 198.186410     2.2100     42.975    10.3379    315.894    10.4947 -9.990e-29
     42.144     6.1666 196.860079     2.2210 1.0000e-12     0.3753    91.0437 2.4908e-01 0.0000e+00  0.0558845     6.2165 198.338142     2.2088     42.975    10.3393    315.804    10.4882 -9.990e-29
     42.145     6.1663 196.919873     2.2198 1.0000e-12     0.3742    91.0698 2.3810e-01 0.0000e+00  0.0558845     6.2164 198.216757     2.2088     42.976    10.3340    315.903    10.4882 -9.990e-29
     42.145     6.1648 196.848122     2.2198 1.0000e-12     0.3742    91.0698 2.3810e-01 0.0000e+00  0.0558845     6.2173 198.186411     2.2088     42.976    10.3345    315.803    10.4880 -9.990e-29
     42.144     6.1653 196.883997     2.2198 1.0000e-12     0.3742    91.0698 2.4908e-01 0.0000e+00  0.0558845     6.2179 198.095371     2.2088     42.975    10.3335    315.856    10.4891 -9.990e-29
     42.144     6.1682 196.943789     2.2198 1.0000e-12     0.3742    91.0698 2.6374e-01 0.0000e+00  0.0558845     6.2179 198.156064     2.2088     42.975    10.3331    315.922    10.4905 -9.990e-29
     42.145     6.1717 196.919869     2.2210 1.0000e-12     0.3753    91.0437 3.0037e-01 0.0000e+00  0.0558845     6.2181 198.186410     2.2088     42.976    10.3408    315.848    10.4909 -9.990e-29
     42.145     6.1753 196.907909     2.2198 1.0000e-12     0.3742    91.0698 3.6630e-01 0.0000e+00  0.0558845     6.2176 198.216757     2.2088     42.976    10.3320    315.793    10.4926 -9.990e-29
     42.145     6.1783 196.907906     2.2198 1.0000e-12     0.3742    91.0698 3.8095e-01 0.0000e+00  0.0558845     6.2175 198.065026     2.2088     42.976    10.3319    315.762    10.4943 -9.990e-29
     42.144     6.1817 196.907904     2.2198 1.0000e-12     0.3753    91.0437 3.6264e-01 0.0000e+00  0.0554688     6.2181 198.186410     2.2088     42.975    10.3327    315.728    10.4938 -9.990e-29
     42.144     6.1836 196.943779     2.2198 1.0000e-12     0.3742    91.0698 3.2967e-01 0.0000e+00  0.0558845     6.2177 198.247102     2.2088     42.975    10.3321    315.766    10.4946 -9.990e-29
     42.145     6.1852 196.967697     2.2198 1.0000e-12     0.3753    91.0437 3.0037e-01 0.0000e+00  0.0554688     6.2181 198.186411     2.2088     42.976    10.3327    315.788    10.4943 -9.990e-29
     42.145     6.1867 196.895942     2.2198 1.0000e-12     0.3753    91.0437 2.8938e-01 0.0000e+00  0.0558845     6.2189 198.186409     2.2088     42.976    10.3325    315.658    10.4939 -9.990e-29
     42.144     6.1876 196.919859     2.2198 1.0000e-12     0.3776    90.9914 3.0403e-01 0.0000e+00  0.0558845     6.2187 198.277448     2.2088     42.975    10.3336    315.687    10.4938 -9.990e-29
     42.143     6.1881 196.848107     2.2186 1.0000e-12     0.3799    90.9391 3.2967e-01 0.0000e+00  0.0558845     6.2194 198.216756     2.2088     42.974    10.3266    315.567    10.4936 -9.990e-29
     42.142     6.1883 196.907899     2.2173 1.0000e-12     0.3799    90.9391 3.2234e-01 0.0000e+00  0.0558845     6.2194 198.216754     2.2088     42.973    10.3193    315.661    10.4937 -9.990e-29
     42.142     6.1881 196.907901     2.2186 1.0000e-12     0.3799    90.9391 2.9304e-01 0.0000e+00  0.0558845     6.2195 198.125718     2.2088     42.973    10.3260    315.663    10.4939 -9.990e-29
     42.142     6.1886 196.943776     2.2198 1.0000e-12     0.3799    90.9391 2.7106e-01 0.0000e+00  0.0558845     6.2204 198.156062     2.2088     42.973    10.3339    315.715    10.4939 -9.990e-29
     42.143     6.1878 196.895942     2.2198 1.0000e-12     0.3799    90.9391 2.6374e-01 0.0000e+00  0.0554688     6.2203 198.277447     2.2088     42.974    10.3340    315.647    10.4943 -9.990e-29
     42.144     6.1860 196.895943     2.2173 1.0000e-12     0.3799    90.9391 2.6007e-01 0.0000e+00  0.0558845     6.2202 198.247101     2.2088     42.975    10.3184    315.665    10.4936 -9.990e-29
     42.144     6.1847 196.907903     2.2186 1.0000e-12     0.3788    90.9652 2.5641e-01 0.0000e+00  0.0558845     6.2205 198.247101     2.2076     42.975    10.3267    315.697    10.4866 -9.990e-29
     42.144     6.1857 196.931819     2.2198 1.0000e-12     0.3799    90.9391 2.4908e-01 0.0000e+00  0.0558845     6.2209 198.247100     2.2088     42.975    10.3349    315.726    10.4945 -9.990e-29
     42.144     6.1844 196.943779     2.2198 1.0000e-12     0.3788    90.9652 2.4542e-01 0.0000e+00  0.0554688     6.2197 198.125717     2.2088     42.975    10.3346    315.758    10.4955 -9.990e-29
     42.144     6.1825 196.872027     2.2173 1.0000e-12     0.3788    90.9652 2.4176e-01 0.0000e+00  0.0558845     6.2202 198.156062     2.2088     42.975    10.3213    315.662    10.4950 -9.990e-29
     42.144     6.1814 196.872029     2.2186 1.0000e-12     0.3799    90.9391 2.3810e-01 0.0000e+00  0.0558845     6.2201 198.216755     2.2076     42.975    10.3290    315.673    10.4884 -9.990e-29
     42.143     6.1804 196.895946     2.2198 1.0000e-12     0.3788    90.9652 2.3443e-01 0.0000e+00  0.0558845     6.2202 198.247101     2.2088     42.974    10.3372    315.722    10.4967 -9.990e-29
     42.141     6.1814 196.931822     2.2198 1.0000e-12     0.3799    90.9391 2.4176e-01 0.0000e+00  0.0558845     6.2212 198.307792     2.2076     42.972    10.3376    315.769    10.4888 -9.990e-29
     42.141     6.1849 196.943778     2.2186 1.0000e-12     0.3799    90.9391 2.4176e-01 0.0000e+00  0.0558845     6.2214 198.247100     2.2076     42.972    10.3292    315.753    10.4887 -9.990e-29
     42.140     6.1892 196.955736     2.2173 1.0000e-12     0.3799    90.9391 2.3077e-01 0.0000e+00  0.0554688     6.2210 198.186409     2.2088     42.971    10.3200    315.728    10.4962 -9.990e-29
     42.139     6.1947 197.003566     2.2186 1.0000e-12     0.3799    90.9391 2.2344e-01 0.0000e+00  0.0554688     6.2210 198.186407     2.2088     42.970    10.3264    315.749    10.4962 -9.990e-29
     42.139     6.1973 197.003566     2.2198 1.0000e-12     0.3788    90.9652 2.2344e-01 0.0000e+00  0.0558845     6.2208 198.186409     2.2076     42.970    10.3331    315.723    10.4889 -9.990e-29
     42.139     6.1978 197.015524     2.2173 1.0000e-12     0.3788    90.9652 2.3443e-01 0.0000e+00  0.0558845     6.2208 198.216754     2.2088     42.970    10.3199    315.737    10.4964 -9.990e-29
     42.138     6.1973 197.003565     2.2186 1.0000e-12     0.3788    90.9652 2.4908e-01 0.0000e+00  0.0558845     6.2213 198.338139     2.2088     42.969    10.3282    315.723    10.4964 -9.990e-29
     42.138     6.1979 197.003565     2.2198 1.0000e-12     0.3788    90.9652 2.5275e-01 0.0000e+00  0.0558845     6.2210 198.156062     2.2076     42.969    10.3357    315.717    10.4892 -9.990e-29
     42.138     6.1981 197.003564     2.2173 1.0000e-12     0.3765    91.0175 2.6374e-01 0.0000e+00  0.0558845     6.2207 198.277446     2.2088     42.969    10.3209    315.715    10.4969 -9.990e-29
     42.139     6.2008 197.039441     2.2186 1.0000e-12     0.3765    91.0175 2.7106e-01 0.0000e+00  0.0554688     6.2200 198.247102     2.2076     42.970    10.3285    315.745    10.4900 -9.990e-29
     42.138     6.2029 197.027480     2.2173 1.0000e-12     0.3765    91.0175 2.8205e-01 0.0000e+00  0.0558845     6.2197 198.247101     2.2076     42.969    10.3206    315.705    10.4904 -9.990e-29
     42.136     6.2042 197.099233     2.2186 1.0000e-12     0.3765    91.0175 2.7839e-01 0.0000e+00  0.0558845     6.2188 198.186409     2.2076     42.967    10.3298    315.807    10.4910 -9.990e-29
     42.135     6.2059 197.051396     2.2173 1.0000e-12     0.3765    91.0175 2.6374e-01 0.0000e+00  0.0558845     6.2175 198.186410     2.2076     42.966    10.3222    315.713    10.4918 -9.990e-29
     42.134     6.2074 197.027477     2.2186 1.0000e-12     0.3765    91.0175 2.3810e-01 0.0000e+00  0.0554688     6.2175 198.186410     2.2076     42.965    10.3294    315.659    10.4922 -9.990e-29
     42.133     6.2080 197.111190     2.2173 1.0000e-12     0.3765    91.0175 2.2711e-01 0.0000e+00  0.0554688     6.2174 198.186410     2.2076     42.964    10.3202    315.787    10.4927 -9.990e-29
     42.132     6.2082 197.039435     2.2186 1.0000e-12     0.3753    91.0437 2.3443e-01 0.0000e+00  0.0554688     6.2176 198.186410     2.2076     42.963    10.3279    315.670    10.4932 -9.990e-29
     42.131     6.2082 197.063353     2.2173 1.0000e-12     0.3765    91.0175 2.4542e-01 0.0000e+00  0.0563003     6.2181 198.216756     2.2076     42.962    10.3208    315.709    10.4936 -9.990e-29
     42.131     6.2073 197.063354     2.2173 1.0000e-12     0.3765    91.0175 2.5641e-01 0.0000e+00  0.0558845     6.2187 198.247102     2.2076     42.962    10.3221    315.718    10.4941 -9.990e-29
     42.131     6.2054 197.027478     2.2173 1.0000e-12     0.3765    91.0175 2.6007e-01 0.0000e+00  0.0558845     6.2188 198.307794     2.2076     42.962    10.3216    315.679    10.4947 -9.990e-29
     42.131     6.2046 196.979643     2.2186 1.0000e-12     0.3765    91.0175 2.6007e-01 0.0000e+00  0.0554688     6.2191 198.247101     2.2076     42.962    10.3298    315.611    10.4942 -9.990e-29
     42.130     6.2037 197.051397     2.2173 1.0000e-12     0.3765    91.0175 2.5641e-01 0.0000e+00  0.0558845     6.2175 198.247102     2.2076     42.961    10.3232    315.735    10.4954 -9.990e-29
     42.130     6.2034 197.039438     2.2173 1.0000e-12     0.3765    91.0175 2.4542e-01 0.0000e+00  0.0563003     6.2155 198.156065     2.2076     42.961    10.3235    315.719    10.4967 -9.990e-29
     42.130     6.2031 197.003562     2.2173 1.0000e-12     0.3765    91.0175 2.3443e-01 0.0000e+00  0.0558845     6.2151 198.156066     2.2076     42.961    10.3229    315.664    10.4976 -9.990e-29
     42.130     6.2040 197.039438     2.2173 1.0000e-12     0.3765    91.0175 2.2711e-01 0.0000e+00  0.0558845     6.2171 198.095372     2.2076     42.961    10.3229    315.713    10.4968 -9.990e-29
     42.130     6.2037 197.075315     2.2173 1.0000e-12     0.3765    91.0175 2.2344e-01 0.0000e+00  0.0558845     6.2188 198.277448     2.2076     42.961    10.3243    315.773    10.4972 -9.990e-29
     42.129     6.2029 197.015520     2.2173 1.0000e-12     0.3765    91.0175 2.2711e-01 0.0000e+00  0.0558845     6.2208 198.216754     2.2076     42.960    10.3260    315.686    10.4964 -9.990e-29
     42.129     6.2042 197.003561     2.2173 1.0000e-12     0.3765    91.0175 2.3443e-01 0.0000e+00  0.0558845     6.2212 198.216754     2.2076     42.960    10.3252    315.653    10.4960 -9.990e-29
     42.128     6.2048 196.991602     2.2173 1.0000e-12     0.3765    91.0175 2.3810e-01 0.0000e+00  0.0558845     6.2208 198.247100     2.2076     42.959    10.3236    315.628    10.4970 -9.990e-29
     42.128     6.2043 197.039437     2.2173 1.0000e-12     0.3765    91.0175 2.3077e-01 0.0000e+00  0.0558845     6.2214 198.247100     2.2076     42.959    10.3234    315.710    10.4978 -9.990e-29
     42.127     6.2040 197.015520     2.2186 1.0000e-12     0.3765    91.0175 2.2711e-01 0.0000e+00  0.0558845     6.2213 198.186408     2.2076     42.958    10.3322    315.674    10.4977 -9.990e-29
     42.126     6.2046 197.039437     2.2173 1.0000e-12     0.3753    91.0437 2.2711e-01 0.0000e+00  0.0554688     6.2221 198.277446     2.2076     42.957    10.3229    315.707    10.4985 -9.990e-29
     42.126     6.2039 197.099232     2.2173 1.0000e-12     0.3765    91.0175 2.3443e-01 0.0000e+00  0.0554688     6.2217 198.216752     2.2076     42.957    10.3231    315.810    10.4996 -9.990e-29
     42.126     6.2037 197.051398     2.2173 1.0000e-12     0.3765    91.0175 2.3443e-01 0.0000e+00  0.0558845     6.2217 198.186408     2.2076     42.957    10.3241    315.735    10.4984 -9.990e-29
     42.127     6.2043 197.063355     2.2173 1.0000e-12     0.3765    91.0175 2.3443e-01 0.0000e+00  0.0558845     6.2222 198.216752     2.2076     42.958    10.3230    315.748    10.4982 -9.990e-29
     42.128     6.2054 197.039437     2.2173 1.0000e-12     0.3753    91.0437 2.2711e-01 0.0000e+00  0.0558845     6.2223 198.247099     2.2076     42.959    10.3229    315.699    10.4983 -9.990e-29
     42.129     6.2062 197.027478     2.2186 1.0000e-12     0.3765    91.0175 2.1978e-01 0.0000e+00  0.0558845     6.2234 198.247099     2.2076     42.960    10.3307    315.671    10.4969 -9.990e-29
     42.129     6.2056 197.063354     2.2173 1.0000e-12     0.3753    91.0437 2.1978e-01 0.0000e+00  0.0558845     6.2247 198.125712     2.2076     42.960    10.3242    315.735    10.4967 -9.990e-29
     42.129     6.2056 197.063356     2.2173 1.0000e-12     0.3753    91.0437 2.3443e-01 0.0000e+00  0.0554688     6.2249 198.186406     2.2076     42.960    10.3234    315.735    10.4956 -9.990e-29
     42.127     6.2043 197.027478     2.2173 1.0000e-12     0.3753    91.0437 2.5275e-01 0.0000e+00  0.0558845     6.2250 198.186405     2.2076     42.958    10.3241    315.691    10.4946 -9.990e-29
     42.126     6.2032 196.979642     2.2173 1.0000e-12     0.3765    91.0175 2.6374e-01 0.0000e+00  0.0558845     6.2245 198.247097     2.2076     42.957    10.3238    315.625    10.4938 -9.990e-29
     42.127     6.2001 197.075317     2.2173 1.0000e-12     0.3765    91.0175 2.7106e-01 0.0000e+00  0.0558845     6.2254 198.247097     2.2076     42.958    10.3242    315.810    10.4927 -9.990e-29
     42.128     6.1993 197.075318     2.2173 1.0000e-12     0.3765    91.0175 2.7106e-01 0.0000e+00  0.0558845     6.2250 198.186405     2.2076     42.959    10.3239    315.818    10.4932 -9.990e-29
     42.129     6.1997 197.015522     2.2173 1.0000e-12     0.3753    91.0437 2.7839e-01 0.0000e+00  0.0554688     6.2250 198.216751     2.2076     42.960    10.3234    315.718    10.4935 -9.990e-29
     42.130     6.1984 197.003565     2.2173 1.0000e-12     0.3765    91.0175 2.8571e-01 0.0000e+00  0.0558845     6.2244 198.247098     2.2076     42.961    10.3233    315.712    10.4929 -9.990e-29
     42.131     6.1968 196.967689     2.2173 1.0000e-12     0.3753    91.0437 2.8205e-01 0.0000e+00  0.0558845     6.2246 198.247098     2.2076     42.962    10.3245    315.671    10.4920 -9.990e-29
     42.133     6.1964 196.991607     2.2161 1.0000e-12     0.3753    91.0437 2.8938e-01 0.0000e+00  0.0563003     6.2243 198.247098     2.2076     42.964    10.3170    315.713    10.4914 -9.990e-29
     42.134     6.1964 197.015525     2.2173 1.0000e-12     0.3753    91.0437 2.9670e-01 0.0000e+00  0.0563003     6.2247 198.338136     2.2076     42.965    10.3241    315.751    10.4906 -9.990e-29
     42.136     6.1971 197.099238     2.2173 1.0000e-12     0.3765    91.0175 3.0403e-01 0.0000e+00  0.0567161     6.2255 198.156059     2.2076     42.967    10.3237    315.878    10.4898 -9.990e-29
     42.137     6.1990 197.003565     2.2173 1.0000e-12     0.3788    90.9652 3.0403e-01 0.0000e+00  0.0571318     6.2251 198.216752     2.2076     42.968    10.3230    315.706    10.4904 -9.990e-29
     42.137     6.2013 197.075317     2.2173 1.0000e-12     0.3788    90.9652 2.9304e-01 0.0000e+00  0.0558845     6.2250 198.307790     2.2076     42.968    10.3213    315.798    10.4911 -9.990e-29
