data/05_metadata_exports/SeabirdData/202310_SeabirdData/88582_STN63.cnv
* Sea-Bird SBE 9 Data File:
* FileName = C:\Users\rosette\Rosette Data\2023\Ontario lower food web csmi\STN63.hex
* Software Version Seasave V 7.26.6.26
* Temperature SN = 5270
* Conductivity SN = 1168
* Number of Bytes Per Scan = 40
* Number of Voltage Words = 5
* Number of Scans Averaged by the Deck Unit = 1
* NMEA Latitude = 43 43.91 N
* NMEA Longitude = 077 00.98 W
* NMEA UTC (Time) = Sep 23 2023  23:52:55
* NMEA baud rate = 4800
** Ship: Lake Guardian
** Cruise: Ontario LFW
** Station:  STN63
# nquan = 18                                
# nvalues = 14732                       
# units = specified
# name 0 = prDM: Pressure, Digiquartz [db]
# name 1 = t090C: Temperature [ITS-90, deg C]
# name 2 = c0uS/cm: Conductivity [uS/cm]
# name 3 = sbeox0V: Oxygen raw, SBE 43 [V]
# name 4 = par: PAR/Irradiance, Biospherical/Licor
# name 5 = bat: Beam Attenuation, Chelsea/Seatech [1/m]
# name 6 = xmiss: Beam Transmission, Chelsea/Seatech [%]
# name 7 = flSP: Fluorescence, Seapoint
# name 8 = spar: SPAR, Biospherical/Licor
# name 9 = upoly0: Upoly 0, Suna Nitrate
# name 10 = t190C: Temperature, 2 [ITS-90, deg C]
# name 11 = c1uS/cm: Conductivity, 2 [uS/cm]
# name 12 = sbeox1V: Oxygen raw, SBE 43, 2 [V]
# name 13 = depFM: Depth [fresh water, m], lat = 43.7318
# name 14 = sbeox0Mg/L: Oxygen, SBE 43 [mg/l], WS = 2
# name 15 = specc: Specific Conductance [uS/cm]
# name 16 = sbeox1Mg/L: Oxygen, SBE 43, 2 [mg/l], WS = 2
# name 17 = flag: flag
# span 0 =     -0.059,     83.349       
# span 1 =   -56.2170,    20.3890       
# span 2 =  10.828831, 396.220477       
# span 3 =     1.7827,     2.5800       
# span 4 = 1.0000e-12, 3.5345e+00       
# span 5 =     0.2321,     4.1370       
# span 6 =    35.5496,    94.3634       
# span 7 = 9.8901e-02, 1.8901e+00       
# span 8 = 0.0000e+00, 0.0000e+00       
# span 9 =  0.0413330,  0.0625367       
# span 10 =     4.6382,    20.3875      
# span 11 =   0.099439, 274.598681      
# span 12 =     2.0415,     2.7778      
# span 13 =     -0.060,     84.992      
# span 14 =  -320.9519,    11.0254      
# span 15 =  -1378.288,   2468.563      
# span 16 =     6.7366,    11.2121      
# span 17 = 0.0000e+00, 0.0000e+00      
# interval = seconds: 0.0416667
# start_time = Sep 23 2023 23:52:55 [NMEA time, header]
# bad_flag = -9.990e-29
*END*
[from data line 13267]
     16.679    20.2955 272.527163     2.5409 1.0000e-12     0.8028    81.8164 8.4982e-01 0.0000e+00  0.0554688    20.2995 273.715762     2.5360     17.008     8.8673    300.800     9.0471 0.0000e+00
     16.646    20.2955 272.490977     2.5409 1.0000e-12     0.8015    81.8426 8.7179e-01 0.0000e+00  0.0554688    20.2998 273.685311     2.5360     16.974     8.8664    300.760     9.0467 0.0000e+00
     16.612    20.2938 272.442728     2.5421 1.0000e-12     0.8028    81.8164 8.9011e-01 0.0000e+00  0.0550530    20.2993 273.563505     2.5360     16.940     8.8709    300.718     9.0462 0.0000e+00
     16.578    20.2924 272.478913     2.5421 1.0000e-12     0.8028    81.8164 9.2674e-01 0.0000e+00  0.0554688    20.3011 273.715757     2.5360     16.905     8.8704    300.767     9.0456 0.0000e+00
     16.545    20.2932 272.466851     2.5421 1.0000e-12     0.8028    81.8164 9.4139e-01 0.0000e+00  0.0550530    20.3009 273.685307     2.5360     16.871     8.8694    300.749     9.0451 0.0000e+00
     16.513    20.2938 272.490974     2.5433 1.0000e-12     0.8053    81.7642 9.4872e-01 0.0000e+00  0.0554688    20.3012 273.563501     2.5372     16.839     8.8735    300.771     9.0496 0.0000e+00
     16.480    20.2954 272.454785     2.5421 1.0000e-12     0.8258    81.3459 1.0037e+00 0.0000e+00  0.0558845    20.3021 273.715756     2.5372     16.805     8.8672    300.721     9.0490 0.0000e+00
     16.447    20.2964 272.442721     2.5421 1.0000e-12     0.8361    81.1368 1.0147e+00 0.0000e+00  0.0558845    20.3033 273.685302     2.5372     16.771     8.8661    300.701     9.0481 0.0000e+00
     16.414    20.2982 272.454780     2.5433 1.0000e-12     0.8374    81.1107 9.7802e-01 0.0000e+00  0.0554688    20.3033 273.685300     2.5372     16.738     8.8704    300.702     9.0473 0.0000e+00
     16.381    20.2988 272.503029     2.5433 1.0000e-12     0.8361    81.1368 9.5971e-01 0.0000e+00  0.0550530    20.3019 273.624400     2.5385     16.704     8.8699    300.752     9.0528 0.0000e+00
     16.347    20.2995 272.478902     2.5433 1.0000e-12     0.8374    81.1107 9.6703e-01 0.0000e+00  0.0550530    20.3018 273.654849     2.5385     16.669     8.8690    300.720     9.0520 0.0000e+00
     16.313    20.2982 272.466841     2.5433 1.0000e-12     0.8374    81.1107 9.5971e-01 0.0000e+00  0.0554688    20.3025 273.746202     2.5385     16.635     8.8686    300.716     9.0510 0.0000e+00
     16.279    20.2973 272.503027     2.5446 1.0000e-12     0.8374    81.1107 9.1941e-01 0.0000e+00  0.0554688    20.3028 273.533042     2.5385     16.600     8.8741    300.762     9.0503 0.0000e+00
     16.245    20.2982 272.551274     2.5433 1.0000e-12     0.8361    81.1368 9.2308e-01 0.0000e+00  0.0554688    20.3032 273.563491     2.5385     16.565     8.8681    300.809     9.0495 0.0000e+00
     16.212    20.2990 272.490961     2.5433 1.0000e-12     0.8361    81.1368 9.9267e-01 0.0000e+00  0.0554688    20.3030 273.654845     2.5385     16.532     8.8678    300.737     9.0486 0.0000e+00
     16.179    20.2966 272.466838     2.5433 1.0000e-12     0.8374    81.1107 1.0293e+00 0.0000e+00  0.0558845    20.3035 273.624392     2.5397     16.498     8.8679    300.726     9.0528 0.0000e+00
     16.146    20.2936 272.466840     2.5433 1.0000e-12     0.8361    81.1368 1.0147e+00 0.0000e+00  0.0554688    20.3037 273.624392     2.5397     16.464     8.8684    300.746     9.0519 0.0000e+00
     16.113    20.2941 272.490963     2.5433 1.0000e-12     0.8374    81.1107 1.0000e+00 0.0000e+00  0.0550530    20.3046 273.654840     2.5397     16.431     8.8682    300.769     9.0512 0.0000e+00
     16.079    20.2955 272.503024     2.5446 1.0000e-12     0.8374    81.1107 1.0073e+00 0.0000e+00  0.0550530    20.3060 273.563486     2.5397     16.396     8.8733    300.774     9.0503 0.0000e+00
     16.045    20.2964 272.563333     2.5433 1.0000e-12     0.8361    81.1368 9.9634e-01 0.0000e+00  0.0554688    20.3065 273.624386     2.5397     16.361     8.8674    300.834     9.0494 0.0000e+00
     16.011    20.2980 272.515081     2.5446 1.0000e-12     0.8374    81.1107 9.6337e-01 0.0000e+00  0.0554688    20.3062 273.563483     2.5409     16.327     8.8727    300.770     9.0539 0.0000e+00
     15.978    20.2997 272.539203     2.5446 1.0000e-12     0.8361    81.1368 9.4139e-01 0.0000e+00  0.0550530    20.3058 273.593933     2.5409     16.293     8.8725    300.786     9.0533 0.0000e+00
     15.946    20.3013 272.515078     2.5446 1.0000e-12     0.8361    81.1368 9.4139e-01 0.0000e+00  0.0550530    20.3055 273.624385     2.5409     16.260     8.8726    300.748     9.0530 0.0000e+00
     15.913    20.3025 272.539199     2.5433 1.0000e-12     0.8361    81.1368 9.5971e-01 0.0000e+00  0.0554688    20.3055 273.502578     2.5421     16.227     8.8670    300.767     9.0575 0.0000e+00
     15.881    20.3032 272.563324     2.5446 1.0000e-12     0.8374    81.1107 9.7436e-01 0.0000e+00  0.0554688    20.3053 273.502580     2.5409     16.194     8.8727    300.789     9.0512 0.0000e+00
     15.847    20.3030 272.515072     2.5446 1.0000e-12     0.8374    81.1107 9.7070e-01 0.0000e+00  0.0554688    20.3049 273.624381     2.5421     16.159     8.8728    300.737     9.0563 0.0000e+00
     15.814    20.3018 272.503011     2.5446 1.0000e-12     0.8452    80.9538 9.6703e-01 0.0000e+00  0.0554688    20.3053 273.624381     2.5421     16.126     8.8730    300.732     9.0558 0.0000e+00
     15.781    20.3013 272.466825     2.5446 1.0000e-12     0.8490    80.8754 9.8901e-01 0.0000e+00  0.0554688    20.3054 273.776637     2.5421     16.092     8.8733    300.695     9.0548 0.0000e+00
     15.746    20.3010 272.490947     2.5446 1.0000e-12     0.8503    80.8493 1.0037e+00 0.0000e+00  0.0554688    20.3058 273.776634     2.5421     16.056     8.8735    300.724     9.0541 0.0000e+00
     15.712    20.3010 272.503009     2.5446 1.0000e-12     0.8503    80.8493 9.7436e-01 0.0000e+00  0.0554688    20.3055 273.776634     2.5421     16.022     8.8736    300.737     9.0530 0.0000e+00
     15.679    20.3006 272.503009     2.5446 1.0000e-12     0.8490    80.8754 9.3040e-01 0.0000e+00  0.0550530    20.3056 273.533025     2.5421     15.988     8.8739    300.740     9.0525 0.0000e+00
     15.644    20.3011 272.539194     2.5446 1.0000e-12     0.8503    80.8493 9.1575e-01 0.0000e+00  0.0550530    20.3055 273.685279     2.5421     15.952     8.8737    300.776     9.0520 0.0000e+00
     15.610    20.3020 272.490942     2.5458 1.0000e-12     0.8490    80.8754 9.3040e-01 0.0000e+00  0.0550530    20.3049 273.685278     2.5421     15.918     8.8786    300.717     9.0515 0.0000e+00
     15.578    20.3015 272.490943     2.5458 1.0000e-12     0.8503    80.8493 9.5238e-01 0.0000e+00  0.0554688    20.3053 273.685277     2.5421     15.885     8.8788    300.720     9.0507 0.0000e+00
     15.545    20.2990 272.454757     2.5458 1.0000e-12     0.8503    80.8493 9.5971e-01 0.0000e+00  0.0554688    20.3055 273.624374     2.5421     15.851     8.8792    300.697     9.0506 0.0000e+00
     15.511    20.2975 272.478883     2.5458 1.0000e-12     0.8503    80.8493 9.8168e-01 0.0000e+00  0.0554688    20.3049 273.654825     2.5421     15.817     8.8797    300.734     9.0502 0.0000e+00
     15.477    20.2973 272.503006     2.5470 1.0000e-12     0.8490    80.8754 1.0366e+00 0.0000e+00  0.0554688    20.3044 273.563471     2.5433     15.782     8.8852    300.762     9.0551 0.0000e+00
     15.443    20.2997 272.539189     2.5470 1.0000e-12     0.8503    80.8493 1.0879e+00 0.0000e+00  0.0550530    20.3044 273.624371     2.5433     15.747     8.8852    300.786     9.0548 0.0000e+00
     15.410    20.3030 272.527124     2.5470 1.0000e-12     0.8490    80.8754 1.0586e+00 0.0000e+00  0.0554688    20.3047 273.746176     2.5421     15.714     8.8846    300.750     9.0491 0.0000e+00
     15.378    20.3051 272.551247     2.5470 1.0000e-12     0.8516    80.8231 1.0183e+00 0.0000e+00  0.0554688    20.3041 273.685274     2.5421     15.681     8.8842    300.763     9.0487 0.0000e+00
     15.343    20.3053 272.563308     2.5482 1.0000e-12     0.8490    80.8754 1.0073e+00 0.0000e+00  0.0558845    20.3037 273.746175     2.5433     15.646     8.8892    300.775     9.0540 0.0000e+00
     15.309    20.3034 272.563307     2.5482 1.0000e-12     0.8490    80.8754 1.0366e+00 0.0000e+00  0.0554688    20.3039 273.685270     2.5433     15.611     8.8893    300.788     9.0537 0.0000e+00
     15.275    20.3015 272.563309     2.5482 1.0000e-12     0.8516    80.8231 1.0513e+00 0.0000e+00  0.0550530    20.3039 273.685271     2.5433     15.576     8.8893    300.800     9.0534 0.0000e+00
     15.241    20.2995 272.515060     2.5482 1.0000e-12     0.8490    80.8754 1.0183e+00 0.0000e+00  0.0554688    20.3042 273.624367     2.5433     15.541     8.8896    300.760     9.0529 0.0000e+00
     15.207    20.2976 272.466811     2.5482 1.0000e-12     0.8490    80.8754 9.7070e-01 0.0000e+00  0.0554688    20.3047 273.715718     2.5433     15.507     8.8894    300.720     9.0523 0.0000e+00
     15.174    20.2978 272.490936     2.5495 1.0000e-12     0.8503    80.8493 9.5238e-01 0.0000e+00  0.0558845    20.3044 273.776621     2.5433     15.473     8.8952    300.745     9.0522 0.0000e+00
     15.142    20.2983 272.515058     2.5495 1.0000e-12     0.8516    80.8231 9.2674e-01 0.0000e+00  0.0554688    20.3046 273.685266     2.5446     15.441     8.8952    300.768     9.0577 0.0000e+00
     15.110    20.2987 272.563307     2.5495 1.0000e-12     0.8542    80.7709 9.0842e-01 0.0000e+00  0.0550530    20.3044 273.746169     2.5433     15.408     8.8950    300.819     9.0517 0.0000e+00
     15.078    20.2980 272.563307     2.5495 1.0000e-12     0.8542    80.7709 9.0110e-01 0.0000e+00  0.0550530    20.3042 273.654814     2.5433     15.375     8.8946    300.823     9.0518 0.0000e+00
     15.044    20.2983 272.575369     2.5495 1.0000e-12     0.8542    80.7709 8.8645e-01 0.0000e+00  0.0554688    20.3044 273.654814     2.5446     15.341     8.8944    300.835     9.0575 0.0000e+00
     15.010    20.2994 272.515053     2.5495 1.0000e-12     0.8529    80.7970 9.0842e-01 0.0000e+00  0.0558845    20.3039 273.624360     2.5446     15.306     8.8938    300.761     9.0575 0.0000e+00
     14.977    20.3006 272.502991     2.5495 1.0000e-12     0.8529    80.7970 9.4505e-01 0.0000e+00  0.0558845    20.3035 273.654813     2.5433     15.272     8.8932    300.740     9.0521 0.0000e+00
     14.944    20.3008 272.539176     2.5495 1.0000e-12     0.8542    80.7709 9.1575e-01 0.0000e+00  0.0554688    20.3041 273.624360     2.5446     15.239     8.8927    300.778     9.0579 0.0000e+00
     14.910    20.3011 272.551237     2.5495 1.0000e-12     0.8529    80.7970 9.1941e-01 0.0000e+00  0.0550530    20.3042 273.533005     2.5433     15.204     8.8921    300.790     9.0522 0.0000e+00
     14.876    20.3015 272.563299     2.5495 1.0000e-12     0.8529    80.7970 9.5238e-01 0.0000e+00  0.0550530    20.3055 273.593906     2.5446     15.169     8.8913    300.800     9.0578 0.0000e+00
     14.842    20.3015 272.527110     2.5495 1.0000e-12     0.8529    80.7970 9.6337e-01 0.0000e+00  0.0558845    20.3058 273.654806     2.5446     15.135     8.8905    300.760     9.0578 0.0000e+00
     14.807    20.2988 272.551236     2.5495 1.0000e-12     0.8542    80.7709 9.7070e-01 0.0000e+00  0.0563003    20.3063 273.685256     2.5446     15.099     8.8905    300.805     9.0576 0.0000e+00
     14.773    20.2975 272.527111     2.5495 1.0000e-12     0.8529    80.7970 9.8535e-01 0.0000e+00  0.0554688    20.3069 273.563449     2.5446     15.064     8.8905    300.787     9.0574 0.0000e+00
     14.741    20.2978 272.527112     2.5495 1.0000e-12     0.8542    80.7709 9.9634e-01 0.0000e+00  0.0554688    20.3084 273.593900     2.5458     15.032     8.8901    300.785     9.0626 0.0000e+00
     14.708    20.2994 272.599483     2.5507 1.0000e-12     0.8542    80.7709 1.0147e+00 0.0000e+00  0.0550530    20.3092 273.624349     2.5446     14.998     8.8947    300.854     9.0572 0.0000e+00
     14.674    20.3013 272.551231     2.5507 1.0000e-12     0.8529    80.7970 9.9634e-01 0.0000e+00  0.0554688    20.3093 273.776604     2.5446     14.963     8.8938    300.788     9.0572 0.0000e+00
     14.640    20.3034 272.502978     2.5507 1.0000e-12     0.8529    80.7970 9.8535e-01 0.0000e+00  0.0554688    20.3114 273.654795     2.5458     14.929     8.8932    300.721     9.0625 0.0000e+00
     14.608    20.3022 272.502979     2.5507 1.0000e-12     0.8542    80.7709 1.0440e+00 0.0000e+00  0.0550530    20.3127 273.776599     2.5458     14.896     8.8931    300.729     9.0625 0.0000e+00
     14.576    20.3003 272.563292     2.5507 1.0000e-12     0.8529    80.7970 1.0916e+00 0.0000e+00  0.0550530    20.3121 273.776599     2.5458     14.863     8.8934    300.808     9.0625 0.0000e+00
     14.544    20.3001 272.563291     2.5507 1.0000e-12     0.8542    80.7709 1.0989e+00 0.0000e+00  0.0554688    20.3135 273.776597     2.5458     14.831     8.8934    300.809     9.0619 0.0000e+00
     14.512    20.3036 272.575350     2.5507 1.0000e-12     0.8542    80.7709 1.1172e+00 0.0000e+00  0.0558845    20.3146 273.776596     2.5458     14.798     8.8929    300.800     9.0622 0.0000e+00
     14.478    20.3069 272.611532     2.5507 1.0000e-12     0.8555    80.7447 1.1062e+00 0.0000e+00  0.0554688    20.3158 273.685238     2.5458     14.763     8.8924    300.818     9.0623 0.0000e+00
     14.445    20.3099 272.575342     2.5507 1.0000e-12     0.8620    80.6140 1.1172e+00 0.0000e+00  0.0550530    20.3177 273.685236     2.5458     14.730     8.8919    300.758     9.0623 0.0000e+00
     14.413    20.3114 272.647715     2.5507 1.0000e-12     0.8633    80.5879 1.1172e+00 0.0000e+00  0.0554688    20.3193 273.685235     2.5458     14.697     8.8915    300.828     9.0622 0.0000e+00
     14.380    20.3123 272.635650     2.5519 1.0000e-12     0.8646    80.5617 1.1612e+00 0.0000e+00  0.0558845    20.3204 273.685232     2.5458     14.664     8.8965    300.808     9.0621 0.0000e+00
     14.347    20.3127 272.623586     2.5519 1.0000e-12     0.8633    80.5879 1.2088e+00 0.0000e+00  0.0558845    20.3209 273.837487     2.5458     14.630     8.8966    300.792     9.0621 0.0000e+00
     14.314    20.3130 272.623587     2.5519 1.0000e-12     0.8633    80.5879 1.1868e+00 0.0000e+00  0.0550530    20.3223 273.807035     2.5458     14.596     8.8967    300.790     9.0626 0.0000e+00
     14.280    20.3122 272.623585     2.5519 1.0000e-12     0.8646    80.5617 1.1538e+00 0.0000e+00  0.0554688    20.3221 273.867936     2.5458     14.562     8.8969    300.796     9.0630 0.0000e+00
     14.246    20.3118 272.575336     2.5519 1.0000e-12     0.8633    80.5879 1.1465e+00 0.0000e+00  0.0558845    20.3214 273.715680     2.5470     14.527     8.8973    300.745     9.0682 0.0000e+00
     14.211    20.3125 272.575334     2.5519 1.0000e-12     0.8646    80.5617 1.1758e+00 0.0000e+00  0.0558845    20.3216 273.746129     2.5458     14.491     8.8975    300.740     9.0633 0.0000e+00
     14.176    20.3137 272.539145     2.5519 1.0000e-12     0.8633    80.5879 1.2161e+00 0.0000e+00  0.0554688    20.3221 273.654775     2.5470     14.455     8.8975    300.693     9.0690 0.0000e+00
     14.140    20.3136 272.611517     2.5519 1.0000e-12     0.8646    80.5617 1.2088e+00 0.0000e+00  0.0554688    20.3222 273.715674     2.5470     14.419     8.8977    300.773     9.0689 0.0000e+00
     14.106    20.3123 272.623580     2.5519 1.0000e-12     0.8633    80.5879 1.1722e+00 0.0000e+00  0.0554688    20.3214 273.807029     2.5470     14.384     8.8980    300.795     9.0693 0.0000e+00
     14.073    20.3115 272.623581     2.5519 1.0000e-12     0.8646    80.5617 1.1319e+00 0.0000e+00  0.0554688    20.3211 273.715675     2.5470     14.350     8.8982    300.800     9.0691 0.0000e+00
