data/05_metadata_exports/SeabirdData/202310_SeabirdData/88582_STN63.cnv
* Sea-Bird SBE 9 Data File:
* FileName = C:\Users\rosette\Rosette Data\2023\Ontario lower food web csmi\STN63.hex
* Software Version Seasave V 7.26.6.26
* Temperature SN = 5270
* Conductivity SN = 1168
* Number of Bytes Per Scan = 40
* Number of Voltage Words = 5
* Number of Scans Averaged by the Deck Unit = 1
* NMEA Latitude = 43 43.91 N
* NMEA Longitude = 077 00.98 W
* NMEA UTC (Time) = Sep 23 2023  23:52:55
* NMEA baud rate = 4800
** Ship: Lake Guardian
** Cruise: Ontario LFW
** Station:  STN63
# nquan = 18                                
# nvalues = 14732                       
# units = specified
# name 0 = prDM: Pressure, Digiquartz [db]
# name 1 = t090C: Temperature [ITS-90, deg C]
# name 2 = c0uS/cm: Conductivity [uS/cm]
# name 3 = sbeox0V: Oxygen raw, SBE 43 [V]
# name 4 = par: PAR/Irradiance, Biospherical/Licor
# name 5 = bat: Beam Attenuation, Chelsea/Seatech [1/m]
# name 6 = xmiss: Beam Transmission, Chelsea/Seatech [%]
# name 7 = flSP: Fluorescence, Seapoint
# name 8 = spar: SPAR, Biospherical/Licor
# name 9 = upoly0: Upoly 0, Suna Nitrate
# name 10 = t190C: Temperature, 2 [ITS-90, deg C]
# name 11 = c1uS/cm: Conductivity, 2 [uS/cm]
# name 12 = sbeox1V: Oxygen raw, SBE 43, 2 [V]
# name 13 = depFM: Depth [fresh water, m], lat = 43.7318
# name 14 = sbeox0Mg/L: Oxygen, SBE 43 [mg/l], WS = 2
# name 15 = specc: Specific Conductance [uS/cm]
# name 16 = sbeox1Mg/L: Oxygen, SBE 43, 2 [mg/l], WS = 2
# name 17 = flag: flag
# span 0 =     -0.059,     83.349       
# span 1 =   -56.2170,    20.3890       
# span 2 =  10.828831, 396.220477       
# span 3 =     1.7827,     2.5800       
# span 4 = 1.0000e-12, 3.5345e+00       
# span 5 =     0.2321,     4.1370       
# span 6 =    35.5496,    94.3634       
# span 7 = 9.8901e-02, 1.8901e+00       
# span 8 = 0.0000e+00, 0.0000e+00       
# span 9 =  0.0413330,  0.0625367       
# span 10 =     4.6382,    20.3875      
# span 11 =   0.099439, 274.598681      
# span 12 =     2.0415,     2.7778      
# span 13 =     -0.060,     84.992      
# span 14 =  -320.9519,    11.0254      
# span 15 =  -1378.288,   2468.563      
# span 16 =     6.7366,    11.2121      
# span 17 = 0.0000e+00, 0.0000e+00      
# interval = seconds: 0.0416667
# start_time = Sep 23 2023 23:52:55 [NMEA time, header]
# bad_flag = -9.990e-29
*END*
[from data line 7960]
     83.270     4.6415 188.984533     2.2369 1.0000e-12     0.2387    94.2065 1.2088e-01 0.0000e+00  0.0558845     4.6495 190.208589     2.2295     84.912    10.9726    318.772    11.1525 -9.990e-29
     83.270     4.6420 188.984533     2.2369 1.0000e-12     0.2387    94.2065 1.1722e-01 0.0000e+00  0.0563003     4.6496 190.238924     2.2283     84.912    10.9724    318.766    11.1445 -9.990e-29
     83.269     4.6424 189.032325     2.2357 1.0000e-12     0.2387    94.2065 1.1722e-01 0.0000e+00  0.0563003     4.6502 190.269258     2.2295     84.911    10.9646    318.843    11.1509 -9.990e-29
     83.266     4.6425 189.056221     2.2357 1.0000e-12     0.2387    94.2065 1.1722e-01 0.0000e+00  0.0558845     4.6508 190.208588     2.2295     84.908    10.9646    318.882    11.1507 -9.990e-29
     83.265     4.6427 188.996480     2.2369 1.0000e-12     0.2387    94.2065 1.1722e-01 0.0000e+00  0.0550530     4.6519 190.178251     2.2295     84.907    10.9712    318.779    11.1505 -9.990e-29
     83.263     4.6428 189.020376     2.2357 1.0000e-12     0.2387    94.2065 1.2454e-01 0.0000e+00  0.0554688     4.6521 190.269257     2.2283     84.905    10.9636    318.818    11.1428 -9.990e-29
     83.263     4.6430 188.972584     2.2357 1.0000e-12     0.2398    94.1804 1.2454e-01 0.0000e+00  0.0558845     4.6521 190.208586     2.2283     84.905    10.9637    318.735    11.1417 -9.990e-29
     83.262     4.6428 188.972584     2.2369 1.0000e-12     0.2387    94.2065 1.2088e-01 0.0000e+00  0.0563003     4.6521 190.269257     2.2283     84.904    10.9716    318.738    11.1420 -9.990e-29
     83.263     4.6428 189.008428     2.2369 1.0000e-12     0.2387    94.2065 1.2088e-01 0.0000e+00  0.0558845     4.6524 190.269256     2.2283     84.905    10.9707    318.798    11.1423 -9.990e-29
     83.264     4.6429 189.008428     2.2369 1.0000e-12     0.2387    94.2065 1.1722e-01 0.0000e+00  0.0558845     4.6521 190.178252     2.2283     84.906    10.9698    318.797    11.1428 -9.990e-29
     83.265     4.6427 189.032324     2.2357 1.0000e-12     0.2387    94.2065 1.1722e-01 0.0000e+00  0.0558845     4.6524 190.208587     2.2283     84.907    10.9612    318.839    11.1432 -9.990e-29
     83.264     4.6425 189.044273     2.2357 1.0000e-12     0.2387    94.2065 1.1355e-01 0.0000e+00  0.0558845     4.6521 190.238923     2.2283     84.906    10.9616    318.862    11.1438 -9.990e-29
     83.264     4.6426 189.044271     2.2357 1.0000e-12     0.2398    94.1804 1.1355e-01 0.0000e+00  0.0554688     4.6513 190.269257     2.2283     84.906    10.9619    318.861    11.1434 -9.990e-29
     83.263     4.6428 189.008429     2.2357 1.0000e-12     0.2387    94.2065 1.1355e-01 0.0000e+00  0.0554688     4.6508 190.360264     2.2283     84.905    10.9623    318.798    11.1430 -9.990e-29
     83.263     4.6430 189.008427     2.2357 1.0000e-12     0.2376    94.2327 1.1355e-01 0.0000e+00  0.0558845     4.6510 190.329927     2.2283     84.905    10.9615    318.796    11.1424 -9.990e-29
     83.263     4.6429 189.044273     2.2357 1.0000e-12     0.2398    94.1804 1.0989e-01 0.0000e+00  0.0558845     4.6507 190.208588     2.2283     84.905    10.9609    318.857    11.1422 -9.990e-29
     83.262     4.6432 189.044272     2.2357 1.0000e-12     0.2387    94.2065 1.0989e-01 0.0000e+00  0.0558845     4.6497 190.178253     2.2283     84.904    10.9603    318.854    11.1422 -9.990e-29
     83.260     4.6432 189.008427     2.2357 1.0000e-12     0.2387    94.2065 1.0989e-01 0.0000e+00  0.0554688     4.6486 190.178253     2.2283     84.902    10.9610    318.794    11.1424 -9.990e-29
     83.260     4.6430 188.960635     2.2357 1.0000e-12     0.2387    94.2065 1.1355e-01 0.0000e+00  0.0554688     4.6475 190.329930     2.2283     84.902    10.9619    318.715    11.1427 -9.990e-29
     83.262     4.6430 189.020376     2.2357 1.0000e-12     0.2365    94.2588 1.2088e-01 0.0000e+00  0.0554688     4.6479 190.269260     2.2283     84.904    10.9615    318.816    11.1426 -9.990e-29
     83.263     4.6427 189.080117     2.2357 1.0000e-12     0.2365    94.2588 1.2821e-01 0.0000e+00  0.0554688     4.6491 190.269260     2.2271     84.905    10.9614    318.920    11.1346 -9.990e-29
     83.263     4.6423 188.984532     2.2357 1.0000e-12     0.2365    94.2588 1.3187e-01 0.0000e+00  0.0554688     4.6492 190.208588     2.2283     84.905    10.9602    318.763    11.1426 -9.990e-29
     83.264     4.6423 188.996481     2.2357 1.0000e-12     0.2354    94.2850 1.2821e-01 0.0000e+00  0.0558845     4.6491 190.208589     2.2283     84.906    10.9601    318.783    11.1443 -9.990e-29
     83.264     4.6417 189.008429     2.2357 1.0000e-12     0.2365    94.2588 1.2454e-01 0.0000e+00  0.0558845     4.6487 190.269259     2.2283     84.906    10.9603    318.810    11.1460 -9.990e-29
     83.264     4.6412 188.984533     2.2357 1.0000e-12     0.2365    94.2588 1.2088e-01 0.0000e+00  0.0554688     4.6483 190.238924     2.2283     84.906    10.9617    318.775    11.1466 -9.990e-29
     83.264     4.6411 189.044273     2.2357 1.0000e-12     0.2365    94.2588 1.2088e-01 0.0000e+00  0.0554688     4.6481 190.238925     2.2283     84.906    10.9630    318.877    11.1472 -9.990e-29
     83.265     4.6410 188.996481     2.2357 1.0000e-12     0.2354    94.2850 1.1722e-01 0.0000e+00  0.0558845     4.6480 190.269260     2.2271     84.907    10.9632    318.797    11.1388 -9.990e-29
     83.265     4.6409 188.996481     2.2357 1.0000e-12     0.2354    94.2850 1.1722e-01 0.0000e+00  0.0563003     4.6484 190.269259     2.2283     84.907    10.9635    318.798    11.1472 -9.990e-29
     83.266     4.6414 189.080117     2.2357 1.0000e-12     0.2354    94.2850 1.1722e-01 0.0000e+00  0.0558845     4.6490 190.178254     2.2283     84.908    10.9625    318.934    11.1478 -9.990e-29
     83.266     4.6411 189.032326     2.2357 1.0000e-12     0.2365    94.2588 1.1722e-01 0.0000e+00  0.0554688     4.6489 190.269260     2.2283     84.908    10.9629    318.857    11.1488 -9.990e-29
     83.266     4.6410 189.032324     2.2357 1.0000e-12     0.2365    94.2588 1.1722e-01 0.0000e+00  0.0558845     4.6473 190.208589     2.2271     84.908    10.9634    318.858    11.1412 -9.990e-29
     83.267     4.6410 189.008430     2.2357 1.0000e-12     0.2365    94.2588 1.1355e-01 0.0000e+00  0.0563003     4.6462 190.208591     2.2283     84.909    10.9639    318.817    11.1492 -9.990e-29
     83.267     4.6411 189.032325     2.2357 1.0000e-12     0.2365    94.2588 1.1355e-01 0.0000e+00  0.0558845     4.6465 190.238926     2.2283     84.909    10.9654    318.857    11.1489 -9.990e-29
     83.267     4.6410 188.996481     2.2357 1.0000e-12     0.2354    94.2850 1.1722e-01 0.0000e+00  0.0554688     4.6465 190.178255     2.2283     84.909    10.9670    318.797    11.1488 -9.990e-29
     83.268     4.6410 188.996481     2.2344 1.0000e-12     0.2354    94.2850 1.2088e-01 0.0000e+00  0.0554688     4.6460 190.178256     2.2283     84.910    10.9604    318.797    11.1489 -9.990e-29
     83.269     4.6412 189.044273     2.2357 1.0000e-12     0.2354    94.2850 1.3187e-01 0.0000e+00  0.0554688     4.6456 190.178256     2.2283     84.911    10.9681    318.876    11.1491 -9.990e-29
     83.269     4.6416 188.960638     2.2357 1.0000e-12     0.2365    94.2588 1.3553e-01 0.0000e+00  0.0558845     4.6455 190.178256     2.2271     84.911    10.9686    318.730    11.1413 -9.990e-29
     83.269     4.6415 188.984532     2.2357 1.0000e-12     0.2365    94.2588 1.3553e-01 0.0000e+00  0.0558845     4.6457 190.208590     2.2271     84.911    10.9692    318.772    11.1414 -9.990e-29
     83.270     4.6417 189.032325     2.2344 1.0000e-12     0.2365    94.2588 1.3187e-01 0.0000e+00  0.0558845     4.6456 190.238927     2.2271     84.912    10.9603    318.850    11.1416 -9.990e-29
     83.270     4.6416 189.008429     2.2344 1.0000e-12     0.2376    94.2327 1.2821e-01 0.0000e+00  0.0554688     4.6456 190.178256     2.2271     84.912    10.9610    318.811    11.1418 -9.990e-29
     83.270     4.6417 188.960636     2.2344 1.0000e-12     0.2376    94.2327 1.2821e-01 0.0000e+00  0.0554688     4.6457 190.178255     2.2271     84.912    10.9605    318.729    11.1420 -9.990e-29
     83.272     4.6417 188.948689     2.2357 1.0000e-12     0.2365    94.2588 1.2821e-01 0.0000e+00  0.0554688     4.6460 190.208591     2.2271     84.914    10.9696    318.709    11.1422 -9.990e-29
     83.274     4.6416 188.984533     2.2357 1.0000e-12     0.2365    94.2588 1.3187e-01 0.0000e+00  0.0558845     4.6446 190.238927     2.2271     84.916    10.9691    318.771    11.1430 -9.990e-29
     83.275     4.6415 188.996482     2.2344 1.0000e-12     0.2365    94.2588 1.3187e-01 0.0000e+00  0.0558845     4.6438 190.238928     2.2271     84.917    10.9605    318.792    11.1424 -9.990e-29
     83.276     4.6414 188.984533     2.2344 1.0000e-12     0.2365    94.2588 1.2454e-01 0.0000e+00  0.0558845     4.6431 190.238928     2.2271     84.918    10.9602    318.773    11.1432 -9.990e-29
     83.275     4.6417 189.020377     2.2344 1.0000e-12     0.2365    94.2588 1.2088e-01 0.0000e+00  0.0554688     4.6432 190.178258     2.2271     84.917    10.9598    318.830    11.1424 -9.990e-29
     83.274     4.6421 189.044273     2.2344 1.0000e-12     0.2365    94.2588 1.2454e-01 0.0000e+00  0.0558845     4.6429 190.208593     2.2283     84.916    10.9594    318.866    11.1509 -9.990e-29
     83.273     4.6422 189.008428     2.2344 1.0000e-12     0.2365    94.2588 1.2821e-01 0.0000e+00  0.0558845     4.6430 190.178257     2.2283     84.915    10.9604    318.804    11.1515 -9.990e-29
     83.274     4.6420 189.032325     2.2357 1.0000e-12     0.2365    94.2588 1.3187e-01 0.0000e+00  0.0558845     4.6433 190.178257     2.2271     84.916    10.9685    318.847    11.1442 -9.990e-29
     83.275     4.6420 188.996481     2.2357 1.0000e-12     0.2365    94.2588 1.3553e-01 0.0000e+00  0.0558845     4.6433 190.178258     2.2271     84.917    10.9684    318.786    11.1449 -9.990e-29
     83.274     4.6418 188.984533     2.2344 1.0000e-12     0.2365    94.2588 1.3919e-01 0.0000e+00  0.0558845     4.6429 190.208593     2.2271     84.916    10.9601    318.768    11.1446 -9.990e-29
     83.273     4.6422 188.960637     2.2357 1.0000e-12     0.2365    94.2588 1.3553e-01 0.0000e+00  0.0554688     4.6429 190.238928     2.2271     84.915    10.9693    318.724    11.1442 -9.990e-29
     83.273     4.6423 189.020376     2.2344 1.0000e-12     0.2365    94.2588 1.2821e-01 0.0000e+00  0.0554688     4.6431 190.329933     2.2271     84.915    10.9610    318.824    11.1450 -9.990e-29
     83.275     4.6422 189.080117     2.2344 1.0000e-12     0.2365    94.2588 1.2088e-01 0.0000e+00  0.0558845     4.6433 190.208592     2.2271     84.917    10.9622    318.925    11.1458 -9.990e-29
     83.277     4.6420 189.032325     2.2357 1.0000e-12     0.2365    94.2588 1.1355e-01 0.0000e+00  0.0558845     4.6433 190.178258     2.2271     84.919    10.9705    318.847    11.1468 -9.990e-29
     83.277     4.6417 189.032325     2.2357 1.0000e-12     0.2365    94.2588 1.0989e-01 0.0000e+00  0.0558845     4.6433 190.178257     2.2271     84.919    10.9707    318.850    11.1453 -9.990e-29
     83.277     4.6416 189.008429     2.2357 1.0000e-12     0.2365    94.2588 1.1722e-01 0.0000e+00  0.0558845     4.6431 190.178258     2.2271     84.919    10.9708    318.811    11.1465 -9.990e-29
     83.277     4.6417 188.972585     2.2357 1.0000e-12     0.2365    94.2588 1.2088e-01 0.0000e+00  0.0558845     4.6425 190.269263     2.2271     84.919    10.9709    318.749    11.1478 -9.990e-29
     83.276     4.6415 189.020377     2.2357 1.0000e-12     0.2365    94.2588 1.2454e-01 0.0000e+00  0.0558845     4.6427 190.299598     2.2271     84.918    10.9712    318.832    11.1489 -9.990e-29
     83.276     4.6418 189.008428     2.2344 1.0000e-12     0.2376    94.2327 1.2821e-01 0.0000e+00  0.0554688     4.6424 190.208592     2.2271     84.918    10.9630    318.809    11.1502 -9.990e-29
     83.277     4.6418 189.008430     2.2357 1.0000e-12     0.2365    94.2588 1.3187e-01 0.0000e+00  0.0554688     4.6425 190.087254     2.2271     84.919    10.9715    318.809    11.1514 -9.990e-29
     83.277     4.6418 189.008428     2.2357 1.0000e-12     0.2365    94.2588 1.2821e-01 0.0000e+00  0.0558845     4.6427 190.147922     2.2271     84.919    10.9717    318.809    11.1514 -9.990e-29
     83.278     4.6418 189.080117     2.2344 1.0000e-12     0.2365    94.2588 1.2454e-01 0.0000e+00  0.0558845     4.6424 190.087253     2.2271     84.920    10.9637    318.930    11.1516 -9.990e-29
     83.279     4.6422 189.056221     2.2357 1.0000e-12     0.2365    94.2588 1.2454e-01 0.0000e+00  0.0554688     4.6430 190.238928     2.2271     84.921    10.9699    318.885    11.1514 -9.990e-29
     83.280     4.6423 189.020377     2.2344 1.0000e-12     0.2365    94.2588 1.2821e-01 0.0000e+00  0.0558845     4.6426 190.238928     2.2271     84.922    10.9608    318.824    11.1516 -9.990e-29
     83.280     4.6422 188.984533     2.2357 1.0000e-12     0.2365    94.2588 1.2454e-01 0.0000e+00  0.0558845     4.6425 190.117588     2.2271     84.922    10.9683    318.764    11.1517 -9.990e-29
     83.280     4.6423 188.996481     2.2344 1.0000e-12     0.2376    94.2327 1.1722e-01 0.0000e+00  0.0558845     4.6427 190.147923     2.2271     84.922    10.9603    318.783    11.1517 -9.990e-29
     83.279     4.6422 189.032325     2.2344 1.0000e-12     0.2376    94.2327 1.2088e-01 0.0000e+00  0.0554688     4.6428 190.208593     2.2259     84.921    10.9608    318.845    11.1439 -9.990e-29
     83.279     4.6423 189.044273     2.2344 1.0000e-12     0.2376    94.2327 1.3187e-01 0.0000e+00  0.0558845     4.6427 190.117588     2.2271     84.921    10.9612    318.864    11.1518 -9.990e-29
     83.278     4.6421 189.008429     2.2344 1.0000e-12     0.2365    94.2588 1.3553e-01 0.0000e+00  0.0558845     4.6424 190.238928     2.2271     84.920    10.9605    318.806    11.1519 -9.990e-29
     83.277     4.6422 189.080116     2.2344 1.0000e-12     0.2376    94.2327 1.3553e-01 0.0000e+00  0.0563003     4.6424 190.238927     2.2271     84.919    10.9597    318.925    11.1520 -9.990e-29
     83.279     4.6420 189.020377     2.2357 1.0000e-12     0.2365    94.2588 1.3187e-01 0.0000e+00  0.0563003     4.6423 190.117588     2.2271     84.921    10.9672    318.827    11.1533 -9.990e-29
     83.280     4.6421 189.044273     2.2344 1.0000e-12     0.2376    94.2327 1.2821e-01 0.0000e+00  0.0558845     4.6424 190.269264     2.2271     84.922    10.9581    318.866    11.1547 -9.990e-29
     83.282     4.6418 189.020377     2.2344 1.0000e-12     0.2365    94.2588 1.2454e-01 0.0000e+00  0.0558845     4.6424 190.208593     2.2271     84.924    10.9587    318.829    11.1548 -9.990e-29
     83.283     4.6418 188.984533     2.2344 1.0000e-12     0.2365    94.2588 1.2088e-01 0.0000e+00  0.0554688     4.6424 190.178258     2.2259     84.925    10.9591    318.768    11.1472 -9.990e-29
     83.284     4.6420 188.996481     2.2357 1.0000e-12     0.2365    94.2588 1.2088e-01 0.0000e+00  0.0554688     4.6422 190.208594     2.2271     84.926    10.9667    318.786    11.1552 -9.990e-29
     83.286     4.6420 189.008429     2.2344 1.0000e-12     0.2365    94.2588 1.1722e-01 0.0000e+00  0.0554688     4.6425 190.238928     2.2271     84.928    10.9589    318.807    11.1553 -9.990e-29
     83.287     4.6418 189.032325     2.2357 1.0000e-12     0.2365    94.2588 1.1722e-01 0.0000e+00  0.0554688     4.6425 190.269264     2.2271     84.929    10.9667    318.849    11.1554 -9.990e-29
     83.288     4.6418 189.008430     2.2344 1.0000e-12     0.2365    94.2588 1.1722e-01 0.0000e+00  0.0558845     4.6429 190.238929     2.2271     84.930    10.9577    318.809    11.1554 -9.990e-29
     83.287     4.6420 188.996480     2.2344 1.0000e-12     0.2365    94.2588 1.1722e-01 0.0000e+00  0.0558845     4.6429 190.178257     2.2259     84.929    10.9582    318.786    11.1478 -9.990e-29
