data/05_metadata_exports/SeabirdData/202310_SeabirdData/88603_STN65-NIGHT.cnv
* Sea-Bird SBE 9 Data File:
* FileName = C:\Users\rosette\Rosette Data\2023\Ontario lower food web csmi\STN65-NIGHT.hex
* Software Version Seasave V 7.26.6.26
* Temperature SN = 5270
* Conductivity SN = 1168
* Number of Bytes Per Scan = 40
* Number of Voltage Words = 5
* Number of Scans Averaged by the Deck Unit = 1
* NMEA Latitude = 43 25.49 N
* NMEA Longitude = 076 52.85 W
* NMEA UTC (Time) = Sep 24 2023  10:27:53
* NMEA baud rate = 4800
** Ship: Lake Guardian
** Cruise: Ontario LFW
** Station:  STN65-NIGHT
# nquan = 18                                
# nvalues = 20583                       
# units = specified
# name 0 = prDM: Pressure, Digiquartz [db]
# name 1 = t090C: Temperature [ITS-90, deg C]
# name 2 = c0uS/cm: Conductivity [uS/cm]
# name 3 = sbeox0V: Oxygen raw, SBE 43 [V]
# name 4 = par: PAR/Irradiance, Biospherical/Licor
# name 5 = bat: Beam Attenuation, Chelsea/Seatech [1/m]
# name 6 = xmiss: Beam Transmission, Chelsea/Seatech [%]
# name 7 = flSP: Fluorescence, Seapoint
# name 8 = spar: SPAR, Biospherical/Licor
# name 9 = upoly0: Upoly 0, Suna Nitrate
# name 10 = t190C: Temperature, 2 [ITS-90, deg C]
# name 11 = c1uS/cm: Conductivity, 2 [uS/cm]
# name 12 = sbeox1V: Oxygen raw, SBE 43, 2 [V]
# name 13 = depFM: Depth [fresh water, m], lat = 43.4248
# name 14 = sbeox0Mg/L: Oxygen, SBE 43 [mg/l], WS = 2
# name 15 = specc: Specific Conductance [uS/cm]
# name 16 = sbeox1Mg/L: Oxygen, SBE 43, 2 [mg/l], WS = 2
# name 17 = flag: flag
# span 0 =     -0.150,    147.555       
# span 1 =   -98.9762,    99.0000       
# span 2 = -3.344e+03, 401.935438       
# span 3 =     1.8059,     2.6252       
# span 4 = 1.0000e-12, 2.5883e+00       
# span 5 =     0.1618,     5.9748       
# span 6 =    22.4538,    96.0363       
# span 7 = 8.7912e-02, 1.8938e+00       
# span 8 = 0.0000e+00, 1.9691e+00       
# span 9 =  0.0413330,  0.0629524       
# span 10 =     3.8513,    20.2321      
# span 11 =   4.248637, 274.020002      
# span 12 =     1.7448,     2.7582      
# span 13 =     -0.153,    150.464      
# span 14 = -1050.0787,    54.8008      
# span 15 =  -4217.684,   1223.497      
# span 16 =     5.4486,    12.5292      
# span 17 = 0.0000e+00, 0.0000e+00      
# interval = seconds: 0.0416667
# start_time = Sep 24 2023 10:27:53 [NMEA time, header]
# bad_flag = -9.990e-29
*END*
[from data line 4744]
      5.066    20.2135 272.647557     2.5311 1.0000e-12     0.7977    81.9210 9.0842e-01 0.0000e+00  0.0538058    20.2106 273.776440     2.5092      5.166     8.7977    301.479     8.8948 0.0000e+00
      5.085    20.2132 272.647558     2.5311 1.0000e-12     0.7977    81.9210 8.7912e-01 0.0000e+00  0.0533900    20.2102 273.685086     2.5092      5.185     8.7980    301.481     8.8941 0.0000e+00
      5.105    20.2129 272.671684     2.5311 1.0000e-12     0.7977    81.9210 8.3883e-01 0.0000e+00  0.0538058    20.2100 273.776442     2.5092      5.206     8.7980    301.510     8.8934 0.0000e+00
      5.126    20.2129 272.647559     2.5311 1.0000e-12     0.7977    81.9210 8.3150e-01 0.0000e+00  0.0542215    20.2104 273.837344     2.5092      5.227     8.7982    301.483     8.8926 0.0000e+00
      5.146    20.2127 272.623436     2.5311 1.0000e-12     0.7989    81.8949 8.3516e-01 0.0000e+00  0.0538058    20.2102 273.776443     2.5092      5.247     8.7989    301.458     8.8919 0.0000e+00
      5.165    20.2125 272.683747     2.5311 1.0000e-12     0.7977    81.9210 8.2051e-01 0.0000e+00  0.0533900    20.2097 273.776442     2.5092      5.267     8.7992    301.526     8.8913 0.0000e+00
      5.185    20.2129 272.683750     2.5311 1.0000e-12     0.7951    81.9733 8.1685e-01 0.0000e+00  0.0538058    20.2098 273.685091     2.5092      5.287     8.7994    301.523     8.8906 0.0000e+00
      5.204    20.2127 272.683749     2.5324 1.0000e-12     0.7926    82.0256 8.4615e-01 0.0000e+00  0.0542215    20.2102 273.745992     2.5092      5.307     8.8055    301.524     8.8899 0.0000e+00
      5.222    20.2127 272.719938     2.5324 1.0000e-12     0.7926    82.0256 8.5714e-01 0.0000e+00  0.0538058    20.2099 273.867800     2.5092      5.325     8.8058    301.564     8.8893 0.0000e+00
      5.240    20.2125 272.647563     2.5311 1.0000e-12     0.7938    81.9994 8.6447e-01 0.0000e+00  0.0529742    20.2102 273.685091     2.5092      5.343     8.8001    301.486     8.8886 0.0000e+00
      5.258    20.2123 272.659625     2.5311 1.0000e-12     0.7938    81.9994 8.7546e-01 0.0000e+00  0.0529742    20.2102 273.776445     2.5092      5.362     8.7997    301.500     8.8880 0.0000e+00
      5.277    20.2119 272.587252     2.5311 1.0000e-12     0.7938    81.9994 8.8278e-01 0.0000e+00  0.0538058    20.2106 273.776446     2.5092      5.381     8.7994    301.423     8.8869 0.0000e+00
      5.295    20.2119 272.647565     2.5311 1.0000e-12     0.7926    82.0256 8.7912e-01 0.0000e+00  0.0550530    20.2098 273.806898     2.5092      5.399     8.7990    301.490     8.8861 0.0000e+00
      5.314    20.2118 272.635502     2.5311 1.0000e-12     0.7938    81.9994 8.8645e-01 0.0000e+00  0.0554688    20.2104 273.776446     2.5092      5.419     8.7986    301.477     8.8851 0.0000e+00
      5.333    20.2119 272.659629     2.5311 1.0000e-12     0.7938    81.9994 8.9377e-01 0.0000e+00  0.0542215    20.2100 273.806899     2.5104      5.438     8.7983    301.503     8.8900 0.0000e+00
      5.352    20.2120 272.683754     2.5311 1.0000e-12     0.7938    81.9994 8.8645e-01 0.0000e+00  0.0533900    20.2105 273.654642     2.5092      5.458     8.7979    301.529     8.8837 0.0000e+00
      5.372    20.2123 272.647566     2.5324 1.0000e-12     0.7938    81.9994 8.5714e-01 0.0000e+00  0.0533900    20.2102 273.806899     2.5092      5.478     8.8032    301.487     8.8833 0.0000e+00
      5.393    20.2119 272.647568     2.5311 1.0000e-12     0.7938    81.9994 8.8278e-01 0.0000e+00  0.0538058    20.2102 273.837352     2.5092      5.499     8.7973    301.490     8.8829 0.0000e+00
      5.413    20.2119 272.683755     2.5311 1.0000e-12     0.7938    81.9994 8.9744e-01 0.0000e+00  0.0542215    20.2104 273.837352     2.5079      5.520     8.7970    301.530     8.8763 0.0000e+00
      5.433    20.2121 272.635507     2.5311 1.0000e-12     0.7926    82.0256 8.7546e-01 0.0000e+00  0.0542215    20.2098 273.867805     2.5092      5.540     8.7967    301.475     8.8814 0.0000e+00
      5.452    20.2121 272.635507     2.5324 1.0000e-12     0.7926    82.0256 8.3883e-01 0.0000e+00  0.0542215    20.2099 273.837354     2.5079      5.559     8.8021    301.475     8.8753 0.0000e+00
      5.470    20.2119 272.671694     2.5311 1.0000e-12     0.7926    82.0256 8.2418e-01 0.0000e+00  0.0533900    20.2102 273.776451     2.5079      5.578     8.7959    301.516     8.8745 0.0000e+00
      5.488    20.2118 272.683757     2.5311 1.0000e-12     0.7938    81.9994 8.3883e-01 0.0000e+00  0.0533900    20.2100 273.776451     2.5079      5.596     8.7957    301.530     8.8744 0.0000e+00
      5.507    20.2119 272.647571     2.5311 1.0000e-12     0.7926    82.0256 8.6081e-01 0.0000e+00  0.0533900    20.2095 273.806905     2.5067      5.616     8.7951    301.490     8.8685 0.0000e+00
      5.526    20.2119 272.671694     2.5311 1.0000e-12     0.7938    81.9994 8.7179e-01 0.0000e+00  0.0538058    20.2097 273.867805     2.5067      5.635     8.7946    301.516     8.8683 0.0000e+00
      5.547    20.2118 272.683760     2.5311 1.0000e-12     0.7938    81.9994 8.7912e-01 0.0000e+00  0.0542215    20.2097 273.837357     2.5067      5.656     8.7941    301.530     8.8683 0.0000e+00
      5.567    20.2118 272.611385     2.5311 1.0000e-12     0.7951    81.9733 9.0476e-01 0.0000e+00  0.0538058    20.2095 273.837357     2.5067      5.677     8.7936    301.450     8.8679 0.0000e+00
      5.586    20.2119 272.611385     2.5311 1.0000e-12     0.7977    81.9210 8.9011e-01 0.0000e+00  0.0538058    20.2100 273.776454     2.5067      5.696     8.7935    301.450     8.8679 0.0000e+00
      5.605    20.2116 272.707885     2.5324 1.0000e-12     0.7977    81.9210 8.7546e-01 0.0000e+00  0.0542215    20.2100 273.806905     2.5067      5.716     8.7988    301.558     8.8680 0.0000e+00
      5.625    20.2118 272.599324     2.5311 1.0000e-12     0.7964    81.9471 8.4982e-01 0.0000e+00  0.0538058    20.2098 273.715553     2.5067      5.736     8.7927    301.437     8.8681 0.0000e+00
      5.645    20.2118 272.623450     2.5311 1.0000e-12     0.7977    81.9210 8.2418e-01 0.0000e+00  0.0529742    20.2104 273.776456     2.5067      5.756     8.7924    301.464     8.8682 0.0000e+00
      5.663    20.2116 272.647574     2.5311 1.0000e-12     0.7964    81.9471 8.2418e-01 0.0000e+00  0.0533900    20.2102 273.837358     2.5067      5.775     8.7921    301.492     8.8685 0.0000e+00
      5.682    20.2116 272.599326     2.5311 1.0000e-12     0.7964    81.9471 8.5348e-01 0.0000e+00  0.0542215    20.2104 273.715554     2.5067      5.794     8.7921    301.438     8.8688 0.0000e+00
      5.701    20.2119 272.671700     2.5311 1.0000e-12     0.7977    81.9210 8.9377e-01 0.0000e+00  0.0546373    20.2098 273.746006     2.5067      5.813     8.7922    301.516     8.8693 0.0000e+00
      5.721    20.2119 272.647575     2.5299 1.0000e-12     0.7964    81.9471 9.0842e-01 0.0000e+00  0.0542215    20.2100 273.776457     2.5067      5.834     8.7868    301.490     8.8696 0.0000e+00
      5.742    20.2119 272.635514     2.5299 1.0000e-12     0.7964    81.9471 8.9744e-01 0.0000e+00  0.0533900    20.2102 273.806910     2.5055      5.855     8.7866    301.476     8.8647 0.0000e+00
      5.763    20.2119 272.647577     2.5299 1.0000e-12     0.7977    81.9210 8.7912e-01 0.0000e+00  0.0533900    20.2104 273.776458     2.5055      5.877     8.7868    301.490     8.8652 0.0000e+00
      5.785    20.2121 272.671703     2.5299 1.0000e-12     0.7964    81.9471 8.7179e-01 0.0000e+00  0.0538058    20.2102 273.867814     2.5055      5.899     8.7866    301.515     8.8658 0.0000e+00
      5.806    20.2116 272.683766     2.5299 1.0000e-12     0.7977    81.9210 8.8278e-01 0.0000e+00  0.0542215    20.2104 273.806911     2.5067      5.920     8.7866    301.532     8.8717 0.0000e+00
      5.825    20.2116 272.695831     2.5299 1.0000e-12     0.7977    81.9210 8.8278e-01 0.0000e+00  0.0542215    20.2100 273.806913     2.5055      5.940     8.7865    301.545     8.8675 0.0000e+00
      5.844    20.2113 272.611390     2.5299 1.0000e-12     0.7964    81.9471 8.8645e-01 0.0000e+00  0.0533900    20.2097 273.776459     2.5067      5.959     8.7865    301.454     8.8736 0.0000e+00
      5.865    20.2113 272.671707     2.5299 1.0000e-12     0.7977    81.9210 8.7912e-01 0.0000e+00  0.0529742    20.2100 273.806914     2.5067      5.981     8.7868    301.520     8.8744 0.0000e+00
      5.885    20.2114 272.683768     2.5299 1.0000e-12     0.7964    81.9471 8.7912e-01 0.0000e+00  0.0550530    20.2095 273.837365     2.5055      6.001     8.7869    301.533     8.8700 0.0000e+00
      5.904    20.2113 272.647582     2.5299 1.0000e-12     0.7964    81.9471 8.9744e-01 0.0000e+00  0.0563003    20.2092 273.715561     2.5055      6.020     8.7869    301.494     8.8704 0.0000e+00
      5.924    20.2114 272.599332     2.5299 1.0000e-12     0.7977    81.9210 9.0476e-01 0.0000e+00  0.0558845    20.2095 273.898269     2.5055      6.041     8.7870    301.440     8.8709 0.0000e+00
      5.943    20.2109 272.623457     2.5287 1.0000e-12     0.7964    81.9471 9.1575e-01 0.0000e+00  0.0558845    20.2091 273.806915     2.5055      6.060     8.7823    301.470     8.8711 0.0000e+00
      5.963    20.2113 272.719958     2.5299 1.0000e-12     0.7964    81.9471 9.4139e-01 0.0000e+00  0.0558845    20.2092 273.776465     2.5055      6.081     8.7876    301.574     8.8717 0.0000e+00
      5.982    20.2109 272.671709     2.5287 1.0000e-12     0.7926    82.0256 9.3407e-01 0.0000e+00  0.0558845    20.2086 273.806917     2.5055      6.100     8.7827    301.523     8.8724 0.0000e+00
      6.002    20.2109 272.647584     2.5287 1.0000e-12     0.7900    82.0778 9.0842e-01 0.0000e+00  0.0558845    20.2088 273.776465     2.5055      6.120     8.7829    301.496     8.8722 0.0000e+00
      6.023    20.2109 272.671710     2.5287 1.0000e-12     0.7900    82.0778 9.0110e-01 0.0000e+00  0.0567161    20.2093 273.776467     2.5055      6.142     8.7828    301.523     8.8724 0.0000e+00
      6.044    20.2109 272.635523     2.5287 1.0000e-12     0.7900    82.0778 8.8278e-01 0.0000e+00  0.0563003    20.2093 273.776467     2.5043      6.163     8.7827    301.483     8.8673 0.0000e+00
      6.065    20.2107 272.659648     2.5299 1.0000e-12     0.7913    82.0517 8.5714e-01 0.0000e+00  0.0563003    20.2095 273.776466     2.5055      6.185     8.7879    301.511     8.8730 0.0000e+00
      6.087    20.2106 272.611401     2.5287 1.0000e-12     0.7913    82.0517 8.4615e-01 0.0000e+00  0.0558845    20.2091 273.776470     2.5055      6.207     8.7827    301.458     8.8734 0.0000e+00
      6.106    20.2109 272.659649     2.5287 1.0000e-12     0.7913    82.0517 8.3883e-01 0.0000e+00  0.0558845    20.2088 273.806920     2.5055      6.226     8.7831    301.510     8.8737 0.0000e+00
      6.126    20.2107 272.647587     2.5287 1.0000e-12     0.7900    82.0778 8.2051e-01 0.0000e+00  0.0558845    20.2086 273.928726     2.5055      6.247     8.7830    301.498     8.8741 0.0000e+00
      6.147    20.2111 272.671713     2.5287 1.0000e-12     0.7900    82.0778 8.2418e-01 0.0000e+00  0.0563003    20.2086 273.715567     2.5055      6.268     8.7827    301.522     8.8745 0.0000e+00
      6.167    20.2107 272.647590     2.5287 1.0000e-12     0.7900    82.0778 8.4249e-01 0.0000e+00  0.0558845    20.2090 273.715569     2.5055      6.289     8.7827    301.498     8.8748 0.0000e+00
      6.187    20.2111 272.671713     2.5287 1.0000e-12     0.7900    82.0778 8.4615e-01 0.0000e+00  0.0554688    20.2088 273.685116     2.5055      6.309     8.7826    301.522     8.8753 0.0000e+00
      6.207    20.2107 272.647590     2.5287 1.0000e-12     0.7900    82.0778 8.6447e-01 0.0000e+00  0.0558845    20.2088 273.776472     2.5055      6.329     8.7826    301.498     8.8757 0.0000e+00
      6.228    20.2109 272.671715     2.5287 1.0000e-12     0.7913    82.0517 8.7912e-01 0.0000e+00  0.0550530    20.2091 273.867825     2.5055      6.351     8.7823    301.523     8.8761 0.0000e+00
      6.247    20.2109 272.695841     2.5299 1.0000e-12     0.7900    82.0778 8.6813e-01 0.0000e+00  0.0542215    20.2090 273.806924     2.5055      6.370     8.7869    301.550     8.8761 0.0000e+00
      6.267    20.2108 272.683779     2.5287 1.0000e-12     0.7913    82.0517 8.4615e-01 0.0000e+00  0.0533900    20.2090 273.776473     2.5055      6.391     8.7815    301.537     8.8762 0.0000e+00
      6.287    20.2109 272.683779     2.5287 1.0000e-12     0.7913    82.0517 8.3150e-01 0.0000e+00  0.0529742    20.2091 273.806924     2.5055      6.411     8.7813    301.536     8.8762 0.0000e+00
      6.307    20.2107 272.611405     2.5287 1.0000e-12     0.7913    82.0517 8.3516e-01 0.0000e+00  0.0533900    20.2093 273.776474     2.5055      6.431     8.7809    301.458     8.8770 0.0000e+00
      6.327    20.2109 272.659655     2.5287 1.0000e-12     0.7900    82.0778 8.5714e-01 0.0000e+00  0.0542215    20.2088 273.806926     2.5055      6.452     8.7808    301.510     8.8775 0.0000e+00
      6.346    20.2111 272.647593     2.5287 1.0000e-12     0.7913    82.0517 8.7179e-01 0.0000e+00  0.0542215    20.2090 273.776474     2.5055      6.471     8.7807    301.495     8.8783 0.0000e+00
      6.367    20.2109 272.623469     2.5287 1.0000e-12     0.7913    82.0517 8.7912e-01 0.0000e+00  0.0538058    20.2088 273.806927     2.5055      6.493     8.7804    301.470     8.8792 0.0000e+00
      6.387    20.2109 272.623469     2.5287 1.0000e-12     0.7875    82.1301 8.8645e-01 0.0000e+00  0.0533900    20.2090 273.776476     2.5055      6.513     8.7805    301.470     8.8796 0.0000e+00
      6.407    20.2106 272.635532     2.5287 1.0000e-12     0.7875    82.1301 8.8645e-01 0.0000e+00  0.0533900    20.2091 273.928733     2.5043      6.533     8.7807    301.485     8.8746 0.0000e+00
      6.429    20.2109 272.671721     2.5287 1.0000e-12     0.7875    82.1301 8.7546e-01 0.0000e+00  0.0538058    20.2088 273.746026     2.5043      6.556     8.7809    301.523     8.8751 0.0000e+00
      6.450    20.2112 272.647597     2.5287 1.0000e-12     0.7875    82.1301 8.6447e-01 0.0000e+00  0.0542215    20.2090 273.837382     2.5055      6.577     8.7807    301.494     8.8807 0.0000e+00
      6.469    20.2109 272.623471     2.5287 1.0000e-12     0.7875    82.1301 8.7546e-01 0.0000e+00  0.0538058    20.2091 273.806928     2.5055      6.597     8.7810    301.470     8.8811 0.0000e+00
      6.489    20.2113 272.623472     2.5287 1.0000e-12     0.7875    82.1301 8.9011e-01 0.0000e+00  0.0533900    20.2088 273.806930     2.5043      6.617     8.7808    301.467     8.8761 0.0000e+00
      6.509    20.2111 272.623472     2.5275 1.0000e-12     0.7862    82.1563 8.7179e-01 0.0000e+00  0.0533900    20.2091 273.867833     2.5055      6.637     8.7756    301.468     8.8817 0.0000e+00
      6.528    20.2111 272.683786     2.5275 1.0000e-12     0.7862    82.1563 8.5348e-01 0.0000e+00  0.0533900    20.2095 273.806931     2.5055      6.657     8.7756    301.535     8.8820 0.0000e+00
      6.547    20.2111 272.683786     2.5275 1.0000e-12     0.7875    82.1301 8.2784e-01 0.0000e+00  0.0529742    20.2092 273.654675     2.5055      6.676     8.7756    301.535     8.8819 0.0000e+00
      6.566    20.2111 272.695848     2.5275 1.0000e-12     0.7875    82.1301 8.3516e-01 0.0000e+00  0.0533900    20.2088 273.776480     2.5055      6.695     8.7760    301.548     8.8822 0.0000e+00
      6.585    20.2111 272.683786     2.5275 1.0000e-12     0.7875    82.1301 8.6447e-01 0.0000e+00  0.0538058    20.2093 273.715577     2.5055      6.715     8.7761    301.535     8.8824 0.0000e+00
      6.606    20.2111 272.587288     2.5263 1.0000e-12     0.7875    82.1301 8.6081e-01 0.0000e+00  0.0538058    20.2092 273.776482     2.5055      6.736     8.7710    301.428     8.8826 0.0000e+00
      6.627    20.2111 272.623476     2.5263 1.0000e-12     0.7862    82.1563 8.4615e-01 0.0000e+00  0.0533900    20.2091 273.715581     2.5055      6.758     8.7712    301.468     8.8828 0.0000e+00
