data/05_metadata_exports/SeabirdData/202310_SeabirdData/88603_STN65-NIGHT.cnv
* Sea-Bird SBE 9 Data File:
* FileName = C:\Users\rosette\Rosette Data\2023\Ontario lower food web csmi\STN65-NIGHT.hex
* Software Version Seasave V 7.26.6.26
* Temperature SN = 5270
* Conductivity SN = 1168
* Number of Bytes Per Scan = 40
* Number of Voltage Words = 5
* Number of Scans Averaged by the Deck Unit = 1
* NMEA Latitude = 43 25.49 N
* NMEA Longitude = 076 52.85 W
* NMEA UTC (Time) = Sep 24 2023  10:27:53
* NMEA baud rate = 4800
** Ship: Lake Guardian
** Cruise: Ontario LFW
** Station:  STN65-NIGHT
# nquan = 18                                
# nvalues = 20583                       
# units = specified
# name 0 = prDM: Pressure, Digiquartz [db]
# name 1 = t090C: Temperature [ITS-90, deg C]
# name 2 = c0uS/cm: Conductivity [uS/cm]
# name 3 = sbeox0V: Oxygen raw, SBE 43 [V]
# name 4 = par: PAR/Irradiance, Biospherical/Licor
# name 5 = bat: Beam Attenuation, Chelsea/Seatech [1/m]
# name 6 = xmiss: Beam Transmission, Chelsea/Seatech [%]
# name 7 = flSP: Fluorescence, Seapoint
# name 8 = spar: SPAR, Biospherical/Licor
# name 9 = upoly0: Upoly 0, Suna Nitrate
# name 10 = t190C: Temperature, 2 [ITS-90, deg C]
# name 11 = c1uS/cm: Conductivity, 2 [uS/cm]
# name 12 = sbeox1V: Oxygen raw, SBE 43, 2 [V]
# name 13 = depFM: Depth [fresh water, m], lat = 43.4248
# name 14 = sbeox0Mg/L: Oxygen, SBE 43 [mg/l], WS = 2
# name 15 = specc: Specific Conductance [uS/cm]
# name 16 = sbeox1Mg/L: Oxygen, SBE 43, 2 [mg/l], WS = 2
# name 17 = flag: flag
# span 0 =     -0.150,    147.555       
# span 1 =   -98.9762,    99.0000       
# span 2 = -3.344e+03, 401.935438       
# span 3 =     1.8059,     2.6252       
# span 4 = 1.0000e-12, 2.5883e+00       
# span 5 =     0.1618,     5.9748       
# span 6 =    22.4538,    96.0363       
# span 7 = 8.7912e-02, 1.8938e+00       
# span 8 = 0.0000e+00, 1.9691e+00       
# span 9 =  0.0413330,  0.0629524       
# span 10 =     3.8513,    20.2321      
# span 11 =   4.248637, 274.020002      
# span 12 =     1.7448,     2.7582      
# span 13 =     -0.153,    150.464      
# span 14 = -1050.0787,    54.8008      
# span 15 =  -4217.684,   1223.497      
# span 16 =     5.4486,    12.5292      
# span 17 = 0.0000e+00, 0.0000e+00      
# interval = seconds: 0.0416667
# start_time = Sep 24 2023 10:27:53 [NMEA time, header]
# bad_flag = -9.990e-29
*END*
[from data line 10694]
    117.930     3.9568 184.004691     2.2711 1.0000e-12     0.2432    94.1020 1.0989e-01 0.0000e+00  0.0558845     3.9576 185.174586     2.2601    120.255    11.4350    317.712    11.6024 0.0000e+00
    117.949     3.9564 183.933044     2.2711 1.0000e-12     0.2443    94.0758 1.2088e-01 0.0000e+00  0.0558845     3.9578 185.053274     2.2601    120.274    11.4355    317.593    11.6014 0.0000e+00
    117.967     3.9563 183.980809     2.2711 1.0000e-12     0.2432    94.1020 1.2088e-01 0.0000e+00  0.0554688     3.9578 185.083602     2.2613    120.293    11.4360    317.677    11.6087 0.0000e+00
    117.986     3.9564 183.956927     2.2711 1.0000e-12     0.2432    94.1020 1.3919e-01 0.0000e+00  0.0554688     3.9579 185.113931     2.2601    120.312    11.4367    317.634    11.6002 0.0000e+00
    118.003     3.9565 183.980810     2.2711 1.0000e-12     0.2443    94.0758 1.3919e-01 0.0000e+00  0.0558845     3.9574 185.053276     2.2601    120.330    11.4375    317.674    11.6001 0.0000e+00
    118.021     3.9561 183.956927     2.2711 1.0000e-12     0.2432    94.1020 1.3187e-01 0.0000e+00  0.0558845     3.9578 185.083602     2.2601    120.348    11.4374    317.638    11.5999 0.0000e+00
    118.040     3.9563 183.909164     2.2698 1.0000e-12     0.2443    94.0758 1.2454e-01 0.0000e+00  0.0558845     3.9575 185.022948     2.2589    120.367    11.4300    317.553    11.5935 0.0000e+00
    118.059     3.9563 183.933046     2.2711 1.0000e-12     0.2443    94.0758 1.2088e-01 0.0000e+00  0.0554688     3.9573 185.022949     2.2601    120.387    11.4387    317.594    11.6019 0.0000e+00
    118.077     3.9562 183.944988     2.2698 1.0000e-12     0.2432    94.1020 1.1722e-01 0.0000e+00  0.0554688     3.9572 185.053277     2.2601    120.405    11.4305    317.616    11.6025 0.0000e+00
    118.095     3.9560 184.004694     2.2698 1.0000e-12     0.2443    94.0758 1.1355e-01 0.0000e+00  0.0558845     3.9570 185.144262     2.2589    120.423    11.4311    317.721    11.5953 0.0000e+00
    118.112     3.9560 183.980811     2.2711 1.0000e-12     0.2443    94.0758 1.0989e-01 0.0000e+00  0.0554688     3.9569 185.083605     2.2589    120.441    11.4404    317.680    11.5964 0.0000e+00
    118.130     3.9558 183.968871     2.2698 1.0000e-12     0.2432    94.1020 1.0623e-01 0.0000e+00  0.0558845     3.9571 184.962294     2.2589    120.459    11.4317    317.661    11.5975 0.0000e+00
    118.148     3.9559 183.944990     2.2698 1.0000e-12     0.2432    94.1020 1.0623e-01 0.0000e+00  0.0558845     3.9567 185.113935     2.2589    120.477    11.4329    317.619    11.5977 0.0000e+00
    118.165     3.9560 183.956931     2.2711 1.0000e-12     0.2443    94.0758 1.1355e-01 0.0000e+00  0.0554688     3.9568 185.083607     2.2589    120.495    11.4427    317.639    11.5979 0.0000e+00
    118.183     3.9558 183.992752     2.2711 1.0000e-12     0.2443    94.0758 1.0989e-01 0.0000e+00  0.0554688     3.9567 184.962293     2.2589    120.513    11.4432    317.703    11.5971 0.0000e+00
    118.203     3.9560 183.968874     2.2698 1.0000e-12     0.2443    94.0758 1.0256e-01 0.0000e+00  0.0554688     3.9570 185.053281     2.2589    120.533    11.4363    317.659    11.5963 0.0000e+00
    118.222     3.9560 183.921108     2.2698 1.0000e-12     0.2454    94.0497 9.8901e-02 0.0000e+00  0.0554688     3.9569 185.204919     2.2589    120.553    11.4370    317.577    11.5959 0.0000e+00
    118.240     3.9558 183.980815     2.2686 1.0000e-12     0.2454    94.0497 9.8901e-02 0.0000e+00  0.0558845     3.9564 185.083609     2.2589    120.571    11.4313    317.682    11.5958 0.0000e+00
    118.257     3.9560 183.933049     2.2686 1.0000e-12     0.2487    93.9713 1.0256e-01 0.0000e+00  0.0554688     3.9564 184.962296     2.2589    120.589    11.4324    317.597    11.5958 0.0000e+00
    118.276     3.9558 183.980815     2.2686 1.0000e-12     0.2498    93.9451 1.0256e-01 0.0000e+00  0.0554688     3.9568 184.962297     2.2589    120.608    11.4326    317.682    11.5959 0.0000e+00
    118.295     3.9557 184.004697     2.2698 1.0000e-12     0.2498    93.9451 1.0623e-01 0.0000e+00  0.0554688     3.9567 185.144265     2.2589    120.627    11.4408    317.724    11.5964 0.0000e+00
    118.313     3.9555 183.968874     2.2698 1.0000e-12     0.2498    93.9451 1.0256e-01 0.0000e+00  0.0554688     3.9570 185.204921     2.2589    120.646    11.4414    317.665    11.5969 0.0000e+00
    118.332     3.9552 183.992757     2.2698 1.0000e-12     0.2498    93.9451 1.0256e-01 0.0000e+00  0.0554688     3.9569 185.204922     2.2589    120.665    11.4421    317.709    11.5978 0.0000e+00
    118.351     3.9550 183.968874     2.2686 1.0000e-12     0.2498    93.9451 9.5238e-02 0.0000e+00  0.0554688     3.9570 185.053281     2.2589    120.684    11.4351    317.670    11.5989 0.0000e+00
    118.371     3.9549 183.921113     2.2698 1.0000e-12     0.2498    93.9451 9.8901e-02 0.0000e+00  0.0554688     3.9562 185.022956     2.2576    120.705    11.4427    317.589    11.5918 0.0000e+00
    118.389     3.9547 183.861406     2.2698 1.0000e-12     0.2498    93.9451 1.0256e-01 0.0000e+00  0.0563003     3.9553 185.144266     2.2576    120.723    11.4427    317.488    11.5923 0.0000e+00
    118.407     3.9546 183.885290     2.2698 1.0000e-12     0.2487    93.9713 1.0256e-01 0.0000e+00  0.0558845     3.9554 185.022957     2.2576    120.742    11.4427    317.530    11.5927 0.0000e+00
    118.425     3.9546 183.933054     2.2698 1.0000e-12     0.2498    93.9451 9.8901e-02 0.0000e+00  0.0554688     3.9551 185.053284     2.2576    120.760    11.4418    317.613    11.5946 0.0000e+00
    118.443     3.9543 183.956936     2.2698 1.0000e-12     0.2498    93.9451 9.8901e-02 0.0000e+00  0.0550530     3.9548 185.083612     2.2576    120.778    11.4423    317.657    11.5955 0.0000e+00
    118.462     3.9541 183.897232     2.2686 1.0000e-12     0.2498    93.9451 1.0256e-01 0.0000e+00  0.0554688     3.9548 185.053285     2.2576    120.798    11.4339    317.556    11.5951 0.0000e+00
    118.481     3.9544 183.944996     2.2698 1.0000e-12     0.2498    93.9451 1.0623e-01 0.0000e+00  0.0554688     3.9553 185.053285     2.2589    120.817    11.4423    317.636    11.6047 0.0000e+00
    118.501     3.9542 183.921115     2.2686 1.0000e-12     0.2498    93.9451 1.0623e-01 0.0000e+00  0.0554688     3.9549 185.083614     2.2576    120.837    11.4330    317.597    11.5948 0.0000e+00
    118.520     3.9540 183.933055     2.2686 1.0000e-12     0.2498    93.9451 1.0256e-01 0.0000e+00  0.0554688     3.9545 185.053286     2.2576    120.857    11.4329    317.619    11.5964 0.0000e+00
    118.539     3.9542 183.944998     2.2686 1.0000e-12     0.2498    93.9451 1.0623e-01 0.0000e+00  0.0554688     3.9546 185.053287     2.2576    120.876    11.4316    317.638    11.5980 0.0000e+00
    118.557     3.9541 183.944997     2.2686 1.0000e-12     0.2498    93.9451 1.0623e-01 0.0000e+00  0.0558845     3.9548 185.053286     2.2576    120.894    11.4306    317.639    11.5971 0.0000e+00
    118.576     3.9539 183.944998     2.2674 1.0000e-12     0.2498    93.9451 1.0256e-01 0.0000e+00  0.0558845     3.9551 185.053287     2.2576    120.914    11.4232    317.641    11.5963 0.0000e+00
    118.594     3.9541 183.980821     2.2686 1.0000e-12     0.2498    93.9451 1.0256e-01 0.0000e+00  0.0550530     3.9548 185.144271     2.2576    120.932    11.4313    317.701    11.5959 0.0000e+00
    118.613     3.9546 183.933057     2.2686 1.0000e-12     0.2509    93.9190 9.8901e-02 0.0000e+00  0.0550530     3.9548 185.113944     2.2576    120.952    11.4305    317.613    11.5969 0.0000e+00
    118.631     3.9541 183.944998     2.2686 1.0000e-12     0.2509    93.9190 1.0256e-01 0.0000e+00  0.0554688     3.9554 185.113943     2.2564    120.970    11.4315    317.639    11.5884 0.0000e+00
    118.650     3.9539 183.968881     2.2686 1.0000e-12     0.2521    93.8929 1.0623e-01 0.0000e+00  0.0558845     3.9553 185.083616     2.2564    120.989    11.4325    317.682    11.5884 0.0000e+00
    118.670     3.9543 183.992764     2.2686 1.0000e-12     0.2521    93.8929 1.0623e-01 0.0000e+00  0.0558845     3.9546 185.204930     2.2564    121.010    11.4323    317.719    11.5887 0.0000e+00
    118.688     3.9544 183.968882     2.2686 1.0000e-12     0.2509    93.9190 1.0623e-01 0.0000e+00  0.0554688     3.9548 185.204930     2.2564    121.028    11.4323    317.677    11.5889 0.0000e+00
    118.706     3.9541 183.945000     2.2674 1.0000e-12     0.2509    93.9190 1.0256e-01 0.0000e+00  0.0554688     3.9551 185.022961     2.2564    121.046    11.4235    317.639    11.5892 0.0000e+00
    118.723     3.9539 183.945000     2.2674 1.0000e-12     0.2509    93.9190 1.0256e-01 0.0000e+00  0.0554688     3.9549 185.053289     2.2564    121.064    11.4226    317.641    11.5899 0.0000e+00
    118.741     3.9541 183.980824     2.2674 1.0000e-12     0.2509    93.9190 1.0256e-01 0.0000e+00  0.0554688     3.9551 185.053290     2.2564    121.082    11.4206    317.701    11.5906 0.0000e+00
    118.760     3.9542 183.909177     2.2686 1.0000e-12     0.2521    93.8929 1.0256e-01 0.0000e+00  0.0554688     3.9548 184.901650     2.2564    121.101    11.4289    317.576    11.5916 0.0000e+00
    118.779     3.9539 183.897238     2.2686 1.0000e-12     0.2509    93.9190 1.0256e-01 0.0000e+00  0.0554688     3.9553 184.931979     2.2564    121.121    11.4297    317.559    11.5926 0.0000e+00
    118.798     3.9542 183.945002     2.2674 1.0000e-12     0.2509    93.9190 1.0623e-01 0.0000e+00  0.0550530     3.9556 185.022963     2.2564    121.140    11.4225    317.638    11.5937 0.0000e+00
    118.816     3.9540 183.945001     2.2674 1.0000e-12     0.2521    93.8929 1.0256e-01 0.0000e+00  0.0554688     3.9554 185.144274     2.2564    121.159    11.4223    317.640    11.5952 0.0000e+00
    118.835     3.9544 183.909180     2.2674 1.0000e-12     0.2509    93.9190 1.0256e-01 0.0000e+00  0.0558845     3.9546 185.113948     2.2564    121.178    11.4244    317.574    11.5956 0.0000e+00
    118.854     3.9541 183.980825     2.2674 1.0000e-12     0.2509    93.9190 1.0256e-01 0.0000e+00  0.0554688     3.9548 185.022963     2.2564    121.197    11.4256    317.701    11.5958 0.0000e+00
    118.872     3.9541 183.968886     2.2662 1.0000e-12     0.2521    93.8929 1.0256e-01 0.0000e+00  0.0550530     3.9549 184.962309     2.2564    121.216    11.4190    317.680    11.5961 0.0000e+00
    118.891     3.9545 183.968884     2.2674 1.0000e-12     0.2521    93.8929 1.0256e-01 0.0000e+00  0.0550530     3.9548 184.962308     2.2564    121.235    11.4281    317.676    11.5966 0.0000e+00
    118.909     3.9539 183.945005     2.2662 1.0000e-12     0.2521    93.8929 1.0256e-01 0.0000e+00  0.0554688     3.9546 185.053294     2.2552    121.253    11.4220    317.641    11.5892 0.0000e+00
    118.926     3.9539 183.980826     2.2674 1.0000e-12     0.2509    93.9190 1.0256e-01 0.0000e+00  0.0554688     3.9551 184.992636     2.2564    121.271    11.4304    317.703    11.5977 0.0000e+00
    118.944     3.9539 183.968886     2.2662 1.0000e-12     0.2509    93.9190 9.8901e-02 0.0000e+00  0.0554688     3.9549 184.931982     2.2552    121.289    11.4243    317.682    11.5907 0.0000e+00
    118.963     3.9541 183.968887     2.2662 1.0000e-12     0.2509    93.9190 9.8901e-02 0.0000e+00  0.0554688     3.9548 185.053294     2.2564    121.308    11.4261    317.680    11.5998 0.0000e+00
    118.980     3.9539 183.945005     2.2662 1.0000e-12     0.2498    93.9451 1.0256e-01 0.0000e+00  0.0554688     3.9546 185.113950     2.2564    121.326    11.4270    317.641    11.6009 0.0000e+00
    118.997     3.9536 183.909181     2.2662 1.0000e-12     0.2443    94.0758 1.0256e-01 0.0000e+00  0.0554688     3.9545 184.992638     2.2552    121.343    11.4280    317.583    11.5942 0.0000e+00
    119.015     3.9537 183.945006     2.2662 1.0000e-12     0.2432    94.1020 1.0623e-01 0.0000e+00  0.0554688     3.9549 184.901656     2.2552    121.361    11.4278    317.643    11.5941 0.0000e+00
    119.034     3.9540 183.897242     2.2674 1.0000e-12     0.2432    94.1020 1.0256e-01 0.0000e+00  0.0554688     3.9542 184.992640     2.2552    121.381    11.4355    317.558    11.5958 0.0000e+00
    119.051     3.9537 183.945006     2.2662 1.0000e-12     0.2421    94.1281 9.8901e-02 0.0000e+00  0.0554688     3.9545 185.022968     2.2564    121.398    11.4289    317.643    11.6040 0.0000e+00
    119.068     3.9536 183.945006     2.2662 1.0000e-12     0.2421    94.1281 9.8901e-02 0.0000e+00  0.0554688     3.9542 185.083624     2.2552    121.416    11.4302    317.644    11.5979 0.0000e+00
    119.087     3.9537 183.956948     2.2662 1.0000e-12     0.2421    94.1281 9.5238e-02 0.0000e+00  0.0554688     3.9546 184.992641     2.2552    121.435    11.4315    317.664    11.5970 0.0000e+00
    119.105     3.9538 183.945007     2.2662 1.0000e-12     0.2421    94.1281 9.8901e-02 0.0000e+00  0.0554688     3.9543 185.144281     2.2552    121.453    11.4329    317.642    11.5977 0.0000e+00
    119.124     3.9536 183.956949     2.2662 1.0000e-12     0.2432    94.1020 1.0256e-01 0.0000e+00  0.0554688     3.9545 185.083625     2.2552    121.473    11.4346    317.665    11.5970 0.0000e+00
    119.142     3.9537 183.968890     2.2662 1.0000e-12     0.2421    94.1281 1.0256e-01 0.0000e+00  0.0554688     3.9542 185.022970     2.2552    121.491    11.4350    317.685    11.5979 0.0000e+00
    119.160     3.9536 183.945008     2.2662 1.0000e-12     0.2432    94.1020 1.0989e-01 0.0000e+00  0.0554688     3.9543 184.962314     2.2552    121.509    11.4345    317.644    11.5974 0.0000e+00
    119.178     3.9536 183.980832     2.2650 1.0000e-12     0.2421    94.1281 1.0989e-01 0.0000e+00  0.0558845     3.9546 185.022970     2.2552    121.528    11.4262    317.706    11.5969 0.0000e+00
    119.197     3.9536 183.956949     2.2662 1.0000e-12     0.2432    94.1020 1.0989e-01 0.0000e+00  0.0558845     3.9541 185.083626     2.2552    121.547    11.4349    317.665    11.5968 0.0000e+00
    119.217     3.9534 183.945010     2.2662 1.0000e-12     0.2421    94.1281 1.0256e-01 0.0000e+00  0.0554688     3.9537 185.053300     2.2552    121.567    11.4370    317.647    11.5968 0.0000e+00
    119.234     3.9534 183.956951     2.2662 1.0000e-12     0.2432    94.1020 1.0256e-01 0.0000e+00  0.0554688     3.9541 185.053299     2.2552    121.585    11.4391    317.667    11.5967 0.0000e+00
    119.251     3.9532 183.921127     2.2662 1.0000e-12     0.2432    94.1020 1.0623e-01 0.0000e+00  0.0554688     3.9545 184.962315     2.2552    121.602    11.4402    317.608    11.5966 0.0000e+00
    119.270     3.9531 183.945011     2.2674 1.0000e-12     0.2432    94.1020 1.0989e-01 0.0000e+00  0.0554688     3.9540 184.901661     2.2552    121.622    11.4492    317.650    11.5970 0.0000e+00
    119.289     3.9531 183.945011     2.2662 1.0000e-12     0.2432    94.1020 1.0623e-01 0.0000e+00  0.0558845     3.9538 184.992644     2.2552    121.641    11.4424    317.650    11.5974 0.0000e+00
    119.307     3.9526 183.945012     2.2662 1.0000e-12     0.2432    94.1020 1.0623e-01 0.0000e+00  0.0554688     3.9538 184.962317     2.2552    121.659    11.4438    317.655    11.5978 0.0000e+00
    119.326     3.9525 183.945011     2.2662 1.0000e-12     0.2421    94.1281 1.0256e-01 0.0000e+00  0.0550530     3.9537 185.144284     2.2552    121.679    11.4438    317.656    11.5983 0.0000e+00
    119.344     3.9526 183.909190     2.2662 1.0000e-12     0.2443    94.0758 9.8901e-02 0.0000e+00  0.0554688     3.9533 185.053303     2.2552    121.697    11.4450    317.594    11.5991 0.0000e+00
    119.362     3.9525 183.885307     2.2662 1.0000e-12     0.2454    94.0497 9.5238e-02 0.0000e+00  0.0558845     3.9532 185.022973     2.2552    121.715    11.4451    317.553    11.5998 0.0000e+00
