data/05_metadata_exports/SeabirdData/202310_SeabirdData/88603_STN65-NIGHT.cnv
* Sea-Bird SBE 9 Data File:
* FileName = C:\Users\rosette\Rosette Data\2023\Ontario lower food web csmi\STN65-NIGHT.hex
* Software Version Seasave V 7.26.6.26
* Temperature SN = 5270
* Conductivity SN = 1168
* Number of Bytes Per Scan = 40
* Number of Voltage Words = 5
* Number of Scans Averaged by the Deck Unit = 1
* NMEA Latitude = 43 25.49 N
* NMEA Longitude = 076 52.85 W
* NMEA UTC (Time) = Sep 24 2023  10:27:53
* NMEA baud rate = 4800
** Ship: Lake Guardian
** Cruise: Ontario LFW
** Station:  STN65-NIGHT
# nquan = 18                                
# nvalues = 20583                       
# units = specified
# name 0 = prDM: Pressure, Digiquartz [db]
# name 1 = t090C: Temperature [ITS-90, deg C]
# name 2 = c0uS/cm: Conductivity [uS/cm]
# name 3 = sbeox0V: Oxygen raw, SBE 43 [V]
# name 4 = par: PAR/Irradiance, Biospherical/Licor
# name 5 = bat: Beam Attenuation, Chelsea/Seatech [1/m]
# name 6 = xmiss: Beam Transmission, Chelsea/Seatech [%]
# name 7 = flSP: Fluorescence, Seapoint
# name 8 = spar: SPAR, Biospherical/Licor
# name 9 = upoly0: Upoly 0, Suna Nitrate
# name 10 = t190C: Temperature, 2 [ITS-90, deg C]
# name 11 = c1uS/cm: Conductivity, 2 [uS/cm]
# name 12 = sbeox1V: Oxygen raw, SBE 43, 2 [V]
# name 13 = depFM: Depth [fresh water, m], lat = 43.4248
# name 14 = sbeox0Mg/L: Oxygen, SBE 43 [mg/l], WS = 2
# name 15 = specc: Specific Conductance [uS/cm]
# name 16 = sbeox1Mg/L: Oxygen, SBE 43, 2 [mg/l], WS = 2
# name 17 = flag: flag
# span 0 =     -0.150,    147.555       
# span 1 =   -98.9762,    99.0000       
# span 2 = -3.344e+03, 401.935438       
# span 3 =     1.8059,     2.6252       
# span 4 = 1.0000e-12, 2.5883e+00       
# span 5 =     0.1618,     5.9748       
# span 6 =    22.4538,    96.0363       
# span 7 = 8.7912e-02, 1.8938e+00       
# span 8 = 0.0000e+00, 1.9691e+00       
# span 9 =  0.0413330,  0.0629524       
# span 10 =     3.8513,    20.2321      
# span 11 =   4.248637, 274.020002      
# span 12 =     1.7448,     2.7582      
# span 13 =     -0.153,    150.464      
# span 14 = -1050.0787,    54.8008      
# span 15 =  -4217.684,   1223.497      
# span 16 =     5.4486,    12.5292      
# span 17 = 0.0000e+00, 0.0000e+00      
# interval = seconds: 0.0416667
# start_time = Sep 24 2023 10:27:53 [NMEA time, header]
# bad_flag = -9.990e-29
*END*
[from data line 3458]
      2.072    20.2102 272.623358     2.5287 1.0000e-12     0.8297    81.2675 9.9634e-01 0.0000e+00  0.0558845    20.2072 273.685011     2.4994      2.113     8.7894    301.474     8.8477 -9.990e-29
      2.072    20.2104 272.623356     2.5275 1.0000e-12     0.8284    81.2937 9.9267e-01 0.0000e+00  0.0542215    20.2076 273.745912     2.4969      2.113     8.7841    301.473     8.8366 -9.990e-29
      2.074    20.2104 272.623357     2.5275 1.3890e-02     0.8284    81.2937 1.0659e+00 0.0000e+00  0.0538058    20.2076 273.806816     2.4969      2.115     8.7840    301.473     8.8372 -9.990e-29
      2.076    20.2106 272.635420     2.5275 2.8712e-02     0.8271    81.3198 1.1026e+00 0.0000e+00  0.0538058    20.2077 273.715462     2.4994      2.117     8.7839    301.485     8.8489 -9.990e-29
      2.078    20.2106 272.575108     2.5275 3.1417e-02     0.8271    81.3198 1.0476e+00 0.0000e+00  0.0538058    20.2081 273.776364     2.4969      2.119     8.7834    301.418     8.8374 -9.990e-29
      2.079    20.2106 272.575108     2.5275 5.7856e-02     0.8284    81.2937 1.0037e+00 0.0000e+00  0.0538058    20.2081 273.776365     2.4982      2.120     8.7829    301.418     8.8441 -9.990e-29
      2.079    20.2109 272.659544     2.5275 9.6654e-02     0.8284    81.2937 9.7436e-01 0.0000e+00  0.0538058    20.2081 273.654559     2.4994      2.120     8.7826    301.509     8.8507 -9.990e-29
      2.078    20.2106 272.635420     2.5275 1.0665e-01     0.8271    81.3198 9.7070e-01 0.0000e+00  0.0533900    20.2078 273.776364     2.4969      2.119     8.7825    301.485     8.8396 -9.990e-29
      2.078    20.2106 272.575106     2.5275 7.8572e-02     0.8284    81.2937 1.0147e+00 0.0000e+00  0.0529742    20.2084 273.776362     2.4982      2.119     8.7823    301.418     8.8457 -9.990e-29
      2.079    20.2104 272.647484     2.5287 4.1527e-02     0.8284    81.2937 1.0952e+00 0.0000e+00  0.0533900    20.2086 273.806816     2.4982      2.120     8.7878    301.499     8.8461 -9.990e-29
      2.079    20.2104 272.587169     2.5287 3.3383e-02     0.8284    81.2937 1.1355e+00 0.0000e+00  0.0542215    20.2079 273.837265     2.4969      2.120     8.7879    301.433     8.8411 -9.990e-29
      2.080    20.2106 272.563045     2.5287 2.3826e-02     0.8271    81.3198 1.0989e+00 0.0000e+00  0.0538058    20.2081 273.837267     2.4994      2.121     8.7880    301.405     8.8529 -9.990e-29
      2.081    20.2106 272.599233     2.5275 4.7059e-03     0.8284    81.2937 1.0586e+00 0.0000e+00  0.0533900    20.2077 273.715462     2.4969      2.122     8.7829    301.445     8.8430 -9.990e-29
      2.082    20.2107 272.623357     2.5287 1.0000e-12     0.8271    81.3198 1.0330e+00 0.0000e+00  0.0529742    20.2078 273.685010     2.4969      2.123     8.7882    301.471     8.8435 -9.990e-29
      2.082    20.2106 272.635420     2.5275 3.1407e-03     0.8271    81.3198 1.0220e+00 0.0000e+00  0.0533900    20.2081 273.745913     2.4994      2.123     8.7831    301.485     8.8552 -9.990e-29
      2.082    20.2106 272.575108     2.5275 2.0187e-02     0.8271    81.3198 1.0440e+00 0.0000e+00  0.0533900    20.2077 273.776364     2.4969      2.123     8.7831    301.418     8.8451 -9.990e-29
      2.082    20.2107 272.575107     2.5275 2.7568e-02     0.8271    81.3198 1.0659e+00 0.0000e+00  0.0533900    20.2074 273.806816     2.4969      2.123     8.7832    301.417     8.8452 -9.990e-29
      2.082    20.2106 272.587170     2.5275 1.1860e-02     0.8271    81.3198 1.0659e+00 0.0000e+00  0.0533900    20.2079 273.776364     2.4982      2.123     8.7833    301.431     8.8517 -9.990e-29
      2.082    20.2107 272.623357     2.5275 1.0000e-12     0.8258    81.3459 1.0696e+00 0.0000e+00  0.0533900    20.2077 273.928621     2.4994      2.123     8.7833    301.471     8.8571 -9.990e-29
      2.081    20.2106 272.623358     2.5287 1.0000e-12     0.8207    81.4505 1.0403e+00 0.0000e+00  0.0542215    20.2076 273.745914     2.4982      2.122     8.7885    301.471     8.8521 -9.990e-29
      2.080    20.2104 272.587170     2.5275 1.0000e-12     0.8207    81.4505 1.0293e+00 0.0000e+00  0.0546373    20.2079 273.685010     2.4969      2.121     8.7830    301.433     8.8470 -9.990e-29
      2.077    20.2104 272.623357     2.5275 1.0000e-12     0.8194    81.4766 1.0220e+00 0.0000e+00  0.0538058    20.2081 273.837267     2.4982      2.118     8.7830    301.473     8.8525 -9.990e-29
      2.075    20.2106 272.623357     2.5287 1.0000e-12     0.8207    81.4505 1.0110e+00 0.0000e+00  0.0529742    20.2081 273.898170     2.4994      2.116     8.7885    301.471     8.8581 -9.990e-29
      2.072    20.2104 272.587170     2.5287 1.0000e-12     0.8207    81.4505 1.0037e+00 0.0000e+00  0.0533900    20.2082 273.715461     2.4994      2.113     8.7885    301.433     8.8578 -9.990e-29
      2.069    20.2104 272.623356     2.5275 1.0000e-12     0.8207    81.4505 1.0000e+00 0.0000e+00  0.0538058    20.2082 273.776362     2.4982      2.110     8.7833    301.473     8.8521 -9.990e-29
      2.067    20.2102 272.623358     2.5287 1.0000e-12     0.8207    81.4505 9.7436e-01 0.0000e+00  0.0538058    20.2081 273.867718     2.4994      2.108     8.7889    301.474     8.8580 -9.990e-29
      2.065    20.2100 272.635420     2.5287 4.3911e-03     0.8207    81.4505 9.5238e-01 0.0000e+00  0.0529742    20.2081 273.959073     2.4994      2.106     8.7889    301.489     8.8572 -9.990e-29
      2.063    20.2104 272.623356     2.5287 7.5794e-03     0.8207    81.4505 9.4139e-01 0.0000e+00  0.0529742    20.2081 273.806814     2.4994      2.104     8.7887    301.473     8.8568 -9.990e-29
      2.061    20.2099 272.587171     2.5275 8.2279e-03     0.8207    81.4505 9.3040e-01 0.0000e+00  0.0538058    20.2076 273.776364     2.4982      2.102     8.7835    301.436     8.8519 -9.990e-29
      2.058    20.2102 272.623356     2.5275 5.6557e-03     0.8207    81.4505 9.4872e-01 0.0000e+00  0.0546373    20.2077 273.806814     2.5006      2.099     8.7834    301.474     8.8617 -9.990e-29
      2.057    20.2099 272.647483     2.5275 3.1407e-03     0.8207    81.4505 9.6337e-01 0.0000e+00  0.0542215    20.2079 273.776364     2.5018      2.098     8.7833    301.503     8.8661 -9.990e-29
      2.055    20.2102 272.647481     2.5287 1.5973e-03     0.8207    81.4505 9.8535e-01 0.0000e+00  0.0538058    20.2079 273.776363     2.4994      2.096     8.7880    301.501     8.8554 -9.990e-29
      2.053    20.2100 272.623358     2.5275 1.0000e-12     0.8207    81.4505 1.0183e+00 0.0000e+00  0.0538058    20.2077 273.685011     2.4994      2.093     8.7823    301.475     8.8545 -9.990e-29
      2.051    20.2100 272.623356     2.5287 1.0000e-12     0.8207    81.4505 1.0330e+00 0.0000e+00  0.0542215    20.2074 273.685009     2.4994      2.091     8.7871    301.475     8.8541 -9.990e-29
      2.050    20.2097 272.623357     2.5287 1.0000e-12     0.8207    81.4505 1.0330e+00 0.0000e+00  0.0538058    20.2072 273.745912     2.5018      2.090     8.7871    301.477     8.8643 -9.990e-29
      2.049    20.2100 272.550983     2.5287 3.4520e-03     0.8207    81.4505 1.0073e+00 0.0000e+00  0.0533900    20.2070 273.776365     2.5006      2.089     8.7869    301.395     8.8580 -9.990e-29
      2.047    20.2102 272.599231     2.5287 6.9346e-03     0.8207    81.4505 1.0147e+00 0.0000e+00  0.0533900    20.2072 273.685010     2.5006      2.087     8.7868    301.447     8.8578 -9.990e-29
      2.046    20.2101 272.683669     2.5287 7.2565e-03     0.8207    81.4505 1.0183e+00 0.0000e+00  0.0533900    20.2070 273.685010     2.5018      2.086     8.7868    301.541     8.8621 -9.990e-29
      2.045    20.2102 272.635420     2.5287 2.0546e-02     0.8181    81.5028 1.0110e+00 0.0000e+00  0.0538058    20.2067 273.745914     2.5006      2.085     8.7870    301.487     8.8558 -9.990e-29
      2.043    20.2100 272.550982     2.5287 3.4975e-02     0.8079    81.7119 9.8535e-01 0.0000e+00  0.0538058    20.2067 273.776364     2.5018      2.083     8.7870    301.395     8.8605 -9.990e-29
      2.042    20.2100 272.563044     2.5287 3.7805e-02     0.8053    81.7642 9.6337e-01 0.0000e+00  0.0533900    20.2062 273.806816     2.5006      2.082     8.7869    301.409     8.8541 -9.990e-29
      2.042    20.2097 272.563044     2.5287 3.2987e-02     0.8040    81.7903 9.5238e-01 0.0000e+00  0.0533900    20.2050 273.776364     2.5018      2.082     8.7868    301.411     8.8586 -9.990e-29
      2.045    20.2100 272.575108     2.5287 2.7568e-02     0.8053    81.7642 9.5238e-01 0.0000e+00  0.0550530    20.2039 273.776368     2.5006      2.085     8.7866    301.422     8.8528 -9.990e-29
      2.046    20.2102 272.587170     2.5287 2.6434e-02     0.8053    81.7642 9.6703e-01 0.0000e+00  0.0563003    20.2033 273.654563     2.5006      2.086     8.7864    301.434     8.8526 -9.990e-29
      2.045    20.2102 272.538919     2.5275 1.8052e-02     0.8053    81.7642 9.8901e-01 0.0000e+00  0.0567161    20.2032 273.715464     2.5018      2.085     8.7814    301.381     8.8572 -9.990e-29
      2.045    20.2097 272.550982     2.5287 4.3911e-03     0.8053    81.7642 1.0037e+00 0.0000e+00  0.0558845    20.2035 273.806818     2.5006      2.085     8.7862    301.397     8.8506 -9.990e-29
      2.046    20.2092 272.599234     2.5287 3.7813e-04     0.8053    81.7642 1.0256e+00 0.0000e+00  0.0554688    20.2039 273.867722     2.5006      2.086     8.7858    301.454     8.8498 -9.990e-29
      2.045    20.2088 272.587170     2.5287 8.5535e-03     0.8053    81.7642 1.0549e+00 0.0000e+00  0.0558845    20.2044 273.806817     2.5006      2.085     8.7861    301.443     8.8493 -9.990e-29
      2.046    20.2083 272.623356     2.5287 3.5778e-02     0.8053    81.7642 1.0879e+00 0.0000e+00  0.0563003    20.2051 273.806815     2.5006      2.086     8.7864    301.487     8.8493 -9.990e-29
      2.050    20.2083 272.623360     2.5287 4.6206e-02     0.8053    81.7642 1.1172e+00 0.0000e+00  0.0563003    20.2058 273.837269     2.5006      2.090     8.7862    301.487     8.8483 -9.990e-29
      2.052    20.2083 272.587172     2.5287 4.7072e-02     0.8053    81.7642 1.1136e+00 0.0000e+00  0.0563003    20.2060 273.715463     2.4994      2.092     8.7864    301.447     8.8422 -9.990e-29
      2.053    20.2079 272.587171     2.5287 5.1031e-02     0.8053    81.7642 1.0769e+00 0.0000e+00  0.0563003    20.2056 273.624109     2.5006      2.093     8.7867    301.449     8.8472 -9.990e-29
      2.054    20.2078 272.563048     2.5287 5.2823e-02     0.8053    81.7642 1.0403e+00 0.0000e+00  0.0563003    20.2058 273.715463     2.5006      2.094     8.7865    301.423     8.8468 -9.990e-29
      2.055    20.2079 272.575108     2.5287 5.1477e-02     0.8053    81.7642 1.0513e+00 0.0000e+00  0.0558845    20.2056 273.685011     2.4994      2.096     8.7863    301.436     8.8403 -9.990e-29
      2.056    20.2078 272.563048     2.5287 3.6586e-02     0.8053    81.7642 1.1062e+00 0.0000e+00  0.0558845    20.2055 273.776366     2.4982      2.097     8.7858    301.423     8.8358 -9.990e-29
      2.057    20.2081 272.599233     2.5275 2.9865e-02     0.8053    81.7642 1.1245e+00 0.0000e+00  0.0558845    20.2056 273.776365     2.4994      2.098     8.7804    301.461     8.8419 -9.990e-29
      2.057    20.2081 272.587173     2.5275 2.9095e-02     0.8040    81.7903 1.1026e+00 0.0000e+00  0.0563003    20.2049 273.685014     2.4994      2.098     8.7805    301.448     8.8417 -9.990e-29
      2.058    20.2085 272.611295     2.5275 3.4575e-02     0.8040    81.7903 1.0696e+00 0.0000e+00  0.0563003    20.2051 273.776365     2.4994      2.099     8.7803    301.472     8.8413 -9.990e-29
      2.058    20.2085 272.575109     2.5275 3.7398e-02     0.8040    81.7903 1.0659e+00 0.0000e+00  0.0550530    20.2051 273.715464     2.4994      2.099     8.7804    301.432     8.8413 -9.990e-29
      2.058    20.2086 272.647482     2.5275 3.7398e-02     0.8040    81.7903 1.1538e+00 0.0000e+00  0.0538058    20.2056 273.685011     2.4994      2.099     8.7806    301.511     8.8420 -9.990e-29
      2.058    20.2086 272.611297     2.5275 4.0692e-02     0.8028    81.8164 1.2308e+00 0.0000e+00  0.0538058    20.2056 273.776366     2.4994      2.099     8.7807    301.471     8.8421 -9.990e-29
      2.058    20.2083 272.623359     2.5287 4.3636e-02     0.8028    81.8164 1.2161e+00 0.0000e+00  0.0533900    20.2060 273.776366     2.4994      2.099     8.7858    301.487     8.8424 -9.990e-29
      2.057    20.2088 272.575108     2.5287 3.2987e-02     0.8028    81.8164 1.1612e+00 0.0000e+00  0.0529742    20.2054 273.867719     2.4994      2.098     8.7859    301.430     8.8434 -9.990e-29
      2.057    20.2087 272.575109     2.5287 6.2933e-03     0.8028    81.8164 1.1282e+00 0.0000e+00  0.0529742    20.2058 273.898172     2.4982      2.098     8.7858    301.431     8.8380 -9.990e-29
      2.056    20.2090 272.587170     2.5287 1.0000e-12     0.8028    81.8164 1.1136e+00 0.0000e+00  0.0533900    20.2062 273.806816     2.4994      2.097     8.7856    301.442     8.8442 -9.990e-29
      2.056    20.2088 272.563045     2.5287 1.0000e-12     0.8040    81.7903 1.0952e+00 0.0000e+00  0.0533900    20.2065 273.867718     2.4994      2.097     8.7858    301.417     8.8447 -9.990e-29
      2.056    20.2088 272.575109     2.5287 6.2933e-03     0.8040    81.7903 1.0879e+00 0.0000e+00  0.0533900    20.2060 273.806817     2.4994      2.097     8.7860    301.430     8.8457 -9.990e-29
      2.056    20.2092 272.623358     2.5287 1.0527e-02     0.8040    81.7903 1.0952e+00 0.0000e+00  0.0533900    20.2060 273.685012     2.4994      2.097     8.7861    301.481     8.8462 -9.990e-29
      2.055    20.2094 272.575107     2.5287 1.1192e-02     0.8028    81.8164 1.0989e+00 0.0000e+00  0.0533900    20.2058 273.685011     2.4994      2.096     8.7863    301.426     8.8463 -9.990e-29
      2.054    20.2095 272.575108     2.5275 1.7700e-02     0.8028    81.8164 1.0879e+00 0.0000e+00  0.0533900    20.2062 273.685012     2.4994      2.094     8.7809    301.425     8.8476 -9.990e-29
      2.054    20.2097 272.623357     2.5275 2.3457e-02     0.8028    81.8164 1.0733e+00 0.0000e+00  0.0533900    20.2062 273.837267     2.4994      2.094     8.7814    301.477     8.8477 -9.990e-29
      2.053    20.2099 272.575107     2.5287 2.4566e-02     0.8040    81.7903 1.0733e+00 0.0000e+00  0.0538058    20.2065 273.715462     2.4994      2.093     8.7868    301.423     8.8482 -9.990e-29
      2.054    20.2097 272.575108     2.5287 3.1417e-02     0.8040    81.7903 1.0769e+00 0.0000e+00  0.0542215    20.2065 273.837268     2.5006      2.094     8.7870    301.424     8.8545 -9.990e-29
      2.054    20.2097 272.611294     2.5287 3.9861e-02     0.8028    81.8164 1.0806e+00 0.0000e+00  0.0538058    20.2065 273.837267     2.4994      2.094     8.7872    301.464     8.8493 -9.990e-29
      2.053    20.2090 272.550984     2.5287 4.1527e-02     0.8028    81.8164 1.1026e+00 0.0000e+00  0.0533900    20.2068 273.837268     2.4982      2.093     8.7875    301.402     8.8441 -9.990e-29
      2.053    20.2092 272.563045     2.5287 2.9865e-02     0.8028    81.8164 1.1612e+00 0.0000e+00  0.0533900    20.2068 273.867718     2.4994      2.093     8.7876    301.414     8.8496 -9.990e-29
      2.053    20.2094 272.623358     2.5275 1.3209e-02     0.8040    81.7903 1.2308e+00 0.0000e+00  0.0529742    20.2069 273.806816     2.4994      2.093     8.7825    301.479     8.8501 -9.990e-29
      2.052    20.2094 272.647482     2.5287 9.2075e-03     0.8040    81.7903 1.2637e+00 0.0000e+00  0.0529742    20.2067 273.806815     2.4982      2.092     8.7879    301.506     8.8445 -9.990e-29
      2.053    20.2095 272.599232     2.5275 1.7700e-02     0.8040    81.7903 1.2308e+00 0.0000e+00  0.0533900    20.2067 273.837267     2.5018      2.093     8.7828    301.452     8.8603 -9.990e-29
