data/05_metadata_exports/SeabirdData/202310_SeabirdData/88603_STN65-NIGHT.cnv
* Sea-Bird SBE 9 Data File:
* FileName = C:\Users\rosette\Rosette Data\2023\Ontario lower food web csmi\STN65-NIGHT.hex
* Software Version Seasave V 7.26.6.26
* Temperature SN = 5270
* Conductivity SN = 1168
* Number of Bytes Per Scan = 40
* Number of Voltage Words = 5
* Number of Scans Averaged by the Deck Unit = 1
* NMEA Latitude = 43 25.49 N
* NMEA Longitude = 076 52.85 W
* NMEA UTC (Time) = Sep 24 2023  10:27:53
* NMEA baud rate = 4800
** Ship: Lake Guardian
** Cruise: Ontario LFW
** Station:  STN65-NIGHT
# nquan = 18                                
# nvalues = 20583                       
# units = specified
# name 0 = prDM: Pressure, Digiquartz [db]
# name 1 = t090C: Temperature [ITS-90, deg C]
# name 2 = c0uS/cm: Conductivity [uS/cm]
# name 3 = sbeox0V: Oxygen raw, SBE 43 [V]
# name 4 = par: PAR/Irradiance, Biospherical/Licor
# name 5 = bat: Beam Attenuation, Chelsea/Seatech [1/m]
# name 6 = xmiss: Beam Transmission, Chelsea/Seatech [%]
# name 7 = flSP: Fluorescence, Seapoint
# name 8 = spar: SPAR, Biospherical/Licor
# name 9 = upoly0: Upoly 0, Suna Nitrate
# name 10 = t190C: Temperature, 2 [ITS-90, deg C]
# name 11 = c1uS/cm: Conductivity, 2 [uS/cm]
# name 12 = sbeox1V: Oxygen raw, SBE 43, 2 [V]
# name 13 = depFM: Depth [fresh water, m], lat = 43.4248
# name 14 = sbeox0Mg/L: Oxygen, SBE 43 [mg/l], WS = 2
# name 15 = specc: Specific Conductance [uS/cm]
# name 16 = sbeox1Mg/L: Oxygen, SBE 43, 2 [mg/l], WS = 2
# name 17 = flag: flag
# span 0 =     -0.150,    147.555       
# span 1 =   -98.9762,    99.0000       
# span 2 = -3.344e+03, 401.935438       
# span 3 =     1.8059,     2.6252       
# span 4 = 1.0000e-12, 2.5883e+00       
# span 5 =     0.1618,     5.9748       
# span 6 =    22.4538,    96.0363       
# span 7 = 8.7912e-02, 1.8938e+00       
# span 8 = 0.0000e+00, 1.9691e+00       
# span 9 =  0.0413330,  0.0629524       
# span 10 =     3.8513,    20.2321      
# span 11 =   4.248637, 274.020002      
# span 12 =     1.7448,     2.7582      
# span 13 =     -0.153,    150.464      
# span 14 = -1050.0787,    54.8008      
# span 15 =  -4217.684,   1223.497      
# span 16 =     5.4486,    12.5292      
# span 17 = 0.0000e+00, 0.0000e+00      
# interval = seconds: 0.0416667
# start_time = Sep 24 2023 10:27:53 [NMEA time, header]
# bad_flag = -9.990e-29
*END*
[from data line 16724]
     79.398     4.1199 183.609867     2.4151 1.0000e-12     0.2521    93.8929 9.5238e-02 0.0000e+00  0.0533900     4.1193 184.688563     2.4054     80.963    12.3009    315.255    12.5086 0.0000e+00
     79.378     4.1199 183.609867     2.4151 1.0000e-12     0.2509    93.9190 9.5238e-02 0.0000e+00  0.0538058     4.1193 184.688563     2.4054     80.943    12.3019    315.255    12.5079 0.0000e+00
     79.358     4.1201 183.574045     2.4139 1.0000e-12     0.2509    93.9190 9.5238e-02 0.0000e+00  0.0538058     4.1196 184.688562     2.4054     80.923    12.2950    315.191    12.5082 0.0000e+00
     79.338     4.1200 183.645688     2.4139 1.0000e-12     0.2509    93.9190 9.8901e-02 0.0000e+00  0.0533900     4.1202 184.688562     2.4054     80.902    12.2949    315.315    12.5085 0.0000e+00
     79.318     4.1201 183.621807     2.4139 1.0000e-12     0.2521    93.8929 9.5238e-02 0.0000e+00  0.0529742     4.1201 184.627907     2.4054     80.882    12.2946    315.273    12.5089 0.0000e+00
     79.296     4.1203 183.609866     2.4139 1.0000e-12     0.2509    93.9190 9.5238e-02 0.0000e+00  0.0533900     4.1196 184.658235     2.4054     80.859    12.2943    315.250    12.5094 0.0000e+00
     79.273     4.1204 183.633745     2.4139 1.0000e-12     0.2509    93.9190 9.5238e-02 0.0000e+00  0.0538058     4.1199 184.718887     2.4054     80.836    12.2963    315.290    12.5096 0.0000e+00
     79.252     4.1203 183.681507     2.4139 1.0000e-12     0.2532    93.8667 9.5238e-02 0.0000e+00  0.0538058     4.1196 184.749215     2.4066     80.815    12.2984    315.373    12.5178 0.0000e+00
     79.231     4.1204 183.657628     2.4151 1.0000e-12     0.2565    93.7883 9.5238e-02 0.0000e+00  0.0538058     4.1196 184.718889     2.4054     80.793    12.3069    315.331    12.5088 0.0000e+00
     79.209     4.1204 183.609864     2.4151 1.0000e-12     0.2576    93.7622 9.1575e-02 0.0000e+00  0.0533900     4.1196 184.688560     2.4066     80.771    12.3064    315.249    12.5168 0.0000e+00
     79.187     4.1207 183.609862     2.4151 1.0000e-12     0.2576    93.7622 9.5238e-02 0.0000e+00  0.0533900     4.1196 184.718886     2.4054     80.748    12.3059    315.246    12.5089 0.0000e+00
     79.167     4.1208 183.633745     2.4139 1.0000e-12     0.2576    93.7622 9.8901e-02 0.0000e+00  0.0538058     4.1198 184.749215     2.4066     80.728    12.2987    315.286    12.5179 0.0000e+00
     79.146     4.1210 183.657624     2.4139 1.0000e-12     0.2576    93.7622 9.8901e-02 0.0000e+00  0.0542215     4.1194 184.688558     2.4054     80.706    12.2981    315.325    12.5100 0.0000e+00
     79.124     4.1212 183.669565     2.4139 1.0000e-12     0.2576    93.7622 9.8901e-02 0.0000e+00  0.0542215     4.1199 184.567250     2.4054     80.684    12.2975    315.343    12.5109 0.0000e+00
     79.102     4.1210 183.645682     2.4139 1.0000e-12     0.2576    93.7622 1.0623e-01 0.0000e+00  0.0538058     4.1204 184.718884     2.4066     80.662    12.2970    315.304    12.5196 0.0000e+00
     79.081     4.1209 183.597921     2.4151 1.0000e-12     0.2576    93.7622 1.3187e-01 0.0000e+00  0.0533900     4.1210 184.718884     2.4066     80.640    12.3065    315.223    12.5203 0.0000e+00
     79.060     4.1210 183.645682     2.4139 1.0000e-12     0.2576    93.7622 1.3553e-01 0.0000e+00  0.0538058     4.1215 184.688556     2.4066     80.619    12.3004    315.304    12.5209 0.0000e+00
     79.038     4.1210 183.669564     2.4151 1.0000e-12     0.2576    93.7622 1.2454e-01 0.0000e+00  0.0538058     4.1217 184.718883     2.4066     80.596    12.3086    315.345    12.5202 0.0000e+00
     79.017     4.1212 183.669562     2.4151 1.0000e-12     0.2576    93.7622 1.0989e-01 0.0000e+00  0.0533900     4.1218 184.840192     2.4066     80.575    12.3089    315.343    12.5207 0.0000e+00
     78.996     4.1214 183.669562     2.4151 1.0000e-12     0.2576    93.7622 1.0623e-01 1.9691e+00  0.0533900     4.1218 184.809864     2.4066     80.553    12.3093    315.341    12.5212 0.0000e+00
     78.975     4.1219 183.669562     2.4151 1.0000e-12     0.2576    93.7622 1.0256e-01 0.0000e+00  0.0533900     4.1220 184.718882     2.4066     80.532    12.3107    315.335    12.5203 0.0000e+00
     78.954     4.1221 183.669561     2.4151 1.0000e-12     0.2576    93.7622 1.0256e-01 0.0000e+00  0.0533900     4.1223 184.688553     2.4066     80.511    12.3110    315.333    12.5192 0.0000e+00
     78.933     4.1225 183.645679     2.4151 1.0000e-12     0.2576    93.7622 1.0256e-01 0.0000e+00  0.0533900     4.1228 184.779535     2.4066     80.489    12.3101    315.288    12.5193 0.0000e+00
     78.913     4.1225 183.609858     2.4151 1.0000e-12     0.2576    93.7622 1.0256e-01 0.0000e+00  0.0538058     4.1226 184.718881     2.4066     80.469    12.3104    315.226    12.5196 0.0000e+00
     78.891     4.1231 183.609856     2.4151 1.0000e-12     0.2576    93.7622 1.0256e-01 0.0000e+00  0.0538058     4.1223 184.718880     2.4066     80.446    12.3105    315.220    12.5198 0.0000e+00
     78.870     4.1231 183.693441     2.4151 1.0000e-12     0.2576    93.7622 1.0256e-01 1.9691e+00  0.0533900     4.1229 184.658225     2.4066     80.425    12.3118    315.363    12.5195 0.0000e+00
     78.848     4.1233 183.609856     2.4151 1.0000e-12     0.2576    93.7622 1.0623e-01 0.0000e+00  0.0533900     4.1237 184.658224     2.4066     80.403    12.3130    315.218    12.5191 0.0000e+00
     78.825     4.1233 183.669557     2.4151 1.0000e-12     0.2588    93.7360 1.0989e-01 1.9691e+00  0.0533900     4.1236 184.718877     2.4066     80.379    12.3131    315.320    12.5189 0.0000e+00
     78.804     4.1234 183.657617     2.4151 1.0000e-12     0.2610    93.6837 1.0623e-01 0.0000e+00  0.0538058     4.1239 184.688550     2.4066     80.358    12.3130    315.299    12.5184 0.0000e+00
     78.784     4.1239 183.645676     2.4151 1.0000e-12     0.2621    93.6576 1.0256e-01 0.0000e+00  0.0542215     4.1239 184.597568     2.4066     80.337    12.3127    315.273    12.5180 0.0000e+00
     78.764     4.1242 183.681498     2.4164 1.0000e-12     0.2621    93.6576 1.0256e-01 1.9691e+00  0.0533900     4.1242 184.627895     2.4066     80.317    12.3208    315.331    12.5173 0.0000e+00
     78.743     4.1243 183.669556     2.4164 1.0000e-12     0.2610    93.6837 1.0623e-01 0.0000e+00  0.0529742     4.1245 184.718875     2.4066     80.295    12.3205    315.309    12.5165 0.0000e+00
     78.722     4.1247 183.645674     2.4151 1.0000e-12     0.2610    93.6837 1.0256e-01 0.0000e+00  0.0533900     4.1245 184.627894     2.4066     80.274    12.3115    315.264    12.5171 0.0000e+00
     78.701     4.1250 183.657614     2.4151 1.0000e-12     0.2621    93.6576 1.0256e-01 0.0000e+00  0.0533900     4.1250 184.809857     2.4066     80.253    12.3120    315.281    12.5161 0.0000e+00
     78.682     4.1251 183.741198     2.4151 1.0000e-12     0.2621    93.6576 9.8901e-02 0.0000e+00  0.0533900     4.1252 184.718874     2.4066     80.233    12.3126    315.424    12.5164 0.0000e+00
     78.662     4.1254 183.717317     2.4151 1.0000e-12     0.2621    93.6576 9.8901e-02 0.0000e+00  0.0533900     4.1258 184.688547     2.4078     80.213    12.3131    315.379    12.5231 0.0000e+00
     78.642     4.1258 183.633732     2.4151 1.0000e-12     0.2621    93.6576 1.0256e-01 0.0000e+00  0.0533900     4.1256 184.718874     2.4066     80.193    12.3123    315.232    12.5155 0.0000e+00
     78.620     4.1261 183.645672     2.4151 1.0000e-12     0.2610    93.6837 1.0256e-01 1.9691e+00  0.0533900     4.1255 184.779528     2.4078     80.170    12.3114    315.249    12.5223 0.0000e+00
     78.598     4.1266 183.669551     2.4151 1.0000e-12     0.2621    93.6576 1.0623e-01 0.0000e+00  0.0533900     4.1258 184.749199     2.4078     80.148    12.3103    315.284    12.5209 0.0000e+00
     78.577     4.1268 183.705374     2.4164 1.0000e-12     0.2610    93.6837 1.0623e-01 0.0000e+00  0.0538058     4.1260 184.567236     2.4078     80.126    12.3177    315.344    12.5209 0.0000e+00
     78.558     4.1269 183.657610     2.4164 1.0000e-12     0.2621    93.6576 1.0989e-01 0.0000e+00  0.0533900     4.1261 184.688544     2.4078     80.107    12.3178    315.261    12.5207 0.0000e+00
     78.538     4.1266 183.681493     2.4151 1.0000e-12     0.2621    93.6576 1.0989e-01 0.0000e+00  0.0533900     4.1263 184.718872     2.4066     80.086    12.3084    315.305    12.5126 0.0000e+00
     78.517     4.1267 183.669550     2.4151 1.0000e-12     0.2621    93.6576 1.1355e-01 0.0000e+00  0.0538058     4.1266 184.688543     2.4078     80.065    12.3083    315.283    12.5202 0.0000e+00
     78.496     4.1270 183.669551     2.4151 1.0000e-12     0.2621    93.6576 1.0989e-01 0.0000e+00  0.0538058     4.1269 184.718871     2.4078     80.044    12.3093    315.280    12.5199 0.0000e+00
     78.475     4.1269 183.669550     2.4164 1.0000e-12     0.2621    93.6576 1.0989e-01 0.0000e+00  0.0538058     4.1269 184.779525     2.4066     80.022    12.3175    315.281    12.5116 0.0000e+00
     78.454     4.1271 183.693430     2.4151 1.0000e-12     0.2621    93.6576 1.0623e-01 0.0000e+00  0.0533900     4.1269 184.870506     2.4066     80.001    12.3088    315.320    12.5113 0.0000e+00
     78.434     4.1276 183.657608     2.4151 1.0000e-12     0.2621    93.6576 1.0256e-01 0.0000e+00  0.0533900     4.1269 184.870506     2.4078     79.980    12.3084    315.253    12.5188 0.0000e+00
     78.415     4.1272 183.645669     2.4164 1.0000e-12     0.2621    93.6576 1.0256e-01 0.0000e+00  0.0538058     4.1274 184.718870     2.4078     79.961    12.3166    315.237    12.5182 0.0000e+00
     78.393     4.1277 183.705369     2.4164 1.0000e-12     0.2588    93.7360 1.0989e-01 0.0000e+00  0.0538058     4.1274 184.718867     2.4078     79.939    12.3160    315.334    12.5177 0.0000e+00
     78.372     4.1277 183.705370     2.4164 1.0000e-12     0.2565    93.7883 1.2088e-01 0.0000e+00  0.0558845     4.1268 184.688541     2.4078     79.917    12.3167    315.334    12.5173 0.0000e+00
     78.352     4.1280 183.657606     2.4164 1.0000e-12     0.2554    93.8144 1.2454e-01 0.0000e+00  0.0554688     4.1269 184.779522     2.4078     79.897    12.3172    315.249    12.5167 0.0000e+00
     78.332     4.1279 183.705368     2.4164 1.0000e-12     0.2565    93.7883 1.1722e-01 0.0000e+00  0.0550530     4.1263 184.749195     2.4078     79.876    12.3177    315.332    12.5162 0.0000e+00
     78.312     4.1283 183.705369     2.4164 1.0000e-12     0.2565    93.7883 1.1355e-01 0.0000e+00  0.0554688     4.1264 184.658213     2.4078     79.856    12.3180    315.328    12.5155 0.0000e+00
     78.292     4.1286 183.717308     2.4164 1.0000e-12     0.2565    93.7883 1.0989e-01 1.9691e+00  0.0558845     4.1268 184.658211     2.4078     79.836    12.3182    315.345    12.5146 0.0000e+00
     78.272     4.1291 183.705367     2.4164 1.0000e-12     0.2565    93.7883 1.0623e-01 0.0000e+00  0.0558845     4.1274 184.597557     2.4078     79.815    12.3182    315.319    12.5135 0.0000e+00
     78.252     4.1290 183.741189     2.4164 1.0000e-12     0.2554    93.8144 1.0256e-01 0.0000e+00  0.0554688     4.1272 184.809848     2.4078     79.795    12.3196    315.381    12.5127 0.0000e+00
     78.232     4.1293 183.669544     2.4164 1.0000e-12     0.2565    93.7883 9.8901e-02 0.0000e+00  0.0554688     4.1283 184.900830     2.4078     79.774    12.3208    315.255    12.5114 0.0000e+00
     78.211     4.1291 183.681484     2.4164 1.0000e-12     0.2565    93.7883 9.8901e-02 0.0000e+00  0.0550530     4.1283 184.718864     2.4078     79.753    12.3209    315.278    12.5104 0.0000e+00
     78.191     4.1296 183.705365     2.4164 1.0000e-12     0.2554    93.8144 1.0256e-01 0.0000e+00  0.0554688     4.1285 184.718864     2.4078     79.733    12.3206    315.313    12.5093 0.0000e+00
     78.170     4.1296 183.717306     2.4164 1.0000e-12     0.2554    93.8144 9.8901e-02 0.0000e+00  0.0554688     4.1287 184.749191     2.4078     79.711    12.3204    315.334    12.5081 0.0000e+00
     78.150     4.1299 183.705364     2.4164 1.0000e-12     0.2554    93.8144 9.8901e-02 0.0000e+00  0.0558845     4.1290 184.749190     2.4078     79.691    12.3200    315.310    12.5082 0.0000e+00
     78.130     4.1302 183.657601     2.4164 1.0000e-12     0.2554    93.8144 9.8901e-02 1.9691e+00  0.0558845     4.1283 184.779518     2.4078     79.670    12.3195    315.225    12.5073 0.0000e+00
     78.110     4.1302 183.753127     2.4164 1.0000e-12     0.2565    93.7883 1.0256e-01 0.0000e+00  0.0554688     4.1292 184.718863     2.4078     79.650    12.3191    315.389    12.5071 0.0000e+00
     78.090     4.1308 183.669540     2.4164 1.0000e-12     0.2565    93.7883 1.0989e-01 0.0000e+00  0.0554688     4.1296 184.718861     2.4078     79.630    12.3183    315.239    12.5071 0.0000e+00
     78.069     4.1308 183.657600     2.4164 1.0000e-12     0.2554    93.8144 1.1722e-01 0.0000e+00  0.0554688     4.1295 184.779516     2.4078     79.608    12.3189    315.219    12.5073 0.0000e+00
     78.049     4.1312 183.705362     2.4164 1.0000e-12     0.2554    93.8144 1.1722e-01 0.0000e+00  0.0558845     4.1292 184.900826     2.4078     79.588    12.3193    315.296    12.5075 0.0000e+00
     78.027     4.1308 183.657599     2.4164 1.0000e-12     0.2554    93.8144 1.1722e-01 0.0000e+00  0.0558845     4.1298 184.779515     2.4078     79.565    12.3187    315.219    12.5061 0.0000e+00
     78.007     4.1310 183.705360     2.4176 1.0000e-12     0.2565    93.7883 1.1355e-01 0.0000e+00  0.0533900     4.1303 184.688531     2.4078     79.545    12.3255    315.298    12.5060 0.0000e+00
     77.988     4.1307 183.753124     2.4164 1.0000e-12     0.2565    93.7883 1.0989e-01 0.0000e+00  0.0533900     4.1301 184.658205     2.4078     79.526    12.3158    315.384    12.5061 0.0000e+00
     77.969     4.1312 183.729242     2.4164 1.0000e-12     0.2576    93.7622 1.0623e-01 0.0000e+00  0.0533900     4.1304 184.718859     2.4078     79.506    12.3158    315.337    12.5048 0.0000e+00
     77.949     4.1312 183.753123     2.4164 1.0000e-12     0.2576    93.7622 1.0256e-01 0.0000e+00  0.0533900     4.1310 184.749185     2.4078     79.486    12.3148    315.378    12.5033 0.0000e+00
     77.928     4.1313 183.693420     2.4164 1.0000e-12     0.2565    93.7883 1.0256e-01 0.0000e+00  0.0529742     4.1302 184.749186     2.4078     79.464    12.3136    315.275    12.5035 0.0000e+00
     77.906     4.1313 183.693418     2.4164 1.0000e-12     0.2565    93.7883 9.8901e-02 0.0000e+00  0.0533900     4.1307 184.749185     2.4078     79.442    12.3136    315.275    12.5033 0.0000e+00
     77.885     4.1318 183.717299     2.4176 1.0000e-12     0.2565    93.7883 9.8901e-02 1.9691e+00  0.0533900     4.1312 184.779511     2.4078     79.421    12.3212    315.310    12.5031 0.0000e+00
     77.865     4.1318 183.681477     2.4176 1.0000e-12     0.2576    93.7622 9.8901e-02 0.0000e+00  0.0533900     4.1307 184.749185     2.4078     79.400    12.3211    315.249    12.5032 0.0000e+00
     77.844     4.1321 183.705358     2.4176 1.0000e-12     0.2576    93.7622 9.8901e-02 0.0000e+00  0.0533900     4.1315 184.688529     2.4078     79.379    12.3209    315.286    12.5029 0.0000e+00
     77.822     4.1323 183.753120     2.4176 1.0000e-12     0.2565    93.7883 1.0256e-01 0.0000e+00  0.0533900     4.1315 184.688528     2.4078     79.356    12.3206    315.366    12.5029 0.0000e+00
     77.801     4.1323 183.729237     2.4176 1.0000e-12     0.2576    93.7622 1.0256e-01 0.0000e+00  0.0533900     4.1320 184.779508     2.4078     79.335    12.3204    315.325    12.5027 0.0000e+00
     77.782     4.1328 183.729238     2.4176 1.0000e-12     0.2576    93.7622 9.8901e-02 0.0000e+00  0.0533900     4.1325 184.749182     2.4078     79.316    12.3200    315.320    12.5025 0.0000e+00
     77.763     4.1331 183.705356     2.4176 1.0000e-12     0.2565    93.7883 9.8901e-02 0.0000e+00  0.0533900     4.1322 184.658200     2.4078     79.296    12.3195    315.276    12.5025 0.0000e+00
