data/05_metadata_exports/SeabirdData/202310_SeabirdData/88610_STN717.cnv
* Sea-Bird SBE 9 Data File:
* FileName = C:\Users\rosette\Rosette Data\2023\Ontario lower food web csmi\STN717.hex
* Software Version Seasave V 7.26.6.26
* Temperature SN = 5270
* Conductivity SN = 1168
* Number of Bytes Per Scan = 40
* Number of Voltage Words = 5
* Number of Scans Averaged by the Deck Unit = 1
* NMEA Latitude = 43 18.01 N
* NMEA Longitude = 077 26.41 W
* NMEA UTC (Time) = Sep 24 2023  13:53:53
* NMEA baud rate = 4800
** Ship: Lake Guardian
** Cruise: Ontario LFW
** Station:  STN717
# nquan = 18                                
# nvalues = 15899                       
# units = specified
# name 0 = prDM: Pressure, Digiquartz [db]
# name 1 = t090C: Temperature [ITS-90, deg C]
# name 2 = c0uS/cm: Conductivity [uS/cm]
# name 3 = sbeox0V: Oxygen raw, SBE 43 [V]
# name 4 = par: PAR/Irradiance, Biospherical/Licor
# name 5 = bat: Beam Attenuation, Chelsea/Seatech [1/m]
# name 6 = xmiss: Beam Transmission, Chelsea/Seatech [%]
# name 7 = flSP: Fluorescence, Seapoint
# name 8 = spar: SPAR, Biospherical/Licor
# name 9 = upoly0: Upoly 0, Suna Nitrate
# name 10 = t190C: Temperature, 2 [ITS-90, deg C]
# name 11 = c1uS/cm: Conductivity, 2 [uS/cm]
# name 12 = sbeox1V: Oxygen raw, SBE 43, 2 [V]
# name 13 = depFM: Depth [fresh water, m], lat = 43.3002
# name 14 = sbeox0Mg/L: Oxygen, SBE 43 [mg/l], WS = 2
# name 15 = specc: Specific Conductance [uS/cm]
# name 16 = sbeox1Mg/L: Oxygen, SBE 43, 2 [mg/l], WS = 2
# name 17 = flag: flag
# span 0 =     -0.151,     34.877       
# span 1 =   -51.6716,    19.0373       
# span 2 =  35.783638, 588.608432       
# span 3 =     1.8254,     2.4591       
# span 4 = 4.4470e-01, 5.5357e+02       
# span 5 =     0.1325,     3.4994       
# span 6 =    41.6924,    96.7421       
# span 7 = 9.1575e-02, 5.2051e+00       
# span 8 = 2.5402e+02, 3.2884e+02       
# span 9 =  0.0413330,  0.0625367       
# span 10 =     4.0017,    19.0419      
# span 11 =   3.797577, 267.809818      
# span 12 =     1.6923,     2.8596      
# span 13 =     -0.154,     35.565      
# span 14 =  -244.3625,    11.5426      
# span 15 =  -1600.422,    719.808      
# span 16 =     5.3901,    11.6933      
# span 17 = 0.0000e+00, 0.0000e+00      
# interval = seconds: 0.0416667
# start_time = Sep 24 2023 13:53:53 [NMEA time, header]
# bad_flag = -9.990e-29
*END*
[from data line 2171]
      2.103    18.3005 262.281486     2.0623 1.5746e+02     0.6314    85.3975 9.4872e-01 3.1703e+02  0.0434118    18.3187 263.213957     1.7253      2.144     7.0039    302.831     5.5816 -9.990e-29
      2.102    18.2992 262.281486     2.0623 1.5790e+02     0.6314    85.3975 9.5238e-01 3.1703e+02  0.0434118    18.3163 263.183522     1.7253      2.143     7.0021    302.840     5.5848 -9.990e-29
      2.103    18.2980 262.305585     2.0623 1.5790e+02     0.6326    85.3714 9.7070e-01 3.1703e+02  0.0434118    18.3132 263.274835     1.7241      2.144     7.0008    302.877     5.5830 -9.990e-29
      2.103    18.2971 262.293537     2.0623 1.5790e+02     0.6326    85.3714 1.0000e+00 3.1703e+02  0.0434118    18.3108 263.274837     1.7253      2.144     6.9991    302.869     5.5918 -9.990e-29
      2.102    18.2964 262.293538     2.0623 1.5746e+02     0.6339    85.3453 1.0183e+00 3.1703e+02  0.0434118    18.3082 263.183530     1.7241      2.143     6.9970    302.874     5.5897 -9.990e-29
      2.101    18.2961 262.293537     2.0623 1.5746e+02     0.6339    85.3453 1.0000e+00 3.1703e+02  0.0434118    18.3063 263.305277     1.7241      2.142     6.9954    302.876     5.5936 -9.990e-29
      2.101    18.2961 262.305586     2.0623 1.5746e+02     0.6339    85.3453 9.8168e-01 3.1703e+02  0.0434118    18.3043 263.274843     1.7241      2.142     6.9938    302.890     5.5976 -9.990e-29
      2.101    18.2962 262.317634     2.0623 1.5658e+02     0.6339    85.3453 9.7070e-01 3.1703e+02  0.0434118    18.3023 263.305281     1.7241      2.142     6.9919    302.903     5.6011 -9.990e-29
      2.101    18.2966 262.341730     2.0611 1.5614e+02     0.6339    85.3453 9.6337e-01 3.1703e+02  0.0434118    18.3001 263.366156     1.7241      2.142     6.9842    302.928     5.6048 -9.990e-29
      2.101    18.2969 262.317634     2.0611 1.5614e+02     0.6339    85.3453 9.7436e-01 3.1703e+02  0.0434118    18.2981 263.396595     1.7241      2.142     6.9821    302.898     5.6079 -9.990e-29
      2.101    18.2973 262.269440     2.0611 1.5526e+02     0.6339    85.3453 9.8901e-01 3.1703e+02  0.0434118    18.2964 263.335723     1.7241      2.142     6.9802    302.840     5.6111 -9.990e-29
      2.100    18.2978 262.257391     2.0611 1.5526e+02     0.6339    85.3453 1.0000e+00 3.1703e+02  0.0434118    18.2947 263.335725     1.7241      2.141     6.9780    302.822     5.6147 -9.990e-29
      2.098    18.2983 262.329681     2.0611 1.5526e+02     0.6339    85.3453 9.8535e-01 3.1703e+02  0.0434118    18.2933 263.274852     1.7241      2.139     6.9756    302.902     5.6183 -9.990e-29
      2.095    18.2985 262.281486     2.0611 1.5570e+02     0.6339    85.3453 9.7436e-01 3.1703e+02  0.0434118    18.2917 263.335726     1.7241      2.136     6.9729    302.845     5.6214 -9.990e-29
      2.093    18.2988 262.293536     2.0598 1.5614e+02     0.6339    85.3453 9.8535e-01 3.1703e+02  0.0438276    18.2907 263.274855     1.7253      2.134     6.9649    302.857     5.6295 -9.990e-29
      2.092    18.2995 262.269437     2.0611 1.5614e+02     0.6339    85.3453 9.9267e-01 3.1703e+02  0.0434118    18.2901 263.427038     1.7253      2.133     6.9689    302.824     5.6320 -9.990e-29
      2.090    18.3001 262.221245     2.0598 1.5746e+02     0.6339    85.3453 9.9267e-01 3.1703e+02  0.0434118    18.2897 263.487914     1.7253      2.131     6.9609    302.764     5.6344 -9.990e-29
      2.088    18.3009 262.293532     2.0598 1.5879e+02     0.6339    85.3453 9.9634e-01 3.1703e+02  0.0434118    18.2891 263.305291     1.7253      2.129     6.9586    302.842     5.6367 -9.990e-29
      2.086    18.3017 262.293533     2.0598 1.5924e+02     0.6339    85.3453 1.0037e+00 3.1703e+02  0.0434118    18.2891 263.274856     1.7253      2.127     6.9561    302.837     5.6385 -9.990e-29
      2.084    18.3023 262.293531     2.0586 1.6104e+02     0.6339    85.3453 1.0147e+00 3.1703e+02  0.0434118    18.2888 263.366165     1.7265      2.125     6.9485    302.833     5.6463 -9.990e-29
      2.081    18.3031 262.257387     2.0586 1.6379e+02     0.6339    85.3453 1.0476e+00 3.1703e+02  0.0434118    18.2884 263.335730     1.7265      2.122     6.9461    302.785     5.6480 -9.990e-29
      2.077    18.3040 262.293530     2.0586 1.6425e+02     0.6339    85.3453 1.0586e+00 3.1703e+02  0.0434118    18.2885 263.274855     1.7265      2.118     6.9440    302.821     5.6495 -9.990e-29
      2.074    18.3054 262.293529     2.0586 1.6564e+02     0.6339    85.3453 1.0366e+00 3.1703e+02  0.0434118    18.2884 263.427039     1.7277      2.115     6.9412    302.811     5.6565 -9.990e-29
      2.071    18.3066 262.281480     2.0574 1.6799e+02     0.6326    85.3714 1.0037e+00 3.1703e+02  0.0438276    18.2886 263.396603     1.7277      2.112     6.9329    302.789     5.6579 -9.990e-29
      2.069    18.3078 262.281478     2.0574 1.6893e+02     0.6314    85.3975 9.8168e-01 3.1703e+02  0.0434118    18.2883 263.335729     1.7277      2.110     6.9304    302.780     5.6587 -9.990e-29
      2.067    18.3090 262.329671     2.0574 1.6846e+02     0.6314    85.3975 9.7070e-01 3.1703e+02  0.0434118    18.2882 263.335729     1.7277      2.108     6.9277    302.827     5.6594 -9.990e-29
      2.065    18.3103 262.281476     2.0574 1.6751e+02     0.6302    85.4237 9.7802e-01 3.1703e+02  0.0434118    18.2876 263.335729     1.7289      2.106     6.9249    302.763     5.6655 -9.990e-29
      2.063    18.3123 262.257379     2.0562 1.6704e+02     0.6314    85.3975 9.8168e-01 3.1703e+02  0.0434118    18.2877 263.213984     1.7289      2.104     6.9169    302.721     5.6655 -9.990e-29
      2.059    18.3135 262.281473     2.0549 1.6704e+02     0.6314    85.3975 9.9634e-01 3.1703e+02  0.0434118    18.2869 263.183547     1.7289      2.100     6.9085    302.740     5.6659 -9.990e-29
      2.055    18.3150 262.281470     2.0549 1.6657e+02     0.6314    85.3975 1.0037e+00 3.1703e+02  0.0434118    18.2865 263.274855     1.7302      2.096     6.9062    302.730     5.6721 -9.990e-29
      2.052    18.3161 262.281471     2.0549 1.6657e+02     0.6314    85.3975 9.9634e-01 3.1703e+02  0.0434118    18.2856 263.244421     1.7302      2.092     6.9040    302.722     5.6718 -9.990e-29
      2.050    18.3176 262.257374     2.0537 1.6657e+02     0.6314    85.3975 9.8535e-01 3.1703e+02  0.0434118    18.2859 263.244421     1.7302      2.090     6.8965    302.684     5.6712 -9.990e-29
      2.047    18.3191 262.293517     2.0525 1.6704e+02     0.6314    85.3975 9.8168e-01 3.1703e+02  0.0434118    18.2867 263.183547     1.7302      2.087     6.8891    302.715     5.6704 -9.990e-29
      2.043    18.3200 262.269418     2.0525 1.6751e+02     0.6314    85.3975 9.8901e-01 3.1703e+02  0.0434118    18.2907 263.244415     1.7302      2.083     6.8867    302.681     5.6691 -9.990e-29
      2.041    18.3209 262.209177     2.0513 1.6751e+02     0.6314    85.3975 9.9634e-01 3.1703e+02  0.0434118    18.3023 263.213970     1.7302      2.081     6.8797    302.605     5.6672 -9.990e-29
      2.038    18.3219 262.305563     2.0513 1.6657e+02     0.6314    85.3975 9.8168e-01 3.1703e+02  0.0434118    18.3210 263.244391     1.7314      2.078     6.8780    302.709     5.6698 -9.990e-29
      2.035    18.3225 262.233271     2.0501 1.6564e+02     0.6314    85.3975 9.7436e-01 3.1703e+02  0.0434118    18.3427 263.305244     1.7314      2.075     6.8709    302.622     5.6664 -9.990e-29
      2.031    18.3231 262.305562     2.0488 1.6564e+02     0.6314    85.3975 9.7436e-01 3.1703e+02  0.0434118    18.3644 263.213917     1.7314      2.071     6.8638    302.701     5.6628 -9.990e-29
      2.028    18.3244 262.317608     2.0488 1.6379e+02     0.6314    85.3975 9.8535e-01 3.1703e+02  0.0438276    18.3863 263.183461     1.7314      2.068     6.8624    302.706     5.6591 -9.990e-29
      2.025    18.3252 262.245317     2.0488 1.6241e+02     0.6314    85.3975 9.9634e-01 3.1703e+02  0.0434118    18.4111 263.183439     1.7314      2.065     6.8615    302.617     5.6553 -9.990e-29
      2.022    18.3263 262.233269     2.0476 1.6241e+02     0.6314    85.3975 9.9267e-01 3.1703e+02  0.0434118    18.4447 263.274722     1.7314      2.062     6.8555    302.595     5.6504 -9.990e-29
      2.019    18.3277 262.245315     2.0464 1.6195e+02     0.6314    85.3975 9.8901e-01 3.1703e+02  0.0434118    18.4900 263.274681     1.7314      2.059     6.8494    302.599     5.6435 -9.990e-29
      2.016    18.3287 262.281459     2.0452 1.6104e+02     0.6314    85.3975 9.8168e-01 3.1703e+02  0.0434118    18.5384 263.305077     1.7314      2.056     6.8437    302.634     5.6366 -9.990e-29
      2.013    18.3299 262.305556     2.0452 1.6059e+02     0.6314    85.3975 9.7070e-01 3.1703e+02  0.0434118    18.5814 263.396352     1.7326      2.053     6.8439    302.654     5.6357 -9.990e-29
      2.010    18.3308 262.317601     2.0440 1.6104e+02     0.6326    85.3714 9.7436e-01 3.1703e+02  0.0434118    18.6154 263.335446     1.7326      2.050     6.8386    302.661     5.6308 -9.990e-29
      2.007    18.3311 262.209169     2.0440 1.6150e+02     0.6314    85.3975 9.8168e-01 3.1703e+02  0.0434118    18.6476 263.274548     1.7326      2.047     6.8392    302.534     5.6259 -9.990e-29
      2.005    18.3311 262.305552     2.0427 1.6150e+02     0.6314    85.3975 1.0000e+00 3.1703e+02  0.0434118    18.6742 263.274523     1.7326      2.045     6.8343    302.645     5.6216 -9.990e-29
      2.004    18.3312 262.305553     2.0415 1.6104e+02     0.6314    85.3975 1.0110e+00 3.1703e+02  0.0434118    18.6954 263.274505     1.7326      2.044     6.8299    302.644     5.6183 -9.990e-29
      2.002    18.3309 262.329652     2.0415 1.5969e+02     0.6314    85.3975 1.0110e+00 3.1703e+02  0.0434118    18.7113 263.365804     1.7326      2.041     6.8309    302.674     5.6155 -9.990e-29
      1.999    18.3304 262.281456     2.0403 1.5969e+02     0.6314    85.3975 9.9634e-01 3.1703e+02  0.0434118    18.7223 263.335354     1.7326      2.038     6.8273    302.622     5.6132 -9.990e-29
      1.998    18.3302 262.269409     2.0391 1.5969e+02     0.6314    85.3975 9.8901e-01 3.1703e+02  0.0434118    18.7303 263.213602     1.7326      2.037     6.8240    302.610     5.6111 -9.990e-29
      1.997    18.3300 262.281458     2.0391 1.5969e+02     0.6314    85.3975 9.8168e-01 3.1703e+02  0.0434118    18.7369 263.183160     1.7326      2.036     6.8264    302.625     5.6096 -9.990e-29
      1.996    18.3297 262.245313     2.0379 1.5969e+02     0.6326    85.3714 9.7802e-01 3.1703e+02  0.0434118    18.7410 263.244030     1.7326      2.035     6.8230    302.585     5.6083 -9.990e-29
      1.995    18.3299 262.269410     2.0379 1.6014e+02     0.6314    85.3975 9.7802e-01 3.1703e+02  0.0434118    18.7456 263.152717     1.7338      2.034     6.8253    302.612     5.6124 -9.990e-29
      1.992    18.3299 262.305554     2.0366 1.6333e+02     0.6314    85.3975 9.8535e-01 3.1703e+02  0.0434118    18.7502 263.152712     1.7326      2.031     6.8220    302.654     5.6058 -9.990e-29
      1.990    18.3299 262.245311     2.0366 1.6471e+02     0.6314    85.3975 9.7802e-01 3.1703e+02  0.0434118    18.7595 263.244013     1.7326      2.029     6.8250    302.584     5.6042 -9.990e-29
      1.989    18.3301 262.269409     2.0354 1.6517e+02     0.6326    85.3714 9.7436e-01 3.1703e+02  0.0434118    18.7721 263.274440     1.7326      2.028     6.8224    302.610     5.6026 -9.990e-29
      1.988    18.3309 262.257360     2.0342 1.6657e+02     0.6314    85.3975 9.7070e-01 3.1703e+02  0.0434118    18.7848 263.274429     1.7326      2.027     6.8195    302.591     5.6005 -9.990e-29
      1.987    18.3314 262.293505     2.0354 1.6751e+02     0.6314    85.3975 9.7802e-01 3.1703e+02  0.0438276    18.7956 263.274420     1.7338      2.026     6.8279    302.629     5.6040 -9.990e-29
      1.986    18.3319 262.269406     2.0342 1.6751e+02     0.6314    85.3975 9.8901e-01 3.1703e+02  0.0434118    18.8047 263.152664     1.7338      2.025     6.8253    302.598     5.6026 -9.990e-29
      1.985    18.3327 262.257359     2.0330 1.6989e+02     0.6314    85.3975 9.9267e-01 3.1703e+02  0.0434118    18.8126 263.183096     1.7338      2.024     6.8230    302.578     5.6017 -9.990e-29
      1.985    18.3331 262.293502     2.0330 1.7181e+02     0.6314    85.3975 9.8901e-01 3.1703e+02  0.0434118    18.8205 263.243960     1.7338      2.024     6.8259    302.617     5.6008 -9.990e-29
      1.985    18.3337 262.293503     2.0317 1.7229e+02     0.6326    85.3714 9.8535e-01 3.1703e+02  0.0434118    18.8292 263.183081     1.7338      2.024     6.8228    302.613     5.5998 -9.990e-29
      1.985    18.3346 262.305550     2.0330 1.7327e+02     0.6326    85.3714 9.9634e-01 3.1703e+02  0.0434118    18.8389 263.183073     1.7338      2.024     6.8316    302.621     5.5990 -9.990e-29
      1.984    18.3352 262.245308     2.0317 1.7424e+02     0.6314    85.3975 1.0220e+00 3.1703e+02  0.0434118    18.8492 263.243937     1.7338      2.023     6.8285    302.547     5.5981 -9.990e-29
      1.984    18.3361 262.245306     2.0317 1.7424e+02     0.6302    85.4237 1.0037e+00 3.1703e+02  0.0434118    18.8631 263.274361     1.7326      2.023     6.8312    302.541     5.5912 -9.990e-29
      1.984    18.3369 262.293500     2.0317 1.7424e+02     0.6314    85.3975 9.8168e-01 3.1703e+02  0.0434118    18.8793 263.304785     1.7338      2.023     6.8332    302.591     5.5949 -9.990e-29
      1.984    18.3377 262.269403     2.0317 1.7375e+02     0.6314    85.3975 9.7436e-01 3.1703e+02  0.0434118    18.8932 263.274336     1.7338      2.023     6.8351    302.557     5.5938 -9.990e-29
      1.984    18.3385 262.293498     2.0317 1.7375e+02     0.6302    85.4237 9.6703e-01 3.1703e+02  0.0434118    18.9050 263.213452     1.7338      2.023     6.8372    302.580     5.5929 -9.990e-29
      1.984    18.3397 262.341691     2.0317 1.7278e+02     0.6302    85.4237 9.6337e-01 3.1703e+02  0.0434118    18.9154 263.183008     1.7338      2.023     6.8390    302.627     5.5925 -9.990e-29
      1.985    18.3404 262.341691     2.0317 1.7133e+02     0.6314    85.3975 9.7802e-01 3.1703e+02  0.0434118    18.9239 263.243873     1.7338      2.024     6.8408    302.622     5.5927 -9.990e-29
      1.985    18.3418 262.269398     2.0305 1.7133e+02     0.6314    85.3975 1.0073e+00 3.1703e+02  0.0434118    18.9312 263.182993     1.7338      2.024     6.8367    302.529     5.5929 -9.990e-29
      1.986    18.3430 262.257350     2.0305 1.7085e+02     0.6314    85.3975 1.0073e+00 3.1703e+02  0.0434118    18.9390 263.243860     1.7338      2.025     6.8379    302.506     5.5934 -9.990e-29
      1.987    18.3439 262.281446     2.0317 1.6989e+02     0.6302    85.4237 9.8901e-01 3.1703e+02  0.0434118    18.9453 263.304728     1.7338      2.026     6.8448    302.528     5.5935 -9.990e-29
      1.988    18.3451 262.293492     2.0317 1.6989e+02     0.6314    85.3975 9.6703e-01 3.1703e+02  0.0434118    18.9488 263.274287     1.7338      2.027     6.8456    302.533     5.5944 -9.990e-29
      1.990    18.3463 262.305541     2.0317 1.6941e+02     0.6302    85.4237 9.7802e-01 3.1703e+02  0.0434118    18.9501 263.182978     1.7338      2.029     6.8461    302.539     5.5953 -9.990e-29
      1.992    18.3475 262.293491     2.0305 1.6893e+02     0.6314    85.3975 1.0110e+00 3.1703e+02  0.0434118    18.9486 263.335162     1.7338      2.031     6.8410    302.517     5.5969 -9.990e-29
      1.993    18.3482 262.305539     2.0317 1.6893e+02     0.6314    85.3975 1.0916e+00 3.1703e+02  0.0434118    18.9422 263.304731     1.7338      2.032     6.8465    302.526     5.5985 -9.990e-29
      1.995    18.3490 262.269392     2.0317 1.6893e+02     0.6302    85.4237 1.1832e+00 3.1703e+02  0.0434118    18.9359 263.274298     1.7338      2.034     6.8468    302.478     5.6005 -9.990e-29
      1.997    18.3499 262.281442     2.0317 1.6657e+02     0.6314    85.3975 1.1685e+00 3.1703e+02  0.0434118    18.9329 263.182994     1.7338      2.036     6.8464    302.486     5.6015 -9.990e-29
