data/05_metadata_exports/SeabirdData/202310_SeabirdData/88610_STN717.cnv
* Sea-Bird SBE 9 Data File:
* FileName = C:\Users\rosette\Rosette Data\2023\Ontario lower food web csmi\STN717.hex
* Software Version Seasave V 7.26.6.26
* Temperature SN = 5270
* Conductivity SN = 1168
* Number of Bytes Per Scan = 40
* Number of Voltage Words = 5
* Number of Scans Averaged by the Deck Unit = 1
* NMEA Latitude = 43 18.01 N
* NMEA Longitude = 077 26.41 W
* NMEA UTC (Time) = Sep 24 2023  13:53:53
* NMEA baud rate = 4800
** Ship: Lake Guardian
** Cruise: Ontario LFW
** Station:  STN717
# nquan = 18                                
# nvalues = 15899                       
# units = specified
# name 0 = prDM: Pressure, Digiquartz [db]
# name 1 = t090C: Temperature [ITS-90, deg C]
# name 2 = c0uS/cm: Conductivity [uS/cm]
# name 3 = sbeox0V: Oxygen raw, SBE 43 [V]
# name 4 = par: PAR/Irradiance, Biospherical/Licor
# name 5 = bat: Beam Attenuation, Chelsea/Seatech [1/m]
# name 6 = xmiss: Beam Transmission, Chelsea/Seatech [%]
# name 7 = flSP: Fluorescence, Seapoint
# name 8 = spar: SPAR, Biospherical/Licor
# name 9 = upoly0: Upoly 0, Suna Nitrate
# name 10 = t190C: Temperature, 2 [ITS-90, deg C]
# name 11 = c1uS/cm: Conductivity, 2 [uS/cm]
# name 12 = sbeox1V: Oxygen raw, SBE 43, 2 [V]
# name 13 = depFM: Depth [fresh water, m], lat = 43.3002
# name 14 = sbeox0Mg/L: Oxygen, SBE 43 [mg/l], WS = 2
# name 15 = specc: Specific Conductance [uS/cm]
# name 16 = sbeox1Mg/L: Oxygen, SBE 43, 2 [mg/l], WS = 2
# name 17 = flag: flag
# span 0 =     -0.151,     34.877       
# span 1 =   -51.6716,    19.0373       
# span 2 =  35.783638, 588.608432       
# span 3 =     1.8254,     2.4591       
# span 4 = 4.4470e-01, 5.5357e+02       
# span 5 =     0.1325,     3.4994       
# span 6 =    41.6924,    96.7421       
# span 7 = 9.1575e-02, 5.2051e+00       
# span 8 = 2.5402e+02, 3.2884e+02       
# span 9 =  0.0413330,  0.0625367       
# span 10 =     4.0017,    19.0419      
# span 11 =   3.797577, 267.809818      
# span 12 =     1.6923,     2.8596      
# span 13 =     -0.154,     35.565      
# span 14 =  -244.3625,    11.5426      
# span 15 =  -1600.422,    719.808      
# span 16 =     5.3901,    11.6933      
# span 17 = 0.0000e+00, 0.0000e+00      
# interval = seconds: 0.0416667
# start_time = Sep 24 2023 13:53:53 [NMEA time, header]
# bad_flag = -9.990e-29
*END*
[from data line 8041]
     34.185     4.0219 184.182294     2.2955 5.1041e-01     0.2498    93.9451 1.1355e-01 2.5992e+02  0.0554688     4.0229 185.355031     2.2784     34.859    11.4855    317.305    11.6170 -9.990e-29
     34.183     4.0224 184.158411     2.2955 5.1215e-01     0.2498    93.9451 1.0989e-01 2.6189e+02  0.0554688     4.0229 185.264046     2.2772     34.857    11.4857    317.259    11.6093 -9.990e-29
     34.183     4.0222 184.098705     2.2955 5.1215e-01     0.2498    93.9451 1.0989e-01 2.5992e+02  0.0554688     4.0229 185.264047     2.2784     34.857    11.4861    317.158    11.6174 -9.990e-29
     34.182     4.0226 184.122588     2.2955 5.0350e-01     0.2498    93.9451 1.0989e-01 2.6189e+02  0.0554688     4.0235 185.233719     2.2784     34.856    11.4864    317.195    11.6174 -9.990e-29
     34.180     4.0229 184.098705     2.2955 4.9837e-01     0.2498    93.9451 1.0989e-01 2.5992e+02  0.0558845     4.0230 185.233719     2.2784     34.854    11.4879    317.151    11.6178 -9.990e-29
     34.178     4.0228 184.122587     2.2967 4.9837e-01     0.2498    93.9451 1.1722e-01 2.5992e+02  0.0558845     4.0227 185.203390     2.2772     34.852    11.4962    317.193    11.6102 -9.990e-29
     34.177     4.0231 184.146469     2.2955 5.0695e-01     0.2498    93.9451 1.2821e-01 2.5992e+02  0.0554688     4.0225 185.294374     2.2772     34.851    11.4890    317.231    11.6105 -9.990e-29
     34.177     4.0230 184.098706     2.2955 5.1564e-01     0.2498    93.9451 1.3553e-01 2.6189e+02  0.0554688     4.0221 185.233721     2.2784     34.851    11.4896    317.149    11.6187 -9.990e-29
     34.175     4.0232 184.122586     2.2955 5.1564e-01     0.2498    93.9451 1.3187e-01 2.5992e+02  0.0554688     4.0222 185.173063     2.2784     34.849    11.4880    317.188    11.6189 -9.990e-29
     34.171     4.0228 184.170352     2.2955 5.1740e-01     0.2498    93.9451 1.2821e-01 2.6189e+02  0.0558845     4.0225 185.112407     2.2784     34.845    11.4866    317.275    11.6190 -9.990e-29
     34.168     4.0231 184.146469     2.2967 5.1740e-01     0.2498    93.9451 1.3553e-01 2.6189e+02  0.0554688     4.0225 185.294374     2.2784     34.842    11.4928    317.231    11.6192 -9.990e-29
     34.166     4.0230 184.122586     2.2967 5.1740e-01     0.2498    93.9451 1.3553e-01 2.5992e+02  0.0554688     4.0229 185.355030     2.2784     34.840    11.4925    317.191    11.6192 -9.990e-29
     34.164     4.0230 184.122587     2.2967 5.1916e-01     0.2498    93.9451 1.3187e-01 2.5992e+02  0.0554688     4.0225 185.264047     2.2784     34.838    11.4922    317.191    11.6196 -9.990e-29
     34.162     4.0229 184.086763     2.2967 5.2269e-01     0.2498    93.9451 1.2821e-01 2.6189e+02  0.0554688     4.0232 185.203390     2.2772     34.836    11.4919    317.130    11.6130 -9.990e-29
     34.159     4.0230 184.086764     2.2967 5.2269e-01     0.2476    93.9974 1.2821e-01 2.5992e+02  0.0554688     4.0230 185.173063     2.2784     34.832    11.4904    317.129    11.6212 -9.990e-29
     34.155     4.0227 184.158410     2.2955 5.2092e-01     0.2432    94.1020 1.2454e-01 2.5992e+02  0.0554688     4.0235 185.294373     2.2784     34.828    11.4814    317.256    11.6213 -9.990e-29
     34.151     4.0232 184.110645     2.2967 5.1740e-01     0.2443    94.0758 1.2088e-01 2.5992e+02  0.0558845     4.0232 185.355030     2.2784     34.824    11.4864    317.168    11.6216 -9.990e-29
     34.148     4.0231 184.122586     2.2955 5.1740e-01     0.2432    94.1020 1.1722e-01 2.6189e+02  0.0558845     4.0225 185.233718     2.2784     34.821    11.4786    317.190    11.6221 -9.990e-29
     34.145     4.0230 184.146469     2.2955 5.1740e-01     0.2432    94.1020 1.2088e-01 2.5992e+02  0.0554688     4.0230 185.233718     2.2784     34.818    11.4775    317.232    11.6222 -9.990e-29
     34.142     4.0229 184.122586     2.2967 5.2269e-01     0.2443    94.0758 1.2454e-01 2.5992e+02  0.0558845     4.0230 185.233718     2.2784     34.815    11.4852    317.192    11.6225 -9.990e-29
     34.139     4.0228 184.134528     2.2955 5.2447e-01     0.2432    94.1020 1.2454e-01 2.6189e+02  0.0558845     4.0231 185.142734     2.2784     34.812    11.4775    317.213    11.6227 -9.990e-29
     34.135     4.0231 184.146469     2.2955 5.2447e-01     0.2432    94.1020 1.1722e-01 2.5992e+02  0.0558845     4.0230 185.203390     2.2784     34.808    11.4786    317.231    11.6230 -9.990e-29
     34.131     4.0227 184.098704     2.2955 5.1740e-01     0.2443    94.0758 1.1355e-01 2.5992e+02  0.0554688     4.0232 185.355030     2.2784     34.804    11.4788    317.153    11.6232 -9.990e-29
     34.127     4.0227 184.110644     2.2955 5.1390e-01     0.2432    94.1020 1.1355e-01 2.5992e+02  0.0554688     4.0229 185.294373     2.2784     34.800    11.4777    317.173    11.6222 -9.990e-29
     34.124     4.0231 184.086763     2.2955 5.1390e-01     0.2443    94.0758 1.1355e-01 2.5992e+02  0.0554688     4.0233 185.264045     2.2784     34.797    11.4765    317.128    11.6223 -9.990e-29
     34.121     4.0227 184.110646     2.2955 5.1390e-01     0.2432    94.1020 1.1355e-01 2.5992e+02  0.0554688     4.0237 185.294374     2.2784     34.794    11.4757    317.173    11.6224 -9.990e-29
     34.117     4.0226 184.122586     2.2955 5.1564e-01     0.2432    94.1020 1.2088e-01 2.5992e+02  0.0554688     4.0238 185.142732     2.2784     34.790    11.4748    317.195    11.6212 -9.990e-29
     34.113     4.0222 184.122587     2.2955 5.1390e-01     0.2432    94.1020 1.1722e-01 2.5992e+02  0.0554688     4.0230 185.324702     2.2784     34.786    11.4741    317.199    11.6217 -9.990e-29
     34.110     4.0222 184.122586     2.2955 5.1041e-01     0.2432    94.1020 1.1722e-01 2.5992e+02  0.0554688     4.0238 185.355028     2.2784     34.783    11.4732    317.199    11.6215 -9.990e-29
     34.106     4.0219 184.074821     2.2955 5.0695e-01     0.2432    94.1020 1.1722e-01 2.5992e+02  0.0563003     4.0238 185.264044     2.2784     34.778    11.4737    317.120    11.6229 -9.990e-29
     34.104     4.0220 184.074822     2.2955 5.0695e-01     0.2432    94.1020 1.1355e-01 2.5992e+02  0.0563003     4.0241 185.233717     2.2784     34.776    11.4751    317.119    11.6216 -9.990e-29
     34.101     4.0216 184.158410     2.2955 5.1215e-01     0.2443    94.0758 1.0989e-01 2.5992e+02  0.0558845     4.0237 185.203388     2.2784     34.773    11.4745    317.268    11.6205 -9.990e-29
     34.098     4.0216 184.110645     2.2943 5.1564e-01     0.2443    94.0758 1.0623e-01 2.5992e+02  0.0554688     4.0230 185.203389     2.2784     34.770    11.4661    317.185    11.6207 -9.990e-29
     34.096     4.0220 184.110645     2.2943 5.1740e-01     0.2432    94.1020 1.0623e-01 2.5992e+02  0.0558845     4.0237 185.355029     2.2784     34.768    11.4653    317.181    11.6205 -9.990e-29
     34.093     4.0216 184.074823     2.2943 5.1564e-01     0.2432    94.1020 1.0989e-01 2.5992e+02  0.0558845     4.0235 185.233718     2.2784     34.765    11.4659    317.124    11.6206 -9.990e-29
     34.089     4.0218 184.122586     2.2955 5.1215e-01     0.2443    94.0758 1.0989e-01 2.5992e+02  0.0554688     4.0232 185.233717     2.2784     34.761    11.4742    317.204    11.6207 -9.990e-29
     34.085     4.0217 184.122585     2.2955 5.1215e-01     0.2443    94.0758 1.1355e-01 2.5992e+02  0.0554688     4.0233 185.233716     2.2784     34.757    11.4759    317.205    11.6206 -9.990e-29
     34.082     4.0218 184.086763     2.2955 5.1215e-01     0.2443    94.0758 1.1722e-01 2.6189e+02  0.0554688     4.0235 185.203389     2.2784     34.754    11.4777    317.142    11.6206 -9.990e-29
     34.079     4.0219 184.086762     2.2943 5.1215e-01     0.2443    94.0758 1.2088e-01 2.5992e+02  0.0554688     4.0233 185.233716     2.2784     34.751    11.4718    317.141    11.6206 -9.990e-29
     34.076     4.0221 184.062880     2.2943 5.1215e-01     0.2432    94.1020 1.1722e-01 2.5992e+02  0.0558845     4.0229 185.324701     2.2784     34.748    11.4725    317.098    11.6206 -9.990e-29
     34.074     4.0221 184.122586     2.2930 5.1215e-01     0.2443    94.0758 1.1355e-01 2.5992e+02  0.0558845     4.0229 185.355029     2.2784     34.746    11.4649    317.200    11.6217 -9.990e-29
     34.071     4.0216 184.050939     2.2943 5.1215e-01     0.2443    94.0758 1.0989e-01 2.5992e+02  0.0558845     4.0230 185.142733     2.2784     34.743    11.4744    317.082    11.6228 -9.990e-29
     34.068     4.0216 184.098703     2.2943 5.1041e-01     0.2443    94.0758 1.0623e-01 2.5992e+02  0.0558845     4.0230 185.173060     2.2784     34.740    11.4742    317.165    11.6226 -9.990e-29
     34.066     4.0219 184.074821     2.2955 5.1041e-01     0.2443    94.0758 1.0623e-01 2.6189e+02  0.0558845     4.0229 185.233717     2.2784     34.738    11.4828    317.120    11.6224 -9.990e-29
     34.064     4.0218 184.122586     2.2955 5.1041e-01     0.2443    94.0758 1.0623e-01 2.5992e+02  0.0558845     4.0230 185.324701     2.2784     34.736    11.4850    317.204    11.6222 -9.990e-29
     34.061     4.0216 184.074820     2.2955 5.1041e-01     0.2443    94.0758 1.0623e-01 2.5992e+02  0.0558845     4.0228 185.385356     2.2784     34.733    11.4860    317.124    11.6220 -9.990e-29
     34.059     4.0216 184.074822     2.2955 5.1215e-01     0.2443    94.0758 1.0623e-01 2.5992e+02  0.0558845     4.0233 185.233717     2.2784     34.731    11.4859    317.124    11.6216 -9.990e-29
     34.057     4.0214 184.062879     2.2943 5.1564e-01     0.2443    94.0758 1.0256e-01 2.5992e+02  0.0558845     4.0225 185.324700     2.2784     34.728    11.4782    317.105    11.6217 -9.990e-29
     34.056     4.0213 184.074822     2.2943 5.1916e-01     0.2432    94.1020 1.0256e-01 2.5992e+02  0.0554688     4.0229 185.294373     2.2784     34.727    11.4794    317.127    11.6213 -9.990e-29
     34.054     4.0216 184.086762     2.2943 5.1916e-01     0.2432    94.1020 1.0623e-01 2.5992e+02  0.0554688     4.0227 185.324700     2.2784     34.725    11.4793    317.144    11.6212 -9.990e-29
     34.054     4.0218 184.110644     2.2943 5.2092e-01     0.2432    94.1020 1.0623e-01 2.5992e+02  0.0554688     4.0230 185.355028     2.2784     34.725    11.4792    317.183    11.6209 -9.990e-29
     34.054     4.0216 184.122586     2.2943 5.2447e-01     0.2443    94.0758 1.0623e-01 2.5992e+02  0.0558845     4.0229 185.264045     2.2784     34.725    11.4794    317.206    11.6207 -9.990e-29
     34.055     4.0212 184.074821     2.2943 5.2447e-01     0.2432    94.1020 1.0989e-01 2.5992e+02  0.0558845     4.0230 185.233716     2.2784     34.726    11.4797    317.128    11.6205 -9.990e-29
     34.055     4.0216 184.074822     2.2955 5.2624e-01     0.2432    94.1020 1.1722e-01 2.5992e+02  0.0554688     4.0230 185.203389     2.2796     34.726    11.4875    317.124    11.6282 -9.990e-29
     34.056     4.0216 184.122585     2.2955 5.2982e-01     0.2465    94.0236 1.1722e-01 2.5992e+02  0.0554688     4.0227 185.203388     2.2784     34.727    11.4888    317.206    11.6202 -9.990e-29
     34.057     4.0215 184.146469     2.2943 5.2982e-01     0.2476    93.9974 1.1355e-01 2.5992e+02  0.0558845     4.0224 185.233717     2.2784     34.728    11.4814    317.248    11.6200 -9.990e-29
     34.057     4.0216 184.146469     2.2943 5.2982e-01     0.2487    93.9713 1.0989e-01 2.5992e+02  0.0558845     4.0225 185.264045     2.2784     34.728    11.4804    317.247    11.6198 -9.990e-29
     34.057     4.0216 184.146467     2.2943 5.2982e-01     0.2487    93.9713 1.0989e-01 2.5992e+02  0.0558845     4.0225 185.233715     2.2784     34.728    11.4796    317.247    11.6196 -9.990e-29
     34.058     4.0219 184.146469     2.2955 5.2982e-01     0.2498    93.9451 1.0623e-01 2.5992e+02  0.0554688     4.0222 185.203390     2.2784     34.729    11.4853    317.244    11.6195 -9.990e-29
     34.059     4.0218 184.098703     2.2943 5.2624e-01     0.2498    93.9451 1.0623e-01 2.5992e+02  0.0554688     4.0224 185.233716     2.2784     34.731    11.4769    317.163    11.6192 -9.990e-29
     34.058     4.0217 184.122586     2.2955 5.2269e-01     0.2487    93.9713 1.0623e-01 2.5992e+02  0.0554688     4.0225 185.264045     2.2784     34.729    11.4851    317.205    11.6190 -9.990e-29
     34.057     4.0217 184.098703     2.2955 5.2269e-01     0.2487    93.9713 1.0989e-01 2.5992e+02  0.0554688     4.0217 185.324701     2.2784     34.728    11.4855    317.164    11.6190 -9.990e-29
     34.058     4.0220 184.086761     2.2955 5.2269e-01     0.2487    93.9713 1.0989e-01 2.5992e+02  0.0554688     4.0225 185.355028     2.2796     34.729    11.4848    317.140    11.6264 -9.990e-29
     34.060     4.0222 184.086762     2.2943 5.2092e-01     0.2487    93.9713 1.1722e-01 2.5992e+02  0.0558845     4.0219 185.203389     2.2784     34.732    11.4752    317.138    11.6185 -9.990e-29
     34.062     4.0224 184.110644     2.2955 5.2092e-01     0.2487    93.9713 1.1722e-01 2.5992e+02  0.0558845     4.0227 185.233716     2.2796     34.734    11.4824    317.177    11.6260 -9.990e-29
     34.064     4.0222 184.074821     2.2943 5.2092e-01     0.2498    93.9451 1.1355e-01 2.5992e+02  0.0558845     4.0225 185.324701     2.2796     34.736    11.4730    317.117    11.6258 -9.990e-29
     34.066     4.0222 184.122586     2.2943 5.2982e-01     0.2498    93.9451 1.0989e-01 2.5992e+02  0.0554688     4.0221 185.173061     2.2784     34.738    11.4724    317.199    11.6179 -9.990e-29
     34.068     4.0222 184.074820     2.2955 5.3341e-01     0.2487    93.9713 1.1722e-01 2.5992e+02  0.0558845     4.0227 185.324700     2.2784     34.740    11.4785    317.117    11.6174 -9.990e-29
     34.071     4.0221 184.170351     2.2955 5.3341e-01     0.2498    93.9451 1.2454e-01 2.5992e+02  0.0554688     4.0224 185.324701     2.2784     34.743    11.4780    317.283    11.6173 -9.990e-29
     34.073     4.0221 184.110645     2.2955 5.2982e-01     0.2487    93.9713 1.2454e-01 2.5992e+02  0.0558845     4.0225 185.233717     2.2784     34.745    11.4775    317.180    11.6171 -9.990e-29
     34.075     4.0224 184.110645     2.2943 5.2803e-01     0.2498    93.9451 1.2454e-01 2.5992e+02  0.0554688     4.0224 185.203389     2.2784     34.747    11.4693    317.177    11.6169 -9.990e-29
     34.077     4.0224 184.086762     2.2943 5.2803e-01     0.2487    93.9713 1.2088e-01 2.5992e+02  0.0554688     4.0224 185.294373     2.2784     34.749    11.4703    317.135    11.6167 -9.990e-29
     34.079     4.0227 184.122585     2.2955 5.2982e-01     0.2498    93.9451 1.1722e-01 2.5992e+02  0.0554688     4.0229 185.233716     2.2784     34.751    11.4778    317.194    11.6163 -9.990e-29
     34.082     4.0227 184.098703     2.2943 5.3161e-01     0.2498    93.9451 1.1722e-01 2.5992e+02  0.0554688     4.0227 185.233717     2.2784     34.754    11.4699    317.153    11.6162 -9.990e-29
     34.087     4.0226 184.110644     2.2943 5.3161e-01     0.2498    93.9451 1.1355e-01 2.5992e+02  0.0554688     4.0230 185.233717     2.2784     34.759    11.4698    317.174    11.6159 -9.990e-29
     34.091     4.0229 184.134528     2.2943 5.3161e-01     0.2476    93.9974 1.0989e-01 2.5992e+02  0.0554688     4.0227 185.203390     2.2784     34.763    11.4695    317.212    11.6158 -9.990e-29
     34.092     4.0224 184.074821     2.2943 5.3161e-01     0.2465    94.0236 1.1355e-01 2.5992e+02  0.0554688     4.0230 185.355029     2.2784     34.764    11.4695    317.115    11.6155 -9.990e-29
     34.094     4.0222 184.122586     2.2943 5.3161e-01     0.2465    94.0236 1.1722e-01 2.5992e+02  0.0558845     4.0229 185.355029     2.2784     34.766    11.4695    317.199    11.6153 -9.990e-29
     34.096     4.0222 184.122586     2.2955 5.2982e-01     0.2465    94.0236 1.1355e-01 2.5992e+02  0.0558845     4.0235 185.233716     2.2784     34.768    11.4770    317.199    11.6162 -9.990e-29
