data/05_metadata_exports/SeabirdData/202310_SeabirdData/88617_STN58.cnv
* Sea-Bird SBE 9 Data File:
* FileName = C:\Users\rosette\Rosette Data\2023\Ontario lower food web csmi\STN58.hex
* Software Version Seasave V 7.26.6.26
* Temperature SN = 5270
* Conductivity SN = 1168
* Number of Bytes Per Scan = 40
* Number of Voltage Words = 5
* Number of Scans Averaged by the Deck Unit = 1
* NMEA Latitude = 43 19.73 N
* NMEA Longitude = 077 26.22 W
* NMEA UTC (Time) = Sep 24 2023  15:05:32
* NMEA baud rate = 4800
** Ship: Lake Guardian
** Cruise: Ontario LFW
** Station:  STN58
# nquan = 18                                
# nvalues = 19817                       
# units = specified
# name 0 = prDM: Pressure, Digiquartz [db]
# name 1 = t090C: Temperature [ITS-90, deg C]
# name 2 = c0uS/cm: Conductivity [uS/cm]
# name 3 = sbeox0V: Oxygen raw, SBE 43 [V]
# name 4 = par: PAR/Irradiance, Biospherical/Licor
# name 5 = bat: Beam Attenuation, Chelsea/Seatech [1/m]
# name 6 = xmiss: Beam Transmission, Chelsea/Seatech [%]
# name 7 = flSP: Fluorescence, Seapoint
# name 8 = spar: SPAR, Biospherical/Licor
# name 9 = upoly0: Upoly 0, Suna Nitrate
# name 10 = t190C: Temperature, 2 [ITS-90, deg C]
# name 11 = c1uS/cm: Conductivity, 2 [uS/cm]
# name 12 = sbeox1V: Oxygen raw, SBE 43, 2 [V]
# name 13 = depFM: Depth [fresh water, m], lat = 43.3288
# name 14 = sbeox0Mg/L: Oxygen, SBE 43 [mg/l], WS = 2
# name 15 = specc: Specific Conductance [uS/cm]
# name 16 = sbeox1Mg/L: Oxygen, SBE 43, 2 [mg/l], WS = 2
# name 17 = flag: flag
# span 0 =     -0.096,     90.726       
# span 1 =   -25.8286,    19.6247       
# span 2 =  11.402098, 585.701447       
# span 3 =     1.9243,     2.5568       
# span 4 = 1.0000e-12, 8.2989e+02       
# span 5 =     0.2232,     2.0667       
# span 6 =    59.6502,    94.5725       
# span 7 = 8.7912e-02, 2.4615e+00       
# span 8 = 4.6274e+02, 5.7104e+02       
# span 9 =  0.0413330,  0.0629524       
# span 10 =     3.9098,    19.6228      
# span 11 =   4.368925, 270.823345      
# span 12 =     2.0842,     2.8205      
# span 13 =     -0.098,     92.515      
# span 14 =  -192.0198,    14.0690      
# span 15 =  -2430.405,   1330.005      
# span 16 =     7.0386,    12.2431      
# span 17 = 0.0000e+00, 0.0000e+00      
# interval = seconds: 0.0416667
# start_time = Sep 24 2023 15:05:32 [NMEA time, header]
# bad_flag = -9.990e-29
*END*
[from data line 10614]
     89.191     3.9117 183.645986     2.2955 1.0000e-12     0.2321    94.3634 9.5238e-02 5.3560e+02  0.0554688     3.9122 184.719189     2.2845     90.949    11.6095    317.588    11.7733 -9.990e-29
     89.188     3.9117 183.657926     2.2955 1.0000e-12     0.2310    94.3895 9.8901e-02 5.3560e+02  0.0554688     3.9120 184.779843     2.2857     90.946    11.6089    317.608    11.7820 -9.990e-29
     89.185     3.9117 183.705689     2.2967 1.0000e-12     0.2321    94.3634 9.8901e-02 5.3560e+02  0.0554688     3.9126 184.870825     2.2857     90.943    11.6163    317.691    11.7810 -9.990e-29
     89.183     3.9118 183.681807     2.2967 1.0000e-12     0.2310    94.3895 9.8901e-02 5.3560e+02  0.0558845     3.9120 184.901153     2.2845     90.941    11.6158    317.649    11.7726 -9.990e-29
     89.182     3.9114 183.645986     2.2967 1.0000e-12     0.2321    94.3634 9.5238e-02 5.3560e+02  0.0558845     3.9120 184.719188     2.2857     90.940    11.6156    317.591    11.7800 -9.990e-29
     89.181     3.9114 183.610164     2.2967 1.0000e-12     0.2321    94.3634 9.5238e-02 5.3560e+02  0.0554688     3.9122 184.749516     2.2857     90.939    11.6153    317.529    11.7794 -9.990e-29
     89.180     3.9116 183.622104     2.2967 1.0000e-12     0.2310    94.3895 9.5238e-02 5.3560e+02  0.0554688     3.9117 184.749515     2.2845     90.938    11.6149    317.548    11.7724 -9.990e-29
     89.180     3.9114 183.634045     2.2967 1.0000e-12     0.2321    94.3634 9.8901e-02 5.3560e+02  0.0558845     3.9123 184.749515     2.2845     90.938    11.6146    317.570    11.7717 -9.990e-29
     89.180     3.9117 183.610164     2.2967 1.0000e-12     0.2398    94.1804 1.0256e-01 5.3560e+02  0.0558845     3.9122 184.840498     2.2845     90.938    11.6152    317.526    11.7726 -9.990e-29
     89.181     3.9116 183.610163     2.2967 1.0000e-12     0.2432    94.1020 1.0256e-01 5.3560e+02  0.0558845     3.9125 184.749515     2.2845     90.939    11.6160    317.527    11.7734 -9.990e-29
     89.181     3.9114 183.610165     2.2967 1.0000e-12     0.2421    94.1281 1.0256e-01 5.3560e+02  0.0558845     3.9124 184.779844     2.2857     90.939    11.6156    317.529    11.7822 -9.990e-29
     89.181     3.9115 183.634044     2.2967 1.0000e-12     0.2432    94.1020 1.0256e-01 5.3560e+02  0.0558845     3.9125 184.749514     2.2857     90.939    11.6151    317.569    11.7831 -9.990e-29
     89.181     3.9116 183.610164     2.2967 1.0000e-12     0.2421    94.1281 1.0256e-01 5.3560e+02  0.0554688     3.9125 184.779843     2.2857     90.939    11.6158    317.527    11.7839 -9.990e-29
     89.182     3.9117 183.634045     2.2967 1.0000e-12     0.2421    94.1281 9.8901e-02 5.3560e+02  0.0554688     3.9120 184.810171     2.2845     90.940    11.6164    317.567    11.7770 -9.990e-29
     89.181     3.9117 183.645985     2.2967 1.0000e-12     0.2421    94.1281 9.8901e-02 5.3560e+02  0.0554688     3.9126 184.810170     2.2845     90.939    11.6159    317.588    11.7763 -9.990e-29
     89.180     3.9114 183.705688     2.2955 1.0000e-12     0.2421    94.1281 1.0256e-01 5.3560e+02  0.0554688     3.9125 184.749514     2.2857     90.938    11.6076    317.694    11.7853 -9.990e-29
     89.181     3.9117 183.622105     2.2967 1.0000e-12     0.2432    94.1020 9.8901e-02 5.3560e+02  0.0554688     3.9123 184.749516     2.2857     90.939    11.6159    317.546    11.7850 -9.990e-29
     89.181     3.9117 183.669867     2.2967 1.0000e-12     0.2421    94.1281 9.8901e-02 5.3560e+02  0.0554688     3.9122 184.779843     2.2857     90.939    11.6164    317.629    11.7860 -9.990e-29
     89.182     3.9116 183.657925     2.2967 1.0000e-12     0.2421    94.1281 9.5238e-02 5.3560e+02  0.0554688     3.9121 184.719187     2.2845     90.940    11.6170    317.609    11.7790 -9.990e-29
     89.183     3.9116 183.657927     2.2967 1.0000e-12     0.2432    94.1020 9.5238e-02 5.3560e+02  0.0558845     3.9122 184.719189     2.2857     90.941    11.6176    317.609    11.7866 -9.990e-29
     89.183     3.9117 183.693747     2.2955 1.0000e-12     0.2421    94.1281 9.5238e-02 5.3560e+02  0.0554688     3.9122 184.658532     2.2857     90.941    11.6103    317.670    11.7864 -9.990e-29
     89.184     3.9117 183.610164     2.2955 1.0000e-12     0.2421    94.1281 9.8901e-02 5.3560e+02  0.0558845     3.9122 184.719188     2.2857     90.942    11.6109    317.526    11.7861 -9.990e-29
     89.185     3.9114 183.693749     2.2955 1.0000e-12     0.2421    94.1281 1.0256e-01 5.3560e+02  0.0554688     3.9123 184.749516     2.2845     90.943    11.6127    317.674    11.7793 -9.990e-29
     89.184     3.9117 183.634045     2.2967 1.0000e-12     0.2432    94.1020 1.0256e-01 5.3560e+02  0.0554688     3.9117 184.840498     2.2845     90.942    11.6210    317.567    11.7806 -9.990e-29
     89.185     3.9121 183.610162     2.2967 1.0000e-12     0.2421    94.1281 9.8901e-02 5.3560e+02  0.0554688     3.9120 184.810169     2.2857     90.943    11.6202    317.521    11.7896 -9.990e-29
     89.187     3.9116 183.586283     2.2955 1.0000e-12     0.2421    94.1281 1.0256e-01 5.3560e+02  0.0554688     3.9120 184.840499     2.2857     90.945    11.6106    317.486    11.7881 -9.990e-29
     89.189     3.9117 183.622104     2.2955 1.0000e-12     0.2421    94.1281 1.1355e-01 5.3560e+02  0.0554688     3.9122 184.719188     2.2845     90.947    11.6099    317.546    11.7799 -9.990e-29
     89.191     3.9116 183.657926     2.2955 1.0000e-12     0.2432    94.1020 1.0989e-01 5.3560e+02  0.0554688     3.9121 184.719188     2.2845     90.949    11.6104    317.609    11.7798 -9.990e-29
     89.192     3.9117 183.598223     2.2955 1.0000e-12     0.2354    94.2850 1.0623e-01 5.3560e+02  0.0554688     3.9122 184.840498     2.2845     90.951    11.6108    317.505    11.7797 -9.990e-29
     89.193     3.9116 183.622104     2.2955 1.0000e-12     0.2321    94.3634 1.0256e-01 5.3560e+02  0.0554688     3.9122 184.810171     2.2845     90.952    11.6112    317.548    11.7809 -9.990e-29
     89.193     3.9117 183.657926     2.2967 1.0000e-12     0.2321    94.3634 1.0256e-01 5.3560e+02  0.0554688     3.9120 184.628206     2.2857     90.952    11.6194    317.608    11.7888 -9.990e-29
     89.195     3.9117 183.622104     2.2967 1.0000e-12     0.2321    94.3634 1.0256e-01 5.3560e+02  0.0550530     3.9124 184.779843     2.2845     90.954    11.6199    317.546    11.7793 -9.990e-29
     89.196     3.9117 183.610164     2.2967 1.0000e-12     0.2321    94.3634 1.0256e-01 5.3560e+02  0.0554688     3.9120 184.779843     2.2857     90.955    11.6203    317.526    11.7873 -9.990e-29
     89.197     3.9114 183.645986     2.2967 1.0000e-12     0.2332    94.3372 9.8901e-02 5.3560e+02  0.0558845     3.9123 184.840498     2.2857     90.956    11.6208    317.591    11.7857 -9.990e-29
     89.198     3.9116 183.669867     2.2967 1.0000e-12     0.2321    94.3634 9.5238e-02 5.3560e+02  0.0558845     3.9123 184.810170     2.2857     90.957    11.6212    317.630    11.7856 -9.990e-29
     89.198     3.9115 183.645987     2.2967 1.0000e-12     0.2332    94.3372 1.0256e-01 5.3560e+02  0.0558845     3.9123 184.719189     2.2857     90.957    11.6217    317.590    11.7867 -9.990e-29
     89.197     3.9114 183.598222     2.2967 1.0000e-12     0.2321    94.3634 1.0256e-01 5.3560e+02  0.0558845     3.9125 184.810169     2.2857     90.956    11.6221    317.508    11.7878 -9.990e-29
     89.198     3.9114 183.598223     2.2967 1.0000e-12     0.2321    94.3634 1.0256e-01 5.3560e+02  0.0558845     3.9119 184.779843     2.2857     90.957    11.6225    317.508    11.7878 -9.990e-29
     89.199     3.9114 183.622106     2.2967 1.0000e-12     0.2332    94.3372 1.0256e-01 5.3560e+02  0.0558845     3.9122 184.840499     2.2845     90.958    11.6230    317.550    11.7783 -9.990e-29
     89.199     3.9114 183.705688     2.2967 1.0000e-12     0.2321    94.3634 1.0256e-01 5.3560e+02  0.0554688     3.9123 184.779842     2.2857     90.958    11.6234    317.694    11.7848 -9.990e-29
     89.200     3.9112 183.634046     2.2967 1.0000e-12     0.2321    94.3634 1.0623e-01 5.3560e+02  0.0550530     3.9120 184.779844     2.2845     90.959    11.6227    317.573    11.7768 -9.990e-29
     89.201     3.9116 183.634045     2.2967 1.0000e-12     0.2321    94.3634 1.1355e-01 5.3560e+02  0.0550530     3.9122 184.901154     2.2857     90.960    11.6230    317.568    11.7846 -9.990e-29
     89.200     3.9117 183.681807     2.2967 1.0000e-12     0.2321    94.3634 1.0989e-01 5.3560e+02  0.0554688     3.9119 184.779843     2.2857     90.959    11.6233    317.650    11.7860 -9.990e-29
     89.200     3.9115 183.669867     2.2967 1.0000e-12     0.2321    94.3634 1.0623e-01 5.3560e+02  0.0558845     3.9120 184.749516     2.2845     90.959    11.6237    317.631    11.7780 -9.990e-29
     89.200     3.9116 183.645987     2.2967 1.0000e-12     0.2321    94.3634 1.0256e-01 5.3560e+02  0.0554688     3.9123 184.688862     2.2845     90.959    11.6241    317.589    11.7791 -9.990e-29
     89.198     3.9114 183.681806     2.2967 1.0000e-12     0.2321    94.3634 1.0256e-01 5.3560e+02  0.0550530     3.9122 184.779842     2.2845     90.957    11.6233    317.653    11.7791 -9.990e-29
     89.198     3.9114 183.634045     2.2979 1.0000e-12     0.2321    94.3634 1.0256e-01 5.3560e+02  0.0554688     3.9120 184.810171     2.2857     90.957    11.6303    317.570    11.7884 -9.990e-29
     89.200     3.9114 183.634045     2.2967 1.0000e-12     0.2321    94.3634 9.8901e-02 5.3560e+02  0.0554688     3.9122 184.810171     2.2857     90.959    11.6216    317.570    11.7870 -9.990e-29
     89.201     3.9116 183.705689     2.2967 1.0000e-12     0.2321    94.3634 9.8901e-02 5.3560e+02  0.0554688     3.9126 184.719188     2.2857     90.960    11.6229    317.692    11.7855 -9.990e-29
     89.203     3.9116 183.634046     2.2955 1.0000e-12     0.2332    94.3372 9.5238e-02 5.3560e+02  0.0554688     3.9122 184.840499     2.2845     90.962    11.6164    317.568    11.7777 -9.990e-29
     89.202     3.9114 183.681808     2.2967 1.0000e-12     0.2321    94.3634 9.8901e-02 5.3560e+02  0.0554688     3.9122 184.810171     2.2845     90.961    11.6233    317.653    11.7777 -9.990e-29
     89.199     3.9112 183.634044     2.2967 1.0000e-12     0.2332    94.3372 9.8901e-02 5.3560e+02  0.0558845     3.9125 184.749515     2.2845     90.958    11.6222    317.573    11.7764 -9.990e-29
     89.198     3.9113 183.681808     2.2967 1.0000e-12     0.2321    94.3634 9.8901e-02 5.3560e+02  0.0554688     3.9120 184.779843     2.2857     90.957    11.6211    317.654    11.7833 -9.990e-29
     89.198     3.9112 183.657927     2.2967 1.0000e-12     0.2321    94.3634 9.8901e-02 5.3560e+02  0.0554688     3.9120 184.749517     2.2857     90.957    11.6199    317.614    11.7821 -9.990e-29
     89.196     3.9112 183.681807     2.2967 1.0000e-12     0.2321    94.3634 9.5238e-02 5.3560e+02  0.0554688     3.9123 184.749515     2.2845     90.955    11.6187    317.655    11.7728 -9.990e-29
     89.196     3.9114 183.634045     2.2967 1.0000e-12     0.2321    94.3634 9.5238e-02 5.3560e+02  0.0554688     3.9119 184.749516     2.2845     90.955    11.6185    317.570    11.7730 -9.990e-29
     89.196     3.9111 183.634046     2.2967 1.0000e-12     0.2321    94.3634 9.5238e-02 5.3560e+02  0.0558845     3.9120 184.688862     2.2857     90.955    11.6185    317.574    11.7798 -9.990e-29
     89.196     3.9112 183.610163     2.2967 1.0000e-12     0.2332    94.3372 9.1575e-02 5.3560e+02  0.0554688     3.9117 184.779843     2.2845     90.955    11.6184    317.531    11.7733 -9.990e-29
     89.195     3.9111 183.681809     2.2967 1.0000e-12     0.2321    94.3634 9.1575e-02 5.3560e+02  0.0554688     3.9120 184.810172     2.2857     90.954    11.6172    317.656    11.7814 -9.990e-29
     89.194     3.9114 183.657926     2.2967 1.0000e-12     0.2332    94.3372 9.5238e-02 5.3560e+02  0.0554688     3.9120 184.628206     2.2857     90.953    11.6170    317.612    11.7816 -9.990e-29
     89.191     3.9113 183.657927     2.2967 1.0000e-12     0.2321    94.3634 9.5238e-02 5.3560e+02  0.0554688     3.9117 184.688861     2.2857     90.949    11.6170    317.613    11.7820 -9.990e-29
     89.189     3.9109 183.645985     2.2967 1.0000e-12     0.2332    94.3372 9.5238e-02 5.3560e+02  0.0554688     3.9115 184.688860     2.2845     90.947    11.6171    317.597    11.7744 -9.990e-29
     89.188     3.9109 183.610165     2.2967 1.0000e-12     0.2332    94.3372 9.1575e-02 5.3560e+02  0.0554688     3.9117 184.779844     2.2845     90.946    11.6171    317.535    11.7747 -9.990e-29
     89.187     3.9111 183.562401     2.2967 1.0000e-12     0.2321    94.3634 9.5238e-02 5.3560e+02  0.0554688     3.9117 184.810170     2.2845     90.945    11.6169    317.450    11.7750 -9.990e-29
     89.186     3.9114 183.586283     2.2967 1.0000e-12     0.2332    94.3372 9.5238e-02 5.3560e+02  0.0558845     3.9122 184.749516     2.2845     90.944    11.6157    317.488    11.7765 -9.990e-29
     89.185     3.9112 183.645987     2.2967 1.0000e-12     0.2332    94.3372 9.8901e-02 5.3560e+02  0.0558845     3.9117 184.749517     2.2845     90.943    11.6157    317.593    11.7757 -9.990e-29
     89.183     3.9111 183.669866     2.2967 1.0000e-12     0.2332    94.3372 9.5238e-02 5.3560e+02  0.0558845     3.9120 184.779842     2.2857     90.941    11.6157    317.636    11.7853 -9.990e-29
     89.181     3.9111 183.645986     2.2967 1.0000e-12     0.2332    94.3372 9.5238e-02 5.3560e+02  0.0554688     3.9115 184.810171     2.2857     90.939    11.6157    317.594    11.7858 -9.990e-29
     89.178     3.9110 183.610164     2.2967 1.0000e-12     0.2332    94.3372 9.5238e-02 5.3560e+02  0.0554688     3.9119 184.719188     2.2857     90.936    11.6158    317.533    11.7848 -9.990e-29
     89.176     3.9111 183.586282     2.2967 1.0000e-12     0.2321    94.3634 9.5238e-02 5.3560e+02  0.0554688     3.9120 184.719187     2.2845     90.934    11.6146    317.491    11.7771 -9.990e-29
     89.175     3.9111 183.586283     2.2967 1.0000e-12     0.2332    94.3372 9.5238e-02 5.3560e+02  0.0554688     3.9122 184.749516     2.2857     90.933    11.6135    317.491    11.7854 -9.990e-29
     89.173     3.9109 183.645986     2.2967 1.0000e-12     0.2321    94.3634 9.5238e-02 5.3560e+02  0.0554688     3.9117 184.688861     2.2845     90.931    11.6137    317.597    11.7792 -9.990e-29
     89.171     3.9107 183.669866     2.2979 1.0000e-12     0.2321    94.3634 9.5238e-02 5.3560e+02  0.0554688     3.9117 184.688860     2.2845     90.929    11.6207    317.640    11.7795 -9.990e-29
     89.169     3.9111 183.693749     2.2979 1.0000e-12     0.2321    94.3634 9.5238e-02 5.3560e+02  0.0554688     3.9121 184.779843     2.2845     90.927    11.6208    317.677    11.7797 -9.990e-29
     89.166     3.9112 183.634045     2.2967 1.0000e-12     0.2321    94.3634 9.5238e-02 5.3560e+02  0.0558845     3.9122 184.719188     2.2845     90.924    11.6119    317.573    11.7801 -9.990e-29
     89.163     3.9111 183.645985     2.2967 1.0000e-12     0.2321    94.3634 9.5238e-02 5.3560e+02  0.0563003     3.9115 184.719187     2.2845     90.921    11.6122    317.594    11.7806 -9.990e-29
     89.160     3.9109 183.645985     2.2967 1.0000e-12     0.2321    94.3634 9.1575e-02 5.3560e+02  0.0554688     3.9122 184.749515     2.2845     90.918    11.6124    317.597    11.7794 -9.990e-29
     89.158     3.9111 183.610164     2.2967 1.0000e-12     0.2321    94.3634 9.1575e-02 5.3560e+02  0.0550530     3.9115 184.749516     2.2845     90.916    11.6125    317.532    11.7799 -9.990e-29
     89.156     3.9111 183.634044     2.2967 1.0000e-12     0.2321    94.3634 9.1575e-02 5.3560e+02  0.0554688     3.9119 184.749515     2.2845     90.914    11.6116    317.574    11.7814 -9.990e-29
