data/05_metadata_exports/SeabirdData/202310_SeabirdData/88617_STN58.cnv
* Sea-Bird SBE 9 Data File:
* FileName = C:\Users\rosette\Rosette Data\2023\Ontario lower food web csmi\STN58.hex
* Software Version Seasave V 7.26.6.26
* Temperature SN = 5270
* Conductivity SN = 1168
* Number of Bytes Per Scan = 40
* Number of Voltage Words = 5
* Number of Scans Averaged by the Deck Unit = 1
* NMEA Latitude = 43 19.73 N
* NMEA Longitude = 077 26.22 W
* NMEA UTC (Time) = Sep 24 2023  15:05:32
* NMEA baud rate = 4800
** Ship: Lake Guardian
** Cruise: Ontario LFW
** Station:  STN58
# nquan = 18                                
# nvalues = 19817                       
# units = specified
# name 0 = prDM: Pressure, Digiquartz [db]
# name 1 = t090C: Temperature [ITS-90, deg C]
# name 2 = c0uS/cm: Conductivity [uS/cm]
# name 3 = sbeox0V: Oxygen raw, SBE 43 [V]
# name 4 = par: PAR/Irradiance, Biospherical/Licor
# name 5 = bat: Beam Attenuation, Chelsea/Seatech [1/m]
# name 6 = xmiss: Beam Transmission, Chelsea/Seatech [%]
# name 7 = flSP: Fluorescence, Seapoint
# name 8 = spar: SPAR, Biospherical/Licor
# name 9 = upoly0: Upoly 0, Suna Nitrate
# name 10 = t190C: Temperature, 2 [ITS-90, deg C]
# name 11 = c1uS/cm: Conductivity, 2 [uS/cm]
# name 12 = sbeox1V: Oxygen raw, SBE 43, 2 [V]
# name 13 = depFM: Depth [fresh water, m], lat = 43.3288
# name 14 = sbeox0Mg/L: Oxygen, SBE 43 [mg/l], WS = 2
# name 15 = specc: Specific Conductance [uS/cm]
# name 16 = sbeox1Mg/L: Oxygen, SBE 43, 2 [mg/l], WS = 2
# name 17 = flag: flag
# span 0 =     -0.096,     90.726       
# span 1 =   -25.8286,    19.6247       
# span 2 =  11.402098, 585.701447       
# span 3 =     1.9243,     2.5568       
# span 4 = 1.0000e-12, 8.2989e+02       
# span 5 =     0.2232,     2.0667       
# span 6 =    59.6502,    94.5725       
# span 7 = 8.7912e-02, 2.4615e+00       
# span 8 = 4.6274e+02, 5.7104e+02       
# span 9 =  0.0413330,  0.0629524       
# span 10 =     3.9098,    19.6228      
# span 11 =   4.368925, 270.823345      
# span 12 =     2.0842,     2.8205      
# span 13 =     -0.098,     92.515      
# span 14 =  -192.0198,    14.0690      
# span 15 =  -2430.405,   1330.005      
# span 16 =     7.0386,    12.2431      
# span 17 = 0.0000e+00, 0.0000e+00      
# interval = seconds: 0.0416667
# start_time = Sep 24 2023 15:05:32 [NMEA time, header]
# bad_flag = -9.990e-29
*END*
[from data line 2252]
      2.858    19.6009 268.282496     2.0842 2.1216e+02     0.7469    82.9666 1.0916e+00 4.7652e+02  0.0417488    19.5969 269.331483     2.2186      2.914     6.8336    300.727     7.7609 -9.990e-29
      2.854    19.6013 268.258383     2.0830 2.1216e+02     0.7482    82.9404 1.0476e+00 4.7652e+02  0.0417488    19.5974 269.331483     2.2186      2.910     6.8283    300.698     7.7571 -9.990e-29
      2.850    19.6013 268.258384     2.0830 2.1216e+02     0.7469    82.9666 9.9634e-01 4.7652e+02  0.0417488    19.5975 269.331485     2.2198      2.906     6.8284    300.698     7.7587 -9.990e-29
      2.845    19.6015 268.270439     2.0806 2.1097e+02     0.7444    83.0189 9.5971e-01 4.7652e+02  0.0417488    19.5980 269.331483     2.2198      2.901     6.8176    300.710     7.7555 -9.990e-29
      2.839    19.6017 268.294552     2.0806 2.0979e+02     0.7432    83.0450 9.3773e-01 4.7652e+02  0.0417488    19.5983 269.270592     2.2198      2.895     6.8174    300.735     7.7519 -9.990e-29
      2.833    19.6019 268.270439     2.0806 2.0979e+02     0.7432    83.0450 9.3407e-01 4.7652e+02  0.0417488    19.5985 269.179257     2.2210      2.889     6.8177    300.707     7.7539 -9.990e-29
      2.828    19.6020 268.294551     2.0794 2.0803e+02     0.7432    83.0450 9.4139e-01 4.7652e+02  0.0417488    19.5990 269.301036     2.2210      2.884     6.8125    300.733     7.7505 -9.990e-29
      2.823    19.6019 268.270439     2.0781 2.0686e+02     0.7432    83.0450 9.6703e-01 4.7652e+02  0.0417488    19.5990 269.331482     2.2210      2.879     6.8069    300.707     7.7478 -9.990e-29
      2.818    19.6019 268.318663     2.0781 2.0628e+02     0.7432    83.0450 1.0586e+00 4.7652e+02  0.0417488    19.5992 269.270590     2.2210      2.874     6.8068    300.761     7.7453 -9.990e-29
      2.814    19.6017 268.258382     2.0769 2.0512e+02     0.7432    83.0450 1.1612e+00 4.7652e+02  0.0417488    19.5994 269.301036     2.2210      2.869     6.8019    300.695     7.7429 -9.990e-29
      2.810    19.6019 268.234269     2.0769 2.0340e+02     0.7432    83.0450 1.1722e+00 4.7652e+02  0.0417488    19.5997 269.422817     2.2210      2.865     6.8023    300.667     7.7403 -9.990e-29
      2.804    19.6024 268.282493     2.0757 2.0283e+02     0.7432    83.0450 1.1429e+00 4.7652e+02  0.0417488    19.5999 269.422815     2.2210      2.859     6.7971    300.717     7.7375 -9.990e-29
      2.799    19.6024 268.330720     2.0757 2.0283e+02     0.7432    83.0450 1.0989e+00 4.7652e+02  0.0417488    19.6006 269.301034     2.2210      2.854     6.7974    300.771     7.7348 -9.990e-29
      2.795    19.6025 268.354833     2.0745 2.0169e+02     0.7432    83.0450 1.0842e+00 4.7652e+02  0.0413330    19.6001 269.392370     2.2210      2.850     6.7920    300.798     7.7326 -9.990e-29
      2.791    19.6024 268.294551     2.0745 2.0112e+02     0.7432    83.0450 1.0659e+00 4.7652e+02  0.0413330    19.6004 269.361926     2.2234      2.846     6.7918    300.731     7.7409 -9.990e-29
      2.785    19.6017 268.342777     2.0733 2.0112e+02     0.7432    83.0450 1.0330e+00 4.7652e+02  0.0413330    19.6008 269.392370     2.2222      2.840     6.7867    300.790     7.7332 -9.990e-29
      2.779    19.6015 268.342776     2.0733 1.9999e+02     0.7432    83.0450 1.0256e+00 4.7652e+02  0.0417488    19.6004 269.453258     2.2222      2.834     6.7871    300.791     7.7305 -9.990e-29
      2.774    19.6017 268.354833     2.0708 1.9943e+02     0.7432    83.0450 1.0952e+00 4.7652e+02  0.0417488    19.6004 269.483705     2.2234      2.829     6.7764    300.803     7.7331 -9.990e-29
      2.769    19.6013 268.366890     2.0708 1.9999e+02     0.7432    83.0450 1.1355e+00 4.7652e+02  0.0417488    19.6006 269.483705     2.2234      2.824     6.7766    300.819     7.7305 -9.990e-29
      2.764    19.6010 268.391003     2.0708 2.0056e+02     0.7432    83.0450 1.0916e+00 4.7652e+02  0.0417488    19.6004 269.422813     2.2234      2.818     6.7765    300.848     7.7279 -9.990e-29
      2.760    19.6013 268.366890     2.0696 2.0056e+02     0.7432    83.0450 1.0330e+00 4.7652e+02  0.0417488    19.6009 269.514150     2.2234      2.814     6.7707    300.819     7.7255 -9.990e-29
      2.755    19.6013 268.403060     2.0684 2.0056e+02     0.7432    83.0450 9.9634e-01 4.7652e+02  0.0413330    19.6009 269.575041     2.2222      2.809     6.7655    300.860     7.7173 -9.990e-29
      2.748    19.6012 268.427173     2.0684 2.0226e+02     0.7419    83.0711 9.9634e-01 4.7652e+02  0.0417488    19.6006 269.514149     2.2234      2.802     6.7657    300.887     7.7204 -9.990e-29
      2.742    19.6012 268.499514     2.0672 2.0340e+02     0.7406    83.0973 1.0366e+00 4.7652e+02  0.0413330    19.6006 269.514149     2.2234      2.796     6.7606    300.969     7.7176 -9.990e-29
      2.737    19.6012 268.451286     2.0672 2.0340e+02     0.7394    83.1234 1.0733e+00 4.7652e+02  0.0417488    19.6009 269.483703     2.2234      2.791     6.7609    300.915     7.7147 -9.990e-29
      2.732    19.6008 268.475400     2.0659 2.0628e+02     0.7394    83.1234 1.0549e+00 4.7652e+02  0.0413330    19.6011 269.575039     2.2234      2.786     6.7552    300.944     7.7118 -9.990e-29
      2.727    19.6010 268.463343     2.0647 2.0803e+02     0.7381    83.1496 1.0330e+00 4.7652e+02  0.0413330    19.6015 269.605484     2.2234      2.781     6.7496    300.929     7.7089 -9.990e-29
      2.723    19.6008 268.463343     2.0647 2.0803e+02     0.7394    83.1234 1.0513e+00 4.7652e+02  0.0413330    19.6013 269.635930     2.2247      2.777     6.7498    300.931     7.7120 -9.990e-29
      2.717    19.6006 268.463343     2.0635 2.1157e+02     0.7381    83.1496 1.1172e+00 4.7652e+02  0.0417488    19.6013 269.605485     2.2234      2.771     6.7444    300.932     7.7031 -9.990e-29
      2.711    19.6008 268.475400     2.0635 2.1396e+02     0.7381    83.1496 1.1465e+00 4.7652e+02  0.0413330    19.6017 269.544593     2.2234      2.764     6.7443    300.944     7.6999 -9.990e-29
      2.705    19.6006 268.487455     2.0623 2.1396e+02     0.7381    83.1496 1.1905e+00 4.7652e+02  0.0417488    19.6015 269.635928     2.2234      2.758     6.7390    300.959     7.6970 -9.990e-29
      2.699    19.6005 268.487457     2.0611 2.1699e+02     0.7381    83.1496 1.3004e+00 4.7652e+02  0.0417488    19.6015 269.514149     2.2247      2.752     6.7338    300.960     7.7000 -9.990e-29
      2.693    19.6008 268.511569     2.0598 2.2069e+02     0.7394    83.1234 1.3114e+00 4.7652e+02  0.0413330    19.6015 269.483701     2.2247      2.746     6.7278    300.985     7.6968 -9.990e-29
      2.688    19.6012 268.535682     2.0598 2.2131e+02     0.7394    83.1234 1.2198e+00 4.7652e+02  0.0413330    19.6015 269.514147     2.2247      2.741     6.7280    301.009     7.6937 -9.990e-29
      2.682    19.6013 268.523627     2.0586 2.2318e+02     0.7394    83.1234 1.1136e+00 4.7652e+02  0.0413330    19.6017 269.544593     2.2234      2.735     6.7225    300.995     7.6849 -9.990e-29
      2.676    19.6013 268.451284     2.0586 2.2571e+02     0.7381    83.1496 1.0366e+00 4.7652e+02  0.0417488    19.6017 269.483701     2.2234      2.729     6.7225    300.914     7.6821 -9.990e-29
      2.669    19.6013 268.451284     2.0574 2.2634e+02     0.7381    83.1496 1.0037e+00 4.7652e+02  0.0417488    19.6016 269.483701     2.2234      2.722     6.7173    300.914     7.6794 -9.990e-29
      2.663    19.6009 268.463341     2.0562 2.2698e+02     0.7381    83.1496 1.0256e+00 4.7652e+02  0.0413330    19.6020 269.514146     2.2234      2.716     6.7122    300.930     7.6763 -9.990e-29
      2.656    19.6006 268.475398     2.0549 2.2955e+02     0.7381    83.1496 1.0293e+00 4.7652e+02  0.0413330    19.6020 269.544591     2.2222      2.708     6.7064    300.946     7.6680 -9.990e-29
      2.651    19.6008 268.439226     2.0549 2.3020e+02     0.7394    83.1234 1.0183e+00 4.7652e+02  0.0413330    19.6022 269.514143     2.2234      2.703     6.7063    300.904     7.6715 -9.990e-29
      2.648    19.6004 268.427172     2.0537 2.3020e+02     0.7381    83.1496 1.0220e+00 4.7652e+02  0.0413330    19.6024 269.514146     2.2222      2.700     6.7011    300.893     7.6640 -9.990e-29
      2.645    19.6001 268.451285     2.0537 2.3085e+02     0.7394    83.1234 1.0293e+00 4.7652e+02  0.0413330    19.6022 269.605482     2.2210      2.697     6.7013    300.922     7.6566 -9.990e-29
      2.641    19.5999 268.463342     2.0525 2.3085e+02     0.7394    83.1234 1.0293e+00 4.7652e+02  0.0413330    19.6022 269.544591     2.2210      2.693     6.6958    300.937     7.6552 -9.990e-29
      2.635    19.5999 268.463341     2.0513 2.3085e+02     0.7419    83.0711 1.0147e+00 4.7652e+02  0.0413330    19.6025 269.514144     2.2210      2.687     6.6908    300.937     7.6540 -9.990e-29
      2.631    19.6005 268.427170     2.0501 2.3020e+02     0.7457    82.9927 1.0110e+00 4.7652e+02  0.0417488    19.6023 269.514144     2.2210      2.683     6.6858    300.892     7.6530 -9.990e-29
      2.626    19.6009 268.451285     2.0501 2.3020e+02     0.7444    83.0189 1.0256e+00 4.7652e+02  0.0413330    19.6027 269.544591     2.2198      2.678     6.6858    300.917     7.6467 -9.990e-29
      2.621    19.6013 268.475396     2.0501 2.2955e+02     0.7444    83.0189 1.0293e+00 4.7652e+02  0.0413330    19.6024 269.483699     2.2198      2.673     6.6859    300.941     7.6461 -9.990e-29
      2.617    19.6020 268.487451     2.0501 2.2634e+02     0.7444    83.0189 1.0256e+00 4.7652e+02  0.0417488    19.6023 269.575034     2.2186      2.669     6.6860    300.950     7.6406 -9.990e-29
      2.614    19.6022 268.439226     2.0488 2.2444e+02     0.7444    83.0189 1.0256e+00 4.7652e+02  0.0434118    19.6025 269.544590     2.2173      2.666     6.6806    300.894     7.6352 -9.990e-29
      2.613    19.6025 268.511566     2.0476 2.2444e+02     0.7444    83.0189 1.0220e+00 4.7652e+02  0.0434118    19.6022 269.483699     2.2173      2.665     6.6760    300.973     7.6354 -9.990e-29
      2.611    19.6027 268.451282     2.0464 2.2131e+02     0.7444    83.0189 1.0110e+00 4.7652e+02  0.0434118    19.6022 269.575035     2.2173      2.662     6.6714    300.904     7.6362 -9.990e-29
      2.610    19.6034 268.463338     2.0464 2.1883e+02     0.7444    83.0189 9.9634e-01 4.7652e+02  0.0438276    19.6022 269.544590     2.2161      2.661     6.6722    300.913     7.6317 -9.990e-29
      2.608    19.6036 268.511565     2.0464 2.1822e+02     0.7444    83.0189 9.7802e-01 4.7652e+02  0.0434118    19.6022 269.544590     2.2149      2.659     6.6734    300.966     7.6283 -9.990e-29
      2.606    19.6039 268.523621     2.0452 2.1578e+02     0.7444    83.0189 9.7436e-01 4.7652e+02  0.0434118    19.6020 269.544590     2.2149      2.657     6.6690    300.977     7.6303 -9.990e-29
      2.604    19.6043 268.523620     2.0440 2.1276e+02     0.7444    83.0189 9.7070e-01 4.7652e+02  0.0434118    19.6022 269.575034     2.2137      2.655     6.6654    300.975     7.6270 -9.990e-29
      2.604    19.6050 268.487450     2.0440 2.1216e+02     0.7457    82.9927 9.8901e-01 4.7652e+02  0.0434118    19.6023 269.514144     2.2137      2.655     6.6671    300.929     7.6293 -9.990e-29
      2.605    19.6050 268.511563     2.0427 2.1038e+02     0.7444    83.0189 1.0293e+00 4.7652e+02  0.0434118    19.6020 269.575034     2.2125      2.656     6.6631    300.956     7.6272 -9.990e-29
      2.607    19.6053 268.559791     2.0427 2.0744e+02     0.7444    83.0189 1.0440e+00 4.7652e+02  0.0434118    19.6025 269.544590     2.2125      2.658     6.6647    301.008     7.6300 -9.990e-29
      2.609    19.6052 268.547734     2.0415 2.0686e+02     0.7444    83.0189 1.0696e+00 4.7652e+02  0.0434118    19.6029 269.514144     2.2125      2.660     6.6615    300.996     7.6334 -9.990e-29
      2.612    19.6052 268.632133     2.0403 2.0570e+02     0.7444    83.0189 1.0659e+00 4.7652e+02  0.0434118    19.6022 269.696817     2.2125      2.663     6.6583    301.090     7.6366 -9.990e-29
      2.614    19.6046 268.595962     2.0403 2.0226e+02     0.7444    83.0189 1.0293e+00 4.7652e+02  0.0434118    19.6029 269.666371     2.2125      2.666     6.6611    301.054     7.6397 -9.990e-29
      2.616    19.6045 268.583905     2.0391 2.0169e+02     0.7444    83.0189 1.0110e+00 4.7652e+02  0.0434118    19.6025 269.666372     2.2112      2.668     6.6586    301.041     7.6372 -9.990e-29
      2.619    19.6043 268.547735     2.0379 2.0169e+02     0.7444    83.0189 1.0037e+00 4.7652e+02  0.0434118    19.6025 269.605480     2.2112      2.671     6.6560    301.002     7.6410 -9.990e-29
      2.623    19.6041 268.620077     2.0366 2.0112e+02     0.7469    82.9666 9.8535e-01 4.7652e+02  0.0429961    19.6030 269.544589     2.2112      2.675     6.6532    301.084     7.6440 -9.990e-29
      2.627    19.6043 268.571849     2.0366 2.0112e+02     0.7469    82.9666 9.7436e-01 4.7652e+02  0.0425803    19.6034 269.605480     2.2112      2.679     6.6563    301.029     7.6479 -9.990e-29
      2.632    19.6039 268.583906     2.0354 2.0169e+02     0.7469    82.9666 1.0000e+00 4.7652e+02  0.0425803    19.6034 269.727262     2.2112      2.684     6.6545    301.045     7.6515 -9.990e-29
      2.637    19.6041 268.644192     2.0354 2.0628e+02     0.7469    82.9666 1.0256e+00 4.7652e+02  0.0425803    19.6029 269.696818     2.2112      2.689     6.6581    301.111     7.6543 -9.990e-29
      2.642    19.6038 268.595963     2.0354 2.0744e+02     0.7469    82.9666 1.0183e+00 4.7652e+02  0.0425803    19.6031 269.696817     2.2112      2.694     6.6616    301.059     7.6576 -9.990e-29
      2.648    19.6038 268.668305     2.0342 2.0803e+02     0.7482    82.9404 1.0183e+00 4.7652e+02  0.0425803    19.6031 269.757708     2.2112      2.700     6.6597    301.140     7.6609 -9.990e-29
      2.656    19.6039 268.608021     2.0330 2.1097e+02     0.7469    82.9666 1.0549e+00 4.7652e+02  0.0429961    19.6029 269.788155     2.2112      2.708     6.6579    301.072     7.6642 -9.990e-29
      2.663    19.6038 268.644194     2.0330 2.1276e+02     0.7469    82.9666 1.0952e+00 4.7652e+02  0.0425803    19.6031 269.788157     2.2125      2.716     6.6616    301.113     7.6730 -9.990e-29
      2.668    19.6039 268.656248     2.0317 2.1276e+02     0.7469    82.9666 1.1245e+00 4.7652e+02  0.0425803    19.6029 269.666371     2.2125      2.721     6.6601    301.126     7.6760 -9.990e-29
      2.674    19.6039 268.656250     2.0317 2.1578e+02     0.7469    82.9666 1.1209e+00 4.7652e+02  0.0425803    19.6029 269.666373     2.2137      2.727     6.6649    301.126     7.6844 -9.990e-29
      2.682    19.6036 268.620079     2.0317 2.1822e+02     0.7469    82.9666 1.1209e+00 4.7652e+02  0.0425803    19.6031 269.666373     2.2125      2.735     6.6695    301.088     7.6810 -9.990e-29
      2.688    19.6038 268.608023     2.0317 2.1822e+02     0.7469    82.9666 1.0842e+00 4.7652e+02  0.0425803    19.6020 269.666375     2.2137      2.741     6.6737    301.073     7.6891 -9.990e-29
      2.694    19.6036 268.704478     2.0317 2.2007e+02     0.7469    82.9666 1.0330e+00 4.7652e+02  0.0429961    19.5994 269.696821     2.2137      2.747     6.6777    301.182     7.6919 -9.990e-29
      2.701    19.6038 268.632135     2.0317 2.2193e+02     0.7469    82.9666 1.0330e+00 4.7652e+02  0.0429961    19.5947 269.788163     2.2149      2.754     6.6821    301.100     7.7004 -9.990e-29
      2.709    19.6038 268.608023     2.0305 2.2256e+02     0.7469    82.9666 1.0586e+00 4.7652e+02  0.0434118    19.5941 269.605491     2.2161      2.762     6.6813    301.073     7.7070 -9.990e-29
      2.717    19.6039 268.608023     2.0317 2.2381e+02     0.7469    82.9666 1.0586e+00 4.7652e+02  0.0434118    19.5941 269.635936     2.2161      2.771     6.6912    301.072     7.7084 -9.990e-29
