data/05_metadata_exports/SeabirdData/202310_SeabirdData/88617_STN58.cnv
* Sea-Bird SBE 9 Data File:
* FileName = C:\Users\rosette\Rosette Data\2023\Ontario lower food web csmi\STN58.hex
* Software Version Seasave V 7.26.6.26
* Temperature SN = 5270
* Conductivity SN = 1168
* Number of Bytes Per Scan = 40
* Number of Voltage Words = 5
* Number of Scans Averaged by the Deck Unit = 1
* NMEA Latitude = 43 19.73 N
* NMEA Longitude = 077 26.22 W
* NMEA UTC (Time) = Sep 24 2023  15:05:32
* NMEA baud rate = 4800
** Ship: Lake Guardian
** Cruise: Ontario LFW
** Station:  STN58
# nquan = 18                                
# nvalues = 19817                       
# units = specified
# name 0 = prDM: Pressure, Digiquartz [db]
# name 1 = t090C: Temperature [ITS-90, deg C]
# name 2 = c0uS/cm: Conductivity [uS/cm]
# name 3 = sbeox0V: Oxygen raw, SBE 43 [V]
# name 4 = par: PAR/Irradiance, Biospherical/Licor
# name 5 = bat: Beam Attenuation, Chelsea/Seatech [1/m]
# name 6 = xmiss: Beam Transmission, Chelsea/Seatech [%]
# name 7 = flSP: Fluorescence, Seapoint
# name 8 = spar: SPAR, Biospherical/Licor
# name 9 = upoly0: Upoly 0, Suna Nitrate
# name 10 = t190C: Temperature, 2 [ITS-90, deg C]
# name 11 = c1uS/cm: Conductivity, 2 [uS/cm]
# name 12 = sbeox1V: Oxygen raw, SBE 43, 2 [V]
# name 13 = depFM: Depth [fresh water, m], lat = 43.3288
# name 14 = sbeox0Mg/L: Oxygen, SBE 43 [mg/l], WS = 2
# name 15 = specc: Specific Conductance [uS/cm]
# name 16 = sbeox1Mg/L: Oxygen, SBE 43, 2 [mg/l], WS = 2
# name 17 = flag: flag
# span 0 =     -0.096,     90.726       
# span 1 =   -25.8286,    19.6247       
# span 2 =  11.402098, 585.701447       
# span 3 =     1.9243,     2.5568       
# span 4 = 1.0000e-12, 8.2989e+02       
# span 5 =     0.2232,     2.0667       
# span 6 =    59.6502,    94.5725       
# span 7 = 8.7912e-02, 2.4615e+00       
# span 8 = 4.6274e+02, 5.7104e+02       
# span 9 =  0.0413330,  0.0629524       
# span 10 =     3.9098,    19.6228      
# span 11 =   4.368925, 270.823345      
# span 12 =     2.0842,     2.8205      
# span 13 =     -0.098,     92.515      
# span 14 =  -192.0198,    14.0690      
# span 15 =  -2430.405,   1330.005      
# span 16 =     7.0386,    12.2431      
# span 17 = 0.0000e+00, 0.0000e+00      
# interval = seconds: 0.0416667
# start_time = Sep 24 2023 15:05:32 [NMEA time, header]
# bad_flag = -9.990e-29
*END*
[from data line 16644]
     39.590     4.4464 185.161375     2.3895 1.0907e-01     0.2946    92.8996 1.5018e-01 5.7104e+02  0.0558845     4.4316 186.113096     2.3785     40.371    11.9728    314.393    12.1484 0.0000e+00
     39.575     4.4444 185.173320     2.3895 1.0785e-01     0.2946    92.8996 1.3919e-01 5.7104e+02  0.0563003     4.4291 186.113099     2.3785     40.355    11.9731    314.434    12.1497 0.0000e+00
     39.559     4.4406 185.149435     2.3895 1.0725e-01     0.2946    92.8996 1.3187e-01 5.7104e+02  0.0558845     4.4312 186.234413     2.3785     40.339    11.9741    314.434    12.1494 0.0000e+00
     39.543     4.4373 185.089724     2.3895 1.0725e-01     0.2946    92.8996 1.3553e-01 5.7104e+02  0.0558845     4.4302 186.173755     2.3785     40.323    11.9748    314.368    12.1489 0.0000e+00
     39.528     4.4347 185.077783     2.3883 1.0604e-01     0.2935    92.9257 1.4286e-01 5.7104e+02  0.0558845     4.4275 186.234415     2.3785     40.307    11.9685    314.376    12.1502 0.0000e+00
     39.512     4.4325 185.101670     2.3895 1.0544e-01     0.2946    92.8996 1.4286e-01 5.7104e+02  0.0558845     4.4300 186.295073     2.3785     40.291    11.9774    314.440    12.1497 0.0000e+00
     39.497     4.4321 185.137496     2.3895 1.0485e-01     0.2946    92.8996 1.3919e-01 5.7104e+02  0.0563003     4.4294 186.295072     2.3785     40.276    11.9778    314.505    12.1503 0.0000e+00
     39.481     4.4327 185.113612     2.3895 1.0425e-01     0.2946    92.8996 1.3919e-01 5.7104e+02  0.0563003     4.4297 186.295073     2.3785     40.259    11.9768    314.458    12.1506 0.0000e+00
     39.464     4.4360 185.149437     2.3895 1.0366e-01     0.2946    92.8996 1.4286e-01 5.7104e+02  0.0563003     4.4364 186.295068     2.3773     40.242    11.9758    314.484    12.1396 0.0000e+00
     39.446     4.4405 185.209146     2.3895 1.0366e-01     0.2946    92.8996 1.4286e-01 5.7104e+02  0.0563003     4.4474 186.325390     2.3785     40.224    11.9733    314.537    12.1426 0.0000e+00
     39.429     4.4450 185.233029     2.3895 1.0544e-01     0.2935    92.9257 1.4286e-01 5.7104e+02  0.0558845     4.4555 186.295055     2.3785     40.206    11.9696    314.529    12.1376 0.0000e+00
     39.413     4.4477 185.209142     2.3895 1.0907e-01     0.2935    92.9257 1.4286e-01 5.7104e+02  0.0558845     4.4608 186.295052     2.3785     40.190    11.9676    314.460    12.1361 0.0000e+00
     39.396     4.4479 185.149429     2.3895 1.1029e-01     0.2946    92.8996 1.3919e-01 5.7104e+02  0.0558845     4.4633 186.355709     2.3785     40.173    11.9674    314.356    12.1355 0.0000e+00
     39.380     4.4462 185.137486     2.3895 1.0968e-01     0.2946    92.8996 1.4652e-01 5.7104e+02  0.0558845     4.4638 186.386038     2.3785     40.156    11.9679    314.354    12.1356 0.0000e+00
     39.363     4.4442 185.161373     2.3895 1.0907e-01     0.2935    92.9257 1.5385e-01 5.7104e+02  0.0558845     4.4640 186.386038     2.3785     40.139    11.9694    314.416    12.1358 0.0000e+00
     39.345     4.4468 185.185255     2.3895 1.0846e-01     0.2946    92.8996 1.5018e-01 5.7104e+02  0.0558845     4.4654 186.355706     2.3785     40.121    11.9682    314.429    12.1344 0.0000e+00
     39.327     4.4518 185.268852     2.3895 1.1029e-01     0.2935    92.9257 1.5018e-01 5.7104e+02  0.0558845     4.4666 186.295047     2.3785     40.102    11.9650    314.518    12.1342 0.0000e+00
     39.309     4.4557 185.304677     2.3895 1.1649e-01     0.2946    92.8996 1.5385e-01 5.7104e+02  0.0563003     4.4665 186.355705     2.3785     40.084    11.9622    314.537    12.1344 0.0000e+00
     39.291     4.4583 185.268847     2.3895 1.1903e-01     0.2957    92.8734 1.4652e-01 5.7104e+02  0.0563003     4.4655 186.386036     2.3785     40.066    11.9597    314.448    12.1350 0.0000e+00
     39.273     4.4614 185.328559     2.3907 1.1903e-01     0.2980    92.8211 1.4286e-01 5.7104e+02  0.0563003     4.4650 186.598343     2.3785     40.047    11.9658    314.516    12.1354 0.0000e+00
     39.254     4.4635 185.316615     2.3907 1.1461e-01     0.2980    92.8211 1.4652e-01 5.7104e+02  0.0563003     4.4636 186.446696     2.3785     40.028    11.9657    314.474    12.1349 0.0000e+00
     39.236     4.4647 185.364384     2.3907 1.1275e-01     0.2991    92.7950 1.4652e-01 5.7104e+02  0.0558845     4.4595 186.295049     2.3785     40.010    11.9648    314.542    12.1366 0.0000e+00
     39.218     4.4655 185.352442     2.3895 1.1275e-01     0.2991    92.7950 1.5018e-01 5.7104e+02  0.0554688     4.4553 186.355711     2.3785     39.991    11.9563    314.513    12.1358 0.0000e+00
     39.200     4.4665 185.316612     2.3895 1.1524e-01     0.2980    92.8211 1.5385e-01 5.7104e+02  0.0558845     4.4531 186.295052     2.3785     39.973    11.9564    314.442    12.1356 0.0000e+00
     39.183     4.4665 185.268840     2.3895 1.1649e-01     0.2980    92.8211 1.5385e-01 5.7104e+02  0.0558845     4.4519 186.386042     2.3785     39.956    11.9568    314.361    12.1349 0.0000e+00
     39.165     4.4663 185.328554     2.3895 1.1649e-01     0.2980    92.8211 1.5018e-01 5.7104e+02  0.0567161     4.4522 186.386041     2.3785     39.937    11.9573    314.464    12.1338 0.0000e+00
     39.146     4.4660 185.316612     2.3895 1.2094e-01     0.2991    92.7950 1.4286e-01 5.7104e+02  0.0567161     4.4495 186.234396     2.3785     39.918    11.9577    314.447    12.1337 0.0000e+00
     39.126     4.4661 185.268838     2.3907 1.2548e-01     0.2980    92.8211 1.4286e-01 5.7104e+02  0.0563003     4.4423 186.204069     2.3785     39.897    11.9656    314.365    12.1353 0.0000e+00
     39.107     4.4665 185.292725     2.3907 1.2614e-01     0.2980    92.8211 1.4286e-01 5.7104e+02  0.0558845     4.4356 186.143415     2.3785     39.878    11.9657    314.401    12.1367 0.0000e+00
     39.089     4.4663 185.221067     2.3907 1.2159e-01     0.2980    92.8211 1.4652e-01 5.7104e+02  0.0554688     4.4329 186.204074     2.3785     39.860    11.9649    314.282    12.1380 0.0000e+00
     39.072     4.4661 185.233010     2.3907 1.1649e-01     0.2980    92.8211 1.5018e-01 5.7104e+02  0.0558845     4.4398 186.325388     2.3785     39.842    11.9640    314.304    12.1347 0.0000e+00
     39.055     4.4653 185.280782     2.3895 1.1587e-01     0.2980    92.8211 1.4652e-01 5.7104e+02  0.0558845     4.4467 186.264725     2.3785     39.825    11.9556    314.394    12.1316 0.0000e+00
     39.036     4.4647 185.292725     2.3907 1.1839e-01     0.2980    92.8211 1.4286e-01 5.7104e+02  0.0558845     4.4452 186.204067     2.3785     39.806    11.9625    314.420    12.1314 0.0000e+00
     39.018     4.4636 185.340495     2.3895 1.2288e-01     0.2980    92.8211 1.3919e-01 5.7104e+02  0.0558845     4.4396 186.204068     2.3785     39.787    11.9543    314.513    12.1313 0.0000e+00
     39.001     4.4636 185.256897     2.3895 1.2353e-01     0.2991    92.7950 1.3553e-01 5.7104e+02  0.0558845     4.4361 186.325390     2.3773     39.770    11.9533    314.371    12.1240 0.0000e+00
     38.982     4.4626 185.292724     2.3895 1.2680e-01     0.2980    92.8211 1.3919e-01 5.7104e+02  0.0563003     4.4315 186.264732     2.3785     39.751    11.9527    314.443    12.1328 0.0000e+00
     38.964     4.4617 185.244953     2.3907 1.3415e-01     0.2980    92.8211 1.4286e-01 5.7104e+02  0.0558845     4.4340 186.325389     2.3785     39.732    11.9597    314.371    12.1313 0.0000e+00
     38.946     4.4602 185.328554     2.3907 1.3689e-01     0.2980    92.8211 1.4652e-01 5.7104e+02  0.0558845     4.4353 186.295059     2.3785     39.714    11.9592    314.529    12.1303 0.0000e+00
     38.928     4.4590 185.256897     2.3907 1.3620e-01     0.2980    92.8211 1.4286e-01 5.7104e+02  0.0558845     4.4380 186.204068     2.3785     39.696    11.9597    314.420    12.1289 0.0000e+00
     38.910     4.4583 185.233013     2.3907 1.3483e-01     0.2957    92.8734 1.4286e-01 5.7104e+02  0.0563003     4.4432 186.264725     2.3785     39.677    11.9600    314.387    12.1255 0.0000e+00
     38.892     4.4582 185.244955     2.3895 1.3415e-01     0.2946    92.8996 1.4286e-01 5.7104e+02  0.0563003     4.4425 186.295054     2.3785     39.659    11.9514    314.409    12.1242 0.0000e+00
     38.873     4.4580 185.233011     2.3895 1.3415e-01     0.2946    92.8996 1.3919e-01 5.7104e+02  0.0558845     4.4398 186.295054     2.3785     39.639    11.9504    314.390    12.1249 0.0000e+00
     38.855     4.4578 185.256896     2.3895 1.3280e-01     0.2957    92.8734 1.4286e-01 5.7104e+02  0.0563003     4.4361 186.234398     2.3785     39.621    11.9494    314.433    12.1260 0.0000e+00
     38.838     4.4592 185.256897     2.3895 1.3212e-01     0.2946    92.8996 1.4652e-01 5.7104e+02  0.0563003     4.4317 186.082755     2.3785     39.604    11.9478    314.418    12.1261 0.0000e+00
     38.818     4.4595 185.233010     2.3907 1.3212e-01     0.2946    92.8996 1.4652e-01 5.7104e+02  0.0558845     4.4304 186.113084     2.3773     39.583    11.9555    314.374    12.1175 0.0000e+00
     38.798     4.4595 185.268836     2.3895 1.3415e-01     0.2946    92.8996 1.4286e-01 5.7104e+02  0.0558845     4.4307 186.143411     2.3785     39.563    11.9479    314.435    12.1241 0.0000e+00
     38.781     4.4590 185.197181     2.3907 1.3552e-01     0.2946    92.8996 1.3919e-01 5.7104e+02  0.0558845     4.4313 186.234400     2.3773     39.546    11.9559    314.319    12.1162 0.0000e+00
     38.764     4.4582 185.197182     2.3907 1.3483e-01     0.2946    92.8996 1.3919e-01 5.7104e+02  0.0563003     4.4391 186.355713     2.3785     39.528    11.9552    314.328    12.1204 0.0000e+00
     38.747     4.4576 185.221067     2.3907 1.3826e-01     0.2946    92.8996 1.4286e-01 5.7104e+02  0.0563003     4.4409 186.204064     2.3785     39.511    11.9545    314.374    12.1189 0.0000e+00
     38.730     4.4571 185.268838     2.3907 1.4104e-01     0.2946    92.8996 1.4652e-01 5.7104e+02  0.0558845     4.4477 186.143401     2.3773     39.494    11.9538    314.461    12.1079 0.0000e+00
     38.714     4.4559 185.244953     2.3907 1.4104e-01     0.2957    92.8734 1.5751e-01 5.7104e+02  0.0558845     4.4550 186.325372     2.3773     39.477    11.9533    314.433    12.1060 0.0000e+00
     38.697     4.4557 185.233010     2.3907 1.4034e-01     0.2946    92.8996 1.6484e-01 5.7104e+02  0.0558845     4.4541 186.386032     2.3773     39.460    11.9524    314.415    12.1056 0.0000e+00
     38.679     4.4553 185.233010     2.3907 1.4034e-01     0.2957    92.8734 1.5751e-01 5.7104e+02  0.0563003     4.4517 186.264715     2.3773     39.442    11.9528    314.419    12.1059 0.0000e+00
     38.660     4.4554 185.233009     2.3907 1.4034e-01     0.2946    92.8996 1.4652e-01 5.7104e+02  0.0563003     4.4515 186.234385     2.3785     39.422    11.9519    314.418    12.1134 0.0000e+00
     38.642     4.4557 185.197180     2.3895 1.4104e-01     0.2935    92.9257 1.4286e-01 5.7104e+02  0.0563003     4.4524 186.234384     2.3773     39.404    11.9445    314.354    12.1049 0.0000e+00
     38.626     4.4564 185.233008     2.3895 1.4174e-01     0.2946    92.8996 1.3919e-01 5.7104e+02  0.0563003     4.4574 186.204051     2.3773     39.388    11.9446    314.408    12.1030 0.0000e+00
     38.610     4.4569 185.280780     2.3895 1.4174e-01     0.2946    92.8996 1.4286e-01 5.7104e+02  0.0558845     4.4629 186.264708     2.3773     39.371    11.9437    314.483    12.1010 0.0000e+00
     38.593     4.4574 185.209121     2.3895 1.4034e-01     0.2946    92.8996 1.4652e-01 5.7104e+02  0.0554688     4.4654 186.295034     2.3773     39.354    11.9440    314.356    12.1001 0.0000e+00
     38.575     4.4578 185.256892     2.3895 1.3757e-01     0.2946    92.8996 1.4286e-01 5.7104e+02  0.0554688     4.4569 186.355699     2.3773     39.336    11.9432    314.433    12.1031 0.0000e+00
     38.558     4.4578 185.256891     2.3895 1.3620e-01     0.2969    92.8473 1.4652e-01 5.7104e+02  0.0558845     4.4490 186.386031     2.3773     39.318    11.9425    314.433    12.1047 0.0000e+00
     38.543     4.4577 185.233006     2.3895 1.3826e-01     0.2969    92.8473 1.4652e-01 5.7104e+02  0.0558845     4.4423 186.234389     2.3773     39.303    11.9419    314.394    12.1072 0.0000e+00
     38.527     4.4578 185.268834     2.3895 1.4456e-01     0.2980    92.8211 1.4286e-01 5.7104e+02  0.0554688     4.4378 186.204062     2.3773     39.287    11.9423    314.453    12.1091 0.0000e+00
     38.511     4.4576 185.244948     2.3907 1.4669e-01     0.2969    92.8473 1.4652e-01 5.7104e+02  0.0558845     4.4364 186.264721     2.3773     39.270    11.9506    314.415    12.1100 0.0000e+00
     38.494     4.4578 185.233005     2.3907 1.4598e-01     0.2969    92.8473 1.5385e-01 5.7104e+02  0.0563003     4.4399 186.295048     2.3761     39.253    11.9511    314.393    12.1015 0.0000e+00
     38.478     4.4578 185.233005     2.3895 1.3965e-01     0.2980    92.8211 1.5751e-01 5.7104e+02  0.0567161     4.4415 186.295047     2.3761     39.237    11.9429    314.393    12.1016 0.0000e+00
     38.461     4.4574 185.244947     2.3895 1.3689e-01     0.2969    92.8473 1.5751e-01 5.7104e+02  0.0563003     4.4441 186.295045     2.3773     39.219    11.9426    314.417    12.1092 0.0000e+00
     38.445     4.4566 185.256890     2.3895 1.3757e-01     0.2969    92.8473 1.5751e-01 5.7104e+02  0.0558845     4.4441 186.204056     2.3773     39.203    11.9414    314.446    12.1101 0.0000e+00
     38.429     4.4560 185.233005     2.3895 1.4813e-01     0.2980    92.8211 1.5385e-01 5.7104e+02  0.0558845     4.4415 186.325376     2.3761     39.187    11.9412    314.412    12.1041 0.0000e+00
     38.414     4.4552 185.209119     2.3895 1.5394e-01     0.2969    92.8473 1.4652e-01 5.7104e+02  0.0558845     4.4469 186.264712     2.3761     39.171    11.9411    314.380    12.1033 0.0000e+00
     38.399     4.4545 185.197178     2.3895 1.5468e-01     0.2969    92.8473 1.3919e-01 5.7104e+02  0.0563003     4.4592 186.325365     2.3761     39.156    11.9421    314.367    12.0990 0.0000e+00
     38.383     4.4536 185.233006     2.3895 1.5321e-01     0.2980    92.8211 1.3919e-01 5.7104e+02  0.0563003     4.4606 186.295034     2.3773     39.140    11.9410    314.437    12.1075 0.0000e+00
     38.366     4.4529 185.233006     2.3895 1.5247e-01     0.2969    92.8473 1.3919e-01 5.7104e+02  0.0563003     4.4570 186.386024     2.3761     39.122    11.9410    314.445    12.1009 0.0000e+00
     38.350     4.4523 185.197177     2.3895 1.5247e-01     0.2980    92.8211 1.3919e-01 5.7104e+02  0.0558845     4.4573 186.355694     2.3761     39.106    11.9411    314.390    12.1022 0.0000e+00
     38.334     4.4520 185.233006     2.3895 1.5102e-01     0.2969    92.8473 1.3919e-01 5.7104e+02  0.0554688     4.4573 186.477012     2.3761     39.090    11.9411    314.455    12.1036 0.0000e+00
     38.319     4.4515 185.280777     2.3895 1.5029e-01     0.2980    92.8211 1.3553e-01 5.7104e+02  0.0558845     4.4600 186.295033     2.3773     39.074    11.9413    314.541    12.1108 0.0000e+00
     38.304     4.4517 185.304662     2.3895 1.5029e-01     0.2980    92.8211 1.3919e-01 5.7104e+02  0.0558845     4.4628 186.386020     2.3761     39.059    11.9413    314.579    12.1024 0.0000e+00
     38.287     4.4515 185.209119     2.3895 1.5321e-01     0.2969    92.8473 1.4286e-01 5.7104e+02  0.0558845     4.4660 186.446676     2.3761     39.042    11.9416    314.419    12.1016 0.0000e+00
     38.272     4.4516 185.256890     2.3883 1.5764e-01     0.2969    92.8473 1.4652e-01 5.7104e+02  0.0563003     4.4656 186.355687     2.3761     39.027    11.9342    314.499    12.1022 0.0000e+00
     38.257     4.4523 185.256890     2.3895 1.5839e-01     0.2980    92.8211 1.5385e-01 5.7104e+02  0.0563003     4.4592 186.355691     2.3761     39.011    11.9420    314.492    12.1062 0.0000e+00
