data/05_metadata_exports/SeabirdData/202310_SeabirdData/88610_STN717.cnv
* Sea-Bird SBE 9 Data File:
* FileName = C:\Users\rosette\Rosette Data\2023\Ontario lower food web csmi\STN717.hex
* Software Version Seasave V 7.26.6.26
* Temperature SN = 5270
* Conductivity SN = 1168
* Number of Bytes Per Scan = 40
* Number of Voltage Words = 5
* Number of Scans Averaged by the Deck Unit = 1
* NMEA Latitude = 43 18.01 N
* NMEA Longitude = 077 26.41 W
* NMEA UTC (Time) = Sep 24 2023  13:53:53
* NMEA baud rate = 4800
** Ship: Lake Guardian
** Cruise: Ontario LFW
** Station:  STN717
# nquan = 18                                
# nvalues = 15899                       
# units = specified
# name 0 = prDM: Pressure, Digiquartz [db]
# name 1 = t090C: Temperature [ITS-90, deg C]
# name 2 = c0uS/cm: Conductivity [uS/cm]
# name 3 = sbeox0V: Oxygen raw, SBE 43 [V]
# name 4 = par: PAR/Irradiance, Biospherical/Licor
# name 5 = bat: Beam Attenuation, Chelsea/Seatech [1/m]
# name 6 = xmiss: Beam Transmission, Chelsea/Seatech [%]
# name 7 = flSP: Fluorescence, Seapoint
# name 8 = spar: SPAR, Biospherical/Licor
# name 9 = upoly0: Upoly 0, Suna Nitrate
# name 10 = t190C: Temperature, 2 [ITS-90, deg C]
# name 11 = c1uS/cm: Conductivity, 2 [uS/cm]
# name 12 = sbeox1V: Oxygen raw, SBE 43, 2 [V]
# name 13 = depFM: Depth [fresh water, m], lat = 43.3002
# name 14 = sbeox0Mg/L: Oxygen, SBE 43 [mg/l], WS = 2
# name 15 = specc: Specific Conductance [uS/cm]
# name 16 = sbeox1Mg/L: Oxygen, SBE 43, 2 [mg/l], WS = 2
# name 17 = flag: flag
# span 0 =     -0.151,     34.877       
# span 1 =   -51.6716,    19.0373       
# span 2 =  35.783638, 588.608432       
# span 3 =     1.8254,     2.4591       
# span 4 = 4.4470e-01, 5.5357e+02       
# span 5 =     0.1325,     3.4994       
# span 6 =    41.6924,    96.7421       
# span 7 = 9.1575e-02, 5.2051e+00       
# span 8 = 2.5402e+02, 3.2884e+02       
# span 9 =  0.0413330,  0.0625367       
# span 10 =     4.0017,    19.0419      
# span 11 =   3.797577, 267.809818      
# span 12 =     1.6923,     2.8596      
# span 13 =     -0.154,     35.565      
# span 14 =  -244.3625,    11.5426      
# span 15 =  -1600.422,    719.808      
# span 16 =     5.3901,    11.6933      
# span 17 = 0.0000e+00, 0.0000e+00      
# interval = seconds: 0.0416667
# start_time = Sep 24 2023 13:53:53 [NMEA time, header]
# bad_flag = -9.990e-29
*END*
[from data line 11096]
     28.130     4.0017 184.026964     2.2906 1.1023e+00     0.2432    94.1020 1.1355e-01 2.5992e+02  0.0558845     4.0033 185.142639     2.2808     28.685    11.4669    317.259    11.6368 0.0000e+00
     28.121     4.0017 184.026964     2.2906 1.1023e+00     0.2432    94.1020 1.0989e-01 2.5992e+02  0.0558845     4.0032 185.172967     2.2808     28.675    11.4672    317.259    11.6363 0.0000e+00
     28.114     4.0022 184.050846     2.2918 1.1057e+00     0.2432    94.1020 1.0623e-01 2.5992e+02  0.0554688     4.0032 185.233623     2.2821     28.668    11.4750    317.294    11.6444 0.0000e+00
     28.107     4.0019 184.074728     2.2918 1.1023e+00     0.2432    94.1020 1.0989e-01 2.5992e+02  0.0554688     4.0031 185.081983     2.2808     28.661    11.4741    317.339    11.6367 0.0000e+00
     28.100     4.0019 184.015023     2.2918 1.0989e+00     0.2432    94.1020 1.0989e-01 2.5992e+02  0.0554688     4.0032 185.081984     2.2821     28.654    11.4732    317.236    11.6446 0.0000e+00
     28.091     4.0020 184.062786     2.2906 1.0955e+00     0.2432    94.1020 1.0623e-01 2.5992e+02  0.0558845     4.0030 185.021327     2.2821     28.645    11.4656    317.317    11.6441 0.0000e+00
     28.083     4.0020 184.038904     2.2918 1.0955e+00     0.2432    94.1020 1.0623e-01 2.5992e+02  0.0554688     4.0035 185.142639     2.2821     28.637    11.4723    317.276    11.6432 0.0000e+00
     28.074     4.0020 184.003081     2.2906 1.0955e+00     0.2432    94.1020 1.0623e-01 2.5992e+02  0.0554688     4.0033 185.233622     2.2821     28.628    11.4636    317.214    11.6439 0.0000e+00
     28.065     4.0020 184.038904     2.2918 1.0955e+00     0.2421    94.1281 1.0623e-01 2.5992e+02  0.0554688     4.0035 185.203294     2.2821     28.618    11.4704    317.276    11.6431 0.0000e+00
     28.056     4.0019 184.015021     2.2918 1.0955e+00     0.2432    94.1020 1.0256e-01 2.5992e+02  0.0550530     4.0033 185.081981     2.2821     28.609    11.4694    317.236    11.6424 0.0000e+00
     28.047     4.0019 183.967258     2.2918 1.1091e+00     0.2465    94.0236 1.0623e-01 2.5992e+02  0.0550530     4.0029 185.142639     2.2821     28.600    11.4685    317.154    11.6418 0.0000e+00
     28.038     4.0017 183.991139     2.2906 1.1126e+00     0.2487    93.9713 1.0989e-01 2.5992e+02  0.0554688     4.0037 184.990999     2.2821     28.591    11.4598    317.197    11.6394 0.0000e+00
     28.029     4.0019 183.967257     2.2906 1.1126e+00     0.2498    93.9451 1.1722e-01 2.5992e+02  0.0558845     4.0033 185.021326     2.2821     28.582    11.4587    317.154    11.6388 0.0000e+00
     28.020     4.0016 184.074727     2.2906 1.1091e+00     0.2498    93.9451 1.3553e-01 2.5992e+02  0.0558845     4.0031 185.081982     2.2808     28.572    11.4578    317.342    11.6309 0.0000e+00
     28.011     4.0019 184.086667     2.2918 1.1057e+00     0.2487    93.9713 1.5018e-01 2.5992e+02  0.0554688     4.0035 185.203293     2.2821     28.563    11.4645    317.360    11.6400 0.0000e+00
     28.004     4.0016 184.062785     2.2918 1.1057e+00     0.2487    93.9713 1.5018e-01 2.5992e+02  0.0554688     4.0035 185.081981     2.2821     28.556    11.4636    317.322    11.6407 0.0000e+00
     27.996     4.0016 184.062786     2.2918 1.1057e+00     0.2487    93.9713 1.5018e-01 2.5992e+02  0.0554688     4.0030 185.142638     2.2821     28.548    11.4627    317.322    11.6415 0.0000e+00
     27.987     4.0017 184.015021     2.2918 1.1057e+00     0.2487    93.9713 1.5385e-01 2.5992e+02  0.0558845     4.0025 185.233621     2.2821     28.539    11.4616    317.238    11.6424 0.0000e+00
     27.978     4.0016 184.038902     2.2918 1.1057e+00     0.2487    93.9713 1.6117e-01 2.5992e+02  0.0554688     4.0039 185.263947     2.2808     28.530    11.4596    317.280    11.6340 0.0000e+00
     27.970     4.0017 184.026962     2.2918 1.1091e+00     0.2487    93.9713 1.5385e-01 2.5992e+02  0.0554688     4.0032 185.203293     2.2808     28.521    11.4586    317.259    11.6335 0.0000e+00
     27.962     4.0016 184.050844     2.2918 1.1091e+00     0.2487    93.9713 1.3919e-01 2.5992e+02  0.0554688     4.0030 185.112309     2.2821     28.513    11.4577    317.301    11.6427 0.0000e+00
     27.953     4.0020 184.062783     2.2918 1.1126e+00     0.2487    93.9713 1.3187e-01 2.5992e+02  0.0558845     4.0032 185.081980     2.2821     28.504    11.4566    317.317    11.6433 0.0000e+00
     27.945     4.0024 184.015019     2.2918 1.1194e+00     0.2487    93.9713 1.2821e-01 2.5992e+02  0.0558845     4.0032 185.051653     2.2821     28.496    11.4556    317.231    11.6425 0.0000e+00
     27.937     4.0028 184.015020     2.2918 1.1229e+00     0.2487    93.9713 1.2088e-01 2.5992e+02  0.0554688     4.0032 185.081981     2.2821     28.488    11.4545    317.226    11.6430 0.0000e+00
     27.928     4.0027 184.003077     2.2918 1.1264e+00     0.2498    93.9451 1.1722e-01 2.5992e+02  0.0554688     4.0033 185.294275     2.2808     28.479    11.4536    317.207    11.6350 0.0000e+00
     27.920     4.0030 184.086665     2.2918 1.1229e+00     0.2487    93.9713 1.1722e-01 2.5992e+02  0.0554688     4.0033 185.233619     2.2821     28.470    11.4526    317.347    11.6427 0.0000e+00
     27.912     4.0033 184.074725     2.2918 1.1160e+00     0.2487    93.9713 1.1722e-01 2.5992e+02  0.0558845     4.0032 185.112309     2.2821     28.462    11.4515    317.324    11.6418 0.0000e+00
     27.901     4.0038 184.015017     2.2906 1.1160e+00     0.2498    93.9451 1.1355e-01 2.5992e+02  0.0558845     4.0035 185.051652     2.2821     28.451    11.4449    317.215    11.6421 0.0000e+00
     27.890     4.0038 184.003076     2.2906 1.1194e+00     0.2487    93.9713 1.1722e-01 2.5992e+02  0.0554688     4.0035 185.051651     2.2821     28.440    11.4451    317.195    11.6411 0.0000e+00
     27.881     4.0036 184.038900     2.2918 1.1229e+00     0.2498    93.9451 1.1722e-01 2.5992e+02  0.0550530     4.0027 185.142635     2.2821     28.431    11.4532    317.259    11.6418 0.0000e+00
     27.872     4.0035 184.074723     2.2906 1.1229e+00     0.2487    93.9713 1.2454e-01 2.5992e+02  0.0554688     4.0035 185.233618     2.2821     28.422    11.4447    317.321    11.6419 0.0000e+00
     27.863     4.0031 184.015018     2.2906 1.1229e+00     0.2498    93.9451 1.3553e-01 2.5992e+02  0.0558845     4.0029 185.203291     2.2821     28.412    11.4451    317.223    11.6425 0.0000e+00
     27.853     4.0031 184.086664     2.2906 1.1264e+00     0.2487    93.9713 1.3919e-01 2.5992e+02  0.0558845     4.0031 185.112307     2.2821     28.402    11.4443    317.346    11.6428 0.0000e+00
     27.844     4.0028 184.074722     2.2906 1.1229e+00     0.2487    93.9713 1.3919e-01 2.5992e+02  0.0550530     4.0025 185.081979     2.2808     28.393    11.4448    317.329    11.6348 0.0000e+00
     27.835     4.0030 184.062781     2.2906 1.1229e+00     0.2498    93.9451 1.3919e-01 2.5992e+02  0.0550530     4.0035 185.051651     2.2821     28.384    11.4451    317.306    11.6434 0.0000e+00
     27.826     4.0031 184.062782     2.2906 1.1264e+00     0.2498    93.9451 1.5018e-01 2.5992e+02  0.0554688     4.0032 185.051651     2.2808     28.375    11.4466    317.305    11.6354 0.0000e+00
     27.817     4.0031 184.026957     2.2906 1.1264e+00     0.2487    93.9713 1.5018e-01 2.5992e+02  0.0558845     4.0027 184.960667     2.2808     28.365    11.4470    317.243    11.6359 0.0000e+00
     27.809     4.0036 184.003077     2.2906 1.1298e+00     0.2498    93.9451 1.3553e-01 2.5992e+02  0.0558845     4.0035 185.112307     2.2821     28.357    11.4472    317.197    11.6446 0.0000e+00
     27.798     4.0038 184.003075     2.2906 1.1333e+00     0.2487    93.9713 1.2821e-01 2.5992e+02  0.0554688     4.0030 184.990995     2.2821     28.346    11.4475    317.195    11.6437 0.0000e+00
     27.787     4.0036 184.015016     2.2906 1.1333e+00     0.2498    93.9451 1.1722e-01 2.5992e+02  0.0558845     4.0032 185.051650     2.2821     28.335    11.4489    317.217    11.6440 0.0000e+00
     27.776     4.0036 184.026956     2.2906 1.1368e+00     0.2498    93.9451 1.1722e-01 2.5992e+02  0.0554688     4.0032 185.051649     2.2821     28.324    11.4504    317.238    11.6443 0.0000e+00
     27.766     4.0036 184.026957     2.2906 1.1403e+00     0.2487    93.9713 1.1722e-01 2.5992e+02  0.0554688     4.0030 185.081978     2.2821     28.313    11.4518    317.238    11.6447 0.0000e+00
     27.756     4.0038 184.026956     2.2894 1.1438e+00     0.2498    93.9451 1.1722e-01 2.5992e+02  0.0558845     4.0032 185.112305     2.2821     28.303    11.4454    317.236    11.6462 0.0000e+00
     27.747     4.0035 184.050839     2.2906 1.1474e+00     0.2487    93.9713 1.1722e-01 2.5992e+02  0.0558845     4.0032 184.960667     2.2821     28.294    11.4546    317.280    11.6451 0.0000e+00
     27.737     4.0038 184.015016     2.2906 1.1403e+00     0.2498    93.9451 1.2454e-01 2.5992e+02  0.0554688     4.0032 185.112305     2.2821     28.284    11.4548    317.215    11.6439 0.0000e+00
     27.727     4.0043 184.015014     2.2906 1.1368e+00     0.2487    93.9713 1.2454e-01 2.5992e+02  0.0554688     4.0037 185.081976     2.2821     28.274    11.4550    317.210    11.6439 0.0000e+00
     27.717     4.0042 184.050837     2.2906 1.1368e+00     0.2498    93.9451 1.1722e-01 2.5992e+02  0.0554688     4.0040 185.051648     2.2821     28.263    11.4566    317.273    11.6439 0.0000e+00
     27.707     4.0040 183.991133     2.2906 1.1403e+00     0.2487    93.9713 1.0989e-01 2.5992e+02  0.0554688     4.0040 185.203288     2.2821     28.253    11.4570    317.172    11.6441 0.0000e+00
     27.695     4.0039 184.003073     2.2906 1.1474e+00     0.2498    93.9451 1.0989e-01 2.5992e+02  0.0554688     4.0041 185.112303     2.2821     28.241    11.4586    317.194    11.6442 0.0000e+00
     27.684     4.0036 184.026955     2.2906 1.1474e+00     0.2498    93.9451 1.0989e-01 2.5992e+02  0.0554688     4.0046 185.051647     2.2821     28.230    11.4603    317.238    11.6428 0.0000e+00
     27.673     4.0036 184.026955     2.2906 1.1474e+00     0.2498    93.9451 1.0989e-01 2.5992e+02  0.0558845     4.0043 185.081975     2.2821     28.219    11.4618    317.238    11.6430 0.0000e+00
     27.663     4.0035 184.026955     2.2918 1.1509e+00     0.2498    93.9451 1.1355e-01 2.5992e+02  0.0554688     4.0043 185.172958     2.2821     28.208    11.4712    317.239    11.6431 0.0000e+00
     27.652     4.0036 184.062778     2.2906 1.1509e+00     0.2498    93.9451 1.1355e-01 2.5992e+02  0.0554688     4.0048 185.203285     2.2821     28.197    11.4627    317.300    11.6430 0.0000e+00
     27.642     4.0039 184.038895     2.2906 1.1509e+00     0.2509    93.9190 1.0989e-01 2.5992e+02  0.0550530     4.0047 185.112302     2.2821     28.187    11.4619    317.255    11.6431 0.0000e+00
     27.633     4.0046 184.003071     2.2906 1.1544e+00     0.2509    93.9190 1.0989e-01 2.5992e+02  0.0550530     4.0049 185.081973     2.2821     28.178    11.4621    317.186    11.6432 0.0000e+00
     27.624     4.0056 184.015013     2.2906 1.1580e+00     0.2498    93.9451 1.0989e-01 2.5992e+02  0.0554688     4.0051 185.081975     2.2821     28.169    11.4622    317.195    11.6432 0.0000e+00
     27.612     4.0062 184.062775     2.2906 1.1580e+00     0.2498    93.9451 1.1355e-01 2.5992e+02  0.0554688     4.0055 185.172956     2.2821     28.156    11.4613    317.271    11.6432 0.0000e+00
     27.601     4.0073 184.038892     2.2906 1.1509e+00     0.2509    93.9190 1.1355e-01 2.5992e+02  0.0554688     4.0060 185.203284     2.2821     28.145    11.4602    317.218    11.6431 0.0000e+00
     27.591     4.0081 184.062774     2.2906 1.1509e+00     0.2509    93.9190 1.1355e-01 2.5992e+02  0.0554688     4.0061 185.203284     2.2821     28.135    11.4592    317.250    11.6418 0.0000e+00
     27.581     4.0090 184.086656     2.2918 1.1509e+00     0.2498    93.9451 1.1722e-01 2.5992e+02  0.0554688     4.0068 185.172956     2.2821     28.125    11.4660    317.282    11.6416 0.0000e+00
     27.571     4.0098 184.062773     2.2918 1.1544e+00     0.2509    93.9190 1.2088e-01 2.5992e+02  0.0554688     4.0073 185.112299     2.2821     28.115    11.4650    317.232    11.6401 0.0000e+00
     27.561     4.0104 184.062772     2.2918 1.1544e+00     0.2509    93.9190 1.2454e-01 2.5992e+02  0.0554688     4.0068 185.172955     2.2821     28.104    11.4652    317.225    11.6388 0.0000e+00
     27.550     4.0109 184.062772     2.2918 1.1544e+00     0.2509    93.9190 1.2088e-01 2.5992e+02  0.0554688     4.0070 185.081972     2.2821     28.093    11.4654    317.220    11.6387 0.0000e+00
     27.540     4.0114 184.026948     2.2918 1.1651e+00     0.2498    93.9451 1.1722e-01 2.5992e+02  0.0554688     4.0078 185.081970     2.2821     28.083    11.4644    317.153    11.6383 0.0000e+00
     27.530     4.0117 183.979184     2.2918 1.1723e+00     0.2498    93.9451 1.1722e-01 2.5992e+02  0.0554688     4.0082 185.203282     2.2821     28.073    11.4635    317.067    11.6381 0.0000e+00
     27.519     4.0120 184.050829     2.2918 1.1723e+00     0.2498    93.9451 1.1722e-01 2.5992e+02  0.0554688     4.0087 185.081970     2.2821     28.062    11.4626    317.187    11.6379 0.0000e+00
     27.509     4.0122 184.015005     2.2918 1.1723e+00     0.2498    93.9451 1.1355e-01 2.5992e+02  0.0550530     4.0094 185.081969     2.2833     28.051    11.4617    317.123    11.6467 0.0000e+00
     27.500     4.0117 184.062771     2.2918 1.1723e+00     0.2498    93.9451 1.1355e-01 2.5992e+02  0.0554688     4.0097 185.112297     2.2821     28.042    11.4600    317.211    11.6386 0.0000e+00
     27.490     4.0113 184.038888     2.2906 1.1723e+00     0.2498    93.9451 1.0989e-01 2.5992e+02  0.0558845     4.0103 185.051640     2.2821     28.032    11.4515    317.174    11.6383 0.0000e+00
     27.481     4.0112 184.098594     2.2906 1.1759e+00     0.2509    93.9190 1.1355e-01 2.5992e+02  0.0558845     4.0096 185.142624     2.2821     28.023    11.4507    317.278    11.6384 0.0000e+00
     27.471     4.0108 184.074712     2.2918 1.1795e+00     0.2521    93.8929 1.2088e-01 2.5992e+02  0.0554688     4.0102 185.203280     2.2821     28.013    11.4577    317.242    11.6381 0.0000e+00
     27.460     4.0100 184.026947     2.2906 1.1795e+00     0.2543    93.8406 1.2088e-01 2.5992e+02  0.0554688     4.0092 185.081968     2.2821     28.001    11.4494    317.168    11.6383 0.0000e+00
     27.450     4.0103 184.026947     2.2918 1.1831e+00     0.2543    93.8406 1.2088e-01 2.5992e+02  0.0554688     4.0092 185.081968     2.2821     27.991    11.4573    317.165    11.6382 0.0000e+00
     27.440     4.0119 184.098592     2.2918 1.1868e+00     0.2543    93.8406 1.1722e-01 2.5992e+02  0.0554688     4.0084 185.172951     2.2821     27.981    11.4559    317.271    11.6383 0.0000e+00
     27.432     4.0126 184.122474     2.2918 1.1904e+00     0.2543    93.8406 1.1355e-01 2.5992e+02  0.0554688     4.0090 185.203279     2.2821     27.973    11.4559    317.304    11.6380 0.0000e+00
     27.423     4.0139 184.050827     2.2918 1.1868e+00     0.2543    93.8406 1.1355e-01 2.5992e+02  0.0558845     4.0093 185.203280     2.2821     27.964    11.4556    317.166    11.6378 0.0000e+00
     27.415     4.0156 184.026942     2.2906 1.1831e+00     0.2554    93.8144 1.1722e-01 2.5992e+02  0.0554688     4.0090 185.172950     2.2821     27.956    11.4475    317.107    11.6378 0.0000e+00
     27.406     4.0175 184.062766     2.2906 1.1831e+00     0.2543    93.8406 1.1355e-01 2.5992e+02  0.0554688     4.0092 184.990985     2.2821     27.946    11.4459    317.148    11.6376 0.0000e+00
     27.398     4.0186 184.062764     2.2906 1.1831e+00     0.2543    93.8406 1.0989e-01 2.5992e+02  0.0550530     4.0086 185.142622     2.2821     27.938    11.4446    317.136    11.6377 0.0000e+00
