data/05_metadata_exports/SeabirdData/202310_SeabirdData/88610_STN717.cnv
* Sea-Bird SBE 9 Data File:
* FileName = C:\Users\rosette\Rosette Data\2023\Ontario lower food web csmi\STN717.hex
* Software Version Seasave V 7.26.6.26
* Temperature SN = 5270
* Conductivity SN = 1168
* Number of Bytes Per Scan = 40
* Number of Voltage Words = 5
* Number of Scans Averaged by the Deck Unit = 1
* NMEA Latitude = 43 18.01 N
* NMEA Longitude = 077 26.41 W
* NMEA UTC (Time) = Sep 24 2023  13:53:53
* NMEA baud rate = 4800
** Ship: Lake Guardian
** Cruise: Ontario LFW
** Station:  STN717
# nquan = 18                                
# nvalues = 15899                       
# units = specified
# name 0 = prDM: Pressure, Digiquartz [db]
# name 1 = t090C: Temperature [ITS-90, deg C]
# name 2 = c0uS/cm: Conductivity [uS/cm]
# name 3 = sbeox0V: Oxygen raw, SBE 43 [V]
# name 4 = par: PAR/Irradiance, Biospherical/Licor
# name 5 = bat: Beam Attenuation, Chelsea/Seatech [1/m]
# name 6 = xmiss: Beam Transmission, Chelsea/Seatech [%]
# name 7 = flSP: Fluorescence, Seapoint
# name 8 = spar: SPAR, Biospherical/Licor
# name 9 = upoly0: Upoly 0, Suna Nitrate
# name 10 = t190C: Temperature, 2 [ITS-90, deg C]
# name 11 = c1uS/cm: Conductivity, 2 [uS/cm]
# name 12 = sbeox1V: Oxygen raw, SBE 43, 2 [V]
# name 13 = depFM: Depth [fresh water, m], lat = 43.3002
# name 14 = sbeox0Mg/L: Oxygen, SBE 43 [mg/l], WS = 2
# name 15 = specc: Specific Conductance [uS/cm]
# name 16 = sbeox1Mg/L: Oxygen, SBE 43, 2 [mg/l], WS = 2
# name 17 = flag: flag
# span 0 =     -0.151,     34.877       
# span 1 =   -51.6716,    19.0373       
# span 2 =  35.783638, 588.608432       
# span 3 =     1.8254,     2.4591       
# span 4 = 4.4470e-01, 5.5357e+02       
# span 5 =     0.1325,     3.4994       
# span 6 =    41.6924,    96.7421       
# span 7 = 9.1575e-02, 5.2051e+00       
# span 8 = 2.5402e+02, 3.2884e+02       
# span 9 =  0.0413330,  0.0625367       
# span 10 =     4.0017,    19.0419      
# span 11 =   3.797577, 267.809818      
# span 12 =     1.6923,     2.8596      
# span 13 =     -0.154,     35.565      
# span 14 =  -244.3625,    11.5426      
# span 15 =  -1600.422,    719.808      
# span 16 =     5.3901,    11.6933      
# span 17 = 0.0000e+00, 0.0000e+00      
# interval = seconds: 0.0416667
# start_time = Sep 24 2023 13:53:53 [NMEA time, header]
# bad_flag = -9.990e-29
*END*
[from data line 2815]
      2.011    18.4130 263.329655     2.0122 1.5309e+02     0.6326    85.3714 9.9267e-01 3.0915e+02  0.0434118    18.4989 264.035604     1.7424      2.051     6.8299    303.253     5.7653 -9.990e-29
      2.006    18.4140 263.365804     2.0122 1.5309e+02     0.6339    85.3453 9.9634e-01 3.0915e+02  0.0434118    18.5192 263.974711     1.7424      2.046     6.8305    303.288     5.7672 -9.990e-29
      2.001    18.4148 263.317605     2.0122 1.5309e+02     0.6339    85.3453 9.8901e-01 3.0915e+02  0.0434118    18.5309 263.974703     1.7436      2.040     6.8312    303.227     5.7756 -9.990e-29
      1.994    18.4156 263.365801     2.0122 1.5266e+02     0.6339    85.3453 9.8168e-01 3.0915e+02  0.0434118    18.5483 264.096436     1.7436      2.033     6.8320    303.277     5.7773 -9.990e-29
      1.988    18.4165 263.389901     2.0122 1.5266e+02     0.6339    85.3453 9.8168e-01 3.1112e+02  0.0434118    18.5654 263.974672     1.7448      2.027     6.8325    303.298     5.7848 -9.990e-29
      1.982    18.4174 263.389901     2.0134 1.5439e+02     0.6339    85.3453 9.9634e-01 3.1112e+02  0.0434118    18.5776 264.096413     1.7460      2.021     6.8389    303.292     5.7929 -9.990e-29
      1.975    18.4182 263.413998     2.0134 1.5790e+02     0.6326    85.3714 1.0110e+00 3.0915e+02  0.0434118    18.5885 264.096401     1.7460      2.014     6.8400    303.314     5.7955 -9.990e-29
      1.968    18.4187 263.389899     2.0147 1.5879e+02     0.6326    85.3714 1.0110e+00 3.1112e+02  0.0434118    18.5981 264.126832     1.7473      2.007     6.8474    303.283     5.8042 -9.990e-29
      1.961    18.4193 263.426047     2.0147 1.6059e+02     0.6326    85.3714 1.0293e+00 3.0915e+02  0.0434118    18.6047 264.035512     1.7473      2.000     6.8486    303.320     5.8070 -9.990e-29
      1.954    18.4203 263.377847     2.0147 1.6517e+02     0.6326    85.3714 1.0293e+00 3.1112e+02  0.0434118    18.6061 264.005073     1.7497      1.993     6.8493    303.258     5.8220 -9.990e-29
      1.948    18.4210 263.401946     2.0159 1.6704e+02     0.6326    85.3714 1.0073e+00 3.0915e+02  0.0434118    18.6047 264.065950     1.7497      1.986     6.8560    303.281     5.8260 -9.990e-29
      1.943    18.4219 263.426045     2.0159 1.6799e+02     0.6339    85.3453 9.8901e-01 3.0915e+02  0.0434118    18.6008 264.096391     1.7509      1.981     6.8574    303.302     5.8356 -9.990e-29
      1.938    18.4224 263.353745     2.0171 1.7229e+02     0.6326    85.3714 1.0000e+00 3.0915e+02  0.0434118    18.5955 264.126833     1.7521      1.976     6.8642    303.216     5.8448 -9.990e-29
      1.933    18.4232 263.341694     2.0171 1.7424e+02     0.6326    85.3714 1.0037e+00 3.0915e+02  0.0434118    18.5899 264.035524     1.7534      1.971     6.8656    303.196     5.8552 -9.990e-29
      1.929    18.4239 263.377844     2.0171 1.7424e+02     0.6326    85.3714 9.9634e-01 3.0915e+02  0.0434118    18.5876 264.005089     1.7546      1.967     6.8671    303.233     5.8649 -9.990e-29
      1.925    18.4248 263.389893     2.0183 1.7424e+02     0.6326    85.3714 9.8168e-01 3.1112e+02  0.0434118    18.5888 264.065963     1.7546      1.963     6.8740    303.240     5.8683 -9.990e-29
      1.921    18.4253 263.426040     2.0183 1.7473e+02     0.6326    85.3714 9.7802e-01 3.0915e+02  0.0434118    18.5901 264.126836     1.7570      1.959     6.8756    303.279     5.8826 -9.990e-29
      1.917    18.4262 263.353742     2.0195 1.7424e+02     0.6326    85.3714 9.8168e-01 3.0915e+02  0.0434118    18.5904 264.096400     1.7582      1.955     6.8822    303.189     5.8911 -9.990e-29
      1.915    18.4269 263.365790     2.0208 1.7229e+02     0.6326    85.3714 9.8168e-01 3.0915e+02  0.0434118    18.5911 264.096397     1.7595      1.953     6.8893    303.198     5.8998 -9.990e-29
      1.912    18.4277 263.353741     2.0208 1.7133e+02     0.6326    85.3714 1.0073e+00 3.1112e+02  0.0434118    18.5925 264.096398     1.7595      1.950     6.8901    303.179     5.9021 -9.990e-29
      1.909    18.4284 263.401938     2.0220 1.7133e+02     0.6326    85.3714 1.0293e+00 3.0915e+02  0.0434118    18.5956 264.126832     1.7619      1.947     6.8967    303.229     5.9153 -9.990e-29
      1.906    18.4291 263.353738     2.0220 1.6846e+02     0.6326    85.3714 1.0330e+00 3.0915e+02  0.0434118    18.6022 264.096388     1.7631      1.944     6.8976    303.169     5.9222 -9.990e-29
      1.905    18.4300 263.365787     2.0232 1.6611e+02     0.6326    85.3714 1.0549e+00 3.0915e+02  0.0434118    18.6067 263.974633     1.7643      1.943     6.9039    303.176     5.9296 -9.990e-29
      1.905    18.4306 263.389888     2.0232 1.6564e+02     0.6326    85.3714 1.0879e+00 3.0915e+02  0.0434118    18.6098 264.096383     1.7656      1.943     6.9048    303.200     5.9376 -9.990e-29
      1.904    18.4316 263.389885     2.0244 1.6471e+02     0.6339    85.3453 1.0916e+00 3.0915e+02  0.0434118    18.6127 264.096379     1.7656      1.942     6.9106    303.193     5.9392 -9.990e-29
      1.904    18.4322 263.353735     2.0256 1.6333e+02     0.6339    85.3453 1.0696e+00 3.0915e+02  0.0434118    18.6174 264.126813     1.7668      1.942     6.9166    303.147     5.9463 -9.990e-29
      1.905    18.4331 263.450133     2.0256 1.6287e+02     0.6326    85.3714 1.0476e+00 3.0915e+02  0.0434118    18.6212 264.035496     1.7680      1.943     6.9171    303.252     5.9530 -9.990e-29
      1.908    18.4336 263.438084     2.0269 1.6425e+02     0.6326    85.3714 1.0220e+00 3.0915e+02  0.0434118    18.6257 264.065931     1.7692      1.946     6.9231    303.234     5.9597 -9.990e-29
      1.912    18.4343 263.438084     2.0269 1.6611e+02     0.6326    85.3714 1.0037e+00 3.0915e+02  0.0434118    18.6313 264.096365     1.7717      1.950     6.9232    303.230     5.9718 -9.990e-29
      1.914    18.4354 263.401932     2.0281 1.6657e+02     0.6326    85.3714 1.0037e+00 3.0915e+02  0.0434118    18.6361 264.126797     1.7729      1.952     6.9282    303.180     5.9780 -9.990e-29
      1.917    18.4359 263.341684     2.0293 1.6751e+02     0.6326    85.3714 1.0073e+00 3.0915e+02  0.0434118    18.6437 264.096354     1.7729      1.955     6.9334    303.107     5.9783 -9.990e-29
      1.921    18.4367 263.401931     2.0305 1.6989e+02     0.6326    85.3714 1.0073e+00 3.0915e+02  0.0434118    18.6636 264.248525     1.7741      1.959     6.9385    303.171     5.9821 -9.990e-29
      1.925    18.4376 263.426031     2.0305 1.7085e+02     0.6326    85.3714 1.0037e+00 3.0915e+02  0.0434118    18.6850 264.187632     1.7753      1.963     6.9382    303.193     5.9857 -9.990e-29
      1.929    18.4385 263.365781     2.0305 1.7037e+02     0.6326    85.3714 9.9267e-01 3.0915e+02  0.0434118    18.7007 264.096305     1.7778      1.967     6.9379    303.117     5.9956 -9.990e-29
      1.934    18.4392 263.377829     2.0317 1.6941e+02     0.6326    85.3714 9.8168e-01 3.0915e+02  0.0434118    18.7098 264.096296     1.7790      1.972     6.9430    303.126     6.0007 -9.990e-29
      1.940    18.4402 263.413980     2.0330 1.6941e+02     0.6326    85.3714 9.8535e-01 3.0915e+02  0.0434118    18.7180 264.004977     1.7802      1.978     6.9485    303.161     6.0056 -9.990e-29
      1.946    18.4411 263.389879     2.0330 1.6893e+02     0.6326    85.3714 1.0000e+00 3.0915e+02  0.0434118    18.7296 264.004967     1.7802      1.984     6.9481    303.127     6.0044 -9.990e-29
      1.952    18.4421 263.413978     2.0342 1.6611e+02     0.6326    85.3714 9.9634e-01 3.0915e+02  0.0434118    18.7425 264.065831     1.7827      1.990     6.9532    303.147     6.0141 -9.990e-29
      1.959    18.4430 263.377827     2.0342 1.6471e+02     0.6326    85.3714 1.0000e+00 3.0915e+02  0.0434118    18.7523 264.004948     1.7839      1.998     6.9527    303.099     6.0183 -9.990e-29
      1.967    18.4440 263.401927     2.0354 1.6471e+02     0.6326    85.3714 1.0220e+00 3.0915e+02  0.0434118    18.7596 264.096256     1.7851      2.006     6.9577    303.120     6.0227 -9.990e-29
      1.974    18.4447 263.438075     2.0366 1.6379e+02     0.6326    85.3714 1.0293e+00 3.0915e+02  0.0434118    18.7647 264.157126     1.7863      2.013     6.9631    303.157     6.0270 -9.990e-29
      1.982    18.4459 263.450125     2.0366 1.6333e+02     0.6326    85.3714 1.0000e+00 3.0915e+02  0.0434118    18.7733 264.096244     1.7875      2.021     6.9629    303.162     6.0313 -9.990e-29
      1.990    18.4466 263.474224     2.0379 1.6333e+02     0.6326    85.3714 9.7070e-01 3.0915e+02  0.0434118    18.7898 264.126667     1.7888      2.029     6.9686    303.185     6.0344 -9.990e-29
      1.998    18.4473 263.450126     2.0379 1.6379e+02     0.6326    85.3714 9.5238e-01 3.0915e+02  0.0434118    18.8085 264.096215     1.7900      2.037     6.9689    303.153     6.0365 -9.990e-29
      2.006    18.4485 263.426022     2.0391 1.6471e+02     0.6326    85.3714 9.4505e-01 3.0915e+02  0.0434118    18.8252 264.126636     1.7912      2.046     6.9744    303.117     6.0384 -9.990e-29
      2.014    18.4490 263.426025     2.0379 1.6471e+02     0.6326    85.3714 9.4872e-01 3.0915e+02  0.0434118    18.8368 264.035316     1.7924      2.054     6.9695    303.113     6.0415 -9.990e-29
      2.022    18.4499 263.438072     2.0391 1.6471e+02     0.6326    85.3714 9.7436e-01 3.0915e+02  0.0434118    18.8446 264.065745     1.7937      2.062     6.9754    303.121     6.0451 -9.990e-29
      2.030    18.4508 263.426021     2.0403 1.6517e+02     0.6326    85.3714 1.0110e+00 3.0915e+02  0.0434118    18.8528 264.248365     1.7961      2.070     6.9816    303.100     6.0537 -9.990e-29
      2.040    18.4513 263.438072     2.0403 1.6517e+02     0.6326    85.3714 1.0293e+00 3.0915e+02  0.0434118    18.8610 264.035295     1.7973      2.080     6.9819    303.111     6.0565 -9.990e-29
      2.050    18.4520 263.450122     2.0403 1.6425e+02     0.6314    85.3975 1.0220e+00 3.0915e+02  0.0434118    18.8716 264.035286     1.7985      2.090     6.9830    303.120     6.0585 -9.990e-29
      2.058    18.4528 263.450121     2.0415 1.6333e+02     0.6326    85.3714 1.0147e+00 3.0915e+02  0.0434118    18.8786 264.187469     1.7998      2.099     6.9894    303.114     6.0611 -9.990e-29
      2.066    18.4535 263.474220     2.0415 1.6287e+02     0.6326    85.3714 1.0073e+00 3.0915e+02  0.0434118    18.8791 264.157031     1.8010      2.107     6.9902    303.137     6.0637 -9.990e-29
      2.073    18.4546 263.450121     2.0427 1.6241e+02     0.6326    85.3714 9.9267e-01 3.0915e+02  0.0434118    18.8749 263.974409     1.8022      2.114     6.9964    303.102     6.0666 -9.990e-29
      2.080    18.4554 263.474219     2.0427 1.6104e+02     0.6326    85.3714 9.7070e-01 3.0915e+02  0.0434118    18.8650 264.096167     1.8034      2.121     6.9971    303.124     6.0709 -9.990e-29
      2.087    18.4569 263.486268     2.0427 1.6059e+02     0.6314    85.3975 9.5238e-01 3.0915e+02  0.0434118    18.8512 264.096179     1.8046      2.128     6.9980    303.127     6.0749 -9.990e-29
      2.094    18.4582 263.522418     2.0440 1.6014e+02     0.6314    85.3975 9.5604e-01 3.0915e+02  0.0434118    18.8319 264.187510     1.8059      2.135     7.0047    303.160     6.0798 -9.990e-29
      2.102    18.4594 263.510367     2.0440 1.5790e+02     0.6314    85.3975 9.6703e-01 3.0915e+02  0.0434118    18.8043 264.065783     1.8071      2.143     7.0059    303.138     6.0851 -9.990e-29
      2.108    18.4601 263.462167     2.0452 1.5746e+02     0.6326    85.3714 9.7070e-01 3.0915e+02  0.0434118    18.7754 264.004932     1.8083      2.150     7.0121    303.077     6.0903 -9.990e-29
      2.114    18.4607 263.474216     2.0464 1.5702e+02     0.6314    85.3975 9.7436e-01 3.0915e+02  0.0434118    18.7503 264.096267     1.8095      2.156     7.0183    303.087     6.0951 -9.990e-29
      2.118    18.4610 263.450115     2.0464 1.5439e+02     0.6314    85.3975 9.8168e-01 3.0915e+02  0.0434118    18.7272 264.035411     1.8107      2.160     7.0185    303.057     6.0995 -9.990e-29
      2.124    18.4618 263.450115     2.0476 1.5352e+02     0.6314    85.3975 9.8535e-01 3.0915e+02  0.0434118    18.7003 264.065872     1.8120      2.166     7.0245    303.051     6.1046 -9.990e-29
      2.128    18.4620 263.474216     2.0476 1.5352e+02     0.6326    85.3714 9.9634e-01 3.0915e+02  0.0434118    18.6766 264.005018     1.8120      2.170     7.0251    303.078     6.1031 -9.990e-29
      2.132    18.4622 263.486264     2.0488 1.5266e+02     0.6314    85.3975 1.0366e+00 3.0915e+02  0.0434118    18.6572 264.065909     1.8132      2.174     7.0311    303.090     6.1063 -9.990e-29
      2.135    18.4627 263.438065     2.0501 1.5223e+02     0.6326    85.3714 1.0366e+00 3.0915e+02  0.0434118    18.6370 264.096365     1.8144      2.177     7.0369    303.031     6.1095 -9.990e-29
      2.138    18.4626 263.510364     2.0513 1.5223e+02     0.6326    85.3714 1.0256e+00 3.0915e+02  0.0434118    18.6142 264.187698     1.8156      2.180     7.0424    303.115     6.1133 -9.990e-29
      2.139    18.4631 263.510365     2.0525 1.5138e+02     0.6314    85.3975 1.0037e+00 3.0915e+02  0.0434118    18.5922 264.065966     1.8168      2.181     7.0481    303.112     6.1169 -9.990e-29
      2.141    18.4628 263.534464     2.0525 1.5095e+02     0.6363    85.2930 1.0000e+00 3.0915e+02  0.0434118    18.5720 264.096420     1.8168      2.183     7.0481    303.142     6.1146 -9.990e-29
      2.142    18.4633 263.546515     2.0537 1.5095e+02     0.6375    85.2668 1.0073e+00 3.0915e+02  0.0434118    18.5546 264.096436     1.8168      2.184     7.0534    303.152     6.1119 -9.990e-29
      2.143    18.4634 263.522413     2.0549 1.5223e+02     0.6388    85.2407 1.0073e+00 3.0915e+02  0.0434118    18.5399 264.187761     1.8181      2.185     7.0583    303.123     6.1151 -9.990e-29
      2.144    18.4638 263.510364     2.0562 1.5309e+02     0.6400    85.2146 1.0110e+00 3.0915e+02  0.0434118    18.5269 264.279088     1.8193      2.186     7.0635    303.107     6.1171 -9.990e-29
      2.145    18.4643 263.462164     2.0574 1.5352e+02     0.6400    85.2146 1.0183e+00 3.0915e+02  0.0434118    18.5147 264.126908     1.8193      2.187     7.0679    303.048     6.1139 -9.990e-29
      2.144    18.4648 263.486263     2.0586 1.5482e+02     0.6400    85.2146 1.0110e+00 3.0915e+02  0.0434118    18.5043 264.126917     1.8205      2.186     7.0723    303.072     6.1159 -9.990e-29
      2.141    18.4657 263.546512     2.0586 1.5614e+02     0.6388    85.2407 1.0110e+00 3.0915e+02  0.0434118    18.4923 263.974738     1.8205      2.183     7.0711    303.135     6.1131 -9.990e-29
      2.139    18.4662 263.546511     2.0611 1.5658e+02     0.6388    85.2407 1.0147e+00 3.0915e+02  0.0434118    18.4813 263.974747     1.8217      2.181     7.0808    303.132     6.1161 -9.990e-29
      2.138    18.4668 263.546512     2.0611 1.5658e+02     0.6388    85.2407 1.0000e+00 3.0915e+02  0.0434118    18.4713 264.005194     1.8217      2.180     7.0793    303.127     6.1135 -9.990e-29
      2.136    18.4674 263.510361     2.0623 1.5658e+02     0.6388    85.2407 9.9267e-01 3.0915e+02  0.0434118    18.4624 264.005202     1.8217      2.178     7.0831    303.082     6.1107 -9.990e-29
      2.132    18.4681 263.582660     2.0623 1.5658e+02     0.6400    85.2146 9.8168e-01 3.0915e+02  0.0434118    18.4560 264.066082     1.8217      2.174     7.0815    303.160     6.1082 -9.990e-29
      2.128    18.4690 263.570609     2.0635 1.5746e+02     0.6400    85.2146 9.7802e-01 3.0915e+02  0.0434118    18.4498 264.126963     1.8230      2.170     7.0853    303.140     6.1116 -9.990e-29
      2.124    18.4705 263.594709     2.0647 1.5969e+02     0.6388    85.2407 9.7436e-01 3.0915e+02  0.0434118    18.4451 264.035655     1.8217      2.166     7.0889    303.157     6.1035 -9.990e-29
