data/05_metadata_exports/SeabirdData/202310_SeabirdData/88617_STN58.cnv
* Sea-Bird SBE 9 Data File:
* FileName = C:\Users\rosette\Rosette Data\2023\Ontario lower food web csmi\STN58.hex
* Software Version Seasave V 7.26.6.26
* Temperature SN = 5270
* Conductivity SN = 1168
* Number of Bytes Per Scan = 40
* Number of Voltage Words = 5
* Number of Scans Averaged by the Deck Unit = 1
* NMEA Latitude = 43 19.73 N
* NMEA Longitude = 077 26.22 W
* NMEA UTC (Time) = Sep 24 2023  15:05:32
* NMEA baud rate = 4800
** Ship: Lake Guardian
** Cruise: Ontario LFW
** Station:  STN58
# nquan = 18                                
# nvalues = 19817                       
# units = specified
# name 0 = prDM: Pressure, Digiquartz [db]
# name 1 = t090C: Temperature [ITS-90, deg C]
# name 2 = c0uS/cm: Conductivity [uS/cm]
# name 3 = sbeox0V: Oxygen raw, SBE 43 [V]
# name 4 = par: PAR/Irradiance, Biospherical/Licor
# name 5 = bat: Beam Attenuation, Chelsea/Seatech [1/m]
# name 6 = xmiss: Beam Transmission, Chelsea/Seatech [%]
# name 7 = flSP: Fluorescence, Seapoint
# name 8 = spar: SPAR, Biospherical/Licor
# name 9 = upoly0: Upoly 0, Suna Nitrate
# name 10 = t190C: Temperature, 2 [ITS-90, deg C]
# name 11 = c1uS/cm: Conductivity, 2 [uS/cm]
# name 12 = sbeox1V: Oxygen raw, SBE 43, 2 [V]
# name 13 = depFM: Depth [fresh water, m], lat = 43.3288
# name 14 = sbeox0Mg/L: Oxygen, SBE 43 [mg/l], WS = 2
# name 15 = specc: Specific Conductance [uS/cm]
# name 16 = sbeox1Mg/L: Oxygen, SBE 43, 2 [mg/l], WS = 2
# name 17 = flag: flag
# span 0 =     -0.096,     90.726       
# span 1 =   -25.8286,    19.6247       
# span 2 =  11.402098, 585.701447       
# span 3 =     1.9243,     2.5568       
# span 4 = 1.0000e-12, 8.2989e+02       
# span 5 =     0.2232,     2.0667       
# span 6 =    59.6502,    94.5725       
# span 7 = 8.7912e-02, 2.4615e+00       
# span 8 = 4.6274e+02, 5.7104e+02       
# span 9 =  0.0413330,  0.0629524       
# span 10 =     3.9098,    19.6228      
# span 11 =   4.368925, 270.823345      
# span 12 =     2.0842,     2.8205      
# span 13 =     -0.098,     92.515      
# span 14 =  -192.0198,    14.0690      
# span 15 =  -2430.405,   1330.005      
# span 16 =     7.0386,    12.2431      
# span 17 = 0.0000e+00, 0.0000e+00      
# interval = seconds: 0.0416667
# start_time = Sep 24 2023 15:05:32 [NMEA time, header]
# bad_flag = -9.990e-29
*END*
[from data line 9247]
     89.713     3.9103 183.610174     2.3028 1.0000e-12     0.2276    94.4679 9.5238e-02 5.1788e+02  0.0554688     3.9112 184.749526     2.2869     91.482    11.6618    317.541    11.7867 0.0000e+00
     89.725     3.9105 183.634054     2.3028 1.0000e-12     0.2287    94.4418 9.5238e-02 5.1788e+02  0.0558845     3.9114 184.688869     2.2869     91.494    11.6621    317.580    11.7859 0.0000e+00
     89.739     3.9105 183.574353     2.3040 1.0000e-12     0.2287    94.4418 9.8901e-02 5.1788e+02  0.0558845     3.9112 184.658544     2.2869     91.508    11.6703    317.477    11.7853 0.0000e+00
     89.753     3.9105 183.610175     2.3028 1.0000e-12     0.2287    94.4418 9.8901e-02 5.1788e+02  0.0554688     3.9119 184.719199     2.2869     91.523    11.6617    317.539    11.7844 0.0000e+00
     89.765     3.9103 183.598234     2.3028 1.0000e-12     0.2287    94.4418 9.8901e-02 5.1788e+02  0.0554688     3.9115 184.688871     2.2869     91.535    11.6610    317.521    11.7840 0.0000e+00
     89.778     3.9105 183.586293     2.3028 1.0000e-12     0.2287    94.4418 9.8901e-02 5.1788e+02  0.0558845     3.9115 184.688871     2.2869     91.548    11.6590    317.498    11.7834 0.0000e+00
     89.791     3.9105 183.622115     2.3028 1.0000e-12     0.2287    94.4418 9.8901e-02 5.1591e+02  0.0558845     3.9120 184.870836     2.2869     91.561    11.6571    317.560    11.7828 0.0000e+00
     89.804     3.9106 183.598235     2.3028 1.0000e-12     0.2287    94.4418 9.5238e-02 5.1788e+02  0.0558845     3.9117 184.779854     2.2869     91.575    11.6551    317.517    11.7825 0.0000e+00
     89.816     3.9106 183.574354     2.3028 1.0000e-12     0.2287    94.4418 9.8901e-02 5.1788e+02  0.0558845     3.9117 184.779854     2.2869     91.587    11.6532    317.476    11.7821 0.0000e+00
     89.828     3.9106 183.598235     2.3028 1.0000e-12     0.2299    94.4157 9.5238e-02 5.1788e+02  0.0558845     3.9114 184.810182     2.2869     91.599    11.6513    317.517    11.7819 0.0000e+00
     89.840     3.9105 183.586295     2.3028 1.0000e-12     0.2287    94.4418 9.5238e-02 5.1788e+02  0.0558845     3.9115 184.749528     2.2869     91.611    11.6506    317.498    11.7816 0.0000e+00
     89.852     3.9106 183.550473     2.3028 1.0000e-12     0.2287    94.4418 9.5238e-02 5.1788e+02  0.0554688     3.9114 184.749527     2.2869     91.624    11.6498    317.435    11.7815 0.0000e+00
     89.865     3.9103 183.586295     2.3028 1.0000e-12     0.2287    94.4418 9.5238e-02 5.1788e+02  0.0554688     3.9117 184.901166     2.2869     91.637    11.6493    317.500    11.7812 0.0000e+00
     89.878     3.9103 183.610177     2.3028 1.0000e-12     0.2287    94.4418 9.5238e-02 5.1788e+02  0.0554688     3.9114 184.658546     2.2857     91.650    11.6487    317.541    11.7733 0.0000e+00
     89.891     3.9102 183.562415     2.3040 1.0000e-12     0.2287    94.4418 9.5238e-02 5.1788e+02  0.0558845     3.9112 184.810183     2.2869     91.663    11.6572    317.460    11.7813 0.0000e+00
     89.904     3.9101 183.586296     2.3040 1.0000e-12     0.2287    94.4418 9.5238e-02 5.1788e+02  0.0558845     3.9117 184.810183     2.2869     91.677    11.6578    317.502    11.7811 0.0000e+00
     89.917     3.9103 183.562416     2.3040 1.0000e-12     0.2287    94.4418 9.5238e-02 5.1788e+02  0.0558845     3.9114 184.810185     2.2857     91.690    11.6572    317.459    11.7733 0.0000e+00
     89.929     3.9105 183.550475     2.3028 1.0000e-12     0.2287    94.4418 9.5238e-02 5.1788e+02  0.0554688     3.9115 184.749529     2.2857     91.702    11.6488    317.436    11.7734 0.0000e+00
     89.940     3.9103 183.550475     2.3028 1.0000e-12     0.2287    94.4418 9.5238e-02 5.1788e+02  0.0550530     3.9117 184.658547     2.2857     91.713    11.6484    317.438    11.7735 0.0000e+00
     89.953     3.9105 183.622118     2.3028 1.0000e-12     0.2287    94.4418 9.5238e-02 5.1788e+02  0.0558845     3.9114 184.719202     2.2857     91.727    11.6467    317.560    11.7739 0.0000e+00
     89.966     3.9107 183.610178     2.3028 1.0000e-12     0.2299    94.4157 9.5238e-02 5.1788e+02  0.0563003     3.9112 184.688875     2.2857     91.740    11.6450    317.537    11.7742 0.0000e+00
     89.979     3.9103 183.646000     2.3016 1.0000e-12     0.2310    94.3895 9.5238e-02 5.1788e+02  0.0558845     3.9117 184.719203     2.2857     91.753    11.6369    317.603    11.7744 0.0000e+00
     89.993     3.9101 183.622119     2.3016 1.0000e-12     0.2310    94.3895 9.5238e-02 5.1788e+02  0.0554688     3.9115 184.749530     2.2857     91.767    11.6378    317.564    11.7749 0.0000e+00
     90.005     3.9102 183.586298     2.3016 1.0000e-12     0.2299    94.4157 9.5238e-02 5.1788e+02  0.0554688     3.9114 184.688876     2.2857     91.780    11.6385    317.501    11.7754 0.0000e+00
     90.017     3.9103 183.598239     2.3016 1.0000e-12     0.2299    94.4157 9.5238e-02 5.1788e+02  0.0554688     3.9119 184.779858     2.2857     91.792    11.6393    317.521    11.7757 0.0000e+00
     90.028     3.9103 183.586298     2.3028 1.0000e-12     0.2310    94.3895 9.5238e-02 5.1788e+02  0.0558845     3.9115 184.719203     2.2857     91.803    11.6467    317.500    11.7764 0.0000e+00
     90.040     3.9101 183.574358     2.3028 1.0000e-12     0.2321    94.3634 9.5238e-02 5.1788e+02  0.0558845     3.9119 184.840513     2.2857     91.815    11.6465    317.481    11.7768 0.0000e+00
     90.054     3.9105 183.574358     2.3028 1.0000e-12     0.2310    94.3895 9.5238e-02 5.1788e+02  0.0554688     3.9111 184.719204     2.2857     91.830    11.6473    317.477    11.7778 0.0000e+00
     90.067     3.9106 183.586299     2.3016 1.0000e-12     0.2310    94.3895 9.5238e-02 5.1788e+02  0.0554688     3.9119 184.779859     2.2857     91.843    11.6392    317.497    11.7782 0.0000e+00
     90.080     3.9106 183.646001     2.3016 1.0000e-12     0.2310    94.3895 9.5238e-02 5.1788e+02  0.0554688     3.9118 184.810186     2.2857     91.856    11.6391    317.600    11.7790 0.0000e+00
     90.092     3.9105 183.598240     2.3016 1.0000e-12     0.2299    94.4157 9.5238e-02 5.1788e+02  0.0554688     3.9114 184.719205     2.2857     91.868    11.6391    317.518    11.7800 0.0000e+00
     90.104     3.9109 183.574359     2.3016 1.0000e-12     0.2299    94.4157 9.5238e-02 5.1788e+02  0.0558845     3.9119 184.779859     2.2857     91.880    11.6389    317.473    11.7807 0.0000e+00
     90.115     3.9109 183.622120     2.3016 1.0000e-12     0.2299    94.4157 9.5238e-02 5.1788e+02  0.0558845     3.9115 184.870841     2.2857     91.892    11.6389    317.555    11.7818 0.0000e+00
     90.128     3.9106 183.646004     2.3016 1.0000e-12     0.2299    94.4157 9.5238e-02 5.1788e+02  0.0558845     3.9112 184.779861     2.2857     91.905    11.6391    317.600    11.7816 0.0000e+00
     90.141     3.9111 183.574359     2.3016 1.0000e-12     0.2299    94.4157 9.5238e-02 5.1788e+02  0.0554688     3.9114 184.840515     2.2857     91.918    11.6390    317.470    11.7826 0.0000e+00
     90.153     3.9107 183.610181     2.3016 1.0000e-12     0.2299    94.4157 9.5238e-02 5.1788e+02  0.0554688     3.9117 184.749533     2.2857     91.930    11.6393    317.537    11.7836 0.0000e+00
     90.165     3.9109 183.657944     2.3016 1.0000e-12     0.2299    94.4157 9.5238e-02 5.1788e+02  0.0554688     3.9111 184.688879     2.2857     91.943    11.6395    317.617    11.7838 0.0000e+00
     90.177     3.9107 183.598241     2.3016 1.0000e-12     0.2299    94.4157 9.5238e-02 5.1788e+02  0.0554688     3.9111 184.779861     2.2857     91.955    11.6398    317.516    11.7851 0.0000e+00
     90.188     3.9107 183.646004     2.3028 1.0000e-12     0.2310    94.3895 9.5238e-02 5.1788e+02  0.0554688     3.9112 184.810189     2.2857     91.966    11.6479    317.599    11.7851 0.0000e+00
     90.199     3.9106 183.646003     2.3028 1.0000e-12     0.2310    94.3895 9.5238e-02 5.1788e+02  0.0554688     3.9120 184.749533     2.2857     91.977    11.6495    317.600    11.7849 0.0000e+00
     90.209     3.9109 183.610183     2.3016 1.0000e-12     0.2310    94.3895 1.0256e-01 5.1788e+02  0.0558845     3.9114 184.719207     2.2857     91.988    11.6432    317.535    11.7852 0.0000e+00
     90.219     3.9107 183.610181     2.3016 1.0000e-12     0.2299    94.4157 1.0256e-01 5.1788e+02  0.0558845     3.9115 184.688878     2.2857     91.998    11.6450    317.537    11.7841 0.0000e+00
     90.231     3.9106 183.586301     2.3016 1.0000e-12     0.2276    94.4679 9.8901e-02 5.1788e+02  0.0554688     3.9118 184.719207     2.2857     92.010    11.6457    317.497    11.7843 0.0000e+00
     90.244     3.9109 183.586302     2.3016 1.0000e-12     0.2265    94.4941 9.5238e-02 5.1788e+02  0.0554688     3.9109 184.779863     2.2857     92.023    11.6462    317.493    11.7849 0.0000e+00
     90.257     3.9106 183.598243     2.3016 1.0000e-12     0.2265    94.4941 9.5238e-02 5.1788e+02  0.0558845     3.9115 184.719208     2.2857     92.037    11.6471    317.517    11.7850 0.0000e+00
     90.268     3.9107 183.622124     2.3016 1.0000e-12     0.2276    94.4679 9.5238e-02 5.1788e+02  0.0554688     3.9119 184.779863     2.2857     92.048    11.6478    317.557    11.7839 0.0000e+00
     90.279     3.9106 183.610183     2.3028 1.0000e-12     0.2265    94.4941 9.5238e-02 5.1788e+02  0.0554688     3.9115 184.810190     2.2857     92.059    11.6553    317.538    11.7830 0.0000e+00
     90.288     3.9106 183.562422     2.3028 1.0000e-12     0.2265    94.4941 9.5238e-02 5.1788e+02  0.0554688     3.9119 184.749535     2.2857     92.068    11.6550    317.455    11.7833 0.0000e+00
     90.298     3.9107 183.622124     2.3028 1.0000e-12     0.2276    94.4679 9.5238e-02 5.1788e+02  0.0554688     3.9117 184.779863     2.2857     92.078    11.6546    317.557    11.7825 0.0000e+00
     90.308     3.9106 183.634065     2.3016 1.0000e-12     0.2276    94.4679 9.5238e-02 5.1788e+02  0.0554688     3.9119 184.810190     2.2857     92.089    11.6464    317.579    11.7828 0.0000e+00
     90.318     3.9106 183.598244     2.3016 1.0000e-12     0.2276    94.4679 9.5238e-02 5.1788e+02  0.0554688     3.9119 184.810191     2.2857     92.099    11.6472    317.517    11.7833 0.0000e+00
     90.328     3.9106 183.598243     2.3016 1.0000e-12     0.2276    94.4679 9.8901e-02 5.1788e+02  0.0554688     3.9118 184.810190     2.2857     92.109    11.6481    317.517    11.7825 0.0000e+00
     90.339     3.9107 183.610185     2.3016 1.0000e-12     0.2276    94.4679 9.8901e-02 5.1788e+02  0.0554688     3.9120 184.749537     2.2857     92.120    11.6490    317.537    11.7816 0.0000e+00
     90.349     3.9106 183.586302     2.3016 1.0000e-12     0.2276    94.4679 9.8901e-02 5.1788e+02  0.0550530     3.9117 184.840518     2.2857     92.130    11.6488    317.497    11.7810 0.0000e+00
     90.360     3.9107 183.598245     2.3016 1.0000e-12     0.2276    94.4679 9.5238e-02 5.1788e+02  0.0550530     3.9119 184.810193     2.2857     92.142    11.6485    317.516    11.7802 0.0000e+00
     90.370     3.9109 183.646006     2.3016 1.0000e-12     0.2265    94.4941 9.5238e-02 5.1788e+02  0.0554688     3.9124 184.749536     2.2857     92.152    11.6482    317.597    11.7794 0.0000e+00
     90.380     3.9110 183.646007     2.3016 1.0000e-12     0.2265    94.4941 9.5238e-02 5.1788e+02  0.0558845     3.9120 184.779864     2.2857     92.162    11.6480    317.595    11.7790 0.0000e+00
     90.391     3.9111 183.646006     2.3016 1.0000e-12     0.2276    94.4679 9.5238e-02 5.1788e+02  0.0558845     3.9122 184.749536     2.2845     92.173    11.6466    317.594    11.7704 0.0000e+00
     90.402     3.9109 183.598246     2.3016 1.0000e-12     0.2265    94.4941 9.5238e-02 5.1788e+02  0.0554688     3.9115 184.749538     2.2857     92.184    11.6465    317.514    11.7795 0.0000e+00
     90.412     3.9111 183.550483     2.3016 1.0000e-12     0.2265    94.4941 9.5238e-02 5.1788e+02  0.0550530     3.9124 184.749537     2.2857     92.195    11.6451    317.429    11.7800 0.0000e+00
     90.422     3.9111 183.526602     2.3016 1.0000e-12     0.2276    94.4679 9.1575e-02 5.1788e+02  0.0554688     3.9122 184.901175     2.2845     92.205    11.6450    317.388    11.7716 0.0000e+00
     90.433     3.9109 183.562425     2.3016 1.0000e-12     0.2287    94.4418 9.5238e-02 5.1788e+02  0.0563003     3.9123 184.779866     2.2857     92.216    11.6449    317.452    11.7791 0.0000e+00
     90.443     3.9111 183.550484     2.3016 1.0000e-12     0.2310    94.3895 9.5238e-02 5.1788e+02  0.0558845     3.9120 184.779865     2.2857     92.226    11.6447    317.429    11.7789 0.0000e+00
     90.452     3.9112 183.586304     2.3016 1.0000e-12     0.2310    94.3895 9.5238e-02 5.1788e+02  0.0554688     3.9121 184.749537     2.2845     92.235    11.6457    317.490    11.7718 0.0000e+00
     90.464     3.9111 183.610187     2.3016 1.0000e-12     0.2310    94.3895 9.8901e-02 5.1788e+02  0.0550530     3.9119 184.749538     2.2845     92.248    11.6469    317.532    11.7729 0.0000e+00
     90.476     3.9113 183.634068     2.3016 1.0000e-12     0.2310    94.3895 1.0256e-01 5.1788e+02  0.0554688     3.9119 184.749539     2.2845     92.260    11.6468    317.572    11.7726 0.0000e+00
     90.487     3.9114 183.646008     2.3016 1.0000e-12     0.2310    94.3895 9.8901e-02 5.1788e+02  0.0554688     3.9119 184.688883     2.2857     92.271    11.6467    317.591    11.7803 0.0000e+00
     90.498     3.9112 183.598247     2.3016 1.0000e-12     0.2310    94.3895 9.5238e-02 5.1788e+02  0.0554688     3.9123 184.688884     2.2857     92.282    11.6468    317.511    11.7800 0.0000e+00
     90.509     3.9114 183.622128     2.3016 1.0000e-12     0.2310    94.3895 9.5238e-02 5.1788e+02  0.0554688     3.9121 184.688885     2.2857     92.293    11.6467    317.550    11.7799 0.0000e+00
     90.519     3.9114 183.598246     2.3016 1.0000e-12     0.2310    94.3895 9.5238e-02 5.1788e+02  0.0558845     3.9125 184.688884     2.2845     92.304    11.6466    317.508    11.7717 0.0000e+00
     90.530     3.9111 183.586306     2.3016 1.0000e-12     0.2310    94.3895 9.5238e-02 5.1788e+02  0.0558845     3.9123 184.840521     2.2845     92.315    11.6467    317.491    11.7717 0.0000e+00
     90.540     3.9114 183.622129     2.3016 1.0000e-12     0.2310    94.3895 9.8901e-02 5.1788e+02  0.0554688     3.9125 184.779868     2.2857     92.325    11.6466    317.550    11.7797 0.0000e+00
     90.549     3.9116 183.610187     2.3016 1.0000e-12     0.2310    94.3895 1.0256e-01 5.1788e+02  0.0554688     3.9118 184.840522     2.2845     92.334    11.6466    317.527    11.7720 0.0000e+00
     90.559     3.9115 183.610188     2.3016 1.0000e-12     0.2310    94.3895 9.8901e-02 5.1788e+02  0.0558845     3.9125 184.779867     2.2857     92.344    11.6480    317.528    11.7811 0.0000e+00
     90.569     3.9112 183.634069     2.3016 1.0000e-12     0.2310    94.3895 9.5238e-02 5.1788e+02  0.0554688     3.9119 184.749540     2.2857     92.355    11.6483    317.573    11.7815 0.0000e+00
     90.579     3.9111 183.610189     2.3016 1.0000e-12     0.2310    94.3895 9.5238e-02 5.1788e+02  0.0558845     3.9123 184.749540     2.2845     92.365    11.6486    317.532    11.7735 0.0000e+00
     90.589     3.9112 183.586307     2.3016 1.0000e-12     0.2310    94.3895 9.5238e-02 5.1788e+02  0.0558845     3.9121 184.779867     2.2845     92.375    11.6487    317.490    11.7738 0.0000e+00
     90.599     3.9111 183.550486     2.3016 1.0000e-12     0.2310    94.3895 9.8901e-02 5.1788e+02  0.0554688     3.9125 184.810195     2.2845     92.385    11.6478    317.429    11.7740 0.0000e+00
     90.610     3.9111 183.586309     2.3016 1.0000e-12     0.2310    94.3895 9.8901e-02 5.1788e+02  0.0550530     3.9123 184.840524     2.2845     92.396    11.6481    317.491    11.7744 0.0000e+00
