data/05_metadata_exports/SeabirdData/202310_SeabirdData/88631_STN55,2.cnv
* Sea-Bird SBE 9 Data File:
* FileName = C:\Users\rosette\Rosette Data\2023\Ontario lower food web csmi\STN55,2.hex
* Software Version Seasave V 7.26.6.26
* Temperature SN = 5270
* Conductivity SN = 1168
* Number of Bytes Per Scan = 40
* Number of Voltage Words = 5
* Number of Scans Averaged by the Deck Unit = 1
* NMEA Latitude = 43 26.64 N
* NMEA Longitude = 077 26.33 W
* NMEA UTC (Time) = Sep 25 2023  23:58:30
* NMEA baud rate = 4800
** Ship: Lake Guardian
** Cruise: Ontario LFW
** Station:  STN55,2
# nquan = 18                                
# nvalues = 6398                        
# units = specified
# name 0 = prDM: Pressure, Digiquartz [db]
# name 1 = t090C: Temperature [ITS-90, deg C]
# name 2 = c0uS/cm: Conductivity [uS/cm]
# name 3 = sbeox0V: Oxygen raw, SBE 43 [V]
# name 4 = par: PAR/Irradiance, Biospherical/Licor
# name 5 = bat: Beam Attenuation, Chelsea/Seatech [1/m]
# name 6 = xmiss: Beam Transmission, Chelsea/Seatech [%]
# name 7 = flSP: Fluorescence, Seapoint
# name 8 = spar: SPAR, Biospherical/Licor
# name 9 = upoly0: Upoly 0, Suna Nitrate
# name 10 = t190C: Temperature, 2 [ITS-90, deg C]
# name 11 = c1uS/cm: Conductivity, 2 [uS/cm]
# name 12 = sbeox1V: Oxygen raw, SBE 43, 2 [V]
# name 13 = depFM: Depth [fresh water, m], lat = 43.444
# name 14 = sbeox0Mg/L: Oxygen, SBE 43 [mg/l], WS = 2
# name 15 = specc: Specific Conductance [uS/cm]
# name 16 = sbeox1Mg/L: Oxygen, SBE 43, 2 [mg/l], WS = 2
# name 17 = flag: flag
# span 0 =      0.002,      5.037       
# span 1 =   -77.2484,    20.0847       
# span 2 =-186.614185, 271.743006       
# span 3 =     0.0000,     0.0354       
# span 4 = 1.0000e-12, 7.1244e+00       
# span 5 =     0.9103,     5.2838       
# span 6 =    26.6884,    79.6469       
# span 7 = 8.7912e-02, 3.4872e+00       
# span 8 = 0.0000e+00, 0.0000e+00       
# span 9 =  0.0413330,  0.0625367       
# span 10 =    14.5035,    20.0804      
# span 11 =   7.646775, 272.984771      
# span 12 =     1.8425,     2.8376      
# span 13 =      0.002,      5.136      
# span 14 =    -2.5066,   131.7131      
# span 15 =   -274.523,   2578.992      
# span 16 =     5.9536,    10.6340      
# span 17 = 0.0000e+00, 0.0000e+00      
# interval = seconds: 0.0416667
# start_time = Sep 25 2023 23:58:30 [NMEA time, header]
# bad_flag = -9.990e-29
*END*
[from data line 1850]
      2.292    20.0769 267.040334     0.0342 1.0000e-12     0.9195    79.4639 1.2344e+00 0.0000e+00  0.0413330    20.0717 263.029844     1.8694      2.337    -2.1150    296.174     6.0457 -9.990e-29
      2.295    20.0770 267.076499     0.0183 1.0000e-12     0.9208    79.4378 1.1941e+00 0.0000e+00  0.0413330    20.0722 263.029844     1.8694      2.340    -2.1892    296.213     6.0473 -9.990e-29
      2.298    20.0774 267.088553     0.0037 1.0000e-12     0.9208    79.4378 1.1905e+00 0.0000e+00  0.0417488    20.0730 262.968971     1.8694      2.343    -2.2526    296.224     6.0489 -9.990e-29
      2.300    20.0774 267.100609     0.0000 1.0000e-12     0.9195    79.4639 1.1648e+00 0.0000e+00  0.0417488    20.0736 263.060280     1.8694      2.345    -2.2646    296.237     6.0503 -9.990e-29
      2.302    20.0777 267.136773     0.0012 2.2121e-03     0.9208    79.4378 1.1465e+00 0.0000e+00  0.0413330    20.0734 262.999407     1.8694      2.347    -2.2608    296.275     6.0514 -9.990e-29
      2.303    20.0783 267.100607     0.0012 4.7059e-03     0.9195    79.4639 1.1465e+00 0.0000e+00  0.0413330    20.0738 263.182024     1.8694      2.348    -2.2562    296.231     6.0521 -9.990e-29
      2.305    20.0786 267.052390     0.0183 5.3382e-03     0.9208    79.4378 1.1538e+00 0.0000e+00  0.0413330    20.0734 263.182026     1.8694      2.350    -2.1812    296.176     6.0534 -9.990e-29
      2.305    20.0785 267.076497     0.0317 3.7642e-03     0.9208    79.4378 1.1941e+00 0.0000e+00  0.0413330    20.0739 263.182024     1.8706      2.350    -2.1266    296.203     6.0592 -9.990e-29
      2.304    20.0788 267.052387     0.0110 2.8303e-03     0.9208    79.4378 1.2527e+00 0.0000e+00  0.0413330    20.0745 263.060278     1.8706      2.349    -2.2222    296.175     6.0597 -9.990e-29
      2.304    20.0791 267.052389     0.0012 2.5207e-03     0.9195    79.4639 1.2674e+00 0.0000e+00  0.0425803    20.0743 263.090716     1.8706      2.349    -2.2614    296.173     6.0599 -9.990e-29
      2.303    20.0790 267.052387     0.0012 7.5476e-05     0.9208    79.4378 1.2784e+00 0.0000e+00  0.0429961    20.0741 263.121151     1.8706      2.348    -2.2595    296.173     6.0598 -9.990e-29
      2.302    20.0792 267.028277     0.0012 1.0000e-12     0.9208    79.4378 1.3370e+00 0.0000e+00  0.0429961    20.0739 263.273333     1.8706      2.347    -2.2590    296.145     6.0593 -9.990e-29
      2.302    20.0793 267.040334     0.0024 1.0000e-12     0.9208    79.4378 1.3407e+00 0.0000e+00  0.0434118    20.0741 263.334208     1.8706      2.347    -2.2502    296.158     6.0588 -9.990e-29
      2.301    20.0794 267.028277     0.0305 1.0000e-12     0.9208    79.4378 1.3370e+00 0.0000e+00  0.0429961    20.0743 263.212460     1.8706      2.346    -2.1291    296.144     6.0584 -9.990e-29
      2.299    20.0795 266.955949     0.0244 1.0000e-12     0.9208    79.4378 1.3480e+00 0.0000e+00  0.0429961    20.0748 263.273333     1.8706      2.344    -2.1604    296.063     6.0580 -9.990e-29
      2.297    20.0797 266.895675     0.0061 1.0000e-12     0.9208    79.4378 1.2821e+00 0.0000e+00  0.0434118    20.0748 263.273333     1.8706      2.342    -2.2432    295.995     6.0573 -9.990e-29
      2.297    20.0795 266.871566     0.0000 1.0000e-12     0.9195    79.4639 1.1832e+00 0.0000e+00  0.0429961    20.0750 263.273332     1.8706      2.342    -2.2652    295.969     6.0566 -9.990e-29
      2.297    20.0798 266.751021     0.0012 1.0000e-12     0.9195    79.4639 1.1319e+00 0.0000e+00  0.0429961    20.0748 263.364642     1.8706      2.342    -2.2607    295.834     6.0555 -9.990e-29
      2.296    20.0799 266.714859     0.0012 1.0000e-12     0.9195    79.4639 1.1502e+00 0.0000e+00  0.0429961    20.0750 263.334207     1.8706      2.341    -2.2572    295.793     6.0544 -9.990e-29
      2.294    20.0798 266.570207     0.0073 1.0000e-12     0.9208    79.4378 1.1648e+00 0.0000e+00  0.0429961    20.0748 263.364642     1.8706      2.339    -2.2290    295.633     6.0538 -9.990e-29
      2.292    20.0797 266.570207     0.0342 1.0000e-12     0.9208    79.4378 1.1648e+00 0.0000e+00  0.0434118    20.0746 263.303769     1.8706      2.337    -2.1146    295.634     6.0528 -9.990e-29
      2.290    20.0799 266.546099     0.0171 1.0000e-12     0.9195    79.4639 1.1612e+00 0.0000e+00  0.0434118    20.0747 263.364643     1.8694      2.335    -2.1951    295.606     6.0464 -9.990e-29
      2.288    20.0798 266.461720     0.0024 1.0000e-12     0.9195    79.4639 1.1355e+00 0.0000e+00  0.0429961    20.0746 263.303769     1.8706      2.333    -2.2590    295.513     6.0508 -9.990e-29
      2.285    20.0799 266.389396     0.0000 1.0000e-12     0.9195    79.4639 1.1136e+00 0.0000e+00  0.0429961    20.0746 263.303769     1.8694      2.330    -2.2656    295.432     6.0444 -9.990e-29
      2.282    20.0798 266.377342     0.0012 1.0000e-12     0.9195    79.4639 1.0989e+00 0.0000e+00  0.0429961    20.0743 263.395079     1.8694      2.327    -2.2617    295.419     6.0444 -9.990e-29
      2.279    20.0799 266.353235     0.0024 1.0000e-12     0.9195    79.4639 1.1062e+00 0.0000e+00  0.0421646    20.0738 263.455953     1.8694      2.324    -2.2518    295.392     6.0443 -9.990e-29
      2.275    20.0799 266.365289     0.0195 1.0000e-12     0.9195    79.4639 1.1575e+00 0.0000e+00  0.0413330    20.0746 263.395079     1.8694      2.320    -2.1768    295.405     6.0442 -9.990e-29
      2.271    20.0800 266.329125     0.0317 1.0000e-12     0.9195    79.4639 1.2454e+00 0.0000e+00  0.0413330    20.0750 263.486388     1.8694      2.316    -2.1275    295.365     6.0445 -9.990e-29
      2.269    20.0801 266.317073     0.0110 1.0000e-12     0.9208    79.4378 1.2674e+00 0.0000e+00  0.0413330    20.0743 263.334206     1.8681      2.314    -2.2230    295.351     6.0392 -9.990e-29
      2.266    20.0798 266.341181     0.0012 1.0000e-12     0.9195    79.4639 1.2711e+00 0.0000e+00  0.0413330    20.0750 263.364643     1.8681      2.311    -2.2618    295.379     6.0395 -9.990e-29
      2.263    20.0799 266.413503     0.0000 1.0000e-12     0.9195    79.4639 1.2747e+00 0.0000e+00  0.0413330    20.0748 263.334204     1.8694      2.308    -2.2658    295.459     6.0461 -9.990e-29
      2.259    20.0801 266.473774     0.0012 1.0000e-12     0.9195    79.4639 1.2601e+00 0.0000e+00  0.0413330    20.0750 263.547263     1.8681      2.304    -2.2594    295.524     6.0414 -9.990e-29
      2.256    20.0798 266.521989     0.0024 1.0000e-12     0.9195    79.4639 1.2051e+00 0.0000e+00  0.0413330    20.0750 263.669009     1.8681      2.300    -2.2501    295.580     6.0430 -9.990e-29
      2.253    20.0802 266.666640     0.0305 1.0000e-12     0.9195    79.4639 1.1355e+00 0.0000e+00  0.0417488    20.0750 263.638574     1.8681      2.297    -2.1290    295.738     6.0449 -9.990e-29
      2.250    20.0796 266.799238     0.0244 1.0000e-12     0.9195    79.4639 1.1209e+00 0.0000e+00  0.0413330    20.0748 263.851633     1.8669      2.294    -2.1606    295.889     6.0419 -9.990e-29
      2.247    20.0801 266.871564     0.0049 1.0000e-12     0.9195    79.4639 1.1209e+00 0.0000e+00  0.0413330    20.0745 263.973383     1.8669      2.291    -2.2484    295.965     6.0442 -9.990e-29
      2.245    20.0799 266.968003     0.0000 1.0000e-12     0.9195    79.4639 1.1319e+00 0.0000e+00  0.0417488    20.0746 263.882072     1.8669      2.289    -2.2651    296.074     6.0472 -9.990e-29
      2.241    20.0800 266.992112     0.0012 5.3382e-03     0.9208    79.4378 1.1758e+00 0.0000e+00  0.0429961    20.0745 263.942946     1.8669      2.285    -2.2609    296.100     6.0506 -9.990e-29
      2.237    20.0797 267.124714     0.0024 3.7398e-02     0.9208    79.4378 1.1538e+00 0.0000e+00  0.0434118    20.0745 264.003820     1.8669      2.281    -2.2518    296.249     6.0542 -9.990e-29
      2.234    20.0800 267.172934     0.0085 5.2823e-02     0.9208    79.4378 1.1209e+00 0.0000e+00  0.0434118    20.0741 264.186447     1.8669      2.278    -2.2231    296.300     6.0582 -9.990e-29
      2.231    20.0797 267.257319     0.0342 2.4195e-02     0.9208    79.4378 1.1282e+00 0.0000e+00  0.0434118    20.0741 264.338636     1.8669      2.275    -2.1140    296.396     6.0624 -9.990e-29
      2.229    20.0797 267.389927     0.0159 1.5973e-03     0.9221    79.4116 1.1905e+00 0.0000e+00  0.0434118    20.0741 264.429951     1.8669      2.273    -2.1990    296.543     6.0673 -9.990e-29
      2.227    20.0798 267.486369     0.0024 1.0000e-12     0.9234    79.3855 1.2308e+00 0.0000e+00  0.0434118    20.0741 264.612580     1.8669      2.271    -2.2569    296.649     6.0725 -9.990e-29
      2.225    20.0802 267.643091     0.0000 1.0000e-12     0.9234    79.3855 1.2308e+00 0.0000e+00  0.0434118    20.0743 264.856089     1.8669      2.269    -2.2642    296.820     6.0782 -9.990e-29
      2.223    20.0804 267.763648     0.0012 1.0000e-12     0.9221    79.4116 1.2344e+00 0.0000e+00  0.0438276    20.0739 265.069162     1.8669      2.267    -2.2600    296.953     6.0841 -9.990e-29
      2.219    20.0804 267.872151     0.0000 1.0000e-12     0.9221    79.4116 1.2491e+00 0.0000e+00  0.0434118    20.0741 265.282236     1.8669      2.263    -2.2610    297.073     6.0905 -9.990e-29
      2.217    20.0807 268.028878     0.0195 1.0000e-12     0.9234    79.3855 1.2454e+00 0.0000e+00  0.0434118    20.0743 265.556190     1.8669      2.261    -2.1758    297.245     6.0967 -9.990e-29
      2.215    20.0811 268.113272     0.0305 1.0000e-12     0.9234    79.3855 1.2527e+00 0.0000e+00  0.0434118    20.0738 265.860592     1.8669      2.259    -2.1321    297.336     6.1038 -9.990e-29
      2.214    20.0809 268.233836     0.0098 1.0000e-12     0.9234    79.3855 1.2527e+00 0.0000e+00  0.0434118    20.0741 266.043233     1.8681      2.258    -2.2273    297.471     6.1163 -9.990e-29
      2.213    20.0805 268.221778     0.0012 1.0000e-12     0.9234    79.3855 1.2491e+00 0.0000e+00  0.0434118    20.0755 266.134552     1.8681      2.257    -2.2605    297.460     6.1237 -9.990e-29
      2.214    20.0806 268.366458     0.0012 1.0000e-12     0.9234    79.3855 1.2198e+00 0.0000e+00  0.0434118    20.0757 266.378079     1.8681      2.258    -2.2593    297.620     6.1312 -9.990e-29
      2.214    20.0801 268.426742     0.0012 1.0000e-12     0.9234    79.3855 1.1795e+00 0.0000e+00  0.0434118    20.0759 266.530284     1.8694      2.258    -2.2582    297.690     6.1449 -9.990e-29
      2.214    20.0800 268.511140     0.0024 1.0000e-12     0.9234    79.3855 1.1502e+00 0.0000e+00  0.0434118    20.0753 266.712933     1.8694      2.258    -2.2493    297.784     6.1528 -9.990e-29
      2.213    20.0797 268.499081     0.0317 1.0000e-12     0.9234    79.3855 1.1722e+00 0.0000e+00  0.0434118    20.0753 266.773813     1.8694      2.257    -2.1230    297.773     6.1606 -9.990e-29
      2.212    20.0801 268.523196     0.0232 1.0000e-12     0.9234    79.3855 1.2161e+00 0.0000e+00  0.0434118    20.0753 266.865139     1.8706      2.256    -2.1651    297.797     6.1739 -9.990e-29
      2.212    20.0802 268.691993     0.0061 1.0000e-12     0.9234    79.3855 1.2308e+00 0.0000e+00  0.0434118    20.0759 267.017347     1.8718      2.256    -2.2423    297.984     6.1875 -9.990e-29
      2.212    20.0809 268.704048     0.0012 1.0000e-12     0.9234    79.3855 1.2821e+00 0.0000e+00  0.0434118    20.0753 267.169556     1.8718      2.256    -2.2590    297.992     6.1956 -9.990e-29
      2.213    20.0809 268.655822     0.0012 1.2871e-02     0.9234    79.3855 1.3333e+00 0.0000e+00  0.0434118    20.0759 267.139115     1.8730      2.257    -2.2604    297.939     6.2092 -9.990e-29
      2.214    20.0811 268.752278     0.0012 3.1417e-02     0.9234    79.3855 1.3407e+00 0.0000e+00  0.0434118    20.0757 267.260883     1.8742      2.258    -2.2570    298.045     6.2226 -9.990e-29
      2.215    20.0812 268.752279     0.0098 3.6181e-02     0.9234    79.3855 1.3736e+00 0.0000e+00  0.0434118    20.0764 267.321768     1.8742      2.259    -2.2174    298.044     6.2302 -9.990e-29
      2.214    20.0809 268.848735     0.0342 2.5684e-02     0.9221    79.4116 1.3993e+00 0.0000e+00  0.0434118    20.0766 267.352208     1.8767      2.258    -2.1143    298.153     6.2487 -9.990e-29
      2.215    20.0807 268.812564     0.0147 9.5358e-03     0.9195    79.4639 1.4029e+00 0.0000e+00  0.0434118    20.0766 267.534864     1.8779      2.259    -2.2049    298.114     6.2612 -9.990e-29
      2.215    20.0809 268.788450     0.0024 5.6557e-03     0.9182    79.4900 1.4286e+00 0.0000e+00  0.0434118    20.0767 267.595749     1.8791      2.259    -2.2571    298.086     6.2736 -9.990e-29
      2.215    20.0806 268.716107     0.0012 1.6649e-02     0.9195    79.4639 1.4652e+00 0.0000e+00  0.0434118    20.0764 267.473979     1.8803      2.259    -2.2593    298.008     6.2857 -9.990e-29
      2.215    20.0805 268.740221     0.0012 5.3727e-02     0.9195    79.4639 1.4542e+00 0.0000e+00  0.0434118    20.0760 267.504422     1.8816      2.259    -2.2603    298.035     6.2979 -9.990e-29
      2.215    20.0807 268.788448     0.0024 6.7908e-02     0.9195    79.4639 1.3919e+00 0.0000e+00  0.0434118    20.0757 267.626191     1.8840      2.259    -2.2504    298.087     6.3145 -9.990e-29
      2.216    20.0806 268.800507     0.0220 2.4195e-02     0.9195    79.4639 1.3260e+00 0.0000e+00  0.0434118    20.0757 267.443537     1.8852      2.260    -2.1651    298.101     6.3253 -9.990e-29
      2.217    20.0807 268.728165     0.0293 6.8165e-04     0.9195    79.4639 1.2747e+00 0.0000e+00  0.0434118    20.0759 267.473980     1.8877      2.261    -2.1376    298.020     6.3419 -9.990e-29
      2.216    20.0804 268.728164     0.0098 1.0000e-12     0.9195    79.4639 1.2711e+00 0.0000e+00  0.0434118    20.0754 267.565307     1.8889      2.260    -2.2275    298.022     6.3522 -9.990e-29
      2.216    20.0804 268.752277     0.0000 1.0000e-12     0.9182    79.4900 1.2821e+00 0.0000e+00  0.0434118    20.0753 267.504421     1.8913      2.260    -2.2659    298.049     6.3673 -9.990e-29
      2.216    20.0804 268.716107     0.0012 1.0000e-12     0.9195    79.4639 1.2930e+00 0.0000e+00  0.0434118    20.0755 267.687078     1.8926      2.260    -2.2606    298.009     6.3769 -9.990e-29
      2.218    20.0806 268.740221     0.0012 1.0000e-12     0.9195    79.4639 1.3150e+00 0.0000e+00  0.0434118    20.0754 267.687078     1.8950      2.262    -2.2594    298.035     6.3913 -9.990e-29
      2.219    20.0804 268.788450     0.0037 1.0000e-12     0.9195    79.4639 1.2857e+00 0.0000e+00  0.0434118    20.0759 267.595749     1.8974      2.263    -2.2452    298.089     6.4051 -9.990e-29
      2.219    20.0804 268.691993     0.0330 1.0000e-12     0.9195    79.4639 1.2234e+00 0.0000e+00  0.0434118    20.0752 267.534865     1.8999      2.263    -2.1192    297.982     6.4193 -9.990e-29
      2.220    20.0804 268.691992     0.0220 1.0000e-12     0.9195    79.4639 1.2234e+00 0.0000e+00  0.0434118    20.0752 267.626192     1.9011      2.264    -2.1723    297.982     6.4275 -9.990e-29
      2.221    20.0804 268.667881     0.0049 6.8165e-04     0.9182    79.4900 1.2491e+00 0.0000e+00  0.0434118    20.0755 267.565309     1.9035      2.265    -2.2488    297.956     6.4403 -9.990e-29
      2.221    20.0804 268.691992     0.0000 1.2912e-03     0.9195    79.4639 1.3480e+00 0.0000e+00  0.0434118    20.0753 267.565306     1.9048      2.265    -2.2655    297.982     6.4481 -9.990e-29
      2.222    20.0805 268.655822     0.0012 1.2912e-03     0.9195    79.4639 1.4396e+00 0.0000e+00  0.0434118    20.0748 267.595750     1.9072      2.266    -2.2613    297.942     6.4606 -9.990e-29
      2.223    20.0804 268.643765     0.0012 8.5535e-03     0.9182    79.4900 1.4652e+00 0.0000e+00  0.0434118    20.0748 267.534865     1.9096      2.267    -2.2572    297.929     6.4723 -9.990e-29
