data/05_metadata_exports/SeabirdData/202310_SeabirdData/88631_STN55,2.cnv
* Sea-Bird SBE 9 Data File:
* FileName = C:\Users\rosette\Rosette Data\2023\Ontario lower food web csmi\STN55,2.hex
* Software Version Seasave V 7.26.6.26
* Temperature SN = 5270
* Conductivity SN = 1168
* Number of Bytes Per Scan = 40
* Number of Voltage Words = 5
* Number of Scans Averaged by the Deck Unit = 1
* NMEA Latitude = 43 26.64 N
* NMEA Longitude = 077 26.33 W
* NMEA UTC (Time) = Sep 25 2023  23:58:30
* NMEA baud rate = 4800
** Ship: Lake Guardian
** Cruise: Ontario LFW
** Station:  STN55,2
# nquan = 18                                
# nvalues = 6398                        
# units = specified
# name 0 = prDM: Pressure, Digiquartz [db]
# name 1 = t090C: Temperature [ITS-90, deg C]
# name 2 = c0uS/cm: Conductivity [uS/cm]
# name 3 = sbeox0V: Oxygen raw, SBE 43 [V]
# name 4 = par: PAR/Irradiance, Biospherical/Licor
# name 5 = bat: Beam Attenuation, Chelsea/Seatech [1/m]
# name 6 = xmiss: Beam Transmission, Chelsea/Seatech [%]
# name 7 = flSP: Fluorescence, Seapoint
# name 8 = spar: SPAR, Biospherical/Licor
# name 9 = upoly0: Upoly 0, Suna Nitrate
# name 10 = t190C: Temperature, 2 [ITS-90, deg C]
# name 11 = c1uS/cm: Conductivity, 2 [uS/cm]
# name 12 = sbeox1V: Oxygen raw, SBE 43, 2 [V]
# name 13 = depFM: Depth [fresh water, m], lat = 43.444
# name 14 = sbeox0Mg/L: Oxygen, SBE 43 [mg/l], WS = 2
# name 15 = specc: Specific Conductance [uS/cm]
# name 16 = sbeox1Mg/L: Oxygen, SBE 43, 2 [mg/l], WS = 2
# name 17 = flag: flag
# span 0 =      0.002,      5.037       
# span 1 =   -77.2484,    20.0847       
# span 2 =-186.614185, 271.743006       
# span 3 =     0.0000,     0.0354       
# span 4 = 1.0000e-12, 7.1244e+00       
# span 5 =     0.9103,     5.2838       
# span 6 =    26.6884,    79.6469       
# span 7 = 8.7912e-02, 3.4872e+00       
# span 8 = 0.0000e+00, 0.0000e+00       
# span 9 =  0.0413330,  0.0625367       
# span 10 =    14.5035,    20.0804      
# span 11 =   7.646775, 272.984771      
# span 12 =     1.8425,     2.8376      
# span 13 =      0.002,      5.136      
# span 14 =    -2.5066,   131.7131      
# span 15 =   -274.523,   2578.992      
# span 16 =     5.9536,    10.6340      
# span 17 = 0.0000e+00, 0.0000e+00      
# interval = seconds: 0.0416667
# start_time = Sep 25 2023 23:58:30 [NMEA time, header]
# bad_flag = -9.990e-29
*END*
[from data line 5950]
      5.026    20.0664 271.574189     0.0024 1.0000e-12     0.9340    79.1764 1.3663e+00 0.0000e+00  0.0554688    20.0668 272.710795     2.5519      5.125    -2.2500    301.272     9.1248 -9.990e-29
      5.027    20.0664 271.501826     0.0037 1.0000e-12     0.9326    79.2025 1.3370e+00 0.0000e+00  0.0554688    20.0667 272.802148     2.5531      5.126    -2.2440    301.192     9.1304 -9.990e-29
      5.027    20.0666 271.501824     0.0317 1.0000e-12     0.9340    79.1764 1.3297e+00 0.0000e+00  0.0563003    20.0669 272.741246     2.5519      5.126    -2.1256    301.191     9.1253 -9.990e-29
      5.026    20.0666 271.513885     0.0208 1.0000e-12     0.9340    79.1764 1.3370e+00 0.0000e+00  0.0563003    20.0664 272.802146     2.5531      5.125    -2.1784    301.204     9.1308 -9.990e-29
      5.025    20.0662 271.465640     0.0049 1.0000e-12     0.9340    79.1764 1.3590e+00 0.0000e+00  0.0554688    20.0668 272.680345     2.5531      5.124    -2.2525    301.153     9.1308 -9.990e-29
      5.025    20.0664 271.453581     0.0012 1.0000e-12     0.9340    79.1764 1.3993e+00 0.0000e+00  0.0550530    20.0664 272.680347     2.5531      5.124    -2.2644    301.139     9.1308 -9.990e-29
      5.026    20.0666 271.453581     0.0012 1.0000e-12     0.9326    79.2025 1.4212e+00 0.0000e+00  0.0550530    20.0662 272.649897     2.5531      5.125    -2.2603    301.137     9.1312 -9.990e-29
      5.027    20.0669 271.525946     0.0012 1.0000e-12     0.9326    79.2025 1.3956e+00 0.0000e+00  0.0558845    20.0660 272.680348     2.5531      5.126    -2.2543    301.215     9.1314 -9.990e-29
      5.026    20.0666 271.513885     0.0073 1.0000e-12     0.9326    79.2025 1.3773e+00 0.0000e+00  0.0558845    20.0650 272.741248     2.5531      5.125    -2.2287    301.204     9.1312 -9.990e-29
      5.025    20.0666 271.538007     0.0342 1.0000e-12     0.9326    79.2025 1.3883e+00 0.0000e+00  0.0554688    20.0650 272.680348     2.5531      5.124    -2.1151    301.231     9.1312 -9.990e-29
      5.024    20.0669 271.513883     0.0159 1.0000e-12     0.9340    79.1764 1.3407e+00 0.0000e+00  0.0550530    20.0653 272.680346     2.5531      5.123    -2.2003    301.202     9.1315 -9.990e-29
      5.023    20.0669 271.513886     0.0037 1.0000e-12     0.9340    79.1764 1.2711e+00 0.0000e+00  0.0554688    20.0652 272.710799     2.5531      5.122    -2.2574    301.202     9.1314 -9.990e-29
      5.021    20.0667 271.538005     0.0012 1.0000e-12     0.9340    79.1764 1.2601e+00 0.0000e+00  0.0558845    20.0657 272.649896     2.5531      5.120    -2.2633    301.230     9.1311 -9.990e-29
      5.020    20.0671 271.550068     0.0024 1.0000e-12     0.9340    79.1764 1.2564e+00 0.0000e+00  0.0554688    20.0654 272.649898     2.5531      5.119    -2.2532    301.241     9.1308 -9.990e-29
      5.019    20.0671 271.550068     0.0024 1.0000e-12     0.9326    79.2025 1.2308e+00 0.0000e+00  0.0550530    20.0659 272.649898     2.5531      5.118    -2.2490    301.241     9.1304 -9.990e-29
      5.017    20.0675 271.550067     0.0159 1.0000e-12     0.9340    79.1764 1.2198e+00 0.0000e+00  0.0554688    20.0655 272.558549     2.5531      5.116    -2.1923    301.238     9.1300 -9.990e-29
      5.014    20.0669 271.513883     0.0317 1.0000e-12     0.9340    79.1764 1.1905e+00 0.0000e+00  0.0554688    20.0653 272.619447     2.5531      5.113    -2.1277    301.202     9.1296 -9.990e-29
      5.013    20.0669 271.538007     0.0122 1.0000e-12     0.9326    79.2025 1.1575e+00 0.0000e+00  0.0554688    20.0652 272.680348     2.5543      5.112    -2.2178    301.229     9.1344 -9.990e-29
      5.011    20.0666 271.429459     0.0024 1.0000e-12     0.9340    79.1764 1.1575e+00 0.0000e+00  0.0558845    20.0652 272.710798     2.5543      5.110    -2.2622    301.110     9.1342 -9.990e-29
      5.008    20.0659 271.429460     0.0012 1.0000e-12     0.9340    79.1764 1.1136e+00 0.0000e+00  0.0558845    20.0648 272.710798     2.5543      5.107    -2.2629    301.115     9.1343 -9.990e-29
      5.004    20.0657 271.429458     0.0024 1.0000e-12     0.9340    79.1764 1.0733e+00 0.0000e+00  0.0558845    20.0648 272.588998     2.5543      5.103    -2.2517    301.116     9.1340 -9.990e-29
      5.001    20.0657 271.465641     0.0024 1.0000e-12     0.9340    79.1764 1.0696e+00 0.0000e+00  0.0554688    20.0652 272.619448     2.5543      5.100    -2.2492    301.157     9.1339 -9.990e-29
      4.997    20.0659 271.525947     0.0244 1.0000e-12     0.9340    79.1764 1.0842e+00 0.0000e+00  0.0554688    20.0652 272.649898     2.5543      5.096    -2.1560    301.222     9.1334 -9.990e-29
      4.993    20.0661 271.513884     0.0281 1.0000e-12     0.9340    79.1764 1.1429e+00 0.0000e+00  0.0554688    20.0650 272.680347     2.5543      5.091    -2.1447    301.207     9.1329 -9.990e-29
      4.988    20.0661 271.441519     0.0085 1.0000e-12     0.9353    79.1502 1.1685e+00 0.0000e+00  0.0558845    20.0653 272.710796     2.5556      5.086    -2.2353    301.127     9.1385 -9.990e-29
      4.985    20.0661 271.489762     0.0012 1.0000e-12     0.9353    79.1502 1.1795e+00 0.0000e+00  0.0558845    20.0655 272.649896     2.5556      5.083    -2.2661    301.181     9.1382 -9.990e-29
      4.982    20.0659 271.465642     0.0012 1.0000e-12     0.9353    79.1502 1.1905e+00 0.0000e+00  0.0558845    20.0656 272.680348     2.5556      5.080    -2.2623    301.155     9.1378 -9.990e-29
      4.976    20.0657 271.489763     0.0024 1.0000e-12     0.9353    79.1502 1.1685e+00 0.0000e+00  0.0554688    20.0657 272.588997     2.5556      5.074    -2.2507    301.183     9.1375 0.0000e+00
      4.970    20.0659 271.550067     0.0024 1.0000e-12     0.9353    79.1502 1.1648e+00 0.0000e+00  0.0558845    20.0657 272.649896     2.5556      5.068    -2.2496    301.249     9.1374 0.0000e+00
      4.963    20.0659 271.501823     0.0317 1.0000e-12     0.9353    79.1502 1.1575e+00 0.0000e+00  0.0554688    20.0662 272.649896     2.5556      5.061    -2.1251    301.195     9.1369 0.0000e+00
      4.955    20.0655 271.489763     0.0232 1.0000e-12     0.9353    79.1502 1.1832e+00 0.0000e+00  0.0554688    20.0657 272.680346     2.5568      5.053    -2.1671    301.185     9.1418 0.0000e+00
      4.946    20.0654 271.489763     0.0061 1.0000e-12     0.9353    79.1502 1.1648e+00 0.0000e+00  0.0550530    20.0659 272.588997     2.5568      5.044    -2.2467    301.185     9.1417 0.0000e+00
      4.935    20.0652 271.525944     0.0012 1.0000e-12     0.9353    79.1502 1.1282e+00 0.0000e+00  0.0550530    20.0659 272.558546     2.5556      5.032    -2.2649    301.227     9.1357 0.0000e+00
      4.924    20.0652 271.501823     0.0012 1.0000e-12     0.9353    79.1502 1.0842e+00 0.0000e+00  0.0558845    20.0655 272.649895     2.5556      5.021    -2.2612    301.200     9.1356 0.0000e+00
      4.913    20.0652 271.465640     0.0012 1.0000e-12     0.9340    79.1764 1.0476e+00 0.0000e+00  0.0558845    20.0653 272.710795     2.5568      5.010    -2.2549    301.160     9.1407 0.0000e+00
      4.901    20.0652 271.477701     0.0061 1.0000e-12     0.9353    79.1502 1.0110e+00 0.0000e+00  0.0558845    20.0652 272.771695     2.5556      4.998    -2.2342    301.173     9.1350 0.0000e+00
      4.888    20.0652 271.453577     0.0342 1.0000e-12     0.9353    79.1502 9.8535e-01 0.0000e+00  0.0558845    20.0650 272.710793     2.5556      4.984    -2.1154    301.147     9.1342 0.0000e+00
      4.876    20.0655 271.477699     0.0171 1.0000e-12     0.9340    79.1764 9.6703e-01 0.0000e+00  0.0558845    20.0648 272.588995     2.5556      4.972    -2.1950    301.171     9.1335 0.0000e+00
      4.865    20.0648 271.489760     0.0037 1.0000e-12     0.9340    79.1764 9.7802e-01 0.0000e+00  0.0558845    20.0650 272.558545     2.5556      4.961    -2.2578    301.189     9.1326 0.0000e+00
      4.855    20.0643 271.417396     0.0000 1.0000e-12     0.9340    79.1764 1.0220e+00 0.0000e+00  0.0554688    20.0645 272.649894     2.5556      4.951    -2.2694    301.112     9.1322 0.0000e+00
      4.844    20.0638 271.465639     0.0024 1.0000e-12     0.9353    79.1502 1.0586e+00 0.0000e+00  0.0558845    20.0649 272.649894     2.5556      4.940    -2.2540    301.169     9.1312 0.0000e+00
      4.833    20.0634 271.489760     0.0024 1.0000e-12     0.9340    79.1764 1.0733e+00 0.0000e+00  0.0558845    20.0650 272.649892     2.5556      4.928    -2.2491    301.199     9.1306 0.0000e+00
      4.824    20.0640 271.525943     0.0122 1.0000e-12     0.9340    79.1764 1.0586e+00 0.0000e+00  0.0554688    20.0646 272.649893     2.5568      4.919    -2.2080    301.235     9.1358 0.0000e+00
      4.814    20.0642 271.501822     0.0330 1.0000e-12     0.9353    79.1502 1.0440e+00 0.0000e+00  0.0558845    20.0648 272.680344     2.5568      4.909    -2.1212    301.207     9.1351 0.0000e+00
      4.803    20.0645 271.489759     0.0134 1.0000e-12     0.9326    79.2025 1.0696e+00 0.0000e+00  0.0563003    20.0647 272.588993     2.5556      4.898    -2.2118    301.191     9.1295 0.0000e+00
      4.791    20.0647 271.489759     0.0024 1.0000e-12     0.9300    79.2548 1.0696e+00 0.0000e+00  0.0558845    20.0652 272.649892     2.5568      4.885    -2.2625    301.190     9.1345 0.0000e+00
      4.779    20.0647 271.453575     0.0012 1.0000e-12     0.9300    79.2548 1.0916e+00 0.0000e+00  0.0554688    20.0648 272.741241     2.5556      4.873    -2.2629    301.150     9.1289 0.0000e+00
      4.768    20.0650 271.477697     0.0012 1.0000e-12     0.9300    79.2548 1.0879e+00 0.0000e+00  0.0554688    20.0650 272.771691     2.5556      4.862    -2.2573    301.175     9.1285 0.0000e+00
      4.758    20.0650 271.453575     0.0024 1.0000e-12     0.9300    79.2548 1.0842e+00 0.0000e+00  0.0554688    20.0652 272.771690     2.5568      4.852    -2.2488    301.148     9.1334 0.0000e+00
      4.747    20.0648 271.525940     0.0208 1.0000e-12     0.9300    79.2548 1.1062e+00 0.0000e+00  0.0554688    20.0650 272.710791     2.5568      4.841    -2.1711    301.229     9.1335 0.0000e+00
      4.737    20.0647 271.477697     0.0293 1.0000e-12     0.9313    79.2286 1.1026e+00 0.0000e+00  0.0558845    20.0646 272.528093     2.5556      4.830    -2.1389    301.177     9.1282 0.0000e+00
      4.725    20.0647 271.429453     0.0098 1.0000e-12     0.9300    79.2548 1.1209e+00 0.0000e+00  0.0558845    20.0646 272.680341     2.5568      4.818    -2.2290    301.123     9.1335 0.0000e+00
      4.712    20.0643 271.441513     0.0024 1.0000e-12     0.9313    79.2286 1.0952e+00 0.0000e+00  0.0558845    20.0645 272.588990     2.5568      4.805    -2.2618    301.139     9.1335 0.0000e+00
      4.701    20.0642 271.453574     0.0012 1.0000e-12     0.9313    79.2286 1.0623e+00 0.0000e+00  0.0558845    20.0643 272.619440     2.5556      4.794    -2.2629    301.153     9.1282 0.0000e+00
      4.690    20.0638 271.429452     0.0024 1.0000e-12     0.9300    79.2548 1.0440e+00 0.0000e+00  0.0554688    20.0647 272.680339     2.5556      4.782    -2.2506    301.129     9.1280 0.0000e+00
      4.679    20.0638 271.441513     0.0024 1.0000e-12     0.9313    79.2286 1.0256e+00 0.0000e+00  0.0554688    20.0641 272.588991     2.5568      4.771    -2.2488    301.143     9.1338 0.0000e+00
      4.668    20.0638 271.489755     0.0293 1.0000e-12     0.9313    79.2286 1.0220e+00 0.0000e+00  0.0554688    20.0645 272.558539     2.5556      4.760    -2.1345    301.196     9.1287 0.0000e+00
      4.659    20.0638 271.489757     0.0256 1.0000e-12     0.9300    79.2548 1.0476e+00 0.0000e+00  0.0558845    20.0639 272.649890     2.5568      4.751    -2.1554    301.196     9.1341 0.0000e+00
      4.648    20.0636 271.417390     0.0073 1.0000e-12     0.9313    79.2286 1.0806e+00 0.0000e+00  0.0558845    20.0638 272.710789     2.5568      4.740    -2.2403    301.117     9.1341 0.0000e+00
      4.639    20.0640 271.477693     0.0012 1.0000e-12     0.9313    79.2286 1.1026e+00 0.0000e+00  0.0554688    20.0638 272.710788     2.5568      4.730    -2.2652    301.181     9.1344 0.0000e+00
      4.631    20.0642 271.489757     0.0012 1.0000e-12     0.9313    79.2286 1.1612e+00 0.0000e+00  0.0554688    20.0634 272.588991     2.5556      4.722    -2.2611    301.193     9.1290 0.0000e+00
      4.621    20.0640 271.501816     0.0024 1.0000e-12     0.9313    79.2286 1.2747e+00 0.0000e+00  0.0554688    20.0639 272.619439     2.5556      4.712    -2.2487    301.208     9.1287 0.0000e+00
      4.610    20.0640 271.465632     0.0037 1.0000e-12     0.9300    79.2548 1.2857e+00 0.0000e+00  0.0558845    20.0641 272.680337     2.5556      4.701    -2.2434    301.168     9.1286 0.0000e+00
      4.600    20.0640 271.477694     0.0330 1.0000e-12     0.9313    79.2286 1.2527e+00 0.0000e+00  0.0563003    20.0640 272.528090     2.5568      4.691    -2.1194    301.181     9.1338 0.0000e+00
      4.589    20.0643 271.525936     0.0208 1.0000e-12     0.9340    79.1764 1.2308e+00 0.0000e+00  0.0558845    20.0643 272.649887     2.5556      4.679    -2.1779    301.233     9.1282 0.0000e+00
      4.579    20.0643 271.501814     0.0049 1.0000e-12     0.9366    79.1241 1.2198e+00 0.0000e+00  0.0550530    20.0639 272.649887     2.5568      4.669    -2.2520    301.206     9.1334 0.0000e+00
      4.569    20.0647 271.489753     0.0012 1.0000e-12     0.9379    79.0979 1.1868e+00 0.0000e+00  0.0550530    20.0638 272.558538     2.5568      4.659    -2.2643    301.190     9.1332 0.0000e+00
      4.560    20.0648 271.501812     0.0024 1.0000e-12     0.9366    79.1241 1.1978e+00 0.0000e+00  0.0554688    20.0638 272.619436     2.5556      4.650    -2.2546    301.203     9.1281 0.0000e+00
      4.552    20.0648 271.489753     0.0024 1.0000e-12     0.9353    79.1502 1.2161e+00 0.0000e+00  0.0558845    20.0642 272.558538     2.5568      4.642    -2.2489    301.189     9.1335 0.0000e+00
      4.544    20.0650 271.501814     0.0085 1.0000e-12     0.9353    79.1502 1.1868e+00 0.0000e+00  0.0554688    20.0641 272.649887     2.5568      4.634    -2.2237    301.201     9.1329 0.0000e+00
      4.535    20.0650 271.465630     0.0342 1.0000e-12     0.9366    79.1241 1.1502e+00 0.0000e+00  0.0554688    20.0645 272.649885     2.5568      4.624    -2.1158    301.161     9.1326 0.0000e+00
      4.528    20.0652 271.489749     0.0147 1.0000e-12     0.9353    79.1502 1.1465e+00 0.0000e+00  0.0554688    20.0643 272.649883     2.5568      4.617    -2.2060    301.187     9.1325 0.0000e+00
      4.523    20.0655 271.489754     0.0024 1.0000e-12     0.9353    79.1502 1.1502e+00 0.0000e+00  0.0558845    20.0649 272.741238     2.5568      4.612    -2.2636    301.185     9.1321 0.0000e+00
      4.515    20.0655 271.489751     0.0012 1.0000e-12     0.9366    79.1241 1.1612e+00 0.0000e+00  0.0558845    20.0645 272.680335     2.5568      4.604    -2.2639    301.185     9.1324 0.0000e+00
      4.507    20.0661 271.489749     0.0012 1.0000e-12     0.9353    79.1502 1.1978e+00 0.0000e+00  0.0558845    20.0646 272.680334     2.5568      4.596    -2.2583    301.181     9.1325 0.0000e+00
      4.499    20.0661 271.501811     0.0024 1.0000e-12     0.9366    79.1241 1.2418e+00 0.0000e+00  0.0558845    20.0653 272.710784     2.5568      4.588    -2.2492    301.194     9.1322 0.0000e+00
      4.493    20.0661 271.501810     0.0159 1.0000e-12     0.9366    79.1241 1.3187e+00 0.0000e+00  0.0554688    20.0655 272.528084     2.5568      4.582    -2.1926    301.194     9.1319 0.0000e+00
      4.486    20.0664 271.501811     0.0317 1.0000e-12     0.9366    79.1241 1.4322e+00 0.0000e+00  0.0554688    20.0659 272.649884     2.5568      4.574    -2.1281    301.192     9.1320 0.0000e+00
      4.479    20.0661 271.465627     0.0122 1.0000e-12     0.9353    79.1502 1.5458e+00 0.0000e+00  0.0554688    20.0662 272.588983     2.5568      4.567    -2.2183    301.154     9.1317 0.0000e+00
      4.473    20.0661 271.489749     0.0024 1.0000e-12     0.9366    79.1241 1.6117e+00 0.0000e+00  0.0558845    20.0659 272.710782     2.5568      4.561    -2.2631    301.181     9.1311 0.0000e+00
