data/05_metadata_exports/SeabirdData/202310_SeabirdData/88631_STN55,2.cnv
* Sea-Bird SBE 9 Data File:
* FileName = C:\Users\rosette\Rosette Data\2023\Ontario lower food web csmi\STN55,2.hex
* Software Version Seasave V 7.26.6.26
* Temperature SN = 5270
* Conductivity SN = 1168
* Number of Bytes Per Scan = 40
* Number of Voltage Words = 5
* Number of Scans Averaged by the Deck Unit = 1
* NMEA Latitude = 43 26.64 N
* NMEA Longitude = 077 26.33 W
* NMEA UTC (Time) = Sep 25 2023  23:58:30
* NMEA baud rate = 4800
** Ship: Lake Guardian
** Cruise: Ontario LFW
** Station:  STN55,2
# nquan = 18                                
# nvalues = 6398                        
# units = specified
# name 0 = prDM: Pressure, Digiquartz [db]
# name 1 = t090C: Temperature [ITS-90, deg C]
# name 2 = c0uS/cm: Conductivity [uS/cm]
# name 3 = sbeox0V: Oxygen raw, SBE 43 [V]
# name 4 = par: PAR/Irradiance, Biospherical/Licor
# name 5 = bat: Beam Attenuation, Chelsea/Seatech [1/m]
# name 6 = xmiss: Beam Transmission, Chelsea/Seatech [%]
# name 7 = flSP: Fluorescence, Seapoint
# name 8 = spar: SPAR, Biospherical/Licor
# name 9 = upoly0: Upoly 0, Suna Nitrate
# name 10 = t190C: Temperature, 2 [ITS-90, deg C]
# name 11 = c1uS/cm: Conductivity, 2 [uS/cm]
# name 12 = sbeox1V: Oxygen raw, SBE 43, 2 [V]
# name 13 = depFM: Depth [fresh water, m], lat = 43.444
# name 14 = sbeox0Mg/L: Oxygen, SBE 43 [mg/l], WS = 2
# name 15 = specc: Specific Conductance [uS/cm]
# name 16 = sbeox1Mg/L: Oxygen, SBE 43, 2 [mg/l], WS = 2
# name 17 = flag: flag
# span 0 =      0.002,      5.037       
# span 1 =   -77.2484,    20.0847       
# span 2 =-186.614185, 271.743006       
# span 3 =     0.0000,     0.0354       
# span 4 = 1.0000e-12, 7.1244e+00       
# span 5 =     0.9103,     5.2838       
# span 6 =    26.6884,    79.6469       
# span 7 = 8.7912e-02, 3.4872e+00       
# span 8 = 0.0000e+00, 0.0000e+00       
# span 9 =  0.0413330,  0.0625367       
# span 10 =    14.5035,    20.0804      
# span 11 =   7.646775, 272.984771      
# span 12 =     1.8425,     2.8376      
# span 13 =      0.002,      5.136      
# span 14 =    -2.5066,   131.7131      
# span 15 =   -274.523,   2578.992      
# span 16 =     5.9536,    10.6340      
# span 17 = 0.0000e+00, 0.0000e+00      
# interval = seconds: 0.0416667
# start_time = Sep 25 2023 23:58:30 [NMEA time, header]
# bad_flag = -9.990e-29
*END*
[from data line 3377]
      2.198    20.0804 271.670592     0.0012 1.2196e-02     0.9116    79.6207 1.1319e+00 0.0000e+00  0.0554688    20.0755 272.832514     2.5495      2.241    -2.2583    301.286     9.1024 -9.990e-29
      2.203    20.0802 271.682655     0.0024 3.7805e-02     0.9142    79.5685 1.0879e+00 0.0000e+00  0.0546373    20.0752 272.862965     2.5495      2.246    -2.2463    301.300     9.1022 -9.990e-29
      2.208    20.0801 271.718837     0.0037 4.8380e-02     0.9142    79.5685 1.1062e+00 0.0000e+00  0.0550530    20.0748 272.862965     2.5495      2.252    -2.2434    301.341     9.1024 -9.990e-29
      2.214    20.0797 271.658533     0.0317 2.0907e-02     0.9142    79.5685 1.1136e+00 0.0000e+00  0.0554688    20.0748 272.741166     2.5495      2.258    -2.1258    301.277     9.1024 -9.990e-29
      2.219    20.0795 271.682656     0.0208 9.8601e-04     0.9116    79.6207 1.1062e+00 0.0000e+00  0.0554688    20.0748 272.771616     2.5495      2.263    -2.1782    301.305     9.1024 -9.990e-29
      2.225    20.0794 271.634411     0.0049 1.0000e-12     0.9116    79.6207 1.1026e+00 0.0000e+00  0.0554688    20.0748 272.710716     2.5495      2.269    -2.2525    301.252     9.1024 -9.990e-29
      2.230    20.0788 271.682656     0.0000 1.0000e-12     0.9129    79.5946 1.1172e+00 0.0000e+00  0.0554688    20.0748 272.741166     2.5495      2.274    -2.2775    301.310     9.1023 -9.990e-29
      2.236    20.0788 271.670597     0.0024 1.0000e-12     0.9142    79.5685 1.1868e+00 0.0000e+00  0.0550530    20.0747 272.832517     2.5495      2.280    -2.2539    301.296     9.1022 -9.990e-29
      2.239    20.0787 271.622351     0.0024 1.0000e-12     0.9142    79.5685 1.2674e+00 0.0000e+00  0.0554688    20.0746 272.862966     2.5495      2.283    -2.2463    301.244     9.1020 -9.990e-29
      2.243    20.0782 271.634412     0.0024 1.9471e-02     0.9195    79.4639 1.2527e+00 0.0000e+00  0.0554688    20.0745 272.771616     2.5495      2.287    -2.2490    301.260     9.1018 -9.990e-29
      2.248    20.0774 271.646475     0.0317 4.8380e-02     0.9261    79.3332 1.1941e+00 0.0000e+00  0.0550530    20.0748 272.680267     2.5495      2.292    -2.1258    301.279     9.1015 -9.990e-29
      2.253    20.0772 271.658537     0.0220 5.6008e-02     0.9247    79.3593 1.1648e+00 0.0000e+00  0.0550530    20.0745 272.680268     2.5495      2.297    -2.1732    301.294     9.1013 -9.990e-29
      2.256    20.0769 271.670598     0.0049 5.3274e-02     0.9247    79.3593 1.2198e+00 0.0000e+00  0.0550530    20.0750 272.741167     2.5495      2.300    -2.2524    301.309     9.1009 -9.990e-29
      2.259    20.0766 271.646475     0.0012 5.0143e-02     0.9247    79.3593 1.3297e+00 0.0000e+00  0.0558845    20.0750 272.710716     2.5495      2.304    -2.2721    301.284     9.1006 -9.990e-29
      2.261    20.0763 271.670599     0.0012 4.6638e-02     0.9247    79.3593 1.4322e+00 0.0000e+00  0.0558845    20.0748 272.710718     2.5495      2.306    -2.2598    301.313     9.1002 -9.990e-29
      2.265    20.0762 271.646475     0.0012 1.3549e-02     0.9247    79.3593 1.4432e+00 0.0000e+00  0.0554688    20.0748 272.862966     2.5495      2.310    -2.2514    301.287     9.0998 -9.990e-29
      2.269    20.0767 271.658537     0.0024 1.0000e-12     0.9261    79.3332 1.4139e+00 0.0000e+00  0.0546373    20.0753 272.984767     2.5495      2.314    -2.2481    301.297     9.0993 -9.990e-29
      2.274    20.0769 271.694721     0.0305 1.0000e-12     0.9261    79.3332 1.3773e+00 0.0000e+00  0.0550530    20.0750 272.771618     2.5495      2.319    -2.1300    301.336     9.0993 -9.990e-29
      2.277    20.0776 271.658536     0.0232 1.0000e-12     0.9247    79.3593 1.3370e+00 0.0000e+00  0.0554688    20.0748 272.802067     2.5507      2.322    -2.1666    301.291     9.1047 -9.990e-29
      2.279    20.0779 271.646475     0.0049 1.0000e-12     0.9247    79.3593 1.2821e+00 0.0000e+00  0.0558845    20.0752 272.862967     2.5507      2.324    -2.2509    301.276     9.1045 -9.990e-29
      2.281    20.0781 271.658536     0.0000 1.0000e-12     0.9247    79.3593 1.2674e+00 0.0000e+00  0.0554688    20.0750 272.862967     2.5507      2.326    -2.2762    301.288     9.1045 -9.990e-29
      2.282    20.0781 271.646475     0.0012 1.0000e-12     0.9247    79.3593 1.2491e+00 0.0000e+00  0.0550530    20.0748 272.680268     2.5507      2.327    -2.2589    301.274     9.1044 -9.990e-29
      2.284    20.0786 271.682658     0.0024 1.0000e-12     0.9261    79.3332 1.2051e+00 0.0000e+00  0.0550530    20.0750 272.649818     2.5507      2.329    -2.2448    301.311     9.1047 -9.990e-29
      2.285    20.0785 271.670597     0.0024 1.2912e-03     0.9247    79.3593 1.2051e+00 0.0000e+00  0.0554688    20.0748 272.680268     2.5519      2.330    -2.2468    301.298     9.1103 -9.990e-29
      2.286    20.0787 271.622352     0.0293 1.1526e-02     0.9261    79.3332 1.1575e+00 0.0000e+00  0.0558845    20.0750 272.862967     2.5507      2.331    -2.1339    301.244     9.1047 -9.990e-29
      2.288    20.0784 271.634414     0.0244 1.6301e-02     0.9247    79.3593 1.1136e+00 0.0000e+00  0.0558845    20.0750 272.832517     2.5507      2.333    -2.1603    301.259     9.1045 -9.990e-29
      2.289    20.0783 271.682658     0.0061 1.8052e-02     0.9247    79.3593 1.1648e+00 0.0000e+00  0.0554688    20.0750 272.680268     2.5519      2.334    -2.2450    301.313     9.1101 -9.990e-29
      2.290    20.0782 271.670597     0.0012 4.7943e-02     0.9261    79.3332 1.1905e+00 0.0000e+00  0.0550530    20.0750 272.680268     2.5507      2.335    -2.2706    301.300     9.1049 -9.990e-29
      2.291    20.0778 271.622353     0.0012 6.8402e-02     0.9247    79.3593 1.2051e+00 0.0000e+00  0.0550530    20.0750 272.923867     2.5507      2.336    -2.2597    301.250     9.1046 -9.990e-29
      2.292    20.0776 271.634416     0.0012 4.1527e-02     0.9274    79.3071 1.2015e+00 0.0000e+00  0.0554688    20.0748 272.893419     2.5519      2.337    -2.2505    301.264     9.1097 -9.990e-29
      2.292    20.0776 271.658537     0.0012 5.3382e-03     0.9340    79.1764 1.1978e+00 0.0000e+00  0.0558845    20.0748 272.771617     2.5507      2.337    -2.2521    301.291     9.1040 -9.990e-29
      2.291    20.0772 271.598231     0.0281 1.0000e-12     0.9366    79.1241 1.1612e+00 0.0000e+00  0.0554688    20.0752 272.771617     2.5507      2.336    -2.1392    301.227     9.1036 -9.990e-29
      2.290    20.0772 271.622353     0.0256 1.0000e-12     0.9353    79.1502 1.1392e+00 0.0000e+00  0.0550530    20.0750 272.588918     2.5507      2.335    -2.1547    301.254     9.1033 -9.990e-29
      2.290    20.0767 271.646477     0.0061 1.0000e-12     0.9340    79.1764 1.1282e+00 0.0000e+00  0.0550530    20.0748 272.710718     2.5507      2.335    -2.2443    301.284     9.1029 -9.990e-29
      2.290    20.0764 271.646476     0.0012 1.0000e-12     0.9366    79.1241 1.0952e+00 0.0000e+00  0.0554688    20.0748 272.771617     2.5507      2.335    -2.2700    301.286     9.1026 -9.990e-29
      2.289    20.0767 271.574111     0.0012 1.7700e-02     0.9353    79.1502 1.0806e+00 0.0000e+00  0.0554688    20.0748 272.680269     2.5507      2.334    -2.2594    301.203     9.1022 -9.990e-29
      2.286    20.0764 271.586171     0.0024 7.9096e-02     0.9366    79.1241 1.0842e+00 0.0000e+00  0.0550530    20.0750 272.832517     2.5507      2.331    -2.2443    301.219     9.1017 -9.990e-29
      2.282    20.0764 271.610293     0.0024 1.0485e-01     0.9366    79.1241 1.0623e+00 0.0000e+00  0.0554688    20.0748 272.862967     2.5507      2.327    -2.2455    301.246     9.1013 -9.990e-29
      2.278    20.0762 271.646477     0.0256 9.1555e-02     0.9353    79.1502 1.0513e+00 0.0000e+00  0.0554688    20.0752 272.771617     2.5507      2.323    -2.1485    301.287     9.1008 -9.990e-29
      2.274    20.0762 271.646477     0.0269 4.4488e-02     0.9366    79.1241 1.0549e+00 0.0000e+00  0.0554688    20.0753 272.954317     2.5507      2.319    -2.1478    301.287     9.1003 -9.990e-29
      2.270    20.0762 271.586170     0.0073 2.9479e-02     0.9366    79.1241 1.0733e+00 0.0000e+00  0.0550530    20.0752 272.741166     2.5507      2.315    -2.2386    301.220     9.0998 -9.990e-29
      2.266    20.0759 271.622355     0.0012 3.1027e-02     0.9366    79.1241 1.0806e+00 0.0000e+00  0.0554688    20.0750 272.832517     2.5507      2.311    -2.2696    301.262     9.0993 -9.990e-29
      2.261    20.0764 271.646476     0.0012 4.7943e-02     0.9366    79.1241 1.0696e+00 0.0000e+00  0.0558845    20.0750 272.862967     2.5507      2.306    -2.2597    301.286     9.0988 -9.990e-29
      2.254    20.0763 271.682660     0.0024 5.6468e-02     0.9366    79.1241 1.0623e+00 0.0000e+00  0.0558845    20.0753 272.741167     2.5507      2.298    -2.2443    301.326     9.0986 -9.990e-29
      2.247    20.0762 271.634414     0.0012 5.6930e-02     0.9353    79.1502 1.0476e+00 0.0000e+00  0.0554688    20.0750 272.802065     2.5507      2.291    -2.2508    301.274     9.0985 -9.990e-29
      2.240    20.0760 271.610292     0.0256 6.5948e-02     0.9366    79.1241 1.0623e+00 0.0000e+00  0.0554688    20.0748 272.862966     2.5507      2.284    -2.1493    301.248     9.0985 -9.990e-29
      2.234    20.0762 271.646477     0.0269 7.1897e-02     0.9340    79.1764 1.0623e+00 0.0000e+00  0.0554688    20.0748 272.741167     2.5519      2.278    -2.1486    301.287     9.1037 -9.990e-29
      2.226    20.0760 271.646475     0.0073 7.2908e-02     0.9353    79.1502 1.0733e+00 0.0000e+00  0.0554688    20.0748 272.802066     2.5519      2.270    -2.2387    301.288     9.1036 -9.990e-29
      2.218    20.0763 271.658535     0.0012 3.3383e-02     0.9366    79.1241 1.1062e+00 0.0000e+00  0.0554688    20.0748 272.771615     2.5507      2.262    -2.2697    301.300     9.0985 -9.990e-29
      2.211    20.0767 271.694719     0.0012 1.0527e-02     0.9353    79.1502 1.1685e+00 0.0000e+00  0.0554688    20.0746 272.680266     2.5507      2.255    -2.2606    301.337     9.0984 -9.990e-29
      2.204    20.0766 271.658536     0.0012 7.2565e-03     0.9287    79.2809 1.1575e+00 0.0000e+00  0.0550530    20.0750 272.832515     2.5519      2.247    -2.2501    301.298     9.1036 -9.990e-29
      2.197    20.0769 271.706779     0.0012 4.3911e-03     0.9274    79.3071 1.1172e+00 0.0000e+00  0.0554688    20.0750 272.862964     2.5519      2.240    -2.2506    301.349     9.1039 -9.990e-29
      2.190    20.0771 271.682658     0.0232 9.8601e-04     0.9287    79.2809 1.0769e+00 0.0000e+00  0.0558845    20.0750 272.802065     2.5507      2.233    -2.1593    301.321     9.0985 -9.990e-29
      2.182    20.0772 271.670595     0.0281 7.5476e-05     0.9287    79.2809 1.0549e+00 0.0000e+00  0.0563003    20.0753 272.710714     2.5507      2.225    -2.1428    301.307     9.0983 -9.990e-29
      2.174    20.0774 271.622352     0.0085 1.8406e-02     0.9274    79.3071 1.0659e+00 0.0000e+00  0.0554688    20.0754 272.741165     2.5507      2.217    -2.2333    301.252     9.0986 -9.990e-29
      2.165    20.0776 271.634410     0.0024 5.0143e-02     0.9287    79.2809 1.0696e+00 0.0000e+00  0.0550530    20.0750 272.710713     2.5507      2.208    -2.2646    301.264     9.0990 -9.990e-29
      2.157    20.0776 271.682656     0.0012 5.9256e-02     0.9274    79.3071 1.0733e+00 0.0000e+00  0.0554688    20.0753 272.771614     2.5507      2.200    -2.2616    301.318     9.0993 -9.990e-29
      2.149    20.0778 271.658532     0.0024 5.3727e-02     0.9287    79.2809 1.0476e+00 0.0000e+00  0.0558845    20.0750 272.771613     2.5507      2.191    -2.2451    301.290     9.0996 -9.990e-29
      2.142    20.0777 271.682656     0.0024 4.2789e-02     0.9274    79.3071 1.0476e+00 0.0000e+00  0.0554688    20.0752 272.771614     2.5507      2.184    -2.2457    301.317     9.0999 -9.990e-29
      2.135    20.0778 271.658532     0.0220 3.9861e-02     0.9274    79.3071 1.0952e+00 0.0000e+00  0.0554688    20.0752 272.832512     2.5507      2.177    -2.1645    301.290     9.1001 -9.990e-29
      2.129    20.0774 271.610288     0.0293 3.8624e-02     0.9287    79.2809 1.1172e+00 0.0000e+00  0.0554688    20.0753 272.680263     2.5507      2.171    -2.1380    301.239     9.1004 -9.990e-29
      2.123    20.0776 271.646472     0.0098 3.4177e-02     0.9287    79.2809 1.1172e+00 0.0000e+00  0.0558845    20.0754 272.802064     2.5507      2.165    -2.2280    301.278     9.1006 -9.990e-29
      2.116    20.0776 271.586166     0.0024 3.2200e-02     0.9287    79.2809 1.1465e+00 0.0000e+00  0.0554688    20.0752 272.771612     2.5507      2.158    -2.2647    301.211     9.1004 -9.990e-29
      2.109    20.0778 271.670592     0.0012 3.3779e-02     0.9287    79.2809 1.1648e+00 0.0000e+00  0.0554688    20.0753 272.710712     2.5507      2.151    -2.2628    301.303     9.1006 -9.990e-29
      2.103    20.0777 271.658532     0.0012 4.3636e-02     0.9274    79.3071 1.1722e+00 0.0000e+00  0.0554688    20.0754 272.923862     2.5507      2.144    -2.2508    301.290     9.1008 -9.990e-29
      2.097    20.0778 271.658532     0.0024 4.7943e-02     0.9287    79.2809 1.1978e+00 0.0000e+00  0.0554688    20.0753 272.771612     2.5507      2.138    -2.2457    301.290     9.1010 -9.990e-29
      2.091    20.0776 271.646469     0.0208 4.8380e-02     0.9287    79.2809 1.2015e+00 0.0000e+00  0.0558845    20.0752 272.710711     2.5507      2.132    -2.1702    301.278     9.1012 -9.990e-29
      2.086    20.0776 271.658532     0.0293 5.2823e-02     0.9287    79.2809 1.2161e+00 0.0000e+00  0.0554688    20.0755 272.741162     2.5507      2.127    -2.1380    301.291     9.1012 -9.990e-29
      2.081    20.0778 271.670591     0.0098 5.5549e-02     0.9274    79.3071 1.2308e+00 0.0000e+00  0.0554688    20.0759 272.832510     2.5507      2.122    -2.2280    301.303     9.1013 -9.990e-29
      2.076    20.0777 271.694715     0.0012 5.5549e-02     0.9274    79.3071 1.2308e+00 0.0000e+00  0.0554688    20.0755 272.741162     2.5507      2.117    -2.2703    301.330     9.1015 -9.990e-29
      2.071    20.0778 271.670590     0.0012 2.3090e-02     0.9274    79.3071 1.2198e+00 0.0000e+00  0.0554688    20.0757 272.588911     2.5507      2.112    -2.2635    301.303     9.1015 -9.990e-29
      2.069    20.0777 271.670591     0.0024 5.3382e-03     0.9274    79.3071 1.2381e+00 0.0000e+00  0.0554688    20.0754 272.771611     2.5507      2.110    -2.2462    301.304     9.1017 -9.990e-29
      2.067    20.0776 271.622349     0.0024 3.4520e-03     0.9274    79.3071 1.2491e+00 0.0000e+00  0.0554688    20.0759 272.771612     2.5507      2.108    -2.2461    301.251     9.1021 -9.990e-29
      2.065    20.0776 271.634408     0.0195 6.6135e-03     0.9261    79.3332 1.2418e+00 0.0000e+00  0.0554688    20.0755 272.710711     2.5507      2.106    -2.1759    301.264     9.1023 -9.990e-29
      2.062    20.0777 271.646469     0.0293 9.2075e-03     0.9261    79.3332 1.2454e+00 0.0000e+00  0.0554688    20.0752 272.710711     2.5507      2.103    -2.1380    301.277     9.1020 -9.990e-29
      2.061    20.0776 271.646469     0.0110 9.5358e-03     0.9274    79.3071 1.2527e+00 0.0000e+00  0.0550530    20.0753 272.710711     2.5507      2.102    -2.2231    301.278     9.1025 -9.990e-29
      2.060    20.0776 271.646469     0.0012 1.5954e-02     0.9261    79.3332 1.2381e+00 0.0000e+00  0.0554688    20.0752 272.741161     2.5507      2.101    -2.2707    301.278     9.1026 -9.990e-29
      2.060    20.0776 271.610286     0.0012 2.4566e-02     0.9274    79.3071 1.2161e+00 0.0000e+00  0.0558845    20.0748 272.771611     2.5507      2.101    -2.2650    301.237     9.1028 -9.990e-29
      2.060    20.0772 271.634409     0.0024 2.6811e-02     0.9274    79.3071 1.2125e+00 0.0000e+00  0.0554688    20.0753 272.710712     2.5507      2.101    -2.2475    301.267     9.1028 -9.990e-29
      2.061    20.0774 271.682653     0.0024 3.9448e-02     0.9261    79.3332 1.2308e+00 0.0000e+00  0.0550530    20.0752 272.741161     2.5519      2.102    -2.2470    301.319     9.1082 -9.990e-29
