data/05_metadata_exports/SeabirdData/202310_SeabirdData/88631_STN55,2.cnv
* Sea-Bird SBE 9 Data File:
* FileName = C:\Users\rosette\Rosette Data\2023\Ontario lower food web csmi\STN55,2.hex
* Software Version Seasave V 7.26.6.26
* Temperature SN = 5270
* Conductivity SN = 1168
* Number of Bytes Per Scan = 40
* Number of Voltage Words = 5
* Number of Scans Averaged by the Deck Unit = 1
* NMEA Latitude = 43 26.64 N
* NMEA Longitude = 077 26.33 W
* NMEA UTC (Time) = Sep 25 2023  23:58:30
* NMEA baud rate = 4800
** Ship: Lake Guardian
** Cruise: Ontario LFW
** Station:  STN55,2
# nquan = 18                                
# nvalues = 6398                        
# units = specified
# name 0 = prDM: Pressure, Digiquartz [db]
# name 1 = t090C: Temperature [ITS-90, deg C]
# name 2 = c0uS/cm: Conductivity [uS/cm]
# name 3 = sbeox0V: Oxygen raw, SBE 43 [V]
# name 4 = par: PAR/Irradiance, Biospherical/Licor
# name 5 = bat: Beam Attenuation, Chelsea/Seatech [1/m]
# name 6 = xmiss: Beam Transmission, Chelsea/Seatech [%]
# name 7 = flSP: Fluorescence, Seapoint
# name 8 = spar: SPAR, Biospherical/Licor
# name 9 = upoly0: Upoly 0, Suna Nitrate
# name 10 = t190C: Temperature, 2 [ITS-90, deg C]
# name 11 = c1uS/cm: Conductivity, 2 [uS/cm]
# name 12 = sbeox1V: Oxygen raw, SBE 43, 2 [V]
# name 13 = depFM: Depth [fresh water, m], lat = 43.444
# name 14 = sbeox0Mg/L: Oxygen, SBE 43 [mg/l], WS = 2
# name 15 = specc: Specific Conductance [uS/cm]
# name 16 = sbeox1Mg/L: Oxygen, SBE 43, 2 [mg/l], WS = 2
# name 17 = flag: flag
# span 0 =      0.002,      5.037       
# span 1 =   -77.2484,    20.0847       
# span 2 =-186.614185, 271.743006       
# span 3 =     0.0000,     0.0354       
# span 4 = 1.0000e-12, 7.1244e+00       
# span 5 =     0.9103,     5.2838       
# span 6 =    26.6884,    79.6469       
# span 7 = 8.7912e-02, 3.4872e+00       
# span 8 = 0.0000e+00, 0.0000e+00       
# span 9 =  0.0413330,  0.0625367       
# span 10 =    14.5035,    20.0804      
# span 11 =   7.646775, 272.984771      
# span 12 =     1.8425,     2.8376      
# span 13 =      0.002,      5.136      
# span 14 =    -2.5066,   131.7131      
# span 15 =   -274.523,   2578.992      
# span 16 =     5.9536,    10.6340      
# span 17 = 0.0000e+00, 0.0000e+00      
# interval = seconds: 0.0416667
# start_time = Sep 25 2023 23:58:30 [NMEA time, header]
# bad_flag = -9.990e-29
*END*
[from data line 2573]
      2.171    20.0384 266.654620     0.0024 7.0391e-02     0.9208    79.4378 1.2161e+00 0.0000e+00  0.0434118    19.8676 265.586809     1.8425      2.214    -2.2575    295.999     5.9706 -9.990e-29
      2.174    20.0381 266.678728     0.0012 4.8380e-02     0.9208    79.4378 1.2674e+00 0.0000e+00  0.0434118    19.8769 265.495481     1.8425      2.217    -2.2609    296.027     5.9739 -9.990e-29
      2.176    20.0383 266.690782     0.0024 4.4915e-02     0.9208    79.4378 1.2894e+00 0.0000e+00  0.0434118    19.8875 265.556351     1.8425      2.219    -2.2575    296.039     5.9774 -9.990e-29
      2.179    20.0384 266.726945     0.0024 5.8322e-02     0.9221    79.4116 1.2418e+00 0.0000e+00  0.0434118    19.9008 265.586780     1.8425      2.222    -2.2532    296.079     5.9809 -9.990e-29
      2.183    20.0377 266.714892     0.0244 7.4435e-02     0.9195    79.4639 1.1868e+00 0.0000e+00  0.0434118    19.9149 265.678087     1.8437      2.226    -2.1571    296.070     5.9891 -9.990e-29
      2.186    20.0365 266.751057     0.0281 7.8050e-02     0.9168    79.5162 1.1795e+00 0.0000e+00  0.0434118    19.9238 265.617201     1.8437      2.229    -2.1455    296.118     5.9929 -9.990e-29
      2.189    20.0351 266.775166     0.0073 6.0668e-02     0.9155    79.5423 1.2198e+00 0.0000e+00  0.0434118    19.9273 265.495438     1.8437      2.232    -2.2402    296.154     5.9972 -9.990e-29
      2.192    20.0344 266.726949     0.0000 3.5778e-02     0.9155    79.5423 1.2601e+00 0.0000e+00  0.0434118    19.9289 265.586756     1.8437      2.235    -2.2675    296.105     6.0016 -9.990e-29
      2.195    20.0344 266.739005     0.0000 2.9865e-02     0.9155    79.5423 1.3040e+00 0.0000e+00  0.0434118    19.9303 265.647635     1.8449      2.238    -2.2678    296.119     6.0112 -9.990e-29
      2.197    20.0353 266.751057     0.0012 2.4566e-02     0.9168    79.5162 1.3553e+00 0.0000e+00  0.0434118    19.9306 265.647634     1.8449      2.240    -2.2614    296.126     6.0153 -9.990e-29
      2.199    20.0361 266.751057     0.0037 1.1860e-02     0.9168    79.5162 1.4176e+00 0.0000e+00  0.0434118    19.9301 265.647635     1.8462      2.242    -2.2471    296.121     6.0256 -9.990e-29
      2.202    20.0376 266.763109     0.0330 8.5535e-03     0.9155    79.5423 1.4615e+00 0.0000e+00  0.0434118    19.9280 265.525877     1.8462      2.245    -2.1210    296.124     6.0295 -9.990e-29
      2.205    20.0402 266.799272     0.0208 1.6301e-02     0.9168    79.5162 1.4542e+00 0.0000e+00  0.0434118    19.9252 265.708520     1.8474      2.248    -2.1789    296.147     6.0387 -9.990e-29
      2.207    20.0428 266.811324     0.0037 5.4635e-02     0.9182    79.4900 1.4066e+00 0.0000e+00  0.0434118    19.9222 265.678082     1.8474      2.251    -2.2529    296.144     6.0432 -9.990e-29
      2.210    20.0459 266.823374     0.0000 7.2402e-02     0.9182    79.4900 1.3516e+00 0.0000e+00  0.0434118    19.9191 265.738963     1.8486      2.254    -2.2651    296.137     6.0523 -9.990e-29
      2.213    20.0472 266.931867     0.0012 6.8897e-02     0.9168    79.5162 1.3297e+00 0.0000e+00  0.0434118    19.9178 265.738967     1.8486      2.257    -2.2624    296.249     6.0556 -9.990e-29
      2.216    20.0482 266.859536     0.0024 3.6991e-02     0.9168    79.5162 1.3297e+00 0.0000e+00  0.0434118    19.9203 265.617203     1.8498      2.260    -2.2533    296.162     6.0638 -9.990e-29
      2.220    20.0490 266.919810     0.0147 2.4566e-02     0.9168    79.5162 1.3297e+00 0.0000e+00  0.0434118    19.9271 265.678078     1.8498      2.264    -2.1978    296.223     6.0658 -9.990e-29
      2.223    20.0507 266.931864     0.0330 1.2196e-02     0.9168    79.5162 1.3114e+00 0.0000e+00  0.0434118    19.9363 265.647632     1.8510      2.267    -2.1213    296.226     6.0725 -9.990e-29
      2.226    20.0528 267.016243     0.0122 9.8601e-04     0.9168    79.5162 1.2637e+00 0.0000e+00  0.0434118    19.9441 265.708502     1.8523      2.270    -2.2169    296.305     6.0799 -9.990e-29
      2.229    20.0547 267.004188     0.0024 1.0000e-12     0.9168    79.5162 1.2161e+00 0.0000e+00  0.0434118    19.9492 265.769379     1.8523      2.273    -2.2557    296.279     6.0815 -9.990e-29
      2.232    20.0570 266.992132     0.0012 1.0000e-12     0.9168    79.5162 1.1538e+00 0.0000e+00  0.0434118    19.9515 265.678059     1.8535      2.276    -2.2600    296.251     6.0884 -9.990e-29
      2.234    20.0584 267.064457     0.0012 6.8165e-04     0.9168    79.5162 1.1136e+00 0.0000e+00  0.0434118    19.9527 265.708495     1.8535      2.278    -2.2618    296.322     6.0901 -9.990e-29
      2.236    20.0601 267.100623     0.0024 9.8601e-04     0.9168    79.5162 1.1319e+00 0.0000e+00  0.0434118    19.9550 265.738935     1.8547      2.280    -2.2518    296.351     6.0967 -9.990e-29
      2.238    20.0624 267.112674     0.0281 2.5207e-03     0.9195    79.4639 1.1795e+00 0.0000e+00  0.0434118    19.9597 265.738930     1.8559      2.282    -2.1404    296.349     6.1029 -9.990e-29
      2.239    20.0640 267.064454     0.0256 1.9115e-02     0.9459    78.9411 1.2088e+00 0.0000e+00  0.0434118    19.9652 265.738925     1.8559      2.283    -2.1558    296.285     6.1032 -9.990e-29
      2.241    20.0652 267.136782     0.0073 2.7568e-02     0.9591    78.6797 1.1722e+00 0.0000e+00  0.0434118    19.9716 265.830240     1.8571      2.285    -2.2376    296.358     6.1087 -9.990e-29
      2.244    20.0657 267.172948     0.0000 2.7568e-02     0.9605    78.6536 1.1245e+00 0.0000e+00  0.0434118    19.9752 265.799798     1.8584      2.288    -2.2648    296.394     6.1151 -9.990e-29
      2.245    20.0661 267.221166     0.0012 1.1192e-02     0.9591    78.6797 1.0879e+00 0.0000e+00  0.0434118    19.9802 265.799792     1.8584      2.289    -2.2609    296.445     6.1149 -9.990e-29
      2.247    20.0666 267.233221     0.0012 2.8303e-03     0.9578    78.7058 1.0659e+00 0.0000e+00  0.0434118    19.9867 265.738906     1.8596      2.291    -2.2593    296.455     6.1204 -9.990e-29
      2.250    20.0671 267.233221     0.0073 9.8601e-04     0.9591    78.6797 1.0549e+00 0.0000e+00  0.0434118    19.9903 265.769344     1.8608      2.294    -2.2296    296.452     6.1257 -9.990e-29
      2.253    20.0673 267.233222     0.0342 1.0000e-12     0.9578    78.7058 1.0513e+00 0.0000e+00  0.0434118    19.9947 265.678021     1.8608      2.297    -2.1148    296.451     6.1255 -9.990e-29
      2.254    20.0667 267.257332     0.0171 1.0000e-12     0.9591    78.6797 1.0403e+00 0.0000e+00  0.0434118    19.9989 265.738898     1.8620      2.298    -2.1946    296.481     6.1302 -9.990e-29
      2.254    20.0659 267.305552     0.0037 1.0000e-12     0.9591    78.6797 1.0733e+00 0.0000e+00  0.0434118    20.0012 265.799774     1.8620      2.298    -2.2509    296.540     6.1301 -9.990e-29
      2.254    20.0654 267.329664     0.0000 1.0000e-12     0.9591    78.6797 1.2161e+00 0.0000e+00  0.0434118    20.0024 265.738894     1.8632      2.298    -2.2648    296.570     6.1355 -9.990e-29
      2.254    20.0643 267.293498     0.0012 1.0000e-12     0.9578    78.7058 1.2894e+00 0.0000e+00  0.0434118    20.0036 265.830212     1.8632      2.298    -2.2629    296.537     6.1354 -9.990e-29
      2.253    20.0638 267.389942     0.0024 1.0000e-12     0.9591    78.6797 1.2271e+00 0.0000e+00  0.0434118    20.0043 265.891093     1.8632      2.297    -2.2538    296.648     6.1349 -9.990e-29
      2.254    20.0638 267.365829     0.0208 1.0000e-12     0.9591    78.6797 1.1685e+00 0.0000e+00  0.0434118    20.0028 265.982413     1.8657      2.298    -2.1723    296.621     6.1459 -9.990e-29
      2.255    20.0636 267.401997     0.0305 1.0000e-12     0.9578    78.7058 1.1722e+00 0.0000e+00  0.0434118    20.0031 265.921535     1.8657      2.299    -2.1339    296.662     6.1454 -9.990e-29
      2.256    20.0633 267.426108     0.0098 1.0000e-12     0.9591    78.6797 1.1429e+00 0.0000e+00  0.0434118    20.0045 265.921533     1.8657      2.300    -2.2284    296.691     6.1451 -9.990e-29
      2.255    20.0634 267.450219     0.0012 1.0000e-12     0.9591    78.6797 1.1136e+00 0.0000e+00  0.0434118    20.0054 265.769332     1.8669      2.299    -2.2613    296.717     6.1498 -9.990e-29
      2.252    20.0629 267.353775     0.0012 1.0000e-12     0.9591    78.6797 1.1062e+00 0.0000e+00  0.0434118    20.0052 265.647571     1.8681      2.296    -2.2616    296.613     6.1545 -9.990e-29
      2.250    20.0628 267.329665     0.0012 1.0000e-12     0.9578    78.7058 1.1136e+00 0.0000e+00  0.0434118    20.0054 265.860651     1.8681      2.294    -2.2627    296.587     6.1538 -9.990e-29
      2.249    20.0622 267.365833     0.0024 1.0000e-12     0.9591    78.6797 1.1099e+00 0.0000e+00  0.0434118    20.0063 265.769331     1.8694      2.293    -2.2534    296.631     6.1587 -9.990e-29
      2.248    20.0617 267.426108     0.0317 1.0000e-12     0.9591    78.6797 1.0916e+00 0.0000e+00  0.0434118    20.0062 265.891090     1.8694      2.292    -2.1266    296.702     6.1583 -9.990e-29
      2.247    20.0616 267.426109     0.0220 1.0000e-12     0.9406    79.0457 1.1026e+00 0.0000e+00  0.0434118    20.0061 265.830211     1.8706      2.291    -2.1736    296.702     6.1629 -9.990e-29
      2.245    20.0612 267.365834     0.0049 1.0000e-12     0.9287    79.2809 1.1392e+00 0.0000e+00  0.0434118    20.0070 265.860651     1.8718      2.289    -2.2476    296.638     6.1673 -9.990e-29
      2.242    20.0608 267.401998     0.0012 1.0000e-12     0.9274    79.3071 1.1429e+00 0.0000e+00  0.0434118    20.0092 265.921528     1.8718      2.286    -2.2602    296.681     6.1657 -9.990e-29
      2.240    20.0610 267.426109     0.0000 1.0000e-12     0.9261    79.3332 1.1209e+00 0.0000e+00  0.0434118    20.0108 265.830206     1.8730      2.284    -2.2680    296.706     6.1699 -9.990e-29
      2.238    20.0612 267.462275     0.0012 1.0000e-12     0.9274    79.3071 1.1282e+00 0.0000e+00  0.0434118    20.0134 265.891084     1.8730      2.282    -2.2600    296.745     6.1686 -9.990e-29
      2.236    20.0617 267.450220     0.0122 1.0000e-12     0.9287    79.2809 1.1319e+00 0.0000e+00  0.0434118    20.0156 265.951964     1.8742      2.280    -2.2095    296.728     6.1723 -9.990e-29
      2.233    20.0621 267.486385     0.0330 1.0000e-12     0.9287    79.2809 1.1099e+00 0.0000e+00  0.0434118    20.0164 265.951962     1.8755      2.277    -2.1213    296.766     6.1766 -9.990e-29
      2.230    20.0627 267.486384     0.0134 1.0000e-12     0.9274    79.3071 1.0806e+00 0.0000e+00  0.0434118    20.0191 265.951960     1.8755      2.274    -2.2116    296.762     6.1753 -9.990e-29
      2.226    20.0634 267.522550     0.0012 2.7948e-02     0.9274    79.3071 1.0916e+00 0.0000e+00  0.0434118    20.0210 265.891078     1.8767      2.270    -2.2605    296.797     6.1791 -9.990e-29
      2.223    20.0643 267.558714     0.0012 5.1477e-02     0.9274    79.3071 1.1062e+00 0.0000e+00  0.0434118    20.0254 265.921512     1.8767      2.267    -2.2596    296.832     6.1772 -9.990e-29
      2.221    20.0648 267.606937     0.0012 5.5092e-02     0.9274    79.3071 1.1648e+00 0.0000e+00  0.0434118    20.0298 265.891070     1.8779      2.265    -2.2621    296.882     6.1812 -9.990e-29
      2.220    20.0659 267.667214     0.0024 6.5948e-02     0.9287    79.2809 1.2564e+00 0.0000e+00  0.0434118    20.0324 265.921508     1.8779      2.264    -2.2521    296.941     6.1795 -9.990e-29
      2.219    20.0673 267.667213     0.0269 7.7010e-02     0.9274    79.3071 1.3443e+00 0.0000e+00  0.0434118    20.0331 266.043269     1.8791      2.263    -2.1449    296.932     6.1836 -9.990e-29
      2.217    20.0682 267.727491     0.0269 7.9621e-02     0.9287    79.2809 1.3114e+00 0.0000e+00  0.0434118    20.0327 265.921508     1.8803      2.261    -2.1490    296.993     6.1878 -9.990e-29
      2.215    20.0694 267.848048     0.0061 4.7507e-02     0.9274    79.3071 1.4286e+00 0.0000e+00  0.0434118    20.0333 266.043268     1.8803      2.259    -2.2413    297.119     6.1865 -9.990e-29
      2.213    20.0706 267.884214     0.0000 1.5954e-02     0.9261    79.3332 1.4615e+00 0.0000e+00  0.0434118    20.0336 266.165029     1.8803      2.257    -2.2636    297.151     6.1849 -9.990e-29
      2.211    20.0713 267.944494     0.0012 8.5535e-03     0.9287    79.2809 1.3773e+00 0.0000e+00  0.0434118    20.0357 266.043266     1.8803      2.255    -2.2597    297.213     6.1826 -9.990e-29
      2.210    20.0722 267.944494     0.0012 1.9043e-03     0.9274    79.3071 1.3114e+00 0.0000e+00  0.0434118    20.0368 266.012825     1.8816      2.254    -2.2592    297.207     6.1869 -9.990e-29
      2.208    20.0731 268.004772     0.0061 1.0000e-12     0.9261    79.3332 1.2564e+00 0.0000e+00  0.0434118    20.0403 265.951940     1.8828      2.252    -2.2340    297.268     6.1904 -9.990e-29
      2.206    20.0741 268.004772     0.0342 1.0000e-12     0.9287    79.2809 1.1978e+00 0.0000e+00  0.0434118    20.0443 266.012818     1.8828      2.249    -2.1132    297.262     6.1881 -9.990e-29
      2.205    20.0748 268.113278     0.0171 3.7642e-03     0.9247    79.3593 1.2344e+00 0.0000e+00  0.0434118    20.0491 265.921493     1.8828      2.248    -2.1929    297.377     6.1863 -9.990e-29
      2.203    20.0753 268.185614     0.0024 7.9032e-03     0.9182    79.4900 1.3370e+00 0.0000e+00  0.0434118    20.0524 265.982370     1.8840      2.246    -2.2538    297.454     6.1900 -9.990e-29
      2.202    20.0759 268.245897     0.0000 8.5535e-03     0.9168    79.5162 1.4176e+00 0.0000e+00  0.0434118    20.0545 266.073691     1.8840      2.245    -2.2623    297.517     6.1882 -9.990e-29
      2.200    20.0767 268.366460     0.0012 8.5535e-03     0.9182    79.4900 1.4652e+00 0.0000e+00  0.0434118    20.0552 266.165011     1.8852      2.243    -2.2607    297.646     6.1925 -9.990e-29
      2.199    20.0774 268.402631     0.0012 8.2279e-03     0.9168    79.5162 1.4359e+00 0.0000e+00  0.0434118    20.0559 266.104130     1.8852      2.242    -2.2568    297.681     6.1910 -9.990e-29
      2.197    20.0779 268.511140     0.0208 7.5794e-03     0.9182    79.4900 1.3480e+00 0.0000e+00  0.0434118    20.0573 266.195449     1.8852      2.240    -2.1700    297.798     6.1896 -9.990e-29
      2.196    20.0787 268.619651     0.0305 1.9043e-03     0.9182    79.4900 1.2637e+00 0.0000e+00  0.0434118    20.0580 266.134567     1.8852      2.239    -2.1309    297.913     6.1887 -9.990e-29
      2.196    20.0788 268.716109     0.0098 1.0000e-12     0.9182    79.4900 1.2271e+00 0.0000e+00  0.0434118    20.0607 266.165007     1.8864      2.239    -2.2243    298.020     6.1926 -9.990e-29
      2.195    20.0793 268.752280     0.0012 1.0000e-12     0.9182    79.4900 1.2674e+00 0.0000e+00  0.0434118    20.0631 266.165005     1.8864      2.238    -2.2575    298.056     6.1913 -9.990e-29
      2.193    20.0792 268.836679     0.0012 1.0000e-12     0.9182    79.4900 1.4982e+00 0.0000e+00  0.0434118    20.0660 266.104120     1.8864      2.236    -2.2585    298.151     6.1900 -9.990e-29
      2.192    20.0795 268.921080     0.0012 1.0000e-12     0.9182    79.4900 1.7582e+00 0.0000e+00  0.0434118    20.0678 266.286762     1.8864      2.235    -2.2603    298.242     6.1889 -9.990e-29
      2.191    20.0795 268.969309     0.0037 1.0000e-12     0.9182    79.4900 1.6996e+00 0.0000e+00  0.0434118    20.0694 266.347642     1.8877      2.234    -2.2454    298.296     6.1943 -9.990e-29
      2.191    20.0801 269.041655     0.0330 1.0000e-12     0.9182    79.4900 1.5275e+00 0.0000e+00  0.0434118    20.0702 266.317202     1.8877      2.234    -2.1183    298.372     6.1936 -9.990e-29
      2.191    20.0804 269.089884     0.0220 1.0000e-12     0.9182    79.4900 1.4103e+00 0.0000e+00  0.0434118    20.0706 266.225878     1.8877      2.234    -2.1710    298.424     6.1931 -9.990e-29
      2.191    20.0804 269.126057     0.0049 2.5207e-03     0.9182    79.4900 1.3663e+00 0.0000e+00  0.0434118    20.0720 266.347640     1.8889      2.234    -2.2443    298.464     6.1980 -9.990e-29
