data/05_metadata_exports/SeabirdData/202310_SeabirdData/88645_STN49.cnv
* Sea-Bird SBE 9 Data File:
* FileName = C:\Users\rosette\Rosette Data\2023\Ontario lower food web csmi\STN49.hex
* Software Version Seasave V 7.26.6.26
* Temperature SN = 5270
* Conductivity SN = 1168
* Number of Bytes Per Scan = 40
* Number of Voltage Words = 5
* Number of Scans Averaged by the Deck Unit = 1
* NMEA Latitude = 43 46.23 N
* NMEA Longitude = 077 26.30 W
* NMEA UTC (Time) = Sep 26 2023  03:40:00
* NMEA baud rate = 4800
** Ship: Lake Guardian
** Cruise: Ontario LFW
** Station:  STN49
# nquan = 18                                
# nvalues = 14027                       
# units = specified
# name 0 = prDM: Pressure, Digiquartz [db]
# name 1 = t090C: Temperature [ITS-90, deg C]
# name 2 = c0uS/cm: Conductivity [uS/cm]
# name 3 = sbeox0V: Oxygen raw, SBE 43 [V]
# name 4 = par: PAR/Irradiance, Biospherical/Licor
# name 5 = bat: Beam Attenuation, Chelsea/Seatech [1/m]
# name 6 = xmiss: Beam Transmission, Chelsea/Seatech [%]
# name 7 = flSP: Fluorescence, Seapoint
# name 8 = spar: SPAR, Biospherical/Licor
# name 9 = upoly0: Upoly 0, Suna Nitrate
# name 10 = t190C: Temperature, 2 [ITS-90, deg C]
# name 11 = c1uS/cm: Conductivity, 2 [uS/cm]
# name 12 = sbeox1V: Oxygen raw, SBE 43, 2 [V]
# name 13 = depFM: Depth [fresh water, m], lat = 43.7705
# name 14 = sbeox0Mg/L: Oxygen, SBE 43 [mg/l], WS = 2
# name 15 = specc: Specific Conductance [uS/cm]
# name 16 = sbeox1Mg/L: Oxygen, SBE 43, 2 [mg/l], WS = 2
# name 17 = flag: flag
# span 0 =     -0.058,     46.447       
# span 1 =   -23.1854,    19.5992       
# span 2 =   8.945572, 269.090846       
# span 3 =     0.0000,     0.0342       
# span 4 = 1.0000e-12, 6.2471e+00       
# span 5 =     0.2610,     7.3375       
# span 6 =    15.9712,    93.6837       
# span 7 = 9.5238e-02, 2.1941e+00       
# span 8 = 0.0000e+00, 0.0000e+00       
# span 9 =  0.0413330,  0.0625367       
# span 10 =     5.1268,    19.6008      
# span 11 =  11.917723, 270.336258      
# span 12 =     1.8767,     2.8107      
# span 13 =     -0.059,     47.363      
# span 14 =    -3.2373,    42.3112      
# span 15 =     10.704,   6836.572      
# span 16 =     6.3137,    10.6362      
# span 17 = 0.0000e+00, 0.0000e+00      
# interval = seconds: 0.0416667
# start_time = Sep 26 2023 03:40:00 [NMEA time, header]
# bad_flag = -9.990e-29
*END*
[from data line 11578]
     20.830    19.5521 268.656760     0.0244 1.0000e-12     1.0929    76.0919 1.3370e+00 0.0000e+00  0.0554688    19.5233 269.666910     2.5556     21.241    -2.1808    301.477     9.2661 0.0000e+00
     20.810    19.5479 268.765279     0.0281 1.0000e-12     1.0929    76.0919 1.3700e+00 0.0000e+00  0.0554688    19.5306 269.575567     2.5556     21.220    -2.1716    301.627     9.2633 0.0000e+00
     20.792    19.5494 268.753220     0.0085 1.0000e-12     1.0998    75.9612 1.4139e+00 0.0000e+00  0.0554688    19.5334 269.606010     2.5556     21.202    -2.2603    301.603     9.2618 0.0000e+00
     20.773    19.5533 268.777331     0.0024 1.0000e-12     1.1053    75.8567 1.4103e+00 0.0000e+00  0.0554688    19.5334 269.636456     2.5556     21.183    -2.2786    301.604     9.2607 0.0000e+00
     20.753    19.5552 268.765270     0.0305 1.0000e-12     1.1067    75.8305 1.3114e+00 0.0000e+00  0.0558845    19.5306 269.666902     2.5556     21.162    -2.1556    301.578     9.2604 0.0000e+00
     20.733    19.5554 268.801442     0.0220 1.0000e-12     1.1067    75.8305 1.1538e+00 0.0000e+00  0.0554688    19.5278 269.575568     2.5556     21.142    -2.2011    301.617     9.2597 0.0000e+00
     20.713    19.5552 268.753214     0.0049 1.0000e-12     1.1067    75.8305 1.0476e+00 0.0000e+00  0.0554688    19.5243 269.606017     2.5556     21.121    -2.2741    301.564     9.2594 0.0000e+00
     20.693    19.5546 268.704983     0.0073 1.0000e-12     1.1067    75.8305 9.7802e-01 0.0000e+00  0.0554688    19.5199 269.545127     2.5556     21.101    -2.2564    301.514     9.2597 0.0000e+00
     20.673    19.5531 268.704986     0.0330 1.0000e-12     1.1067    75.8305 9.8901e-01 0.0000e+00  0.0554688    19.5142 269.514689     2.5556     21.081    -2.1465    301.524     9.2597 0.0000e+00
     20.653    19.5531 268.741155     0.0159 1.0000e-12     1.1081    75.8044 1.0183e+00 0.0000e+00  0.0554688    19.5124 269.606024     2.5556     21.060    -2.2290    301.565     9.2593 0.0000e+00
     20.633    19.5528 268.741156     0.0037 1.0000e-12     1.1081    75.8044 1.0513e+00 0.0000e+00  0.0558845    19.5142 269.666914     2.5556     21.040    -2.2768    301.567     9.2582 0.0000e+00
     20.613    19.5524 268.632642     0.0171 1.0000e-12     1.1067    75.8305 1.0733e+00 0.0000e+00  0.0554688    19.5158 269.666913     2.5556     21.019    -2.2138    301.448     9.2567 0.0000e+00
     20.594    19.5512 268.632641     0.0305 1.0000e-12     1.1081    75.8044 1.0623e+00 0.0000e+00  0.0554688    19.5170 269.666909     2.5568     21.000    -2.1603    301.456     9.2605 0.0000e+00
     20.575    19.5488 268.656759     0.0110 1.0000e-12     1.1081    75.8044 1.0769e+00 0.0000e+00  0.0550530    19.5172 269.697357     2.5568     20.981    -2.2505    301.499     9.2600 0.0000e+00
     20.555    19.5439 268.620589     0.0012 1.0000e-12     1.1067    75.8305 1.0769e+00 0.0000e+00  0.0554688    19.5173 269.514681     2.5568     20.960    -2.2857    301.492     9.2590 0.0000e+00
     20.537    19.5425 268.717047     0.0281 1.0000e-12     1.1081    75.8044 1.0952e+00 0.0000e+00  0.0558845    19.5135 269.423348     2.5556     20.942    -2.1659    301.609     9.2533 0.0000e+00
     20.519    19.5392 268.620594     0.0256 1.0000e-12     1.1067    75.8305 1.0623e+00 0.0000e+00  0.0554688    19.5124 269.575577     2.5568     20.924    -2.1845    301.524     9.2578 0.0000e+00
     20.500    19.5350 268.548255     0.0073 1.0000e-12     1.1081    75.8044 1.0256e+00 0.0000e+00  0.0554688    19.5122 269.545130     2.5568     20.904    -2.2654    301.471     9.2568 0.0000e+00
     20.481    19.5324 268.524143     0.0049 1.0000e-12     1.1081    75.8044 1.0256e+00 0.0000e+00  0.0554688    19.5131 269.575574     2.5568     20.885    -2.2688    301.461     9.2559 0.0000e+00
     20.463    19.5251 268.584434     0.0330 1.0000e-12     1.1081    75.8044 1.0330e+00 0.0000e+00  0.0554688    19.5147 269.545127     2.5568     20.866    -2.1469    301.578     9.2553 0.0000e+00
     20.445    19.5128 268.584443     0.0195 1.0000e-12     1.1081    75.8044 1.0403e+00 0.0000e+00  0.0558845    19.5196 269.545122     2.5568     20.848    -2.2140    301.662     9.2541 0.0000e+00
     20.427    19.5057 268.584450     0.0037 1.0000e-12     1.1081    75.8044 1.0366e+00 0.0000e+00  0.0563003    19.5266 269.727790     2.5568     20.830    -2.2802    301.710     9.2524 0.0000e+00
     20.408    19.4984 268.512114     0.0122 1.0000e-12     1.1053    75.8567 9.9267e-01 0.0000e+00  0.0558845    19.5318 269.697338     2.5568     20.810    -2.2377    301.678     9.2510 0.0000e+00
     20.388    19.4904 268.463894     0.0330 1.0000e-12     1.0984    75.9873 9.4505e-01 0.0000e+00  0.0554688    19.5336 269.575554     2.5568     20.790    -2.1505    301.678     9.2502 0.0000e+00
     20.368    19.4860 268.391556     0.0134 1.0000e-12     1.0957    76.0396 9.4505e-01 0.0000e+00  0.0550530    19.5322 269.545109     2.5556     20.770    -2.2418    301.627     9.2450 0.0000e+00
     20.348    19.4780 268.391562     0.0024 1.0000e-12     1.0970    76.0135 9.4139e-01 0.0000e+00  0.0554688    19.5322 269.697336     2.5556     20.749    -2.2840    301.681     9.2450 0.0000e+00
     20.329    19.4725 268.355396     0.0232 1.0000e-12     1.0957    76.0396 9.3773e-01 0.0000e+00  0.0558845    19.5334 269.697334     2.5568     20.730    -2.1894    301.678     9.2502 0.0000e+00
     20.310    19.4759 268.488018     0.0269 1.0000e-12     1.0957    76.0396 9.0842e-01 0.0000e+00  0.0558845    19.5341 269.636443     2.5556     20.710    -2.1796    301.804     9.2445 0.0000e+00
     20.292    19.4873 268.584461     0.0073 1.0000e-12     1.0957    76.0396 9.1209e-01 0.0000e+00  0.0554688    19.5329 269.636442     2.5568     20.692    -2.2668    301.835     9.2501 0.0000e+00
     20.274    19.5019 268.608563     0.0024 1.0000e-12     1.0970    76.0135 1.0147e+00 0.0000e+00  0.0554688    19.5311 269.605999     2.5556     20.674    -2.2809    301.763     9.2449 0.0000e+00
     20.256    19.5120 268.608555     0.0317 1.0000e-12     1.0970    76.0135 1.0733e+00 0.0000e+00  0.0558845    19.5318 269.605998     2.5568     20.655    -2.1514    301.694     9.2501 0.0000e+00
     20.236    19.5157 268.560322     0.0220 1.0000e-12     1.0970    76.0135 1.0476e+00 0.0000e+00  0.0554688    19.5362 269.666884     2.5568     20.635    -2.2014    301.615     9.2492 0.0000e+00
     20.215    19.5158 268.608549     0.0049 1.0000e-12     1.0970    76.0135 9.8901e-01 0.0000e+00  0.0554688    19.5421 269.575542     2.5556     20.614    -2.2745    301.668     9.2425 0.0000e+00
     20.196    19.5143 268.560322     0.0085 1.0000e-12     1.0957    76.0396 9.7802e-01 0.0000e+00  0.0554688    19.5472 269.636428     2.5568     20.594    -2.2529    301.624     9.2468 0.0000e+00
     20.178    19.5059 268.524160     0.0330 1.0000e-12     1.0957    76.0396 1.0440e+00 0.0000e+00  0.0554688    19.5502 269.636427     2.5568     20.576    -2.1485    301.641     9.2465 0.0000e+00
     20.158    19.4982 268.487993     0.0147 1.0000e-12     1.0970    76.0135 1.2454e+00 0.0000e+00  0.0558845    19.5514 269.636422     2.5556     20.555    -2.2345    301.652     9.2410 0.0000e+00
     20.139    19.5057 268.560328     0.0037 1.0000e-12     1.0970    76.0135 1.3663e+00 0.0000e+00  0.0558845    19.5542 269.727758     2.5556     20.536    -2.2780    301.683     9.2406 0.0000e+00
     20.120    19.5193 268.620601     0.0195 1.0000e-12     1.0957    76.0396 1.2894e+00 0.0000e+00  0.0558845    19.5551 269.910431     2.5568     20.517    -2.2042    301.658     9.2465 0.0000e+00
     20.101    19.5314 268.680875     0.0305 1.0000e-12     1.0970    76.0135 1.1648e+00 0.0000e+00  0.0554688    19.5521 269.819096     2.5556     20.497    -2.1608    301.644     9.2422 0.0000e+00
     20.083    19.5399 268.729095     0.0098 1.0000e-12     1.0957    76.0396 1.0513e+00 0.0000e+00  0.0554688    19.5449 269.666872     2.5556     20.479    -2.2537    301.641     9.2441 0.0000e+00
     20.064    19.5442 268.741149     0.0012 1.0000e-12     1.0970    76.0135 1.0037e+00 0.0000e+00  0.0558845    19.5408 269.636431     2.5556     20.460    -2.2852    301.625     9.2453 0.0000e+00
     20.044    19.5481 268.777317     0.0305 1.0000e-12     1.0970    76.0135 9.6703e-01 0.0000e+00  0.0563003    19.5397 269.636431     2.5556     20.439    -2.1551    301.639     9.2460 0.0000e+00
     20.024    19.5515 268.765255     0.0232 1.0000e-12     1.0984    75.9873 9.7070e-01 0.0000e+00  0.0563003    19.5383 269.636431     2.5556     20.419    -2.1936    301.603     9.2472 0.0000e+00
     20.004    19.5546 268.741138     0.0061 1.0000e-12     1.1039    75.8828 1.0147e+00 0.0000e+00  0.0558845    19.5385 269.636431     2.5568     20.398    -2.2677    301.555     9.2534 0.0000e+00
     19.985    19.5568 268.741135     0.0061 1.0000e-12     1.1067    75.8305 9.9267e-01 0.0000e+00  0.0554688    19.5423 269.636427     2.5568     20.379    -2.2615    301.540     9.2530 0.0000e+00
     19.966    19.5597 268.849649     0.0342 1.0000e-12     1.1067    75.8305 9.4505e-01 0.0000e+00  0.0554688    19.5448 269.666871     2.5568     20.360    -2.1397    301.642     9.2533 0.0000e+00
     19.945    19.5617 268.777302     0.0171 1.0000e-12     1.1067    75.8305 9.1941e-01 0.0000e+00  0.0554688    19.5439 269.697316     2.5568     20.338    -2.2203    301.547     9.2543 0.0000e+00
     19.924    19.5626 268.801416     0.0037 1.0000e-12     1.1081    75.8044 8.8645e-01 0.0000e+00  0.0558845    19.5442 269.697316     2.5568     20.317    -2.2762    301.568     9.2549 0.0000e+00
     19.903    19.5617 268.777299     0.0171 1.0000e-12     1.1067    75.8305 8.7912e-01 0.0000e+00  0.0554688    19.5451 269.727758     2.5568     20.295    -2.2130    301.547     9.2554 0.0000e+00
     19.883    19.5613 268.753186     0.0305 1.0000e-12     1.1081    75.8044 8.7912e-01 0.0000e+00  0.0554688    19.5488 269.697310     2.5568     20.275    -2.1592    301.523     9.2549 0.0000e+00
     19.864    19.5616 268.789358     0.0122 1.0000e-12     1.1067    75.8305 8.9377e-01 0.0000e+00  0.0554688    19.5507 269.758200     2.5568     20.256    -2.2418    301.561     9.2547 0.0000e+00
     19.844    19.5622 268.801413     0.0024 1.0000e-12     1.1067    75.8305 9.5604e-01 0.0000e+00  0.0554688    19.5416 269.697315     2.5568     20.235    -2.2799    301.571     9.2570 0.0000e+00
     19.825    19.5635 268.765241     0.0281 1.0000e-12     1.1067    75.8305 1.0183e+00 0.0000e+00  0.0554688    19.5268 269.575546     2.5568     20.216    -2.1654    301.521     9.2598 0.0000e+00
     19.804    19.5631 268.765239     0.0244 1.0000e-12     1.1067    75.8305 1.0037e+00 0.0000e+00  0.0554688    19.5150 269.484218     2.5568     20.194    -2.1881    301.524     9.2625 0.0000e+00
     19.785    19.5619 268.692897     0.0073 1.0000e-12     1.1067    75.8305 9.8168e-01 0.0000e+00  0.0554688    19.5143 269.514664     2.5568     20.175    -2.2632    301.451     9.2622 0.0000e+00
     19.765    19.5601 268.765243     0.0049 1.0000e-12     1.1067    75.8305 9.9634e-01 0.0000e+00  0.0554688    19.5165 269.575555     2.5568     20.155    -2.2683    301.544     9.2618 0.0000e+00
     19.744    19.5585 268.765241     0.0342 1.0000e-12     1.1067    75.8305 1.0073e+00 0.0000e+00  0.0558845    19.5061 269.453779     2.5568     20.133    -2.1403    301.555     9.2637 0.0000e+00
     19.723    19.5573 268.789357     0.0183 1.0000e-12     1.1067    75.8305 9.7436e-01 0.0000e+00  0.0554688    19.4971 269.301561     2.5568     20.112    -2.2149    301.590     9.2649 0.0000e+00
     19.702    19.5574 268.753184     0.0037 1.0000e-12     1.1067    75.8305 9.4139e-01 0.0000e+00  0.0554688    19.4861 269.179789     2.5580     20.090    -2.2774    301.549     9.2723 0.0000e+00
     19.682    19.5575 268.753185     0.0147 1.0000e-12     1.1067    75.8305 9.1941e-01 0.0000e+00  0.0554688    19.4658 269.179808     2.5580     20.070    -2.2249    301.548     9.2761 0.0000e+00
     19.662    19.5572 268.741127     0.0317 1.0000e-12     1.1067    75.8305 9.1941e-01 0.0000e+00  0.0554688    19.4461 269.027599     2.5580     20.050    -2.1544    301.537     9.2788 0.0000e+00
     19.642    19.5550 268.704956     0.0122 1.0000e-12     1.1067    75.8305 9.0842e-01 0.0000e+00  0.0554688    19.4347 269.179833     2.5580     20.029    -2.2416    301.511     9.2804 0.0000e+00
     19.622    19.5509 268.729075     0.0024 1.0000e-12     1.1067    75.8305 8.9744e-01 0.0000e+00  0.0558845    19.4297 269.301618     2.5580     20.009    -2.2816    301.566     9.2807 0.0000e+00
     19.600    19.5492 268.704961     0.0269 1.0000e-12     1.1094    75.7782 9.2674e-01 0.0000e+00  0.0558845    19.4212 269.149399     2.5580     19.986    -2.1715    301.550     9.2813 0.0000e+00
     19.579    19.5456 268.729077     0.0256 1.0000e-12     1.1108    75.7521 9.8535e-01 0.0000e+00  0.0554688    19.4168 269.210291     2.5592     19.965    -2.1834    301.602     9.2865 0.0000e+00
     19.559    19.5423 268.668795     0.0073 1.0000e-12     1.1108    75.7521 9.9267e-01 0.0000e+00  0.0554688    19.4148 269.088514     2.5580     19.945    -2.2643    301.557     9.2803 0.0000e+00
     19.539    19.5411 268.620567     0.0049 1.0000e-12     1.1108    75.7521 9.6337e-01 0.0000e+00  0.0550530    19.4155 269.149402     2.5592     19.924    -2.2702    301.511     9.2845 0.0000e+00
     19.519    19.5408 268.644681     0.0330 1.0000e-12     1.1108    75.7521 9.6337e-01 0.0000e+00  0.0554688    19.4220 269.240732     2.5592     19.904    -2.1474    301.540     9.2821 0.0000e+00
     19.498    19.5406 268.596452     0.0195 1.0000e-12     1.1108    75.7521 1.0037e+00 0.0000e+00  0.0554688    19.4340 269.301610     2.5580     19.882    -2.2109    301.487     9.2737 0.0000e+00
     19.477    19.5381 268.596453     0.0037 1.0000e-12     1.1094    75.7782 9.9634e-01 0.0000e+00  0.0554688    19.4452 269.392935     2.5592     19.861    -2.2797    301.504     9.2763 0.0000e+00
     19.457    19.5348 268.632628     0.0134 1.0000e-12     1.1094    75.7782 9.4872e-01 0.0000e+00  0.0558845    19.4653 269.423363     2.5592     19.841    -2.2327    301.567     9.2718 0.0000e+00
     19.436    19.5321 268.608515     0.0317 1.0000e-12     1.1108    75.7521 9.0842e-01 0.0000e+00  0.0558845    19.4910 269.423339     2.5592     19.819    -2.1561    301.558     9.2662 0.0000e+00
     19.415    19.5300 268.608517     0.0122 1.0000e-12     1.1094    75.7782 9.1209e-01 0.0000e+00  0.0554688    19.5198 269.453760     2.5592     19.798    -2.2429    301.572     9.2600 0.0000e+00
     19.394    19.5272 268.584404     0.0012 1.0000e-12     1.1094    75.7782 9.8168e-01 0.0000e+00  0.0554688    19.5379 269.697306     2.5592     19.776    -2.2893    301.564     9.2559 0.0000e+00
     19.374    19.5217 268.536181     0.0256 1.0000e-12     1.1108    75.7521 1.0293e+00 0.0000e+00  0.0558845    19.5495 269.758188     2.5592     19.756    -2.1798    301.547     9.2534 0.0000e+00
     19.353    19.5138 268.487960     0.0269 1.0000e-12     1.1108    75.7521 1.0183e+00 0.0000e+00  0.0558845    19.5572 269.758181     2.5592     19.735    -2.1791    301.547     9.2512 0.0000e+00
     19.332    19.5056 268.512080     0.0073 1.0000e-12     1.1108    75.7521 9.7802e-01 0.0000e+00  0.0558845    19.5606 269.697285     2.5592     19.713    -2.2653    301.629     9.2498 0.0000e+00
     19.310    19.4993 268.475915     0.0049 1.0000e-12     1.1108    75.7521 9.6337e-01 0.0000e+00  0.0554688    19.5554 269.727735     2.5592     19.691    -2.2722    301.631     9.2501 0.0000e+00
     19.289    19.4963 268.427689     0.0330 1.0000e-12     1.1108    75.7521 9.7436e-01 0.0000e+00  0.0554688    19.5516 269.666846     2.5580     19.669    -2.1490    301.598     9.2447 0.0000e+00
     19.269    19.4955 268.403576     0.0195 1.0000e-12     1.1108    75.7521 9.5604e-01 0.0000e+00  0.0554688    19.5435 269.666853     2.5580     19.649    -2.2115    301.576     9.2455 0.0000e+00
