data/05_metadata_exports/SeabirdData/202310_SeabirdData/88645_STN49.cnv
* Sea-Bird SBE 9 Data File:
* FileName = C:\Users\rosette\Rosette Data\2023\Ontario lower food web csmi\STN49.hex
* Software Version Seasave V 7.26.6.26
* Temperature SN = 5270
* Conductivity SN = 1168
* Number of Bytes Per Scan = 40
* Number of Voltage Words = 5
* Number of Scans Averaged by the Deck Unit = 1
* NMEA Latitude = 43 46.23 N
* NMEA Longitude = 077 26.30 W
* NMEA UTC (Time) = Sep 26 2023  03:40:00
* NMEA baud rate = 4800
** Ship: Lake Guardian
** Cruise: Ontario LFW
** Station:  STN49
# nquan = 18                                
# nvalues = 14027                       
# units = specified
# name 0 = prDM: Pressure, Digiquartz [db]
# name 1 = t090C: Temperature [ITS-90, deg C]
# name 2 = c0uS/cm: Conductivity [uS/cm]
# name 3 = sbeox0V: Oxygen raw, SBE 43 [V]
# name 4 = par: PAR/Irradiance, Biospherical/Licor
# name 5 = bat: Beam Attenuation, Chelsea/Seatech [1/m]
# name 6 = xmiss: Beam Transmission, Chelsea/Seatech [%]
# name 7 = flSP: Fluorescence, Seapoint
# name 8 = spar: SPAR, Biospherical/Licor
# name 9 = upoly0: Upoly 0, Suna Nitrate
# name 10 = t190C: Temperature, 2 [ITS-90, deg C]
# name 11 = c1uS/cm: Conductivity, 2 [uS/cm]
# name 12 = sbeox1V: Oxygen raw, SBE 43, 2 [V]
# name 13 = depFM: Depth [fresh water, m], lat = 43.7705
# name 14 = sbeox0Mg/L: Oxygen, SBE 43 [mg/l], WS = 2
# name 15 = specc: Specific Conductance [uS/cm]
# name 16 = sbeox1Mg/L: Oxygen, SBE 43, 2 [mg/l], WS = 2
# name 17 = flag: flag
# span 0 =     -0.058,     46.447       
# span 1 =   -23.1854,    19.5992       
# span 2 =   8.945572, 269.090846       
# span 3 =     0.0000,     0.0342       
# span 4 = 1.0000e-12, 6.2471e+00       
# span 5 =     0.2610,     7.3375       
# span 6 =    15.9712,    93.6837       
# span 7 = 9.5238e-02, 2.1941e+00       
# span 8 = 0.0000e+00, 0.0000e+00       
# span 9 =  0.0413330,  0.0625367       
# span 10 =     5.1268,    19.6008      
# span 11 =  11.917723, 270.336258      
# span 12 =     1.8767,     2.8107      
# span 13 =     -0.059,     47.363      
# span 14 =    -3.2373,    42.3112      
# span 15 =     10.704,   6836.572      
# span 16 =     6.3137,    10.6362      
# span 17 = 0.0000e+00, 0.0000e+00      
# interval = seconds: 0.0416667
# start_time = Sep 26 2023 03:40:00 [NMEA time, header]
# bad_flag = -9.990e-29
*END*
[from data line 6433]
     37.509     7.2617 204.408524     0.0220 1.0000e-12     0.3776    90.9914 2.7106e-01 0.0000e+00  0.0563003     7.2603 205.530635     2.0110     38.249    -2.9149    316.780     9.0748 0.0000e+00
     37.531     7.2587 204.336710     0.0305 1.0000e-12     0.3776    90.9914 2.7473e-01 0.0000e+00  0.0563003     7.2558 205.469925     2.0122     38.271    -2.8787    316.699     9.0853 0.0000e+00
     37.554     7.2561 204.384590     0.0110 1.0000e-12     0.3776    90.9914 2.6007e-01 0.0000e+00  0.0558845     7.2537 205.500284     2.0122     38.294    -2.9869    316.798     9.0898 0.0000e+00
     37.576     7.2537 204.336715     0.0330 1.0000e-12     0.3776    90.9914 2.3810e-01 0.0000e+00  0.0558845     7.2509 205.591355     2.0122     38.317    -2.8536    316.748     9.0930 0.0000e+00
     37.596     7.2512 204.360655     0.0220 1.0000e-12     0.3776    90.9914 2.3443e-01 0.0000e+00  0.0558845     7.2491 205.378862     2.0122     38.337    -2.9333    316.809     9.0966 0.0000e+00
     37.618     7.2496 204.384594     0.0159 1.0000e-12     0.3776    90.9914 2.4176e-01 0.0000e+00  0.0563003     7.2485 205.530644     2.0122     38.360    -2.9540    316.862     9.1006 0.0000e+00
     37.640     7.2480 204.420504     0.0330 1.0000e-12     0.3788    90.9652 2.4542e-01 0.0000e+00  0.0558845     7.2496 205.621714     2.0122     38.382    -2.8614    316.934     9.1037 0.0000e+00
     37.662     7.2472 204.396567     0.0134 1.0000e-12     0.3765    91.0175 2.4542e-01 0.0000e+00  0.0558845     7.2503 205.530645     2.0122     38.405    -2.9773    316.904     9.1075 0.0000e+00
     37.682     7.2465 204.396567     0.0281 1.0000e-12     0.3776    90.9914 2.4176e-01 0.0000e+00  0.0558845     7.2503 205.469932     2.0122     38.425    -2.8806    316.911     9.1120 0.0000e+00
     37.703     7.2457 204.444445     0.0256 1.0000e-12     0.3765    91.0175 2.4176e-01 0.0000e+00  0.0558845     7.2493 205.348509     2.0122     38.446    -2.9127    316.993     9.1164 0.0000e+00
     37.724     7.2453 204.444445     0.0110 1.0000e-12     0.3765    91.0175 2.6374e-01 0.0000e+00  0.0554688     7.2503 205.378864     2.0134     38.468    -2.9844    316.997     9.1280 0.0000e+00
     37.746     7.2441 204.396571     0.0342 1.0000e-12     0.3765    91.0175 2.8205e-01 0.0000e+00  0.0554688     7.2506 205.409221     2.0134     38.490    -2.8512    316.935     9.1322 0.0000e+00
     37.767     7.2427 204.384602     0.0159 1.0000e-12     0.3765    91.0175 2.8938e-01 0.0000e+00  0.0558845     7.2485 205.409222     2.0134     38.512    -2.9676    316.930     9.1374 0.0000e+00
     37.787     7.2412 204.396574     0.0220 1.0000e-12     0.3776    90.9914 2.8571e-01 0.0000e+00  0.0558845     7.2452 205.439582     2.0134     38.532    -2.9180    316.963     9.1425 0.0000e+00
     37.807     7.2386 204.384605     0.0293 1.0000e-12     0.3788    90.9652 2.7839e-01 0.0000e+00  0.0563003     7.2407 205.469940     2.0147     38.552    -2.8896    316.970     9.1563 0.0000e+00
     37.828     7.2349 204.336732     0.0110 1.0000e-12     0.3811    90.9130 2.7106e-01 0.0000e+00  0.0567161     7.2378 205.469943     2.0147     38.574    -2.9881    316.932     9.1633 0.0000e+00
     37.849     7.2320 204.288859     0.0330 1.0000e-12     0.3811    90.9130 2.6374e-01 0.0000e+00  0.0563003     7.2373 205.469945     2.0147     38.595    -2.8556    316.887     9.1691 0.0000e+00
     37.870     7.2292 204.288861     0.0208 1.0000e-12     0.3811    90.9130 2.5641e-01 0.0000e+00  0.0563003     7.2360 205.561014     2.0147     38.617    -2.9424    316.914     9.1747 0.0000e+00
     37.890     7.2268 204.240987     0.0171 1.0000e-12     0.3811    90.9130 2.4542e-01 0.0000e+00  0.0563003     7.2305 205.439593     2.0159     38.637    -2.9481    316.864     9.1889 0.0000e+00
     37.910     7.2243 204.193113     0.0317 1.0000e-12     0.3811    90.9130 2.3810e-01 0.0000e+00  0.0563003     7.2267 205.409239     2.0159     38.657    -2.8722    316.814     9.1959 0.0000e+00
     37.931     7.2227 204.264930     0.0122 1.0000e-12     0.3811    90.9130 2.3810e-01 0.0000e+00  0.0558845     7.2235 205.318175     2.0171     38.679    -2.9857    316.941     9.2084 0.0000e+00
     37.951     7.2208 204.240992     0.0293 1.0000e-12     0.3811    90.9130 2.4908e-01 0.0000e+00  0.0558845     7.2206 205.469957     2.0171     38.699    -2.8768    316.923     9.2128 0.0000e+00
     37.970     7.2192 204.276900     0.0244 1.0000e-12     0.3811    90.9130 2.7106e-01 0.0000e+00  0.0558845     7.2178 205.469959     2.0183     38.719    -2.9232    316.994     9.2258 0.0000e+00
     37.991     7.2180 204.240995     0.0134 1.0000e-12     0.3811    90.9130 2.9304e-01 0.0000e+00  0.0558845     7.2167 205.348536     2.0183     38.740    -2.9730    316.950     9.2305 0.0000e+00
     38.011     7.2174 204.157215     0.0342 1.0000e-12     0.3811    90.9130 3.1136e-01 0.0000e+00  0.0563003     7.2162 205.257469     2.0195     38.760    -2.8557    316.826     9.2427 0.0000e+00
     38.029     7.2174 204.157215     0.0159 1.0000e-12     0.3811    90.9130 3.1502e-01 0.0000e+00  0.0563003     7.2167 205.287825     2.0195     38.779    -2.9694    316.826     9.2466 0.0000e+00
     38.047     7.2169 204.181152     0.0232 1.0000e-12     0.3799    90.9391 3.0403e-01 0.0000e+00  0.0558845     7.2164 205.318180     2.0208     38.797    -2.9126    316.868     9.2598 0.0000e+00
     38.065     7.2164 204.193123     0.0281 1.0000e-12     0.3811    90.9130 2.7839e-01 0.0000e+00  0.0554688     7.2164 205.257470     2.0208     38.815    -2.8993    316.892     9.2643 0.0000e+00
     38.084     7.2153 204.264936     0.0110 1.0000e-12     0.3822    90.8868 2.6007e-01 0.0000e+00  0.0558845     7.2160 205.348537     2.0208     38.835    -2.9887    317.014     9.2690 0.0000e+00
     38.103     7.2130 204.217063     0.0330 1.0000e-12     0.3822    90.8868 2.4908e-01 0.0000e+00  0.0563003     7.2144 205.409252     2.0220     38.854    -2.8571    316.962     9.2805 0.0000e+00
     38.122     7.2112 204.169189     0.0195 1.0000e-12     0.3799    90.9391 2.4176e-01 0.0000e+00  0.0563003     7.2130 205.439609     2.0220     38.874    -2.9498    316.906     9.2849 0.0000e+00
     38.142     7.2083 204.169192     0.0183 1.0000e-12     0.3811    90.9130 2.4176e-01 0.0000e+00  0.0558845     7.2093 205.469969     2.0232     38.894    -2.9407    316.934     9.2963 0.0000e+00
     38.161     7.2058 204.169194     0.0317 1.0000e-12     0.3811    90.9130 2.3443e-01 0.0000e+00  0.0554688     7.2050 205.469972     2.0232     38.913    -2.8727    316.959     9.3007 0.0000e+00
     38.179     7.2021 204.121321     0.0110 1.0000e-12     0.3811    90.9130 2.2711e-01 0.0000e+00  0.0558845     7.2020 205.348549     2.0232     38.932    -2.9909    316.921     9.3038 0.0000e+00
     38.197     7.1981 204.121325     0.0305 1.0000e-12     0.3811    90.9130 2.2344e-01 0.0000e+00  0.0558845     7.2000 205.378908     2.0244     38.950    -2.8687    316.960     9.3130 0.0000e+00
     38.216     7.1956 204.085419     0.0232 1.0000e-12     0.3822    90.8868 2.2344e-01 0.0000e+00  0.0563003     7.1985 205.318195     2.0244     38.969    -2.9294    316.929     9.3159 0.0000e+00
     38.234     7.1943 204.025579     0.0134 1.0000e-12     0.3811    90.9130 2.1978e-01 0.0000e+00  0.0563003     7.1938 205.196777     2.0256     38.988    -2.9712    316.849     9.3259 0.0000e+00
     38.253     7.1922 203.977705     0.0330 1.0000e-12     0.3822    90.8868 2.3810e-01 0.0000e+00  0.0563003     7.1867 205.166425     2.0256     39.007    -2.8619    316.795     9.3294 0.0000e+00
     38.272     7.1891 204.001645     0.0147 1.0000e-12     0.3811    90.9130 2.9304e-01 0.0000e+00  0.0563003     7.1777 205.166431     2.0269     39.027    -2.9750    316.863     9.3403 0.0000e+00
     38.291     7.1849 203.965742     0.0269 1.0000e-12     0.3811    90.9130 3.0769e-01 0.0000e+00  0.0563003     7.1705 205.045013     2.0281     39.046    -2.8915    316.849     9.3512 0.0000e+00
     38.310     7.1807 203.905904     0.0269 1.0000e-12     0.3822    90.8868 3.0769e-01 0.0000e+00  0.0563003     7.1647 205.014663     2.0281     39.065    -2.9084    316.797     9.3536 0.0000e+00
     38.328     7.1772 203.965748     0.0110 1.0000e-12     0.3811    90.9130 2.9304e-01 0.0000e+00  0.0558845     7.1612 205.014665     2.0281     39.084    -2.9901    316.924     9.3544 0.0000e+00
     38.346     7.1745 203.893939     0.0342 1.0000e-12     0.3811    90.9130 2.6007e-01 0.0000e+00  0.0558845     7.1568 204.893246     2.0293     39.102    -2.8540    316.839     9.3628 0.0000e+00
     38.364     7.1715 203.834100     0.0183 1.0000e-12     0.3811    90.9130 2.3810e-01 0.0000e+00  0.0563003     7.1504 204.862894     2.0305     39.120    -2.9603    316.776     9.3727 0.0000e+00
     38.383     7.1674 203.810167     0.0208 1.0000e-12     0.3811    90.9130 2.3077e-01 0.0000e+00  0.0563003     7.1451 204.862899     2.0305     39.140    -2.9312    316.779     9.3741 0.0000e+00
     38.402     7.1631 203.738360     0.0305 1.0000e-12     0.3822    90.8868 2.2344e-01 0.0000e+00  0.0563003     7.1386 204.862904     2.0305     39.159    -2.8879    316.710     9.3758 0.0000e+00
     38.420     7.1592 203.690491     0.0110 1.0000e-12     0.3799    90.9391 2.2344e-01 0.0000e+00  0.0563003     7.1341 204.741486     2.0317     39.177    -2.9973    316.674     9.3833 0.0000e+00
     38.438     7.1549 203.690493     0.0317 1.0000e-12     0.3822    90.8868 2.1978e-01 0.0000e+00  0.0558845     7.1287 204.771844     2.0317     39.196    -2.8696    316.716     9.3849 0.0000e+00
     38.457     7.1492 203.654593     0.0208 1.0000e-12     0.3811    90.9130 2.2344e-01 0.0000e+00  0.0558845     7.1234 204.680783     2.0330     39.215    -2.9501    316.717     9.3933 0.0000e+00
     38.477     7.1427 203.582790     0.0159 1.0000e-12     0.3822    90.8868 2.2344e-01 0.0000e+00  0.0558845     7.1193 204.680787     2.0342     39.236    -2.9632    316.669     9.4008 0.0000e+00
     38.495     7.1350 203.499020     0.0330 1.0000e-12     0.3811    90.9130 2.3443e-01 0.0000e+00  0.0558845     7.1165 204.650433     2.0354     39.254    -2.8698    316.615     9.4081 0.0000e+00
     38.512     7.1275 203.427217     0.0134 1.0000e-12     0.3811    90.9130 2.3077e-01 0.0000e+00  0.0563003     7.1135 204.680790     2.0354     39.271    -2.9893    316.577     9.4083 0.0000e+00
     38.531     7.1192 203.427224     0.0281 1.0000e-12     0.3822    90.8868 2.2711e-01 0.0000e+00  0.0563003     7.1092 204.620084     2.0366     39.291    -2.8919    316.659     9.4162 0.0000e+00
     38.551     7.1101 203.415262     0.0256 1.0000e-12     0.3822    90.8868 2.2711e-01 0.0000e+00  0.0558845     7.1037 204.620087     2.0366     39.311    -2.9239    316.730     9.4162 0.0000e+00
     38.571     7.1009 203.247723     0.0122 1.0000e-12     0.3822    90.8868 2.3077e-01 0.0000e+00  0.0558845     7.0977 204.529028     2.0379     39.331    -2.9904    316.560     9.4242 0.0000e+00
     38.590     7.0914 203.259696     0.0342 1.0000e-12     0.3765    91.0175 2.3077e-01 0.0000e+00  0.0558845     7.0865 204.498679     2.0379     39.351    -2.8626    316.672     9.4248 0.0000e+00
     38.608     7.0819 203.151996     0.0171 1.0000e-12     0.3719    91.1221 2.3077e-01 0.0000e+00  0.0563003     7.0747 204.437979     2.0391     39.369    -2.9739    316.598     9.4329 0.0000e+00
     38.626     7.0716 203.116100     0.0232 1.0000e-12     0.3707    91.1482 2.2711e-01 0.0000e+00  0.0563003     7.0661 204.346920     2.0391     39.388    -2.9230    316.644     9.4331 0.0000e+00
     38.644     7.0609 203.068238     0.0293 1.0000e-12     0.3707    91.1482 2.2344e-01 0.0000e+00  0.0563003     7.0556 204.225508     2.0391     39.406    -2.9024    316.675     9.4329 0.0000e+00
     38.663     7.0523 202.912671     0.0110 1.0000e-12     0.3719    91.1221 2.1612e-01 0.0000e+00  0.0558845     7.0441 204.195163     2.0403     39.425    -3.0036    316.517     9.4413 0.0000e+00
     38.681     7.0450 202.936609     0.0330 1.0000e-12     0.3707    91.1482 2.1245e-01 0.0000e+00  0.0558845     7.0331 204.134460     2.0403     39.444    -2.8700    316.626     9.4413 0.0000e+00
     38.701     7.0361 202.816947     0.0208 1.0000e-12     0.3707    91.1482 2.1245e-01 0.0000e+00  0.0558845     7.0240 204.013051     2.0415     39.464    -2.9589    316.528     9.4483 0.0000e+00
     38.720     7.0254 202.733185     0.0171 1.0000e-12     0.3719    91.1221 2.2344e-01 0.0000e+00  0.0563003     7.0142 203.982702     2.0415     39.483    -2.9661    316.503     9.4483 0.0000e+00
     38.739     7.0130 202.697295     0.0317 1.0000e-12     0.3707    91.1482 2.4176e-01 0.0000e+00  0.0558845     7.0040 203.922002     2.0427     39.503    -2.8896    316.569     9.4558 0.0000e+00
     38.756     7.0032 202.661400     0.0122 1.0000e-12     0.3719    91.1221 2.5275e-01 0.0000e+00  0.0558845     6.9887 203.830950     2.0427     39.520    -3.0055    316.610     9.4575 0.0000e+00
     38.774     6.9924 202.517807     0.0293 1.0000e-12     0.3719    91.1221 2.5641e-01 0.0000e+00  0.0563003     6.9733 203.709544     2.0427     39.538    -2.8954    316.493     9.4585 0.0000e+00
     38.794     6.9812 202.410118     0.0232 1.0000e-12     0.3696    91.1744 2.7473e-01 0.0000e+00  0.0558845     6.9628 203.679198     2.0440     39.559    -2.9502    316.435     9.4651 0.0000e+00
     38.813     6.9693 202.362261     0.0122 1.0000e-12     0.3696    91.1744 3.1868e-01 0.0000e+00  0.0558845     6.9529 203.618499     2.0452     39.578    -3.0009    316.478     9.4722 0.0000e+00
     38.831     6.9520 202.194745     0.0330 1.0000e-12     0.3707    91.1482 3.1868e-01 0.0000e+00  0.0563003     6.9407 203.527444     2.0452     39.597    -2.8823    316.387     9.4729 0.0000e+00
     38.849     6.9287 202.099033     0.0147 1.0000e-12     0.3707    91.1482 3.0037e-01 0.0000e+00  0.0563003     6.9216 203.406044     2.0452     39.615    -3.0005    316.468     9.4745 0.0000e+00
     38.868     6.9040 201.859733     0.0244 1.0000e-12     0.3707    91.1482 2.7839e-01 0.0000e+00  0.0558845     6.8927 203.375710     2.0452     39.634    -2.9307    316.338     9.4778 0.0000e+00
     38.887     6.8759 201.572581     0.0281 1.0000e-12     0.3719    91.1221 2.6007e-01 0.0000e+00  0.0558845     6.8616 203.163258     2.0464     39.654    -2.9267    316.167     9.4892 0.0000e+00
     38.907     6.8419 201.405094     0.0110 1.0000e-12     0.3707    91.1482 2.4908e-01 0.0000e+00  0.0558845     6.8320 202.981162     2.0464     39.674    -3.0212    316.242     9.4932 0.0000e+00
     38.926     6.8068 201.201714     0.0330 1.0000e-12     0.3719    91.1221 2.3810e-01 0.0000e+00  0.0558845     6.8005 202.708008     2.0464     39.693    -2.8917    316.271     9.4980 0.0000e+00
     38.944     6.7747 200.890657     0.0195 1.0000e-12     0.3719    91.1221 2.3443e-01 0.0000e+00  0.0563003     6.7549 202.556277     2.0476     39.712    -2.9881    316.101     9.5131 0.0000e+00
     38.964     6.7319 200.567656     0.0183 1.0000e-12     0.3730    91.0959 2.4176e-01 0.0000e+00  0.0563003     6.7059 202.343846     2.0476     39.732    -2.9818    316.019     9.5221 0.0000e+00
     38.983     6.6778 200.160931     0.0317 1.0000e-12     0.3753    91.0437 2.6374e-01 0.0000e+00  0.0558845     6.6592 202.101063     2.0488     39.752    -2.9172    315.917     9.5382 0.0000e+00
     39.002     6.6238 199.837963     0.0122 1.0000e-12     0.3765    91.0175 2.6007e-01 0.0000e+00  0.0558845     6.5847 201.524439     2.0488     39.771    -3.0348    315.945     9.5537 0.0000e+00
     39.020     6.5760 199.515004     0.0305 1.0000e-12     0.3765    91.0175 2.5275e-01 0.0000e+00  0.0558845     6.5188 201.190627     2.0488     39.789    -2.9211    315.912     9.5663 0.0000e+00
