data/05_metadata_exports/SeabirdData/202310_SeabirdData/88645_STN49.cnv
* Sea-Bird SBE 9 Data File:
* FileName = C:\Users\rosette\Rosette Data\2023\Ontario lower food web csmi\STN49.hex
* Software Version Seasave V 7.26.6.26
* Temperature SN = 5270
* Conductivity SN = 1168
* Number of Bytes Per Scan = 40
* Number of Voltage Words = 5
* Number of Scans Averaged by the Deck Unit = 1
* NMEA Latitude = 43 46.23 N
* NMEA Longitude = 077 26.30 W
* NMEA UTC (Time) = Sep 26 2023  03:40:00
* NMEA baud rate = 4800
** Ship: Lake Guardian
** Cruise: Ontario LFW
** Station:  STN49
# nquan = 18                                
# nvalues = 14027                       
# units = specified
# name 0 = prDM: Pressure, Digiquartz [db]
# name 1 = t090C: Temperature [ITS-90, deg C]
# name 2 = c0uS/cm: Conductivity [uS/cm]
# name 3 = sbeox0V: Oxygen raw, SBE 43 [V]
# name 4 = par: PAR/Irradiance, Biospherical/Licor
# name 5 = bat: Beam Attenuation, Chelsea/Seatech [1/m]
# name 6 = xmiss: Beam Transmission, Chelsea/Seatech [%]
# name 7 = flSP: Fluorescence, Seapoint
# name 8 = spar: SPAR, Biospherical/Licor
# name 9 = upoly0: Upoly 0, Suna Nitrate
# name 10 = t190C: Temperature, 2 [ITS-90, deg C]
# name 11 = c1uS/cm: Conductivity, 2 [uS/cm]
# name 12 = sbeox1V: Oxygen raw, SBE 43, 2 [V]
# name 13 = depFM: Depth [fresh water, m], lat = 43.7705
# name 14 = sbeox0Mg/L: Oxygen, SBE 43 [mg/l], WS = 2
# name 15 = specc: Specific Conductance [uS/cm]
# name 16 = sbeox1Mg/L: Oxygen, SBE 43, 2 [mg/l], WS = 2
# name 17 = flag: flag
# span 0 =     -0.058,     46.447       
# span 1 =   -23.1854,    19.5992       
# span 2 =   8.945572, 269.090846       
# span 3 =     0.0000,     0.0342       
# span 4 = 1.0000e-12, 6.2471e+00       
# span 5 =     0.2610,     7.3375       
# span 6 =    15.9712,    93.6837       
# span 7 = 9.5238e-02, 2.1941e+00       
# span 8 = 0.0000e+00, 0.0000e+00       
# span 9 =  0.0413330,  0.0625367       
# span 10 =     5.1268,    19.6008      
# span 11 =  11.917723, 270.336258      
# span 12 =     1.8767,     2.8107      
# span 13 =     -0.059,     47.363      
# span 14 =    -3.2373,    42.3112      
# span 15 =     10.704,   6836.572      
# span 16 =     6.3137,    10.6362      
# span 17 = 0.0000e+00, 0.0000e+00      
# interval = seconds: 0.0416667
# start_time = Sep 26 2023 03:40:00 [NMEA time, header]
# bad_flag = -9.990e-29
*END*
[from data line 11337]
     24.270    19.4333 268.102345     0.0159 1.0000e-12     1.0860    76.2226 9.5604e-01 0.0000e+00  0.0558845    19.4829 269.545253     2.5446     24.749    -2.2306    301.659     9.2104 -9.990e-29
     24.271    19.4373 268.090286     0.0305 1.0000e-12     1.0888    76.1703 9.0476e-01 0.0000e+00  0.0558845    19.4903 269.453910     2.5433     24.750    -2.1634    301.618     9.2032 -9.990e-29
     24.272    19.4429 268.017944     0.0110 1.0000e-12     1.0915    76.1180 8.7546e-01 0.0000e+00  0.0554688    19.5000 269.453902     2.5446     24.751    -2.2470    301.499     9.2073 -9.990e-29
     24.274    19.4455 268.066167     0.0012 1.0000e-12     1.0902    76.1442 8.6447e-01 0.0000e+00  0.0554688    19.5060 269.575679     2.5433     24.753    -2.2954    301.536     9.2003 -9.990e-29
     24.274    19.4460 268.066166     0.0183 1.0000e-12     1.0915    76.1180 8.7546e-01 0.0000e+00  0.0554688    19.5091 269.514784     2.5446     24.753    -2.2189    301.532     9.2057 -9.990e-29
     24.274    19.4451 268.114392     0.0305 1.0000e-12     1.0915    76.1180 8.7912e-01 0.0000e+00  0.0558845    19.5098 269.484339     2.5446     24.753    -2.1630    301.593     9.2055 -9.990e-29
     24.275    19.4453 268.078222     0.0098 1.0000e-12     1.0902    76.1442 8.9011e-01 0.0000e+00  0.0558845    19.5089 269.484339     2.5446     24.754    -2.2525    301.551     9.2057 -9.990e-29
     24.277    19.4451 268.102337     0.0024 1.0000e-12     1.0915    76.1180 9.1575e-01 0.0000e+00  0.0558845    19.5081 269.575677     2.5433     24.756    -2.2903    301.579     9.1999 -9.990e-29
     24.277    19.4406 268.078227     0.0195 1.0000e-12     1.0902    76.1442 9.2308e-01 0.0000e+00  0.0554688    19.5061 269.514787     2.5446     24.756    -2.2137    301.582     9.2061 -9.990e-29
     24.278    19.4387 268.066172     0.0305 1.0000e-12     1.0902    76.1442 9.2674e-01 0.0000e+00  0.0554688    19.5075 269.484340     2.5446     24.757    -2.1636    301.582     9.2058 -9.990e-29
     24.279    19.4401 268.126454     0.0098 1.0000e-12     1.0915    76.1180 1.0110e+00 0.0000e+00  0.0558845    19.5116 269.575674     2.5433     24.758    -2.2534    301.640     9.1995 -9.990e-29
     24.279    19.4422 268.102338     0.0012 1.0000e-12     1.0915    76.1180 1.0916e+00 0.0000e+00  0.0554688    19.5135 269.636563     2.5446     24.758    -2.2961    301.599     9.2049 -9.990e-29
     24.279    19.4453 268.126448     0.0220 1.0000e-12     1.0915    76.1180 1.1355e+00 0.0000e+00  0.0554688    19.5145 269.575670     2.5446     24.758    -2.2020    301.605     9.2046 -9.990e-29
     24.280    19.4479 268.186729     0.0293 1.0000e-12     1.0915    76.1180 1.1612e+00 0.0000e+00  0.0550530    19.5138 269.606118     2.5433     24.759    -2.1685    301.655     9.1992 -9.990e-29
     24.281    19.4510 268.138500     0.0098 1.0000e-12     1.0915    76.1180 1.2051e+00 0.0000e+00  0.0554688    19.5150 269.545225     2.5433     24.760    -2.2529    301.580     9.1988 -9.990e-29
     24.281    19.4523 268.162611     0.0012 1.0000e-12     1.0915    76.1180 1.2381e+00 0.0000e+00  0.0554688    19.5159 269.514778     2.5433     24.760    -2.2953    301.598     9.1984 -9.990e-29
     24.283    19.4521 268.138500     0.0232 1.0000e-12     1.0915    76.1180 1.2125e+00 0.0000e+00  0.0558845    19.5173 269.545224     2.5433     24.762    -2.1959    301.572     9.1979 -9.990e-29
     24.284    19.4533 268.138498     0.0281 1.0000e-12     1.0915    76.1180 1.1648e+00 0.0000e+00  0.0554688    19.5173 269.545223     2.5433     24.763    -2.1736    301.564     9.1977 -9.990e-29
     24.284    19.4556 268.186722     0.0085 1.0000e-12     1.0915    76.1180 1.1245e+00 0.0000e+00  0.0554688    19.5137 269.453891     2.5446     24.763    -2.2589    301.603     9.2040 -9.990e-29
     24.284    19.4582 268.210831     0.0012 1.0000e-12     1.0915    76.1180 1.1062e+00 0.0000e+00  0.0554688    19.5133 269.636563     2.5446     24.763    -2.2950    301.612     9.2039 -9.990e-29
     24.285    19.4608 268.150547     0.0256 1.0000e-12     1.0915    76.1180 1.1209e+00 0.0000e+00  0.0558845    19.5152 269.758344     2.5446     24.764    -2.1846    301.527     9.2037 -9.990e-29
     24.287    19.4629 268.210829     0.0269 1.0000e-12     1.0888    76.1703 1.1502e+00 0.0000e+00  0.0558845    19.5135 269.545227     2.5446     24.766    -2.1787    301.580     9.2037 -9.990e-29
     24.287    19.4643 268.246997     0.0085 1.0000e-12     1.0874    76.1965 1.1429e+00 0.0000e+00  0.0554688    19.5124 269.453892     2.5446     24.766    -2.2594    301.611     9.2036 -9.990e-29
     24.287    19.4660 268.198769     0.0012 1.0000e-12     1.0860    76.2226 1.1172e+00 0.0000e+00  0.0554688    19.5128 269.453891     2.5446     24.766    -2.2948    301.546     9.2037 -9.990e-29
     24.286    19.4698 268.271105     0.0269 1.0000e-12     1.0847    76.2487 1.1099e+00 0.0000e+00  0.0554688    19.5116 269.514783     2.5446     24.765    -2.1790    301.601     9.2041 -9.990e-29
     24.285    19.4735 268.331383     0.0256 1.0000e-12     1.0874    76.1965 1.0806e+00 0.0000e+00  0.0554688    19.5096 269.484338     2.5446     24.764    -2.1845    301.644     9.2046 -9.990e-29
     24.285    19.4738 268.283157     0.0073 1.0000e-12     1.0874    76.1965 1.0696e+00 0.0000e+00  0.0558845    19.5110 269.484338     2.5446     24.764    -2.2652    301.588     9.2040 -9.990e-29
     24.285    19.4763 268.319326     0.0012 1.0000e-12     1.0860    76.2226 1.1136e+00 0.0000e+00  0.0554688    19.5137 269.484336     2.5446     24.764    -2.2945    301.611     9.2037 -9.990e-29
     24.285    19.4796 268.307265     0.0293 1.0000e-12     1.0874    76.1965 1.2161e+00 0.0000e+00  0.0554688    19.5040 269.362562     2.5446     24.764    -2.1684    301.575     9.2052 -9.990e-29
     24.287    19.4826 268.379603     0.0244 1.0000e-12     1.0860    76.2226 1.3114e+00 0.0000e+00  0.0554688    19.4930 269.332127     2.5446     24.766    -2.1900    301.636     9.2073 -9.990e-29
     24.288    19.4832 268.403716     0.0061 1.0000e-12     1.0874    76.1965 1.2747e+00 0.0000e+00  0.0554688    19.4844 269.271245     2.5446     24.767    -2.2707    301.659     9.2091 -9.990e-29
     24.289    19.4833 268.403716     0.0012 1.0000e-12     1.0860    76.2226 1.2454e+00 0.0000e+00  0.0558845    19.4841 269.362581     2.5446     24.768    -2.2940    301.659     9.2093 -9.990e-29
     24.289    19.4840 268.355488     0.0305 1.0000e-12     1.0860    76.2226 1.2894e+00 0.0000e+00  0.0558845    19.4756 269.240807     2.5446     24.768    -2.1632    301.600     9.2105 -9.990e-29
     24.289    19.4855 268.379601     0.0232 1.0000e-12     1.0874    76.1965 1.2161e+00 0.0000e+00  0.0550530    19.4681 269.149479     2.5446     24.768    -2.1955    301.617     9.2120 -9.990e-29
     24.288    19.4862 268.355487     0.0061 1.0000e-12     1.0860    76.2226 1.1355e+00 0.0000e+00  0.0550530    19.4632 269.240818     2.5446     24.767    -2.2708    301.585     9.2130 -9.990e-29
     24.286    19.4866 268.391656     0.0024 1.0000e-12     1.0860    76.2226 1.1832e+00 0.0000e+00  0.0554688    19.4586 269.301712     2.5446     24.765    -2.2876    301.623     9.2131 -9.990e-29
     24.284    19.4879 268.379599     0.0330 1.0000e-12     1.0860    76.2226 1.1758e+00 0.0000e+00  0.0558845    19.4571 269.210379     2.5446     24.763    -2.1515    301.600     9.2134 -9.990e-29
     24.281    19.4918 268.367537     0.0208 1.0000e-12     1.0860    76.2226 1.0952e+00 0.0000e+00  0.0554688    19.4583 269.088597     2.5458     24.760    -2.2055    301.560     9.2188 -9.990e-29
     24.279    19.4962 268.403704     0.0049 1.0000e-12     1.0860    76.2226 1.0220e+00 0.0000e+00  0.0554688    19.4559 269.210379     2.5446     24.758    -2.2756    301.571     9.2134 -9.990e-29
     24.277    19.4996 268.451929     0.0037 1.0000e-12     1.0860    76.2226 1.0073e+00 0.0000e+00  0.0550530    19.4567 269.271269     2.5446     24.756    -2.2797    301.602     9.2124 -9.990e-29
     24.273    19.5028 268.524267     0.0330 1.0000e-12     1.0860    76.2226 1.0183e+00 0.0000e+00  0.0554688    19.4574 269.210378     2.5446     24.752    -2.1500    301.662     9.2118 -9.990e-29
     24.267    19.5054 268.524264     0.0195 1.0000e-12     1.1039    75.8828 1.0513e+00 0.0000e+00  0.0558845    19.4555 269.119045     2.5446     24.745    -2.2099    301.644     9.2118 -9.990e-29
     24.259    19.5073 268.524263     0.0049 1.0000e-12     1.1219    75.5430 1.1209e+00 0.0000e+00  0.0554688    19.4552 269.210380     2.5446     24.737    -2.2751    301.631     9.2114 -9.990e-29
     24.249    19.5075 268.536319     0.0061 1.0000e-12     1.1260    75.4646 1.1245e+00 0.0000e+00  0.0554688    19.4553 269.271269     2.5446     24.727    -2.2679    301.644     9.2114 -9.990e-29
     24.239    19.5059 268.476035     0.0342 1.0000e-12     1.1246    75.4907 1.0330e+00 0.0000e+00  0.0554688    19.4424 269.058165     2.5446     24.717    -2.1451    301.587     9.2134 -9.990e-29
     24.228    19.5029 268.391641     0.0171 1.0000e-12     1.1233    75.5168 9.5971e-01 0.0000e+00  0.0554688    19.4256 268.997291     2.5446     24.706    -2.2211    301.512     9.2166 -9.990e-29
     24.218    19.4956 268.271080     0.0024 1.0000e-12     1.1233    75.5168 9.1941e-01 0.0000e+00  0.0554688    19.4137 268.905966     2.5446     24.695    -2.2876    301.426     9.2188 -9.990e-29
     24.208    19.4845 268.198751     0.0085 1.0000e-12     1.1233    75.5168 8.6447e-01 0.0000e+00  0.0558845    19.4078 268.875527     2.5446     24.685    -2.2583    301.420     9.2200 -9.990e-29
     24.199    19.4737 268.090252     0.0330 1.0000e-12     1.1246    75.4907 8.1685e-01 0.0000e+00  0.0558845    19.3990 268.845089     2.5446     24.676    -2.1525    301.371     9.2212 -9.990e-29
     24.190    19.4669 268.126427     0.0159 1.0000e-12     1.1246    75.4907 8.1685e-01 0.0000e+00  0.0558845    19.3947 268.814649     2.5446     24.667    -2.2284    301.458     9.2221 0.0000e+00
     24.182    19.4615 268.138488     0.0024 1.0000e-12     1.1233    75.5168 8.2051e-01 0.0000e+00  0.0550530    19.3966 268.845091     2.5446     24.659    -2.2891    301.508     9.2218 0.0000e+00
     24.173    19.4591 268.186716     0.0122 1.0000e-12     1.1246    75.4907 8.1319e-01 0.0000e+00  0.0550530    19.4065 268.966861     2.5446     24.650    -2.2426    301.579     9.2199 0.0000e+00
     24.165    19.4601 268.246997     0.0330 1.0000e-12     1.1246    75.4907 8.3516e-01 0.0000e+00  0.0554688    19.4170 269.058186     2.5446     24.641    -2.1531    301.640     9.2180 0.0000e+00
     24.154    19.4631 268.271107     0.0134 1.0000e-12     1.1233    75.5168 8.4615e-01 0.0000e+00  0.0554688    19.4254 269.088623     2.5446     24.630    -2.2393    301.647     9.2165 0.0000e+00
     24.143    19.4637 268.319332     0.0024 1.0000e-12     1.1233    75.5168 8.4615e-01 0.0000e+00  0.0554688    19.4346 269.210394     2.5446     24.619    -2.2885    301.697     9.2148 0.0000e+00
     24.132    19.4660 268.403727     0.0159 1.0000e-12     1.1246    75.4907 8.7179e-01 0.0000e+00  0.0550530    19.4417 269.210388     2.5446     24.608    -2.2254    301.776     9.2135 0.0000e+00
     24.120    19.4751 268.427833     0.0305 1.0000e-12     1.1233    75.5168 8.6447e-01 0.0000e+00  0.0554688    19.4499 269.393052     2.5446     24.596    -2.1644    301.741     9.2120 0.0000e+00
     24.107    19.4850 268.463993     0.0122 1.0000e-12     1.1246    75.4907 8.5348e-01 0.0000e+00  0.0554688    19.4634 269.423484     2.5446     24.582    -2.2444    301.715     9.2095 0.0000e+00
     24.095    19.4930 268.463986     0.0024 1.0000e-12     1.1233    75.5168 8.5714e-01 0.0000e+00  0.0554688    19.4796 269.575697     2.5446     24.570    -2.2872    301.661     9.2065 0.0000e+00
     24.083    19.4979 268.500152     0.0195 1.0000e-12     1.1246    75.4907 8.8645e-01 0.0000e+00  0.0554688    19.4910 269.545241     2.5433     24.558    -2.2081    301.668     9.1989 0.0000e+00
     24.071    19.5006 268.524263     0.0305 1.0000e-12     1.1246    75.4907 8.6447e-01 0.0000e+00  0.0554688    19.4971 269.606127     2.5446     24.546    -2.1637    301.677     9.2037 0.0000e+00
     24.058    19.5014 268.488092     0.0098 1.0000e-12     1.1150    75.6737 8.5348e-01 0.0000e+00  0.0558845    19.5021 269.545231     2.5446     24.532    -2.2544    301.631     9.2027 0.0000e+00
     24.044    19.5023 268.512204     0.0024 1.0000e-12     1.0957    76.0396 8.5348e-01 0.0000e+00  0.0558845    19.5067 269.606117     2.5446     24.518    -2.2861    301.652     9.2023 0.0000e+00
     24.029    19.5036 268.524259     0.0244 1.0000e-12     1.0902    76.1442 8.3150e-01 0.0000e+00  0.0558845    19.5116 269.636558     2.5433     24.503    -2.1861    301.657     9.1956 0.0000e+00
     24.014    19.5064 268.560427     0.0281 1.0000e-12     1.0888    76.1703 8.6447e-01 0.0000e+00  0.0554688    19.5159 269.575663     2.5446     24.487    -2.1742    301.678     9.2007 0.0000e+00
     24.000    19.5082 268.476027     0.0085 1.0000e-12     1.0902    76.1442 8.9011e-01 0.0000e+00  0.0554688    19.5198 269.636550     2.5446     24.473    -2.2599    301.571     9.2000 0.0000e+00
     23.986    19.5096 268.548368     0.0012 1.0000e-12     1.0902    76.1442 8.8278e-01 0.0000e+00  0.0550530    19.5248 269.636546     2.5446     24.459    -2.2900    301.643     9.1991 0.0000e+00
     23.972    19.5117 268.512192     0.0281 1.0000e-12     1.0902    76.1442 8.6813e-01 0.0000e+00  0.0554688    19.5245 269.636544     2.5446     24.445    -2.1695    301.588     9.1987 0.0000e+00
     23.959    19.5135 268.560420     0.0244 1.0000e-12     1.0915    76.1180 8.4982e-01 0.0000e+00  0.0554688    19.5184 269.575660     2.5433     24.431    -2.1908    301.630     9.1936 0.0000e+00
     23.945    19.5153 268.620703     0.0061 1.0000e-12     1.0902    76.1442 8.2051e-01 0.0000e+00  0.0554688    19.5051 269.545226     2.5446     24.417    -2.2707    301.686     9.2016 0.0000e+00
     23.931    19.5178 268.656871     0.0012 1.0000e-12     1.0902    76.1442 8.3516e-01 0.0000e+00  0.0554688    19.4841 269.453906     2.5446     24.403    -2.2889    301.709     9.2048 0.0000e+00
     23.917    19.5192 268.572471     0.0305 1.0000e-12     1.0902    76.1442 8.5714e-01 0.0000e+00  0.0554688    19.4697 269.362584     2.5446     24.389    -2.1590    301.605     9.2068 0.0000e+00
     23.903    19.5179 268.620699     0.0220 1.0000e-12     1.0902    76.1442 8.6081e-01 0.0000e+00  0.0558845    19.4695 269.393029     2.5433     24.374    -2.2014    301.668     9.2002 0.0000e+00
     23.888    19.5162 268.608644     0.0061 1.0000e-12     1.0915    76.1180 8.4249e-01 0.0000e+00  0.0554688    19.4651 269.332142     2.5446     24.359    -2.2712    301.666     9.2059 0.0000e+00
     23.872    19.5148 268.584530     0.0037 1.0000e-12     1.0915    76.1180 8.3516e-01 0.0000e+00  0.0554688    19.4339 269.027718     2.5446     24.343    -2.2774    301.648     9.2107 0.0000e+00
     23.857    19.5185 268.644812     0.0330 1.0000e-12     1.0902    76.1442 8.9744e-01 0.0000e+00  0.0558845    19.3779 268.571101     2.5446     24.327    -2.1486    301.691     9.2199 0.0000e+00
     23.842    19.5225 268.693036     0.0208 1.0000e-12     1.0915    76.1180 9.9267e-01 0.0000e+00  0.0558845    19.2951 268.144959     2.5446     24.312    -2.2065    301.718     9.2342 0.0000e+00
     23.826    19.5254 268.729204     0.0049 1.0000e-12     1.0902    76.1442 1.0733e+00 0.0000e+00  0.0558845    19.2323 268.053682     2.5446     24.296    -2.2756    301.739     9.2444 0.0000e+00
     23.812    19.5246 268.620691     0.0049 1.0000e-12     1.0902    76.1442 1.0623e+00 0.0000e+00  0.0554688    19.2071 267.931931     2.5446     24.281    -2.2711    301.623     9.2471 0.0000e+00
     23.797    19.5129 268.463961     0.0342 1.0000e-12     1.0902    76.1442 9.8535e-01 0.0000e+00  0.0550530    19.1341 267.627564     2.5446     24.266    -2.1438    301.526     9.2590 0.0000e+00
