data/05_metadata_exports/SeabirdData/202310_SeabirdData/88645_STN49.cnv
* Sea-Bird SBE 9 Data File:
* FileName = C:\Users\rosette\Rosette Data\2023\Ontario lower food web csmi\STN49.hex
* Software Version Seasave V 7.26.6.26
* Temperature SN = 5270
* Conductivity SN = 1168
* Number of Bytes Per Scan = 40
* Number of Voltage Words = 5
* Number of Scans Averaged by the Deck Unit = 1
* NMEA Latitude = 43 46.23 N
* NMEA Longitude = 077 26.30 W
* NMEA UTC (Time) = Sep 26 2023  03:40:00
* NMEA baud rate = 4800
** Ship: Lake Guardian
** Cruise: Ontario LFW
** Station:  STN49
# nquan = 18                                
# nvalues = 14027                       
# units = specified
# name 0 = prDM: Pressure, Digiquartz [db]
# name 1 = t090C: Temperature [ITS-90, deg C]
# name 2 = c0uS/cm: Conductivity [uS/cm]
# name 3 = sbeox0V: Oxygen raw, SBE 43 [V]
# name 4 = par: PAR/Irradiance, Biospherical/Licor
# name 5 = bat: Beam Attenuation, Chelsea/Seatech [1/m]
# name 6 = xmiss: Beam Transmission, Chelsea/Seatech [%]
# name 7 = flSP: Fluorescence, Seapoint
# name 8 = spar: SPAR, Biospherical/Licor
# name 9 = upoly0: Upoly 0, Suna Nitrate
# name 10 = t190C: Temperature, 2 [ITS-90, deg C]
# name 11 = c1uS/cm: Conductivity, 2 [uS/cm]
# name 12 = sbeox1V: Oxygen raw, SBE 43, 2 [V]
# name 13 = depFM: Depth [fresh water, m], lat = 43.7705
# name 14 = sbeox0Mg/L: Oxygen, SBE 43 [mg/l], WS = 2
# name 15 = specc: Specific Conductance [uS/cm]
# name 16 = sbeox1Mg/L: Oxygen, SBE 43, 2 [mg/l], WS = 2
# name 17 = flag: flag
# span 0 =     -0.058,     46.447       
# span 1 =   -23.1854,    19.5992       
# span 2 =   8.945572, 269.090846       
# span 3 =     0.0000,     0.0342       
# span 4 = 1.0000e-12, 6.2471e+00       
# span 5 =     0.2610,     7.3375       
# span 6 =    15.9712,    93.6837       
# span 7 = 9.5238e-02, 2.1941e+00       
# span 8 = 0.0000e+00, 0.0000e+00       
# span 9 =  0.0413330,  0.0625367       
# span 10 =     5.1268,    19.6008      
# span 11 =  11.917723, 270.336258      
# span 12 =     1.8767,     2.8107      
# span 13 =     -0.059,     47.363      
# span 14 =    -3.2373,    42.3112      
# span 15 =     10.704,   6836.572      
# span 16 =     6.3137,    10.6362      
# span 17 = 0.0000e+00, 0.0000e+00      
# interval = seconds: 0.0416667
# start_time = Sep 26 2023 03:40:00 [NMEA time, header]
# bad_flag = -9.990e-29
*END*
[from data line 10372]
     24.282    19.1863 265.101049     0.0317 1.0000e-12     1.0778    76.3794 9.4139e-01 0.0000e+00  0.0550530    18.8744 266.136153     2.4042     24.761    -2.1718    299.950     8.9323 -9.990e-29
     24.281    19.1927 265.245672     0.0110 1.0000e-12     1.0778    76.3794 9.5604e-01 0.0000e+00  0.0554688    18.8794 266.288354     2.4066     24.760    -2.2708    300.070     8.9405 -9.990e-29
     24.281    19.1653 265.510853     0.0024 1.0000e-12     1.0778    76.3794 1.0000e+00 0.0000e+00  0.0550530    18.9729 266.410038     2.4078     24.760    -2.3118    300.556     8.9260 -9.990e-29
     24.280    19.1601 265.860394     0.0012 1.0000e-12     1.0778    76.3794 1.0586e+00 0.0000e+00  0.0550530    19.0528 266.531732     2.4103     24.759    -2.3029    300.987     8.9198 -9.990e-29
     24.280    19.2020 266.113480     0.0049 1.0000e-12     1.0792    76.3533 1.0586e+00 0.0000e+00  0.0554688    19.0991 266.653458     2.4115     24.759    -2.2818    300.988     8.9144 -9.990e-29
     24.279    19.2226 265.980874     0.0342 1.0000e-12     1.0778    76.3794 1.0366e+00 0.0000e+00  0.0554688    19.1287 266.531668     2.4127     24.758    -2.1555    300.698     8.9124 -9.990e-29
     24.279    19.2278 265.655433     0.0183 1.0000e-12     1.0765    76.4056 1.0403e+00 0.0000e+00  0.0554688    19.1685 266.409867     2.4139     24.758    -2.2334    300.295     8.9087 -9.990e-29
     24.278    19.2367 265.426422     0.0049 1.0000e-12     1.0792    76.3533 1.0659e+00 0.0000e+00  0.0550530    19.2412 266.409805     2.4164     24.757    -2.2988    299.976     8.9042 -9.990e-29
     24.277    19.2395 265.462579     0.0000 1.0000e-12     1.0765    76.4056 1.0879e+00 0.0000e+00  0.0550530    19.2697 266.348899     2.4176     24.756    -2.3097    299.998     8.9018 -9.990e-29
     24.276    19.1981 265.498771     0.0012 1.0000e-12     1.0765    76.4056 1.0623e+00 0.0000e+00  0.0550530    19.2623 266.166258     2.4188     24.755    -2.2981    300.320     8.9060 -9.990e-29
     24.276    19.1361 265.534982     0.0232 1.0000e-12     1.0778    76.3794 1.0256e+00 0.0000e+00  0.0554688    19.2671 266.166253     2.4200     24.755    -2.2061    300.783     8.9076 -9.990e-29
     24.278    19.0819 265.667614     0.0281 1.0000e-12     1.0792    76.3533 1.0696e+00 0.0000e+00  0.0554688    19.2468 266.105393     2.4225     24.757    -2.1937    301.303     8.9203 -9.990e-29
     24.277    19.0364 265.727916     0.0085 1.0000e-12     1.0778    76.3794 1.0623e+00 0.0000e+00  0.0550530    19.2248 266.105409     2.4237     24.756    -2.2904    301.683     8.9267 -9.990e-29
     24.275    19.0040 265.848476     0.0012 1.0000e-12     1.0778    76.3794 1.0147e+00 0.0000e+00  0.0550530    19.2158 265.861894     2.4249     24.754    -2.3227    302.042     8.9304 -9.990e-29
     24.275    18.9926 266.113660     0.0012 1.0000e-12     1.0778    76.3794 1.0110e+00 0.0000e+00  0.0550530    19.1605 265.892381     2.4274     24.754    -2.3098    302.421     8.9492 -9.990e-29
     24.274    19.0315 266.234165     0.0073 1.0000e-12     1.0778    76.3794 1.0183e+00 0.0000e+00  0.0554688    19.1498 265.892392     2.4286     24.753    -2.2798    302.291     8.9529 -9.990e-29
     24.272    19.0483 266.113613     0.0342 1.0000e-12     1.0792    76.3533 1.0147e+00 0.0000e+00  0.0554688    19.1826 265.801042     2.4298     24.751    -2.1649    302.039     8.9479 -9.990e-29
     24.270    19.0621 266.113600     0.0159 1.0000e-12     1.0806    76.3272 1.0256e+00 0.0000e+00  0.0554688    19.1456 266.075037     2.4310     24.749    -2.2530    301.944     8.9564 -9.990e-29
     24.269    19.0719 266.318505     0.0024 1.0000e-12     1.0792    76.3533 1.0293e+00 0.0000e+00  0.0554688    19.1028 265.892431     2.4322     24.747    -2.3186    302.110     8.9662 -9.990e-29
     24.268    19.0999 266.402859     0.0012 1.0000e-12     1.0806    76.3272 9.9267e-01 0.0000e+00  0.0554688    19.0210 265.618541     2.4335     24.746    -2.3093    302.013     8.9841 -9.990e-29
     24.266    19.1721 266.451014     0.0012 1.0000e-12     1.0792    76.3533 9.7070e-01 0.0000e+00  0.0554688    18.9491 265.344645     2.4347     24.744    -2.2996    301.574     8.9991 -9.990e-29
     24.263    19.2473 266.426839     0.0281 1.0000e-12     1.0792    76.3533 9.7436e-01 0.0000e+00  0.0554688    18.8490 265.162093     2.4371     24.741    -2.1803    301.034     9.0250 -9.990e-29
     24.260    19.2908 266.475017     0.0256 1.0000e-12     1.0806    76.3272 9.5604e-01 0.0000e+00  0.0554688    18.7721 264.888206     2.4383     24.738    -2.1963    300.793     9.0414 -9.990e-29
     24.259    19.3165 266.450887     0.0073 1.0000e-12     1.0806    76.3272 9.4505e-01 0.0000e+00  0.0554688    18.7465 264.766473     2.4396     24.737    -2.2834    300.591     9.0473 -9.990e-29
     24.258    19.3347 266.474981     0.0012 1.0000e-12     1.0792    76.3533 9.3773e-01 0.0000e+00  0.0550530    18.7390 264.583849     2.4408     24.736    -2.3043    300.495     9.0493 -9.990e-29
     24.256    19.3260 266.390608     0.0012 1.0000e-12     1.0792    76.3533 9.5971e-01 0.0000e+00  0.0550530    18.6822 264.127322     2.4420     24.734    -2.2923    300.459     9.0605 -9.990e-29
     24.255    19.2956 266.089291     0.0122 1.0000e-12     1.0806    76.3272 9.8535e-01 0.0000e+00  0.0550530    18.5709 263.944791     2.4432     24.733    -2.2454    300.325     9.0826 -9.990e-29
     24.254    19.2747 265.787976     0.0342 1.0000e-12     1.0806    76.3272 9.5604e-01 0.0000e+00  0.0550530    18.5245 263.853518     2.4444     24.732    -2.1544    300.126     9.0915 -9.990e-29
     24.253    19.2719 265.715660     0.0147 1.0000e-12     1.0806    76.3272 9.0476e-01 0.0000e+00  0.0550530    18.4400 263.610092     2.4457     24.731    -2.2482    300.064     9.1087 -9.990e-29
     24.252    19.2814 265.595122     0.0024 1.0000e-12     1.0792    76.3533 9.0842e-01 0.0000e+00  0.0550530    18.3835 263.610140     2.4469     24.730    -2.3069    299.863     9.1195 -9.990e-29
     24.249    19.2494 265.438463     0.0000 1.0000e-12     1.0792    76.3533 9.3407e-01 0.0000e+00  0.0550530    18.3527 263.457981     2.4481     24.727    -2.3047    299.903     9.1251 -9.990e-29
     24.247    19.2340 265.595162     0.0024 1.0000e-12     1.0806    76.3272 9.4505e-01 0.0000e+00  0.0554688    18.3425 263.397114     2.4493     24.725    -2.2900    300.185     9.1263 -9.990e-29
     24.246    19.2426 265.848269     0.0305 1.0000e-12     1.0806    76.3272 9.5971e-01 0.0000e+00  0.0554688    18.3246 263.214510     2.4493     24.724    -2.1688    300.412     9.1237 -9.990e-29
     24.244    19.2607 266.029054     0.0232 1.0000e-12     1.0792    76.3533 9.8901e-01 0.0000e+00  0.0550530    18.3187 263.184078     2.4505     24.722    -2.2080    300.494     9.1242 -9.990e-29
     24.244    19.2752 265.956719     0.0049 1.0000e-12     1.0792    76.3533 1.0000e+00 0.0000e+00  0.0550530    18.3066 263.184087     2.4518     24.722    -2.2953    300.314     9.1262 -9.990e-29
     24.244    19.2948 265.872331     0.0000 1.0000e-12     1.0792    76.3533 1.0879e+00 0.0000e+00  0.0554688    18.3277 263.123198     2.4530     24.722    -2.3084    300.085     9.1210 -9.990e-29
     24.244    19.3227 265.992840     0.0012 1.0000e-12     1.0806    76.3272 1.2015e+00 0.0000e+00  0.0554688    18.3632 263.001421     2.4530     24.722    -2.2913    300.033     9.1075 -9.990e-29
     24.243    19.3482 265.992818     0.0159 1.0000e-12     1.0778    76.3794 1.1722e+00 0.0000e+00  0.0554688    18.3898 263.001399     2.4542     24.721    -2.2266    299.860     9.1012 -9.990e-29
     24.242    19.3579 265.787903     0.0317 1.0000e-12     1.0792    76.3533 1.1209e+00 0.0000e+00  0.0550530    18.4005 262.970952     2.4554     24.720    -2.1624    299.563     9.0980 -9.990e-29
     24.241    19.3532 265.739695     0.0122 1.0000e-12     1.0792    76.3533 1.1172e+00 0.0000e+00  0.0550530    18.3835 263.001404     2.4554     24.719    -2.2561    299.541     9.0950 -9.990e-29
     24.241    19.3187 265.691513     0.0012 1.0000e-12     1.0778    76.3794 1.0879e+00 0.0000e+00  0.0550530    18.3606 263.092733     2.4567     24.719    -2.3091    299.720     9.0992 -9.990e-29
     24.240    19.2977 265.872327     0.0012 1.0000e-12     1.0792    76.3533 1.0513e+00 0.0000e+00  0.0550530    18.3271 262.818834     2.4567     24.718    -2.2957    300.066     9.0990 -9.990e-29
     24.239    19.2936 265.944651     0.0037 1.0000e-12     1.0778    76.3794 1.0440e+00 0.0000e+00  0.0554688    18.2297 262.788482     2.4579     24.717    -2.2820    300.175     9.1168 -9.990e-29
     24.238    19.2917 265.908493     0.0330 1.0000e-12     1.0778    76.3794 1.0989e+00 0.0000e+00  0.0550530    18.0474 262.697329     2.4579     24.716    -2.1569    300.147     9.1456 -9.990e-29
     24.236    19.3005 265.932591     0.0208 1.0000e-12     1.0778    76.3794 1.1209e+00 0.0000e+00  0.0550530    17.9076 262.758320     2.4579     24.714    -2.2180    300.115     9.1663 -9.990e-29
     24.234    19.3030 265.956697     0.0049 1.0000e-12     1.0778    76.3794 1.1209e+00 0.0000e+00  0.0550530    17.8400 262.697506     2.4579     24.712    -2.2951    300.125     9.1726 -9.990e-29
     24.233    19.3038 265.968748     0.0012 1.0000e-12     1.0778    76.3794 1.1245e+00 0.0000e+00  0.0554688    17.8632 262.575741     2.4591     24.711    -2.3007    300.133     9.1674 -9.990e-29
     24.232    19.2891 265.932603     0.0012 1.0000e-12     1.0778    76.3794 1.1136e+00 0.0000e+00  0.0554688    17.9188 262.545260     2.4579     24.710    -2.2925    300.192     9.1449 -9.990e-29
     24.231    19.2681 265.848246     0.0208 1.0000e-12     1.0778    76.3794 1.1172e+00 0.0000e+00  0.0554688    18.0324 262.575597     2.4579     24.709    -2.2092    300.239     9.1171 -9.990e-29
     24.231    19.2515 265.739783     0.0305 1.0000e-12     1.0778    76.3794 1.1612e+00 0.0000e+00  0.0554688    18.1218 262.575522     2.4579     24.709    -2.1734    300.229     9.0940 -9.990e-29
     24.230    19.2226 265.643383     0.0098 1.0000e-12     1.0778    76.3794 1.1941e+00 0.0000e+00  0.0554688    18.2046 262.453708     2.4579     24.708    -2.2738    300.317     9.0725 -9.990e-29
     24.231    19.1899 265.510829     0.0012 1.0000e-12     1.0778    76.3794 1.1941e+00 0.0000e+00  0.0554688    18.3141 262.423178     2.4579     24.709    -2.3131    300.389     9.0460 -9.990e-29
     24.231    19.1707 265.486743     0.0012 1.0000e-12     1.0792    76.3533 1.1941e+00 0.0000e+00  0.0554688    18.4052 262.362232     2.4579     24.709    -2.2999    300.492     9.0234 -9.990e-29
     24.231    19.1613 265.450589     0.0049 1.0000e-12     1.0778    76.3794 1.1575e+00 0.0000e+00  0.0550530    18.4260 262.270905     2.4579     24.709    -2.2822    300.515     9.0145 -9.990e-29
     24.232    19.1431 265.318029     0.0342 1.0000e-12     1.0778    76.3794 1.0879e+00 0.0000e+00  0.0550530    18.3727 262.270953     2.4579     24.710    -2.1579    300.489     9.0200 -9.990e-29
     24.233    19.1193 265.233682     0.0195 1.0000e-12     1.0792    76.3533 1.0586e+00 0.0000e+00  0.0550530    18.3077 262.362314     2.4579     24.711    -2.2319    300.556     9.0280 -9.990e-29
     24.233    19.0942 265.245756     0.0037 1.0000e-12     1.0847    76.2487 1.0403e+00 0.0000e+00  0.0550530    18.2808 262.392772     2.4579     24.711    -2.3098    300.740     9.0288 -9.990e-29
     24.233    19.0540 265.197582     0.0000 1.0000e-12     1.0943    76.0658 1.0183e+00 0.0000e+00  0.0554688    18.2662 262.423221     2.4579     24.711    -2.3153    300.960     9.0272 -9.990e-29
     24.234    19.0265 265.281971     0.0024 1.0000e-12     1.0970    76.0135 9.9267e-01 0.0000e+00  0.0550530    18.2440 262.636288     2.4579     24.712    -2.2988    301.244     9.0280 -9.990e-29
     24.234    19.0423 265.318117     0.0244 1.0000e-12     1.0970    76.0135 9.7802e-01 0.0000e+00  0.0550530    18.3016 262.727549     2.4579     24.712    -2.2038    301.177     9.0138 -9.990e-29
     24.235    19.0607 265.426572     0.0281 1.0000e-12     1.0970    76.0135 9.8168e-01 0.0000e+00  0.0554688    18.2589 262.666711     2.4567     24.713    -2.1936    301.174     9.0133 -9.990e-29
     24.236    19.0752 265.547088     0.0085 1.0000e-12     1.0957    76.0396 9.6703e-01 0.0000e+00  0.0554688    18.2119 262.666753     2.4567     24.714    -2.2873    301.212     9.0193 -9.990e-29
     24.237    19.0691 265.619411     0.0012 1.0000e-12     1.0970    76.0135 9.3773e-01 0.0000e+00  0.0550530    18.2176 262.575441     2.4567     24.715    -2.3160    301.336     9.0159 -9.990e-29
     24.237    19.0763 265.619403     0.0012 1.0000e-12     1.0957    76.0396 1.0073e+00 0.0000e+00  0.0550530    18.2263 262.758047     2.4567     24.715    -2.3032    301.286     9.0125 -9.990e-29
     24.237    19.0876 265.547078     0.0085 1.0000e-12     1.0957    76.0396 1.0733e+00 0.0000e+00  0.0550530    18.2442 262.727597     2.4567     24.715    -2.2705    301.127     9.0075 -9.990e-29
     24.238    19.0621 265.318098     0.0342 1.0000e-12     1.0970    76.0135 1.0403e+00 0.0000e+00  0.0554688    18.2815 262.697128     2.4554     24.716    -2.1629    301.042     8.9933 -9.990e-29
     24.240    19.0073 265.065047     0.0159 1.0000e-12     1.0957    76.0396 9.7802e-01 0.0000e+00  0.0554688    18.3508 262.788378     2.4554     24.718    -2.2544    301.129     8.9794 -9.990e-29
     24.241    18.9553 264.848156     0.0037 1.0000e-12     1.0957    76.0396 9.2674e-01 0.0000e+00  0.0554688    18.4164 262.636142     2.4554     24.719    -2.3161    301.239     8.9668 -9.990e-29
     24.241    18.9159 264.727671     0.0000 1.0000e-12     1.0957    76.0396 1.0476e+00 0.0000e+00  0.0550530    18.3927 262.575290     2.4554     24.719    -2.3203    301.372     8.9709 -9.990e-29
     24.243    18.9316 264.860228     0.0024 1.0000e-12     1.0970    76.0135 1.1722e+00 0.0000e+00  0.0554688    18.3484 262.636201     2.4542     24.721    -2.3042    301.415     8.9734 -9.990e-29
     24.244    18.9945 265.173528     0.0293 1.0000e-12     1.0957    76.0396 1.1392e+00 0.0000e+00  0.0554688    18.3095 262.940594     2.4542     24.722    -2.1854    301.340     8.9805 -9.990e-29
     24.245    19.0937 265.691706     0.0256 1.0000e-12     1.0957    76.0396 1.0440e+00 0.0000e+00  0.0554688    18.2941 263.092789     2.4542     24.723    -2.2048    301.249     8.9839 -9.990e-29
     24.247    19.1828 266.234033     0.0061 1.0000e-12     1.0957    76.0396 1.0073e+00 0.0000e+00  0.0550530    18.3036 263.305838     2.4542     24.725    -2.2948    301.256     8.9828 -9.990e-29
     24.249    19.2557 266.607644     0.0012 1.0000e-12     1.0957    76.0396 9.9634e-01 0.0000e+00  0.0550530    18.3667 263.275347     2.4530     24.727    -2.3052    301.181     8.9662 -9.990e-29
     24.251    19.3116 266.872794     0.0012 1.0000e-12     1.0957    76.0396 9.7802e-01 0.0000e+00  0.0558845    18.4220 263.275301     2.4530     24.729    -2.2923    301.100     8.9568 -9.990e-29
     24.251    19.3452 267.065640     0.0134 1.0000e-12     1.0957    76.0396 9.5971e-01 0.0000e+00  0.0558845    18.4241 263.366609     2.4518     24.729    -2.2384    301.090     8.9518 -9.990e-29
     24.250    19.3697 267.270555     0.0330 1.0000e-12     1.1371    75.2554 9.8168e-01 0.0000e+00  0.0554688    18.4570 263.579640     2.4518     24.728    -2.1567    301.154     8.9472 -9.990e-29
     24.250    19.3970 267.415193     0.0134 1.0000e-12     1.2456    73.2427 1.0183e+00 0.0000e+00  0.0550530    18.4911 263.731796     2.4518     24.728    -2.2495    301.132     8.9425 -9.990e-29
     24.252    19.4142 267.487512     0.0024 1.0000e-12     1.2829    72.5631 1.0256e+00 0.0000e+00  0.0554688    18.5363 264.005696     2.4518     24.730    -2.2990    301.097     8.9357 -9.990e-29
     24.254    19.4258 267.535724     0.0012 1.0000e-12     1.2829    72.5631 1.1209e+00 0.0000e+00  0.0550530    18.6128 264.249134     2.4518     24.732    -2.2900    301.072     8.9238 -9.990e-29
