data/05_metadata_exports/SeabirdData/202310_SeabirdData/88652_STN48.cnv
* Sea-Bird SBE 9 Data File:
* FileName = C:\Users\rosette\Rosette Data\2023\Ontario lower food web csmi\STN48.hex
* Software Version Seasave V 7.26.6.26
* Temperature SN = 5270
* Conductivity SN = 1168
* Number of Bytes Per Scan = 40
* Number of Voltage Words = 5
* Number of Scans Averaged by the Deck Unit = 1
* NMEA Latitude = 43 52.78 N
* NMEA Longitude = 077 26.35 W
* NMEA UTC (Time) = Sep 26 2023  04:40:34
* NMEA baud rate = 4800
** Ship: Lake Guardian
** Cruise: Ontario LFW
** Station:  STN48
# nquan = 18                                
# nvalues = 14421                       
# units = specified
# name 0 = prDM: Pressure, Digiquartz [db]
# name 1 = t090C: Temperature [ITS-90, deg C]
# name 2 = c0uS/cm: Conductivity [uS/cm]
# name 3 = sbeox0V: Oxygen raw, SBE 43 [V]
# name 4 = par: PAR/Irradiance, Biospherical/Licor
# name 5 = bat: Beam Attenuation, Chelsea/Seatech [1/m]
# name 6 = xmiss: Beam Transmission, Chelsea/Seatech [%]
# name 7 = flSP: Fluorescence, Seapoint
# name 8 = spar: SPAR, Biospherical/Licor
# name 9 = upoly0: Upoly 0, Suna Nitrate
# name 10 = t190C: Temperature, 2 [ITS-90, deg C]
# name 11 = c1uS/cm: Conductivity, 2 [uS/cm]
# name 12 = sbeox1V: Oxygen raw, SBE 43, 2 [V]
# name 13 = depFM: Depth [fresh water, m], lat = 43.8797
# name 14 = sbeox0Mg/L: Oxygen, SBE 43 [mg/l], WS = 2
# name 15 = specc: Specific Conductance [uS/cm]
# name 16 = sbeox1Mg/L: Oxygen, SBE 43, 2 [mg/l], WS = 2
# name 17 = flag: flag
# span 0 =     -0.040,     30.956       
# span 1 =   -31.7963,    19.7952       
# span 2 =   6.548324, 270.682079       
# span 3 =     0.0024,     0.0342       
# span 4 = 1.0000e-12, 3.2588e+00       
# span 5 =     0.1520,     5.2799       
# span 6 =    26.7145,    96.2716       
# span 7 = 9.1575e-02, 4.4542e+00       
# span 8 = 0.0000e+00, 0.0000e+00       
# span 9 =  0.0413330,  0.0621209       
# span 10 =    16.2738,    19.7940      
# span 11 =   4.549319, 271.767259      
# span 12 =     1.7705,     2.9219      
# span 13 =     -0.041,     31.566      
# span 14 =    -2.7901,    52.1506      
# span 15 =  -5120.402,    316.035      
# span 16 =     5.6216,    11.0801      
# span 17 = 0.0000e+00, 0.0000e+00      
# interval = seconds: 0.0416667
# start_time = Sep 26 2023 04:40:34 [NMEA time, header]
# bad_flag = -9.990e-29
*END*
[from data line 7799]
     30.937    19.2318 267.692787     0.0171 1.0000e-12     0.7432    83.0450 6.4469e-01 0.0000e+00  0.0558845    19.2273 268.784524     2.4396     31.547    -2.2353    302.571     8.7893 -9.990e-29
     30.937    19.2317 267.728955     0.0037 1.0000e-12     0.7432    83.0450 6.4103e-01 0.0000e+00  0.0554688    19.2252 268.814970     2.4396     31.547    -2.2960    302.612     8.7893 -9.990e-29
     30.938    19.2332 267.789232     0.0293 1.0000e-12     0.7432    83.0450 6.4835e-01 0.0000e+00  0.0558845    19.2237 268.814971     2.4396     31.548    -2.1804    302.670     8.7891 -9.990e-29
     30.941    19.2335 267.741007     0.0244 1.0000e-12     0.7444    83.0189 6.5568e-01 0.0000e+00  0.0558845    19.2172 268.814976     2.4396     31.551    -2.2040    302.613     8.7899 -9.990e-29
     30.945    19.2341 267.741009     0.0061 1.0000e-12     0.7444    83.0189 6.6667e-01 0.0000e+00  0.0558845    19.2081 268.845431     2.4396     31.555    -2.2858    302.609     8.7911 -9.990e-29
     30.948    19.2303 267.704846     0.0159 1.0000e-12     0.7444    83.0189 6.8132e-01 0.0000e+00  0.0554688    19.2060 268.632322     2.4396     31.558    -2.2402    302.595     8.7910 -9.990e-29
     30.948    19.2254 267.716905     0.0305 1.0000e-12     0.7432    83.0450 7.1062e-01 0.0000e+00  0.0554688    19.2057 268.723655     2.4396     31.558    -2.1774    302.642     8.7901 -9.990e-29
     30.946    19.2221 267.728961     0.0122 1.0000e-12     0.7444    83.0189 7.4359e-01 0.0000e+00  0.0554688    19.2048 268.723653     2.4396     31.556    -2.2583    302.678     8.7893 -9.990e-29
     30.946    19.2195 267.692797     0.0049 1.0000e-12     0.7432    83.0450 7.5824e-01 0.0000e+00  0.0558845    19.2027 268.662768     2.4396     31.556    -2.2907    302.655     8.7887 -9.990e-29
     30.948    19.2188 267.668687     0.0330 1.0000e-12     0.7444    83.0189 7.7289e-01 0.0000e+00  0.0554688    19.2004 268.662770     2.4396     31.558    -2.1652    302.632     8.7877 -9.990e-29
     30.951    19.2185 267.704856     0.0195 1.0000e-12     0.7444    83.0189 7.9853e-01 0.0000e+00  0.0554688    19.1997 268.571439     2.4396     31.561    -2.2254    302.675     8.7874 -9.990e-29
     30.952    19.2179 267.692800     0.0037 1.0000e-12     0.7432    83.0450 8.0220e-01 0.0000e+00  0.0558845    19.2010 268.540994     2.4408     31.562    -2.2968    302.666     8.7918 -9.990e-29
     30.952    19.2172 267.668688     0.0244 1.0000e-12     0.7432    83.0450 7.8022e-01 0.0000e+00  0.0558845    19.1992 268.571438     2.4408     31.562    -2.2024    302.643     8.7908 -9.990e-29
     30.951    19.2171 267.668688     0.0269 1.0000e-12     0.7444    83.0189 7.4359e-01 0.0000e+00  0.0550530    19.1968 268.754106     2.4408     31.561    -2.1933    302.644     8.7904 -9.990e-29
     30.952    19.2159 267.644578     0.0073 1.0000e-12     0.7432    83.0450 7.2161e-01 0.0000e+00  0.0550530    19.1964 268.662773     2.4408     31.562    -2.2807    302.625     8.7897 -9.990e-29
     30.954    19.2141 267.704859     0.0122 1.0000e-12     0.7444    83.0189 7.1795e-01 0.0000e+00  0.0554688    19.1961 268.632331     2.4396     31.564    -2.2577    302.705     8.7835 -9.990e-29
     30.955    19.2122 267.741027     0.0330 1.0000e-12     0.7444    83.0189 7.2894e-01 0.0000e+00  0.0563003    19.1969 268.571440     2.4408     31.565    -2.1669    302.759     8.7877 -9.990e-29
     30.956    19.2124 267.728972     0.0147 1.0000e-12     0.7432    83.0450 7.5092e-01 0.0000e+00  0.0558845    19.1987 268.601884     2.4408     31.566    -2.2477    302.744     8.7863 -9.990e-29
     30.956    19.2129 267.741027     0.0037 1.0000e-12     0.7444    83.0189 7.6190e-01 0.0000e+00  0.0554688    19.1980 268.693216     2.4396     31.566    -2.2972    302.755     8.7800 -9.990e-29
     30.955    19.2141 267.704859     0.0317 1.0000e-12     0.7432    83.0450 7.5824e-01 0.0000e+00  0.0554688    19.1994 268.723661     2.4396     31.565    -2.1712    302.705     8.7787 -9.990e-29
     30.954    19.2148 267.668690     0.0208 1.0000e-12     0.7432    83.0450 7.7656e-01 0.0000e+00  0.0558845    19.2010 268.601881     2.4396     31.564    -2.2209    302.660     8.7771 -9.990e-29
     30.953    19.2159 267.680745     0.0049 1.0000e-12     0.7432    83.0450 7.9121e-01 0.0000e+00  0.0558845    19.2057 268.540988     2.4396     31.563    -2.2926    302.666     8.7750 -9.990e-29
     30.954    19.2174 267.716913     0.0208 1.0000e-12     0.7432    83.0450 7.7289e-01 0.0000e+00  0.0558845    19.2102 268.632319     2.4396     31.564    -2.2194    302.696     8.7730 -9.990e-29
     30.953    19.2186 267.692798     0.0293 1.0000e-12     0.7432    83.0450 7.6557e-01 0.0000e+00  0.0558845    19.2099 268.754094     2.4396     31.563    -2.1839    302.661     8.7719 -9.990e-29
     30.953    19.2188 267.777189     0.0098 1.0000e-12     0.7406    83.0973 7.9121e-01 0.0000e+00  0.0558845    19.2090 268.632318     2.4396     31.563    -2.2699    302.755     8.7706 -9.990e-29
     30.954    19.2185 267.741023     0.0085 1.0000e-12     0.7331    83.2541 8.2784e-01 0.0000e+00  0.0558845    19.2079 268.662765     2.4396     31.564    -2.2745    302.716     8.7694 -9.990e-29
     30.954    19.2188 267.692798     0.0330 1.0000e-12     0.7306    83.3064 8.4982e-01 0.0000e+00  0.0554688    19.2067 268.693209     2.4396     31.564    -2.1658    302.660     8.7683 -9.990e-29
     30.953    19.2197 267.716910     0.0159 1.0000e-12     0.7293    83.3325 8.0586e-01 0.0000e+00  0.0554688    19.2067 268.723654     2.4396     31.563    -2.2416    302.681     8.7671 -9.990e-29
     30.952    19.2204 267.704852     0.0037 1.0000e-12     0.7306    83.3064 7.5458e-01 0.0000e+00  0.0554688    19.2085 268.723651     2.4396     31.562    -2.2968    302.662     8.7657 -9.990e-29
     30.952    19.2221 267.741019     0.0293 1.0000e-12     0.7306    83.3064 7.2161e-01 0.0000e+00  0.0554688    19.2100 268.814984     2.4396     31.562    -2.1810    302.692     8.7639 -9.990e-29
     30.952    19.2235 267.704851     0.0244 1.0000e-12     0.7306    83.3064 6.9963e-01 0.0000e+00  0.0554688    19.2111 268.814984     2.4383     31.562    -2.2042    302.641     8.7564 -9.990e-29
     30.951    19.2237 267.620460     0.0061 1.0000e-12     0.7306    83.3064 6.9231e-01 0.0000e+00  0.0558845    19.2140 268.814980     2.4383     31.561    -2.2867    302.544     8.7546 -9.990e-29
     30.949    19.2223 267.692797     0.0171 1.0000e-12     0.7306    83.3064 6.8864e-01 0.0000e+00  0.0558845    19.2156 268.723647     2.4383     31.559    -2.2355    302.636     8.7532 -9.990e-29
     30.948    19.2207 267.692795     0.0305 1.0000e-12     0.7306    83.3064 7.0330e-01 0.0000e+00  0.0558845    19.2167 268.784532     2.4371     31.558    -2.1782    302.647     8.7465 -9.990e-29
     30.947    19.2204 267.668687     0.0122 1.0000e-12     0.7306    83.3064 7.2161e-01 0.0000e+00  0.0558845    19.2179 268.693200     2.4383     31.557    -2.2589    302.621     8.7508 -9.990e-29
     30.947    19.2216 267.680740     0.0049 1.0000e-12     0.7318    83.2803 7.0330e-01 0.0000e+00  0.0558845    19.2177 268.662755     2.4371     31.557    -2.2905    302.627     8.7445 -9.990e-29
     30.945    19.2238 267.692795     0.0330 1.0000e-12     0.7318    83.2803 6.7033e-01 0.0000e+00  0.0554688    19.2188 268.662755     2.4371     31.555    -2.1652    302.625     8.7441 -9.990e-29
     30.943    19.2237 267.644570     0.0183 1.0000e-12     0.7293    83.3325 6.3736e-01 0.0000e+00  0.0554688    19.2198 268.693196     2.4371     31.553    -2.2311    302.572     8.7438 -9.990e-29
     30.941    19.2207 267.704854     0.0037 1.0000e-12     0.7306    83.3064 6.3736e-01 0.0000e+00  0.0554688    19.2201 268.723643     2.4371     31.551    -2.2972    302.660     8.7437 -9.990e-29
     30.940    19.2178 267.728967     0.0256 1.0000e-12     0.7306    83.3064 6.3004e-01 0.0000e+00  0.0558845    19.2214 268.723640     2.4371     31.550    -2.1974    302.707     8.7436 -9.990e-29
     30.937    19.2160 267.728968     0.0256 1.0000e-12     0.7306    83.3064 6.3370e-01 0.0000e+00  0.0554688    19.2220 268.875862     2.4359     31.547    -2.1992    302.720     8.7373 -9.990e-29
     30.935    19.2167 267.692800     0.0073 1.0000e-12     0.7306    83.3064 6.4469e-01 0.0000e+00  0.0554688    19.2219 268.754084     2.4359     31.545    -2.2806    302.674     8.7373 -9.990e-29
     30.934    19.2181 267.680743     0.0122 1.0000e-12     0.7306    83.3064 6.6300e-01 0.0000e+00  0.0554688    19.2220 268.814973     2.4359     31.544    -2.2565    302.651     8.7374 -9.990e-29
     30.932    19.2183 267.692799     0.0317 1.0000e-12     0.7318    83.2803 6.7766e-01 0.0000e+00  0.0563003    19.2226 268.754084     2.4359     31.542    -2.1714    302.663     8.7371 -9.990e-29
     30.931    19.2172 267.692799     0.0134 1.0000e-12     0.7318    83.2803 6.7766e-01 0.0000e+00  0.0563003    19.2227 268.814972     2.4347     31.541    -2.2522    302.671     8.7315 -9.990e-29
     30.930    19.2188 267.668686     0.0037 1.0000e-12     0.7318    83.2803 6.6300e-01 0.0000e+00  0.0558845    19.2245 268.754082     2.4347     31.540    -2.2958    302.632     8.7312 -9.990e-29
     30.929    19.2207 267.680741     0.0317 1.0000e-12     0.7318    83.2803 6.5934e-01 0.0000e+00  0.0558845    19.2254 268.784526     2.4347     31.539    -2.1702    302.633     8.7312 -9.990e-29
     30.928    19.2221 267.668684     0.0208 1.0000e-12     0.7331    83.2541 6.6300e-01 0.0000e+00  0.0558845    19.2262 268.723636     2.4347     31.538    -2.2198    302.610     8.7314 -9.990e-29
     30.927    19.2226 267.668684     0.0049 1.0000e-12     0.7318    83.2803 6.4835e-01 0.0000e+00  0.0554688    19.2264 268.814969     2.4335     31.537    -2.2911    302.606     8.7263 -9.990e-29
     30.925    19.2223 267.680739     0.0220 1.0000e-12     0.7318    83.2803 6.4835e-01 0.0000e+00  0.0554688    19.2274 268.754079     2.4335     31.535    -2.2127    302.622     8.7267 -9.990e-29
     30.923    19.2218 267.668684     0.0293 1.0000e-12     0.7318    83.2803 6.5201e-01 0.0000e+00  0.0558845    19.2277 268.723635     2.4335     31.533    -2.1825    302.612     8.7273 -9.990e-29
     30.920    19.2206 267.753075     0.0085 1.0000e-12     0.7318    83.2803 7.0696e-01 0.0000e+00  0.0563003    19.2294 268.754077     2.4335     31.530    -2.2748    302.715     8.7278 -9.990e-29
     30.918    19.2213 267.716906     0.0085 1.0000e-12     0.7331    83.2541 7.5458e-01 0.0000e+00  0.0558845    19.2294 268.784521     2.4335     31.528    -2.2735    302.670     8.7288 -9.990e-29
     30.917    19.2218 267.692795     0.0330 1.0000e-12     0.7331    83.2541 7.6190e-01 0.0000e+00  0.0554688    19.2297 268.814966     2.4322     31.527    -2.1651    302.639     8.7239 -9.990e-29
     30.915    19.2219 267.728963     0.0159 1.0000e-12     0.7331    83.2541 7.5824e-01 0.0000e+00  0.0558845    19.2296 268.723633     2.4322     31.525    -2.2409    302.679     8.7251 -9.990e-29
     30.914    19.2206 267.680739     0.0024 1.0000e-12     0.7318    83.2803 7.5458e-01 0.0000e+00  0.0563003    19.2299 268.632298     2.4322     31.524    -2.3016    302.634     8.7259 -9.990e-29
     30.913    19.2197 267.728965     0.0293 1.0000e-12     0.7318    83.2803 7.4725e-01 0.0000e+00  0.0563003    19.2294 268.754078     2.4322     31.522    -2.1801    302.694     8.7269 -9.990e-29
     30.912    19.2200 267.704853     0.0232 1.0000e-12     0.7331    83.2541 7.4359e-01 0.0000e+00  0.0558845    19.2294 268.723633     2.4322     31.521    -2.2087    302.665     8.7280 -9.990e-29
     30.911    19.2188 267.716908     0.0061 1.0000e-12     0.7331    83.2541 7.4359e-01 0.0000e+00  0.0550530    19.2292 268.723632     2.4322     31.520    -2.2855    302.687     8.7287 -9.990e-29
     30.910    19.2185 267.680742     0.0183 1.0000e-12     0.7318    83.2803 7.3993e-01 0.0000e+00  0.0558845    19.2303 268.754077     2.4322     31.519    -2.2285    302.648     8.7298 -9.990e-29
     30.909    19.2192 267.680742     0.0305 1.0000e-12     0.7318    83.2803 7.5824e-01 0.0000e+00  0.0558845    19.2351 268.906295     2.4322     31.518    -2.1768    302.643     8.7298 -9.990e-29
     30.907    19.2200 267.692795     0.0110 1.0000e-12     0.7318    83.2803 7.4725e-01 0.0000e+00  0.0554688    19.2363 268.784514     2.4322     31.516    -2.2628    302.651     8.7306 -9.990e-29
     30.905    19.2216 267.716907     0.0061 1.0000e-12     0.7318    83.2803 7.2161e-01 0.0000e+00  0.0554688    19.2353 268.601851     2.4322     31.514    -2.2837    302.668     8.7324 -9.990e-29
     30.904    19.2237 267.680737     0.0342 1.0000e-12     0.7318    83.2803 7.3260e-01 0.0000e+00  0.0554688    19.2356 268.723626     2.4322     31.513    -2.1588    302.612     8.7339 -9.990e-29
     30.903    19.2245 267.680737     0.0183 1.0000e-12     0.7331    83.2541 7.6923e-01 0.0000e+00  0.0558845    19.2363 268.784516     2.4310     31.512    -2.2299    302.607     8.7300 -9.990e-29
     30.902    19.2240 267.692792     0.0037 1.0000e-12     0.7381    83.1496 7.8755e-01 0.0000e+00  0.0558845    19.2370 268.723625     2.4310     31.511    -2.2959    302.624     8.7312 -9.990e-29
     30.900    19.2240 267.765128     0.0269 1.0000e-12     0.7406    83.0973 7.9121e-01 0.0000e+00  0.0554688    19.2355 268.754072     2.4310     31.509    -2.1906    302.706     8.7328 -9.990e-29
     30.899    19.2251 267.741015     0.0256 1.0000e-12     0.7406    83.0973 8.2784e-01 0.0000e+00  0.0554688    19.2350 268.845405     2.4310     31.508    -2.1984    302.671     8.7339 -9.990e-29
     30.898    19.2265 267.753069     0.0073 1.0000e-12     0.7406    83.0973 8.7546e-01 0.0000e+00  0.0554688    19.2360 268.693181     2.4310     31.507    -2.2802    302.675     8.7352 -9.990e-29
     30.898    19.2256 267.728960     0.0134 1.0000e-12     0.7394    83.1234 8.8278e-01 0.0000e+00  0.0558845    19.2370 268.754071     2.4310     31.507    -2.2509    302.654     8.7357 -9.990e-29
     30.897    19.2248 267.765126     0.0317 1.0000e-12     0.7406    83.0973 8.4982e-01 0.0000e+00  0.0554688    19.2398 268.784511     2.4310     31.506    -2.1716    302.700     8.7363 -9.990e-29
     30.897    19.2247 267.789238     0.0122 1.0000e-12     0.7406    83.0973 8.0586e-01 0.0000e+00  0.0554688    19.2426 268.784509     2.4310     31.506    -2.2581    302.728     8.7366 -9.990e-29
     30.897    19.2245 267.753072     0.0049 1.0000e-12     0.7406    83.0973 7.8022e-01 0.0000e+00  0.0554688    19.2405 268.814957     2.4310     31.506    -2.2906    302.689     8.7378 -9.990e-29
     30.897    19.2252 267.777182     0.0317 1.0000e-12     0.7406    83.0973 7.8022e-01 0.0000e+00  0.0558845    19.2407 268.845400     2.4310     31.506    -2.1704    302.711     8.7381 -9.990e-29
     30.897    19.2265 267.801294     0.0195 1.0000e-12     0.7406    83.0973 7.9121e-01 0.0000e+00  0.0558845    19.2409 268.784512     2.4310     31.506    -2.2258    302.730     8.7386 -9.990e-29
     30.896    19.2271 267.789236     0.0049 1.0000e-12     0.7394    83.1234 7.8388e-01 0.0000e+00  0.0558845    19.2405 268.845400     2.4310     31.505    -2.2917    302.712     8.7391 -9.990e-29
     30.895    19.2282 267.801291     0.0232 1.0000e-12     0.7406    83.0973 7.6923e-01 0.0000e+00  0.0558845    19.2385 268.875846     2.4310     31.504    -2.2081    302.718     8.7400 -9.990e-29
     30.896    19.2298 267.765122     0.0281 1.0000e-12     0.7406    83.0973 7.7289e-01 0.0000e+00  0.0554688    19.2379 268.814958     2.4310     31.505    -2.1886    302.666     8.7407 -9.990e-29
     30.897    19.2313 267.789234     0.0085 1.0000e-12     0.7394    83.1234 7.9487e-01 0.0000e+00  0.0554688    19.2411 268.784512     2.4310     31.506    -2.2758    302.683     8.7403 -9.990e-29
     30.898    19.2331 267.813343     0.0098 1.0000e-12     0.7394    83.1234 8.2418e-01 0.0000e+00  0.0558845    19.2405 268.723622     2.4310     31.507    -2.2681    302.698     8.7405 -9.990e-29
