data/05_metadata_exports/SeabirdData/202310_SeabirdData/88652_STN48.cnv
* Sea-Bird SBE 9 Data File:
* FileName = C:\Users\rosette\Rosette Data\2023\Ontario lower food web csmi\STN48.hex
* Software Version Seasave V 7.26.6.26
* Temperature SN = 5270
* Conductivity SN = 1168
* Number of Bytes Per Scan = 40
* Number of Voltage Words = 5
* Number of Scans Averaged by the Deck Unit = 1
* NMEA Latitude = 43 52.78 N
* NMEA Longitude = 077 26.35 W
* NMEA UTC (Time) = Sep 26 2023  04:40:34
* NMEA baud rate = 4800
** Ship: Lake Guardian
** Cruise: Ontario LFW
** Station:  STN48
# nquan = 18                                
# nvalues = 14421                       
# units = specified
# name 0 = prDM: Pressure, Digiquartz [db]
# name 1 = t090C: Temperature [ITS-90, deg C]
# name 2 = c0uS/cm: Conductivity [uS/cm]
# name 3 = sbeox0V: Oxygen raw, SBE 43 [V]
# name 4 = par: PAR/Irradiance, Biospherical/Licor
# name 5 = bat: Beam Attenuation, Chelsea/Seatech [1/m]
# name 6 = xmiss: Beam Transmission, Chelsea/Seatech [%]
# name 7 = flSP: Fluorescence, Seapoint
# name 8 = spar: SPAR, Biospherical/Licor
# name 9 = upoly0: Upoly 0, Suna Nitrate
# name 10 = t190C: Temperature, 2 [ITS-90, deg C]
# name 11 = c1uS/cm: Conductivity, 2 [uS/cm]
# name 12 = sbeox1V: Oxygen raw, SBE 43, 2 [V]
# name 13 = depFM: Depth [fresh water, m], lat = 43.8797
# name 14 = sbeox0Mg/L: Oxygen, SBE 43 [mg/l], WS = 2
# name 15 = specc: Specific Conductance [uS/cm]
# name 16 = sbeox1Mg/L: Oxygen, SBE 43, 2 [mg/l], WS = 2
# name 17 = flag: flag
# span 0 =     -0.040,     30.956       
# span 1 =   -31.7963,    19.7952       
# span 2 =   6.548324, 270.682079       
# span 3 =     0.0024,     0.0342       
# span 4 = 1.0000e-12, 3.2588e+00       
# span 5 =     0.1520,     5.2799       
# span 6 =    26.7145,    96.2716       
# span 7 = 9.1575e-02, 4.4542e+00       
# span 8 = 0.0000e+00, 0.0000e+00       
# span 9 =  0.0413330,  0.0621209       
# span 10 =    16.2738,    19.7940      
# span 11 =   4.549319, 271.767259      
# span 12 =     1.7705,     2.9219      
# span 13 =     -0.041,     31.566      
# span 14 =    -2.7901,    52.1506      
# span 15 =  -5120.402,    316.035      
# span 16 =     5.6216,    11.0801      
# span 17 = 0.0000e+00, 0.0000e+00      
# interval = seconds: 0.0416667
# start_time = Sep 26 2023 04:40:34 [NMEA time, header]
# bad_flag = -9.990e-29
*END*
[from data line 8121]
     30.914    19.2294 267.728955     0.0208 1.0000e-12     0.7469    82.9666 6.8864e-01 0.0000e+00  0.0554688    19.2458 268.845395     2.4322     31.524    -2.2176    302.628     8.7423 -9.990e-29
     30.914    19.2240 267.692793     0.0293 1.0000e-12     0.7482    82.9404 7.2527e-01 0.0000e+00  0.0563003    19.2451 268.784508     2.4322     31.524    -2.1826    302.624     8.7429 -9.990e-29
     30.914    19.2273 267.692790     0.0098 1.0000e-12     0.7482    82.9404 7.2894e-01 0.0000e+00  0.0558845    19.2444 268.723619     2.4322     31.524    -2.2689    302.601     8.7435 -9.990e-29
     30.915    19.2320 267.668675     0.0073 1.0000e-12     0.7469    82.9666 7.2161e-01 0.0000e+00  0.0550530    19.2451 268.814953     2.4322     31.525    -2.2789    302.542     8.7438 -9.990e-29
     30.916    19.2360 267.644560     0.0330 1.0000e-12     0.7482    82.9404 7.0696e-01 0.0000e+00  0.0558845    19.2463 268.875841     2.4322     31.526    -2.1650    302.487     8.7441 -9.990e-29
     30.916    19.2376 267.680726     0.0171 1.0000e-12     0.7495    82.9143 6.9597e-01 0.0000e+00  0.0563003    19.2466 268.845396     2.4322     31.526    -2.2353    302.517     8.7441 -9.990e-29
     30.915    19.2377 267.716893     0.0037 1.0000e-12     0.7532    82.8359 6.7766e-01 0.0000e+00  0.0563003    19.2451 268.845397     2.4322     31.525    -2.2962    302.557     8.7449 -9.990e-29
     30.913    19.2366 267.728948     0.0281 1.0000e-12     0.7545    82.8097 6.5201e-01 0.0000e+00  0.0554688    19.2442 268.875841     2.4322     31.522    -2.1855    302.579     8.7456 -9.990e-29
     30.913    19.2331 267.692786     0.0232 1.0000e-12     0.7532    82.8359 6.6300e-01 0.0000e+00  0.0554688    19.2445 268.784509     2.4322     31.522    -2.2092    302.562     8.7461 -9.990e-29
     30.912    19.2327 267.716897     0.0061 1.0000e-12     0.7545    82.8097 7.4359e-01 0.0000e+00  0.0563003    19.2463 268.693174     2.4322     31.521    -2.2856    302.592     8.7458 -9.990e-29
     30.911    19.2338 267.680728     0.0159 1.0000e-12     0.7532    82.8359 7.8755e-01 0.0000e+00  0.0567161    19.2459 268.754061     2.4322     31.520    -2.2396    302.543     8.7465 -9.990e-29
     30.911    19.2351 267.728952     0.0305 1.0000e-12     0.7532    82.8359 7.6557e-01 0.0000e+00  0.0563003    19.2452 268.723619     2.4322     31.520    -2.1764    302.589     8.7471 -9.990e-29
     30.910    19.2362 267.753062     0.0122 1.0000e-12     0.7545    82.8097 7.3260e-01 0.0000e+00  0.0554688    19.2454 268.754063     2.4322     31.519    -2.2570    302.609     8.7476 -9.990e-29
     30.909    19.2369 267.728949     0.0049 1.0000e-12     0.7532    82.8359 7.1062e-01 0.0000e+00  0.0554688    19.2451 268.845396     2.4322     31.518    -2.2894    302.577     8.7482 -9.990e-29
     30.908    19.2381 267.692781     0.0330 1.0000e-12     0.7545    82.8097 6.8864e-01 0.0000e+00  0.0558845    19.2432 268.814954     2.4322     31.517    -2.1642    302.528     8.7490 -9.990e-29
     30.908    19.2392 267.668668     0.0195 1.0000e-12     0.7545    82.8097 6.6667e-01 0.0000e+00  0.0563003    19.2395 268.845401     2.4322     31.517    -2.2241    302.493     8.7501 -9.990e-29
     30.908    19.2379 267.704837     0.0037 1.0000e-12     0.7545    82.8097 6.6667e-01 0.0000e+00  0.0558845    19.2377 268.784515     2.4322     31.517    -2.2958    302.543     8.7509 -9.990e-29
     30.908    19.2362 267.728951     0.0256 1.0000e-12     0.7532    82.8359 6.9963e-01 0.0000e+00  0.0554688    19.2391 268.906292     2.4322     31.517    -2.1959    302.581     8.7510 -9.990e-29
     30.907    19.2341 267.704839     0.0269 1.0000e-12     0.7545    82.8097 7.3626e-01 0.0000e+00  0.0554688    19.2398 268.723622     2.4310     31.516    -2.1922    302.568     8.7458 -9.990e-29
     30.907    19.2331 267.716896     0.0073 1.0000e-12     0.7545    82.8097 7.5824e-01 0.0000e+00  0.0558845    19.2416 268.875844     2.4310     31.516    -2.2794    302.589     8.7459 -9.990e-29
     30.908    19.2325 267.741009     0.0110 1.0000e-12     0.7545    82.8097 7.6190e-01 0.0000e+00  0.0558845    19.2426 268.814955     2.4322     31.517    -2.2616    302.620     8.7515 -9.990e-29
     30.909    19.2327 267.789233     0.0330 1.0000e-12     0.7545    82.8097 7.5458e-01 0.0000e+00  0.0554688    19.2411 268.723623     2.4310     31.518    -2.1649    302.673     8.7467 -9.990e-29
     30.909    19.2345 267.716894     0.0134 1.0000e-12     0.7545    82.8097 7.5458e-01 0.0000e+00  0.0550530    19.2405 268.723622     2.4310     31.518    -2.2513    302.579     8.7471 -9.990e-29
     30.910    19.2346 267.765119     0.0037 1.0000e-12     0.7532    82.8359 7.6190e-01 0.0000e+00  0.0558845    19.2399 268.754069     2.4310     31.519    -2.2953    302.633     8.7475 -9.990e-29
     30.910    19.2340 267.741008     0.0317 1.0000e-12     0.7558    82.7836 7.6557e-01 0.0000e+00  0.0558845    19.2405 268.723623     2.4322     31.519    -2.1693    302.610     8.7532 -9.990e-29
     30.910    19.2324 267.728953     0.0208 1.0000e-12     0.7545    82.8097 7.5458e-01 0.0000e+00  0.0554688    19.2411 268.814955     2.4322     31.519    -2.2186    302.607     8.7533 -9.990e-29
     30.910    19.2304 267.741011     0.0049 1.0000e-12     0.7495    82.9143 7.3993e-01 0.0000e+00  0.0550530    19.2418 268.875845     2.4322     31.519    -2.2904    302.635     8.7534 -9.990e-29
     30.910    19.2298 267.777179     0.0208 1.0000e-12     0.7469    82.9666 7.2894e-01 0.0000e+00  0.0554688    19.2445 268.845398     2.4322     31.519    -2.2173    302.680     8.7532 -9.990e-29
     30.910    19.2306 267.789233     0.0281 1.0000e-12     0.7457    82.9927 7.3260e-01 0.0000e+00  0.0558845    19.2470 268.845394     2.4322     31.519    -2.1871    302.688     8.7529 -9.990e-29
     30.910    19.2315 267.801289     0.0098 1.0000e-12     0.7469    82.9666 7.4359e-01 0.0000e+00  0.0558845    19.2484 268.754061     2.4322     31.519    -2.2680    302.695     8.7529 -9.990e-29
     30.911    19.2331 267.789231     0.0073 1.0000e-12     0.7469    82.9666 7.5092e-01 0.0000e+00  0.0558845    19.2461 268.784506     2.4322     31.520    -2.2782    302.671     8.7534 -9.990e-29
     30.912    19.2362 267.765118     0.0342 1.0000e-12     0.7469    82.9666 7.4725e-01 0.0000e+00  0.0554688    19.2457 268.784508     2.4322     31.521    -2.1590    302.622     8.7537 -9.990e-29
     30.914    19.2386 267.753060     0.0159 1.0000e-12     0.7469    82.9666 7.3993e-01 0.0000e+00  0.0554688    19.2442 268.845398     2.4322     31.524    -2.2400    302.592     8.7541 -9.990e-29
     30.914    19.2390 267.777170     0.0037 1.0000e-12     0.7469    82.9666 7.5824e-01 0.0000e+00  0.0558845    19.2426 268.814953     2.4322     31.524    -2.2959    302.617     8.7545 -9.990e-29
     30.916    19.2384 267.789228     0.0293 1.0000e-12     0.7469    82.9666 8.2784e-01 0.0000e+00  0.0558845    19.2383 268.723626     2.4335     31.526    -2.1802    302.634     8.7613 -9.990e-29
     30.918    19.2383 267.753060     0.0244 1.0000e-12     0.7469    82.9666 9.0476e-01 0.0000e+00  0.0558845    19.2348 268.875851     2.4335     31.528    -2.2034    302.594     8.7620 -9.990e-29
     30.919    19.2397 267.777171     0.0061 1.0000e-12     0.7469    82.9666 9.2674e-01 0.0000e+00  0.0563003    19.2336 268.875852     2.4335     31.529    -2.2858    302.612     8.7622 -9.990e-29
     30.918    19.2406 267.825393     0.0159 1.0000e-12     0.7469    82.9666 9.1941e-01 0.0000e+00  0.0558845    19.2331 268.814963     2.4335     31.528    -2.2399    302.660     8.7619 -9.990e-29
     30.918    19.2416 267.777168     0.0305 1.0000e-12     0.7457    82.9927 9.0842e-01 0.0000e+00  0.0554688    19.2313 268.814964     2.4335     31.528    -2.1766    302.599     8.7622 -9.990e-29
     30.919    19.2402 267.825394     0.0110 1.0000e-12     0.7469    82.9666 8.7912e-01 0.0000e+00  0.0554688    19.2278 268.754079     2.4335     31.529    -2.2627    302.663     8.7629 -9.990e-29
     30.920    19.2395 267.813339     0.0049 1.0000e-12     0.7482    82.9404 8.4982e-01 0.0000e+00  0.0558845    19.2276 268.784524     2.4335     31.530    -2.2894    302.654     8.7629 -9.990e-29
     30.920    19.2392 267.813339     0.0330 1.0000e-12     0.7469    82.9666 8.4615e-01 0.0000e+00  0.0558845    19.2278 268.693190     2.4335     31.530    -2.1642    302.656     8.7629 -9.990e-29
     30.922    19.2402 267.789223     0.0195 1.0000e-12     0.7469    82.9666 8.4982e-01 0.0000e+00  0.0554688    19.2238 268.845413     2.4335     31.532    -2.2242    302.622     8.7635 -9.990e-29
     30.925    19.2418 267.801284     0.0037 1.0000e-12     0.7469    82.9666 8.3516e-01 0.0000e+00  0.0554688    19.2182 268.754090     2.4335     31.535    -2.2957    302.625     8.7640 -9.990e-29
     30.926    19.2439 267.813335     0.0256 1.0000e-12     0.7457    82.9927 7.9853e-01 0.0000e+00  0.0558845    19.2186 268.601865     2.4335     31.536    -2.1961    302.624     8.7634 -9.990e-29
     30.925    19.2458 267.813332     0.0269 1.0000e-12     0.7482    82.9404 7.6923e-01 0.0000e+00  0.0563003    19.2184 268.662753     2.4335     31.535    -2.1922    302.611     8.7633 -9.990e-29
     30.926    19.2480 267.765107     0.0073 1.0000e-12     0.7469    82.9666 7.6190e-01 0.0000e+00  0.0558845    19.2196 268.693197     2.4335     31.536    -2.2792    302.542     8.7620 -9.990e-29
     30.927    19.2526 267.789216     0.0122 1.0000e-12     0.7469    82.9666 7.6190e-01 0.0000e+00  0.0558845    19.2198 268.693197     2.4335     31.537    -2.2558    302.537     8.7609 -9.990e-29
     30.928    19.2543 267.789214     0.0330 1.0000e-12     0.7469    82.9666 7.5458e-01 0.0000e+00  0.0554688    19.2231 268.662750     2.4335     31.538    -2.1644    302.526     8.7592 -9.990e-29
     30.929    19.2547 267.789214     0.0134 1.0000e-12     0.7469    82.9666 7.5824e-01 0.0000e+00  0.0558845    19.2248 268.754082     2.4335     31.539    -2.2508    302.523     8.7582 -9.990e-29
     30.930    19.2543 267.801270     0.0037 1.0000e-12     0.7469    82.9666 7.7289e-01 0.0000e+00  0.0558845    19.2247 268.723637     2.4335     31.540    -2.2944    302.539     8.7575 -9.990e-29
     30.930    19.2539 267.716879     0.0317 1.0000e-12     0.7469    82.9666 7.7656e-01 0.0000e+00  0.0554688    19.2252 268.814970     2.4335     31.540    -2.1685    302.447     8.7568 -9.990e-29
     30.931    19.2543 267.801270     0.0208 1.0000e-12     0.7469    82.9666 7.7289e-01 0.0000e+00  0.0554688    19.2265 268.814969     2.4335     31.541    -2.2177    302.539     8.7559 -9.990e-29
     30.931    19.2524 267.777160     0.0049 1.0000e-12     0.7457    82.9927 7.6557e-01 0.0000e+00  0.0554688    19.2267 268.723636     2.4335     31.541    -2.2898    302.525     8.7552 -9.990e-29
     30.932    19.2508 267.777161     0.0208 1.0000e-12     0.7457    82.9927 7.7289e-01 0.0000e+00  0.0558845    19.2252 268.754081     2.4335     31.542    -2.2168    302.536     8.7547 -9.990e-29
     30.933    19.2499 267.861554     0.0281 1.0000e-12     0.7457    82.9927 7.9121e-01 0.0000e+00  0.0558845    19.2260 268.723636     2.4335     31.543    -2.1867    302.638     8.7539 -9.990e-29
     30.933    19.2491 267.849500     0.0098 1.0000e-12     0.7469    82.9666 8.0952e-01 0.0000e+00  0.0558845    19.2282 268.723636     2.4335     31.543    -2.2673    302.629     8.7528 -9.990e-29
     30.931    19.2477 267.813330     0.0073 1.0000e-12     0.7469    82.9666 8.2784e-01 0.0000e+00  0.0558845    19.2295 268.754076     2.4335     31.541    -2.2776    302.598     8.7519 -9.990e-29
     30.931    19.2477 267.849499     0.0330 1.0000e-12     0.7469    82.9666 8.5348e-01 0.0000e+00  0.0558845    19.2334 268.723629     2.4335     31.541    -2.1640    302.639     8.7506 -9.990e-29
     30.933    19.2471 267.897722     0.0159 1.0000e-12     0.7469    82.9666 8.8278e-01 0.0000e+00  0.0558845    19.2355 268.784515     2.4335     31.543    -2.2397    302.698     8.7500 -9.990e-29
     30.936    19.2499 267.837443     0.0024 1.0000e-12     0.7469    82.9666 9.0842e-01 0.0000e+00  0.0558845    19.2383 268.814960     2.4335     31.546    -2.3002    302.610     8.7493 -9.990e-29
     30.937    19.2545 267.813327     0.0293 1.0000e-12     0.7469    82.9666 9.1575e-01 0.0000e+00  0.0558845    19.2385 268.906294     2.4322     31.547    -2.1785    302.552     8.7432 -9.990e-29
     30.936    19.2543 267.813325     0.0244 1.0000e-12     0.7469    82.9666 9.0110e-01 0.0000e+00  0.0558845    19.2369 268.845403     2.4335     31.546    -2.2021    302.553     8.7493 -9.990e-29
     30.936    19.2524 267.861553     0.0061 1.0000e-12     0.7469    82.9666 8.7912e-01 0.0000e+00  0.0558845    19.2344 268.845408     2.4335     31.546    -2.2846    302.620     8.7492 -9.990e-29
     30.934    19.2517 267.885664     0.0171 1.0000e-12     0.7469    82.9666 8.5714e-01 0.0000e+00  0.0554688    19.2336 268.875852     2.4335     31.544    -2.2338    302.652     8.7488 -9.990e-29
     30.931    19.2529 267.813327     0.0305 1.0000e-12     0.7469    82.9666 8.5348e-01 0.0000e+00  0.0558845    19.2337 268.784518     2.4335     31.541    -2.1763    302.563     8.7483 -9.990e-29
     30.929    19.2533 267.801269     0.0110 1.0000e-12     0.7532    82.8359 8.6081e-01 0.0000e+00  0.0558845    19.2342 268.784517     2.4335     31.539    -2.2622    302.546     8.7478 -9.990e-29
     30.928    19.2548 267.789215     0.0049 1.0000e-12     0.7596    82.7052 8.6081e-01 0.0000e+00  0.0558845    19.2330 268.723631     2.4335     31.538    -2.2885    302.522     8.7476 -9.990e-29
     30.927    19.2557 267.789211     0.0330 1.0000e-12     0.7621    82.6529 8.5348e-01 0.0000e+00  0.0554688    19.2330 268.662740     2.4335     31.537    -2.1633    302.516     8.7473 -9.990e-29
     30.926    19.2548 267.801269     0.0183 1.0000e-12     0.7633    82.6268 8.4249e-01 0.0000e+00  0.0554688    19.2341 268.754073     2.4335     31.536    -2.2287    302.536     8.7467 -9.990e-29
     30.926    19.2536 267.789215     0.0037 1.0000e-12     0.7633    82.6268 8.0586e-01 0.0000e+00  0.0554688    19.2348 268.845406     2.4322     31.536    -2.2946    302.530     8.7404 -9.990e-29
     30.926    19.2529 267.789215     0.0256 1.0000e-12     0.7621    82.6529 7.8022e-01 0.0000e+00  0.0558845    19.2357 268.875850     2.4322     31.536    -2.1951    302.535     8.7400 -9.990e-29
     30.925    19.2520 267.813328     0.0269 1.0000e-12     0.7633    82.6268 7.7289e-01 0.0000e+00  0.0558845    19.2363 268.845405     2.4322     31.535    -2.1911    302.569     8.7397 -9.990e-29
     30.924    19.2515 267.753048     0.0073 1.0000e-12     0.7633    82.6268 7.6923e-01 0.0000e+00  0.0558845    19.2376 268.814959     2.4322     31.534    -2.2782    302.504     8.7393 -9.990e-29
     30.922    19.2485 267.813331     0.0134 1.0000e-12     0.7633    82.6268 7.5824e-01 0.0000e+00  0.0558845    19.2390 268.814958     2.4322     31.532    -2.2493    302.593     8.7389 -9.990e-29
     30.920    19.2444 267.849502     0.0330 1.0000e-12     0.7633    82.6268 7.7656e-01 0.0000e+00  0.0558845    19.2407 268.693179     2.4322     31.530    -2.1640    302.662     8.7385 -9.990e-29
     30.919    19.2444 267.813331     0.0134 1.0000e-12     0.7621    82.6529 8.1319e-01 0.0000e+00  0.0558845    19.2412 268.784509     2.4322     31.529    -2.2508    302.621     8.7383 -9.990e-29
     30.920    19.2449 267.789224     0.0037 1.0000e-12     0.7621    82.6529 7.9121e-01 0.0000e+00  0.0558845    19.2424 268.693179     2.4322     31.530    -2.2944    302.590     8.7381 -9.990e-29
     30.921    19.2456 267.861557     0.0317 1.0000e-12     0.7621    82.6529 7.4725e-01 0.0000e+00  0.0558845    19.2426 268.814955     2.4322     31.531    -2.1688    302.667     8.7380 -9.990e-29
     30.919    19.2460 267.825389     0.0208 1.0000e-12     0.7621    82.6529 7.3993e-01 0.0000e+00  0.0554688    19.2426 268.814955     2.4322     31.529    -2.2180    302.623     8.7381 -9.990e-29
