data/05_metadata_exports/SeabirdData/202310_SeabirdData/88652_STN48.cnv
* Sea-Bird SBE 9 Data File:
* FileName = C:\Users\rosette\Rosette Data\2023\Ontario lower food web csmi\STN48.hex
* Software Version Seasave V 7.26.6.26
* Temperature SN = 5270
* Conductivity SN = 1168
* Number of Bytes Per Scan = 40
* Number of Voltage Words = 5
* Number of Scans Averaged by the Deck Unit = 1
* NMEA Latitude = 43 52.78 N
* NMEA Longitude = 077 26.35 W
* NMEA UTC (Time) = Sep 26 2023  04:40:34
* NMEA baud rate = 4800
** Ship: Lake Guardian
** Cruise: Ontario LFW
** Station:  STN48
# nquan = 18                                
# nvalues = 14421                       
# units = specified
# name 0 = prDM: Pressure, Digiquartz [db]
# name 1 = t090C: Temperature [ITS-90, deg C]
# name 2 = c0uS/cm: Conductivity [uS/cm]
# name 3 = sbeox0V: Oxygen raw, SBE 43 [V]
# name 4 = par: PAR/Irradiance, Biospherical/Licor
# name 5 = bat: Beam Attenuation, Chelsea/Seatech [1/m]
# name 6 = xmiss: Beam Transmission, Chelsea/Seatech [%]
# name 7 = flSP: Fluorescence, Seapoint
# name 8 = spar: SPAR, Biospherical/Licor
# name 9 = upoly0: Upoly 0, Suna Nitrate
# name 10 = t190C: Temperature, 2 [ITS-90, deg C]
# name 11 = c1uS/cm: Conductivity, 2 [uS/cm]
# name 12 = sbeox1V: Oxygen raw, SBE 43, 2 [V]
# name 13 = depFM: Depth [fresh water, m], lat = 43.8797
# name 14 = sbeox0Mg/L: Oxygen, SBE 43 [mg/l], WS = 2
# name 15 = specc: Specific Conductance [uS/cm]
# name 16 = sbeox1Mg/L: Oxygen, SBE 43, 2 [mg/l], WS = 2
# name 17 = flag: flag
# span 0 =     -0.040,     30.956       
# span 1 =   -31.7963,    19.7952       
# span 2 =   6.548324, 270.682079       
# span 3 =     0.0024,     0.0342       
# span 4 = 1.0000e-12, 3.2588e+00       
# span 5 =     0.1520,     5.2799       
# span 6 =    26.7145,    96.2716       
# span 7 = 9.1575e-02, 4.4542e+00       
# span 8 = 0.0000e+00, 0.0000e+00       
# span 9 =  0.0413330,  0.0621209       
# span 10 =    16.2738,    19.7940      
# span 11 =   4.549319, 271.767259      
# span 12 =     1.7705,     2.9219      
# span 13 =     -0.041,     31.566      
# span 14 =    -2.7901,    52.1506      
# span 15 =  -5120.402,    316.035      
# span 16 =     5.6216,    11.0801      
# span 17 = 0.0000e+00, 0.0000e+00      
# interval = seconds: 0.0416667
# start_time = Sep 26 2023 04:40:34 [NMEA time, header]
# bad_flag = -9.990e-29
*END*
[from data line 11418]
     16.152    19.6659 269.765860     0.0220 1.0000e-12     0.8348    81.1630 1.3297e+00 0.0000e+00  0.0554688    19.6662 270.854076     2.5165     16.470    -2.1914    301.950     9.0398 -9.990e-29
     16.153    19.6659 269.777920     0.0293 1.0000e-12     0.8361    81.1368 1.3260e+00 0.0000e+00  0.0554688    19.6675 270.671393     2.5165     16.471    -2.1580    301.963     9.0392 -9.990e-29
     16.154    19.6659 269.789979     0.0098 1.0000e-12     0.8348    81.1630 1.3040e+00 0.0000e+00  0.0558845    19.6674 270.701841     2.5165     16.472    -2.2431    301.977     9.0389 -9.990e-29
     16.152    19.6663 269.777919     0.0073 1.0000e-12     0.8361    81.1368 1.2601e+00 0.0000e+00  0.0563003    19.6670 270.793182     2.5165     16.470    -2.2566    301.961     9.0386 -9.990e-29
     16.151    19.6672 269.777917     0.0330 1.0000e-12     0.8297    81.2675 1.2088e+00 0.0000e+00  0.0558845    19.6658 270.732287     2.5165     16.469    -2.1429    301.955     9.0385 -9.990e-29
     16.151    19.6679 269.814094     0.0159 1.0000e-12     0.8233    81.3982 1.1575e+00 0.0000e+00  0.0554688    19.6655 270.732289     2.5165     16.469    -2.2155    301.990     9.0382 -9.990e-29
     16.151    19.6679 269.789976     0.0037 1.0000e-12     0.8220    81.4244 1.1172e+00 0.0000e+00  0.0554688    19.6655 270.762736     2.5153     16.469    -2.2731    301.963     9.0324 -9.990e-29
     16.150    19.6685 269.789976     0.0293 1.0000e-12     0.8233    81.3982 1.0916e+00 0.0000e+00  0.0554688    19.6653 270.823631     2.5153     16.468    -2.1594    301.959     9.0321 -9.990e-29
     16.148    19.6692 269.753799     0.0244 1.0000e-12     0.8220    81.4244 1.0879e+00 0.0000e+00  0.0554688    19.6655 270.823630     2.5153     16.466    -2.1792    301.914     9.0317 -9.990e-29
     16.147    19.6697 269.777916     0.0073 1.0000e-12     0.8233    81.3982 1.0989e+00 0.0000e+00  0.0558845    19.6653 270.762736     2.5153     16.465    -2.2550    301.938     9.0314 -9.990e-29
     16.146    19.6700 269.753797     0.0147 1.0000e-12     0.8220    81.4244 1.1209e+00 0.0000e+00  0.0558845    19.6655 270.762735     2.5153     16.464    -2.2232    301.909     9.0310 -9.990e-29
     16.147    19.6707 269.777915     0.0317 1.0000e-12     0.8233    81.3982 1.1429e+00 0.0000e+00  0.0554688    19.6649 270.701842     2.5165     16.465    -2.1473    301.931     9.0362 -9.990e-29
     16.147    19.6712 269.777915     0.0122 1.0000e-12     0.8233    81.3982 1.1612e+00 0.0000e+00  0.0554688    19.6639 270.732290     2.5165     16.465    -2.2316    301.928     9.0361 -9.990e-29
     16.146    19.6714 269.838208     0.0037 1.0000e-12     0.8233    81.3982 1.1722e+00 0.0000e+00  0.0554688    19.6635 270.580056     2.5165     16.464    -2.2724    301.994     9.0358 -9.990e-29
     16.144    19.6716 269.862325     0.0317 1.0000e-12     0.8220    81.4244 1.1832e+00 0.0000e+00  0.0554688    19.6632 270.823633     2.5165     16.462    -2.1481    302.019     9.0355 -9.990e-29
     16.142    19.6711 269.814089     0.0195 1.0000e-12     0.8233    81.3982 1.1978e+00 0.0000e+00  0.0554688    19.6641 270.823630     2.5165     16.460    -2.1995    301.969     9.0350 -9.990e-29
     16.142    19.6711 269.826149     0.0049 1.0000e-12     0.8233    81.3982 1.2088e+00 0.0000e+00  0.0558845    19.6634 270.701844     2.5153     16.460    -2.2666    301.982     9.0294 -9.990e-29
     16.142    19.6711 269.802032     0.0220 1.0000e-12     0.8233    81.3982 1.2125e+00 0.0000e+00  0.0558845    19.6637 270.762738     2.5165     16.460    -2.1908    301.955     9.0344 -9.990e-29
     16.141    19.6714 269.777913     0.0281 1.0000e-12     0.8233    81.3982 1.2234e+00 0.0000e+00  0.0558845    19.6637 270.732289     2.5165     16.459    -2.1627    301.926     9.0345 -9.990e-29
     16.141    19.6707 269.777915     0.0085 1.0000e-12     0.8220    81.4244 1.2418e+00 0.0000e+00  0.0554688    19.6644 270.793184     2.5165     16.459    -2.2486    301.931     9.0335 -9.990e-29
     16.140    19.6709 269.838208     0.0073 1.0000e-12     0.8220    81.4244 1.2601e+00 0.0000e+00  0.0554688    19.6642 270.823632     2.5165     16.458    -2.2564    301.997     9.0333 -9.990e-29
     16.139    19.6709 269.765856     0.0330 1.0000e-12     0.8220    81.4244 1.2747e+00 0.0000e+00  0.0554688    19.6641 270.823631     2.5165     16.457    -2.1427    301.916     9.0325 -9.990e-29
     16.138    19.6705 269.765855     0.0159 1.0000e-12     0.8220    81.4244 1.2894e+00 0.0000e+00  0.0554688    19.6630 270.732290     2.5165     16.456    -2.2153    301.919     9.0320 -9.990e-29
     16.138    19.6707 269.729681     0.0037 1.0000e-12     0.8233    81.3982 1.2967e+00 0.0000e+00  0.0554688    19.6637 270.732291     2.5153     16.456    -2.2729    301.877     9.0262 -9.990e-29
     16.138    19.6704 269.802031     0.0293 1.0000e-12     0.8284    81.2937 1.3004e+00 0.0000e+00  0.0554688    19.6635 270.793184     2.5153     16.456    -2.1591    301.960     9.0264 -9.990e-29
     16.138    19.6700 269.838209     0.0244 1.0000e-12     0.8348    81.1630 1.2967e+00 0.0000e+00  0.0554688    19.6637 270.640949     2.5153     16.456    -2.1786    302.003     9.0261 -9.990e-29
     16.138    19.6699 269.789975     0.0073 1.0000e-12     0.8374    81.1107 1.2857e+00 0.0000e+00  0.0558845    19.6636 270.793185     2.5153     16.456    -2.2545    301.950     9.0264 -9.990e-29
     16.136    19.6699 269.814091     0.0147 1.0000e-12     0.8361    81.1368 1.2747e+00 0.0000e+00  0.0558845    19.6637 270.762737     2.5153     16.454    -2.2227    301.977     9.0262 -9.990e-29
     16.135    19.6704 269.838207     0.0317 1.0000e-12     0.8361    81.1368 1.2601e+00 0.0000e+00  0.0558845    19.6639 270.762736     2.5153     16.453    -2.1475    302.001     9.0260 -9.990e-29
     16.135    19.6712 269.802032     0.0122 1.0000e-12     0.8374    81.1107 1.2454e+00 0.0000e+00  0.0554688    19.6646 270.762737     2.5153     16.453    -2.2319    301.955     9.0262 -9.990e-29
     16.134    19.6721 269.826147     0.0037 1.0000e-12     0.8348    81.1630 1.2308e+00 0.0000e+00  0.0554688    19.6646 270.793183     2.5153     16.452    -2.2730    301.976     9.0266 -9.990e-29
     16.134    19.6726 269.802031     0.0317 1.0000e-12     0.8361    81.1368 1.2125e+00 0.0000e+00  0.0554688    19.6646 270.823631     2.5153     16.452    -2.1487    301.945     9.0265 -9.990e-29
     16.133    19.6728 269.802029     0.0195 1.0000e-12     0.8361    81.1368 1.1905e+00 0.0000e+00  0.0554688    19.6647 270.701841     2.5153     16.451    -2.1996    301.944     9.0264 -9.990e-29
     16.134    19.6721 269.826148     0.0049 1.0000e-12     0.8348    81.1630 1.1722e+00 0.0000e+00  0.0554688    19.6642 270.762736     2.5153     16.452    -2.2663    301.976     9.0265 -9.990e-29
     16.134    19.6716 269.789973     0.0220 1.0000e-12     0.8361    81.1368 1.1502e+00 0.0000e+00  0.0550530    19.6637 270.762738     2.5153     16.452    -2.1905    301.938     9.0265 -9.990e-29
     16.134    19.6718 269.777913     0.0293 1.0000e-12     0.8361    81.1368 1.1282e+00 0.0000e+00  0.0554688    19.6637 270.762736     2.5153     16.452    -2.1571    301.924     9.0264 -9.990e-29
     16.133    19.6714 269.777915     0.0085 1.0000e-12     0.8361    81.1368 1.1136e+00 0.0000e+00  0.0558845    19.6635 270.762738     2.5153     16.451    -2.2483    301.926     9.0273 -9.990e-29
     16.133    19.6712 269.814089     0.0085 1.0000e-12     0.8361    81.1368 1.0989e+00 0.0000e+00  0.0558845    19.6634 270.793184     2.5153     16.451    -2.2511    301.968     9.0281 -9.990e-29
     16.133    19.6712 269.838208     0.0342 1.0000e-12     0.8361    81.1368 1.0916e+00 0.0000e+00  0.0554688    19.6630 270.884527     2.5153     16.451    -2.1373    301.995     9.0289 -9.990e-29
     16.132    19.6711 269.838207     0.0159 1.0000e-12     0.8361    81.1368 1.0842e+00 0.0000e+00  0.0554688    19.6630 270.793185     2.5153     16.450    -2.2156    301.996     9.0297 -9.990e-29
     16.131    19.6709 269.838207     0.0024 1.0000e-12     0.8348    81.1630 1.0806e+00 0.0000e+00  0.0558845    19.6632 270.701843     2.5153     16.449    -2.2789    301.997     9.0305 -9.990e-29
     16.131    19.6711 269.838208     0.0281 1.0000e-12     0.8361    81.1368 1.0659e+00 0.0000e+00  0.0558845    19.6634 270.732291     2.5153     16.449    -2.1647    301.996     9.0308 -9.990e-29
     16.130    19.6711 269.838207     0.0244 1.0000e-12     0.8361    81.1368 1.0623e+00 0.0000e+00  0.0558845    19.6627 270.671396     2.5153     16.448    -2.1788    301.996     9.0317 -9.990e-29
     16.130    19.6711 269.802031     0.0061 1.0000e-12     0.8361    81.1368 1.0769e+00 0.0000e+00  0.0558845    19.6622 270.732291     2.5140     16.448    -2.2603    301.955     9.0267 -9.990e-29
     16.131    19.6714 269.838208     0.0147 1.0000e-12     0.8348    81.1630 1.0989e+00 0.0000e+00  0.0558845    19.6625 270.762739     2.5153     16.449    -2.2236    301.994     9.0333 -9.990e-29
     16.131    19.6719 269.814090     0.0317 1.0000e-12     0.8297    81.2675 1.1319e+00 0.0000e+00  0.0554688    19.6625 270.762739     2.5140     16.449    -2.1480    301.963     9.0282 -9.990e-29
     16.130    19.6730 269.777911     0.0122 1.0000e-12     0.8271    81.3198 1.1502e+00 0.0000e+00  0.0554688    19.6621 270.671396     2.5140     16.448    -2.2319    301.915     9.0290 -9.990e-29
     16.129    19.6740 269.838206     0.0037 1.0000e-12     0.8271    81.3198 1.1941e+00 0.0000e+00  0.0554688    19.6616 270.640951     2.5140     16.447    -2.2730    301.976     9.0303 -9.990e-29
     16.129    19.6749 269.814086     0.0330 1.0000e-12     0.8271    81.3198 1.3150e+00 0.0000e+00  0.0558845    19.6611 270.732291     2.5153     16.447    -2.1429    301.943     9.0366 -9.990e-29
     16.130    19.6756 269.802027     0.0208 1.0000e-12     0.8271    81.3198 1.4029e+00 0.0000e+00  0.0558845    19.6616 270.793185     2.5140     16.448    -2.1939    301.925     9.0309 -9.990e-29
     16.131    19.6763 269.874380     0.0049 1.0000e-12     0.8271    81.3198 1.3223e+00 0.0000e+00  0.0554688    19.6612 270.701846     2.5153     16.449    -2.2662    302.001     9.0371 -9.990e-29
     16.131    19.6765 269.850262     0.0220 1.0000e-12     0.8271    81.3198 1.1941e+00 0.0000e+00  0.0554688    19.6611 270.793187     2.5140     16.449    -2.1904    301.973     9.0316 -9.990e-29
     16.131    19.6766 269.874377     0.0281 1.0000e-12     0.8284    81.2937 1.1429e+00 0.0000e+00  0.0554688    19.6614 270.762737     2.5140     16.449    -2.1623    301.999     9.0318 -9.990e-29
     16.131    19.6768 269.862320     0.0085 1.0000e-12     0.8258    81.3459 1.1758e+00 0.0000e+00  0.0554688    19.6612 270.640952     2.5153     16.449    -2.2478    301.984     9.0383 -9.990e-29
     16.132    19.6763 269.838202     0.0073 1.0000e-12     0.8271    81.3198 1.1832e+00 0.0000e+00  0.0550530    19.6599 270.762740     2.5153     16.450    -2.2555    301.961     9.0388 -9.990e-29
     16.133    19.6756 269.838204     0.0330 1.0000e-12     0.8284    81.2937 1.2015e+00 0.0000e+00  0.0554688    19.6576 270.732296     2.5153     16.451    -2.1419    301.965     9.0394 -9.990e-29
     16.133    19.6752 269.802027     0.0159 1.0000e-12     0.8271    81.3198 1.2161e+00 0.0000e+00  0.0558845    19.6572 270.732295     2.5153     16.451    -2.2149    301.928     9.0400 -9.990e-29
     16.134    19.6751 269.777911     0.0037 1.0000e-12     0.8271    81.3198 1.1795e+00 0.0000e+00  0.0558845    19.6567 270.762744     2.5153     16.452    -2.2724    301.901     9.0402 -9.990e-29
     16.134    19.6751 269.777911     0.0281 1.0000e-12     0.8271    81.3198 1.1319e+00 0.0000e+00  0.0554688    19.6569 270.762743     2.5153     16.452    -2.1640    301.901     9.0403 -9.990e-29
     16.134    19.6751 269.838203     0.0244 1.0000e-12     0.8271    81.3198 1.0806e+00 0.0000e+00  0.0554688    19.6562 270.701849     2.5153     16.452    -2.1781    301.969     9.0405 -9.990e-29
     16.135    19.6745 269.838205     0.0061 1.0000e-12     0.8271    81.3198 1.0403e+00 0.0000e+00  0.0554688    19.6553 270.732298     2.5165     16.453    -2.2593    301.973     9.0462 -9.990e-29
     16.136    19.6742 269.802028     0.0134 1.0000e-12     0.8258    81.3459 1.0403e+00 0.0000e+00  0.0554688    19.6565 270.762743     2.5165     16.454    -2.2284    301.934     9.0460 -9.990e-29
     16.137    19.6742 269.838205     0.0317 1.0000e-12     0.8258    81.3459 1.0916e+00 0.0000e+00  0.0554688    19.6578 270.762743     2.5165     16.455    -2.1467    301.975     9.0459 -9.990e-29
     16.138    19.6745 269.862321     0.0122 1.0000e-12     0.8258    81.3459 1.1758e+00 0.0000e+00  0.0558845    19.6588 270.701846     2.5165     16.456    -2.2303    302.000     9.0457 -9.990e-29
     16.139    19.6745 269.886441     0.0037 1.0000e-12     0.8284    81.2937 1.2821e+00 0.0000e+00  0.0558845    19.6592 270.671401     2.5165     16.457    -2.2715    302.027     9.0456 -9.990e-29
     16.140    19.6747 269.862321     0.0317 1.0000e-12     0.8348    81.1630 1.2564e+00 0.0000e+00  0.0554688    19.6588 270.793188     2.5165     16.458    -2.1476    301.998     9.0457 -9.990e-29
     16.140    19.6740 269.862323     0.0208 1.0000e-12     0.8374    81.1107 1.1648e+00 0.0000e+00  0.0554688    19.6592 270.762742     2.5165     16.458    -2.1932    302.003     9.0456 -9.990e-29
     16.140    19.6733 269.862322     0.0049 1.0000e-12     0.8374    81.1107 1.1282e+00 0.0000e+00  0.0554688    19.6585 270.580059     2.5165     16.458    -2.2656    302.008     9.0457 -9.990e-29
     16.141    19.6733 269.862324     0.0220 1.0000e-12     0.8374    81.1107 1.1026e+00 0.0000e+00  0.0558845    19.6585 270.701848     2.5165     16.459    -2.1902    302.008     9.0452 -9.990e-29
     16.141    19.6735 269.862323     0.0293 1.0000e-12     0.8374    81.1107 1.0952e+00 0.0000e+00  0.0558845    19.6587 270.701848     2.5165     16.459    -2.1568    302.007     9.0450 -9.990e-29
     16.140    19.6728 269.862323     0.0098 1.0000e-12     0.8374    81.1107 1.1209e+00 0.0000e+00  0.0554688    19.6586 270.610506     2.5165     16.458    -2.2423    302.011     9.0445 -9.990e-29
     16.140    19.6711 269.838207     0.0073 1.0000e-12     0.8361    81.1368 1.2051e+00 0.0000e+00  0.0554688    19.6586 270.640952     2.5177     16.458    -2.2559    301.996     9.0493 -9.990e-29
     16.141    19.6688 269.765858     0.0330 1.0000e-12     0.8374    81.1107 1.2711e+00 0.0000e+00  0.0554688    19.6578 270.610508     2.5165     16.459    -2.1423    301.930     9.0434 -9.990e-29
     16.142    19.6671 269.814094     0.0159 1.0000e-12     0.8361    81.1368 1.3297e+00 0.0000e+00  0.0554688    19.6574 270.732296     2.5165     16.460    -2.2146    301.996     9.0436 -9.990e-29
     16.143    19.6667 269.802035     0.0037 1.0000e-12     0.8387    81.0845 1.4176e+00 0.0000e+00  0.0554688    19.6572 270.762742     2.5165     16.461    -2.2718    301.985     9.0429 -9.990e-29
     16.144    19.6662 269.753802     0.0281 1.0000e-12     0.8374    81.1107 1.4249e+00 0.0000e+00  0.0554688    19.6572 270.640955     2.5165     16.462    -2.1630    301.934     9.0431 -9.990e-29
     16.145    19.6660 269.777918     0.0244 1.0000e-12     0.8374    81.1107 1.3516e+00 0.0000e+00  0.0558845    19.6578 270.732294     2.5165     16.463    -2.1771    301.963     9.0426 -9.990e-29
     16.147    19.6649 269.753804     0.0073 1.0000e-12     0.8374    81.1107 1.2454e+00 0.0000e+00  0.0558845    19.6578 270.762744     2.5177     16.465    -2.2535    301.943     9.0476 -9.990e-29
     16.148    19.6643 269.814097     0.0147 1.0000e-12     0.8374    81.1107 1.1685e+00 0.0000e+00  0.0558845    19.6572 270.762743     2.5165     16.466    -2.2225    302.015     9.0422 -9.990e-29
