data/05_metadata_exports/SeabirdData/202310_SeabirdData/88659_STN48-2.cnv
* Sea-Bird SBE 9 Data File:
* FileName = C:\Users\rosette\Rosette Data\2023\Ontario lower food web csmi\STN48-2.hex
* Software Version Seasave V 7.26.6.26
* Temperature SN = 5270
* Conductivity SN = 1168
* Number of Bytes Per Scan = 40
* Number of Voltage Words = 5
* Number of Scans Averaged by the Deck Unit = 1
* NMEA Latitude = 43 52.91 N
* NMEA Longitude = 077 26.36 W
* NMEA UTC (Time) = Sep 26 2023  05:08:46
* NMEA baud rate = 4800
** Ship: Lake Guardian
** Cruise: Ontario LFW
** Station:  STN48-2
# nquan = 18                                
# nvalues = 8177                        
# units = specified
# name 0 = prDM: Pressure, Digiquartz [db]
# name 1 = t090C: Temperature [ITS-90, deg C]
# name 2 = c0uS/cm: Conductivity [uS/cm]
# name 3 = sbeox0V: Oxygen raw, SBE 43 [V]
# name 4 = par: PAR/Irradiance, Biospherical/Licor
# name 5 = bat: Beam Attenuation, Chelsea/Seatech [1/m]
# name 6 = xmiss: Beam Transmission, Chelsea/Seatech [%]
# name 7 = flSP: Fluorescence, Seapoint
# name 8 = spar: SPAR, Biospherical/Licor
# name 9 = upoly0: Upoly 0, Suna Nitrate
# name 10 = t190C: Temperature, 2 [ITS-90, deg C]
# name 11 = c1uS/cm: Conductivity, 2 [uS/cm]
# name 12 = sbeox1V: Oxygen raw, SBE 43, 2 [V]
# name 13 = depFM: Depth [fresh water, m], lat = 43.8818
# name 14 = sbeox0Mg/L: Oxygen, SBE 43 [mg/l], WS = 2
# name 15 = specc: Specific Conductance [uS/cm]
# name 16 = sbeox1Mg/L: Oxygen, SBE 43, 2 [mg/l], WS = 2
# name 17 = flag: flag
# span 0 =     -0.161,      7.176       
# span 1 =    17.1818,    19.7940       
# span 2 =  11.015940, 270.609609       
# span 3 =     0.0037,     0.0342       
# span 4 = 1.0000e-12, 2.6965e+00       
# span 5 =     0.4718,     6.1026       
# span 6 =    21.7480,    88.8741       
# span 7 = 8.7912e-02, 2.4799e+00       
# span 8 = 0.0000e+00, 0.0000e+00       
# span 9 =  0.0413330,  0.0621209       
# span 10 =    17.1527,    19.7948      
# span 11 =   4.819933, 271.736603      
# span 12 =     1.8462,     2.9194      
# span 13 =     -0.164,      7.317      
# span 14 =    -2.3867,    -2.1261      
# span 15 =     12.989,    309.926      
# span 16 =     5.9420,    11.0610      
# span 17 = 0.0000e+00, 0.0000e+00      
# interval = seconds: 0.0416667
# start_time = Sep 26 2023 05:08:46 [NMEA time, header]
# bad_flag = -9.990e-29
*END*
[from data line 3779]
      2.513    19.7844 270.501007     0.0281 1.0000e-12     0.7748    82.3915 1.2527e+00 0.0000e+00  0.0554688    19.7814 271.493024     2.5128      2.563    -2.1565    301.972     8.9883 -9.990e-29
      2.512    19.7845 270.440710     0.0244 1.0000e-12     0.7735    82.4176 1.2381e+00 0.0000e+00  0.0554688    19.7810 271.432128     2.5128      2.562    -2.1693    301.904     8.9879 -9.990e-29
      2.511    19.7844 270.452768     0.0073 1.0000e-12     0.7748    82.3915 1.2125e+00 0.0000e+00  0.0554688    19.7808 271.432127     2.5128      2.561    -2.2466    301.918     8.9875 -9.990e-29
      2.511    19.7844 270.476888     0.0244 1.0000e-12     0.7748    82.3915 1.1722e+00 0.0000e+00  0.0558845    19.7805 271.614818     2.5128      2.561    -2.1725    301.945     8.9867 -9.990e-29
      2.511    19.7845 270.501007     0.0269 1.0000e-12     0.7735    82.4176 1.1465e+00 0.0000e+00  0.0554688    19.7805 271.553921     2.5128      2.561    -2.1585    301.971     8.9858 -9.990e-29
      2.510    19.7844 270.476888     0.0073 1.0000e-12     0.7748    82.3915 1.1868e+00 0.0000e+00  0.0550530    19.7808 271.553921     2.5140      2.559    -2.2456    301.945     8.9903 -9.990e-29
      2.508    19.7844 270.452769     0.0195 1.0000e-12     0.7748    82.3915 1.2637e+00 0.0000e+00  0.0550530    19.7806 271.401680     2.5128      2.557    -2.1939    301.918     8.9841 -9.990e-29
      2.506    19.7844 270.452768     0.0305 1.0000e-12     0.7748    82.3915 1.2381e+00 0.0000e+00  0.0558845    19.7808 271.553919     2.5128      2.555    -2.1431    301.918     8.9833 -9.990e-29
      2.504    19.7844 270.488948     0.0098 1.0000e-12     0.7748    82.3915 1.1502e+00 0.0000e+00  0.0558845    19.7805 271.432128     2.5140      2.553    -2.2336    301.958     8.9880 -9.990e-29
      2.504    19.7839 270.513066     0.0147 1.0000e-12     0.7735    82.4176 1.0659e+00 0.0000e+00  0.0554688    19.7801 271.462575     2.5128      2.553    -2.2151    301.988     8.9815 -9.990e-29
      2.504    19.7835 270.416592     0.0317 1.0000e-12     0.7748    82.3915 1.0440e+00 0.0000e+00  0.0550530    19.7805 271.553922     2.5140      2.553    -2.1387    301.883     8.9860 -9.990e-29
      2.503    19.7833 270.501007     0.0134 1.0000e-12     0.7760    82.3654 1.0733e+00 0.0000e+00  0.0550530    19.7801 271.523472     2.5128      2.552    -2.2171    301.979     8.9796 -9.990e-29
      2.503    19.7830 270.464830     0.0098 1.2533e-02     0.7773    82.3392 1.0842e+00 0.0000e+00  0.0550530    19.7805 271.432128     2.5128      2.552    -2.2369    301.941     8.9784 -9.990e-29
      2.502    19.7825 270.464830     0.0330 3.6586e-02     0.7773    82.3392 1.0586e+00 0.0000e+00  0.0558845    19.7798 271.432129     2.5128      2.551    -2.1335    301.944     8.9775 -9.990e-29
      2.501    19.7825 270.428651     0.0147 4.0276e-02     0.7760    82.3654 1.0183e+00 0.0000e+00  0.0554688    19.7801 271.493023     2.5128      2.550    -2.2111    301.904     8.9764 -9.990e-29
      2.500    19.7823 270.452771     0.0061 1.1526e-02     0.7760    82.3654 1.0037e+00 0.0000e+00  0.0550530    19.7796 271.432129     2.5128      2.549    -2.2533    301.932     8.9755 -9.990e-29
      2.500    19.7820 270.428651     0.0342 1.0000e-12     0.7773    82.3392 9.9267e-01 0.0000e+00  0.0550530    19.7792 271.523472     2.5128      2.549    -2.1295    301.907     8.9746 -9.990e-29
      2.500    19.7816 270.488950     0.0171 1.0000e-12     0.7760    82.3654 1.0220e+00 0.0000e+00  0.0554688    19.7796 271.523474     2.5128      2.549    -2.2014    301.977     8.9736 -9.990e-29
      2.500    19.7810 270.525129     0.0049 1.0000e-12     0.7773    82.3392 1.1099e+00 0.0000e+00  0.0558845    19.7796 271.584369     2.5128      2.549    -2.2594    302.021     8.9727 -9.990e-29
      2.500    19.7807 270.440713     0.0317 1.0000e-12     0.7760    82.3654 1.1465e+00 0.0000e+00  0.0554688    19.7791 271.523474     2.5128      2.549    -2.1413    301.929     8.9720 -9.990e-29
      2.500    19.7805 270.452771     0.0208 1.0000e-12     0.7773    82.3392 1.1685e+00 0.0000e+00  0.0554688    19.7794 271.432128     2.5128      2.549    -2.1852    301.944     8.9711 -9.990e-29
      2.501    19.7802 270.452773     0.0049 1.0000e-12     0.7773    82.3392 1.2344e+00 0.0000e+00  0.0554688    19.7796 271.432129     2.5128      2.550    -2.2587    301.946     8.9703 -9.990e-29
      2.500    19.7803 270.464832     0.0305 1.0000e-12     0.7760    82.3654 1.3150e+00 0.0000e+00  0.0554688    19.7798 271.432129     2.5128      2.549    -2.1460    301.959     8.9695 -9.990e-29
      2.500    19.7805 270.452771     0.0232 3.7813e-04     0.7773    82.3392 1.3333e+00 0.0000e+00  0.0550530    19.7798 271.432128     2.5116      2.549    -2.1743    301.944     8.9634 -9.990e-29
      2.499    19.7810 270.488951     0.0061 4.0772e-03     0.7773    82.3392 1.3150e+00 0.0000e+00  0.0554688    19.7798 271.432129     2.5116      2.548    -2.2523    301.981     8.9631 -9.990e-29
      2.499    19.7818 270.476889     0.0269 5.3382e-03     0.7773    82.3392 1.3114e+00 0.0000e+00  0.0554688    19.7801 271.432127     2.5116      2.548    -2.1618    301.962     8.9629 -9.990e-29
      2.499    19.7823 270.452772     0.0256 2.8303e-03     0.7773    82.3392 1.3773e+00 0.0000e+00  0.0554688    19.7801 271.493026     2.5116      2.548    -2.1641    301.932     8.9631 -9.990e-29
      2.498    19.7825 270.513067     0.0073 7.5476e-05     0.7773    82.3392 1.4286e+00 0.0000e+00  0.0550530    19.7805 271.432127     2.5104      2.547    -2.2459    301.998     8.9580 -9.990e-29
      2.497    19.7831 270.561307     0.0220 1.0000e-12     0.7773    82.3392 1.4945e+00 0.0000e+00  0.0554688    19.7801 271.553921     2.5104      2.546    -2.1827    302.048     8.9583 -9.990e-29
      2.496    19.7828 270.476888     0.0281 3.7813e-04     0.7760    82.3654 1.5238e+00 0.0000e+00  0.0558845    19.7798 271.523472     2.5104      2.545    -2.1532    301.955     8.9584 -9.990e-29
      2.495    19.7826 270.452771     0.0098 2.8303e-03     0.7773    82.3392 1.4396e+00 0.0000e+00  0.0558845    19.7801 271.401681     2.5104      2.544    -2.2342    301.930     8.9591 -9.990e-29
      2.495    19.7825 270.452770     0.0171 3.4520e-03     0.7748    82.3915 1.3187e+00 0.0000e+00  0.0554688    19.7803 271.462575     2.5104      2.544    -2.2048    301.931     8.9596 -9.990e-29
      2.494    19.7825 270.464831     0.0305 1.5973e-03     0.7697    82.4961 1.2381e+00 0.0000e+00  0.0554688    19.7805 271.523473     2.5104      2.543    -2.1434    301.944     8.9600 -9.990e-29
      2.493    19.7825 270.549246     0.0110 1.0000e-12     0.7671    82.5483 1.2015e+00 0.0000e+00  0.0554688    19.7802 271.614816     2.5092      2.542    -2.2282    302.038     8.9556 -9.990e-29
      2.493    19.7824 270.476889     0.0122 1.0000e-12     0.7671    82.5483 1.1575e+00 0.0000e+00  0.0558845    19.7799 271.553920     2.5104      2.542    -2.2264    301.958     8.9617 -9.990e-29
      2.494    19.7825 270.488950     0.0330 1.0000e-12     0.7671    82.5483 1.1136e+00 0.0000e+00  0.0558845    19.7805 271.553921     2.5092      2.543    -2.1332    301.971     8.9572 -9.990e-29
      2.493    19.7821 270.525127     0.0134 1.0000e-12     0.7671    82.5483 1.0696e+00 0.0000e+00  0.0558845    19.7798 271.493024     2.5092      2.542    -2.2169    302.014     8.9580 -9.990e-29
      2.493    19.7821 270.440712     0.0085 1.0000e-12     0.7671    82.5483 1.0879e+00 0.0000e+00  0.0558845    19.7803 271.493025     2.5092      2.542    -2.2427    301.920     8.9586 -9.990e-29
      2.493    19.7820 270.452770     0.0342 1.2871e-02     0.7671    82.5483 1.1209e+00 0.0000e+00  0.0554688    19.7806 271.401679     2.5092      2.542    -2.1287    301.934     8.9597 -9.990e-29
      2.492    19.7823 270.476890     0.0159 2.9479e-02     0.7684    82.5222 1.1355e+00 0.0000e+00  0.0554688    19.7805 271.553921     2.5092      2.541    -2.2062    301.959     8.9605 -9.990e-29
      2.491    19.7823 270.476889     0.0049 2.8329e-02     0.7671    82.5483 1.1209e+00 0.0000e+00  0.0558845    19.7806 271.523471     2.5092      2.540    -2.2592    301.959     8.9612 -9.990e-29
      2.490    19.7819 270.476891     0.0330 6.9346e-03     0.7671    82.5483 1.1648e+00 0.0000e+00  0.0554688    19.7798 271.523473     2.5092      2.539    -2.1351    301.962     8.9622 -9.990e-29
      2.489    19.7820 270.513068     0.0183 1.0000e-12     0.7684    82.5222 1.1685e+00 0.0000e+00  0.0558845    19.7791 271.553921     2.5092      2.538    -2.1964    302.001     8.9632 -9.990e-29
      2.488    19.7819 270.464830     0.0049 1.0000e-12     0.7671    82.5483 1.1832e+00 0.0000e+00  0.0558845    19.7789 271.371233     2.5092      2.537    -2.2596    301.948     8.9645 -9.990e-29
      2.487    19.7821 270.488948     0.0317 1.0000e-12     0.7671    82.5483 1.1795e+00 0.0000e+00  0.0558845    19.7792 271.493024     2.5092      2.536    -2.1419    301.974     8.9658 -9.990e-29
      2.487    19.7822 270.476890     0.0220 1.0000e-12     0.7671    82.5483 1.1722e+00 0.0000e+00  0.0558845    19.7791 271.645267     2.5092      2.536    -2.1804    301.960     8.9671 -9.990e-29
      2.486    19.7825 270.501008     0.0061 1.0000e-12     0.7671    82.5483 1.1941e+00 0.0000e+00  0.0563003    19.7787 271.493025     2.5092      2.535    -2.2535    301.984     8.9681 -9.990e-29
      2.485    19.7833 270.464830     0.0281 1.0000e-12     0.7671    82.5483 1.1648e+00 0.0000e+00  0.0563003    19.7789 271.493026     2.5092      2.534    -2.1570    301.939     8.9695 -9.990e-29
      2.483    19.7833 270.488947     0.0244 1.0000e-12     0.7671    82.5483 1.1319e+00 0.0000e+00  0.0554688    19.7792 271.432128     2.5092      2.532    -2.1695    301.966     8.9704 -9.990e-29
      2.481    19.7838 270.513066     0.0061 1.0000e-12     0.7671    82.5483 1.1136e+00 0.0000e+00  0.0550530    19.7798 271.493024     2.5092      2.530    -2.2520    301.989     8.9713 -9.990e-29
      2.479    19.7837 270.476888     0.0244 1.0000e-12     0.7671    82.5483 1.1465e+00 0.0000e+00  0.0558845    19.7799 271.462576     2.5104      2.528    -2.1726    301.949     8.9776 -9.990e-29
      2.479    19.7838 270.501007     0.0269 1.0000e-12     0.7671    82.5483 1.1868e+00 0.0000e+00  0.0558845    19.7801 271.553920     2.5104      2.528    -2.1581    301.976     8.9785 -9.990e-29
      2.479    19.7839 270.513066     0.0085 1.0000e-12     0.7760    82.3654 1.1612e+00 0.0000e+00  0.0554688    19.7796 271.462576     2.5104      2.528    -2.2399    301.988     8.9792 -9.990e-29
      2.478    19.7842 270.476889     0.0195 1.0000e-12     0.7786    82.3131 1.1319e+00 0.0000e+00  0.0554688    19.7799 271.493025     2.5092      2.527    -2.1938    301.946     8.9743 -9.990e-29
      2.477    19.7844 270.501005     0.0293 1.0000e-12     0.7786    82.3131 1.3443e+00 0.0000e+00  0.0554688    19.7803 271.553918     2.5104      2.526    -2.1479    301.972     8.9801 -9.990e-29
      2.477    19.7845 270.464829     0.0098 2.0187e-02     0.7786    82.3131 1.6190e+00 0.0000e+00  0.0558845    19.7801 271.584370     2.5104      2.526    -2.2331    301.931     8.9806 -9.990e-29
      2.476    19.7850 270.513065     0.0147 3.9036e-02     0.7786    82.3131 1.5861e+00 0.0000e+00  0.0558845    19.7803 271.523472     2.5104      2.525    -2.2145    301.981     8.9811 -9.990e-29
      2.475    19.7852 270.513065     0.0317 3.1417e-02     0.7786    82.3131 1.3956e+00 0.0000e+00  0.0554688    19.7806 271.523471     2.5104      2.524    -2.1377    301.980     8.9815 -9.990e-29
      2.475    19.7854 270.476886     0.0122 5.9741e-03     0.7786    82.3131 1.2894e+00 0.0000e+00  0.0554688    19.7810 271.553919     2.5104      2.524    -2.2221    301.938     8.9814 -9.990e-29
      2.475    19.7857 270.452767     0.0110 1.0000e-12     0.7786    82.3131 1.2747e+00 0.0000e+00  0.0554688    19.7808 271.584368     2.5104      2.524    -2.2312    301.909     8.9819 -9.990e-29
      2.475    19.7859 270.464826     0.0330 1.0000e-12     0.7786    82.3131 1.2637e+00 0.0000e+00  0.0554688    19.7808 271.523471     2.5104      2.524    -2.1328    301.921     8.9818 -9.990e-29
      2.475    19.7864 270.501004     0.0147 1.0000e-12     0.7786    82.3131 1.2234e+00 0.0000e+00  0.0550530    19.7812 271.584367     2.5104      2.524    -2.2107    301.958     8.9813 -9.990e-29
      2.476    19.7870 270.464825     0.0073 1.0000e-12     0.7786    82.3131 1.2381e+00 0.0000e+00  0.0554688    19.7812 271.462574     2.5116      2.525    -2.2475    301.914     8.9866 -9.990e-29
      2.478    19.7869 270.452766     0.0330 3.4520e-03     0.7786    82.3131 1.2674e+00 0.0000e+00  0.0554688    19.7814 271.493022     2.5104      2.527    -2.1332    301.901     8.9806 -9.990e-29
      2.479    19.7868 270.464827     0.0171 2.4566e-02     0.7786    82.3131 1.1978e+00 0.0000e+00  0.0554688    19.7812 271.462576     2.5104      2.528    -2.1997    301.915     8.9801 -9.990e-29
      2.479    19.7859 270.513064     0.0049 3.4575e-02     0.7786    82.3131 1.1136e+00 0.0000e+00  0.0554688    19.7814 271.432126     2.5104      2.528    -2.2581    301.975     8.9795 -9.990e-29
      2.478    19.7858 270.440707     0.0317 3.6181e-02     0.7773    82.3392 1.0659e+00 0.0000e+00  0.0558845    19.7814 271.614815     2.5104      2.527    -2.1401    301.895     8.9789 -9.990e-29
      2.480    19.7852 270.440707     0.0195 4.7943e-02     0.7786    82.3131 1.0256e+00 0.0000e+00  0.0554688    19.7817 271.584366     2.5116      2.529    -2.1901    301.899     8.9837 -9.990e-29
      2.482    19.7845 270.452769     0.0049 5.5092e-02     0.7786    82.3131 1.0073e+00 0.0000e+00  0.0554688    19.7824 271.584368     2.5116      2.531    -2.2583    301.917     8.9829 -9.990e-29
      2.485    19.7835 270.513066     0.0305 3.0251e-02     0.7773    82.3392 9.8168e-01 0.0000e+00  0.0554688    19.7822 271.584366     2.5116      2.534    -2.1460    301.991     8.9823 -9.990e-29
      2.487    19.7834 270.513066     0.0232 3.4520e-03     0.7786    82.3131 9.7802e-01 0.0000e+00  0.0554688    19.7826 271.584366     2.5104      2.536    -2.1739    301.992     8.9762 -9.990e-29
      2.490    19.7838 270.476889     0.0061 1.0000e-12     0.7786    82.3131 1.0147e+00 0.0000e+00  0.0554688    19.7820 271.401679     2.5116      2.539    -2.2520    301.949     8.9811 -9.990e-29
      2.493    19.7847 270.501006     0.0269 3.7813e-04     0.7735    82.4176 1.0256e+00 0.0000e+00  0.0558845    19.7819 271.462574     2.5116      2.542    -2.1615    301.970     8.9804 -9.990e-29
      2.496    19.7851 270.513066     0.0256 1.1526e-02     0.7709    82.4699 1.0440e+00 0.0000e+00  0.0558845    19.7817 271.614816     2.5116      2.545    -2.1630    301.980     8.9802 -9.990e-29
      2.499    19.7858 270.513064     0.0073 1.6301e-02     0.7697    82.4961 1.0842e+00 0.0000e+00  0.0558845    19.7812 271.553919     2.5116      2.548    -2.2455    301.976     8.9799 -9.990e-29
      2.502    19.7861 270.476886     0.0232 7.9032e-03     0.7697    82.4961 1.1245e+00 0.0000e+00  0.0554688    19.7810 271.462575     2.5116      2.551    -2.1774    301.933     8.9800 -9.990e-29
      2.507    19.7861 270.501006     0.0281 3.7813e-04     0.7709    82.4699 1.0806e+00 0.0000e+00  0.0550530    19.7806 271.553921     2.5116      2.556    -2.1524    301.960     8.9802 -9.990e-29
      2.511    19.7864 270.476887     0.0085 1.0000e-12     0.7697    82.4961 1.0330e+00 0.0000e+00  0.0554688    19.7805 271.584369     2.5116      2.561    -2.2388    301.931     8.9802 -9.990e-29
      2.515    19.7863 270.476887     0.0183 1.2912e-03     0.7709    82.4699 1.0183e+00 0.0000e+00  0.0558845    19.7810 271.523472     2.5116      2.565    -2.1984    301.932     8.9797 -9.990e-29
      2.518    19.7856 270.549245     0.0305 6.9346e-03     0.7709    82.4699 1.0366e+00 0.0000e+00  0.0558845    19.7810 271.523472     2.5116      2.568    -2.1424    302.017     8.9797 -9.990e-29
