data/05_metadata_exports/SeabirdData/202310_SeabirdData/88659_STN48-2.cnv
* Sea-Bird SBE 9 Data File:
* FileName = C:\Users\rosette\Rosette Data\2023\Ontario lower food web csmi\STN48-2.hex
* Software Version Seasave V 7.26.6.26
* Temperature SN = 5270
* Conductivity SN = 1168
* Number of Bytes Per Scan = 40
* Number of Voltage Words = 5
* Number of Scans Averaged by the Deck Unit = 1
* NMEA Latitude = 43 52.91 N
* NMEA Longitude = 077 26.36 W
* NMEA UTC (Time) = Sep 26 2023  05:08:46
* NMEA baud rate = 4800
** Ship: Lake Guardian
** Cruise: Ontario LFW
** Station:  STN48-2
# nquan = 18                                
# nvalues = 8177                        
# units = specified
# name 0 = prDM: Pressure, Digiquartz [db]
# name 1 = t090C: Temperature [ITS-90, deg C]
# name 2 = c0uS/cm: Conductivity [uS/cm]
# name 3 = sbeox0V: Oxygen raw, SBE 43 [V]
# name 4 = par: PAR/Irradiance, Biospherical/Licor
# name 5 = bat: Beam Attenuation, Chelsea/Seatech [1/m]
# name 6 = xmiss: Beam Transmission, Chelsea/Seatech [%]
# name 7 = flSP: Fluorescence, Seapoint
# name 8 = spar: SPAR, Biospherical/Licor
# name 9 = upoly0: Upoly 0, Suna Nitrate
# name 10 = t190C: Temperature, 2 [ITS-90, deg C]
# name 11 = c1uS/cm: Conductivity, 2 [uS/cm]
# name 12 = sbeox1V: Oxygen raw, SBE 43, 2 [V]
# name 13 = depFM: Depth [fresh water, m], lat = 43.8818
# name 14 = sbeox0Mg/L: Oxygen, SBE 43 [mg/l], WS = 2
# name 15 = specc: Specific Conductance [uS/cm]
# name 16 = sbeox1Mg/L: Oxygen, SBE 43, 2 [mg/l], WS = 2
# name 17 = flag: flag
# span 0 =     -0.161,      7.176       
# span 1 =    17.1818,    19.7940       
# span 2 =  11.015940, 270.609609       
# span 3 =     0.0037,     0.0342       
# span 4 = 1.0000e-12, 2.6965e+00       
# span 5 =     0.4718,     6.1026       
# span 6 =    21.7480,    88.8741       
# span 7 = 8.7912e-02, 2.4799e+00       
# span 8 = 0.0000e+00, 0.0000e+00       
# span 9 =  0.0413330,  0.0621209       
# span 10 =    17.1527,    19.7948      
# span 11 =   4.819933, 271.736603      
# span 12 =     1.8462,     2.9194      
# span 13 =     -0.164,      7.317      
# span 14 =    -2.3867,    -2.1261      
# span 15 =     12.989,    309.926      
# span 16 =     5.9420,    11.0610      
# span 17 = 0.0000e+00, 0.0000e+00      
# interval = seconds: 0.0416667
# start_time = Sep 26 2023 05:08:46 [NMEA time, header]
# bad_flag = -9.990e-29
*END*
[from data line 885]
     -0.108    17.3664  20.216117     0.0330 6.1373e-01     0.5025    88.1945 9.1575e-02 0.0000e+00  0.0413330    17.3810   6.804660     2.6117     -0.110    -2.2419     23.856     9.9144 -9.990e-29
     -0.108    17.3660  20.544047     0.0183 6.4903e-01     0.5025    88.1945 9.1575e-02 0.0000e+00  0.0417488    17.3796   6.834734     2.6117     -0.110    -2.3093     24.244     9.9149 -9.990e-29
     -0.108    17.3658  21.094530     0.0049 6.5544e-01     0.5025    88.1945 8.7912e-02 0.0000e+00  0.0413330    17.3769   6.774588     2.6129     -0.110    -2.3727     24.893     9.9213 -9.990e-29
     -0.106    17.3654  21.481061     0.0305 8.6684e-01     0.5025    88.1945 8.7912e-02 0.0000e+00  0.0413330    17.3745   6.834734     2.6117     -0.108    -2.2537     25.350     9.9163 -9.990e-29
     -0.100    17.3649  20.766579     0.0232 1.0202e+00     0.5025    88.1945 8.7912e-02 0.0000e+00  0.0413330    17.3712   6.894880     2.6129     -0.102    -2.2881     24.507     9.9223 -9.990e-29
     -0.091    17.3645  19.267536     0.0049 1.0394e+00     0.5025    88.1945 8.7912e-02 0.0000e+00  0.0417488    17.3687   6.804661     2.6129     -0.093    -2.3737     22.738     9.9226 -9.990e-29
     -0.084    17.3640  18.389316     0.0269 7.3907e-01     0.5025    88.1945 8.7912e-02 0.0000e+00  0.0417488    17.3674   6.985100     2.6129     -0.086    -2.2700     21.702     9.9230 -9.990e-29
     -0.077    17.3636  18.471279     0.0256 5.6290e-01     0.5013    88.2206 8.7912e-02 0.0000e+00  0.0413330    17.3651   6.774588     2.6129     -0.079    -2.2776     21.799     9.9237 -9.990e-29
     -0.069    17.3633  19.115304     0.0073 5.3884e-01     0.5025    88.1945 9.1575e-02 0.0000e+00  0.0413330    17.3639   6.594151     2.6117     -0.070    -2.3631     22.559     9.9185 -9.990e-29
     -0.064    17.3629  19.794512     0.0208 4.1158e-01     0.5025    88.1945 9.1575e-02 0.0000e+00  0.0413330    17.3632   6.534005     2.6129     -0.065    -2.2988     23.361     9.9246 -9.990e-29
     -0.061    17.3626 183.576689     0.0293 3.0472e-01     0.5025    88.1945 9.1575e-02 0.0000e+00  0.0417488    17.3622   6.353570     2.6129     -0.062    -2.2607    216.652     9.9250 -9.990e-29
     -0.058    17.3621  73.568710     0.0085 2.8659e-01     0.5025    88.1945 8.7912e-02 0.0000e+00  0.0417488    17.3620   6.624223     2.6129     -0.059    -2.3571     86.825     9.9252 -9.990e-29
     -0.056    17.3618  20.087292     0.0134 2.6926e-01     0.5025    88.1945 8.7912e-02 0.0000e+00  0.0413330    17.3620   6.684369     2.6129     -0.057    -2.3335     23.707     9.9254 -9.990e-29
     -0.056    17.3612  20.134137     0.0317 2.4271e-01     0.5025    88.1945 8.7912e-02 0.0000e+00  0.0413330    17.3618   6.684369     2.6117     -0.057    -2.2511     23.762     9.9195 -9.990e-29
     -0.057    17.3609  20.309811     0.0122 2.3685e-01     0.5013    88.2206 9.1575e-02 0.0000e+00  0.0417488    17.3613   6.564078     2.6129     -0.058    -2.3402     23.970     9.9250 -9.990e-29
     -0.061    17.3605  20.930553     0.0085 2.2078e-01     0.5013    88.2206 8.7912e-02 0.0000e+00  0.0417488    17.3607   6.203209     2.6129     -0.062    -2.3564     24.703     9.9249 -9.990e-29
     -0.067    17.3600  22.008179     0.0342 1.8836e-01     0.5013    88.2206 8.7912e-02 0.0000e+00  0.0413330    17.3605   6.233281     2.6129     -0.068    -2.2384     25.975     9.9251 -9.990e-29
     -0.073    17.3598  22.582189     0.0159 1.7935e-01     0.5001    88.2467 9.1575e-02 0.0000e+00  0.0417488    17.3603   6.383642     2.6129     -0.074    -2.3220     26.653     9.9254 -9.990e-29
     -0.079    17.3592  22.511900     0.0061 1.8670e-01     0.5013    88.2206 9.1575e-02 0.0000e+00  0.0417488    17.3586   6.534005     2.6117     -0.081    -2.3673     26.570     9.9203 -9.990e-29
     -0.082    17.3588  21.961323     0.0330 2.1168e-01     0.5013    88.2206 9.1575e-02 0.0000e+00  0.0417488    17.3560   6.684369     2.6117     -0.084    -2.2426     25.920     9.9210 -9.990e-29
     -0.084    17.3583  21.141382     0.0195 2.1986e-01     0.5013    88.2206 8.7912e-02 0.0000e+00  0.0413330    17.3543   6.624224     2.6129     -0.086    -2.3048     24.953     9.9268 -9.990e-29
     -0.087    17.3576  20.180983     0.0049 2.2078e-01     0.5013    88.2206 8.7912e-02 0.0000e+00  0.0417488    17.3530   6.534005     2.6129     -0.089    -2.3733     23.820     9.9273 -9.990e-29
     -0.089    17.3574  19.220695     0.0305 2.2263e-01     0.5001    88.2467 9.1575e-02 0.0000e+00  0.0413330    17.3510   6.473860     2.6129     -0.091    -2.2533     22.686     9.9280 -9.990e-29
     -0.090    17.3567  18.740593     0.0232 2.2356e-01     0.5013    88.2206 8.7912e-02 0.0000e+00  0.0413330    17.3491   6.383643     2.6129     -0.092    -2.2877     22.120     9.9286 -9.990e-29
     -0.092    17.3562  19.080175     0.0049 2.2825e-01     0.5013    88.2206 8.7912e-02 0.0000e+00  0.0413330    17.3493   6.473860     2.6129     -0.094    -2.3737     22.521     9.9288 -9.990e-29
     -0.093    17.3557  19.536876     0.0269 2.8659e-01     0.5013    88.2206 9.1575e-02 0.0000e+00  0.0417488    17.3479   6.534005     2.6129     -0.095    -2.2699     23.061     9.9289 -9.990e-29
     -0.093    17.3552  19.911623     0.0256 3.2126e-01     0.5001    88.2467 9.1575e-02 0.0000e+00  0.0413330    17.3467   6.624224     2.6129     -0.095    -2.2783     23.503     9.9288 -9.990e-29
     -0.092    17.3548  19.583718     0.0061 3.2490e-01     0.5001    88.2467 8.7912e-02 0.0000e+00  0.0413330    17.3456   6.564078     2.6129     -0.094    -2.3690     23.116     9.9293 -9.990e-29
     -0.090    17.3542  18.916237     0.0195 4.0578e-01     0.5013    88.2206 8.7912e-02 0.0000e+00  0.0413330    17.3436   6.564078     2.6117     -0.092    -2.3051     22.329     9.9237 -9.990e-29
     -0.088    17.3536  18.143432     0.0293 4.6848e-01     0.5013    88.2206 8.7912e-02 0.0000e+00  0.0413330    17.3423   6.443788     2.6117     -0.090    -2.2620     21.417     9.9242 -9.990e-29
     -0.085    17.3531  17.616560     0.0098 4.7827e-01     0.5001    88.2467 9.1575e-02 0.0000e+00  0.0417488    17.3410   6.323498     2.6129     -0.087    -2.3521     20.795     9.9303 -9.990e-29
     -0.082    17.3526  17.253624     0.0134 4.8323e-01     0.5001    88.2467 9.1575e-02 0.0000e+00  0.0413330    17.3403   6.383643     2.6129     -0.084    -2.3336     20.367     9.9306 -9.990e-29
     -0.078    17.3521  16.937531     0.0317 4.8991e-01     0.5013    88.2206 9.1575e-02 0.0000e+00  0.0413330    17.3400   6.383643     2.6129     -0.080    -2.2511     19.994     9.9304 -9.990e-29
     -0.075    17.3516  16.773636     0.0122 4.9160e-01     0.5013    88.2206 9.1575e-02 0.0000e+00  0.0413330    17.3401   6.594151     2.6129     -0.076    -2.3402     19.801     9.9301 -9.990e-29
     -0.074    17.3514  16.703396     0.0073 4.7010e-01     0.5001    88.2467 9.1575e-02 0.0000e+00  0.0417488    17.3402   6.383643     2.6129     -0.075    -2.3619     19.718     9.9302 -9.990e-29
     -0.076    17.3505  16.820462     0.0330 4.4314e-01     0.5001    88.2467 9.1575e-02 0.0000e+00  0.0417488    17.3404   6.263353     2.6129     -0.077    -2.2439     19.857     9.9304 -9.990e-29
     -0.077    17.3502  17.113137     0.0159 4.3852e-01     0.5001    88.2467 8.7912e-02 0.0000e+00  0.0417488    17.3406   6.353570     2.6129     -0.079    -2.3228     20.202     9.9305 -9.990e-29
     -0.077    17.3499  17.300454     0.0049 3.9436e-01     0.5001    88.2467 9.1575e-02 0.0000e+00  0.0413330    17.3403   6.263353     2.6117     -0.079    -2.3736     20.424     9.9251 -9.990e-29
     -0.078    17.3492  17.417529     0.0330 3.2490e-01     0.5001    88.2467 9.1575e-02 0.0000e+00  0.0417488    17.3391   6.263353     2.6129     -0.080    -2.2433     20.562     9.9307 -9.990e-29
     -0.081    17.3485  17.347284     0.0195 3.0704e-01     0.5001    88.2467 9.1575e-02 0.0000e+00  0.0417488    17.3369   6.383643     2.6117     -0.083    -2.3060     20.480     9.9252 -9.990e-29
     -0.084    17.3482  17.288746     0.0049 2.8993e-01     0.5001    88.2467 8.7912e-02 0.0000e+00  0.0413330    17.3354   6.503933     2.6129     -0.086    -2.3740     20.411     9.9313 -9.990e-29
     -0.086    17.3480  17.312161     0.0305 2.4468e-01     0.5001    88.2467 8.7912e-02 0.0000e+00  0.0413330    17.3343   6.413715     2.6129     -0.088    -2.2539     20.438     9.9317 -9.990e-29
     -0.088    17.3471  17.253624     0.0232 2.3109e-01     0.5001    88.2467 9.1575e-02 0.0000e+00  0.0417488    17.3323   6.173137     2.6129     -0.090    -2.2892     20.370     9.9323 -9.990e-29
     -0.089    17.3469  17.195087     0.0061 2.3492e-01     0.5001    88.2467 9.1575e-02 0.0000e+00  0.0417488    17.3304   6.082921     2.6129     -0.091    -2.3687     20.301     9.9324 -9.990e-29
     -0.092    17.3463  17.031187     0.0256 2.5269e-01     0.5001    88.2467 8.7912e-02 0.0000e+00  0.0413330    17.3298   6.233281     2.6117     -0.094    -2.2760     20.107     9.9260 -9.990e-29
     -0.094    17.3459  16.867290     0.0269 2.5882e-01     0.5001    88.2467 9.1575e-02 0.0000e+00  0.0417488    17.3304   6.293426     2.6129     -0.096    -2.2723     19.914     9.9317 -9.990e-29
     -0.096    17.3456  16.761929     0.0073 2.5882e-01     0.4989    88.2729 8.7912e-02 0.0000e+00  0.0417488    17.3304   6.473861     2.6129     -0.098    -2.3629     19.790     9.9319 -9.990e-29
     -0.097    17.3449  16.832169     0.0195 2.5168e-01     0.5001    88.2467 8.7912e-02 0.0000e+00  0.0417488    17.3309   6.534006     2.6129     -0.099    -2.3041     19.873     9.9320 -9.990e-29
     -0.096    17.3446  16.797049     0.0293 2.4967e-01     0.4989    88.2729 8.7912e-02 0.0000e+00  0.0417488    17.3311   6.443788     2.6129     -0.098    -2.2614     19.832     9.9321 -9.990e-29
     -0.093    17.3442  16.574625     0.0098 2.4967e-01     0.4989    88.2729 9.1575e-02 0.0000e+00  0.0417488    17.3307   6.353571     2.6129     -0.095    -2.3514     19.569     9.9318 -9.990e-29
     -0.092    17.3435  16.387324     0.0122 2.7891e-01     0.5001    88.2467 8.7912e-02 0.0000e+00  0.0413330    17.3309   6.203209     2.6129     -0.094    -2.3380     19.349     9.9320 -9.990e-29
     -0.092    17.3430  16.258557     0.0317 2.9783e-01     0.5001    88.2467 9.1575e-02 0.0000e+00  0.0413330    17.3316   6.082921     2.6129     -0.094    -2.2499     19.197     9.9320 -9.990e-29
     -0.092    17.3426  16.188322     0.0122 3.0011e-01     0.5001    88.2467 8.7912e-02 0.0000e+00  0.0417488    17.3322   6.413716     2.6129     -0.094    -2.3399     19.114     9.9321 -9.990e-29
     -0.092    17.3421  16.188322     0.0073 3.0821e-01     0.5001    88.2467 8.7912e-02 0.0000e+00  0.0417488    17.3321   6.353571     2.6129     -0.094    -2.3616     19.114     9.9313 -9.990e-29
     -0.092    17.3416  16.153204     0.0330 3.1528e-01     0.5001    88.2467 8.7912e-02 0.0000e+00  0.0413330    17.3333   6.293426     2.6129     -0.094    -2.2435     19.073     9.9307 -9.990e-29
     -0.093    17.3413  16.036147     0.0159 3.1647e-01     0.4989    88.2729 8.7912e-02 0.0000e+00  0.0413330    17.3337   6.473861     2.6129     -0.095    -2.3220     18.935     9.9308 -9.990e-29
     -0.094    17.3406  15.813743     0.0049 3.1647e-01     0.4978    88.2990 8.7912e-02 0.0000e+00  0.0417488    17.3330   6.203209     2.6117     -0.096    -2.3728     18.673     9.9254 -9.990e-29
     -0.096    17.3403  15.731806     0.0330 3.1766e-01     0.4978    88.2990 9.1575e-02 0.0000e+00  0.0413330    17.3326   6.143065     2.6129     -0.098    -2.2424     18.576     9.9309 -9.990e-29
     -0.097    17.3396  15.603049     0.0195 3.1647e-01     0.4978    88.2990 9.1575e-02 0.0000e+00  0.0417488    17.3320   6.173137     2.6129     -0.099    -2.3055     18.424     9.9312 -9.990e-29
     -0.098    17.3392  15.673280     0.0049 3.0241e-01     0.4978    88.2990 9.1575e-02 0.0000e+00  0.0417488    17.3321   6.323498     2.6129     -0.100    -2.3740     18.507     9.9313 -9.990e-29
     -0.099    17.3390  15.603049     0.0293 2.8218e-01     0.4978    88.2990 9.1575e-02 0.0000e+00  0.0413330    17.3321   6.293426     2.6129     -0.101    -2.2594     18.425     9.9315 -9.990e-29
     -0.099    17.3383  15.497705     0.0244 2.7675e-01     0.4978    88.2990 9.1575e-02 0.0000e+00  0.0413330    17.3323   6.353571     2.6129     -0.101    -2.2836     18.300     9.9316 -9.990e-29
     -0.099    17.3381  15.415771     0.0061 2.4667e-01     0.4989    88.2729 9.1575e-02 0.0000e+00  0.0413330    17.3322   6.413716     2.6129     -0.101    -2.3692     18.204     9.9309 -9.990e-29
     -0.098    17.3376  15.392361     0.0244 1.8587e-01     0.4978    88.2990 9.1575e-02 0.0000e+00  0.0417488    17.3304   6.173137     2.6117     -0.100    -2.2821     18.176     9.9253 -9.990e-29
     -0.098    17.3373  15.216792     0.0281 1.6984e-01     0.4978    88.2990 8.7912e-02 0.0000e+00  0.0417488    17.3294   6.082921     2.6129     -0.100    -2.2673     17.969     9.9304 -9.990e-29
     -0.099    17.3366  15.380657     0.0073 1.7535e-01     0.4978    88.2990 8.7912e-02 0.0000e+00  0.0413330    17.3286   6.173137     2.6129     -0.101    -2.3635     18.163     9.9307 -9.990e-29
     -0.101    17.3362  15.228496     0.0171 1.9679e-01     0.4966    88.3252 8.7912e-02 0.0000e+00  0.0417488    17.3275   6.443788     2.6129     -0.103    -2.3154     17.983     9.9307 -9.990e-29
     -0.104    17.3359  15.287019     0.0305 2.0459e-01     0.4978    88.2990 9.1575e-02 0.0000e+00  0.0413330    17.3273   6.443788     2.6129     -0.106    -2.2560     18.053     9.9309 -9.990e-29
     -0.106    17.3354  15.509409     0.0110 2.0459e-01     0.4989    88.2729 9.1575e-02 0.0000e+00  0.0413330    17.3271   6.503933     2.6117     -0.108    -2.3457     18.316     9.9255 -9.990e-29
     -0.106    17.3349  15.743511     0.0110 2.0459e-01     0.4978    88.2990 9.1575e-02 0.0000e+00  0.0417488    17.3256   6.353571     2.6129     -0.108    -2.3438     18.592     9.9312 -9.990e-29
     -0.104    17.3347  15.474295     0.0330 2.0546e-01     0.4978    88.2990 9.1575e-02 0.0000e+00  0.0413330    17.3245   6.022777     2.6129     -0.106    -2.2442     18.274     9.9317 -9.990e-29
     -0.102    17.3342  15.006114     0.0134 2.0459e-01     0.4978    88.2990 9.1575e-02 0.0000e+00  0.0413330    17.3240   6.203209     2.6129     -0.104    -2.3343     17.722     9.9320 -9.990e-29
     -0.102    17.3339  14.795441     0.0061 2.0023e-01     0.4978    88.2990 9.1575e-02 0.0000e+00  0.0413330    17.3239   6.233281     2.6129     -0.104    -2.3671     17.473     9.9322 -9.990e-29
     -0.101    17.3333  15.123157     0.0330 1.9765e-01     0.4989    88.2729 9.1575e-02 0.0000e+00  0.0417488    17.3225   6.323498     2.6117     -0.103    -2.2434     17.860     9.9265 -9.990e-29
     -0.099    17.3331  15.404066     0.0171 1.9765e-01     0.4978    88.2990 9.1575e-02 0.0000e+00  0.0413330    17.3221   6.473861     2.6129     -0.101    -2.3167     18.192     9.9320 -9.990e-29
     -0.096    17.3327  15.345543     0.0049 2.1258e-01     0.4978    88.2990 9.1575e-02 0.0000e+00  0.0413330    17.3220   6.353571     2.6129     -0.098    -2.3736     18.123     9.9323 -9.990e-29
     -0.093    17.3323  14.947593     0.0317 2.2356e-01     0.4966    88.3252 9.1575e-02 0.0000e+00  0.0413330    17.3218   6.143065     2.6129     -0.095    -2.2492     17.653     9.9326 -9.990e-29
     -0.090    17.3318  14.561366     0.0208 2.2543e-01     0.4978    88.2990 9.1575e-02 0.0000e+00  0.0417488    17.3212   6.022777     2.6117     -0.092    -2.3007     17.197     9.9273 -9.990e-29
     -0.089    17.3316  14.491145     0.0049 2.0989e-01     0.4966    88.3252 9.1575e-02 0.0000e+00  0.0417488    17.3199   6.052849     2.6129     -0.091    -2.3747     17.115     9.9335 -9.990e-29
