data/05_metadata_exports/SeabirdData/202310_SeabirdData/88652_STN48.cnv
* Sea-Bird SBE 9 Data File:
* FileName = C:\Users\rosette\Rosette Data\2023\Ontario lower food web csmi\STN48.hex
* Software Version Seasave V 7.26.6.26
* Temperature SN = 5270
* Conductivity SN = 1168
* Number of Bytes Per Scan = 40
* Number of Voltage Words = 5
* Number of Scans Averaged by the Deck Unit = 1
* NMEA Latitude = 43 52.78 N
* NMEA Longitude = 077 26.35 W
* NMEA UTC (Time) = Sep 26 2023  04:40:34
* NMEA baud rate = 4800
** Ship: Lake Guardian
** Cruise: Ontario LFW
** Station:  STN48
# nquan = 18                                
# nvalues = 14421                       
# units = specified
# name 0 = prDM: Pressure, Digiquartz [db]
# name 1 = t090C: Temperature [ITS-90, deg C]
# name 2 = c0uS/cm: Conductivity [uS/cm]
# name 3 = sbeox0V: Oxygen raw, SBE 43 [V]
# name 4 = par: PAR/Irradiance, Biospherical/Licor
# name 5 = bat: Beam Attenuation, Chelsea/Seatech [1/m]
# name 6 = xmiss: Beam Transmission, Chelsea/Seatech [%]
# name 7 = flSP: Fluorescence, Seapoint
# name 8 = spar: SPAR, Biospherical/Licor
# name 9 = upoly0: Upoly 0, Suna Nitrate
# name 10 = t190C: Temperature, 2 [ITS-90, deg C]
# name 11 = c1uS/cm: Conductivity, 2 [uS/cm]
# name 12 = sbeox1V: Oxygen raw, SBE 43, 2 [V]
# name 13 = depFM: Depth [fresh water, m], lat = 43.8797
# name 14 = sbeox0Mg/L: Oxygen, SBE 43 [mg/l], WS = 2
# name 15 = specc: Specific Conductance [uS/cm]
# name 16 = sbeox1Mg/L: Oxygen, SBE 43, 2 [mg/l], WS = 2
# name 17 = flag: flag
# span 0 =     -0.040,     30.956       
# span 1 =   -31.7963,    19.7952       
# span 2 =   6.548324, 270.682079       
# span 3 =     0.0024,     0.0342       
# span 4 = 1.0000e-12, 3.2588e+00       
# span 5 =     0.1520,     5.2799       
# span 6 =    26.7145,    96.2716       
# span 7 = 9.1575e-02, 4.4542e+00       
# span 8 = 0.0000e+00, 0.0000e+00       
# span 9 =  0.0413330,  0.0621209       
# span 10 =    16.2738,    19.7940      
# span 11 =   4.549319, 271.767259      
# span 12 =     1.7705,     2.9219      
# span 13 =     -0.041,     31.566      
# span 14 =    -2.7901,    52.1506      
# span 15 =  -5120.402,    316.035      
# span 16 =     5.6216,    11.0801      
# span 17 = 0.0000e+00, 0.0000e+00      
# interval = seconds: 0.0416667
# start_time = Sep 26 2023 04:40:34 [NMEA time, header]
# bad_flag = -9.990e-29
*END*
[from data line 14071]
      3.094    19.7901 270.537196     0.0024 1.0000e-12     0.7760    82.3654 1.0403e+00 0.0000e+00  0.0554688    19.7878 271.675722     2.5140      3.155    -2.2690    301.974     8.9904 -9.990e-29
      3.093    19.7902 270.537196     0.0281 1.0000e-12     0.7786    82.3131 1.0183e+00 0.0000e+00  0.0554688    19.7875 271.553929     2.5128      3.154    -2.1564    301.973     8.9853 -9.990e-29
      3.091    19.7900 270.561316     0.0244 1.0000e-12     0.7773    82.3392 1.0256e+00 0.0000e+00  0.0554688    19.7875 271.432138     2.5128      3.152    -2.1681    302.001     8.9851 -9.990e-29
      3.089    19.7901 270.573375     0.0073 1.0000e-12     0.7773    82.3392 1.0623e+00 0.0000e+00  0.0554688    19.7876 271.493033     2.5128      3.150    -2.2447    302.014     8.9849 -9.990e-29
      3.085    19.7900 270.525136     0.0134 1.0000e-12     0.7773    82.3392 1.0659e+00 0.0000e+00  0.0554688    19.7878 271.523481     2.5128      3.146    -2.2213    301.961     8.9846 -9.990e-29
      3.082    19.7901 270.549255     0.0317 1.0000e-12     0.7773    82.3392 1.0806e+00 0.0000e+00  0.0558845    19.7882 271.553929     2.5140      3.143    -2.1384    301.987     8.9898 -9.990e-29
      3.079    19.7898 270.573375     0.0134 1.0000e-12     0.7773    82.3392 1.0989e+00 0.0000e+00  0.0554688    19.7880 271.523481     2.5140      3.140    -2.2159    302.016     8.9896 -9.990e-29
      3.076    19.7904 270.537195     0.0037 1.3890e-02     0.7773    82.3392 1.0989e+00 0.0000e+00  0.0554688    19.7884 271.553928     2.5140      3.137    -2.2636    301.972     8.9897 -9.990e-29
      3.072    19.7901 270.537196     0.0317 2.7189e-02     0.7760    82.3654 1.0623e+00 0.0000e+00  0.0554688    19.7881 271.584377     2.5140      3.133    -2.1401    301.974     8.9899 -9.990e-29
      3.069    19.7901 270.561315     0.0208 2.2358e-02     0.7773    82.3392 1.0073e+00 0.0000e+00  0.0558845    19.7889 271.462583     2.5128      3.130    -2.1836    302.000     8.9846 -9.990e-29
      3.064    19.7901 270.585434     0.0049 4.3911e-03     0.7773    82.3392 1.0037e+00 0.0000e+00  0.0558845    19.7882 271.553929     2.5128      3.124    -2.2560    302.027     8.9849 -9.990e-29
      3.060    19.7904 270.549253     0.0195 1.0000e-12     0.7773    82.3392 1.0440e+00 0.0000e+00  0.0558845    19.7884 271.584375     2.5140      3.120    -2.1941    301.985     8.9903 -9.990e-29
      3.057    19.7900 270.561315     0.0293 1.0000e-12     0.7773    82.3392 1.1172e+00 0.0000e+00  0.0558845    19.7884 271.462584     2.5140      3.117    -2.1475    302.001     8.9905 -9.990e-29
      3.052    19.7901 270.537196     0.0098 1.0000e-12     0.7773    82.3392 1.1429e+00 0.0000e+00  0.0558845    19.7882 271.432136     2.5140      3.112    -2.2322    301.974     8.9906 -9.990e-29
      3.047    19.7900 270.561313     0.0061 1.0000e-12     0.7773    82.3392 1.1758e+00 0.0000e+00  0.0554688    19.7880 271.493031     2.5140      3.107    -2.2535    302.001     8.9907 -9.990e-29
      3.042    19.7900 270.573373     0.0342 6.8165e-04     0.7773    82.3392 1.1429e+00 0.0000e+00  0.0554688    19.7882 271.675720     2.5140      3.102    -2.1288    302.015     8.9907 -9.990e-29
      3.039    19.7901 270.573374     0.0171 4.0772e-03     0.7760    82.3654 1.0989e+00 0.0000e+00  0.0558845    19.7882 271.736619     2.5128      3.099    -2.1996    302.014     8.9850 -9.990e-29
      3.035    19.7902 270.573373     0.0037 5.6557e-03     0.7760    82.3654 1.1319e+00 0.0000e+00  0.0558845    19.7885 271.553927     2.5128      3.095    -2.2625    302.013     8.9850 -9.990e-29
      3.031    19.7903 270.525134     0.0256 2.8303e-03     0.7786    82.3131 1.1648e+00 0.0000e+00  0.0563003    19.7880 271.523479     2.5128      3.091    -2.1674    301.959     8.9851 -9.990e-29
      3.028    19.7900 270.549255     0.0269 7.5476e-05     0.7773    82.3392 1.1245e+00 0.0000e+00  0.0554688    19.7884 271.614825     2.5128      3.088    -2.1575    301.988     8.9846 -9.990e-29
      3.023    19.7900 270.537194     0.0073 1.0000e-12     0.7773    82.3392 1.0842e+00 0.0000e+00  0.0550530    19.7884 271.493030     2.5128      3.083    -2.2437    301.974     8.9846 -9.990e-29
      3.018    19.7900 270.573372     0.0098 4.0772e-03     0.7786    82.3131 1.1172e+00 0.0000e+00  0.0550530    19.7879 271.553926     2.5128      3.078    -2.2370    302.015     8.9847 -9.990e-29
      3.014    19.7900 270.573373     0.0330 2.0546e-02     0.7786    82.3131 1.1429e+00 0.0000e+00  0.0554688    19.7884 271.523479     2.5128      3.073    -2.1333    302.015     8.9846 -9.990e-29
      3.012    19.7903 270.573373     0.0147 2.6811e-02     0.7786    82.3131 1.1026e+00 0.0000e+00  0.0558845    19.7884 271.523479     2.5128      3.071    -2.2105    302.013     8.9842 -9.990e-29
      3.009    19.7902 270.573373     0.0037 2.5310e-02     0.7773    82.3392 1.0696e+00 0.0000e+00  0.0558845    19.7882 271.584375     2.5140      3.068    -2.2636    302.013     8.9891 -9.990e-29
      3.006    19.7900 270.525134     0.0293 1.8052e-02     0.7786    82.3131 1.1099e+00 0.0000e+00  0.0554688    19.7882 271.706169     2.5140      3.065    -2.1511    301.961     8.9891 -9.990e-29
      3.002    19.7901 270.573373     0.0232 1.5262e-02     0.7773    82.3392 1.1795e+00 0.0000e+00  0.0558845    19.7882 271.614824     2.5128      3.061    -2.1734    302.014     8.9833 -9.990e-29
      2.998    19.7902 270.525133     0.0049 7.2565e-03     0.7773    82.3392 1.2198e+00 0.0000e+00  0.0554688    19.7878 271.462581     2.5128      3.057    -2.2558    301.959     8.9829 -9.990e-29
      2.995    19.7903 270.573373     0.0159 3.7813e-04     0.7786    82.3131 1.2564e+00 0.0000e+00  0.0550530    19.7884 271.432134     2.5128      3.054    -2.2101    302.013     8.9824 -9.990e-29
      2.992    19.7900 270.549252     0.0317 1.0000e-12     0.7786    82.3131 1.2674e+00 0.0000e+00  0.0554688    19.7880 271.493029     2.5128      3.051    -2.1379    301.988     8.9816 -9.990e-29
      2.989    19.7900 270.537195     0.0122 1.0000e-12     0.7786    82.3131 1.2857e+00 0.0000e+00  0.0558845    19.7885 271.614824     2.5128      3.048    -2.2219    301.974     8.9816 -9.990e-29
      2.985    19.7901 270.537193     0.0037 1.0000e-12     0.7773    82.3392 1.3040e+00 0.0000e+00  0.0558845    19.7878 271.553926     2.5140      3.044    -2.2643    301.974     8.9867 -9.990e-29
      2.982    19.7900 270.561312     0.0330 1.0000e-12     0.7786    82.3131 1.2894e+00 0.0000e+00  0.0554688    19.7882 271.614822     2.5140      3.041    -2.1344    302.001     8.9863 -9.990e-29
      2.979    19.7898 270.537194     0.0195 1.0000e-12     0.7773    82.3392 1.2601e+00 0.0000e+00  0.0550530    19.7884 271.675720     2.5140      3.038    -2.1894    301.976     8.9859 -9.990e-29
      2.976    19.7900 270.513073     0.0049 1.0000e-12     0.7786    82.3131 1.2601e+00 0.0000e+00  0.0550530    19.7882 271.553926     2.5140      3.035    -2.2569    301.947     8.9853 -9.990e-29
      2.972    19.7898 270.597491     0.0220 1.0000e-12     0.7773    82.3392 1.3077e+00 0.0000e+00  0.0550530    19.7884 271.584374     2.5140      3.031    -2.1832    302.043     8.9845 -9.990e-29
      2.970    19.7898 270.585431     0.0293 1.5973e-03     0.7786    82.3131 1.2894e+00 0.0000e+00  0.0554688    19.7882 271.645270     2.5140      3.029    -2.1477    302.029     8.9843 -9.990e-29
      2.968    19.7900 270.525133     0.0085 2.8303e-03     0.7773    82.3392 1.3004e+00 0.0000e+00  0.0554688    19.7885 271.706167     2.5140      3.027    -2.2385    301.961     8.9841 -9.990e-29
      2.968    19.7900 270.573371     0.0073 3.1407e-03     0.7786    82.3131 1.3700e+00 0.0000e+00  0.0554688    19.7882 271.553925     2.5140      3.027    -2.2488    302.015     8.9840 -9.990e-29
      2.969    19.7898 270.573373     0.0330 6.2933e-03     0.7786    82.3131 1.3480e+00 0.0000e+00  0.0554688    19.7882 271.432134     2.5140      3.028    -2.1344    302.016     8.9838 -9.990e-29
      2.969    19.7897 270.585432     0.0171 9.8651e-03     0.7722    82.4438 1.2454e+00 0.0000e+00  0.0554688    19.7884 271.523477     2.5128      3.028    -2.2003    302.030     8.9783 -9.990e-29
      2.967    19.7896 270.549254     0.0037 1.0527e-02     0.7659    82.5745 1.1722e+00 0.0000e+00  0.0554688    19.7880 271.462583     2.5140      3.025    -2.2636    301.990     8.9833 -9.990e-29
      2.965    19.7900 270.537191     0.0269 8.5535e-03     0.7659    82.5745 1.2051e+00 0.0000e+00  0.0550530    19.7884 271.553924     2.5140      3.023    -2.1620    301.974     8.9827 -9.990e-29
      2.964    19.7895 270.573372     0.0256 5.3382e-03     0.7659    82.5745 1.2381e+00 0.0000e+00  0.0554688    19.7882 271.523477     2.5128      3.022    -2.1636    302.018     8.9769 -9.990e-29
      2.966    19.7898 270.573372     0.0073 4.3911e-03     0.7659    82.5745 1.2015e+00 0.0000e+00  0.0554688    19.7884 271.553925     2.5140      3.024    -2.2448    302.016     8.9822 -9.990e-29
      2.967    19.7896 270.537193     0.0122 7.2565e-03     0.7659    82.5745 1.1465e+00 0.0000e+00  0.0550530    19.7882 271.584374     2.5140      3.025    -2.2271    301.977     8.9822 -9.990e-29
      2.968    19.7898 270.621612     0.0317 1.3549e-02     0.7659    82.5745 1.1538e+00 0.0000e+00  0.0550530    19.7878 271.584376     2.5140      3.027    -2.1392    302.070     8.9823 -9.990e-29
      2.968    19.7898 270.609550     0.0134 1.4917e-02     0.7659    82.5745 1.1538e+00 0.0000e+00  0.0550530    19.7880 271.523477     2.5128      3.027    -2.2168    302.056     8.9764 -9.990e-29
      2.969    19.7898 270.525133     0.0037 5.3382e-03     0.7659    82.5745 1.1136e+00 0.0000e+00  0.0550530    19.7881 271.432133     2.5128      3.028    -2.2645    301.962     8.9759 -9.990e-29
      2.971    19.7900 270.597491     0.0317 1.0000e-12     0.7659    82.5745 1.0476e+00 0.0000e+00  0.0558845    19.7884 271.553925     2.5128      3.030    -2.1406    302.042     8.9763 -9.990e-29
      2.973    19.7900 270.537194     0.0220 1.0000e-12     0.7659    82.5745 1.0147e+00 0.0000e+00  0.0554688    19.7878 271.584376     2.5128      3.032    -2.1789    301.974     8.9769 -9.990e-29
      2.974    19.7896 270.525133     0.0049 1.0000e-12     0.7659    82.5745 1.0293e+00 0.0000e+00  0.0550530    19.7882 271.584374     2.5128      3.033    -2.2567    301.963     8.9768 -9.990e-29
      2.975    19.7898 270.561312     0.0183 1.0000e-12     0.7659    82.5745 1.0513e+00 0.0000e+00  0.0550530    19.7878 271.584374     2.5128      3.034    -2.2004    302.002     8.9769 -9.990e-29
      2.977    19.7897 270.573372     0.0305 1.0000e-12     0.7659    82.5745 1.0769e+00 0.0000e+00  0.0554688    19.7882 271.523477     2.5116      3.036    -2.1436    302.017     8.9715 -9.990e-29
      2.981    19.7900 270.537193     0.0098 7.9032e-03     0.7659    82.5745 1.0879e+00 0.0000e+00  0.0554688    19.7878 271.553926     2.5128      3.040    -2.2329    301.974     8.9770 -9.990e-29
      2.985    19.7900 270.537194     0.0049 1.4917e-02     0.7659    82.5745 1.0806e+00 0.0000e+00  0.0554688    19.7878 271.584376     2.5116      3.044    -2.2595    301.974     8.9717 -9.990e-29
      2.988    19.7898 270.561312     0.0342 1.2533e-02     0.7659    82.5745 1.0549e+00 0.0000e+00  0.0550530    19.7880 271.523478     2.5116      3.047    -2.1296    302.002     8.9721 -9.990e-29
      2.991    19.7900 270.585433     0.0183 2.5207e-03     0.7659    82.5745 1.0440e+00 0.0000e+00  0.0550530    19.7880 271.432135     2.5116      3.050    -2.1951    302.028     8.9726 -9.990e-29
      2.994    19.7900 270.549252     0.0037 1.0000e-12     0.7646    82.6006 1.0513e+00 0.0000e+00  0.0554688    19.7878 271.432133     2.5116      3.053    -2.2630    301.988     8.9731 -9.990e-29
      2.997    19.7898 270.573373     0.0244 1.0000e-12     0.7659    82.5745 1.0403e+00 0.0000e+00  0.0554688    19.7882 271.614824     2.5116      3.056    -2.1731    302.016     8.9735 -9.990e-29
      3.001    19.7897 270.573372     0.0269 1.0000e-12     0.7684    82.5222 1.0586e+00 0.0000e+00  0.0558845    19.7876 271.493030     2.5116      3.060    -2.1584    302.017     8.9746 -9.990e-29
      3.006    19.7896 270.501016     0.0085 1.0000e-12     0.7709    82.4699 1.0733e+00 0.0000e+00  0.0558845    19.7876 271.614824     2.5116      3.065    -2.2389    301.937     8.9751 -9.990e-29
      3.011    19.7894 270.573373     0.0085 7.5476e-05     0.7709    82.4699 1.0733e+00 0.0000e+00  0.0554688    19.7881 271.584375     2.5116      3.070    -2.2436    302.019     8.9756 -9.990e-29
      3.017    19.7893 270.537195     0.0330 3.1407e-03     0.7722    82.4438 1.0659e+00 0.0000e+00  0.0550530    19.7878 271.493031     2.5116      3.076    -2.1341    301.979     8.9766 -9.990e-29
      3.022    19.7894 270.549254     0.0147 4.0772e-03     0.7709    82.4699 1.0476e+00 0.0000e+00  0.0550530    19.7875 271.493031     2.5116      3.082    -2.2113    301.992     8.9773 -9.990e-29
      3.027    19.7893 270.585434     0.0037 2.2121e-03     0.7709    82.4699 1.0293e+00 0.0000e+00  0.0554688    19.7875 271.523480     2.5116      3.087    -2.2640    302.033     8.9778 -9.990e-29
      3.033    19.7893 270.597493     0.0293 1.0000e-12     0.7709    82.4699 1.0183e+00 0.0000e+00  0.0554688    19.7878 271.523479     2.5116      3.093    -2.1514    302.046     8.9787 -9.990e-29
      3.038    19.7894 270.573375     0.0232 1.0000e-12     0.7709    82.4699 1.0000e+00 0.0000e+00  0.0554688    19.7876 271.584377     2.5116      3.098    -2.1738    302.019     8.9798 -9.990e-29
      3.042    19.7894 270.609553     0.0061 2.2121e-03     0.7722    82.4438 1.0440e+00 0.0000e+00  0.0554688    19.7875 271.584376     2.5128      3.102    -2.2504    302.059     8.9857 -9.990e-29
      3.048    19.7893 270.585433     0.0147 1.0527e-02     0.7709    82.4699 1.0696e+00 0.0000e+00  0.0554688    19.7876 271.523479     2.5128      3.108    -2.2161    302.033     8.9867 -9.990e-29
      3.054    19.7894 270.573375     0.0317 1.3890e-02     0.7722    82.4438 1.0513e+00 0.0000e+00  0.0554688    19.7875 271.523481     2.5128      3.114    -2.1389    302.019     8.9877 -9.990e-29
      3.060    19.7894 270.585435     0.0122 5.9741e-03     0.7709    82.4699 1.0147e+00 0.0000e+00  0.0558845    19.7873 271.553929     2.5116      3.120    -2.2224    302.032     8.9833 -9.990e-29
      3.065    19.7894 270.597494     0.0037 7.5476e-05     0.7722    82.4438 9.9634e-01 0.0000e+00  0.0558845    19.7873 271.584378     2.5116      3.125    -2.2652    302.046     8.9838 -9.990e-29
      3.069    19.7893 270.573375     0.0330 1.0000e-12     0.7709    82.4699 9.9267e-01 0.0000e+00  0.0554688    19.7873 271.523481     2.5128      3.130    -2.1356    302.019     8.9897 -9.990e-29
      3.072    19.7894 270.573374     0.0208 1.0000e-12     0.7722    82.4438 9.7802e-01 0.0000e+00  0.0554688    19.7878 271.523480     2.5128      3.133    -2.1845    302.019     8.9901 -9.990e-29
      3.077    19.7893 270.585435     0.0037 1.0000e-12     0.7709    82.4699 9.9267e-01 0.0000e+00  0.0554688    19.7875 271.553929     2.5128      3.138    -2.2622    302.033     8.9906 -9.990e-29
      3.081    19.7891 270.597496     0.0208 1.0000e-12     0.7722    82.4438 1.0183e+00 0.0000e+00  0.0554688    19.7875 271.462586     2.5128      3.142    -2.1892    302.048     8.9916 -9.990e-29
      3.084    19.7893 270.525137     0.0293 1.0000e-12     0.7722    82.4438 1.1978e+00 0.0000e+00  0.0554688    19.7869 271.493033     2.5128      3.145    -2.1483    301.965     8.9921 -9.990e-29
      3.086    19.7891 270.549256     0.0098 1.0000e-12     0.7709    82.4699 1.2674e+00 0.0000e+00  0.0554688    19.7871 271.523481     2.5128      3.147    -2.2326    301.994     8.9920 -9.990e-29
