data/05_metadata_exports/SeabirdData/202310_SeabirdData/88659_STN48-2.cnv
* Sea-Bird SBE 9 Data File:
* FileName = C:\Users\rosette\Rosette Data\2023\Ontario lower food web csmi\STN48-2.hex
* Software Version Seasave V 7.26.6.26
* Temperature SN = 5270
* Conductivity SN = 1168
* Number of Bytes Per Scan = 40
* Number of Voltage Words = 5
* Number of Scans Averaged by the Deck Unit = 1
* NMEA Latitude = 43 52.91 N
* NMEA Longitude = 077 26.36 W
* NMEA UTC (Time) = Sep 26 2023  05:08:46
* NMEA baud rate = 4800
** Ship: Lake Guardian
** Cruise: Ontario LFW
** Station:  STN48-2
# nquan = 18                                
# nvalues = 8177                        
# units = specified
# name 0 = prDM: Pressure, Digiquartz [db]
# name 1 = t090C: Temperature [ITS-90, deg C]
# name 2 = c0uS/cm: Conductivity [uS/cm]
# name 3 = sbeox0V: Oxygen raw, SBE 43 [V]
# name 4 = par: PAR/Irradiance, Biospherical/Licor
# name 5 = bat: Beam Attenuation, Chelsea/Seatech [1/m]
# name 6 = xmiss: Beam Transmission, Chelsea/Seatech [%]
# name 7 = flSP: Fluorescence, Seapoint
# name 8 = spar: SPAR, Biospherical/Licor
# name 9 = upoly0: Upoly 0, Suna Nitrate
# name 10 = t190C: Temperature, 2 [ITS-90, deg C]
# name 11 = c1uS/cm: Conductivity, 2 [uS/cm]
# name 12 = sbeox1V: Oxygen raw, SBE 43, 2 [V]
# name 13 = depFM: Depth [fresh water, m], lat = 43.8818
# name 14 = sbeox0Mg/L: Oxygen, SBE 43 [mg/l], WS = 2
# name 15 = specc: Specific Conductance [uS/cm]
# name 16 = sbeox1Mg/L: Oxygen, SBE 43, 2 [mg/l], WS = 2
# name 17 = flag: flag
# span 0 =     -0.161,      7.176       
# span 1 =    17.1818,    19.7940       
# span 2 =  11.015940, 270.609609       
# span 3 =     0.0037,     0.0342       
# span 4 = 1.0000e-12, 2.6965e+00       
# span 5 =     0.4718,     6.1026       
# span 6 =    21.7480,    88.8741       
# span 7 = 8.7912e-02, 2.4799e+00       
# span 8 = 0.0000e+00, 0.0000e+00       
# span 9 =  0.0413330,  0.0621209       
# span 10 =    17.1527,    19.7948      
# span 11 =   4.819933, 271.736603      
# span 12 =     1.8462,     2.9194      
# span 13 =     -0.164,      7.317      
# span 14 =    -2.3867,    -2.1261      
# span 15 =     12.989,    309.926      
# span 16 =     5.9420,    11.0610      
# span 17 = 0.0000e+00, 0.0000e+00      
# interval = seconds: 0.0416667
# start_time = Sep 26 2023 05:08:46 [NMEA time, header]
# bad_flag = -9.990e-29
*END*
[from data line 4423]
      6.851    19.7840 270.525240     0.0122 1.0000e-12     0.7760    82.3654 1.1245e+00 0.0000e+00  0.0558845    19.7820 271.554033     2.5116      6.986    -2.2236    302.001     8.9896 0.0000e+00
      6.841    19.7837 270.513179     0.0122 1.0000e-12     0.7748    82.3915 1.0916e+00 0.0000e+00  0.0558845    19.7820 271.523583     2.5116      6.976    -2.2322    301.990     8.9892 0.0000e+00
      6.831    19.7838 270.513179     0.0317 1.0000e-12     0.7748    82.3915 1.1319e+00 0.0000e+00  0.0554688    19.7819 271.523583     2.5116      6.966    -2.1398    301.989     8.9888 0.0000e+00
      6.821    19.7840 270.477000     0.0134 1.0000e-12     0.7748    82.3915 1.1758e+00 0.0000e+00  0.0558845    19.7820 271.462687     2.5116      6.955    -2.2181    301.947     8.9884 0.0000e+00
      6.810    19.7838 270.477000     0.0110 1.0000e-12     0.7760    82.3654 1.1575e+00 0.0000e+00  0.0558845    19.7820 271.493135     2.5116      6.944    -2.2369    301.949     8.9880 0.0000e+00
      6.799    19.7838 270.452880     0.0330 1.0000e-12     0.7748    82.3915 1.1575e+00 0.0000e+00  0.0558845    19.7817 271.554030     2.5128      6.933    -2.1342    301.922     8.9930 0.0000e+00
      6.789    19.7840 270.513177     0.0147 1.0000e-12     0.7748    82.3915 1.1245e+00 0.0000e+00  0.0558845    19.7820 271.523582     2.5128      6.923    -2.2118    301.988     8.9925 0.0000e+00
      6.779    19.7838 270.464941     0.0098 1.0000e-12     0.7760    82.3654 1.0916e+00 0.0000e+00  0.0558845    19.7822 271.523583     2.5128      6.913    -2.2413    301.935     8.9920 0.0000e+00
      6.769    19.7838 270.489057     0.0330 1.0000e-12     0.7748    82.3915 1.0769e+00 0.0000e+00  0.0558845    19.7820 271.523581     2.5128      6.902    -2.1345    301.962     8.9915 0.0000e+00
      6.759    19.7838 270.440820     0.0159 1.0000e-12     0.7748    82.3915 1.0440e+00 0.0000e+00  0.0554688    19.7820 271.432237     2.5128      6.892    -2.2060    301.908     8.9910 0.0000e+00
      6.748    19.7838 270.452880     0.0085 1.0000e-12     0.7760    82.3654 1.0073e+00 0.0000e+00  0.0554688    19.7824 271.554030     2.5128      6.881    -2.2458    301.922     8.9904 0.0000e+00
      6.736    19.7840 270.501116     0.0330 1.0000e-12     0.7760    82.3654 1.0513e+00 0.0000e+00  0.0554688    19.7824 271.523580     2.5128      6.869    -2.1347    301.974     8.9899 0.0000e+00
      6.726    19.7841 270.440818     0.0159 1.0000e-12     0.7748    82.3915 1.0842e+00 0.0000e+00  0.0558845    19.7822 271.432236     2.5128      6.859    -2.2056    301.906     8.9894 0.0000e+00
      6.715    19.7838 270.501118     0.0073 1.0000e-12     0.7760    82.3654 1.1209e+00 0.0000e+00  0.0554688    19.7819 271.523582     2.5128      6.847    -2.2502    301.976     8.9888 0.0000e+00
      6.704    19.7838 270.464936     0.0330 1.0000e-12     0.7760    82.3654 1.1722e+00 0.0000e+00  0.0554688    19.7822 271.523579     2.5128      6.836    -2.1346    301.935     8.9886 0.0000e+00
      6.693    19.7838 270.464938     0.0183 1.0000e-12     0.7735    82.4176 1.1978e+00 0.0000e+00  0.0558845    19.7822 271.554028     2.5128      6.825    -2.1941    301.935     8.9884 0.0000e+00
      6.682    19.7838 270.501115     0.0073 1.0000e-12     0.7735    82.4176 1.2088e+00 0.0000e+00  0.0563003    19.7822 271.462682     2.5116      6.814    -2.2493    301.976     8.9832 0.0000e+00
      6.673    19.7840 270.513174     0.0330 1.0000e-12     0.7735    82.4176 1.1978e+00 0.0000e+00  0.0558845    19.7822 271.554027     2.5116      6.805    -2.1345    301.988     8.9833 0.0000e+00
      6.663    19.7838 270.513176     0.0183 1.0000e-12     0.7722    82.4438 1.2344e+00 0.0000e+00  0.0554688    19.7822 271.432236     2.5128      6.794    -2.1936    301.989     8.9884 0.0000e+00
      6.653    19.7839 270.476996     0.0061 1.0000e-12     0.7722    82.4438 1.2198e+00 0.0000e+00  0.0554688    19.7817 271.401787     2.5116      6.784    -2.2534    301.948     8.9832 0.0000e+00
      6.641    19.7838 270.513173     0.0330 1.0000e-12     0.7722    82.4438 1.1795e+00 0.0000e+00  0.0558845    19.7819 271.493129     2.5116      6.772    -2.1344    301.989     8.9833 0.0000e+00
      6.631    19.7837 270.489056     0.0195 1.0000e-12     0.7722    82.4438 1.1722e+00 0.0000e+00  0.0558845    19.7824 271.523578     2.5116      6.762    -2.1875    301.963     8.9833 0.0000e+00
      6.622    19.7837 270.476995     0.0061 1.0000e-12     0.7735    82.4176 1.1722e+00 0.0000e+00  0.0558845    19.7822 271.614922     2.5116      6.753    -2.2521    301.950     8.9834 0.0000e+00
      6.612    19.7839 270.513173     0.0317 1.0000e-12     0.7722    82.4438 1.1868e+00 0.0000e+00  0.0558845    19.7820 271.554026     2.5116      6.742    -2.1403    301.989     8.9838 0.0000e+00
      6.603    19.7838 270.440817     0.0208 1.0000e-12     0.7735    82.4176 1.1795e+00 0.0000e+00  0.0558845    19.7820 271.584475     2.5116      6.733    -2.1816    301.908     8.9843 0.0000e+00
      6.592    19.7837 270.501114     0.0049 1.0000e-12     0.7722    82.4438 1.1905e+00 0.0000e+00  0.0558845    19.7817 271.584474     2.5116      6.722    -2.2569    301.976     8.9847 0.0000e+00
      6.580    19.7839 270.513171     0.0317 1.0000e-12     0.7735    82.4176 1.2381e+00 0.0000e+00  0.0558845    19.7822 271.523576     2.5116      6.710    -2.1410    301.989     8.9850 0.0000e+00
      6.568    19.7838 270.549352     0.0220 1.0000e-12     0.7722    82.4438 1.2564e+00 0.0000e+00  0.0554688    19.7825 271.401785     2.5116      6.697    -2.1766    302.030     8.9852 0.0000e+00
      6.557    19.7838 270.573470     0.0061 1.0000e-12     0.7722    82.4438 1.2381e+00 0.0000e+00  0.0558845    19.7820 271.462679     2.5116      6.686    -2.2512    302.057     8.9856 0.0000e+00
      6.546    19.7837 270.501112     0.0305 1.0000e-12     0.7735    82.4176 1.2344e+00 0.0000e+00  0.0563003    19.7820 271.554024     2.5116      6.675    -2.1470    301.976     8.9858 0.0000e+00
      6.536    19.7839 270.476993     0.0232 1.0000e-12     0.7722    82.4438 1.2161e+00 0.0000e+00  0.0558845    19.7822 271.523576     2.5116      6.665    -2.1713    301.948     8.9864 0.0000e+00
      6.525    19.7838 270.501112     0.0061 1.0000e-12     0.7722    82.4438 1.1832e+00 0.0000e+00  0.0558845    19.7820 271.401783     2.5116      6.654    -2.2508    301.976     8.9875 0.0000e+00
      6.514    19.7837 270.464932     0.0293 1.0000e-12     0.7722    82.4438 1.1758e+00 0.0000e+00  0.0558845    19.7820 271.523574     2.5116      6.642    -2.1527    301.936     8.9881 0.0000e+00
      6.503    19.7836 270.489053     0.0244 1.0000e-12     0.7722    82.4438 1.1392e+00 0.0000e+00  0.0558845    19.7824 271.584472     2.5116      6.631    -2.1665    301.964     8.9886 0.0000e+00
      6.492    19.7840 270.525230     0.0073 1.0000e-12     0.7722    82.4438 1.1245e+00 0.0000e+00  0.0558845    19.7815 271.584471     2.5116      6.620    -2.2452    302.001     8.9898 0.0000e+00
      6.481    19.7837 270.489050     0.0269 1.0000e-12     0.7671    82.5483 1.1429e+00 0.0000e+00  0.0554688    19.7820 271.584470     2.5116      6.609    -2.1638    301.963     8.9902 0.0000e+00
      6.471    19.7838 270.476991     0.0256 1.0000e-12     0.7659    82.5745 1.1465e+00 0.0000e+00  0.0558845    19.7820 271.584471     2.5116      6.599    -2.1617    301.949     8.9911 0.0000e+00
      6.461    19.7841 270.452872     0.0073 1.0000e-12     0.7659    82.5745 1.1429e+00 0.0000e+00  0.0558845    19.7820 271.584471     2.5116      6.588    -2.2454    301.920     8.9916 0.0000e+00
      6.450    19.7838 270.452871     0.0256 1.0000e-12     0.7659    82.5745 1.1429e+00 0.0000e+00  0.0563003    19.7822 271.462676     2.5128      6.577    -2.1704    301.922     8.9979 0.0000e+00
      6.439    19.7838 270.416694     0.0269 1.0000e-12     0.7659    82.5745 1.1429e+00 0.0000e+00  0.0558845    19.7819 271.432230     2.5128      6.566    -2.1569    301.882     8.9983 0.0000e+00
      6.428    19.7841 270.489048     0.0073 1.0000e-12     0.7659    82.5745 1.1209e+00 0.0000e+00  0.0554688    19.7822 271.432227     2.5128      6.555    -2.2456    301.960     8.9987 0.0000e+00
      6.418    19.7840 270.464930     0.0244 1.0000e-12     0.7659    82.5745 1.0842e+00 0.0000e+00  0.0558845    19.7822 271.493124     2.5128      6.545    -2.1763    301.934     8.9990 0.0000e+00
      6.409    19.7838 270.489049     0.0269 1.0000e-12     0.7659    82.5745 1.1136e+00 0.0000e+00  0.0558845    19.7822 271.584469     2.5128      6.535    -2.1571    301.962     8.9994 0.0000e+00
      6.398    19.7838 270.513168     0.0085 1.0000e-12     0.7659    82.5745 1.2161e+00 0.0000e+00  0.0558845    19.7822 271.523573     2.5128      6.524    -2.2401    301.989     8.9997 0.0000e+00
      6.387    19.7839 270.525227     0.0232 1.0000e-12     0.7659    82.5745 1.2711e+00 0.0000e+00  0.0558845    19.7820 271.523571     2.5128      6.513    -2.1825    302.002     9.0000 0.0000e+00
      6.377    19.7838 270.489048     0.0281 1.0000e-12     0.7646    82.6006 1.2454e+00 0.0000e+00  0.0558845    19.7819 271.432227     2.5128      6.503    -2.1527    301.962     9.0002 0.0000e+00
      6.367    19.7838 270.501107     0.0085 1.0000e-12     0.7646    82.6006 1.1978e+00 0.0000e+00  0.0558845    19.7817 271.371331     2.5128      6.493    -2.2407    301.976     9.0004 0.0000e+00
      6.356    19.7838 270.525227     0.0208 1.0000e-12     0.7646    82.6006 1.1795e+00 0.0000e+00  0.0554688    19.7819 271.462675     2.5140      6.481    -2.1940    302.003     9.0059 0.0000e+00
      6.345    19.7837 270.489048     0.0293 1.0000e-12     0.7659    82.5745 1.1612e+00 0.0000e+00  0.0558845    19.7817 271.554020     2.5140      6.470    -2.1488    301.963     9.0060 0.0000e+00
      6.334    19.7838 270.549344     0.0098 1.0000e-12     0.7646    82.6006 1.1465e+00 0.0000e+00  0.0558845    19.7814 271.523571     2.5140      6.459    -2.2355    302.030     9.0060 0.0000e+00
      6.322    19.7837 270.501106     0.0195 1.0000e-12     0.7659    82.5745 1.1392e+00 0.0000e+00  0.0558845    19.7815 271.523570     2.5140      6.447    -2.2006    301.976     9.0060 0.0000e+00
      6.312    19.7838 270.501106     0.0305 1.0000e-12     0.7659    82.5745 1.1465e+00 0.0000e+00  0.0558845    19.7812 271.523571     2.5140      6.436    -2.1440    301.976     9.0059 0.0000e+00
      6.301    19.7837 270.513166     0.0110 1.0000e-12     0.7659    82.5745 1.1575e+00 0.0000e+00  0.0563003    19.7814 271.675812     2.5140      6.425    -2.2300    301.990     9.0057 0.0000e+00
      6.290    19.7835 270.525226     0.0171 1.0000e-12     0.7659    82.5745 1.1575e+00 0.0000e+00  0.0563003    19.7817 271.523570     2.5140      6.414    -2.2110    302.005     9.0055 0.0000e+00
      6.278    19.7836 270.537283     0.0317 1.0000e-12     0.7671    82.5483 1.1722e+00 0.0000e+00  0.0563003    19.7817 271.493120     2.5140      6.402    -2.1389    302.017     9.0052 0.0000e+00
      6.267    19.7837 270.561403     0.0110 1.0000e-12     0.7697    82.4961 1.1832e+00 0.0000e+00  0.0558845    19.7814 271.554017     2.5153      6.391    -2.2298    302.044     9.0108 0.0000e+00
      6.257    19.7835 270.452867     0.0159 1.0000e-12     0.7722    82.4438 1.1941e+00 0.0000e+00  0.0558845    19.7814 271.523569     2.5140      6.380    -2.2164    301.924     9.0046 0.0000e+00
      6.247    19.7837 270.452866     0.0317 1.0000e-12     0.7722    82.4438 1.2161e+00 0.0000e+00  0.0558845    19.7814 271.554017     2.5140      6.370    -2.1397    301.923     9.0042 0.0000e+00
      6.238    19.7834 270.452867     0.0122 1.0000e-12     0.7709    82.4699 1.2527e+00 0.0000e+00  0.0554688    19.7814 271.523569     2.5153      6.361    -2.2245    301.925     9.0096 0.0000e+00
      6.228    19.7837 270.489044     0.0147 1.0000e-12     0.7722    82.4438 1.2454e+00 0.0000e+00  0.0554688    19.7817 271.523568     2.5140      6.351    -2.2214    301.963     9.0031 0.0000e+00
      6.217    19.7835 270.440807     0.0317 1.0000e-12     0.7709    82.4699 1.1941e+00 0.0000e+00  0.0554688    19.7812 271.401777     2.5153      6.340    -2.1401    301.910     9.0085 0.0000e+00
      6.205    19.7835 270.489044     0.0134 1.0000e-12     0.7722    82.4438 1.1795e+00 0.0000e+00  0.0558845    19.7814 271.462671     2.5140      6.327    -2.2189    301.964     9.0020 0.0000e+00
      6.193    19.7832 270.476984     0.0134 1.0000e-12     0.7722    82.4438 1.2344e+00 0.0000e+00  0.0558845    19.7815 271.523567     2.5153      6.315    -2.2267    301.953     9.0071 0.0000e+00
      6.181    19.7835 270.501102     0.0317 1.0000e-12     0.7709    82.4699 1.2930e+00 0.0000e+00  0.0558845    19.7810 271.523566     2.5140      6.303    -2.1404    301.978     9.0011 0.0000e+00
      6.171    19.7833 270.585521     0.0134 1.0000e-12     0.7722    82.4438 1.3114e+00 0.0000e+00  0.0558845    19.7814 271.614912     2.5140      6.293    -2.2188    302.073     9.0007 0.0000e+00
      6.161    19.7832 270.537281     0.0122 1.0000e-12     0.7722    82.4438 1.2821e+00 0.0000e+00  0.0554688    19.7814 271.675808     2.5153      6.282    -2.2320    302.020     9.0061 0.0000e+00
      6.151    19.7833 270.525221     0.0330 1.0000e-12     0.7722    82.4438 1.2821e+00 0.0000e+00  0.0554688    19.7812 271.554014     2.5153      6.272    -2.1350    302.006     9.0053 0.0000e+00
      6.141    19.7831 270.489043     0.0147 1.0000e-12     0.7722    82.4438 1.2564e+00 0.0000e+00  0.0554688    19.7812 271.584463     2.5140      6.262    -2.2130    301.967     8.9986 0.0000e+00
      6.132    19.7831 270.501102     0.0098 1.0000e-12     0.7709    82.4699 1.2308e+00 0.0000e+00  0.0558845    19.7814 271.523566     2.5153      6.253    -2.2424    301.980     9.0035 0.0000e+00
      6.122    19.7832 270.476983     0.0330 1.0000e-12     0.7709    82.4699 1.2344e+00 0.0000e+00  0.0558845    19.7814 271.554014     2.5153      6.243    -2.1352    301.953     9.0026 0.0000e+00
      6.110    19.7831 270.476983     0.0147 1.0000e-12     0.7709    82.4699 1.2418e+00 0.0000e+00  0.0558845    19.7814 271.523566     2.5153      6.230    -2.2128    301.954     9.0017 0.0000e+00
      6.099    19.7831 270.513159     0.0085 1.0000e-12     0.7709    82.4699 1.2418e+00 0.0000e+00  0.0558845    19.7814 271.584459     2.5153      6.219    -2.2479    301.994     9.0008 0.0000e+00
      6.088    19.7827 270.489043     0.0330 1.0000e-12     0.7722    82.4438 1.2051e+00 0.0000e+00  0.0558845    19.7814 271.523566     2.5153      6.208    -2.1361    301.970     9.0002 0.0000e+00
      6.077    19.7821 270.476982     0.0159 1.0000e-12     0.7709    82.4699 1.2161e+00 0.0000e+00  0.0558845    19.7814 271.523564     2.5153      6.197    -2.2077    301.960     8.9997 0.0000e+00
      6.065    19.7818 270.476981     0.0085 1.0000e-12     0.7722    82.4438 1.2418e+00 0.0000e+00  0.0554688    19.7814 271.462667     2.5153      6.185    -2.2473    301.962     8.9992 0.0000e+00
      6.054    19.7818 270.513161     0.0342 1.0000e-12     0.7786    82.3131 1.2198e+00 0.0000e+00  0.0554688    19.7810 271.493117     2.5153      6.173    -2.1306    302.003     8.9987 0.0000e+00
      6.043    19.7813 270.464922     0.0171 1.0000e-12     0.7824    82.2347 1.1832e+00 0.0000e+00  0.0554688    19.7805 271.523564     2.5153      6.162    -2.2014    301.952     8.9983 0.0000e+00
      6.033    19.7818 270.464922     0.0073 1.0000e-12     0.7824    82.2347 1.1905e+00 0.0000e+00  0.0554688    19.7799 271.523564     2.5153      6.152    -2.2512    301.949     8.9978 0.0000e+00
      6.023    19.7819 270.476981     0.0342 1.0000e-12     0.7824    82.2347 1.2308e+00 0.0000e+00  0.0558845    19.7784 271.523566     2.5153      6.142    -2.1302    301.962     8.9976 0.0000e+00
