data/05_metadata_exports/SeabirdData/202310_SeabirdData/88659_STN48-2.cnv
* Sea-Bird SBE 9 Data File:
* FileName = C:\Users\rosette\Rosette Data\2023\Ontario lower food web csmi\STN48-2.hex
* Software Version Seasave V 7.26.6.26
* Temperature SN = 5270
* Conductivity SN = 1168
* Number of Bytes Per Scan = 40
* Number of Voltage Words = 5
* Number of Scans Averaged by the Deck Unit = 1
* NMEA Latitude = 43 52.91 N
* NMEA Longitude = 077 26.36 W
* NMEA UTC (Time) = Sep 26 2023  05:08:46
* NMEA baud rate = 4800
** Ship: Lake Guardian
** Cruise: Ontario LFW
** Station:  STN48-2
# nquan = 18                                
# nvalues = 8177                        
# units = specified
# name 0 = prDM: Pressure, Digiquartz [db]
# name 1 = t090C: Temperature [ITS-90, deg C]
# name 2 = c0uS/cm: Conductivity [uS/cm]
# name 3 = sbeox0V: Oxygen raw, SBE 43 [V]
# name 4 = par: PAR/Irradiance, Biospherical/Licor
# name 5 = bat: Beam Attenuation, Chelsea/Seatech [1/m]
# name 6 = xmiss: Beam Transmission, Chelsea/Seatech [%]
# name 7 = flSP: Fluorescence, Seapoint
# name 8 = spar: SPAR, Biospherical/Licor
# name 9 = upoly0: Upoly 0, Suna Nitrate
# name 10 = t190C: Temperature, 2 [ITS-90, deg C]
# name 11 = c1uS/cm: Conductivity, 2 [uS/cm]
# name 12 = sbeox1V: Oxygen raw, SBE 43, 2 [V]
# name 13 = depFM: Depth [fresh water, m], lat = 43.8818
# name 14 = sbeox0Mg/L: Oxygen, SBE 43 [mg/l], WS = 2
# name 15 = specc: Specific Conductance [uS/cm]
# name 16 = sbeox1Mg/L: Oxygen, SBE 43, 2 [mg/l], WS = 2
# name 17 = flag: flag
# span 0 =     -0.161,      7.176       
# span 1 =    17.1818,    19.7940       
# span 2 =  11.015940, 270.609609       
# span 3 =     0.0037,     0.0342       
# span 4 = 1.0000e-12, 2.6965e+00       
# span 5 =     0.4718,     6.1026       
# span 6 =    21.7480,    88.8741       
# span 7 = 8.7912e-02, 2.4799e+00       
# span 8 = 0.0000e+00, 0.0000e+00       
# span 9 =  0.0413330,  0.0621209       
# span 10 =    17.1527,    19.7948      
# span 11 =   4.819933, 271.736603      
# span 12 =     1.8462,     2.9194      
# span 13 =     -0.164,      7.317      
# span 14 =    -2.3867,    -2.1261      
# span 15 =     12.989,    309.926      
# span 16 =     5.9420,    11.0610      
# span 17 = 0.0000e+00, 0.0000e+00      
# interval = seconds: 0.0416667
# start_time = Sep 26 2023 05:08:46 [NMEA time, header]
# bad_flag = -9.990e-29
*END*
[from data line 5629]
      4.891    19.7800 270.489013     0.0317 1.0000e-12     0.7760    82.3654 1.2527e+00 0.0000e+00  0.0554688    19.7796 271.432190     2.5153      4.987    -2.1414    301.988     8.9933 -9.990e-29
      4.890    19.7800 270.452834     0.0122 1.0000e-12     0.7748    82.3915 1.2601e+00 0.0000e+00  0.0558845    19.7798 271.523534     2.5153      4.986    -2.2289    301.947     8.9930 -9.990e-29
      4.890    19.7801 270.404598     0.0195 1.0000e-12     0.7722    82.4438 1.2821e+00 0.0000e+00  0.0563003    19.7796 271.523536     2.5153      4.986    -2.1905    301.893     8.9928 -9.990e-29
      4.888    19.7803 270.428715     0.0305 1.0000e-12     0.7722    82.4438 1.2894e+00 0.0000e+00  0.0554688    19.7798 271.553983     2.5165      4.984    -2.1470    301.919     8.9971 -9.990e-29
      4.887    19.7802 270.489012     0.0098 1.0000e-12     0.7709    82.4699 1.2747e+00 0.0000e+00  0.0558845    19.7792 271.401742     2.5165      4.983    -2.2379    301.987     8.9970 -9.990e-29
      4.887    19.7803 270.513131     0.0220 1.0000e-12     0.7722    82.4438 1.2418e+00 0.0000e+00  0.0554688    19.7794 271.401742     2.5153      4.983    -2.1790    302.013     8.9906 -9.990e-29
      4.888    19.7803 270.464895     0.0281 1.0000e-12     0.7722    82.4438 1.1905e+00 0.0000e+00  0.0558845    19.7796 271.432192     2.5153      4.984    -2.1587    301.959     8.9896 -9.990e-29
      4.887    19.7800 270.489013     0.0098 1.0000e-12     0.7735    82.4176 1.1245e+00 0.0000e+00  0.0554688    19.7798 271.493086     2.5153      4.983    -2.2372    301.988     8.9891 -9.990e-29
      4.887    19.7803 270.464893     0.0256 1.0000e-12     0.7722    82.4438 1.0769e+00 0.0000e+00  0.0554688    19.7794 271.614879     2.5153      4.983    -2.1635    301.959     8.9887 -9.990e-29
      4.887    19.7801 270.452835     0.0269 1.0000e-12     0.7722    82.4438 1.0733e+00 0.0000e+00  0.0554688    19.7791 271.493088     2.5153      4.983    -2.1647    301.947     8.9884 -9.990e-29
      4.885    19.7802 270.464893     0.0085 1.0000e-12     0.7722    82.4438 1.0842e+00 0.0000e+00  0.0558845    19.7796 271.432190     2.5153      4.981    -2.2418    301.960     8.9880 -9.990e-29
      4.884    19.7805 270.476952     0.0293 1.0000e-12     0.7722    82.4438 1.0623e+00 0.0000e+00  0.0563003    19.7791 271.493086     2.5153      4.980    -2.1468    301.971     8.9878 -9.990e-29
      4.884    19.7803 270.501073     0.0244 1.0000e-12     0.7722    82.4438 1.0623e+00 0.0000e+00  0.0558845    19.7791 271.553985     2.5153      4.980    -2.1757    301.999     8.9876 -9.990e-29
      4.884    19.7805 270.513131     0.0073 1.0000e-12     0.7722    82.4438 1.1209e+00 0.0000e+00  0.0554688    19.7787 271.523535     2.5153      4.980    -2.2456    302.011     8.9875 -9.990e-29
      4.883    19.7805 270.476953     0.0305 1.0000e-12     0.7722    82.4438 1.1355e+00 0.0000e+00  0.0554688    19.7784 271.614880     2.5153      4.979    -2.1416    301.971     8.9874 -9.990e-29
      4.883    19.7803 270.476953     0.0220 1.0000e-12     0.7735    82.4176 1.1136e+00 0.0000e+00  0.0558845    19.7786 271.493087     2.5153      4.979    -2.1867    301.972     8.9873 -9.990e-29
      4.885    19.7805 270.452834     0.0073 1.0000e-12     0.7735    82.4176 1.1429e+00 0.0000e+00  0.0558845    19.7784 271.432191     2.5153      4.981    -2.2449    301.944     8.9870 -9.990e-29
      4.886    19.7805 270.489014     0.0317 1.0000e-12     0.7735    82.4176 1.1978e+00 0.0000e+00  0.0558845    19.7782 271.614882     2.5153      4.982    -2.1367    301.985     8.9870 -9.990e-29
      4.886    19.7805 270.464893     0.0195 1.0000e-12     0.7722    82.4438 1.2564e+00 0.0000e+00  0.0558845    19.7786 271.493087     2.5153      4.982    -2.1978    301.958     8.9870 -9.990e-29
      4.886    19.7803 270.452834     0.0085 1.0000e-12     0.7722    82.4438 1.2967e+00 0.0000e+00  0.0558845    19.7787 271.371295     2.5153      4.982    -2.2392    301.945     8.9867 -9.990e-29
      4.888    19.7805 270.416655     0.0330 1.0000e-12     0.7722    82.4438 1.2967e+00 0.0000e+00  0.0558845    19.7786 271.462639     2.5153      4.984    -2.1321    301.904     8.9869 -9.990e-29
      4.889    19.7803 270.416657     0.0183 1.0000e-12     0.7735    82.4176 1.2711e+00 0.0000e+00  0.0554688    19.7791 271.432192     2.5153      4.985    -2.2034    301.905     8.9866 -9.990e-29
      4.890    19.7805 270.440774     0.0098 1.0000e-12     0.7760    82.3654 1.2344e+00 0.0000e+00  0.0554688    19.7789 271.493087     2.5153      4.986    -2.2331    301.931     8.9869 -9.990e-29
      4.891    19.7805 270.416655     0.0330 1.0000e-12     0.7773    82.3392 1.2198e+00 0.0000e+00  0.0554688    19.7784 271.553984     2.5140      4.987    -2.1329    301.904     8.9810 -9.990e-29
      4.893    19.7808 270.392538     0.0159 1.0000e-12     0.7773    82.3392 1.2125e+00 0.0000e+00  0.0554688    19.7787 271.523537     2.5140      4.989    -2.2137    301.875     8.9813 -9.990e-29
      4.894    19.7807 270.476953     0.0122 1.0000e-12     0.7786    82.3131 1.2271e+00 0.0000e+00  0.0554688    19.7791 271.614880     2.5140      4.990    -2.2226    301.970     8.9811 -9.990e-29
      4.894    19.7808 270.513131     0.0330 1.0000e-12     0.7786    82.3131 1.2784e+00 0.0000e+00  0.0558845    19.7782 271.493088     2.5140      4.990    -2.1341    302.009     8.9817 -9.990e-29
      4.895    19.7808 270.476954     0.0147 1.0000e-12     0.7786    82.3131 1.3260e+00 0.0000e+00  0.0563003    19.7782 271.493089     2.5128      4.992    -2.2182    301.969     8.9763 -9.990e-29
      4.895    19.7812 270.476952     0.0147 1.0000e-12     0.7773    82.3392 1.3590e+00 0.0000e+00  0.0558845    19.7787 271.401743     2.5140      4.992    -2.2111    301.966     8.9825 -9.990e-29
      4.896    19.7812 270.476952     0.0317 1.0000e-12     0.7786    82.3131 1.3883e+00 0.0000e+00  0.0554688    19.7786 271.523535     2.5128      4.993    -2.1409    301.966     8.9780 -9.990e-29
      4.898    19.7810 270.404597     0.0122 1.0000e-12     0.7786    82.3131 1.3956e+00 0.0000e+00  0.0554688    19.7786 271.462641     2.5128      4.995    -2.2288    301.887     8.9785 -9.990e-29
      4.899    19.7807 270.452833     0.0183 1.0000e-12     0.7786    82.3131 1.3883e+00 0.0000e+00  0.0554688    19.7787 271.432191     2.5128      4.996    -2.1956    301.943     8.9790 -9.990e-29
      4.901    19.7806 270.513133     0.0305 1.0000e-12     0.7773    82.3392 1.3736e+00 0.0000e+00  0.0558845    19.7784 271.614882     2.5128      4.998    -2.1468    302.011     8.9796 -9.990e-29
      4.902    19.7803 270.489012     0.0110 1.0000e-12     0.7773    82.3392 1.3736e+00 0.0000e+00  0.0554688    19.7787 271.706225     2.5128      4.999    -2.2329    301.986     8.9801 -9.990e-29
      4.903    19.7800 270.476955     0.0220 1.0000e-12     0.7773    82.3392 1.3956e+00 0.0000e+00  0.0554688    19.7787 271.553985     2.5128      5.000    -2.1789    301.974     8.9807 -9.990e-29
      4.905    19.7796 270.476953     0.0293 1.0000e-12     0.7773    82.3392 1.4359e+00 0.0000e+00  0.0558845    19.7786 271.523535     2.5128      5.002    -2.1529    301.977     8.9813 -9.990e-29
      4.907    19.7795 270.501074     0.0098 1.0000e-12     0.7786    82.3131 1.4652e+00 0.0000e+00  0.0554688    19.7787 271.432193     2.5128      5.004    -2.2367    302.005     8.9823 -9.990e-29
      4.908    19.7795 270.440777     0.0256 1.0000e-12     0.7786    82.3131 1.4615e+00 0.0000e+00  0.0554688    19.7787 271.523537     2.5128      5.005    -2.1626    301.937     8.9830 -9.990e-29
      4.908    19.7791 270.452835     0.0269 1.0000e-12     0.7773    82.3392 1.4396e+00 0.0000e+00  0.0554688    19.7784 271.493088     2.5128      5.005    -2.1637    301.954     8.9837 -9.990e-29
      4.908    19.7789 270.476956     0.0073 1.0000e-12     0.7773    82.3392 1.3956e+00 0.0000e+00  0.0554688    19.7787 271.493089     2.5128      5.005    -2.2464    301.982     8.9847 -9.990e-29
      4.908    19.7789 270.513133     0.0281 1.0000e-12     0.7773    82.3392 1.3553e+00 0.0000e+00  0.0558845    19.7786 271.432191     2.5128      5.005    -2.1518    302.022     8.9858 -9.990e-29
      4.908    19.7791 270.464896     0.0244 1.0000e-12     0.7773    82.3392 1.3443e+00 0.0000e+00  0.0558845    19.7784 271.432193     2.5128      5.005    -2.1754    301.967     8.9870 -9.990e-29
      4.909    19.7793 270.464894     0.0073 1.0000e-12     0.7748    82.3915 1.3590e+00 0.0000e+00  0.0558845    19.7784 271.432191     2.5128      5.006    -2.2456    301.966     8.9881 -9.990e-29
      4.910    19.7796 270.452836     0.0305 1.0000e-12     0.7722    82.4438 1.3883e+00 0.0000e+00  0.0558845    19.7784 271.493089     2.5128      5.007    -2.1416    301.950     8.9892 -9.990e-29
      4.911    19.7796 270.452836     0.0220 1.0000e-12     0.7709    82.4699 1.4103e+00 0.0000e+00  0.0554688    19.7780 271.432193     2.5128      5.008    -2.1867    301.950     8.9903 -9.990e-29
      4.912    19.7796 270.513132     0.0073 1.0000e-12     0.7722    82.4438 1.4066e+00 0.0000e+00  0.0554688    19.7771 271.432192     2.5128      5.009    -2.2448    302.018     8.9911 -9.990e-29
      4.913    19.7792 270.489015     0.0330 1.0000e-12     0.7722    82.4438 1.3810e+00 0.0000e+00  0.0554688    19.7770 271.493090     2.5128      5.010    -2.1310    301.993     8.9923 -9.990e-29
      4.914    19.7795 270.476955     0.0208 1.0000e-12     0.7722    82.4438 1.3516e+00 0.0000e+00  0.0554688    19.7765 271.523539     2.5128      5.011    -2.1920    301.978     8.9930 -9.990e-29
      4.914    19.7796 270.428717     0.0073 1.0000e-12     0.7709    82.4699 1.3590e+00 0.0000e+00  0.0554688    19.7761 271.523539     2.5140      5.011    -2.2445    301.923     8.9987 -9.990e-29
      4.913    19.7796 270.452834     0.0330 1.0000e-12     0.7722    82.4438 1.3956e+00 0.0000e+00  0.0554688    19.7766 271.401745     2.5128      5.010    -2.1321    301.950     8.9935 -9.990e-29
      4.914    19.7798 270.452836     0.0183 1.0000e-12     0.7709    82.4699 1.4139e+00 0.0000e+00  0.0558845    19.7771 271.462642     2.5140      5.011    -2.2034    301.949     8.9990 -9.990e-29
      4.914    19.7796 270.452836     0.0098 1.0000e-12     0.7722    82.4438 1.4029e+00 0.0000e+00  0.0563003    19.7770 271.432194     2.5128      5.011    -2.2335    301.950     8.9939 -9.990e-29
      4.913    19.7798 270.464894     0.0330 1.0000e-12     0.7722    82.4438 1.3516e+00 0.0000e+00  0.0563003    19.7775 271.340849     2.5140      5.010    -2.1328    301.962     8.9990 -9.990e-29
      4.913    19.7798 270.501074     0.0159 1.0000e-12     0.7722    82.4438 1.2967e+00 0.0000e+00  0.0558845    19.7778 271.401745     2.5140      5.010    -2.2136    302.003     8.9991 -9.990e-29
      4.913    19.7796 270.464894     0.0122 1.0000e-12     0.7722    82.4438 1.3114e+00 0.0000e+00  0.0558845    19.7771 271.432192     2.5140      5.010    -2.2225    301.964     8.9990 -9.990e-29
      4.914    19.7798 270.489014     0.0330 1.0000e-12     0.7722    82.4438 1.3480e+00 0.0000e+00  0.0554688    19.7771 271.614883     2.5140      5.011    -2.1340    301.989     8.9988 -9.990e-29
      4.915    19.7796 270.476955     0.0147 1.0000e-12     0.7722    82.4438 1.3516e+00 0.0000e+00  0.0554688    19.7773 271.553986     2.5140      5.012    -2.2185    301.977     8.9985 -9.990e-29
      4.914    19.7796 270.501074     0.0147 1.0000e-12     0.7735    82.4176 1.3883e+00 0.0000e+00  0.0554688    19.7771 271.340850     2.5140      5.011    -2.2112    302.004     8.9983 -9.990e-29
      4.913    19.7798 270.416656     0.0317 1.0000e-12     0.7722    82.4438 1.5678e+00 0.0000e+00  0.0554688    19.7777 271.462640     2.5140      5.010    -2.1405    301.908     8.9979 -9.990e-29
      4.913    19.7800 270.452836     0.0122 1.0000e-12     0.7722    82.4438 1.7729e+00 0.0000e+00  0.0558845    19.7773 271.584435     2.5140      5.010    -2.2284    301.947     8.9977 -9.990e-29
      4.913    19.7800 270.476955     0.0183 1.0000e-12     0.7722    82.4438 1.8095e+00 0.0000e+00  0.0558845    19.7770 271.432194     2.5153      5.010    -2.1949    301.974     9.0032 -9.990e-29
      4.913    19.7801 270.501072     0.0305 1.0000e-12     0.7722    82.4438 1.6996e+00 0.0000e+00  0.0558845    19.7777 271.523536     2.5140      5.010    -2.1461    302.001     8.9969 -9.990e-29
      4.914    19.7800 270.476955     0.0110 1.0000e-12     0.7748    82.3915 1.5714e+00 0.0000e+00  0.0558845    19.7773 271.462642     2.5140      5.011    -2.2318    301.974     8.9967 -9.990e-29
      4.914    19.7800 270.501074     0.0220 1.0000e-12     0.7760    82.3654 1.4799e+00 0.0000e+00  0.0554688    19.7775 271.432194     2.5153      5.011    -2.1778    302.001     9.0021 -9.990e-29
      4.913    19.7802 270.525193     0.0281 1.0000e-12     0.7773    82.3392 1.4103e+00 0.0000e+00  0.0558845    19.7773 271.493090     2.5153      5.010    -2.1574    302.027     9.0017 -9.990e-29
      4.912    19.7803 270.489012     0.0098 1.0000e-12     0.7760    82.3654 1.3480e+00 0.0000e+00  0.0558845    19.7778 271.523536     2.5153      5.009    -2.2363    301.986     9.0012 -9.990e-29
      4.912    19.7805 270.513132     0.0256 1.0000e-12     0.7773    82.3392 1.2967e+00 0.0000e+00  0.0554688    19.7773 271.432193     2.5153      5.009    -2.1623    302.011     9.0009 -9.990e-29
      4.914    19.7803 270.513133     0.0269 1.0000e-12     0.7773    82.3392 1.2674e+00 0.0000e+00  0.0558845    19.7780 271.553986     2.5153      5.011    -2.1638    302.013     9.0003 -9.990e-29
      4.915    19.7807 270.525192     0.0073 1.0000e-12     0.7760    82.3654 1.2601e+00 0.0000e+00  0.0558845    19.7778 271.584434     2.5153      5.012    -2.2466    302.024     8.9999 -9.990e-29
      4.914    19.7803 270.489014     0.0293 1.0000e-12     0.7773    82.3392 1.2784e+00 0.0000e+00  0.0554688    19.7782 271.523537     2.5140      5.011    -2.1467    301.986     8.9935 -9.990e-29
      4.913    19.7800 270.476953     0.0244 1.0000e-12     0.7773    82.3392 1.3333e+00 0.0000e+00  0.0554688    19.7782 271.462639     2.5153      5.010    -2.1756    301.974     8.9989 -9.990e-29
      4.914    19.7798 270.476955     0.0073 1.0000e-12     0.7773    82.3392 1.4029e+00 0.0000e+00  0.0558845    19.7787 271.553985     2.5140      5.011    -2.2454    301.976     8.9924 -9.990e-29
      4.914    19.7801 270.476955     0.0305 1.0000e-12     0.7760    82.3654 1.4286e+00 0.0000e+00  0.0558845    19.7787 271.401745     2.5140      5.011    -2.1410    301.974     8.9919 -9.990e-29
      4.914    19.7800 270.452834     0.0220 1.0000e-12     0.7760    82.3654 1.3956e+00 0.0000e+00  0.0558845    19.7791 271.584431     2.5140      5.011    -2.1862    301.947     8.9917 -9.990e-29
      4.914    19.7803 270.416657     0.0073 1.0000e-12     0.7773    82.3392 1.3443e+00 0.0000e+00  0.0554688    19.7787 271.553985     2.5140      5.011    -2.2443    301.905     8.9913 -9.990e-29
      4.915    19.7807 270.452835     0.0317 1.0000e-12     0.7760    82.3654 1.3150e+00 0.0000e+00  0.0554688    19.7789 271.523537     2.5140      5.012    -2.1362    301.943     8.9915 -9.990e-29
      4.916    19.7808 270.452833     0.0208 1.0000e-12     0.7773    82.3392 1.3040e+00 0.0000e+00  0.0554688    19.7787 271.553984     2.5140      5.013    -2.1919    301.942     8.9910 -9.990e-29
      4.917    19.7805 270.464895     0.0085 1.0000e-12     0.7760    82.3654 1.3004e+00 0.0000e+00  0.0554688    19.7789 271.401744     2.5140      5.014    -2.2391    301.958     8.9913 -9.990e-29
      4.919    19.7802 270.501074     0.0330 1.0000e-12     0.7773    82.3392 1.2784e+00 0.0000e+00  0.0554688    19.7787 271.401745     2.5140      5.016    -2.1320    302.000     8.9911 -9.990e-29
