data/05_metadata_exports/SeabirdData/202310_SeabirdData/88666_STN43.cnv
* Sea-Bird SBE 9 Data File:
* FileName = C:\Users\rosette\Rosette Data\2023\Ontario lower food web csmi\STN43.hex
* Software Version Seasave V 7.26.6.26
* Temperature SN = 5270
* Conductivity SN = 1168
* Number of Bytes Per Scan = 40
* Number of Voltage Words = 5
* Number of Scans Averaged by the Deck Unit = 1
* NMEA Latitude = 43 57.01 N
* NMEA Longitude = 078 03.03 W
* NMEA UTC (Time) = Sep 26 2023  07:46:55
* NMEA baud rate = 4800
** Ship: Lake Guardian
** Cruise: Ontario LFW
** Station:  STN43
# nquan = 18                                
# nvalues = 16645                       
# units = specified
# name 0 = prDM: Pressure, Digiquartz [db]
# name 1 = t090C: Temperature [ITS-90, deg C]
# name 2 = c0uS/cm: Conductivity [uS/cm]
# name 3 = sbeox0V: Oxygen raw, SBE 43 [V]
# name 4 = par: PAR/Irradiance, Biospherical/Licor
# name 5 = bat: Beam Attenuation, Chelsea/Seatech [1/m]
# name 6 = xmiss: Beam Transmission, Chelsea/Seatech [%]
# name 7 = flSP: Fluorescence, Seapoint
# name 8 = spar: SPAR, Biospherical/Licor
# name 9 = upoly0: Upoly 0, Suna Nitrate
# name 10 = t190C: Temperature, 2 [ITS-90, deg C]
# name 11 = c1uS/cm: Conductivity, 2 [uS/cm]
# name 12 = sbeox1V: Oxygen raw, SBE 43, 2 [V]
# name 13 = depFM: Depth [fresh water, m], lat = 43.9502
# name 14 = sbeox0Mg/L: Oxygen, SBE 43 [mg/l], WS = 2
# name 15 = specc: Specific Conductance [uS/cm]
# name 16 = sbeox1Mg/L: Oxygen, SBE 43, 2 [mg/l], WS = 2
# name 17 = flag: flag
# span 0 =     -0.103,     15.318       
# span 1 =    17.9105,    19.5104       
# span 2 =   6.419671, 355.130038       
# span 3 =     0.0000,     0.0354       
# span 4 = 1.0000e-12, 3.0926e+00       
# span 5 =     0.2100,     2.4548       
# span 6 =    54.1348,    94.8862       
# span 7 = 9.8901e-02, 6.0806e+00       
# span 8 = 0.0000e+00, 0.0000e+00       
# span 9 =  0.0413330,  0.0625367       
# span 10 =    16.9338,    19.4978      
# span 11 =  10.173121, 269.696911      
# span 12 =     1.8059,     2.7924      
# span 13 =     -0.105,     15.620      
# span 14 =    -2.3711,    -2.1349      
# span 15 =      7.475,    412.043      
# span 16 =     5.8213,    10.5581      
# span 17 = 0.0000e+00, 0.0000e+00      
# interval = seconds: 0.0416667
# start_time = Sep 26 2023 07:46:55 [NMEA time, header]
# bad_flag = -9.990e-29
*END*
[from data line 8202]
     15.245    19.4758 268.463773     0.0269 1.0000e-12     0.9393    79.0718 1.3773e+00 0.0000e+00  0.0558845    19.4726 269.453693     2.5507     15.546    -2.1781    301.777     9.2250 -9.990e-29
     15.246    19.4758 268.391434     0.0256 1.0000e-12     0.9393    79.0718 1.3480e+00 0.0000e+00  0.0558845    19.4731 269.423248     2.5507     15.547    -2.1816    301.696     9.2249 -9.990e-29
     15.246    19.4758 268.367320     0.0073 1.0000e-12     0.9393    79.0718 1.2857e+00 0.0000e+00  0.0554688    19.4733 269.423247     2.5507     15.547    -2.2604    301.669     9.2248 -9.990e-29
     15.246    19.4758 268.439660     0.0012 1.0000e-12     0.9393    79.0718 1.3004e+00 0.0000e+00  0.0550530    19.4735 269.331912     2.5507     15.547    -2.2926    301.750     9.2248 -9.990e-29
     15.245    19.4759 268.463773     0.0195 1.0000e-12     0.9406    79.0457 1.3626e+00 0.0000e+00  0.0554688    19.4740 269.423246     2.5507     15.546    -2.2106    301.776     9.2251 -9.990e-29
     15.245    19.4763 268.415546     0.0305 1.0000e-12     0.9406    79.0457 1.3260e+00 0.0000e+00  0.0558845    19.4740 269.423246     2.5507     15.546    -2.1607    301.719     9.2252 -9.990e-29
     15.246    19.4765 268.403489     0.0098 1.0000e-12     0.9379    79.0979 1.2271e+00 0.0000e+00  0.0558845    19.4738 269.423246     2.5507     15.547    -2.2489    301.705     9.2257 -9.990e-29
     15.248    19.4765 268.415547     0.0012 1.0000e-12     0.9379    79.0979 1.1868e+00 0.0000e+00  0.0554688    19.4742 269.423247     2.5507     15.549    -2.2910    301.718     9.2256 -9.990e-29
     15.248    19.4765 268.403489     0.0098 1.0000e-12     0.9393    79.0718 1.1978e+00 0.0000e+00  0.0554688    19.4742 269.423246     2.5507     15.549    -2.2540    301.705     9.2256 -9.990e-29
     15.248    19.4768 268.403489     0.0330 1.0000e-12     0.9393    79.0718 1.1795e+00 0.0000e+00  0.0554688    19.4744 269.362355     2.5507     15.549    -2.1504    301.703     9.2256 -9.990e-29
     15.249    19.4765 268.367320     0.0147 1.0000e-12     0.9393    79.0718 1.2198e+00 0.0000e+00  0.0554688    19.4745 269.484137     2.5507     15.550    -2.2271    301.664     9.2257 -9.990e-29
     15.250    19.4765 268.475830     0.0024 1.0000e-12     0.9393    79.0718 1.3297e+00 0.0000e+00  0.0554688    19.4742 269.392801     2.5507     15.551    -2.2840    301.786     9.2262 -9.990e-29
     15.251    19.4765 268.379377     0.0049 1.0000e-12     0.9393    79.0718 1.3297e+00 0.0000e+00  0.0554688    19.4744 269.392802     2.5507     15.552    -2.2760    301.677     9.2262 -9.990e-29
     15.252    19.4766 268.379376     0.0342 1.0000e-12     0.9393    79.0718 1.2930e+00 0.0000e+00  0.0554688    19.4745 269.423246     2.5507     15.553    -2.1441    301.677     9.2262 -9.990e-29
     15.252    19.4766 268.415547     0.0183 1.0000e-12     0.9393    79.0718 1.2344e+00 0.0000e+00  0.0554688    19.4749 269.453692     2.5507     15.553    -2.2109    301.717     9.2265 -9.990e-29
     15.251    19.4766 268.403489     0.0049 1.0000e-12     0.9393    79.0718 1.1538e+00 0.0000e+00  0.0550530    19.4751 269.453691     2.5507     15.552    -2.2708    301.704     9.2265 -9.990e-29
     15.250    19.4765 268.403489     0.0012 1.0000e-12     0.9379    79.0979 1.1245e+00 0.0000e+00  0.0554688    19.4751 269.423245     2.5507     15.551    -2.2923    301.705     9.2265 -9.990e-29
     15.251    19.4766 268.415546     0.0293 1.0000e-12     0.9393    79.0718 1.1355e+00 0.0000e+00  0.0558845    19.4751 269.331910     2.5507     15.552    -2.1655    301.717     9.2265 -9.990e-29
     15.252    19.4765 268.403489     0.0232 1.0000e-12     0.9406    79.0457 1.1099e+00 0.0000e+00  0.0554688    19.4751 269.423245     2.5495     15.553    -2.1899    301.705     9.2210 -9.990e-29
     15.253    19.4765 268.367320     0.0061 1.0000e-12     0.9406    79.0457 1.0659e+00 0.0000e+00  0.0550530    19.4752 269.453692     2.5507     15.554    -2.2650    301.664     9.2265 -9.990e-29
     15.253    19.4765 268.403489     0.0000 1.0000e-12     0.9379    79.0979 1.0366e+00 0.0000e+00  0.0554688    19.4746 269.453691     2.5495     15.554    -2.2980    301.705     9.2211 -9.990e-29
     15.254    19.4766 268.379376     0.0244 1.0000e-12     0.9393    79.0718 1.0769e+00 0.0000e+00  0.0558845    19.4744 269.362355     2.5507     15.555    -2.1885    301.677     9.2266 -9.990e-29
     15.256    19.4765 268.391434     0.0281 1.0000e-12     0.9366    79.1241 1.1575e+00 0.0000e+00  0.0558845    19.4751 269.331911     2.5507     15.557    -2.1707    301.691     9.2265 -9.990e-29
     15.257    19.4766 268.331149     0.0085 1.0000e-12     0.9366    79.1241 1.2161e+00 0.0000e+00  0.0558845    19.4746 269.453691     2.5507     15.558    -2.2548    301.623     9.2266 -9.990e-29
     15.258    19.4765 268.415546     0.0024 1.0000e-12     0.9366    79.1241 1.2930e+00 0.0000e+00  0.0554688    19.4749 269.484137     2.5507     15.559    -2.2863    301.718     9.2265 -9.990e-29
     15.260    19.4766 268.427604     0.0159 1.0000e-12     0.9366    79.1241 1.3150e+00 0.0000e+00  0.0554688    19.4749 269.484137     2.5507     15.561    -2.2264    301.731     9.2265 -9.990e-29
     15.261    19.4766 268.391432     0.0317 1.0000e-12     0.9366    79.1241 1.3004e+00 0.0000e+00  0.0558845    19.4751 269.484136     2.5507     15.562    -2.1556    301.690     9.2265 -9.990e-29
     15.262    19.4763 268.439661     0.0122 1.0000e-12     0.9366    79.1241 1.2967e+00 0.0000e+00  0.0558845    19.4747 269.514583     2.5507     15.563    -2.2382    301.747     9.2266 -9.990e-29
     15.264    19.4766 268.463773     0.0024 1.0000e-12     0.9366    79.1241 1.2967e+00 0.0000e+00  0.0558845    19.4749 269.545027     2.5507     15.565    -2.2849    301.772     9.2265 -9.990e-29
     15.266    19.4765 268.415547     0.0073 1.0000e-12     0.9379    79.0979 1.3114e+00 0.0000e+00  0.0554688    19.4749 269.362356     2.5507     15.567    -2.2651    301.718     9.2265 -9.990e-29
     15.267    19.4770 268.403490     0.0342 1.0000e-12     0.9379    79.0979 1.4396e+00 0.0000e+00  0.0550530    19.4749 269.331911     2.5507     15.568    -2.1447    301.701     9.2265 -9.990e-29
     15.267    19.4766 268.415546     0.0159 1.0000e-12     0.9353    79.1502 1.5531e+00 0.0000e+00  0.0550530    19.4747 269.453691     2.5507     15.568    -2.2219    301.717     9.2266 -9.990e-29
     15.267    19.4768 268.403490     0.0024 1.0000e-12     0.9353    79.1502 1.4835e+00 0.0000e+00  0.0554688    19.4747 269.423247     2.5507     15.568    -2.2838    301.703     9.2266 -9.990e-29
     15.267    19.4766 268.367319     0.0024 1.0000e-12     0.9366    79.1241 1.3553e+00 0.0000e+00  0.0558845    19.4745 269.331910     2.5507     15.568    -2.2882    301.663     9.2266 -9.990e-29
     15.268    19.4768 268.439660     0.0330 1.0000e-12     0.9366    79.1241 1.2234e+00 0.0000e+00  0.0558845    19.4744 269.514583     2.5507     15.569    -2.1507    301.743     9.2266 -9.990e-29
     15.268    19.4766 268.415547     0.0208 1.0000e-12     0.9366    79.1241 1.1062e+00 0.0000e+00  0.0554688    19.4742 269.453693     2.5519     15.569    -2.2012    301.717     9.2317 -9.990e-29
     15.268    19.4768 268.415545     0.0049 1.0000e-12     0.9366    79.1241 1.0476e+00 0.0000e+00  0.0554688    19.4745 269.301465     2.5507     15.569    -2.2718    301.716     9.2258 -9.990e-29
     15.270    19.4768 268.403489     0.0012 1.0000e-12     0.9366    79.1241 1.0037e+00 0.0000e+00  0.0558845    19.4747 269.453691     2.5507     15.571    -2.2938    301.703     9.2254 -9.990e-29
     15.272    19.4763 268.367321     0.0281 1.0000e-12     0.9366    79.1241 9.9634e-01 0.0000e+00  0.0558845    19.4749 269.362356     2.5519     15.573    -2.1725    301.665     9.2304 -9.990e-29
     15.273    19.4758 268.343208     0.0256 1.0000e-12     0.9366    79.1241 1.1026e+00 0.0000e+00  0.0554688    19.4749 269.392802     2.5507     15.574    -2.1811    301.642     9.2246 -9.990e-29
     15.274    19.4756 268.343208     0.0073 1.0000e-12     0.9366    79.1241 1.1905e+00 0.0000e+00  0.0554688    19.4749 269.423247     2.5507     15.575    -2.2603    301.643     9.2243 -9.990e-29
     15.273    19.4751 268.403492     0.0012 1.0000e-12     0.9379    79.0979 1.1941e+00 0.0000e+00  0.0554688    19.4752 269.484137     2.5507     15.574    -2.2930    301.714     9.2239 -9.990e-29
     15.272    19.4754 268.391433     0.0208 1.0000e-12     0.9393    79.0718 1.2161e+00 0.0000e+00  0.0554688    19.4751 269.484136     2.5507     15.573    -2.2053    301.699     9.2236 -9.990e-29
     15.272    19.4754 268.415548     0.0293 1.0000e-12     0.9393    79.0718 1.2564e+00 0.0000e+00  0.0554688    19.4749 269.362356     2.5507     15.573    -2.1662    301.726     9.2230 -9.990e-29
     15.273    19.4759 268.379377     0.0098 1.0000e-12     0.9393    79.0718 1.2967e+00 0.0000e+00  0.0554688    19.4751 269.423246     2.5507     15.574    -2.2492    301.682     9.2226 -9.990e-29
     15.274    19.4763 268.367321     0.0012 1.0000e-12     0.9379    79.0979 1.3077e+00 0.0000e+00  0.0558845    19.4752 269.453692     2.5507     15.575    -2.2921    301.665     9.2219 -9.990e-29
     15.275    19.4763 268.403491     0.0122 1.0000e-12     0.9393    79.0718 1.3223e+00 0.0000e+00  0.0558845    19.4751 269.453692     2.5507     15.576    -2.2442    301.706     9.2217 -9.990e-29
     15.275    19.4765 268.451717     0.0330 1.0000e-12     0.9393    79.0718 1.4286e+00 0.0000e+00  0.0554688    19.4745 269.484138     2.5507     15.576    -2.1509    301.759     9.2211 -9.990e-29
     15.273    19.4765 268.415547     0.0147 1.0000e-12     0.9393    79.0718 1.4432e+00 0.0000e+00  0.0554688    19.4740 269.423248     2.5507     15.574    -2.2281    301.718     9.2205 -9.990e-29
     15.272    19.4765 268.415546     0.0024 1.0000e-12     0.9393    79.0718 1.3626e+00 0.0000e+00  0.0558845    19.4744 269.423246     2.5507     15.573    -2.2851    301.718     9.2198 -9.990e-29
     15.271    19.4766 268.451717     0.0049 1.0000e-12     0.9393    79.0718 1.2821e+00 0.0000e+00  0.0554688    19.4744 269.453693     2.5507     15.572    -2.2768    301.758     9.2192 -9.990e-29
     15.271    19.4763 268.427603     0.0342 1.0000e-12     0.9379    79.0979 1.2271e+00 0.0000e+00  0.0550530    19.4747 269.484137     2.5507     15.572    -2.1455    301.733     9.2186 -9.990e-29
     15.272    19.4763 268.355264     0.0183 1.0000e-12     0.9379    79.0979 1.2015e+00 0.0000e+00  0.0554688    19.4749 269.453692     2.5507     15.573    -2.2116    301.652     9.2176 -9.990e-29
     15.271    19.4756 268.379378     0.0037 1.0000e-12     0.9393    79.0718 1.1795e+00 0.0000e+00  0.0554688    19.4749 269.453692     2.5507     15.572    -2.2773    301.684     9.2167 -9.990e-29
     15.270    19.4759 268.367319     0.0012 1.0000e-12     0.9393    79.0718 1.1465e+00 0.0000e+00  0.0558845    19.4749 269.484136     2.5507     15.571    -2.2936    301.668     9.2159 -9.990e-29
     15.271    19.4758 268.367321     0.0317 1.0000e-12     0.9393    79.0718 1.0989e+00 0.0000e+00  0.0554688    19.4752 269.301466     2.5507     15.572    -2.1562    301.669     9.2151 -9.990e-29
     15.271    19.4756 268.367321     0.0220 1.0000e-12     0.9393    79.0718 1.0440e+00 0.0000e+00  0.0554688    19.4751 269.453692     2.5507     15.572    -2.1960    301.670     9.2144 -9.990e-29
     15.270    19.4759 268.403491     0.0061 1.0000e-12     0.9393    79.0718 1.0403e+00 0.0000e+00  0.0554688    19.4753 269.514583     2.5507     15.571    -2.2662    301.709     9.2137 -9.990e-29
     15.268    19.4756 268.415547     0.0012 1.0000e-12     0.9379    79.0979 1.0659e+00 0.0000e+00  0.0554688    19.4751 269.453691     2.5507     15.569    -2.2940    301.724     9.2131 -9.990e-29
     15.266    19.4758 268.403491     0.0256 1.0000e-12     0.9379    79.0979 1.0440e+00 0.0000e+00  0.0554688    19.4745 269.514583     2.5495     15.567    -2.1842    301.709     9.2072 -9.990e-29
     15.264    19.4756 268.415547     0.0269 1.0000e-12     0.9393    79.0718 1.0293e+00 0.0000e+00  0.0554688    19.4746 269.453691     2.5495     15.565    -2.1763    301.724     9.2067 -9.990e-29
     15.262    19.4759 268.427604     0.0073 1.0000e-12     0.9393    79.0718 1.0147e+00 0.0000e+00  0.0550530    19.4744 269.423247     2.5495     15.563    -2.2609    301.736     9.2059 -9.990e-29
     15.260    19.4759 268.403490     0.0012 1.0000e-12     0.9406    79.0457 9.9634e-01 0.0000e+00  0.0554688    19.4747 269.331910     2.5495     15.561    -2.2932    301.709     9.2051 -9.990e-29
     15.258    19.4759 268.403491     0.0183 1.0000e-12     0.9393    79.0718 9.8168e-01 0.0000e+00  0.0558845    19.4751 269.331911     2.5495     15.559    -2.2169    301.709     9.2052 -9.990e-29
     15.257    19.4758 268.415546     0.0305 1.0000e-12     0.9406    79.0457 9.7436e-01 0.0000e+00  0.0563003    19.4752 269.331909     2.5495     15.558    -2.1615    301.723     9.2045 -9.990e-29
     15.255    19.4759 268.403490     0.0110 1.0000e-12     0.9406    79.0457 9.6703e-01 0.0000e+00  0.0554688    19.4749 269.423246     2.5495     15.556    -2.2440    301.709     9.2040 -9.990e-29
     15.255    19.4759 268.403490     0.0024 1.0000e-12     0.9393    79.0718 9.5238e-01 0.0000e+00  0.0550530    19.4756 269.423245     2.5495     15.556    -2.2862    301.709     9.2038 -9.990e-29
     15.255    19.4759 268.415548     0.0098 1.0000e-12     0.9406    79.0457 9.8901e-01 0.0000e+00  0.0554688    19.4752 269.423247     2.5495     15.556    -2.2554    301.722     9.2039 -9.990e-29
     15.254    19.4761 268.427603     0.0342 1.0000e-12     0.9406    79.0457 1.0549e+00 0.0000e+00  0.0558845    19.4756 269.453690     2.5495     15.555    -2.1461    301.734     9.2039 -9.990e-29
     15.253    19.4758 268.427605     0.0147 1.0000e-12     0.9393    79.0718 1.0769e+00 0.0000e+00  0.0554688    19.4749 269.423247     2.5495     15.554    -2.2282    301.736     9.2041 -9.990e-29
     15.252    19.4761 268.379376     0.0024 1.0000e-12     0.9406    79.0457 1.0733e+00 0.0000e+00  0.0554688    19.4758 269.453690     2.5495     15.553    -2.2852    301.680     9.2041 -9.990e-29
     15.250    19.4759 268.367321     0.0037 1.0000e-12     0.9393    79.0718 1.0586e+00 0.0000e+00  0.0554688    19.4758 269.453691     2.5482     15.551    -2.2837    301.668     9.1984 -9.990e-29
     15.248    19.4761 268.355262     0.0330 1.0000e-12     0.9393    79.0718 1.0366e+00 0.0000e+00  0.0558845    19.4751 269.453690     2.5482     15.549    -2.1520    301.653     9.1988 -9.990e-29
     15.246    19.4754 268.427605     0.0195 1.0000e-12     0.9406    79.0457 1.0403e+00 0.0000e+00  0.0558845    19.4751 269.362356     2.5482     15.547    -2.2071    301.739     9.1991 -9.990e-29
     15.244    19.4758 268.415546     0.0049 1.0000e-12     0.9406    79.0457 1.0842e+00 0.0000e+00  0.0554688    19.4752 269.423245     2.5482     15.545    -2.2727    301.723     9.1999 -9.990e-29
     15.241    19.4758 268.367320     0.0012 1.0000e-12     0.9393    79.0718 1.0733e+00 0.0000e+00  0.0554688    19.4749 269.392800     2.5482     15.541    -2.2946    301.669     9.2004 -9.990e-29
     15.239    19.4759 268.367319     0.0305 1.0000e-12     0.9393    79.0718 1.0220e+00 0.0000e+00  0.0558845    19.4751 269.453691     2.5470     15.539    -2.1626    301.668     9.1958 -9.990e-29
     15.238    19.4759 268.403490     0.0244 1.0000e-12     0.9406    79.0457 1.0073e+00 0.0000e+00  0.0558845    19.4749 269.362355     2.5470     15.538    -2.1863    301.709     9.1967 -9.990e-29
     15.237    19.4759 268.403490     0.0061 1.0000e-12     0.9406    79.0457 1.0110e+00 0.0000e+00  0.0558845    19.4751 269.423245     2.5470     15.537    -2.2664    301.709     9.1976 -9.990e-29
