data/05_metadata_exports/SeabirdData/202310_SeabirdData/88666_STN43.cnv
* Sea-Bird SBE 9 Data File:
* FileName = C:\Users\rosette\Rosette Data\2023\Ontario lower food web csmi\STN43.hex
* Software Version Seasave V 7.26.6.26
* Temperature SN = 5270
* Conductivity SN = 1168
* Number of Bytes Per Scan = 40
* Number of Voltage Words = 5
* Number of Scans Averaged by the Deck Unit = 1
* NMEA Latitude = 43 57.01 N
* NMEA Longitude = 078 03.03 W
* NMEA UTC (Time) = Sep 26 2023  07:46:55
* NMEA baud rate = 4800
** Ship: Lake Guardian
** Cruise: Ontario LFW
** Station:  STN43
# nquan = 18                                
# nvalues = 16645                       
# units = specified
# name 0 = prDM: Pressure, Digiquartz [db]
# name 1 = t090C: Temperature [ITS-90, deg C]
# name 2 = c0uS/cm: Conductivity [uS/cm]
# name 3 = sbeox0V: Oxygen raw, SBE 43 [V]
# name 4 = par: PAR/Irradiance, Biospherical/Licor
# name 5 = bat: Beam Attenuation, Chelsea/Seatech [1/m]
# name 6 = xmiss: Beam Transmission, Chelsea/Seatech [%]
# name 7 = flSP: Fluorescence, Seapoint
# name 8 = spar: SPAR, Biospherical/Licor
# name 9 = upoly0: Upoly 0, Suna Nitrate
# name 10 = t190C: Temperature, 2 [ITS-90, deg C]
# name 11 = c1uS/cm: Conductivity, 2 [uS/cm]
# name 12 = sbeox1V: Oxygen raw, SBE 43, 2 [V]
# name 13 = depFM: Depth [fresh water, m], lat = 43.9502
# name 14 = sbeox0Mg/L: Oxygen, SBE 43 [mg/l], WS = 2
# name 15 = specc: Specific Conductance [uS/cm]
# name 16 = sbeox1Mg/L: Oxygen, SBE 43, 2 [mg/l], WS = 2
# name 17 = flag: flag
# span 0 =     -0.103,     15.318       
# span 1 =    17.9105,    19.5104       
# span 2 =   6.419671, 355.130038       
# span 3 =     0.0000,     0.0354       
# span 4 = 1.0000e-12, 3.0926e+00       
# span 5 =     0.2100,     2.4548       
# span 6 =    54.1348,    94.8862       
# span 7 = 9.8901e-02, 6.0806e+00       
# span 8 = 0.0000e+00, 0.0000e+00       
# span 9 =  0.0413330,  0.0625367       
# span 10 =    16.9338,    19.4978      
# span 11 =  10.173121, 269.696911      
# span 12 =     1.8059,     2.7924      
# span 13 =     -0.105,     15.620      
# span 14 =    -2.3711,    -2.1349      
# span 15 =      7.475,    412.043      
# span 16 =     5.8213,    10.5581      
# span 17 = 0.0000e+00, 0.0000e+00      
# interval = seconds: 0.0416667
# start_time = Sep 26 2023 07:46:55 [NMEA time, header]
# bad_flag = -9.990e-29
*END*
[from data line 11820]
      8.125    19.4810 268.427416     0.0085 1.0000e-12     1.0505    76.9022 1.2088e+00 0.0000e+00  0.0554688    19.4791 269.544840     2.5495      8.285    -2.2501    301.701     9.2039 -9.990e-29
      8.125    19.4806 268.330964     0.0012 1.0000e-12     1.0505    76.9022 1.2784e+00 0.0000e+00  0.0554688    19.4786 269.453505     2.5495      8.285    -2.2896    301.595     9.2045 -9.990e-29
      8.124    19.4811 268.463586     0.0220 1.0000e-12     1.0478    76.9545 1.3443e+00 0.0000e+00  0.0554688    19.4784 269.362168     2.5495      8.284    -2.2037    301.741     9.2052 -9.990e-29
      8.123    19.4808 268.427416     0.0293 1.0000e-12     1.0465    76.9806 1.2857e+00 0.0000e+00  0.0558845    19.4789 269.331723     2.5495      8.283    -2.1592    301.702     9.2057 -9.990e-29
      8.123    19.4812 268.463586     0.0098 1.0000e-12     1.0451    77.0068 1.1648e+00 0.0000e+00  0.0554688    19.4789 269.483949     2.5495      8.283    -2.2440    301.740     9.2060 -9.990e-29
      8.123    19.4810 268.415360     0.0012 1.0000e-12     1.0437    77.0329 1.0733e+00 0.0000e+00  0.0554688    19.4791 269.392614     2.5495      8.283    -2.2893    301.687     9.2058 -9.990e-29
      8.121    19.4810 268.439472     0.0195 1.0000e-12     1.0437    77.0329 1.0659e+00 0.0000e+00  0.0554688    19.4787 269.453504     2.5495      8.281    -2.2156    301.715     9.2062 -9.990e-29
      8.119    19.4810 268.463586     0.0305 1.0000e-12     1.0424    77.0591 1.0586e+00 0.0000e+00  0.0554688    19.4792 269.423058     2.5495      8.279    -2.1552    301.742     9.2061 -9.990e-29
      8.118    19.4806 268.427416     0.0098 1.0000e-12     1.0410    77.0852 1.0586e+00 0.0000e+00  0.0554688    19.4789 269.423058     2.5495      8.278    -2.2443    301.704     9.2063 -9.990e-29
      8.117    19.4811 268.391245     0.0024 1.0000e-12     1.0437    77.0329 1.1209e+00 0.0000e+00  0.0554688    19.4791 269.483949     2.5495      8.277    -2.2834    301.660     9.2063 -9.990e-29
      8.117    19.4810 268.415359     0.0159 1.0000e-12     1.0451    77.0068 1.2088e+00 0.0000e+00  0.0554688    19.4786 269.362168     2.5495      8.277    -2.2315    301.687     9.2066 -9.990e-29
      8.117    19.4808 268.427416     0.0317 1.0000e-12     1.0451    77.0068 1.2491e+00 0.0000e+00  0.0554688    19.4789 269.423058     2.5507      8.277    -2.1510    301.702     9.2122 -9.990e-29
      8.118    19.4810 268.427416     0.0122 1.0000e-12     1.0451    77.0068 1.3223e+00 0.0000e+00  0.0558845    19.4791 269.362168     2.5507      8.278    -2.2335    301.701     9.2120 -9.990e-29
      8.119    19.4806 268.427417     0.0024 1.0000e-12     1.0478    76.9545 1.4689e+00 0.0000e+00  0.0563003    19.4787 269.423060     2.5507      8.279    -2.2834    301.704     9.2119 -9.990e-29
      8.118    19.4808 268.403302     0.0122 1.0000e-12     1.0492    76.9284 1.4908e+00 0.0000e+00  0.0563003    19.4787 269.514394     2.5507      8.278    -2.2486    301.675     9.2118 -9.990e-29
      8.116    19.4813 268.367132     0.0330 1.0000e-12     1.0492    76.9284 1.3773e+00 0.0000e+00  0.0554688    19.4786 269.544840     2.5507      8.276    -2.1466    301.631     9.2118 -9.990e-29
      8.115    19.4808 268.451529     0.0134 1.0000e-12     1.0478    76.9545 1.2857e+00 0.0000e+00  0.0554688    19.4789 269.453504     2.5507      8.275    -2.2289    301.729     9.2113 -9.990e-29
      8.114    19.4812 268.439472     0.0024 1.0000e-12     1.0465    76.9806 1.2601e+00 0.0000e+00  0.0554688    19.4789 269.453504     2.5507      8.274    -2.2833    301.713     9.2109 -9.990e-29
      8.113    19.4810 268.463586     0.0098 1.0000e-12     1.0451    77.0068 1.2234e+00 0.0000e+00  0.0558845    19.4791 269.483949     2.5507      8.273    -2.2592    301.742     9.2106 -9.990e-29
      8.113    19.4810 268.439472     0.0342 1.0000e-12     1.0465    76.9806 1.1758e+00 0.0000e+00  0.0558845    19.4789 269.423058     2.5507      8.273    -2.1424    301.715     9.2103 -9.990e-29
      8.112    19.4810 268.379189     0.0147 1.0000e-12     1.0451    77.0068 1.1758e+00 0.0000e+00  0.0558845    19.4791 269.423058     2.5495      8.272    -2.2227    301.647     9.2046 -9.990e-29
      8.112    19.4810 268.403302     0.0024 1.0000e-12     1.0465    76.9806 1.1868e+00 0.0000e+00  0.0558845    19.4786 269.453504     2.5507      8.272    -2.2825    301.674     9.2094 -9.990e-29
      8.112    19.4813 268.403302     0.0073 1.0000e-12     1.0492    76.9284 1.1978e+00 0.0000e+00  0.0563003    19.4794 269.423058     2.5495      8.272    -2.2694    301.672     9.2036 -9.990e-29
      8.111    19.4813 268.403302     0.0342 1.0000e-12     1.0505    76.9022 1.2271e+00 0.0000e+00  0.0554688    19.4789 269.331723     2.5495      8.271    -2.1431    301.672     9.2035 -9.990e-29
      8.111    19.4810 268.451529     0.0159 1.0000e-12     1.0519    76.8761 1.2418e+00 0.0000e+00  0.0554688    19.4789 269.453504     2.5495      8.271    -2.2173    301.728     9.2033 -9.990e-29
      8.111    19.4810 268.475643     0.0037 1.0000e-12     1.0519    76.8761 1.2198e+00 0.0000e+00  0.0554688    19.4792 269.514394     2.5495      8.271    -2.2759    301.755     9.2031 -9.990e-29
      8.111    19.4812 268.439472     0.0049 1.0000e-12     1.0505    76.9022 1.1905e+00 0.0000e+00  0.0558845    19.4787 269.605731     2.5495      8.271    -2.2793    301.713     9.2031 -9.990e-29
      8.111    19.4812 268.427415     0.0342 1.0000e-12     1.0492    76.9284 1.1612e+00 0.0000e+00  0.0563003    19.4791 269.483949     2.5495      8.271    -2.1439    301.700     9.2029 -9.990e-29
      8.111    19.4810 268.403302     0.0183 1.0000e-12     1.0505    76.9022 1.1429e+00 0.0000e+00  0.0558845    19.4791 269.575285     2.5482      8.271    -2.2062    301.674     9.1969 -9.990e-29
      8.111    19.4811 268.463586     0.0037 1.0000e-12     1.0492    76.9284 1.0989e+00 0.0000e+00  0.0554688    19.4789 269.514394     2.5482      8.271    -2.2751    301.741     9.1973 -9.990e-29
      8.111    19.4810 268.415359     0.0037 1.0000e-12     1.0478    76.9545 1.0293e+00 0.0000e+00  0.0554688    19.4791 269.514394     2.5482      8.271    -2.2838    301.687     9.1976 -9.990e-29
      8.111    19.4810 268.439472     0.0342 1.0000e-12     1.0465    76.9806 9.7436e-01 0.0000e+00  0.0554688    19.4787 269.575285     2.5482      8.271    -2.1446    301.715     9.1981 -9.990e-29
      8.110    19.4812 268.427415     0.0195 1.0000e-12     1.0465    76.9806 9.6703e-01 0.0000e+00  0.0558845    19.4792 269.544839     2.5482      8.270    -2.2008    301.700     9.1983 -9.990e-29
      8.110    19.4810 268.463586     0.0049 1.0000e-12     1.0478    76.9545 1.0183e+00 0.0000e+00  0.0558845    19.4789 269.453504     2.5482      8.270    -2.2693    301.742     9.1988 -9.990e-29
      8.111    19.4810 268.391244     0.0024 1.0000e-12     1.0478    76.9545 1.1172e+00 0.0000e+00  0.0558845    19.4789 269.453502     2.5482      8.271    -2.2887    301.660     9.1991 -9.990e-29
      8.114    19.4811 268.439474     0.0317 1.0000e-12     1.0492    76.9284 1.2381e+00 0.0000e+00  0.0554688    19.4789 269.453505     2.5482      8.274    -2.1563    301.714     9.1995 -9.990e-29
      8.116    19.4810 268.427416     0.0208 1.0000e-12     1.0505    76.9022 1.2857e+00 0.0000e+00  0.0550530    19.4789 269.423058     2.5482      8.276    -2.1950    301.701     9.2003 -9.990e-29
      8.116    19.4808 268.403304     0.0049 1.0000e-12     1.0505    76.9022 1.2381e+00 0.0000e+00  0.0558845    19.4789 269.423060     2.5482      8.276    -2.2685    301.675     9.2011 -9.990e-29
      8.115    19.4810 268.439471     0.0012 1.0000e-12     1.0505    76.9022 1.1575e+00 0.0000e+00  0.0563003    19.4791 269.453502     2.5482      8.275    -2.2932    301.715     9.2023 -9.990e-29
      8.115    19.4808 268.463587     0.0317 1.0000e-12     1.0492    76.9284 1.0952e+00 0.0000e+00  0.0558845    19.4789 269.392614     2.5482      8.275    -2.1574    301.743     9.2032 -9.990e-29
      8.114    19.4808 268.391246     0.0220 1.0000e-12     1.0478    76.9545 1.0842e+00 0.0000e+00  0.0554688    19.4793 269.453503     2.5470      8.274    -2.1900    301.662     9.1986 -9.990e-29
      8.113    19.4812 268.451529     0.0061 1.0000e-12     1.0492    76.9284 1.1172e+00 0.0000e+00  0.0554688    19.4789 269.423058     2.5470      8.273    -2.2627    301.727     9.1999 -9.990e-29
      8.113    19.4809 268.439471     0.0012 1.0000e-12     1.0465    76.9806 1.1648e+00 0.0000e+00  0.0558845    19.4792 269.544838     2.5470      8.273    -2.2927    301.715     9.2012 -9.990e-29
      8.114    19.4810 268.451531     0.0293 1.0000e-12     1.0478    76.9545 1.2088e+00 0.0000e+00  0.0558845    19.4791 269.544841     2.5482      8.274    -2.1691    301.728     9.2079 -9.990e-29
      8.115    19.4812 268.463586     0.0244 1.0000e-12     1.0478    76.9545 1.2344e+00 0.0000e+00  0.0558845    19.4787 269.453504     2.5482      8.275    -2.1796    301.740     9.2093 -9.990e-29
      8.114    19.4810 268.415359     0.0061 1.0000e-12     1.0478    76.9545 1.2418e+00 0.0000e+00  0.0563003    19.4791 269.453503     2.5470      8.274    -2.2622    301.687     9.2046 -9.990e-29
      8.114    19.4810 268.415359     0.0012 1.0000e-12     1.0478    76.9545 1.2308e+00 0.0000e+00  0.0563003    19.4789 269.392613     2.5482      8.274    -2.2922    301.687     9.2118 -9.990e-29
      8.114    19.4808 268.427416     0.0281 1.0000e-12     1.0478    76.9545 1.2198e+00 0.0000e+00  0.0558845    19.4791 269.483949     2.5482      8.274    -2.1759    301.702     9.2130 -9.990e-29
      8.115    19.4808 268.427416     0.0256 1.0000e-12     1.0478    76.9545 1.2308e+00 0.0000e+00  0.0554688    19.4789 269.453504     2.5482      8.275    -2.1758    301.702     9.2143 -9.990e-29
      8.115    19.4809 268.427416     0.0073 1.0000e-12     1.0478    76.9545 1.2637e+00 0.0000e+00  0.0554688    19.4792 269.453503     2.5482      8.275    -2.2575    301.702     9.2154 -9.990e-29
      8.117    19.4808 268.463586     0.0012 1.0000e-12     1.0478    76.9545 1.2894e+00 0.0000e+00  0.0554688    19.4793 269.453503     2.5482      8.277    -2.2921    301.743     9.2165 -9.990e-29
      8.118    19.4810 268.439472     0.0256 1.0000e-12     1.0478    76.9545 1.2784e+00 0.0000e+00  0.0554688    19.4791 269.423058     2.5482      8.278    -2.1879    301.715     9.2176 -9.990e-29
      8.120    19.4812 268.451529     0.0269 1.0000e-12     1.0478    76.9545 1.2418e+00 0.0000e+00  0.0558845    19.4787 269.514394     2.5482      8.280    -2.1705    301.727     9.2192 -9.990e-29
      8.122    19.4810 268.463587     0.0073 1.0000e-12     1.0478    76.9545 1.2088e+00 0.0000e+00  0.0554688    19.4784 269.483951     2.5495      8.282    -2.2570    301.742     9.2261 -9.990e-29
      8.122    19.4806 268.391246     0.0012 1.0000e-12     1.0465    76.9806 1.2088e+00 0.0000e+00  0.0554688    19.4789 269.453504     2.5495      8.282    -2.2915    301.663     9.2269 -9.990e-29
      8.122    19.4809 268.475643     0.0232 1.0000e-12     1.0478    76.9545 1.2161e+00 0.0000e+00  0.0558845    19.4796 269.423058     2.5495      8.282    -2.1991    301.756     9.2276 -9.990e-29
      8.123    19.4813 268.475642     0.0281 1.0000e-12     1.0478    76.9545 1.1978e+00 0.0000e+00  0.0563003    19.4787 269.423058     2.5495      8.283    -2.1658    301.753     9.2285 -9.990e-29
      8.124    19.4810 268.475644     0.0085 1.0000e-12     1.0478    76.9545 1.1795e+00 0.0000e+00  0.0563003    19.4789 269.362169     2.5495      8.284    -2.2514    301.755     9.2291 -9.990e-29
      8.124    19.4808 268.415359     0.0012 1.0000e-12     1.0478    76.9545 1.1722e+00 0.0000e+00  0.0554688    19.4791 269.392613     2.5495      8.284    -2.2909    301.689     9.2297 -9.990e-29
      8.123    19.4810 268.403302     0.0220 1.0000e-12     1.0465    76.9806 1.1612e+00 0.0000e+00  0.0554688    19.4787 269.453504     2.5495      8.283    -2.2046    301.674     9.2303 -9.990e-29
      8.124    19.4808 268.463586     0.0293 1.0000e-12     1.0465    76.9806 1.1465e+00 0.0000e+00  0.0558845    19.4787 269.483949     2.5495      8.284    -2.1610    301.743     9.2308 -9.990e-29
      8.124    19.4808 268.415360     0.0085 1.0000e-12     1.0465    76.9806 1.1355e+00 0.0000e+00  0.0558845    19.4792 269.453505     2.5495      8.284    -2.2512    301.689     9.2311 -9.990e-29
      8.124    19.4808 268.439473     0.0012 1.0000e-12     1.0492    76.9284 1.1136e+00 0.0000e+00  0.0554688    19.4787 269.514394     2.5507      8.284    -2.2907    301.716     9.2369 -9.990e-29
      8.123    19.4806 268.475643     0.0195 1.0000e-12     1.0519    76.8761 1.1026e+00 0.0000e+00  0.0554688    19.4791 269.544840     2.5495      8.283    -2.2166    301.758     9.2317 -9.990e-29
      8.123    19.4812 268.439472     0.0305 1.0000e-12     1.0546    76.8238 1.1245e+00 0.0000e+00  0.0563003    19.4789 269.483949     2.5495      8.283    -2.1569    301.713     9.2323 -9.990e-29
      8.125    19.4812 268.463585     0.0098 1.0000e-12     1.0546    76.8238 1.1758e+00 0.0000e+00  0.0558845    19.4789 269.453503     2.5507      8.285    -2.2459    301.740     9.2374 -9.990e-29
      8.129    19.4812 268.415360     0.0012 1.0000e-12     1.0546    76.8238 1.2088e+00 0.0000e+00  0.0554688    19.4792 269.362169     2.5507      8.289    -2.2904    301.686     9.2369 -9.990e-29
      8.131    19.4810 268.367134     0.0171 1.0000e-12     1.0546    76.8238 1.2088e+00 0.0000e+00  0.0550530    19.4791 269.483950     2.5507      8.291    -2.2269    301.633     9.2364 -9.990e-29
      8.132    19.4810 268.451529     0.0317 1.0000e-12     1.0546    76.8238 1.2344e+00 0.0000e+00  0.0554688    19.4791 269.453503     2.5507      8.292    -2.1517    301.728     9.2366 -9.990e-29
      8.132    19.4811 268.439474     0.0110 1.0000e-12     1.0546    76.8238 1.3040e+00 0.0000e+00  0.0558845    19.4789 269.362169     2.5507      8.292    -2.2399    301.714     9.2364 -9.990e-29
      8.132    19.4810 268.463586     0.0012 1.0000e-12     1.0560    76.7977 1.3040e+00 0.0000e+00  0.0558845    19.4792 269.605730     2.5519      8.292    -2.2897    301.742     9.2414 -9.990e-29
      8.132    19.4810 268.439472     0.0134 1.0000e-12     1.0560    76.7977 1.2711e+00 0.0000e+00  0.0554688    19.4794 269.483948     2.5519      8.292    -2.2431    301.715     9.2409 -9.990e-29
      8.133    19.4806 268.403304     0.0317 1.0000e-12     1.0546    76.8238 1.2491e+00 0.0000e+00  0.0550530    19.4789 269.423060     2.5519      8.293    -2.1522    301.677     9.2405 -9.990e-29
      8.134    19.4808 268.415359     0.0122 1.0000e-12     1.0546    76.8238 1.2198e+00 0.0000e+00  0.0554688    19.4791 269.514394     2.5519      8.294    -2.2343    301.689     9.2399 -9.990e-29
      8.134    19.4808 268.451531     0.0024 1.0000e-12     1.0546    76.8238 1.2601e+00 0.0000e+00  0.0558845    19.4787 269.453505     2.5519      8.294    -2.2837    301.729     9.2393 -9.990e-29
      8.134    19.4806 268.427416     0.0122 1.0000e-12     1.0573    76.7715 1.3993e+00 0.0000e+00  0.0558845    19.4786 269.453504     2.5519      8.294    -2.2481    301.704     9.2386 -9.990e-29
      8.133    19.4805 268.427417     0.0330 1.0000e-12     1.0587    76.7454 1.4505e+00 0.0000e+00  0.0558845    19.4791 269.483950     2.5531      8.293    -2.1465    301.704     9.2431 -9.990e-29
      8.132    19.4803 268.451530     0.0134 1.0000e-12     1.0587    76.7454 1.4579e+00 0.0000e+00  0.0554688    19.4791 269.514394     2.5531      8.292    -2.2283    301.733     9.2422 -9.990e-29
      8.132    19.4805 268.463586     0.0024 1.0000e-12     1.0587    76.7454 1.4432e+00 0.0000e+00  0.0554688    19.4787 269.483949     2.5531      8.292    -2.2826    301.745     9.2418 -9.990e-29
