data/05_metadata_exports/SeabirdData/202310_SeabirdData/88666_STN43.cnv
* Sea-Bird SBE 9 Data File:
* FileName = C:\Users\rosette\Rosette Data\2023\Ontario lower food web csmi\STN43.hex
* Software Version Seasave V 7.26.6.26
* Temperature SN = 5270
* Conductivity SN = 1168
* Number of Bytes Per Scan = 40
* Number of Voltage Words = 5
* Number of Scans Averaged by the Deck Unit = 1
* NMEA Latitude = 43 57.01 N
* NMEA Longitude = 078 03.03 W
* NMEA UTC (Time) = Sep 26 2023  07:46:55
* NMEA baud rate = 4800
** Ship: Lake Guardian
** Cruise: Ontario LFW
** Station:  STN43
# nquan = 18                                
# nvalues = 16645                       
# units = specified
# name 0 = prDM: Pressure, Digiquartz [db]
# name 1 = t090C: Temperature [ITS-90, deg C]
# name 2 = c0uS/cm: Conductivity [uS/cm]
# name 3 = sbeox0V: Oxygen raw, SBE 43 [V]
# name 4 = par: PAR/Irradiance, Biospherical/Licor
# name 5 = bat: Beam Attenuation, Chelsea/Seatech [1/m]
# name 6 = xmiss: Beam Transmission, Chelsea/Seatech [%]
# name 7 = flSP: Fluorescence, Seapoint
# name 8 = spar: SPAR, Biospherical/Licor
# name 9 = upoly0: Upoly 0, Suna Nitrate
# name 10 = t190C: Temperature, 2 [ITS-90, deg C]
# name 11 = c1uS/cm: Conductivity, 2 [uS/cm]
# name 12 = sbeox1V: Oxygen raw, SBE 43, 2 [V]
# name 13 = depFM: Depth [fresh water, m], lat = 43.9502
# name 14 = sbeox0Mg/L: Oxygen, SBE 43 [mg/l], WS = 2
# name 15 = specc: Specific Conductance [uS/cm]
# name 16 = sbeox1Mg/L: Oxygen, SBE 43, 2 [mg/l], WS = 2
# name 17 = flag: flag
# span 0 =     -0.103,     15.318       
# span 1 =    17.9105,    19.5104       
# span 2 =   6.419671, 355.130038       
# span 3 =     0.0000,     0.0354       
# span 4 = 1.0000e-12, 3.0926e+00       
# span 5 =     0.2100,     2.4548       
# span 6 =    54.1348,    94.8862       
# span 7 = 9.8901e-02, 6.0806e+00       
# span 8 = 0.0000e+00, 0.0000e+00       
# span 9 =  0.0413330,  0.0625367       
# span 10 =    16.9338,    19.4978      
# span 11 =  10.173121, 269.696911      
# span 12 =     1.8059,     2.7924      
# span 13 =     -0.105,     15.620      
# span 14 =    -2.3711,    -2.1349      
# span 15 =      7.475,    412.043      
# span 16 =     5.8213,    10.5581      
# span 17 = 0.0000e+00, 0.0000e+00      
# interval = seconds: 0.0416667
# start_time = Sep 26 2023 07:46:55 [NMEA time, header]
# bad_flag = -9.990e-29
*END*
[from data line 3297]
      2.490    19.4775 268.306709     0.0085 5.3727e-02     0.9353    79.1502 1.0147e+00 0.0000e+00  0.0550530    19.4772 269.483806     2.5458      2.539    -2.2622    301.589     9.1961 -9.990e-29
      2.489    19.4777 268.282595     0.0012 5.0143e-02     0.9353    79.1502 1.0659e+00 0.0000e+00  0.0550530    19.4770 269.483806     2.5458      2.538    -2.2858    301.561     9.1953 -9.990e-29
      2.487    19.4779 268.318764     0.0073 4.5344e-02     0.9366    79.1241 1.1026e+00 0.0000e+00  0.0554688    19.4768 269.422915     2.5458      2.536    -2.2535    301.600     9.1949 -9.990e-29
      2.484    19.4777 268.306708     0.0342 4.4061e-02     0.9366    79.1241 1.0842e+00 0.0000e+00  0.0554688    19.4766 269.422915     2.5458      2.533    -2.1388    301.588     9.1944 -9.990e-29
      2.481    19.4780 268.306707     0.0159 3.6586e-02     0.9353    79.1502 1.0659e+00 0.0000e+00  0.0554688    19.4767 269.453361     2.5458      2.530    -2.2282    301.586     9.1939 -9.990e-29
      2.476    19.4780 268.379047     0.0037 1.9829e-02     0.9366    79.1241 1.0476e+00 0.0000e+00  0.0550530    19.4766 269.514251     2.5458      2.525    -2.2804    301.667     9.1934 -9.990e-29
      2.472    19.4782 268.366989     0.0012 1.4917e-02     0.9366    79.1241 1.0147e+00 0.0000e+00  0.0550530    19.4761 269.362024     2.5458      2.521    -2.2816    301.652     9.1926 -9.990e-29
      2.468    19.4779 268.270538     0.0281 1.8760e-02     0.9366    79.1241 1.0000e+00 0.0000e+00  0.0554688    19.4761 269.301135     2.5458      2.517    -2.1636    301.546     9.1920 -9.990e-29
      2.464    19.4779 268.282594     0.0244 3.5778e-02     0.9366    79.1241 9.9267e-01 0.0000e+00  0.0558845    19.4754 269.301135     2.5458      2.513    -2.1876    301.559     9.1916 -9.990e-29
      2.459    19.4780 268.306707     0.0073 4.3212e-02     0.9366    79.1241 9.7436e-01 0.0000e+00  0.0554688    19.4752 269.331581     2.5458      2.507    -2.2680    301.586     9.1910 -9.990e-29
      2.453    19.4779 268.342876     0.0012 4.0692e-02     0.9366    79.1241 9.6703e-01 0.0000e+00  0.0550530    19.4758 269.331579     2.5458      2.501    -2.2844    301.627     9.1902 -9.990e-29
      2.447    19.4777 268.342876     0.0147 1.9471e-02     0.9366    79.1241 9.6337e-01 0.0000e+00  0.0554688    19.4758 269.301134     2.5458      2.495    -2.2212    301.628     9.1891 -9.990e-29
      2.441    19.4779 268.354934     0.0330 1.0859e-02     0.9366    79.1241 9.5238e-01 0.0000e+00  0.0550530    19.4761 269.392471     2.5458      2.489    -2.1458    301.641     9.1880 -9.990e-29
      2.434    19.4773 268.318762     0.0134 1.0859e-02     0.9366    79.1241 9.3773e-01 0.0000e+00  0.0550530    19.4763 269.301132     2.5458      2.482    -2.2402    301.604     9.1869 -9.990e-29
      2.428    19.4775 268.330820     0.0024 2.4195e-02     0.9379    79.0979 9.5238e-01 0.0000e+00  0.0550530    19.4761 269.270689     2.5446      2.476    -2.2833    301.616     9.1808 -9.990e-29
      2.422    19.4773 268.318763     0.0024 3.2987e-02     0.9393    79.0718 9.7802e-01 0.0000e+00  0.0558845    19.4759 269.301134     2.5446      2.470    -2.2749    301.604     9.1797 -9.990e-29
      2.415    19.4772 268.354932     0.0330 3.3779e-02     0.9406    79.0457 9.7436e-01 0.0000e+00  0.0554688    19.4765 269.270687     2.5446      2.463    -2.1426    301.645     9.1790 -9.990e-29
      2.409    19.4773 268.391103     0.0208 4.3636e-02     0.9393    79.0718 9.3773e-01 0.0000e+00  0.0550530    19.4761 269.422914     2.5446      2.456    -2.2043    301.685     9.1784 -9.990e-29
      2.401    19.4772 268.354932     0.0049 5.1925e-02     0.9393    79.0718 9.3040e-01 0.0000e+00  0.0550530    19.4759 269.331578     2.5446      2.448    -2.2763    301.645     9.1778 -9.990e-29
      2.394    19.4773 268.342875     0.0012 5.3274e-02     0.9406    79.0457 9.5971e-01 0.0000e+00  0.0554688    19.4763 269.483804     2.5446      2.441    -2.2821    301.631     9.1771 -9.990e-29
      2.388    19.4775 268.342875     0.0220 2.5310e-02     0.9393    79.0718 9.9267e-01 0.0000e+00  0.0558845    19.4763 269.362022     2.5446      2.435    -2.1891    301.630     9.1769 -9.990e-29
      2.382    19.4772 268.342875     0.0305 3.4520e-03     0.9406    79.0457 1.0110e+00 0.0000e+00  0.0558845    19.4756 269.392468     2.5446      2.429    -2.1582    301.632     9.1764 -9.990e-29
      2.375    19.4773 268.342875     0.0098 1.0000e-12     0.9406    79.0457 1.0623e+00 0.0000e+00  0.0550530    19.4753 269.362023     2.5446      2.422    -2.2568    301.631     9.1759 -9.990e-29
      2.368    19.4775 268.306705     0.0012 7.2565e-03     0.9393    79.0718 1.1062e+00 0.0000e+00  0.0550530    19.4745 269.331579     2.5446      2.415    -2.2862    301.589     9.1764 -9.990e-29
      2.361    19.4773 268.342874     0.0061 1.8760e-02     0.9406    79.0457 1.0440e+00 0.0000e+00  0.0550530    19.4745 269.392468     2.5446      2.408    -2.2588    301.631     9.1767 -9.990e-29
      2.354    19.4772 268.342874     0.0342 2.1630e-02     0.9393    79.0718 9.8901e-01 0.0000e+00  0.0554688    19.4740 269.453359     2.5446      2.400    -2.1392    301.632     9.1772 -9.990e-29
      2.349    19.4773 268.342875     0.0159 3.3779e-02     0.9393    79.0718 1.0147e+00 0.0000e+00  0.0558845    19.4742 269.270689     2.5446      2.395    -2.2282    301.631     9.1775 -9.990e-29
      2.343    19.4770 268.282591     0.0037 6.5461e-02     0.9406    79.0457 1.0110e+00 0.0000e+00  0.0550530    19.4742 269.453358     2.5446      2.389    -2.2801    301.565     9.1774 -9.990e-29
      2.338    19.4772 268.318760     0.0000 7.6492e-02     0.9393    79.0718 1.0183e+00 0.0000e+00  0.0550530    19.4742 269.483804     2.5446      2.384    -2.2867    301.605     9.1779 -9.990e-29
      2.333    19.4772 268.354930     0.0281 6.6925e-02     0.9406    79.0457 1.0403e+00 0.0000e+00  0.0554688    19.4742 269.392468     2.5446      2.379    -2.1641    301.645     9.1783 -9.990e-29
      2.330    19.4772 268.330817     0.0256 3.7805e-02     0.9406    79.0457 1.0659e+00 0.0000e+00  0.0558845    19.4742 269.331578     2.5446      2.376    -2.1827    301.618     9.1788 -9.990e-29
      2.327    19.4772 268.282591     0.0073 2.8712e-02     0.9406    79.0457 1.0952e+00 0.0000e+00  0.0554688    19.4744 269.392468     2.5446      2.373    -2.2684    301.564     9.1792 -9.990e-29
      2.325    19.4768 268.366988     0.0012 3.2593e-02     0.9393    79.0718 1.1465e+00 0.0000e+00  0.0554688    19.4745 269.331578     2.5446      2.371    -2.2852    301.662     9.1797 -9.990e-29
      2.321    19.4770 268.282591     0.0122 6.2569e-02     0.9393    79.0718 1.1465e+00 0.0000e+00  0.0558845    19.4747 269.514249     2.5446      2.367    -2.2334    301.565     9.1802 -9.990e-29
      2.319    19.4770 268.318759     0.0330 7.7529e-02     0.9406    79.0457 1.0806e+00 0.0000e+00  0.0563003    19.4744 269.331576     2.5446      2.365    -2.1470    301.606     9.1808 -9.990e-29
      2.318    19.4772 268.306704     0.0134 7.7529e-02     0.9393    79.0718 1.0073e+00 0.0000e+00  0.0558845    19.4745 269.362022     2.5433      2.364    -2.2414    301.591     9.1754 -9.990e-29
      2.318    19.4770 268.379044     0.0024 7.0391e-02     0.9393    79.0718 9.4505e-01 0.0000e+00  0.0554688    19.4744 269.422913     2.5433      2.364    -2.2841    301.674     9.1760 -9.990e-29
      2.317    19.4770 268.330817     0.0024 6.6436e-02     0.9393    79.0718 9.5971e-01 0.0000e+00  0.0554688    19.4747 269.422913     2.5433      2.363    -2.2761    301.620     9.1765 -9.990e-29
      2.317    19.4770 268.342872     0.0317 6.5461e-02     0.9379    79.0979 1.0220e+00 0.0000e+00  0.0554688    19.4747 269.453357     2.5446      2.363    -2.1493    301.633     9.1830 -9.990e-29
      2.319    19.4770 268.342874     0.0220 2.7568e-02     0.9393    79.0718 1.0366e+00 0.0000e+00  0.0554688    19.4747 269.483803     2.5433      2.365    -2.1998    301.633     9.1773 -9.990e-29
      2.322    19.4770 268.306705     0.0049 7.2565e-03     0.9393    79.0718 9.8535e-01 0.0000e+00  0.0554688    19.4749 269.422913     2.5446      2.368    -2.2771    301.592     9.1834 -9.990e-29
      2.323    19.4768 268.306704     0.0012 5.0216e-03     0.9393    79.0718 9.6703e-01 0.0000e+00  0.0554688    19.4745 269.422913     2.5433      2.369    -2.2829    301.594     9.1778 -9.990e-29
      2.324    19.4770 268.330817     0.0208 1.4231e-02     0.9393    79.0718 9.7070e-01 0.0000e+00  0.0550530    19.4746 269.453358     2.5433      2.370    -2.1952    301.620     9.1783 -9.990e-29
      2.327    19.4765 268.306703     0.0293 2.3090e-02     0.9393    79.0718 9.4872e-01 0.0000e+00  0.0554688    19.4745 269.483802     2.5433      2.373    -2.1640    301.596     9.1790 -9.990e-29
      2.330    19.4766 268.330819     0.0098 2.4937e-02     0.9393    79.0718 9.3040e-01 0.0000e+00  0.0554688    19.4742 269.331579     2.5446      2.376    -2.2569    301.622     9.1851 -9.990e-29
      2.333    19.4770 268.306704     0.0024 3.7805e-02     0.9393    79.0718 9.1209e-01 0.0000e+00  0.0554688    19.4747 269.392467     2.5433      2.379    -2.2809    301.592     9.1792 -9.990e-29
      2.335    19.4768 268.294648     0.0061 5.6930e-02     0.9393    79.0718 9.0110e-01 0.0000e+00  0.0554688    19.4742 269.453358     2.5433      2.381    -2.2584    301.580     9.1799 -9.990e-29
      2.339    19.4768 268.330817     0.0342 6.1616e-02     0.9393    79.0718 9.2308e-01 0.0000e+00  0.0550530    19.4747 269.483803     2.5446      2.385    -2.1383    301.621     9.1863 -9.990e-29
      2.343    19.4766 268.354931     0.0171 4.4915e-02     0.9393    79.0718 9.6703e-01 0.0000e+00  0.0550530    19.4744 269.453359     2.5446      2.389    -2.2221    301.649     9.1868 -9.990e-29
      2.348    19.4766 268.366987     0.0037 2.0187e-02     0.9393    79.0718 9.6703e-01 0.0000e+00  0.0554688    19.4749 269.453358     2.5446      2.394    -2.2796    301.663     9.1873 -9.990e-29
      2.354    19.4765 268.366989     0.0012 1.4231e-02     0.9393    79.0718 9.4505e-01 0.0000e+00  0.0558845    19.4751 269.483805     2.5446      2.400    -2.2808    301.664     9.1878 -9.990e-29
      2.359    19.4765 268.342874     0.0281 2.2723e-02     0.9393    79.0718 9.3407e-01 0.0000e+00  0.0558845    19.4749 269.362022     2.5433      2.406    -2.1631    301.636     9.1824 -9.990e-29
      2.365    19.4765 268.282593     0.0256 5.0143e-02     0.9379    79.0979 9.2674e-01 0.0000e+00  0.0554688    19.4749 269.331579     2.5446      2.412    -2.1813    301.569     9.1888 -9.990e-29
      2.371    19.4768 268.379045     0.0061 6.0668e-02     0.9379    79.0979 9.1941e-01 0.0000e+00  0.0550530    19.4747 269.331579     2.5446      2.418    -2.2723    301.675     9.1893 -9.990e-29
      2.376    19.4768 268.379045     0.0000 6.2569e-02     0.9393    79.0718 9.5971e-01 0.0000e+00  0.0550530    19.4751 269.422914     2.5446      2.423    -2.2891    301.675     9.1892 -9.990e-29
      2.381    19.4775 268.318762     0.0122 7.3416e-02     0.9393    79.0718 1.0366e+00 0.0000e+00  0.0558845    19.4751 269.453359     2.5446      2.428    -2.2320    301.603     9.1892 -9.990e-29
      2.385    19.4777 268.330817     0.0330 7.8572e-02     0.9406    79.0457 1.0549e+00 0.0000e+00  0.0558845    19.4747 269.422913     2.5446      2.432    -2.1459    301.615     9.1897 -9.990e-29
      2.391    19.4780 268.342876     0.0134 7.1897e-02     0.9406    79.0457 1.0183e+00 0.0000e+00  0.0554688    19.4746 269.422916     2.5446      2.438    -2.2403    301.626     9.1902 -9.990e-29
      2.395    19.4779 268.282592     0.0024 2.1630e-02     0.9406    79.0457 9.7070e-01 0.0000e+00  0.0550530    19.4747 269.422914     2.5446      2.442    -2.2841    301.559     9.1906 -9.990e-29
      2.399    19.4779 268.342875     0.0024 3.1407e-03     0.9406    79.0457 9.5238e-01 0.0000e+00  0.0554688    19.4747 269.422914     2.5446      2.446    -2.2761    301.627     9.1909 -9.990e-29
      2.405    19.4779 268.366988     0.0330 2.2121e-03     0.9393    79.0718 9.7070e-01 0.0000e+00  0.0554688    19.4749 269.422914     2.5446      2.452    -2.1435    301.654     9.1904 -9.990e-29
      2.411    19.4773 268.415216     0.0208 8.2279e-03     0.9393    79.0718 9.9267e-01 0.0000e+00  0.0558845    19.4754 269.422915     2.5446      2.459    -2.2052    301.712     9.1897 -9.990e-29
      2.416    19.4773 268.330820     0.0049 1.1860e-02     0.9406    79.0457 1.0293e+00 0.0000e+00  0.0554688    19.4753 269.422915     2.5446      2.464    -2.2772    301.617     9.1892 -9.990e-29
      2.420    19.4772 268.306705     0.0012 1.1860e-02     0.9406    79.0457 1.0440e+00 0.0000e+00  0.0550530    19.4752 269.362023     2.5446      2.468    -2.2833    301.591     9.1891 -9.990e-29
      2.425    19.4768 268.306708     0.0208 1.8052e-02     0.9406    79.0457 1.0806e+00 0.0000e+00  0.0550530    19.4758 269.392470     2.5446      2.473    -2.1953    301.594     9.1884 -9.990e-29
      2.429    19.4766 268.342877     0.0293 2.3090e-02     0.9406    79.0457 1.0806e+00 0.0000e+00  0.0558845    19.4753 269.331580     2.5446      2.477    -2.1644    301.636     9.1888 -9.990e-29
      2.433    19.4765 268.270538     0.0098 2.4195e-02     0.9393    79.0718 1.0659e+00 0.0000e+00  0.0554688    19.4759 269.392469     2.5458      2.481    -2.2573    301.555     9.1935 -9.990e-29
      2.436    19.4766 268.354934     0.0024 2.1994e-02     0.9406    79.0457 1.0293e+00 0.0000e+00  0.0550530    19.4756 269.483806     2.5458      2.484    -2.2816    301.649     9.1933 -9.990e-29
      2.438    19.4761 268.366991     0.0061 1.9829e-02     0.9406    79.0457 9.9634e-01 0.0000e+00  0.0554688    19.4754 269.422915     2.5446      2.486    -2.2595    301.666     9.1873 -9.990e-29
      2.441    19.4761 268.366991     0.0342 1.9471e-02     0.9406    79.0457 9.8168e-01 0.0000e+00  0.0563003    19.4758 269.422915     2.5446      2.489    -2.1395    301.666     9.1874 -9.990e-29
      2.443    19.4759 268.366991     0.0171 1.5607e-02     0.9406    79.0457 9.9634e-01 0.0000e+00  0.0563003    19.4756 269.331579     2.5458      2.491    -2.2232    301.668     9.1926 -9.990e-29
      2.447    19.4763 268.342877     0.0037 9.8651e-03     0.9406    79.0457 1.0440e+00 0.0000e+00  0.0554688    19.4761 269.392469     2.5458      2.495    -2.2806    301.638     9.1922 -9.990e-29
      2.449    19.4758 268.282597     0.0012 8.5535e-03     0.9406    79.0457 1.1136e+00 0.0000e+00  0.0546373    19.4756 269.453362     2.5458      2.497    -2.2818    301.573     9.1924 -9.990e-29
      2.449    19.4761 268.342877     0.0281 1.2871e-02     0.9406    79.0457 1.1722e+00 0.0000e+00  0.0550530    19.4754 269.301134     2.5458      2.497    -2.1637    301.639     9.1925 -9.990e-29
      2.449    19.4759 268.342878     0.0256 2.4195e-02     0.9406    79.0457 1.2161e+00 0.0000e+00  0.0554688    19.4754 269.453360     2.5458      2.497    -2.1819    301.641     9.1926 -9.990e-29
      2.449    19.4761 268.342877     0.0073 2.7948e-02     0.9393    79.0718 1.2564e+00 0.0000e+00  0.0554688    19.4756 269.483806     2.5458      2.497    -2.2672    301.639     9.1926 -9.990e-29
      2.449    19.4758 268.318766     0.0012 3.0639e-02     0.9379    79.0979 1.2894e+00 0.0000e+00  0.0554688    19.4758 269.483807     2.5458      2.497    -2.2839    301.614     9.1921 -9.990e-29
      2.449    19.4758 268.379048     0.0134 4.1946e-02     0.9379    79.0979 1.2747e+00 0.0000e+00  0.0550530    19.4758 269.362024     2.5458      2.497    -2.2264    301.682     9.1921 -9.990e-29
      2.447    19.4758 268.330821     0.0330 4.6638e-02     0.9379    79.0979 1.1795e+00 0.0000e+00  0.0550530    19.4758 269.331579     2.5446      2.495    -2.1455    301.628     9.1867 -9.990e-29
