data/05_metadata_exports/SeabirdData/202310_SeabirdData/88666_STN43.cnv
* Sea-Bird SBE 9 Data File:
* FileName = C:\Users\rosette\Rosette Data\2023\Ontario lower food web csmi\STN43.hex
* Software Version Seasave V 7.26.6.26
* Temperature SN = 5270
* Conductivity SN = 1168
* Number of Bytes Per Scan = 40
* Number of Voltage Words = 5
* Number of Scans Averaged by the Deck Unit = 1
* NMEA Latitude = 43 57.01 N
* NMEA Longitude = 078 03.03 W
* NMEA UTC (Time) = Sep 26 2023  07:46:55
* NMEA baud rate = 4800
** Ship: Lake Guardian
** Cruise: Ontario LFW
** Station:  STN43
# nquan = 18                                
# nvalues = 16645                       
# units = specified
# name 0 = prDM: Pressure, Digiquartz [db]
# name 1 = t090C: Temperature [ITS-90, deg C]
# name 2 = c0uS/cm: Conductivity [uS/cm]
# name 3 = sbeox0V: Oxygen raw, SBE 43 [V]
# name 4 = par: PAR/Irradiance, Biospherical/Licor
# name 5 = bat: Beam Attenuation, Chelsea/Seatech [1/m]
# name 6 = xmiss: Beam Transmission, Chelsea/Seatech [%]
# name 7 = flSP: Fluorescence, Seapoint
# name 8 = spar: SPAR, Biospherical/Licor
# name 9 = upoly0: Upoly 0, Suna Nitrate
# name 10 = t190C: Temperature, 2 [ITS-90, deg C]
# name 11 = c1uS/cm: Conductivity, 2 [uS/cm]
# name 12 = sbeox1V: Oxygen raw, SBE 43, 2 [V]
# name 13 = depFM: Depth [fresh water, m], lat = 43.9502
# name 14 = sbeox0Mg/L: Oxygen, SBE 43 [mg/l], WS = 2
# name 15 = specc: Specific Conductance [uS/cm]
# name 16 = sbeox1Mg/L: Oxygen, SBE 43, 2 [mg/l], WS = 2
# name 17 = flag: flag
# span 0 =     -0.103,     15.318       
# span 1 =    17.9105,    19.5104       
# span 2 =   6.419671, 355.130038       
# span 3 =     0.0000,     0.0354       
# span 4 = 1.0000e-12, 3.0926e+00       
# span 5 =     0.2100,     2.4548       
# span 6 =    54.1348,    94.8862       
# span 7 = 9.8901e-02, 6.0806e+00       
# span 8 = 0.0000e+00, 0.0000e+00       
# span 9 =  0.0413330,  0.0625367       
# span 10 =    16.9338,    19.4978      
# span 11 =  10.173121, 269.696911      
# span 12 =     1.8059,     2.7924      
# span 13 =     -0.105,     15.620      
# span 14 =    -2.3711,    -2.1349      
# span 15 =      7.475,    412.043      
# span 16 =     5.8213,    10.5581      
# span 17 = 0.0000e+00, 0.0000e+00      
# interval = seconds: 0.0416667
# start_time = Sep 26 2023 07:46:55 [NMEA time, header]
# bad_flag = -9.990e-29
*END*
[from data line 2332]
      2.382    19.4629 266.570744     0.0012 5.5549e-02     0.9287    79.2809 1.1429e+00 0.0000e+00  0.0434118    19.4636 268.205148     2.1514      2.429    -2.2914    299.736     7.3112 -9.990e-29
      2.382    19.4627 266.510473     0.0293 5.0143e-02     0.9287    79.2809 1.1429e+00 0.0000e+00  0.0434118    19.4630 268.266036     2.1502      2.429    -2.1651    299.670     7.3082 -9.990e-29
      2.380    19.4623 266.450203     0.0244 1.2196e-02     0.9287    79.2809 1.1832e+00 0.0000e+00  0.0434118    19.4632 268.174705     2.1502      2.427    -2.1839    299.605     7.3106 -9.990e-29
      2.379    19.4623 266.462257     0.0061 1.0000e-12     0.9287    79.2809 1.2088e+00 0.0000e+00  0.0438276    19.4630 268.144262     2.1490      2.426    -2.2637    299.618     7.3072 -9.990e-29
      2.378    19.4623 266.426094     0.0000 1.0000e-12     0.9287    79.2809 1.1868e+00 0.0000e+00  0.0434118    19.4634 268.113816     2.1490      2.425    -2.2966    299.578     7.3088 -9.990e-29
      2.378    19.4622 266.377880     0.0220 3.1407e-03     0.9287    79.2809 1.1392e+00 0.0000e+00  0.0434118    19.4634 268.113818     2.1477      2.425    -2.1982    299.524     7.3046 -9.990e-29
      2.379    19.4622 266.414042     0.0293 7.2565e-03     0.9300    79.2548 1.0879e+00 0.0000e+00  0.0434118    19.4635 268.022488     2.1477      2.426    -2.1643    299.565     7.3063 -9.990e-29
      2.380    19.4620 266.414041     0.0085 7.9032e-03     0.9287    79.2809 1.0586e+00 0.0000e+00  0.0434118    19.4632 268.022487     2.1465      2.427    -2.2536    299.566     7.3027 -9.990e-29
      2.382    19.4615 266.414042     0.0012 4.2789e-02     0.9300    79.2548 1.0769e+00 0.0000e+00  0.0434118    19.4633 267.961602     2.1465      2.429    -2.2910    299.569     7.3040 -9.990e-29
      2.384    19.4610 266.426097     0.0122 1.0846e-01     0.9300    79.2548 1.0696e+00 0.0000e+00  0.0434118    19.4636 268.022488     2.1465      2.431    -2.2434    299.586     7.3053 -9.990e-29
      2.386    19.4607 266.414043     0.0330 1.1151e-01     0.9300    79.2548 1.0476e+00 0.0000e+00  0.0434118    19.4632 267.931159     2.1465      2.433    -2.1500    299.575     7.3063 -9.990e-29
      2.388    19.4599 266.426097     0.0122 2.5310e-02     0.9300    79.2548 1.0220e+00 0.0000e+00  0.0434118    19.4634 267.900715     2.1453      2.435    -2.2377    299.594     7.3017 -9.990e-29
      2.389    19.4591 266.389936     0.0012 1.0000e-12     0.9300    79.2548 1.0586e+00 0.0000e+00  0.0434118    19.4630 267.900716     2.1453      2.436    -2.2895    299.558     7.3027 -9.990e-29
      2.391    19.4589 266.401990     0.0061 1.0000e-12     0.9313    79.2286 1.0696e+00 0.0000e+00  0.0434118    19.4632 267.961602     2.1441      2.438    -2.2708    299.573     7.2982 -9.990e-29
      2.394    19.4582 266.377883     0.0342 1.5973e-03     0.9313    79.2286 1.0403e+00 0.0000e+00  0.0434118    19.4632 267.900715     2.1441      2.441    -2.1448    299.551     7.2987 -9.990e-29
      2.396    19.4577 266.353776     0.0171 5.3382e-03     0.9300    79.2548 1.0293e+00 0.0000e+00  0.0434118    19.4630 267.931159     2.1441      2.443    -2.2164    299.527     7.2992 -9.990e-29
      2.399    19.4573 266.353775     0.0024 6.2933e-03     0.9300    79.2548 1.0330e+00 0.0000e+00  0.0434118    19.4634 268.022486     2.1441      2.446    -2.2826    299.530     7.2995 -9.990e-29
      2.405    19.4572 266.317616     0.0012 2.8712e-02     0.9300    79.2548 1.0806e+00 0.0000e+00  0.0434118    19.4628 268.113820     2.1429      2.452    -2.2928    299.490     7.2946 -9.990e-29
      2.411    19.4566 266.389938     0.0330 6.8897e-02     0.9313    79.2286 1.1575e+00 0.0000e+00  0.0434118    19.4630 267.900715     2.1429      2.459    -2.1500    299.575     7.2950 -9.990e-29
      2.417    19.4565 266.317617     0.0220 8.0147e-02     0.9300    79.2548 1.1392e+00 0.0000e+00  0.0434118    19.4628 267.870274     2.1429      2.465    -2.1949    299.495     7.2954 -9.990e-29
      2.423    19.4561 266.293508     0.0049 5.7856e-02     0.9313    79.2286 1.0769e+00 0.0000e+00  0.0434118    19.4630 267.961602     2.1416      2.471    -2.2701    299.470     7.2893 -9.990e-29
      2.429    19.4559 266.329671     0.0000 2.3826e-02     0.9300    79.2548 1.0769e+00 0.0000e+00  0.0434118    19.4632 267.992046     2.1416      2.477    -2.2976    299.512     7.2890 -9.990e-29
      2.436    19.4554 266.317618     0.0269 1.5607e-02     0.9300    79.2548 1.0952e+00 0.0000e+00  0.0434118    19.4632 267.992046     2.1404      2.484    -2.1766    299.502     7.2833 -9.990e-29
      2.441    19.4551 266.353780     0.0269 1.3890e-02     0.9313    79.2286 1.0769e+00 0.0000e+00  0.0434118    19.4630 268.113820     2.1404      2.489    -2.1738    299.545     7.2835 -9.990e-29
      2.446    19.4547 266.353780     0.0073 6.9346e-03     0.9300    79.2548 1.0330e+00 0.0000e+00  0.0438276    19.4633 268.083376     2.1392      2.494    -2.2582    299.547     7.2780 -9.990e-29
      2.452    19.4542 266.317619     0.0000 4.3911e-03     0.9300    79.2548 9.8168e-01 0.0000e+00  0.0434118    19.4632 268.144263     2.1404      2.500    -2.2959    299.510     7.2839 -9.990e-29
      2.457    19.4538 266.317619     0.0195 9.5358e-03     0.9313    79.2286 9.5971e-01 0.0000e+00  0.0434118    19.4628 268.205150     2.1392      2.505    -2.2089    299.513     7.2793 -9.990e-29
      2.463    19.4538 266.341728     0.0305 4.4915e-02     0.9313    79.2286 9.5604e-01 0.0000e+00  0.0434118    19.4629 268.235595     2.1380      2.512    -2.1585    299.540     7.2744 -9.990e-29
      2.469    19.4537 266.365835     0.0098 6.3048e-02     0.9313    79.2286 9.4872e-01 0.0000e+00  0.0434118    19.4625 268.266038     2.1368      2.518    -2.2465    299.568     7.2696 -9.990e-29
      2.474    19.4537 266.377890     0.0000 6.2569e-02     0.9340    79.1764 9.3773e-01 0.0000e+00  0.0438276    19.4626 268.296483     2.1368      2.523    -2.2940    299.581     7.2709 -9.990e-29
      2.479    19.4540 266.329674     0.0098 4.8819e-02     0.9366    79.1241 9.4139e-01 0.0000e+00  0.0434118    19.4627 268.296483     2.1355      2.528    -2.2520    299.525     7.2657 -9.990e-29
      2.483    19.4542 266.389942     0.0330 4.2789e-02     0.9366    79.1241 9.5238e-01 0.0000e+00  0.0434118    19.4625 268.418257     2.1355      2.532    -2.1479    299.591     7.2671 -9.990e-29
      2.488    19.4545 266.377889     0.0134 4.1946e-02     0.9366    79.1241 9.5238e-01 0.0000e+00  0.0434118    19.4627 268.326926     2.1343      2.537    -2.2305    299.576     7.2629 -9.990e-29
      2.492    19.4552 266.414050     0.0012 1.7349e-02     0.9366    79.1241 9.9634e-01 0.0000e+00  0.0434118    19.4628 268.387814     2.1343      2.541    -2.2871    299.612     7.2644 -9.990e-29
      2.497    19.4554 266.438158     0.0037 4.3911e-03     0.9366    79.1241 1.0330e+00 0.0000e+00  0.0434118    19.4621 268.357371     2.1331      2.546    -2.2802    299.638     7.2609 -9.990e-29
      2.501    19.4559 266.414050     0.0342 1.2912e-03     0.9366    79.1241 1.0220e+00 0.0000e+00  0.0434118    19.4623 268.418258     2.1331      2.550    -2.1430    299.607     7.2629 -9.990e-29
      2.504    19.4563 266.450213     0.0183 1.0000e-12     0.9379    79.0979 9.9267e-01 0.0000e+00  0.0434118    19.4623 268.448703     2.1319      2.553    -2.2092    299.645     7.2598 -9.990e-29
      2.506    19.4563 266.426103     0.0024 1.0000e-12     0.9366    79.1241 1.0293e+00 0.0000e+00  0.0438276    19.4621 268.326927     2.1319      2.555    -2.2807    299.618     7.2623 -9.990e-29
      2.506    19.4568 266.474319     0.0012 1.0000e-12     0.9366    79.1241 1.0696e+00 0.0000e+00  0.0434118    19.4623 268.479146     2.1306      2.555    -2.2913    299.669     7.2587 -9.990e-29
      2.508    19.4572 266.498427     0.0305 3.4520e-03     0.9379    79.0979 1.0403e+00 0.0000e+00  0.0434118    19.4620 268.448702     2.1306      2.557    -2.1595    299.693     7.2613 -9.990e-29
      2.510    19.4572 266.498427     0.0232 5.6557e-03     0.9379    79.0979 1.0256e+00 0.0000e+00  0.0434118    19.4621 268.540034     2.1294      2.559    -2.1884    299.693     7.2586 -9.990e-29
      2.512    19.4577 266.474318     0.0049 5.9741e-03     0.9366    79.1241 1.0440e+00 0.0000e+00  0.0434118    19.4620 268.509590     2.1294      2.562    -2.2685    299.663     7.2616 -9.990e-29
      2.514    19.4578 266.474320     0.0000 2.9479e-02     0.9366    79.1241 1.0549e+00 0.0000e+00  0.0434118    19.4621 268.479148     2.1294      2.564    -2.2963    299.662     7.2639 -9.990e-29
      2.513    19.4580 266.486374     0.0244 4.7943e-02     0.9379    79.0979 1.0586e+00 0.0000e+00  0.0434118    19.4620 268.448704     2.1294      2.563    -2.1864    299.674     7.2665 -9.990e-29
      2.511    19.4585 266.474316     0.0281 5.1031e-02     0.9366    79.1241 1.0733e+00 0.0000e+00  0.0434118    19.4619 268.540033     2.1282      2.561    -2.1672    299.657     7.2634 -9.990e-29
      2.510    19.4586 266.546644     0.0085 3.3779e-02     0.9379    79.0979 1.1319e+00 0.0000e+00  0.0434118    19.4621 268.387816     2.1270      2.559    -2.2511    299.738     7.2600 -9.990e-29
      2.508    19.4589 266.510479     0.0012 2.0907e-02     0.9379    79.0979 1.1832e+00 0.0000e+00  0.0434118    19.4621 268.387814     2.1270      2.557    -2.2888    299.695     7.2623 -9.990e-29
      2.505    19.4587 266.546644     0.0159 1.9115e-02     0.9366    79.1241 1.1136e+00 0.0000e+00  0.0434118    19.4621 268.357372     2.1270      2.554    -2.2238    299.737     7.2640 -9.990e-29
      2.501    19.4587 266.498425     0.0317 2.9095e-02     0.9379    79.0979 1.0183e+00 0.0000e+00  0.0438276    19.4621 268.418257     2.1270      2.550    -2.1522    299.683     7.2659 -9.990e-29
      2.497    19.4587 266.474317     0.0110 4.1946e-02     0.9393    79.0718 9.5604e-01 0.0000e+00  0.0434118    19.4618 268.418258     2.1270      2.546    -2.2398    299.656     7.2671 -9.990e-29
      2.493    19.4589 266.438157     0.0012 4.4488e-02     0.9406    79.0457 9.4505e-01 0.0000e+00  0.0434118    19.4621 268.235597     2.1282      2.542    -2.2869    299.614     7.2739 -9.990e-29
      2.487    19.4587 266.389938     0.0085 4.2789e-02     0.9419    79.0195 9.8535e-01 0.0000e+00  0.0434118    19.4619 268.266038     2.1270      2.536    -2.2564    299.561     7.2693 -9.990e-29
      2.482    19.4587 266.414047     0.0342 3.9448e-02     0.9419    79.0195 9.9634e-01 0.0000e+00  0.0434118    19.4620 268.052935     2.1270      2.531    -2.1409    299.588     7.2695 -9.990e-29
      2.476    19.4584 266.365832     0.0159 3.8624e-02     0.9419    79.0195 9.7802e-01 0.0000e+00  0.0434118    19.4619 268.113822     2.1282      2.525    -2.2174    299.536     7.2746 -9.990e-29
      2.470    19.4584 266.353777     0.0024 3.1808e-02     0.9419    79.0195 9.4872e-01 0.0000e+00  0.0434118    19.4625 268.083377     2.1270      2.519    -2.2798    299.522     7.2689 -9.990e-29
      2.464    19.4582 266.353778     0.0024 1.5262e-02     0.9419    79.0195 9.3773e-01 0.0000e+00  0.0434118    19.4623 267.992048     2.1282      2.513    -2.2847    299.524     7.2735 -9.990e-29
      2.457    19.4580 266.317616     0.0330 1.0527e-02     0.9419    79.0195 9.5604e-01 0.0000e+00  0.0434118    19.4618 267.900718     2.1282      2.505    -2.1476    299.485     7.2726 -9.990e-29
      2.450    19.4577 266.317616     0.0195 1.4917e-02     0.9419    79.0195 9.9634e-01 0.0000e+00  0.0434118    19.4621 267.900718     2.1282      2.498    -2.2032    299.487     7.2706 -9.990e-29
      2.442    19.4578 266.269400     0.0037 3.8214e-02     0.9419    79.0195 1.0000e+00 0.0000e+00  0.0434118    19.4618 267.839832     2.1282      2.490    -2.2739    299.432     7.2689 -9.990e-29
      2.435    19.4575 266.257347     0.0012 4.8380e-02     0.9419    79.0195 1.0440e+00 0.0000e+00  0.0434118    19.4618 267.718060     2.1282      2.483    -2.2908    299.420     7.2666 -9.990e-29
      2.428    19.4574 266.281454     0.0293 4.8819e-02     0.9419    79.0195 1.0989e+00 0.0000e+00  0.0434118    19.4618 267.718060     2.1294      2.476    -2.1645    299.448     7.2696 -9.990e-29
      2.420    19.4572 266.257346     0.0244 4.8819e-02     0.9419    79.0195 1.0842e+00 0.0000e+00  0.0434118    19.4620 267.748501     2.1294      2.468    -2.1827    299.422     7.2661 -9.990e-29
      2.413    19.4563 266.233240     0.0061 4.8819e-02     0.9419    79.0195 1.0366e+00 0.0000e+00  0.0434118    19.4621 267.809389     2.1294      2.461    -2.2630    299.401     7.2625 -9.990e-29
      2.405    19.4556 266.160918     0.0000 2.6058e-02     0.9406    79.0457 9.8901e-01 0.0000e+00  0.0434118    19.4620 267.839830     2.1294      2.452    -2.2963    299.324     7.2584 -9.990e-29
      2.398    19.4545 266.269402     0.0220 2.8303e-03     0.9419    79.0195 1.0037e+00 0.0000e+00  0.0438276    19.4620 267.839831     2.1294      2.445    -2.1979    299.454     7.2542 -9.990e-29
      2.390    19.4537 266.221188     0.0293 1.0000e-12     0.9419    79.0195 1.0623e+00 0.0000e+00  0.0434118    19.4623 267.748501     2.1294      2.437    -2.1633    299.405     7.2495 -9.990e-29
      2.384    19.4526 266.233241     0.0085 2.8303e-03     0.9419    79.0195 1.0623e+00 0.0000e+00  0.0434118    19.4618 267.687614     2.1282      2.431    -2.2526    299.426     7.2389 -9.990e-29
      2.380    19.4519 266.257350     0.0012 2.5310e-02     0.9419    79.0195 1.0037e+00 0.0000e+00  0.0434118    19.4623 267.718058     2.1282      2.427    -2.2904    299.458     7.2336 -9.990e-29
      2.376    19.4507 266.209136     0.0147 3.5778e-02     0.9419    79.0195 9.8901e-01 0.0000e+00  0.0434118    19.4618 267.626730     2.1270      2.423    -2.2313    299.412     7.2230 -9.990e-29
      2.372    19.4504 266.233244     0.0330 3.6586e-02     0.9393    79.0718 1.0147e+00 0.0000e+00  0.0434118    19.4618 267.687616     2.1270      2.419    -2.1486    299.441     7.2173 -9.990e-29
      2.367    19.4497 266.209136     0.0122 4.4488e-02     0.9287    79.2809 1.0769e+00 0.0000e+00  0.0434118    19.4618 267.748500     2.1270      2.414    -2.2363    299.418     7.2108 -9.990e-29
      2.364    19.4490 266.221192     0.0012 4.8380e-02     0.9247    79.3593 1.1648e+00 0.0000e+00  0.0438276    19.4619 267.748501     2.1258      2.411    -2.2885    299.437     7.1988 -9.990e-29
      2.360    19.4486 266.197084     0.0061 4.8380e-02     0.9261    79.3332 1.2161e+00 0.0000e+00  0.0434118    19.4614 267.748501     2.1258      2.407    -2.2698    299.412     7.1919 -9.990e-29
      2.357    19.4481 266.221191     0.0342 3.5376e-02     0.9261    79.3332 1.2234e+00 0.0000e+00  0.0434118    19.4618 267.778943     2.1245      2.403    -2.1438    299.443     7.1791 -9.990e-29
      2.354    19.4479 266.197085     0.0171 2.7948e-02     0.9261    79.3332 1.1795e+00 0.0000e+00  0.0434118    19.4616 267.809388     2.1233      2.400    -2.2150    299.417     7.1670 -9.990e-29
      2.352    19.4470 266.269407     0.0037 2.7189e-02     0.9261    79.3332 1.1392e+00 0.0000e+00  0.0434118    19.4614 267.839829     2.1221      2.398    -2.2763    299.504     7.1554 -9.990e-29
      2.351    19.4469 266.221192     0.0024 5.2373e-02     0.9261    79.3332 1.0806e+00 0.0000e+00  0.0434118    19.4609 267.687615     2.1209      2.397    -2.2870    299.451     7.1431 -9.990e-29
      2.351    19.4462 266.148870     0.0330 7.6492e-02     0.9261    79.3332 1.0549e+00 0.0000e+00  0.0434118    19.4611 267.718058     2.1197      2.397    -2.1496    299.374     7.1309 -9.990e-29
      2.352    19.4449 266.209141     0.0208 8.0675e-02     0.9247    79.3593 1.0366e+00 0.0000e+00  0.0434118    19.4611 267.748502     2.1197      2.398    -2.1991    299.451     7.1247 -9.990e-29
      2.353    19.4437 266.233248     0.0037 4.5344e-02     0.9247    79.3593 1.0183e+00 0.0000e+00  0.0434118    19.4606 267.961602     2.1184      2.399    -2.2752    299.486     7.1125 -9.990e-29
