data/05_metadata_exports/SeabirdData/202310_SeabirdData/88673_STN43-2.cnv
* Sea-Bird SBE 9 Data File:
* FileName = C:\Users\rosette\Rosette Data\2023\Ontario lower food web csmi\STN43-2.hex
* Software Version Seasave V 7.26.6.26
* Temperature SN = 5270
* Conductivity SN = 1168
* Number of Bytes Per Scan = 40
* Number of Voltage Words = 5
* Number of Scans Averaged by the Deck Unit = 1
* NMEA Latitude = 43 57.00 N
* NMEA Longitude = 078 03.12 W
* NMEA UTC (Time) = Sep 26 2023  08:10:22
* NMEA baud rate = 4800
** Ship: Lake Guardian
** Cruise: Ontario LFW
** Station:  STN43
# nquan = 18                                
# nvalues = 8240                        
# units = specified
# name 0 = prDM: Pressure, Digiquartz [db]
# name 1 = t090C: Temperature [ITS-90, deg C]
# name 2 = c0uS/cm: Conductivity [uS/cm]
# name 3 = sbeox0V: Oxygen raw, SBE 43 [V]
# name 4 = par: PAR/Irradiance, Biospherical/Licor
# name 5 = bat: Beam Attenuation, Chelsea/Seatech [1/m]
# name 6 = xmiss: Beam Transmission, Chelsea/Seatech [%]
# name 7 = flSP: Fluorescence, Seapoint
# name 8 = spar: SPAR, Biospherical/Licor
# name 9 = upoly0: Upoly 0, Suna Nitrate
# name 10 = t190C: Temperature, 2 [ITS-90, deg C]
# name 11 = c1uS/cm: Conductivity, 2 [uS/cm]
# name 12 = sbeox1V: Oxygen raw, SBE 43, 2 [V]
# name 13 = depFM: Depth [fresh water, m], lat = 43.95
# name 14 = sbeox0Mg/L: Oxygen, SBE 43 [mg/l], WS = 2
# name 15 = specc: Specific Conductance [uS/cm]
# name 16 = sbeox1Mg/L: Oxygen, SBE 43, 2 [mg/l], WS = 2
# name 17 = flag: flag
# span 0 =     -0.180,      5.025       
# span 1 =    15.3656,    19.4681       
# span 2 =   0.610771, 268.391181       
# span 3 =     0.0000,     0.0342       
# span 4 = 1.0000e-12, 3.6383e+00       
# span 5 =     0.9024,    10.5894       
# span 6 =     7.0838,    79.8037       
# span 7 = 8.0586e-02, 2.2747e+00       
# span 8 = 0.0000e+00, 0.0000e+00       
# span 9 =  0.0413330,  0.0625367       
# span 10 =    15.8096,    19.4667      
# span 11 =   3.106016, 269.575220      
# span 12 =     1.8010,     2.8926      
# span 13 =     -0.184,      5.124      
# span 14 =    -2.5041,    -2.1408      
# span 15 =      0.752,    302.397      
# span 16 =     5.8171,    10.9896      
# span 17 = 0.0000e+00, 0.0000e+00      
# interval = seconds: 0.0416667
# start_time = Sep 26 2023 08:10:22 [NMEA time, header]
# bad_flag = -9.990e-29
*END*
[from data line 4503]
      4.167    19.4679 268.306760     0.0073 1.0000e-12     0.9208    79.4378 1.2271e+00 0.0000e+00  0.0554688    19.4660 269.422968     2.5433      4.249    -2.2558    301.654     9.1880 0.0000e+00
      4.179    19.4677 268.270590     0.0012 1.0000e-12     0.9208    79.4378 1.2051e+00 0.0000e+00  0.0554688    19.4660 269.331633     2.5433      4.261    -2.2903    301.615     9.1874 0.0000e+00
      4.190    19.4679 268.294704     0.0256 1.0000e-12     0.9208    79.4378 1.2088e+00 0.0000e+00  0.0554688    19.4662 269.422969     2.5433      4.273    -2.1867    301.641     9.1873 0.0000e+00
      4.200    19.4674 268.306760     0.0269 1.0000e-12     0.9208    79.4378 1.2088e+00 0.0000e+00  0.0554688    19.4662 269.422968     2.5433      4.283    -2.1702    301.658     9.1872 0.0000e+00
      4.212    19.4674 268.270590     0.0085 1.0000e-12     0.9208    79.4378 1.1575e+00 0.0000e+00  0.0554688    19.4655 269.331633     2.5433      4.295    -2.2513    301.617     9.1872 0.0000e+00
      4.224    19.4674 268.342931     0.0012 1.0000e-12     0.9221    79.4116 1.1245e+00 0.0000e+00  0.0558845    19.4656 269.422970     2.5433      4.307    -2.2908    301.698     9.1866 0.0000e+00
      4.236    19.4674 268.342931     0.0232 1.0000e-12     0.9195    79.4639 1.1172e+00 0.0000e+00  0.0554688    19.4656 269.453416     2.5433      4.320    -2.1981    301.698     9.1869 0.0000e+00
      4.247    19.4674 268.270592     0.0281 1.0000e-12     0.9195    79.4639 1.1355e+00 0.0000e+00  0.0558845    19.4651 269.422971     2.5446      4.331    -2.1656    301.617     9.1928 0.0000e+00
      4.258    19.4672 268.318818     0.0085 1.0000e-12     0.9221    79.4116 1.1941e+00 0.0000e+00  0.0558845    19.4653 269.362080     2.5446      4.342    -2.2510    301.673     9.1926 0.0000e+00
      4.269    19.4674 268.342933     0.0012 1.0000e-12     0.9208    79.4378 1.4505e+00 0.0000e+00  0.0554688    19.4655 269.453417     2.5446      4.353    -2.2905    301.698     9.1920 0.0000e+00
      4.280    19.4672 268.354988     0.0220 1.0000e-12     0.9208    79.4378 1.6996e+00 0.0000e+00  0.0554688    19.4655 269.422970     2.5446      4.364    -2.2039    301.713     9.1918 0.0000e+00
      4.291    19.4665 268.318820     0.0293 1.0000e-12     0.9208    79.4378 1.7473e+00 0.0000e+00  0.0554688    19.4653 269.422972     2.5433      4.376    -2.1611    301.677     9.1862 0.0000e+00
      4.301    19.4655 268.270597     0.0098 1.0000e-12     0.9208    79.4378 1.5897e+00 0.0000e+00  0.0558845    19.4655 269.483864     2.5446      4.386    -2.2456    301.630     9.1923 0.0000e+00
      4.310    19.4648 268.282651     0.0024 1.0000e-12     0.9208    79.4378 1.4322e+00 0.0000e+00  0.0554688    19.4653 269.483862     2.5446      4.395    -2.2852    301.648     9.1921 0.0000e+00
      4.319    19.4641 268.270598     0.0195 1.0000e-12     0.9195    79.4639 1.3846e+00 0.0000e+00  0.0554688    19.4655 269.362083     2.5446      4.404    -2.2158    301.639     9.1913 0.0000e+00
      4.329    19.4630 268.270597     0.0293 1.0000e-12     0.9155    79.5423 1.3114e+00 0.0000e+00  0.0554688    19.4656 269.392526     2.5446      4.414    -2.1620    301.647     9.1910 0.0000e+00
      4.338    19.4622 268.246486     0.0098 1.0000e-12     0.9155    79.5423 1.2308e+00 0.0000e+00  0.0558845    19.4658 269.483864     2.5446      4.424    -2.2457    301.625     9.1911 0.0000e+00
      4.348    19.4616 268.246487     0.0012 1.0000e-12     0.9168    79.5162 1.1685e+00 0.0000e+00  0.0558845    19.4658 269.422973     2.5446      4.434    -2.2906    301.629     9.1908 0.0000e+00
      4.356    19.4610 268.210318     0.0171 1.0000e-12     0.9155    79.5423 1.0916e+00 0.0000e+00  0.0558845    19.4662 269.422973     2.5446      4.442    -2.2269    301.593     9.1903 0.0000e+00
      4.365    19.4608 268.306770     0.0305 1.0000e-12     0.9155    79.5423 1.0586e+00 0.0000e+00  0.0558845    19.4658 269.362082     2.5446      4.451    -2.1570    301.702     9.1900 0.0000e+00
      4.375    19.4605 268.270601     0.0110 1.0000e-12     0.9155    79.5423 1.0623e+00 0.0000e+00  0.0554688    19.4658 269.453418     2.5446      4.461    -2.2399    301.664     9.1900 0.0000e+00
      4.385    19.4601 268.246490     0.0024 1.0000e-12     0.9168    79.5162 1.0330e+00 0.0000e+00  0.0550530    19.4660 269.483865     2.5446      4.471    -2.2848    301.639     9.1899 0.0000e+00
      4.394    19.4599 268.258546     0.0159 1.0000e-12     0.9155    79.5423 9.8901e-01 0.0000e+00  0.0554688    19.4656 269.483865     2.5446      4.481    -2.2321    301.654     9.1900 0.0000e+00
      4.402    19.4598 268.246489     0.0317 1.0000e-12     0.9155    79.5423 9.8901e-01 0.0000e+00  0.0558845    19.4656 269.453418     2.5433      4.489    -2.1523    301.641     9.1840 0.0000e+00
      4.411    19.4594 268.246490     0.0122 1.0000e-12     0.9168    79.5162 1.0220e+00 0.0000e+00  0.0558845    19.4653 269.362085     2.5433      4.498    -2.2349    301.644     9.1840 0.0000e+00
      4.421    19.4591 268.246491     0.0012 1.0000e-12     0.9155    79.5423 1.0110e+00 0.0000e+00  0.0554688    19.4656 269.422975     2.5433      4.508    -2.2897    301.646     9.1838 0.0000e+00
      4.430    19.4592 268.210321     0.0134 1.0000e-12     0.9168    79.5162 9.8901e-01 0.0000e+00  0.0554688    19.4655 269.301194     2.5433      4.517    -2.2434    301.605     9.1837 0.0000e+00
      4.438    19.4591 268.234436     0.0317 1.0000e-12     0.9155    79.5423 1.0073e+00 0.0000e+00  0.0558845    19.4662 269.392530     2.5433      4.525    -2.1530    301.633     9.1834 0.0000e+00
      4.446    19.4589 268.246491     0.0122 1.0000e-12     0.9155    79.5423 1.0037e+00 0.0000e+00  0.0554688    19.4662 269.422974     2.5433      4.534    -2.2344    301.647     9.1833 0.0000e+00
      4.454    19.4591 268.258549     0.0024 1.0000e-12     0.9155    79.5423 1.0220e+00 0.0000e+00  0.0554688    19.4663 269.422975     2.5433      4.542    -2.2830    301.660     9.1831 0.0000e+00
      4.461    19.4594 268.270605     0.0122 1.0000e-12     0.9155    79.5423 1.0256e+00 0.0000e+00  0.0558845    19.4662 269.422976     2.5446      4.549    -2.2474    301.671     9.1888 0.0000e+00
      4.469    19.4597 268.294716     0.0330 1.0000e-12     0.9155    79.5423 1.1026e+00 0.0000e+00  0.0558845    19.4656 269.331639     2.5433      4.557    -2.1470    301.696     9.1823 0.0000e+00
      4.478    19.4599 268.270606     0.0134 1.0000e-12     0.9155    79.5423 1.2234e+00 0.0000e+00  0.0558845    19.4656 269.301197     2.5433      4.566    -2.2284    301.668     9.1826 0.0000e+00
      4.486    19.4603 268.318830     0.0024 1.0000e-12     0.9168    79.5162 1.2308e+00 0.0000e+00  0.0554688    19.4658 269.331640     2.5433      4.574    -2.2824    301.719     9.1828 0.0000e+00
      4.492    19.4603 268.282662     0.0098 1.0000e-12     0.9195    79.4639 1.2564e+00 0.0000e+00  0.0550530    19.4656 269.331642     2.5446      4.581    -2.2579    301.679     9.1885 0.0000e+00
      4.498    19.4606 268.270604     0.0330 1.0000e-12     0.9274    79.3071 1.2234e+00 0.0000e+00  0.0554688    19.4658 269.392531     2.5446      4.587    -2.1472    301.663     9.1888 0.0000e+00
      4.504    19.4608 268.294717     0.0147 1.0000e-12     0.9287    79.2809 1.1355e+00 0.0000e+00  0.0563003    19.4662 269.301195     2.5446      4.593    -2.2221    301.689     9.1880 0.0000e+00
      4.512    19.4606 268.270605     0.0024 1.0000e-12     0.9300    79.2548 1.0586e+00 0.0000e+00  0.0558845    19.4663 269.362087     2.5446      4.601    -2.2814    301.663     9.1883 0.0000e+00
      4.520    19.4615 268.318830     0.0085 1.0000e-12     0.9287    79.2809 9.9634e-01 0.0000e+00  0.0550530    19.4662 269.422976     2.5433      4.609    -2.2622    301.711     9.1827 0.0000e+00
      4.527    19.4616 268.270606     0.0330 1.0000e-12     0.9287    79.2809 9.4505e-01 0.0000e+00  0.0554688    19.4663 269.301198     2.5446      4.616    -2.1469    301.656     9.1888 0.0000e+00
      4.533    19.4620 268.282659     0.0159 1.0000e-12     0.9287    79.2809 9.1209e-01 0.0000e+00  0.0558845    19.4662 269.422976     2.5446      4.622    -2.2161    301.667     9.1887 0.0000e+00
      4.540    19.4622 268.330888     0.0024 1.0000e-12     0.9287    79.2809 9.1575e-01 0.0000e+00  0.0563003    19.4658 269.422979     2.5446      4.630    -2.2804    301.720     9.1886 0.0000e+00
      4.547    19.4627 268.342943     0.0073 1.0000e-12     0.9287    79.2809 9.2308e-01 0.0000e+00  0.0558845    19.4658 269.362087     2.5446      4.637    -2.2673    301.730     9.1885 0.0000e+00
      4.553    19.4634 268.318829     0.0342 1.0000e-12     0.9274    79.3071 9.4872e-01 0.0000e+00  0.0554688    19.4656 269.331642     2.5446      4.643    -2.1425    301.698     9.1888 0.0000e+00
      4.560    19.4635 268.258548     0.0171 1.0000e-12     0.9300    79.2548 9.8168e-01 0.0000e+00  0.0558845    19.4655 269.392534     2.5446      4.650    -2.2109    301.630     9.1887 0.0000e+00
      4.566    19.4637 268.258546     0.0024 1.0000e-12     0.9274    79.3071 1.0733e+00 0.0000e+00  0.0558845    19.4655 269.483868     2.5446      4.656    -2.2802    301.628     9.1886 0.0000e+00
      4.573    19.4639 268.246491     0.0061 1.0000e-12     0.9300    79.2548 1.2894e+00 0.0000e+00  0.0554688    19.4656 269.362089     2.5446      4.663    -2.2720    301.614     9.1885 0.0000e+00
      4.580    19.4636 268.282661     0.0342 1.0000e-12     0.9287    79.2809 1.4249e+00 0.0000e+00  0.0546373    19.4656 269.392534     2.5446      4.670    -2.1427    301.656     9.1884 0.0000e+00
      4.586    19.4636 268.270604     0.0171 1.0000e-12     0.9287    79.2809 1.3443e+00 0.0000e+00  0.0550530    19.4656 269.453424     2.5446      4.676    -2.2104    301.643     9.1879 0.0000e+00
      4.593    19.4630 268.318831     0.0037 1.0000e-12     0.9287    79.2809 1.2271e+00 0.0000e+00  0.0554688    19.4658 269.392534     2.5446      4.684    -2.2736    301.701     9.1873 0.0000e+00
      4.599    19.4627 268.342944     0.0037 1.0000e-12     0.9287    79.2809 1.2125e+00 0.0000e+00  0.0558845    19.4656 269.453424     2.5446      4.690    -2.2822    301.730     9.1869 0.0000e+00
      4.606    19.4625 268.282662     0.0342 1.0000e-12     0.9287    79.2809 1.2125e+00 0.0000e+00  0.0558845    19.4658 269.362089     2.5446      4.697    -2.1434    301.664     9.1863 0.0000e+00
      4.613    19.4616 268.294719     0.0195 1.0000e-12     0.9287    79.2809 1.2198e+00 0.0000e+00  0.0558845    19.4656 269.392534     2.5446      4.704    -2.2002    301.683     9.1858 0.0000e+00
      4.621    19.4616 268.258551     0.0049 1.0000e-12     0.9300    79.2548 1.2308e+00 0.0000e+00  0.0558845    19.4658 269.331645     2.5446      4.712    -2.2683    301.643     9.1853 0.0000e+00
      4.628    19.4615 268.258551     0.0037 1.0000e-12     0.9287    79.2809 1.2271e+00 0.0000e+00  0.0554688    19.4662 269.392535     2.5446      4.719    -2.2819    301.643     9.1847 0.0000e+00
      4.635    19.4622 268.270605     0.0330 1.0000e-12     0.9234    79.3855 1.2198e+00 0.0000e+00  0.0554688    19.4658 269.331643     2.5433      4.726    -2.1492    301.652     9.1788 0.0000e+00
      4.643    19.4629 268.294719     0.0195 1.0000e-12     0.9195    79.4639 1.2198e+00 0.0000e+00  0.0558845    19.4660 269.422980     2.5446      4.735    -2.1998    301.675     9.1842 0.0000e+00
      4.651    19.4636 268.306777     0.0049 1.0000e-12     0.9195    79.4639 1.1905e+00 0.0000e+00  0.0554688    19.4656 269.453427     2.5446      4.743    -2.2675    301.683     9.1842 0.0000e+00
      4.658    19.4637 268.246492     0.0024 1.0000e-12     0.9195    79.4639 1.1319e+00 0.0000e+00  0.0554688    19.4655 269.422981     2.5433      4.750    -2.2869    301.615     9.1782 0.0000e+00
      4.664    19.4641 268.234436     0.0330 1.0000e-12     0.9195    79.4639 1.1062e+00 0.0000e+00  0.0554688    19.4658 269.453426     2.5446      4.756    -2.1500    301.599     9.1845 0.0000e+00
      4.672    19.4643 268.282662     0.0208 1.0000e-12     0.9195    79.4639 1.1355e+00 0.0000e+00  0.0558845    19.4660 269.331645     2.5433      4.764    -2.1948    301.652     9.1789 0.0000e+00
      4.682    19.4648 268.342946     0.0049 1.0000e-12     0.9208    79.4378 1.1136e+00 0.0000e+00  0.0558845    19.4655 269.422982     2.5446      4.774    -2.2679    301.716     9.1853 0.0000e+00
      4.690    19.4655 268.318832     0.0024 1.0000e-12     0.9208    79.4378 1.0623e+00 0.0000e+00  0.0554688    19.4662 269.422982     2.5446      4.782    -2.2873    301.684     9.1855 0.0000e+00
      4.698    19.4658 268.342945     0.0317 1.0000e-12     0.9208    79.4378 1.0220e+00 0.0000e+00  0.0554688    19.4658 269.422982     2.5446      4.791    -2.1569    301.709     9.1855 0.0000e+00
      4.705    19.4660 268.270604     0.0220 1.0000e-12     0.9208    79.4378 1.0073e+00 0.0000e+00  0.0554688    19.4658 269.331645     2.5433      4.798    -2.1903    301.626     9.1800 0.0000e+00
      4.715    19.4655 268.282662     0.0061 1.0000e-12     0.9208    79.4378 1.0037e+00 0.0000e+00  0.0558845    19.4658 269.392537     2.5433      4.808    -2.2623    301.643     9.1804 0.0000e+00
      4.724    19.4653 268.342947     0.0012 1.0000e-12     0.9208    79.4378 1.0220e+00 0.0000e+00  0.0563003    19.4648 269.331649     2.5433      4.817    -2.2924    301.713     9.1810 0.0000e+00
      4.734    19.4649 268.294719     0.0305 1.0000e-12     0.9195    79.4639 1.0147e+00 0.0000e+00  0.0558845    19.4646 269.392538     2.5446      4.827    -2.1628    301.661     9.1872 0.0000e+00
      4.743    19.4646 268.222382     0.0232 1.0000e-12     0.9195    79.4639 1.0000e+00 0.0000e+00  0.0554688    19.4637 269.422985     2.5433      4.837    -2.1849    301.582     9.1819 0.0000e+00
      4.752    19.4641 268.282665     0.0061 1.0000e-12     0.9195    79.4639 1.0220e+00 0.0000e+00  0.0554688    19.4639 269.422985     2.5433      4.846    -2.2623    301.653     9.1822 0.0000e+00
      4.760    19.4643 268.330891     0.0012 1.0000e-12     0.9195    79.4639 1.0623e+00 0.0000e+00  0.0554688    19.4630 269.453431     2.5433      4.854    -2.2923    301.706     9.1832 0.0000e+00
      4.768    19.4644 268.306777     0.0293 1.0000e-12     0.9195    79.4639 1.0110e+00 0.0000e+00  0.0558845    19.4632 269.362095     2.5433      4.862    -2.1692    301.678     9.1839 0.0000e+00
      4.777    19.4644 268.330891     0.0244 1.0000e-12     0.9195    79.4639 9.5971e-01 0.0000e+00  0.0558845    19.4628 269.422986     2.5433      4.871    -2.1803    301.705     9.1847 0.0000e+00
      4.787    19.4648 268.318835     0.0061 1.0000e-12     0.9208    79.4378 9.9634e-01 0.0000e+00  0.0554688    19.4630 269.362097     2.5433      4.881    -2.2625    301.689     9.1850 0.0000e+00
      4.796    19.4650 268.330890     0.0012 1.0000e-12     0.9208    79.4378 9.9267e-01 0.0000e+00  0.0550530    19.4626 269.422986     2.5433      4.891    -2.2918    301.701     9.1854 0.0000e+00
      4.806    19.4648 268.342948     0.0281 1.0000e-12     0.9208    79.4378 9.8168e-01 0.0000e+00  0.0554688    19.4630 269.331652     2.5433      4.901    -2.1752    301.716     9.1861 0.0000e+00
      4.816    19.4644 268.282666     0.0256 1.0000e-12     0.9208    79.4378 9.8168e-01 0.0000e+00  0.0554688    19.4626 269.301207     2.5433      4.911    -2.1756    301.651     9.1869 0.0000e+00
      4.827    19.4643 268.294723     0.0073 1.0000e-12     0.9208    79.4378 9.9267e-01 0.0000e+00  0.0554688    19.4627 269.392543     2.5433      4.922    -2.2571    301.665     9.1876 0.0000e+00
      4.837    19.4637 268.270610     0.0012 1.0000e-12     0.9208    79.4378 1.0476e+00 0.0000e+00  0.0554688    19.4621 269.453433     2.5433      4.932    -2.2918    301.642     9.1879 0.0000e+00
