data/05_metadata_exports/SeabirdData/202310_SeabirdData/88673_STN43-2.cnv
* Sea-Bird SBE 9 Data File:
* FileName = C:\Users\rosette\Rosette Data\2023\Ontario lower food web csmi\STN43-2.hex
* Software Version Seasave V 7.26.6.26
* Temperature SN = 5270
* Conductivity SN = 1168
* Number of Bytes Per Scan = 40
* Number of Voltage Words = 5
* Number of Scans Averaged by the Deck Unit = 1
* NMEA Latitude = 43 57.00 N
* NMEA Longitude = 078 03.12 W
* NMEA UTC (Time) = Sep 26 2023  08:10:22
* NMEA baud rate = 4800
** Ship: Lake Guardian
** Cruise: Ontario LFW
** Station:  STN43
# nquan = 18                                
# nvalues = 8240                        
# units = specified
# name 0 = prDM: Pressure, Digiquartz [db]
# name 1 = t090C: Temperature [ITS-90, deg C]
# name 2 = c0uS/cm: Conductivity [uS/cm]
# name 3 = sbeox0V: Oxygen raw, SBE 43 [V]
# name 4 = par: PAR/Irradiance, Biospherical/Licor
# name 5 = bat: Beam Attenuation, Chelsea/Seatech [1/m]
# name 6 = xmiss: Beam Transmission, Chelsea/Seatech [%]
# name 7 = flSP: Fluorescence, Seapoint
# name 8 = spar: SPAR, Biospherical/Licor
# name 9 = upoly0: Upoly 0, Suna Nitrate
# name 10 = t190C: Temperature, 2 [ITS-90, deg C]
# name 11 = c1uS/cm: Conductivity, 2 [uS/cm]
# name 12 = sbeox1V: Oxygen raw, SBE 43, 2 [V]
# name 13 = depFM: Depth [fresh water, m], lat = 43.95
# name 14 = sbeox0Mg/L: Oxygen, SBE 43 [mg/l], WS = 2
# name 15 = specc: Specific Conductance [uS/cm]
# name 16 = sbeox1Mg/L: Oxygen, SBE 43, 2 [mg/l], WS = 2
# name 17 = flag: flag
# span 0 =     -0.180,      5.025       
# span 1 =    15.3656,    19.4681       
# span 2 =   0.610771, 268.391181       
# span 3 =     0.0000,     0.0342       
# span 4 = 1.0000e-12, 3.6383e+00       
# span 5 =     0.9024,    10.5894       
# span 6 =     7.0838,    79.8037       
# span 7 = 8.0586e-02, 2.2747e+00       
# span 8 = 0.0000e+00, 0.0000e+00       
# span 9 =  0.0413330,  0.0625367       
# span 10 =    15.8096,    19.4667      
# span 11 =   3.106016, 269.575220      
# span 12 =     1.8010,     2.8926      
# span 13 =     -0.184,      5.124      
# span 14 =    -2.5041,    -2.1408      
# span 15 =      0.752,    302.397      
# span 16 =     5.8171,    10.9896      
# span 17 = 0.0000e+00, 0.0000e+00      
# interval = seconds: 0.0416667
# start_time = Sep 26 2023 08:10:22 [NMEA time, header]
# bad_flag = -9.990e-29
*END*
[from data line 5227]
      5.017    19.4524 268.234455     0.0073 1.0000e-12     0.9195    79.4639 1.0879e+00 0.0000e+00  0.0563003    19.4555 269.331663     2.5446      5.116    -2.2559    301.678     9.1948 -9.990e-29
      5.018    19.4527 268.246512     0.0012 1.0000e-12     0.9195    79.4639 1.0513e+00 0.0000e+00  0.0558845    19.4557 269.331664     2.5458      5.117    -2.2902    301.690     9.2003 -9.990e-29
      5.018    19.4524 268.210342     0.0232 1.0000e-12     0.9208    79.4378 1.0183e+00 0.0000e+00  0.0558845    19.4553 269.270773     2.5446      5.117    -2.1971    301.651     9.1955 -9.990e-29
      5.019    19.4524 268.246513     0.0281 1.0000e-12     0.9208    79.4378 1.0366e+00 0.0000e+00  0.0558845    19.4552 269.270774     2.5446      5.118    -2.1655    301.692     9.1960 -9.990e-29
      5.019    19.4526 268.198285     0.0085 1.0000e-12     0.9221    79.4116 1.1172e+00 0.0000e+00  0.0563003    19.4553 269.270773     2.5446      5.118    -2.2509    301.636     9.1965 -9.990e-29
      5.020    19.4521 268.222400     0.0012 1.0000e-12     0.9208    79.4378 1.1758e+00 0.0000e+00  0.0563003    19.4552 269.301219     2.5458      5.119    -2.2901    301.667     9.2024 -9.990e-29
      5.020    19.4521 268.234455     0.0220 1.0000e-12     0.9221    79.4116 1.1758e+00 0.0000e+00  0.0554688    19.4550 269.392554     2.5446      5.119    -2.2031    301.680     9.1974 -9.990e-29
      5.020    19.4524 268.234456     0.0293 1.0000e-12     0.9208    79.4378 1.1429e+00 0.0000e+00  0.0554688    19.4548 269.331665     2.5446      5.119    -2.1608    301.678     9.1978 -9.990e-29
      5.020    19.4523 268.174173     0.0098 1.0000e-12     0.9208    79.4378 1.1209e+00 0.0000e+00  0.0554688    19.4555 269.483889     2.5458      5.119    -2.2454    301.611     9.2034 -9.990e-29
      5.020    19.4526 268.186230     0.0012 1.0000e-12     0.9195    79.4639 1.1319e+00 0.0000e+00  0.0554688    19.4553 269.331664     2.5458      5.119    -2.2903    301.622     9.2038 -9.990e-29
      5.020    19.4528 268.186229     0.0208 1.0000e-12     0.9221    79.4116 1.1465e+00 0.0000e+00  0.0554688    19.4557 269.270772     2.5446      5.119    -2.2091    301.621     9.1985 -9.990e-29
      5.020    19.4530 268.222399     0.0293 1.0000e-12     0.9221    79.4116 1.1612e+00 0.0000e+00  0.0558845    19.4559 269.209884     2.5446      5.119    -2.1618    301.660     9.1987 -9.990e-29
      5.020    19.4531 268.210342     0.0098 1.0000e-12     0.9221    79.4116 1.1355e+00 0.0000e+00  0.0558845    19.4558 269.362108     2.5458      5.119    -2.2456    301.646     9.2043 -9.990e-29
      5.019    19.4530 268.210343     0.0024 1.0000e-12     0.9221    79.4116 1.1136e+00 0.0000e+00  0.0558845    19.4557 269.423000     2.5446      5.118    -2.2852    301.647     9.1991 -9.990e-29
      5.017    19.4533 268.246511     0.0195 1.0000e-12     0.9221    79.4116 1.0769e+00 0.0000e+00  0.0554688    19.4558 269.331663     2.5446      5.116    -2.2154    301.686     9.1992 -9.990e-29
      5.015    19.4528 268.222399     0.0305 1.0000e-12     0.9221    79.4116 1.0330e+00 0.0000e+00  0.0558845    19.4553 269.301219     2.5458      5.114    -2.1571    301.662     9.2052 -9.990e-29
      5.013    19.4531 268.282680     0.0110 1.0000e-12     0.9208    79.4378 1.0256e+00 0.0000e+00  0.0558845    19.4555 269.301218     2.5458      5.112    -2.2405    301.728     9.2056 -9.990e-29
      5.012    19.4530 268.234454     0.0024 1.0000e-12     0.9208    79.4378 1.0879e+00 0.0000e+00  0.0558845    19.4550 269.209883     2.5458      5.111    -2.2851    301.674     9.2061 -9.990e-29
      5.010    19.4533 268.210343     0.0171 1.0000e-12     0.9195    79.4639 1.0879e+00 0.0000e+00  0.0554688    19.4548 269.301220     2.5458      5.109    -2.2263    301.645     9.2061 -9.990e-29
      5.008    19.4533 268.210341     0.0305 1.0000e-12     0.9168    79.5162 1.1026e+00 0.0000e+00  0.0554688    19.4545 269.331664     2.5458      5.107    -2.1577    301.645     9.2065 -9.990e-29
      5.006    19.4533 268.246511     0.0110 1.0000e-12     0.9168    79.5162 1.1722e+00 0.0000e+00  0.0554688    19.4543 269.331664     2.5458      5.105    -2.2403    301.686     9.2068 -9.990e-29
      5.006    19.4533 268.258567     0.0012 1.0000e-12     0.9168    79.5162 1.1392e+00 0.0000e+00  0.0558845    19.4550 269.209883     2.5458      5.105    -2.2903    301.699     9.2068 -9.990e-29
      5.005    19.4538 268.246511     0.0159 1.0000e-12     0.9168    79.5162 1.0952e+00 0.0000e+00  0.0558845    19.4550 269.301220     2.5458      5.104    -2.2319    301.682     9.2070 -9.990e-29
      5.003    19.4540 268.246510     0.0317 1.0000e-12     0.9168    79.5162 1.0842e+00 0.0000e+00  0.0554688    19.4557 269.331663     2.5458      5.102    -2.1533    301.681     9.2070 -9.990e-29
      5.000    19.4538 268.258567     0.0122 1.0000e-12     0.9168    79.5162 1.0952e+00 0.0000e+00  0.0554688    19.4560 269.392553     2.5470      5.099    -2.2356    301.696     9.2124 -9.990e-29
      4.998    19.4537 268.246510     0.0024 1.0000e-12     0.9168    79.5162 1.1209e+00 0.0000e+00  0.0558845    19.4564 269.331662     2.5458      5.097    -2.2850    301.683     9.2065 -9.990e-29
      4.997    19.4537 268.210341     0.0147 1.0000e-12     0.9168    79.5162 1.1465e+00 0.0000e+00  0.0558845    19.4562 269.301217     2.5470      5.096    -2.2377    301.642     9.2123 -9.990e-29
      4.995    19.4542 268.234454     0.0317 1.0000e-12     0.9155    79.5423 1.1575e+00 0.0000e+00  0.0558845    19.4565 269.270772     2.5470      5.093    -2.1538    301.666     9.2122 -9.990e-29
      4.993    19.4544 268.258566     0.0122 1.0000e-12     0.9182    79.4900 1.1758e+00 0.0000e+00  0.0554688    19.4567 269.362107     2.5470      5.091    -2.2356    301.692     9.2116 -9.990e-29
      4.991    19.4545 268.270622     0.0024 1.0000e-12     0.9168    79.5162 1.1905e+00 0.0000e+00  0.0558845    19.4572 269.422997     2.5470      5.089    -2.2847    301.704     9.2109 -9.990e-29
      4.988    19.4545 268.222397     0.0122 1.0000e-12     0.9168    79.5162 1.1172e+00 0.0000e+00  0.0563003    19.4573 269.362106     2.5470      5.086    -2.2488    301.650     9.2112 -9.990e-29
      4.985    19.4547 268.246509     0.0330 1.0000e-12     0.9168    79.5162 1.0916e+00 0.0000e+00  0.0563003    19.4572 269.392552     2.5470      5.083    -2.1484    301.676     9.2110 -9.990e-29
      4.982    19.4547 268.198284     0.0134 1.0000e-12     0.9168    79.5162 1.0989e+00 0.0000e+00  0.0558845    19.4567 269.331662     2.5470      5.080    -2.2304    301.622     9.2108 -9.990e-29
      4.978    19.4549 268.222395     0.0024 1.0000e-12     0.9168    79.5162 1.0586e+00 0.0000e+00  0.0558845    19.4578 269.240324     2.5470      5.076    -2.2848    301.648     9.2107 -9.990e-29
      4.976    19.4545 268.246509     0.0110 1.0000e-12     0.9168    79.5162 1.0513e+00 0.0000e+00  0.0563003    19.4573 269.240326     2.5470      5.074    -2.2545    301.677     9.2108 -9.990e-29
      4.975    19.4547 268.210340     0.0330 1.0000e-12     0.9168    79.5162 1.0842e+00 0.0000e+00  0.0558845    19.4569 269.362107     2.5470      5.073    -2.1491    301.635     9.2101 -9.990e-29
      4.972    19.4547 268.246508     0.0147 1.0000e-12     0.9168    79.5162 1.0842e+00 0.0000e+00  0.0550530    19.4569 269.301215     2.5470      5.070    -2.2249    301.676     9.2096 -9.990e-29
      4.971    19.4551 268.246509     0.0024 1.0000e-12     0.9168    79.5162 1.0733e+00 0.0000e+00  0.0550530    19.4574 269.331661     2.5470      5.069    -2.2846    301.673     9.2095 -9.990e-29
      4.969    19.4551 268.330905     0.0098 1.0000e-12     0.9195    79.4639 1.0952e+00 0.0000e+00  0.0554688    19.4571 269.392552     2.5470      5.067    -2.2592    301.768     9.2086 -9.990e-29
      4.966    19.4551 268.222394     0.0330 1.0000e-12     0.9195    79.4639 1.1832e+00 0.0000e+00  0.0558845    19.4574 269.422995     2.5482      5.064    -2.1489    301.646     9.2134 -9.990e-29
      4.965    19.4551 268.246507     0.0147 1.0000e-12     0.9195    79.4639 1.2015e+00 0.0000e+00  0.0554688    19.4574 269.240324     2.5482      5.063    -2.2239    301.673     9.2132 -9.990e-29
      4.965    19.4549 268.222397     0.0024 1.0000e-12     0.9195    79.4639 1.1905e+00 0.0000e+00  0.0554688    19.4574 269.270771     2.5482      5.063    -2.2833    301.648     9.2130 -9.990e-29
      4.964    19.4551 268.234451     0.0085 1.0000e-12     0.9195    79.4639 1.2308e+00 0.0000e+00  0.0558845    19.4573 269.392550     2.5470      5.062    -2.2640    301.660     9.2074 -9.990e-29
      4.964    19.4551 268.258565     0.0342 1.0000e-12     0.9195    79.4639 1.2491e+00 0.0000e+00  0.0558845    19.4576 269.331661     2.5482      5.062    -2.1438    301.687     9.2125 -9.990e-29
      4.963    19.4549 268.294734     0.0159 1.0000e-12     0.9195    79.4639 1.2088e+00 0.0000e+00  0.0558845    19.4567 269.422996     2.5482      5.061    -2.2183    301.729     9.2123 -9.990e-29
      4.963    19.4551 268.210340     0.0024 1.0000e-12     0.9195    79.4639 1.1502e+00 0.0000e+00  0.0558845    19.4569 269.240326     2.5482      5.061    -2.2826    301.633     9.2119 -9.990e-29
      4.963    19.4552 268.294733     0.0073 1.0000e-12     0.9195    79.4639 1.0989e+00 0.0000e+00  0.0558845    19.4573 269.270769     2.5482      5.061    -2.2691    301.727     9.2115 -9.990e-29
      4.962    19.4552 268.306792     0.0330 1.0000e-12     0.9195    79.4639 1.0549e+00 0.0000e+00  0.0558845    19.4570 269.270771     2.5482      5.060    -2.1492    301.740     9.2111 -9.990e-29
      4.962    19.4552 268.210338     0.0159 1.0000e-12     0.9195    79.4639 1.0952e+00 0.0000e+00  0.0558845    19.4569 269.270770     2.5482      5.060    -2.2180    301.632     9.2107 -9.990e-29
      4.963    19.4552 268.294733     0.0037 1.0000e-12     0.9195    79.4639 1.1722e+00 0.0000e+00  0.0554688    19.4570 269.422995     2.5470      5.061    -2.2762    301.727     9.2052 -9.990e-29
      4.965    19.4552 268.234452     0.0061 1.0000e-12     0.9195    79.4639 1.1905e+00 0.0000e+00  0.0550530    19.4569 269.362107     2.5482      5.063    -2.2738    301.659     9.2101 -9.990e-29
      4.966    19.4552 268.246509     0.0342 1.0000e-12     0.9195    79.4639 1.2271e+00 0.0000e+00  0.0554688    19.4569 269.422997     2.5482      5.064    -2.1440    301.673     9.2100 -9.990e-29
      4.966    19.4551 268.246507     0.0171 1.0000e-12     0.9195    79.4639 1.3077e+00 0.0000e+00  0.0554688    19.4569 269.392550     2.5470      5.064    -2.2125    301.673     9.2045 -9.990e-29
      4.967    19.4551 268.198283     0.0037 1.0000e-12     0.9195    79.4639 1.3333e+00 0.0000e+00  0.0554688    19.4564 269.270772     2.5470      5.065    -2.2759    301.619     9.2044 -9.990e-29
      4.968    19.4551 268.222394     0.0049 1.0000e-12     0.9195    79.4639 1.2747e+00 0.0000e+00  0.0554688    19.4567 269.362105     2.5482      5.066    -2.2784    301.646     9.2096 -9.990e-29
      4.969    19.4554 268.210340     0.0342 1.0000e-12     0.9208    79.4378 1.1941e+00 0.0000e+00  0.0554688    19.4567 269.331662     2.5482      5.067    -2.1441    301.631     9.2090 -9.990e-29
      4.971    19.4554 268.282677     0.0171 1.0000e-12     0.9195    79.4639 1.1062e+00 0.0000e+00  0.0558845    19.4567 269.301215     2.5482      5.069    -2.2118    301.712     9.2089 -9.990e-29
      4.972    19.4556 268.234452     0.0024 1.0000e-12     0.9195    79.4639 1.0256e+00 0.0000e+00  0.0554688    19.4566 269.270772     2.5482      5.070    -2.2803    301.656     9.2087 -9.990e-29
      4.975    19.4559 268.186224     0.0037 1.0000e-12     0.9208    79.4378 9.7070e-01 0.0000e+00  0.0554688    19.4572 269.301215     2.5482      5.073    -2.2827    301.600     9.2084 -9.990e-29
      4.978    19.4563 268.246508     0.0342 1.0000e-12     0.9234    79.3855 9.5971e-01 0.0000e+00  0.0554688    19.4571 269.514333     2.5470      5.076    -2.1442    301.665     9.2027 -9.990e-29
      4.982    19.4561 268.294734     0.0183 1.0000e-12     0.9247    79.3593 1.0000e+00 0.0000e+00  0.0558845    19.4570 269.331661     2.5482      5.080    -2.2066    301.721     9.2079 -9.990e-29
      4.984    19.4567 268.234451     0.0037 1.0000e-12     0.9247    79.3593 1.0403e+00 0.0000e+00  0.0554688    19.4574 269.362106     2.5482      5.082    -2.2743    301.649     9.2076 -9.990e-29
      4.986    19.4566 268.246508     0.0037 1.0000e-12     0.9234    79.3855 1.0769e+00 0.0000e+00  0.0558845    19.4572 269.331661     2.5470      5.084    -2.2825    301.663     9.2019 -9.990e-29
      4.988    19.4568 268.222395     0.0342 1.0000e-12     0.9247    79.3593 1.0476e+00 0.0000e+00  0.0558845    19.4576 269.301216     2.5482      5.086    -2.1443    301.635     9.2070 -9.990e-29
      4.989    19.4572 268.282677     0.0195 1.0000e-12     0.9234    79.3855 1.0037e+00 0.0000e+00  0.0558845    19.4574 269.301216     2.5482      5.087    -2.2010    301.700     9.2072 -9.990e-29
      4.989    19.4573 268.270620     0.0037 1.0000e-12     0.9234    79.3855 1.0110e+00 0.0000e+00  0.0554688    19.4571 269.331661     2.5482      5.087    -2.2740    301.685     9.2073 -9.990e-29
      4.989    19.4573 268.174168     0.0024 1.0000e-12     0.9234    79.3855 1.0110e+00 0.0000e+00  0.0554688    19.4574 269.270771     2.5482      5.087    -2.2880    301.577     9.2074 -9.990e-29
      4.990    19.4570 268.186224     0.0330 1.0000e-12     0.9234    79.3855 9.7436e-01 0.0000e+00  0.0558845    19.4574 269.331659     2.5482      5.088    -2.1502    301.593     9.2067 -9.990e-29
      4.994    19.4568 268.210338     0.0208 1.0000e-12     0.9247    79.3593 9.8901e-01 0.0000e+00  0.0558845    19.4576 269.331661     2.5482      5.092    -2.1951    301.621     9.2063 -9.990e-29
      4.998    19.4568 268.234452     0.0049 1.0000e-12     0.9234    79.3855 1.0403e+00 0.0000e+00  0.0558845    19.4576 269.331662     2.5482      5.097    -2.2682    301.648     9.2061 -9.990e-29
      4.999    19.4566 268.318847     0.0024 1.0000e-12     0.9234    79.3855 1.0366e+00 0.0000e+00  0.0563003    19.4578 269.392552     2.5482      5.098    -2.2875    301.744     9.2062 -9.990e-29
      4.999    19.4566 268.282677     0.0330 1.0000e-12     0.9247    79.3593 1.0220e+00 0.0000e+00  0.0558845    19.4578 269.422996     2.5482      5.098    -2.1505    301.704     9.2059 -9.990e-29
      5.000    19.4565 268.270621     0.0208 1.0000e-12     0.9247    79.3593 1.0293e+00 0.0000e+00  0.0554688    19.4569 269.422997     2.5482      5.099    -2.1957    301.691     9.2063 -9.990e-29
      5.001    19.4568 268.246508     0.0049 1.0000e-12     0.9234    79.3855 1.0586e+00 0.0000e+00  0.0554688    19.4567 269.331662     2.5482      5.100    -2.2684    301.662     9.2065 -9.990e-29
      5.003    19.4566 268.246508     0.0012 1.0000e-12     0.9234    79.3855 1.1209e+00 0.0000e+00  0.0554688    19.4563 269.331662     2.5482      5.102    -2.2927    301.663     9.2063 -9.990e-29
      5.005    19.4565 268.246508     0.0317 1.0000e-12     0.9247    79.3593 1.1062e+00 0.0000e+00  0.0554688    19.4560 269.209882     2.5482      5.104    -2.1569    301.664     9.2061 -9.990e-29
      5.007    19.4566 268.210340     0.0220 1.0000e-12     0.9234    79.3855 1.0549e+00 0.0000e+00  0.0558845    19.4555 269.270774     2.5482      5.106    -2.1907    301.622     9.2064 -9.990e-29
      5.008    19.4563 268.246508     0.0049 1.0000e-12     0.9234    79.3855 1.0147e+00 0.0000e+00  0.0558845    19.4557 269.270772     2.5482      5.107    -2.2680    301.665     9.2057 -9.990e-29
      5.010    19.4560 268.270621     0.0024 1.0000e-12     0.9247    79.3593 1.0330e+00 0.0000e+00  0.0554688    19.4558 269.270772     2.5482      5.109    -2.2869    301.694     9.2054 -9.990e-29
