data/05_metadata_exports/SeabirdData/202310_SeabirdData/88673_STN43-2.cnv
* Sea-Bird SBE 9 Data File:
* FileName = C:\Users\rosette\Rosette Data\2023\Ontario lower food web csmi\STN43-2.hex
* Software Version Seasave V 7.26.6.26
* Temperature SN = 5270
* Conductivity SN = 1168
* Number of Bytes Per Scan = 40
* Number of Voltage Words = 5
* Number of Scans Averaged by the Deck Unit = 1
* NMEA Latitude = 43 57.00 N
* NMEA Longitude = 078 03.12 W
* NMEA UTC (Time) = Sep 26 2023  08:10:22
* NMEA baud rate = 4800
** Ship: Lake Guardian
** Cruise: Ontario LFW
** Station:  STN43
# nquan = 18                                
# nvalues = 8240                        
# units = specified
# name 0 = prDM: Pressure, Digiquartz [db]
# name 1 = t090C: Temperature [ITS-90, deg C]
# name 2 = c0uS/cm: Conductivity [uS/cm]
# name 3 = sbeox0V: Oxygen raw, SBE 43 [V]
# name 4 = par: PAR/Irradiance, Biospherical/Licor
# name 5 = bat: Beam Attenuation, Chelsea/Seatech [1/m]
# name 6 = xmiss: Beam Transmission, Chelsea/Seatech [%]
# name 7 = flSP: Fluorescence, Seapoint
# name 8 = spar: SPAR, Biospherical/Licor
# name 9 = upoly0: Upoly 0, Suna Nitrate
# name 10 = t190C: Temperature, 2 [ITS-90, deg C]
# name 11 = c1uS/cm: Conductivity, 2 [uS/cm]
# name 12 = sbeox1V: Oxygen raw, SBE 43, 2 [V]
# name 13 = depFM: Depth [fresh water, m], lat = 43.95
# name 14 = sbeox0Mg/L: Oxygen, SBE 43 [mg/l], WS = 2
# name 15 = specc: Specific Conductance [uS/cm]
# name 16 = sbeox1Mg/L: Oxygen, SBE 43, 2 [mg/l], WS = 2
# name 17 = flag: flag
# span 0 =     -0.180,      5.025       
# span 1 =    15.3656,    19.4681       
# span 2 =   0.610771, 268.391181       
# span 3 =     0.0000,     0.0342       
# span 4 = 1.0000e-12, 3.6383e+00       
# span 5 =     0.9024,    10.5894       
# span 6 =     7.0838,    79.8037       
# span 7 = 8.0586e-02, 2.2747e+00       
# span 8 = 0.0000e+00, 0.0000e+00       
# span 9 =  0.0413330,  0.0625367       
# span 10 =    15.8096,    19.4667      
# span 11 =   3.106016, 269.575220      
# span 12 =     1.8010,     2.8926      
# span 13 =     -0.184,      5.124      
# span 14 =    -2.5041,    -2.1408      
# span 15 =      0.752,    302.397      
# span 16 =     5.8171,    10.9896      
# span 17 = 0.0000e+00, 0.0000e+00      
# interval = seconds: 0.0416667
# start_time = Sep 26 2023 08:10:22 [NMEA time, header]
# bad_flag = -9.990e-29
*END*
[from data line 6031]
      4.979    19.4578 268.246505     0.0085 1.0000e-12     0.9221    79.4116 1.1868e+00 0.0000e+00  0.0554688    19.4578 269.453440     2.5495      5.077    -2.2511    301.655     9.2247 -9.990e-29
      4.980    19.4578 268.210337     0.0012 1.0000e-12     0.9221    79.4116 1.1758e+00 0.0000e+00  0.0554688    19.4581 269.483887     2.5507      5.078    -2.2907    301.614     9.2297 -9.990e-29
      4.981    19.4577 268.210337     0.0232 1.0000e-12     0.9261    79.3332 1.1465e+00 0.0000e+00  0.0554688    19.4588 269.331660     2.5495      5.079    -2.1981    301.615     9.2233 -9.990e-29
      4.982    19.4578 268.210337     0.0281 1.0000e-12     0.9287    79.2809 1.1172e+00 0.0000e+00  0.0563003    19.4590 269.301215     2.5495      5.080    -2.1664    301.614     9.2224 -9.990e-29
      4.981    19.4578 268.246507     0.0085 1.0000e-12     0.9300    79.2548 1.1136e+00 0.0000e+00  0.0563003    19.4592 269.270769     2.5507      5.079    -2.2515    301.655     9.2269 -9.990e-29
      4.980    19.4578 268.258563     0.0012 1.0000e-12     0.9287    79.2809 1.1209e+00 0.0000e+00  0.0558845    19.4604 269.209878     2.5507      5.078    -2.2911    301.669     9.2257 -9.990e-29
      4.979    19.4577 268.246505     0.0220 1.0000e-12     0.9287    79.2809 1.1282e+00 0.0000e+00  0.0554688    19.4607 269.301211     2.5495      5.077    -2.2042    301.656     9.2193 -9.990e-29
      4.980    19.4577 268.258563     0.0293 1.0000e-12     0.9300    79.2548 1.1282e+00 0.0000e+00  0.0554688    19.4612 269.392548     2.5495      5.078    -2.1615    301.669     9.2182 -9.990e-29
      4.980    19.4578 268.246507     0.0098 1.0000e-12     0.9287    79.2809 1.1319e+00 0.0000e+00  0.0558845    19.4611 269.301213     2.5507      5.078    -2.2461    301.655     9.2230 -9.990e-29
      4.980    19.4578 268.282676     0.0024 1.0000e-12     0.9300    79.2548 1.1392e+00 0.0000e+00  0.0558845    19.4609 269.331658     2.5507      5.078    -2.2858    301.696     9.2219 -9.990e-29
      4.979    19.4578 268.270620     0.0195 1.0000e-12     0.9287    79.2809 1.1392e+00 0.0000e+00  0.0550530    19.4611 269.392548     2.5507      5.077    -2.2160    301.682     9.2212 -9.990e-29
      4.978    19.4578 268.270619     0.0305 1.0000e-12     0.9300    79.2548 1.1319e+00 0.0000e+00  0.0554688    19.4607 269.301212     2.5507      5.076    -2.1569    301.682     9.2205 -9.990e-29
      4.977    19.4578 268.246507     0.0098 1.0000e-12     0.9300    79.2548 1.1355e+00 0.0000e+00  0.0558845    19.4611 269.453439     2.5507      5.075    -2.2460    301.655     9.2197 -9.990e-29
      4.977    19.4578 268.246505     0.0024 1.0000e-12     0.9300    79.2548 1.1722e+00 0.0000e+00  0.0558845    19.4611 269.483882     2.5507      5.075    -2.2853    301.655     9.2189 -9.990e-29
      4.978    19.4580 268.258563     0.0183 1.0000e-12     0.9300    79.2548 1.2344e+00 0.0000e+00  0.0554688    19.4612 269.301213     2.5507      5.076    -2.2213    301.667     9.2181 -9.990e-29
      4.979    19.4578 268.246507     0.0305 1.0000e-12     0.9300    79.2548 1.3370e+00 0.0000e+00  0.0554688    19.4613 269.362103     2.5507      5.077    -2.1572    301.655     9.2173 -9.990e-29
      4.979    19.4578 268.246507     0.0110 1.0000e-12     0.9300    79.2548 1.4359e+00 0.0000e+00  0.0558845    19.4611 269.362103     2.5507      5.077    -2.2403    301.655     9.2165 -9.990e-29
      4.978    19.4577 268.246507     0.0024 1.0000e-12     0.9300    79.2548 1.4762e+00 0.0000e+00  0.0554688    19.4607 269.270768     2.5507      5.076    -2.2848    301.656     9.2162 -9.990e-29
      4.976    19.4577 268.198281     0.0159 1.0000e-12     0.9287    79.2809 1.5165e+00 0.0000e+00  0.0554688    19.4609 269.422994     2.5507      5.074    -2.2318    301.601     9.2158 -9.990e-29
      4.974    19.4574 268.222392     0.0305 1.0000e-12     0.9287    79.2809 1.4872e+00 0.0000e+00  0.0554688    19.4606 269.362102     2.5507      5.072    -2.1575    301.631     9.2155 -9.990e-29
      4.973    19.4577 268.234450     0.0110 1.0000e-12     0.9287    79.2809 1.4212e+00 0.0000e+00  0.0558845    19.4609 269.422994     2.5507      5.071    -2.2401    301.642     9.2151 -9.990e-29
      4.973    19.4577 268.210336     0.0024 1.0000e-12     0.9300    79.2548 1.3626e+00 0.0000e+00  0.0558845    19.4604 269.422992     2.5507      5.071    -2.2847    301.615     9.2148 -9.990e-29
      4.974    19.4577 268.246507     0.0147 1.0000e-12     0.9287    79.2809 1.3443e+00 0.0000e+00  0.0554688    19.4607 269.331658     2.5507      5.072    -2.2378    301.656     9.2144 -9.990e-29
      4.975    19.4580 268.318846     0.0317 1.0000e-12     0.9221    79.4116 1.3260e+00 0.0000e+00  0.0558845    19.4604 269.301213     2.5495      5.073    -2.1531    301.735     9.2082 -9.990e-29
      4.974    19.4584 268.306789     0.0122 1.0000e-12     0.9208    79.4378 1.2930e+00 0.0000e+00  0.0558845    19.4604 269.301213     2.5507      5.072    -2.2353    301.719     9.2133 -9.990e-29
      4.973    19.4582 268.234449     0.0024 1.0000e-12     0.9195    79.4639 1.2784e+00 0.0000e+00  0.0558845    19.4609 269.392547     2.5507      5.071    -2.2844    301.639     9.2128 -9.990e-29
      4.971    19.4585 268.234449     0.0134 1.0000e-12     0.9195    79.4639 1.2601e+00 0.0000e+00  0.0554688    19.4606 269.331658     2.5495      5.069    -2.2432    301.637     9.2071 -9.990e-29
      4.971    19.4591 268.246504     0.0317 1.0000e-12     0.9221    79.4116 1.2344e+00 0.0000e+00  0.0554688    19.4607 269.301211     2.5495      5.069    -2.1535    301.646     9.2063 -9.990e-29
      4.971    19.4591 268.258562     0.0134 1.0000e-12     0.9221    79.4116 1.2821e+00 0.0000e+00  0.0554688    19.4604 269.301213     2.5495      5.069    -2.2297    301.660     9.2061 -9.990e-29
      4.970    19.4594 268.294731     0.0024 1.0000e-12     0.9208    79.4378 1.3919e+00 0.0000e+00  0.0558845    19.4606 269.209878     2.5495      5.068    -2.2841    301.698     9.2057 -9.990e-29
      4.969    19.4596 268.270616     0.0122 1.0000e-12     0.9221    79.4116 1.4103e+00 0.0000e+00  0.0558845    19.4606 269.179432     2.5495      5.067    -2.2485    301.670     9.2054 -9.990e-29
      4.968    19.4598 268.270618     0.0330 1.0000e-12     0.9221    79.4116 1.3223e+00 0.0000e+00  0.0558845    19.4604 269.362104     2.5495      5.066    -2.1485    301.669     9.2048 -9.990e-29
      4.968    19.4599 268.246503     0.0134 1.0000e-12     0.9208    79.4378 1.2454e+00 0.0000e+00  0.0558845    19.4600 269.422993     2.5507      5.066    -2.2297    301.641     9.2096 -9.990e-29
      4.969    19.4601 268.258561     0.0024 1.0000e-12     0.9208    79.4378 1.2527e+00 0.0000e+00  0.0554688    19.4602 269.422994     2.5495      5.067    -2.2836    301.653     9.2044 -9.990e-29
      4.969    19.4604 268.270617     0.0098 1.0000e-12     0.9208    79.4378 1.2894e+00 0.0000e+00  0.0554688    19.4606 269.422994     2.5495      5.067    -2.2587    301.664     9.2046 -9.990e-29
      4.969    19.4601 268.258559     0.0342 1.0000e-12     0.9221    79.4116 1.3004e+00 0.0000e+00  0.0558845    19.4604 269.362102     2.5495      5.067    -2.1435    301.653     9.2050 -9.990e-29
      4.969    19.4605 268.318843     0.0147 1.0000e-12     0.9221    79.4116 1.3150e+00 0.0000e+00  0.0558845    19.4602 269.453440     2.5495      5.067    -2.2234    301.718     9.2053 -9.990e-29
      4.968    19.4601 268.234448     0.0024 1.0000e-12     0.9208    79.4378 1.3187e+00 0.0000e+00  0.0558845    19.4606 269.362103     2.5495      5.066    -2.2827    301.626     9.2051 -9.990e-29
      4.967    19.4601 268.246503     0.0085 1.0000e-12     0.9208    79.4378 1.2821e+00 0.0000e+00  0.0558845    19.4609 269.301211     2.5495      5.065    -2.2639    301.639     9.2054 -9.990e-29
      4.967    19.4599 268.222392     0.0342 1.0000e-12     0.9208    79.4378 1.2344e+00 0.0000e+00  0.0558845    19.4613 269.392548     2.5495      5.065    -2.1433    301.614     9.2053 -9.990e-29
      4.966    19.4598 268.210335     0.0159 1.0000e-12     0.9208    79.4378 1.1978e+00 0.0000e+00  0.0554688    19.4607 269.331657     2.5495      5.064    -2.2179    301.601     9.2053 -9.990e-29
      4.966    19.4599 268.282673     0.0037 1.0000e-12     0.9208    79.4378 1.1648e+00 0.0000e+00  0.0554688    19.4607 269.422992     2.5495      5.064    -2.2764    301.681     9.2053 -9.990e-29
      4.968    19.4599 268.258561     0.0073 1.0000e-12     0.9221    79.4116 1.1319e+00 0.0000e+00  0.0554688    19.4606 269.453439     2.5495      5.066    -2.2687    301.654     9.2054 -9.990e-29
      4.968    19.4599 268.258561     0.0342 1.0000e-12     0.9247    79.3593 1.1172e+00 0.0000e+00  0.0554688    19.4607 269.362103     2.5495      5.066    -2.1438    301.654     9.2054 -9.990e-29
      4.968    19.4598 268.270616     0.0159 1.0000e-12     0.9247    79.3593 1.1355e+00 0.0000e+00  0.0554688    19.4609 269.422992     2.5495      5.066    -2.2180    301.669     9.2055 -9.990e-29
      4.969    19.4598 268.294731     0.0024 1.0000e-12     0.9247    79.3593 1.1648e+00 0.0000e+00  0.0558845    19.4607 269.483884     2.5495      5.067    -2.2819    301.696     9.2057 -9.990e-29
      4.969    19.4594 268.270618     0.0049 1.0000e-12     0.9247    79.3593 1.1722e+00 0.0000e+00  0.0554688    19.4602 269.331659     2.5495      5.067    -2.2787    301.671     9.2060 -9.990e-29
      4.968    19.4592 268.246504     0.0342 1.0000e-12     0.9261    79.3332 1.1465e+00 0.0000e+00  0.0554688    19.4606 269.392547     2.5482      5.066    -2.1441    301.645     9.2002 -9.990e-29
      4.969    19.4593 268.246505     0.0171 1.0000e-12     0.9247    79.3593 1.1136e+00 0.0000e+00  0.0558845    19.4602 269.331659     2.5495      5.067    -2.2122    301.645     9.2060 -9.990e-29
      4.968    19.4594 268.258562     0.0037 1.0000e-12     0.9247    79.3593 1.0916e+00 0.0000e+00  0.0558845    19.4604 269.331658     2.5495      5.066    -2.2753    301.658     9.2062 -9.990e-29
      4.967    19.4592 268.258560     0.0049 1.0000e-12     0.9247    79.3593 1.0842e+00 0.0000e+00  0.0558845    19.4604 269.331657     2.5482      5.065    -2.2782    301.659     9.2006 -9.990e-29
      4.968    19.4596 268.294730     0.0342 1.0000e-12     0.9247    79.3593 1.0806e+00 0.0000e+00  0.0558845    19.4607 269.270766     2.5482      5.066    -2.1443    301.697     9.2005 -9.990e-29
      4.970    19.4599 268.330901     0.0183 1.0000e-12     0.9247    79.3593 1.0659e+00 0.0000e+00  0.0554688    19.4600 269.362104     2.5495      5.068    -2.2067    301.736     9.2064 -9.990e-29
      4.971    19.4603 268.306787     0.0037 1.0000e-12     0.9261    79.3332 1.0403e+00 0.0000e+00  0.0554688    19.4597 269.483885     2.5482      5.069    -2.2748    301.706     9.2005 -9.990e-29
      4.972    19.4603 268.306786     0.0037 1.0000e-12     0.9247    79.3593 1.0183e+00 0.0000e+00  0.0554688    19.4592 269.331659     2.5482      5.070    -2.2831    301.706     9.2006 -9.990e-29
      4.973    19.4606 268.330900     0.0330 1.0000e-12     0.9261    79.3332 1.0147e+00 0.0000e+00  0.0554688    19.4602 269.301214     2.5482      5.071    -2.1499    301.731     9.2004 -9.990e-29
      4.973    19.4608 268.282674     0.0195 1.0000e-12     0.9247    79.3593 1.0293e+00 0.0000e+00  0.0554688    19.4606 269.392549     2.5482      5.071    -2.2013    301.675     9.1999 -9.990e-29
      4.973    19.4612 268.246502     0.0037 1.0000e-12     0.9247    79.3593 1.0513e+00 0.0000e+00  0.0554688    19.4611 269.331656     2.5495      5.071    -2.2746    301.632     9.2062 -9.990e-29
      4.974    19.4613 268.282673     0.0024 1.0000e-12     0.9247    79.3593 1.0733e+00 0.0000e+00  0.0554688    19.4612 269.301213     2.5495      5.072    -2.2886    301.672     9.2062 -9.990e-29
      4.975    19.4608 268.270617     0.0330 1.0000e-12     0.9247    79.3593 1.0806e+00 0.0000e+00  0.0558845    19.4616 269.331657     2.5495      5.073    -2.1509    301.662     9.2058 -9.990e-29
      4.975    19.4612 268.294728     0.0208 1.0000e-12     0.9247    79.3593 1.0806e+00 0.0000e+00  0.0558845    19.4621 269.422991     2.5495      5.073    -2.1957    301.686     9.2054 -9.990e-29
      4.977    19.4610 268.306786     0.0049 1.0000e-12     0.9261    79.3332 1.1136e+00 0.0000e+00  0.0558845    19.4616 269.331657     2.5482      5.075    -2.2688    301.701     9.1994 -9.990e-29
      4.979    19.4612 268.258560     0.0012 1.0000e-12     0.9247    79.3593 1.1685e+00 0.0000e+00  0.0563003    19.4611 269.209878     2.5495      5.077    -2.2934    301.645     9.2052 -9.990e-29
      4.979    19.4615 268.318843     0.0330 1.0000e-12     0.9261    79.3332 1.1905e+00 0.0000e+00  0.0558845    19.4607 269.392549     2.5482      5.077    -2.1511    301.711     9.1992 -9.990e-29
      4.979    19.4616 268.282673     0.0208 1.0000e-12     0.9261    79.3332 1.2198e+00 0.0000e+00  0.0554688    19.4611 269.392548     2.5482      5.077    -2.1956    301.670     9.1990 -9.990e-29
      4.978    19.4616 268.282671     0.0049 1.0000e-12     0.9247    79.3593 1.2674e+00 0.0000e+00  0.0558845    19.4609 269.453437     2.5482      5.076    -2.2682    301.670     9.1989 -9.990e-29
      4.979    19.4616 268.258560     0.0012 1.0000e-12     0.9247    79.3593 1.2930e+00 0.0000e+00  0.0558845    19.4618 269.301212     2.5482      5.077    -2.2925    301.643     9.1987 -9.990e-29
      4.981    19.4616 268.282673     0.0317 1.0000e-12     0.9261    79.3332 1.2601e+00 0.0000e+00  0.0554688    19.4618 269.270767     2.5482      5.079    -2.1567    301.670     9.1986 -9.990e-29
      4.982    19.4620 268.258558     0.0220 1.0000e-12     0.9261    79.3332 1.1905e+00 0.0000e+00  0.0558845    19.4613 269.331657     2.5482      5.080    -2.1896    301.640     9.1987 -9.990e-29
      4.984    19.4616 268.282673     0.0061 1.0000e-12     0.9261    79.3332 1.1465e+00 0.0000e+00  0.0558845    19.4611 269.331658     2.5482      5.082    -2.2620    301.670     9.1988 -9.990e-29
      4.986    19.4615 268.306786     0.0024 1.0000e-12     0.9261    79.3332 1.1538e+00 0.0000e+00  0.0558845    19.4604 269.270768     2.5482      5.084    -2.2866    301.698     9.1990 -9.990e-29
      4.988    19.4618 268.330899     0.0305 1.0000e-12     0.9261    79.3332 1.2234e+00 0.0000e+00  0.0554688    19.4606 269.362103     2.5482      5.086    -2.1626    301.723     9.1991 -9.990e-29
      4.989    19.4618 268.270616     0.0232 1.0000e-12     0.9261    79.3332 1.3223e+00 0.0000e+00  0.0558845    19.4600 269.362104     2.5482      5.087    -2.1850    301.655     9.1989 -9.990e-29
      4.990    19.4616 268.258560     0.0061 1.0000e-12     0.9261    79.3332 1.3626e+00 0.0000e+00  0.0563003    19.4600 269.453440     2.5482      5.088    -2.2619    301.643     9.1990 -9.990e-29
      4.990    19.4619 268.270616     0.0012 1.0000e-12     0.9261    79.3332 1.3516e+00 0.0000e+00  0.0558845    19.4600 269.422994     2.5482      5.088    -2.2915    301.654     9.1992 -9.990e-29
      4.991    19.4618 268.294729     0.0293 1.0000e-12     0.9261    79.3332 1.3040e+00 0.0000e+00  0.0558845    19.4600 269.422994     2.5482      5.089    -2.1683    301.682     9.1990 -9.990e-29
      4.992    19.4615 268.330899     0.0244 1.0000e-12     0.9261    79.3332 1.2088e+00 0.0000e+00  0.0558845    19.4602 269.362104     2.5482      5.090    -2.1797    301.725     9.1987 -9.990e-29
      4.992    19.4616 268.342956     0.0061 1.0000e-12     0.9261    79.3332 1.1282e+00 0.0000e+00  0.0558845    19.4604 269.453439     2.5482      5.090    -2.2615    301.738     9.1990 -9.990e-29
      4.993    19.4615 268.306786     0.0012 1.0000e-12     0.9261    79.3332 1.0989e+00 0.0000e+00  0.0558845    19.4604 269.362104     2.5482      5.091    -2.2912    301.698     9.1988 -9.990e-29
