data/05_metadata_exports/SeabirdData/202310_SeabirdData/88673_STN43-2.cnv
* Sea-Bird SBE 9 Data File:
* FileName = C:\Users\rosette\Rosette Data\2023\Ontario lower food web csmi\STN43-2.hex
* Software Version Seasave V 7.26.6.26
* Temperature SN = 5270
* Conductivity SN = 1168
* Number of Bytes Per Scan = 40
* Number of Voltage Words = 5
* Number of Scans Averaged by the Deck Unit = 1
* NMEA Latitude = 43 57.00 N
* NMEA Longitude = 078 03.12 W
* NMEA UTC (Time) = Sep 26 2023  08:10:22
* NMEA baud rate = 4800
** Ship: Lake Guardian
** Cruise: Ontario LFW
** Station:  STN43
# nquan = 18                                
# nvalues = 8240                        
# units = specified
# name 0 = prDM: Pressure, Digiquartz [db]
# name 1 = t090C: Temperature [ITS-90, deg C]
# name 2 = c0uS/cm: Conductivity [uS/cm]
# name 3 = sbeox0V: Oxygen raw, SBE 43 [V]
# name 4 = par: PAR/Irradiance, Biospherical/Licor
# name 5 = bat: Beam Attenuation, Chelsea/Seatech [1/m]
# name 6 = xmiss: Beam Transmission, Chelsea/Seatech [%]
# name 7 = flSP: Fluorescence, Seapoint
# name 8 = spar: SPAR, Biospherical/Licor
# name 9 = upoly0: Upoly 0, Suna Nitrate
# name 10 = t190C: Temperature, 2 [ITS-90, deg C]
# name 11 = c1uS/cm: Conductivity, 2 [uS/cm]
# name 12 = sbeox1V: Oxygen raw, SBE 43, 2 [V]
# name 13 = depFM: Depth [fresh water, m], lat = 43.95
# name 14 = sbeox0Mg/L: Oxygen, SBE 43 [mg/l], WS = 2
# name 15 = specc: Specific Conductance [uS/cm]
# name 16 = sbeox1Mg/L: Oxygen, SBE 43, 2 [mg/l], WS = 2
# name 17 = flag: flag
# span 0 =     -0.180,      5.025       
# span 1 =    15.3656,    19.4681       
# span 2 =   0.610771, 268.391181       
# span 3 =     0.0000,     0.0342       
# span 4 = 1.0000e-12, 3.6383e+00       
# span 5 =     0.9024,    10.5894       
# span 6 =     7.0838,    79.8037       
# span 7 = 8.0586e-02, 2.2747e+00       
# span 8 = 0.0000e+00, 0.0000e+00       
# span 9 =  0.0413330,  0.0625367       
# span 10 =    15.8096,    19.4667      
# span 11 =   3.106016, 269.575220      
# span 12 =     1.8010,     2.8926      
# span 13 =     -0.184,      5.124      
# span 14 =    -2.5041,    -2.1408      
# span 15 =      0.752,    302.397      
# span 16 =     5.8171,    10.9896      
# span 17 = 0.0000e+00, 0.0000e+00      
# interval = seconds: 0.0416667
# start_time = Sep 26 2023 08:10:22 [NMEA time, header]
# bad_flag = -9.990e-29
*END*
[from data line 7799]
      5.002    19.4599 268.270619     0.0024 1.0000e-12     0.9103    79.6469 1.1209e+00 0.0000e+00  0.0554688    19.4580 269.301217     2.5507      5.101    -2.2828    301.668     9.2135 -9.990e-29
      5.003    19.4598 268.294731     0.0073 1.0000e-12     0.9090    79.6730 1.0879e+00 0.0000e+00  0.0550530    19.4583 269.422996     2.5495      5.102    -2.2681    301.696     9.2077 -9.990e-29
      5.004    19.4598 268.270618     0.0342 1.0000e-12     0.9090    79.6730 1.0513e+00 0.0000e+00  0.0558845    19.4580 269.362106     2.5495      5.103    -2.1437    301.669     9.2075 -9.990e-29
      5.006    19.4599 268.258562     0.0159 1.0000e-12     0.9103    79.6469 1.0366e+00 0.0000e+00  0.0558845    19.4586 269.392551     2.5495      5.105    -2.2183    301.654     9.2075 -9.990e-29
      5.008    19.4599 268.258561     0.0024 1.0000e-12     0.9090    79.6730 1.0549e+00 0.0000e+00  0.0558845    19.4583 269.240325     2.5495      5.107    -2.2818    301.654     9.2078 -9.990e-29
      5.010    19.4598 268.246506     0.0061 1.0000e-12     0.9090    79.6730 1.0916e+00 0.0000e+00  0.0558845    19.4585 269.362107     2.5495      5.109    -2.2728    301.641     9.2075 -9.990e-29
      5.012    19.4599 268.258561     0.0342 1.0000e-12     0.9103    79.6469 1.0916e+00 0.0000e+00  0.0558845    19.4583 269.331660     2.5495      5.111    -2.1438    301.654     9.2073 -9.990e-29
      5.014    19.4599 268.246506     0.0159 1.0000e-12     0.9103    79.6469 1.0476e+00 0.0000e+00  0.0558845    19.4585 269.240326     2.5495      5.113    -2.2180    301.641     9.2070 -9.990e-29
      5.015    19.4601 268.258561     0.0024 1.0000e-12     0.9090    79.6730 9.9267e-01 0.0000e+00  0.0558845    19.4581 269.301215     2.5495      5.114    -2.2814    301.653     9.2074 -9.990e-29
      5.016    19.4599 268.246506     0.0073 1.0000e-12     0.9103    79.6469 9.5604e-01 0.0000e+00  0.0554688    19.4580 269.331662     2.5495      5.115    -2.2671    301.641     9.2072 -9.990e-29
      5.017    19.4599 268.282674     0.0342 1.0000e-12     0.9090    79.6730 9.4872e-01 0.0000e+00  0.0554688    19.4585 269.331660     2.5495      5.116    -2.1434    301.681     9.2069 -9.990e-29
      5.017    19.4598 268.234450     0.0159 1.0000e-12     0.9090    79.6730 9.7802e-01 0.0000e+00  0.0554688    19.4581 269.331662     2.5482      5.116    -2.2176    301.628     9.2009 -9.990e-29
      5.018    19.4598 268.318844     0.0024 1.0000e-12     0.9090    79.6730 1.0256e+00 0.0000e+00  0.0558845    19.4586 269.392550     2.5482      5.117    -2.2807    301.723     9.2007 -9.990e-29
      5.019    19.4599 268.318845     0.0049 1.0000e-12     0.9168    79.5162 1.0586e+00 0.0000e+00  0.0558845    19.4583 269.331662     2.5482      5.118    -2.2773    301.722     9.2006 -9.990e-29
      5.019    19.4596 268.270619     0.0342 1.0000e-12     0.9234    79.3855 1.0586e+00 0.0000e+00  0.0558845    19.4578 269.331662     2.5482      5.118    -2.1434    301.670     9.2006 -9.990e-29
      5.019    19.4598 268.270618     0.0171 1.0000e-12     0.9247    79.3593 1.0330e+00 0.0000e+00  0.0558845    19.4583 269.331660     2.5482      5.118    -2.2122    301.669     9.2004 -9.990e-29
      5.018    19.4598 268.294732     0.0037 1.0000e-12     0.9247    79.3593 1.0366e+00 0.0000e+00  0.0554688    19.4586 269.331661     2.5482      5.117    -2.2749    301.696     9.1999 -9.990e-29
      5.018    19.4599 268.258561     0.0061 1.0000e-12     0.9247    79.3593 1.1099e+00 0.0000e+00  0.0554688    19.4583 269.331660     2.5482      5.117    -2.2720    301.654     9.1995 -9.990e-29
      5.017    19.4598 268.246507     0.0342 1.0000e-12     0.9247    79.3593 1.1245e+00 0.0000e+00  0.0558845    19.4583 269.240327     2.5482      5.116    -2.1434    301.641     9.1991 -9.990e-29
      5.015    19.4598 268.318844     0.0171 1.0000e-12     0.9247    79.3593 1.1429e+00 0.0000e+00  0.0563003    19.4583 269.301215     2.5482      5.114    -2.2114    301.723     9.1991 -9.990e-29
      5.013    19.4599 268.270618     0.0037 1.0000e-12     0.9247    79.3593 1.1685e+00 0.0000e+00  0.0563003    19.4583 269.392551     2.5482      5.112    -2.2740    301.668     9.1992 -9.990e-29
      5.013    19.4598 268.282676     0.0049 1.0000e-12     0.9247    79.3593 1.1612e+00 0.0000e+00  0.0558845    19.4587 269.331661     2.5482      5.112    -2.2769    301.682     9.1989 -9.990e-29
      5.012    19.4599 268.270618     0.0342 1.0000e-12     0.9247    79.3593 1.0842e+00 0.0000e+00  0.0558845    19.4585 269.331660     2.5495      5.111    -2.1437    301.668     9.2042 -9.990e-29
      5.010    19.4599 268.318845     0.0183 1.0000e-12     0.9247    79.3593 1.0403e+00 0.0000e+00  0.0554688    19.4587 269.392552     2.5495      5.109    -2.2068    301.722     9.2039 -9.990e-29
      5.008    19.4599 268.282674     0.0037 1.0000e-12     0.9247    79.3593 1.0110e+00 0.0000e+00  0.0554688    19.4585 269.331660     2.5482      5.107    -2.2744    301.681     9.1976 -9.990e-29
      5.007    19.4600 268.246505     0.0049 1.0000e-12     0.9247    79.3593 1.0073e+00 0.0000e+00  0.0558845    19.4581 269.422996     2.5482      5.106    -2.2773    301.640     9.1976 -9.990e-29
      5.005    19.4601 268.246506     0.0342 1.0000e-12     0.9247    79.3593 1.0293e+00 0.0000e+00  0.0558845    19.4585 269.392552     2.5482      5.104    -2.1441    301.639     9.1971 -9.990e-29
      5.003    19.4599 268.246505     0.0183 1.0000e-12     0.9234    79.3855 1.0220e+00 0.0000e+00  0.0554688    19.4583 269.453441     2.5495      5.102    -2.2069    301.641     9.2027 -9.990e-29
      5.001    19.4599 268.258561     0.0037 1.0000e-12     0.9247    79.3593 1.0366e+00 0.0000e+00  0.0554688    19.4588 269.362105     2.5495      5.100    -2.2745    301.654     9.2023 -9.990e-29
      4.999    19.4601 268.318844     0.0037 1.0000e-12     0.9234    79.3855 1.1026e+00 0.0000e+00  0.0558845    19.4581 269.331660     2.5482      5.098    -2.2823    301.721     9.1963 -9.990e-29
      4.997    19.4598 268.282676     0.0330 1.0000e-12     0.9247    79.3593 1.0769e+00 0.0000e+00  0.0558845    19.4585 269.331662     2.5482      5.096    -2.1499    301.682     9.1960 -9.990e-29
      4.994    19.4599 268.294731     0.0195 1.0000e-12     0.9247    79.3593 1.0220e+00 0.0000e+00  0.0554688    19.4585 269.392550     2.5482      5.092    -2.2017    301.695     9.1955 -9.990e-29
      4.989    19.4601 268.258561     0.0037 1.0000e-12     0.9247    79.3593 1.0000e+00 0.0000e+00  0.0550530    19.4585 269.301215     2.5495      5.087    -2.2750    301.653     9.2009 -9.990e-29
      4.986    19.4601 268.282672     0.0037 1.0000e-12     0.9208    79.4378 1.0073e+00 0.0000e+00  0.0554688    19.4581 269.392549     2.5482      5.084    -2.2832    301.680     9.1946 -9.990e-29
      4.984    19.4599 268.270618     0.0342 1.0000e-12     0.9142    79.5685 1.0220e+00 0.0000e+00  0.0554688    19.4583 269.301215     2.5482      5.082    -2.1451    301.668     9.1943 -9.990e-29
      4.983    19.4601 268.318844     0.0183 1.0000e-12     0.9103    79.6469 1.0330e+00 0.0000e+00  0.0550530    19.4586 269.270770     2.5482      5.081    -2.2075    301.721     9.1939 -9.990e-29
      4.981    19.4599 268.282674     0.0049 1.0000e-12     0.9116    79.6207 9.9634e-01 0.0000e+00  0.0471536    19.4583 269.270770     2.5482      5.079    -2.2698    301.681     9.1929 -9.990e-29
      4.979    19.4599 268.294731     0.0024 1.0000e-12     0.9129    79.5946 1.0000e+00 0.0000e+00  0.0434118    19.4586 269.209880     2.5482      5.077    -2.2891    301.695     9.1913 -9.990e-29
      4.975    19.4599 268.306787     0.0330 1.0000e-12     0.9129    79.5946 9.8901e-01 0.0000e+00  0.0429961    19.4585 269.362105     2.5482      5.073    -2.1513    301.709     9.1900 -9.990e-29
      4.972    19.4599 268.258560     0.0195 1.0000e-12     0.9116    79.6207 9.5238e-01 0.0000e+00  0.0434118    19.4583 269.301214     2.5482      5.070    -2.2031    301.654     9.1887 -9.990e-29
      4.970    19.4598 268.318844     0.0049 1.0000e-12     0.9116    79.6207 9.4139e-01 0.0000e+00  0.0434118    19.4583 269.362105     2.5470      5.068    -2.2704    301.723     9.1816 -9.990e-29
      4.967    19.4601 268.282674     0.0024 1.0000e-12     0.9129    79.5946 9.8168e-01 0.0000e+00  0.0434118    19.4586 269.362105     2.5470      5.065    -2.2893    301.680     9.1796 -9.990e-29
      4.964    19.4598 268.294729     0.0330 1.0000e-12     0.9116    79.6207 1.0659e+00 0.0000e+00  0.0434118    19.4585 269.270768     2.5470      5.062    -2.1511    301.696     9.1774 -9.990e-29
      4.961    19.4599 268.270618     0.0208 1.0000e-12     0.9116    79.6207 1.1026e+00 0.0000e+00  0.0434118    19.4588 269.301215     2.5470      5.059    -2.1968    301.668     9.1748 -9.990e-29
      4.958    19.4599 268.222390     0.0049 1.0000e-12     0.9129    79.5946 1.0806e+00 0.0000e+00  0.0434118    19.4585 269.422994     2.5470      5.056    -2.2698    301.614     9.1725 -9.990e-29
      4.955    19.4599 268.234448     0.0012 1.0000e-12     0.9116    79.6207 1.0623e+00 0.0000e+00  0.0438276    19.4583 269.392551     2.5470      5.053    -2.2940    301.627     9.1694 -9.990e-29
      4.952    19.4599 268.246503     0.0330 1.0000e-12     0.9129    79.5946 1.0659e+00 0.0000e+00  0.0434118    19.4581 269.331659     2.5458      5.050    -2.1513    301.641     9.1608 -9.990e-29
      4.949    19.4601 268.258560     0.0208 1.0000e-12     0.9129    79.5946 1.0659e+00 0.0000e+00  0.0434118    19.4583 269.392550     2.5458      5.047    -2.1969    301.653     9.1577 -9.990e-29
      4.947    19.4599 268.282673     0.0049 1.0000e-12     0.9129    79.5946 1.0366e+00 0.0000e+00  0.0438276    19.4585 269.331659     2.5458      5.045    -2.2692    301.681     9.1540 -9.990e-29
      4.946    19.4601 268.330899     0.0012 1.0000e-12     0.9116    79.6207 9.9634e-01 0.0000e+00  0.0438276    19.4581 269.209879     2.5458      5.044    -2.2937    301.734     9.1498 -9.990e-29
      4.945    19.4599 268.306787     0.0330 1.0000e-12     0.9116    79.6207 1.0000e+00 0.0000e+00  0.0434118    19.4585 269.270770     2.5458      5.042    -2.1514    301.709     9.1454 -9.990e-29
      4.943    19.4601 268.270616     0.0208 1.0000e-12     0.9129    79.5946 9.9267e-01 0.0000e+00  0.0434118    19.4581 269.331659     2.5458      5.040    -2.1970    301.666     9.1405 -9.990e-29
      4.942    19.4599 268.246503     0.0049 1.0000e-12     0.9116    79.6207 1.0220e+00 0.0000e+00  0.0438276    19.4583 269.301214     2.5458      5.039    -2.2693    301.641     9.1354 -9.990e-29
      4.941    19.4601 268.282672     0.0024 1.0000e-12     0.9142    79.5685 1.0623e+00 0.0000e+00  0.0434118    19.4581 269.301214     2.5458      5.038    -2.2884    301.680     9.1305 -9.990e-29
      4.941    19.4599 268.270616     0.0317 1.0000e-12     0.9195    79.4639 1.0879e+00 0.0000e+00  0.0434118    19.4583 269.331659     2.5458      5.038    -2.1575    301.668     9.1245 -9.990e-29
      4.941    19.4599 268.294731     0.0220 1.0000e-12     0.9234    79.3855 1.1392e+00 0.0000e+00  0.0438276    19.4583 269.392551     2.5446      5.038    -2.1921    301.695     9.1127 -9.990e-29
      4.939    19.4599 268.258560     0.0037 1.0000e-12     0.9221    79.4116 1.2491e+00 0.0000e+00  0.0434118    19.4583 269.240323     2.5446      5.036    -2.2749    301.654     9.1059 -9.990e-29
      4.938    19.4601 268.258559     0.0012 1.0000e-12     0.9221    79.4116 1.3480e+00 0.0000e+00  0.0434118    19.4576 269.301214     2.5446      5.035    -2.2938    301.653     9.0994 -9.990e-29
      4.937    19.4598 268.246503     0.0317 1.0000e-12     0.9221    79.4116 1.3553e+00 0.0000e+00  0.0438276    19.4583 269.209878     2.5446      5.034    -2.1575    301.641     9.0918 -9.990e-29
      4.936    19.4603 268.246503     0.0220 1.0000e-12     0.9221    79.4116 1.3223e+00 0.0000e+00  0.0434118    19.4581 269.362104     2.5446      5.033    -2.1916    301.638     9.0841 -9.990e-29
      4.937    19.4601 268.258559     0.0049 1.0000e-12     0.9221    79.4116 1.3260e+00 0.0000e+00  0.0434118    19.4585 269.301213     2.5433      5.034    -2.2692    301.653     9.0702 -9.990e-29
      4.937    19.4603 268.318843     0.0012 1.0000e-12     0.9221    79.4116 1.3370e+00 0.0000e+00  0.0434118    19.4583 269.270769     2.5421      5.034    -2.2930    301.719     9.0562 -9.990e-29
      4.937    19.4603 268.234446     0.0317 1.0000e-12     0.9234    79.3855 1.3260e+00 0.0000e+00  0.0434118    19.4583 269.362104     2.5421      5.034    -2.1572    301.624     9.0475 -9.990e-29
      4.938    19.4601 268.282672     0.0220 1.0000e-12     0.9221    79.4116 1.3040e+00 0.0000e+00  0.0438276    19.4581 269.362104     2.5421      5.035    -2.1917    301.680     9.0386 -9.990e-29
      4.939    19.4599 268.210334     0.0049 1.0000e-12     0.9221    79.4116 1.2308e+00 0.0000e+00  0.0434118    19.4581 269.331659     2.5409      5.036    -2.2689    301.600     9.0238 -9.990e-29
      4.941    19.4601 268.270618     0.0012 1.0000e-12     0.9221    79.4116 1.1465e+00 0.0000e+00  0.0434118    19.4585 269.270770     2.5397      5.038    -2.2927    301.666     9.0080 -9.990e-29
      4.940    19.4602 268.270616     0.0317 1.0000e-12     0.9221    79.4116 1.0952e+00 0.0000e+00  0.0434118    19.4580 269.362104     2.5385      5.037    -2.1573    301.666     8.9924 -9.990e-29
      4.941    19.4601 268.318841     0.0232 1.0000e-12     0.9221    79.4116 1.0549e+00 0.0000e+00  0.0438276    19.4583 269.483883     2.5372      5.038    -2.1861    301.721     8.9758 -9.990e-29
      4.943    19.4601 268.306787     0.0049 1.0000e-12     0.9221    79.4116 1.0476e+00 0.0000e+00  0.0434118    19.4581 269.362106     2.5372      5.040    -2.2679    301.707     8.9643 -9.990e-29
      4.946    19.4598 268.270616     0.0012 1.0000e-12     0.9221    79.4116 1.0696e+00 0.0000e+00  0.0434118    19.4583 269.270768     2.5348      5.044    -2.2917    301.669     8.9417 -9.990e-29
      4.947    19.4599 268.318844     0.0305 1.0000e-12     0.9234    79.3855 1.1026e+00 0.0000e+00  0.0434118    19.4581 269.362106     2.5336      5.045    -2.1620    301.722     8.9248 -9.990e-29
      4.948    19.4599 268.342955     0.0232 1.0000e-12     0.9221    79.4116 1.0806e+00 0.0000e+00  0.0434118    19.4585 269.331659     2.5324      5.046    -2.1855    301.749     8.9067 -9.990e-29
      4.948    19.4599 268.379125     0.0061 1.0000e-12     0.9221    79.4116 1.0073e+00 0.0000e+00  0.0434118    19.4580 269.392549     2.5299      5.046    -2.2620    301.790     8.8829 -9.990e-29
      4.950    19.4599 268.282673     0.0000 1.0000e-12     0.9221    79.4116 1.0110e+00 0.0000e+00  0.0434118    19.4581 269.301214     2.5287      5.048    -2.2968    301.681     8.8643 -9.990e-29
      4.953    19.4599 268.318844     0.0293 1.0000e-12     0.9221    79.4116 1.0476e+00 0.0000e+00  0.0434118    19.4581 269.331660     2.5275      5.051    -2.1675    301.722     8.8456 -9.990e-29
      4.955    19.4603 268.282673     0.0232 1.0000e-12     0.9221    79.4116 1.1355e+00 0.0000e+00  0.0434118    19.4581 269.331659     2.5250      5.053    -2.1857    301.679     8.8212 -9.990e-29
      4.956    19.4598 268.270618     0.0061 1.0000e-12     0.9221    79.4116 1.1648e+00 0.0000e+00  0.0434118    19.4585 269.270770     2.5226      5.054    -2.2622    301.669     8.7973 -9.990e-29
      4.956    19.4603 268.318842     0.0000 1.0000e-12     0.9221    79.4116 1.1209e+00 0.0000e+00  0.0434118    19.4583 269.422994     2.5214      5.054    -2.2966    301.719     8.7790 -9.990e-29
      4.957    19.4598 268.270616     0.0293 1.0000e-12     0.9221    79.4116 1.0952e+00 0.0000e+00  0.0434118    19.4580 269.392549     2.5189      5.055    -2.1670    301.669     8.7551 -9.990e-29
      4.960    19.4601 268.246505     0.0244 1.0000e-12     0.9208    79.4378 1.0733e+00 0.0000e+00  0.0434118    19.4581 269.392551     2.5165      5.058    -2.1803    301.639     8.7319 -9.990e-29
