data/05_metadata_exports/SeabirdData/202310_SeabirdData/88680_STN42.cnv
* Sea-Bird SBE 9 Data File:
* FileName = C:\Users\rosette\Rosette Data\2023\Ontario lower food web csmi\STN42.hex
* Software Version Seasave V 7.26.6.26
* Temperature SN = 5270
* Conductivity SN = 1168
* Number of Bytes Per Scan = 40
* Number of Voltage Words = 5
* Number of Scans Averaged by the Deck Unit = 1
* NMEA Latitude = 43 50.36 N
* NMEA Longitude = 078 02.18 W
* NMEA UTC (Time) = Sep 26 2023  09:04:51
* NMEA baud rate = 4800
** Ship: Lake Guardian
** Cruise: Ontario LFW
** Station:  STN42
# nquan = 18                                
# nvalues = 19005                       
# units = specified
# name 0 = prDM: Pressure, Digiquartz [db]
# name 1 = t090C: Temperature [ITS-90, deg C]
# name 2 = c0uS/cm: Conductivity [uS/cm]
# name 3 = sbeox0V: Oxygen raw, SBE 43 [V]
# name 4 = par: PAR/Irradiance, Biospherical/Licor
# name 5 = bat: Beam Attenuation, Chelsea/Seatech [1/m]
# name 6 = xmiss: Beam Transmission, Chelsea/Seatech [%]
# name 7 = flSP: Fluorescence, Seapoint
# name 8 = spar: SPAR, Biospherical/Licor
# name 9 = upoly0: Upoly 0, Suna Nitrate
# name 10 = t190C: Temperature, 2 [ITS-90, deg C]
# name 11 = c1uS/cm: Conductivity, 2 [uS/cm]
# name 12 = sbeox1V: Oxygen raw, SBE 43, 2 [V]
# name 13 = depFM: Depth [fresh water, m], lat = 43.8393
# name 14 = sbeox0Mg/L: Oxygen, SBE 43 [mg/l], WS = 2
# name 15 = specc: Specific Conductance [uS/cm]
# name 16 = sbeox1Mg/L: Oxygen, SBE 43, 2 [mg/l], WS = 2
# name 17 = flag: flag
# span 0 =     -0.075,     63.590       
# span 1 =    -0.8702,    19.2707       
# span 2 =  51.004498, 304.724061       
# span 3 =     0.0000,     0.0342       
# span 4 = 1.0000e-12, 3.5447e+00       
# span 5 =     0.2509,     5.7266       
# span 6 =    23.8914,    93.9190       
# span 7 = 8.7912e-02, 2.0366e+00       
# span 8 = 0.0000e+00, 0.0000e+00       
# span 9 =  0.0413330,  0.0633682       
# span 10 =     4.9495,    19.2650      
# span 11 =   4.248634, 268.844650      
# span 12 =     1.8278,     2.9194      
# span 13 =     -0.076,     64.844      
# span 14 =    -3.8677,    -2.1495      
# span 15 =     63.411,    375.337      
# span 16 =     5.9572,    11.1991      
# span 17 = 0.0000e+00, 0.0000e+00      
# interval = seconds: 0.0416667
# start_time = Sep 26 2023 09:04:51 [NMEA time, header]
# bad_flag = -9.990e-29
*END*
[from data line 16161]
     22.627    16.3932 254.046360     0.0305 1.0000e-12     0.6807    84.3520 8.2418e-01 0.0000e+00  0.0558845    16.6909 256.033970     2.1563     23.073    -2.3067    306.841     8.1283 0.0000e+00
     22.612    16.4907 254.816687     0.0098 1.0000e-12     0.7180    83.5678 8.2418e-01 0.0000e+00  0.0558845    16.9274 256.824879     2.1575     23.058    -2.3905    307.048     8.0997 0.0000e+00
     22.597    16.6491 255.394409     0.0012 1.0000e-12     0.7318    83.2803 8.3516e-01 0.0000e+00  0.0554688    17.0613 257.372475     2.1600     23.043    -2.4271    306.573     8.0970 0.0000e+00
     22.582    16.7534 255.743458     0.0012 1.0000e-12     0.7306    83.3064 8.5348e-01 0.0000e+00  0.0550530    17.1571 257.524537     2.1612     23.027    -2.4305    306.225     8.0947 0.0000e+00
     22.567    16.8571 256.357406     0.0208 1.0000e-12     0.7293    83.3325 8.9377e-01 0.0000e+00  0.0554688    17.1344 257.494128     2.1636     23.012    -2.3387    306.200     8.1207 0.0000e+00
     22.554    16.9746 256.935259     0.0293 1.0000e-12     0.7281    83.3587 1.0147e+00 0.0000e+00  0.0558845    17.1359 257.585411     2.1648     22.999    -2.2840    306.031     8.1366 0.0000e+00
     22.540    17.0975 257.452940     0.0098 1.0000e-12     0.7306    83.3064 1.0733e+00 0.0000e+00  0.0558845    17.1738 257.859243     2.1673     22.984    -2.3611    305.752     8.1524 0.0000e+00
     22.526    17.2481 257.958580     0.0012 1.0000e-12     0.7281    83.3587 1.0073e+00 0.0000e+00  0.0554688    17.2304 258.498215     2.1685     22.970    -2.3976    305.260     8.1586 0.0000e+00
     22.511    17.3436 258.127098     0.0012 1.0000e-12     0.7281    83.3587 9.1941e-01 0.0000e+00  0.0554688    17.3271 258.954593     2.1697     22.955    -2.4008    304.771     8.1576 0.0000e+00
     22.497    17.3733 257.982560     0.0208 1.0000e-12     0.7281    83.3587 8.6081e-01 0.0000e+00  0.0554688    17.4070 259.106677     2.1709     22.941    -2.3118    304.386     8.1600 0.0000e+00
     22.483    17.4031 258.078876     0.0293 1.0000e-12     0.7293    83.3325 8.3150e-01 0.0000e+00  0.0558845    17.4475 259.197938     2.1722     22.926    -2.2638    304.286     8.1707 0.0000e+00
     22.470    17.4451 258.367868     0.0098 1.0000e-12     0.7306    83.3064 8.2418e-01 0.0000e+00  0.0554688    17.5034 259.502203     2.1746     22.913    -2.3443    304.325     8.1833 0.0000e+00
     22.457    17.5001 258.885687     0.0012 1.0000e-12     0.7281    83.3587 8.3883e-01 0.0000e+00  0.0554688    17.6256 260.171603     2.1758     22.900    -2.3843    304.541     8.1784 0.0000e+00
     22.443    17.5777 259.391475     0.0012 1.0000e-12     0.7293    83.3325 8.7179e-01 0.0000e+00  0.0554688    17.8490 261.236577     2.1770     22.885    -2.3888    304.579     8.1544 0.0000e+00
     22.428    17.6595 259.764787     0.0208 1.0000e-12     0.7293    83.3325 8.9377e-01 0.0000e+00  0.0554688    17.9822 261.997321     2.1783     22.870    -2.2968    304.433     8.1479 0.0000e+00
     22.414    17.7362 260.282672     0.0305 1.0000e-12     0.7306    83.3064 8.9377e-01 0.0000e+00  0.0558845    18.1340 262.575466     2.1807     22.856    -2.2437    304.492     8.1435 0.0000e+00
     22.401    17.8467 261.005345     0.0098 1.0000e-12     0.7306    83.3064 8.9744e-01 0.0000e+00  0.0554688    18.2607 262.971026     2.1832     22.843    -2.3263    304.550     8.1445 0.0000e+00
     22.387    17.9717 261.583497     0.0012 1.0000e-12     0.7293    83.3325 8.9744e-01 0.0000e+00  0.0554688    18.2914 262.971000     2.1856     22.828    -2.3617    304.337     8.1620 0.0000e+00
     22.372    18.0533 261.595475     0.0000 1.0000e-12     0.7293    83.3325 8.8645e-01 0.0000e+00  0.0558845    18.2600 262.788409     2.1880     22.813    -2.3703    303.774     8.1917 0.0000e+00
     22.357    18.1069 261.559285     0.0195 1.0000e-12     0.7293    83.3325 8.6813e-01 0.0000e+00  0.0558845    18.2246 262.544950     2.1905     22.798    -2.2806    303.354     8.2225 0.0000e+00
     22.342    18.1467 261.559252     0.0305 1.0000e-12     0.7331    83.2541 8.9377e-01 0.0000e+00  0.0554688    18.1686 262.301514     2.1929     22.782    -2.2255    303.074     8.2566 0.0000e+00
     22.328    18.1761 261.643559     0.0110 1.0000e-12     0.7545    82.8097 9.3773e-01 0.0000e+00  0.0550530    18.1229 262.149377     2.1966     22.768    -2.3067    302.965     8.2947 0.0000e+00
     22.313    18.2099 261.920625     0.0012 1.0000e-12     0.7646    82.6006 9.4139e-01 0.0000e+00  0.0550530    18.0905 262.179837     2.2002     22.753    -2.3504    303.049     8.3295 0.0000e+00
     22.299    18.2543 262.402517     0.0012 1.0000e-12     0.7659    82.5745 9.1575e-01 0.0000e+00  0.0558845    18.1013 262.484184     2.2027     22.739    -2.3549    303.295     8.3504 0.0000e+00
     22.285    18.3268 262.824163     0.0183 1.0000e-12     0.7659    82.5745 8.7179e-01 0.0000e+00  0.0558845    18.1789 262.758040     2.2063     22.724    -2.2751    303.274     8.3633 0.0000e+00
     22.270    18.3902 263.016896     0.0317 1.0000e-12     0.7646    82.6006 8.3883e-01 0.0000e+00  0.0558845    18.1845 262.544983     2.2100     22.709    -2.2086    303.052     8.3908 0.0000e+00
     22.254    18.4353 263.053006     0.0110 1.0000e-12     0.7646    82.6006 8.2051e-01 0.0000e+00  0.0554688    18.1627 262.605873     2.2137     22.693    -2.2970    302.779     8.4237 0.0000e+00
     22.239    18.4634 263.125276     0.0012 1.0000e-12     0.7646    82.6006 8.0952e-01 0.0000e+00  0.0554688    18.1863 262.940647     2.2161     22.677    -2.3386    302.667     8.4414 0.0000e+00
     22.227    18.4859 263.257804     0.0012 1.0000e-12     0.7646    82.6006 8.1319e-01 0.0000e+00  0.0554688    18.2874 263.488423     2.2198     22.665    -2.3428    302.662     8.4494 0.0000e+00
     22.215    18.5104 263.522881     0.0147 1.0000e-12     0.7646    82.6006 8.2784e-01 0.0000e+00  0.0558845    18.3323 263.731883     2.2234     22.653    -2.2815    302.797     8.4684 0.0000e+00
     22.201    18.5467 263.896407     0.0317 1.0000e-12     0.7646    82.6006 8.4615e-01 0.0000e+00  0.0558845    18.3892 264.157959     2.2271     22.639    -2.2006    302.973     8.4847 0.0000e+00
     22.187    18.5871 264.089185     0.0122 1.0000e-12     0.7646    82.6006 8.6813e-01 0.0000e+00  0.0558845    18.5005 264.675316     2.2308     22.624    -2.2876    302.913     8.4901 0.0000e+00
     22.174    18.6170 264.233771     0.0024 1.0000e-12     0.7646    82.6006 8.8278e-01 0.0000e+00  0.0554688    18.6156 265.162243     2.2344     22.611    -2.3268    302.871     8.4934 0.0000e+00
     22.158    18.6489 264.342202     0.0012 1.0000e-12     0.7646    82.6006 8.9744e-01 0.0000e+00  0.0554688    18.7260 265.496982     2.2393     22.595    -2.3342    302.774     8.5028 0.0000e+00
     22.143    18.6854 264.498836     0.0110 1.0000e-12     0.7646    82.6006 9.2308e-01 0.0000e+00  0.0554688    18.7510 265.496959     2.2430     22.580    -2.2889    302.700     8.5230 0.0000e+00
     22.130    18.7291 264.751882     0.0342 1.0000e-12     0.7646    82.6006 9.7070e-01 0.0000e+00  0.0554688    18.7622 265.588270     2.2466     22.566    -2.1805    302.687     8.5452 0.0000e+00
     22.117    18.7734 264.848259     0.0147 1.0000e-12     0.7646    82.6006 9.9634e-01 0.0000e+00  0.0558845    18.8083 265.740431     2.2515     22.553    -2.2697    302.491     8.5658 0.0000e+00
     22.102    18.8153 264.968741     0.0024 1.0000e-12     0.7646    82.6006 1.0403e+00 0.0000e+00  0.0558845    18.8444 265.892600     2.2564     22.538    -2.3197    302.339     8.5874 0.0000e+00
     22.088    18.8420 264.968717     0.0012 1.0000e-12     0.7646    82.6006 1.0623e+00 0.0000e+00  0.0554688    18.8250 265.770855     2.2601     22.523    -2.3248    302.155     8.6139 0.0000e+00
     22.074    18.8583 265.065119     0.0061 1.0000e-12     0.7646    82.6006 1.0110e+00 0.0000e+00  0.0550530    18.7709 265.557820     2.2650     22.509    -2.3018    302.152     8.6526 0.0000e+00
     22.062    18.8638 265.101273     0.0342 1.0000e-12     0.7646    82.6006 9.7070e-01 0.0000e+00  0.0554688    18.7423 265.496966     2.2698     22.497    -2.1727    302.156     8.6850 0.0000e+00
     22.049    18.8656 265.004853     0.0171 1.0000e-12     0.7836    82.2085 9.3773e-01 0.0000e+00  0.0554688    18.7455 265.436083     2.2723     22.484    -2.2536    302.033     8.6998 0.0000e+00
     22.035    18.8647 264.908438     0.0037 1.0000e-12     0.7989    81.8949 8.9377e-01 0.0000e+00  0.0554688    18.7352 265.344773     2.2772     22.469    -2.3140    301.930     8.7277 0.0000e+00
     22.020    18.8637 264.992801     0.0012 1.0000e-12     0.8002    81.8687 8.6081e-01 0.0000e+00  0.0554688    18.7255 265.527418     2.2808     22.454    -2.3238    302.033     8.7489 0.0000e+00
     22.006    18.8859 265.306141     0.0024 1.0000e-12     0.7989    81.8949 8.6813e-01 0.0000e+00  0.0554688    18.7469 265.588279     2.2857     22.440    -2.3160    302.237     8.7689 0.0000e+00
     21.993    18.9240 265.583320     0.0317 1.0000e-12     0.7977    81.9210 8.8278e-01 0.0000e+00  0.0550530    18.7509 265.588277     2.2894     22.427    -2.1801    302.290     8.7859 0.0000e+00
     21.980    18.9608 265.824349     0.0220 1.0000e-12     0.7977    81.9210 9.4872e-01 0.0000e+00  0.0554688    18.7588 265.862231     2.2930     22.413    -2.2257    302.311     8.8014 0.0000e+00
     21.965    18.9816 265.824331     0.0049 1.0000e-12     0.7977    81.9210 1.0220e+00 0.0000e+00  0.0554688    18.8346 266.136130     2.2979     22.398    -2.3071    302.168     8.8083 0.0000e+00
     21.950    18.9935 265.752000     0.0000 1.0000e-12     0.7977    81.9210 1.0403e+00 0.0000e+00  0.0558845    18.8814 266.288292     2.3016     22.383    -2.3248    302.004     8.8151 0.0000e+00
     21.934    18.9960 265.691733     0.0012 1.0000e-12     0.7989    81.8949 1.0256e+00 0.0000e+00  0.0554688    18.8938 266.318723     2.3065     22.366    -2.3155    301.919     8.8345 0.0000e+00
     21.920    18.9957 265.631466     0.0244 1.0000e-12     0.7977    81.9210 1.0330e+00 0.0000e+00  0.0554688    18.8885 266.227403     2.3114     22.352    -2.2077    301.852     8.8569 0.0000e+00
     21.906    19.0011 265.776100     0.0281 1.0000e-12     0.7989    81.8949 1.0696e+00 0.0000e+00  0.0554688    18.8791 266.227412     2.3150     22.338    -2.1945    301.979     8.8741 0.0000e+00
     21.893    19.0168 265.836351     0.0085 1.0000e-12     0.7977    81.9210 1.0952e+00 0.0000e+00  0.0558845    18.8713 266.136096     2.3199     22.325    -2.2881    301.940     8.8957 0.0000e+00
     21.879    19.0294 265.920713     0.0012 1.0000e-12     0.7989    81.8949 1.0806e+00 0.0000e+00  0.0558845    18.8633 266.196984     2.3248     22.310    -2.3204    301.950     8.9172 0.0000e+00
     21.865    19.0582 266.161758     0.0012 1.0000e-12     0.7977    81.9210 1.0403e+00 0.0000e+00  0.0558845    18.8580 266.136107     2.3284     22.296    -2.3127    302.026     8.9315 0.0000e+00
     21.850    19.0871 266.294324     0.0122 1.0000e-12     0.7977    81.9210 1.0000e+00 0.0000e+00  0.0554688    18.8613 266.166545     2.3333     22.281    -2.2565    301.978     8.9493 0.0000e+00
     21.835    19.1075 266.354575     0.0342 1.0000e-12     0.7989    81.8949 9.7436e-01 0.0000e+00  0.0550530    18.8789 266.288292     2.3370     22.265    -2.1604    301.907     8.9584 0.0000e+00
     21.819    19.1098 266.282249     0.0134 1.0000e-12     0.7989    81.8949 9.6337e-01 0.0000e+00  0.0554688    18.9329 266.775305     2.3407     22.249    -2.2598    301.809     8.9591 0.0000e+00
     21.804    19.1086 266.258142     0.0024 1.0000e-12     0.7989    81.8949 9.6337e-01 0.0000e+00  0.0554688    18.9919 267.018788     2.3443     22.234    -2.3154    301.790     8.9582 0.0000e+00
     21.789    19.1071 266.258143     0.0000 1.0000e-12     0.7977    81.9210 9.7802e-01 0.0000e+00  0.0558845    19.0298 267.170965     2.3492     22.219    -2.3197    301.800     8.9677 0.0000e+00
     21.774    19.1108 266.294300     0.0037 1.0000e-12     0.7989    81.8949 9.9634e-01 0.0000e+00  0.0558845    19.0570 267.170941     2.3529     22.203    -2.2930    301.816     8.9733 0.0000e+00
     21.760    19.1139 266.354567     0.0330 1.0000e-12     0.8220    81.4244 1.0000e+00 0.0000e+00  0.0554688    19.0824 267.292688     2.3565     22.189    -2.1629    301.863     8.9789 0.0000e+00
     21.747    19.1170 266.330457     0.0208 1.0000e-12     0.8477    80.9016 1.0000e+00 0.0000e+00  0.0554688    19.0941 267.353563     2.3602     22.176    -2.2238    301.814     8.9877 0.0000e+00
     21.734    19.1193 266.342508     0.0049 1.0000e-12     0.8529    80.7970 1.0586e+00 0.0000e+00  0.0554688    19.0960 267.384003     2.3651     22.163    -2.3015    301.812     9.0037 0.0000e+00
     21.720    19.1212 266.318399     0.0012 1.0000e-12     0.8516    80.8231 1.1538e+00 0.0000e+00  0.0554688    19.1000 267.414442     2.3687     22.148    -2.3197    301.772     9.0133 0.0000e+00
     21.705    19.1210 266.342506     0.0012 1.0000e-12     0.8503    80.8493 1.1758e+00 0.0000e+00  0.0554688    19.1028 267.262227     2.3724     22.133    -2.3055    301.801     9.0236 0.0000e+00
     21.690    19.1188 266.306345     0.0220 1.0000e-12     0.8503    80.8493 1.1575e+00 0.0000e+00  0.0558845    19.1069 267.566647     2.3761     22.118    -2.2103    301.775     9.0328 0.0000e+00
     21.675    19.1228 266.354558     0.0293 1.0000e-12     0.8503    80.8493 1.1685e+00 0.0000e+00  0.0558845    19.1197 267.566637     2.3797     22.102    -2.1830    301.802     9.0395 0.0000e+00
     21.661    19.1344 266.414816     0.0098 1.0000e-12     0.8503    80.8493 1.2637e+00 0.0000e+00  0.0558845    19.1385 267.566619     2.3834     22.088    -2.2768    301.791     9.0454 0.0000e+00
     21.647    19.1446 266.547402     0.0012 1.0000e-12     0.8516    80.8231 1.3187e+00 0.0000e+00  0.0554688    19.1475 267.505726     2.3858     22.074    -2.3211    301.871     9.0472 0.0000e+00
     21.633    19.1514 266.595614     0.0012 1.0000e-12     0.8503    80.8493 1.2564e+00 0.0000e+00  0.0558845    19.1498 267.505724     2.3895     22.060    -2.3097    301.879     9.0561 0.0000e+00
     21.618    19.1559 266.571501     0.0049 1.0000e-12     0.8503    80.8493 1.1648e+00 0.0000e+00  0.0558845    19.1517 267.566607     2.3932     22.044    -2.2843    301.821     9.0648 0.0000e+00
     21.602    19.1601 266.571496     0.0342 1.0000e-12     0.8503    80.8493 1.1355e+00 0.0000e+00  0.0558845    19.1521 267.536163     2.3968     22.028    -2.1562    301.793     9.0736 0.0000e+00
     21.585    19.1615 266.535333     0.0183 1.0000e-12     0.8503    80.8493 1.1502e+00 0.0000e+00  0.0554688    19.1451 267.505727     2.4005     22.011    -2.2344    301.742     9.0838 0.0000e+00
     21.569    19.1613 266.559439     0.0037 1.0000e-12     0.8516    80.8231 1.1319e+00 0.0000e+00  0.0550530    19.1319 267.444851     2.4029     21.994    -2.3064    301.771     9.0896 0.0000e+00
     21.555    19.1618 266.571493     0.0012 1.0000e-12     0.8516    80.8231 1.0623e+00 0.0000e+00  0.0554688    19.1263 267.505741     2.4066     21.980    -2.3159    301.781     9.0998 0.0000e+00
     21.541    19.1628 266.571494     0.0024 1.0000e-12     0.8516    80.8231 9.8535e-01 0.0000e+00  0.0554688    19.1404 267.505731     2.4090     21.966    -2.2981    301.774     9.0998 0.0000e+00
     21.526    19.1670 266.535325     0.0220 1.0000e-12     0.8516    80.8231 9.5971e-01 0.0000e+00  0.0554688    19.1463 267.627494     2.4127     21.950    -2.2082    301.704     9.1074 0.0000e+00
     21.512    19.1716 266.619702     0.0293 1.0000e-12     0.8503    80.8493 9.6337e-01 0.0000e+00  0.0554688    19.1437 267.566612     2.4151     21.936    -2.1809    301.768     9.1114 0.0000e+00
     21.497    19.1745 266.655862     0.0098 1.0000e-12     0.8516    80.8231 1.0110e+00 0.0000e+00  0.0550530    19.1505 267.566606     2.4176     21.921    -2.2747    301.790     9.1135 0.0000e+00
