data/05_metadata_exports/SeabirdData/202310_SeabirdData/88680_STN42.cnv
* Sea-Bird SBE 9 Data File:
* FileName = C:\Users\rosette\Rosette Data\2023\Ontario lower food web csmi\STN42.hex
* Software Version Seasave V 7.26.6.26
* Temperature SN = 5270
* Conductivity SN = 1168
* Number of Bytes Per Scan = 40
* Number of Voltage Words = 5
* Number of Scans Averaged by the Deck Unit = 1
* NMEA Latitude = 43 50.36 N
* NMEA Longitude = 078 02.18 W
* NMEA UTC (Time) = Sep 26 2023  09:04:51
* NMEA baud rate = 4800
** Ship: Lake Guardian
** Cruise: Ontario LFW
** Station:  STN42
# nquan = 18                                
# nvalues = 19005                       
# units = specified
# name 0 = prDM: Pressure, Digiquartz [db]
# name 1 = t090C: Temperature [ITS-90, deg C]
# name 2 = c0uS/cm: Conductivity [uS/cm]
# name 3 = sbeox0V: Oxygen raw, SBE 43 [V]
# name 4 = par: PAR/Irradiance, Biospherical/Licor
# name 5 = bat: Beam Attenuation, Chelsea/Seatech [1/m]
# name 6 = xmiss: Beam Transmission, Chelsea/Seatech [%]
# name 7 = flSP: Fluorescence, Seapoint
# name 8 = spar: SPAR, Biospherical/Licor
# name 9 = upoly0: Upoly 0, Suna Nitrate
# name 10 = t190C: Temperature, 2 [ITS-90, deg C]
# name 11 = c1uS/cm: Conductivity, 2 [uS/cm]
# name 12 = sbeox1V: Oxygen raw, SBE 43, 2 [V]
# name 13 = depFM: Depth [fresh water, m], lat = 43.8393
# name 14 = sbeox0Mg/L: Oxygen, SBE 43 [mg/l], WS = 2
# name 15 = specc: Specific Conductance [uS/cm]
# name 16 = sbeox1Mg/L: Oxygen, SBE 43, 2 [mg/l], WS = 2
# name 17 = flag: flag
# span 0 =     -0.075,     63.590       
# span 1 =    -0.8702,    19.2707       
# span 2 =  51.004498, 304.724061       
# span 3 =     0.0000,     0.0342       
# span 4 = 1.0000e-12, 3.5447e+00       
# span 5 =     0.2509,     5.7266       
# span 6 =    23.8914,    93.9190       
# span 7 = 8.7912e-02, 2.0366e+00       
# span 8 = 0.0000e+00, 0.0000e+00       
# span 9 =  0.0413330,  0.0633682       
# span 10 =     4.9495,    19.2650      
# span 11 =   4.248634, 268.844650      
# span 12 =     1.8278,     2.9194      
# span 13 =     -0.076,     64.844      
# span 14 =    -3.8677,    -2.1495      
# span 15 =     63.411,    375.337      
# span 16 =     5.9572,    11.1991      
# span 17 = 0.0000e+00, 0.0000e+00      
# interval = seconds: 0.0416667
# start_time = Sep 26 2023 09:04:51 [NMEA time, header]
# bad_flag = -9.990e-29
*END*
[from data line 12543]
     52.940     5.5763 193.692162     0.0024 1.0000e-12     0.2924    92.9518 1.3919e-01 0.0000e+00  0.0554688     5.6570 195.152571     2.1770     53.984    -3.1957    316.722    10.4866 0.0000e+00
     52.929     5.5764 193.644345     0.0330 1.0000e-12     0.2969    92.8473 1.4652e-01 0.0000e+00  0.0558845     5.6554 195.031206     2.1758     53.973    -3.0009    316.643    10.4791 0.0000e+00
     52.918     5.5767 193.656298     0.0208 1.0000e-12     0.2980    92.8211 1.4652e-01 0.0000e+00  0.0558845     5.6517 195.031207     2.1758     53.961    -3.0726    316.659    10.4797 0.0000e+00
     52.907     5.5768 193.680207     0.0049 1.0000e-12     0.2991    92.7950 1.4652e-01 0.0000e+00  0.0550530     5.6421 195.061555     2.1770     53.950    -3.1656    316.697    10.4896 0.0000e+00
     52.897     5.5775 193.668252     0.0012 1.0000e-12     0.2991    92.7950 1.4652e-01 0.0000e+00  0.0550530     5.6324 195.000878     2.1770     53.940    -3.1998    316.670    10.4919 0.0000e+00
     52.886     5.5788 193.656297     0.0098 1.0000e-12     0.2991    92.7950 1.4652e-01 0.0000e+00  0.0554688     5.6284 195.091906     2.1758     53.929    -3.1436    316.637    10.4851 0.0000e+00
     52.875     5.5788 193.704113     0.0342 1.0000e-12     0.2991    92.7950 1.4652e-01 0.0000e+00  0.0558845     5.6328 194.970535     2.1758     53.917    -2.9916    316.716    10.4834 0.0000e+00
     52.865     5.5785 193.680205     0.0147 1.0000e-12     0.2991    92.7950 1.4652e-01 0.0000e+00  0.0554688     5.6403 194.970530     2.1770     53.907    -3.1043    316.680    10.4884 0.0000e+00
     52.856     5.5780 193.668252     0.0024 1.0000e-12     0.2991    92.7950 1.4286e-01 0.0000e+00  0.0554688     5.6267 195.031223     2.1770     53.898    -3.1810    316.665    10.4919 0.0000e+00
     52.845     5.5785 193.668250     0.0000 1.0000e-12     0.2980    92.8211 1.3187e-01 0.0000e+00  0.0558845     5.6116 194.818841     2.1758     53.887    -3.2102    316.660    10.4882 0.0000e+00
     52.834     5.5788 193.704113     0.0208 1.0000e-12     0.2991    92.7950 1.3187e-01 0.0000e+00  0.0554688     5.6001 194.758165     2.1758     53.876    -3.0746    316.716    10.4911 0.0000e+00
     52.823     5.5812 193.680202     0.0293 1.0000e-12     0.2991    92.7950 1.3187e-01 0.0000e+00  0.0554688     5.5906 194.697488     2.1758     53.864    -3.0240    316.652    10.4934 0.0000e+00
     52.813     5.5846 193.668247     0.0098 1.0000e-12     0.2980    92.8211 1.3187e-01 0.0000e+00  0.0554688     5.5912 194.849195     2.1758     53.854    -3.1341    316.597    10.4918 0.0000e+00
     52.802     5.5879 193.668243     0.0012 1.0000e-12     0.2980    92.8211 1.3187e-01 0.0000e+00  0.0554688     5.5943 194.909875     2.1770     53.843    -3.1934    316.563    10.4971 0.0000e+00
     52.792     5.5924 193.632378     0.0012 1.0000e-12     0.2980    92.8211 1.2821e-01 0.0000e+00  0.0554688     5.6014 195.000896     2.1758     53.833    -3.2012    316.457    10.4861 0.0000e+00
     52.782     5.5955 193.739965     0.0305 1.0000e-12     0.2980    92.8211 1.2821e-01 0.0000e+00  0.0554688     5.6148 195.000887     2.1758     53.823    -3.0131    316.601    10.4809 0.0000e+00
     52.772     5.5948 193.787784     0.0232 1.0000e-12     0.2980    92.8211 1.3187e-01 0.0000e+00  0.0558845     5.6183 195.000885     2.1758     53.812    -3.0565    316.687    10.4786 0.0000e+00
     52.761     5.5914 193.751921     0.0061 1.0000e-12     0.2991    92.7950 1.3919e-01 0.0000e+00  0.0554688     5.6095 194.970548     2.1758     53.801    -3.1552    316.663    10.4799 0.0000e+00
     52.751     5.5857 193.763880     0.0012 1.0000e-12     0.2991    92.7950 1.5018e-01 0.0000e+00  0.0550530     5.6128 194.909864     2.1758     53.791    -3.1965    316.742    10.4778 0.0000e+00
     52.741     5.5801 193.751928     0.0061 1.0000e-12     0.2980    92.8211 1.5751e-01 0.0000e+00  0.0554688     5.6166 194.849177     2.1758     53.781    -3.1679    316.780    10.4755 0.0000e+00
     52.731     5.5774 193.728021     0.0342 1.0000e-12     0.2980    92.8211 1.5751e-01 0.0000e+00  0.0558845     5.6201 194.879516     2.1758     53.771    -2.9910    316.769    10.4734 0.0000e+00
     52.721     5.5788 193.739975     0.0171 1.0000e-12     0.2969    92.8473 1.5385e-01 0.0000e+00  0.0554688     5.6127 194.909862     2.1758     53.760    -3.0909    316.774    10.4745 0.0000e+00
     52.711     5.5822 193.728018     0.0037 1.0000e-12     0.2935    92.9257 1.5385e-01 0.0000e+00  0.0550530     5.6014 194.970553     2.1758     53.750    -3.1710    316.719    10.4768 0.0000e+00
     52.701     5.5857 193.739969     0.0012 1.0000e-12     0.2924    92.9518 1.5018e-01 0.0000e+00  0.0554688     5.5974 195.000896     2.1758     53.740    -3.2006    316.703    10.4781 0.0000e+00
     52.693     5.5894 193.751921     0.0171 1.0000e-12     0.2935    92.9257 1.4652e-01 0.0000e+00  0.0554688     5.5951 194.879531     2.1758     53.732    -3.0962    316.684    10.4791 0.0000e+00
     52.685     5.5916 193.775830     0.0317 1.0000e-12     0.2935    92.9257 1.4286e-01 0.0000e+00  0.0558845     5.5903 194.879535     2.1758     53.724    -3.0079    316.700    10.4809 0.0000e+00
     52.676     5.5924 193.739965     0.0122 1.0000e-12     0.2935    92.9257 1.3919e-01 0.0000e+00  0.0554688     5.5835 194.849197     2.1758     53.715    -3.1193    316.633    10.4822 0.0000e+00
     52.667     5.5927 193.763874     0.0024 1.0000e-12     0.2935    92.9257 1.3919e-01 0.0000e+00  0.0558845     5.5842 194.849196     2.1758     53.705    -3.1834    316.669    10.4814 0.0000e+00
     52.658     5.5948 193.716054     0.0012 1.0000e-12     0.2935    92.9257 1.5018e-01 0.0000e+00  0.0558845     5.5942 194.758165     2.1758     53.696    -3.2019    316.569    10.4791 0.0000e+00
     52.651     5.5968 193.763871     0.0269 1.0000e-12     0.2935    92.9257 1.5751e-01 0.0000e+00  0.0558845     5.5941 194.758166     2.1758     53.689    -3.0351    316.627    10.4798 0.0000e+00
     52.643     5.5956 193.751918     0.0269 1.0000e-12     0.2935    92.9257 1.5385e-01 0.0000e+00  0.0554688     5.5861 194.849195     2.1758     53.681    -3.0364    316.620    10.4817 0.0000e+00
     52.634     5.5918 193.739964     0.0073 1.0000e-12     0.2935    92.9257 1.6117e-01 0.0000e+00  0.0550530     5.5919 194.909874     2.1758     53.672    -3.1497    316.640    10.4797 0.0000e+00
     52.626     5.5908 193.739965     0.0012 1.0000e-12     0.2935    92.9257 2.0147e-01 0.0000e+00  0.0550530     5.6023 195.000892     2.1758     53.664    -3.1958    316.650    10.4765 0.0000e+00
     52.617     5.5903 193.751921     0.0024 1.0000e-12     0.2935    92.9257 2.5641e-01 0.0000e+00  0.0554688     5.6179 194.970541     2.1758     53.654    -3.1917    316.675    10.4730 0.0000e+00
     52.606     5.5886 193.775830     0.0330 1.0000e-12     0.2935    92.9257 2.9670e-01 0.0000e+00  0.0554688     5.6129 194.788494     2.1758     53.643    -2.9993    316.731    10.4744 0.0000e+00
     52.595     5.5891 193.751919     0.0195 1.0000e-12     0.2935    92.9257 2.8938e-01 0.0000e+00  0.0554688     5.5985 194.818844     2.1746     53.632    -3.0789    316.687    10.4709 0.0000e+00
     52.585     5.5903 193.728010     0.0049 1.0000e-12     0.2935    92.9257 2.6374e-01 0.0000e+00  0.0550530     5.5852 194.727828     2.1746     53.622    -3.1658    316.636    10.4748 0.0000e+00
     52.577     5.5891 193.692148     0.0000 1.0000e-12     0.2935    92.9257 2.3810e-01 0.0000e+00  0.0554688     5.5736 194.849202     2.1746     53.614    -3.2086    316.589    10.4782 0.0000e+00
     52.568     5.5835 193.692151     0.0122 1.0000e-12     0.2935    92.9257 2.1612e-01 0.0000e+00  0.0558845     5.5663 194.849206     2.1746     53.604    -3.1298    316.647    10.4816 0.0000e+00
     52.560     5.5750 193.692156     0.0342 1.0000e-12     0.2935    92.9257 1.9780e-01 0.0000e+00  0.0554688     5.5574 194.849211     2.1746     53.596    -2.9956    316.735    10.4844 0.0000e+00
     52.551     5.5710 193.668250     0.0147 1.0000e-12     0.2935    92.9257 1.8681e-01 0.0000e+00  0.0554688     5.5544 194.818872     2.1746     53.587    -3.1077    316.738    10.4855 0.0000e+00
     52.543     5.5727 193.608477     0.0024 1.0000e-12     0.2924    92.9518 1.8315e-01 0.0000e+00  0.0550530     5.5581 194.758187     2.1746     53.579    -3.1852    316.622    10.4848 0.0000e+00
     52.534     5.5764 193.668246     0.0012 1.0000e-12     0.2890    93.0303 1.9048e-01 0.0000e+00  0.0554688     5.5665 194.818864     2.1746     53.570    -3.2048    316.682    10.4816 0.0000e+00
     52.524     5.5798 193.668243     0.0220 1.0000e-12     0.2879    93.0564 1.8681e-01 0.0000e+00  0.0554688     5.5871 194.879533     2.1746     53.560    -3.0680    316.647    10.4761 0.0000e+00
     52.515     5.5833 193.716059     0.0293 1.0000e-12     0.2890    93.0303 1.7582e-01 0.0000e+00  0.0554688     5.6056 194.788497     2.1746     53.550    -3.0249    316.688    10.4713 0.0000e+00
     52.507     5.5863 193.680195     0.0085 1.0000e-12     0.2890    93.0303 1.6484e-01 0.0000e+00  0.0554688     5.6028 194.849182     2.1746     53.542    -3.1442    316.599    10.4716 0.0000e+00
     52.498     5.5860 193.704102     0.0024 1.0000e-12     0.2901    93.0041 1.6484e-01 0.0000e+00  0.0554688     5.5935 194.909869     2.1746     53.533    -3.1885    316.641    10.4737 0.0000e+00
     52.490     5.5844 193.763876     0.0012 1.0000e-12     0.2890    93.0303 1.7582e-01 0.0000e+00  0.0554688     5.5914 194.849189     2.1746     53.525    -3.2014    316.755    10.4740 0.0000e+00
     52.482     5.5840 193.692149     0.0317 1.0000e-12     0.2890    93.0303 1.7949e-01 0.0000e+00  0.0554688     5.6003 194.818842     2.1746     53.517    -3.0063    316.642    10.4711 0.0000e+00
     52.473     5.5800 193.704106     0.0220 1.0000e-12     0.2890    93.0303 1.7582e-01 0.0000e+00  0.0554688     5.6192 194.940196     2.1746     53.508    -3.0650    316.703    10.4655 0.0000e+00
     52.463     5.5800 193.692151     0.0049 1.0000e-12     0.2890    93.0303 1.7949e-01 0.0000e+00  0.0554688     5.6204 194.879511     2.1746     53.497    -3.1647    316.684    10.4662 0.0000e+00
     52.454     5.5777 193.716061     0.0012 1.0000e-12     0.2901    93.0041 1.8681e-01 0.0000e+00  0.0550530     5.6081 194.879519     2.1746     53.488    -3.1992    316.746    10.4708 0.0000e+00
     52.445     5.5752 193.728017     0.0073 1.0000e-12     0.2890    93.0303 2.0147e-01 0.0000e+00  0.0550530     5.6054 194.909862     2.1746     53.479    -3.1600    316.792    10.4726 0.0000e+00
     52.437     5.5777 193.728016     0.0342 1.0000e-12     0.2890    93.0303 2.0879e-01 0.0000e+00  0.0554688     5.6153 195.000880     2.1746     53.471    -2.9923    316.766    10.4698 0.0000e+00
     52.427     5.5816 193.728013     0.0159 1.0000e-12     0.2890    93.0303 2.0513e-01 0.0000e+00  0.0554688     5.6151 195.061564     2.1746     53.461    -3.0983    316.726    10.4711 0.0000e+00
     52.417     5.5841 193.728012     0.0024 1.0000e-12     0.2890    93.0303 1.9414e-01 0.0000e+00  0.0554688     5.6150 195.061564     2.1746     53.450    -3.1802    316.700    10.4713 0.0000e+00
     52.405     5.5862 193.728009     0.0012 1.0000e-12     0.2901    93.0041 1.7949e-01 0.0000e+00  0.0550530     5.6034 194.940203     2.1734     53.438    -3.1998    316.678    10.4674 0.0000e+00
     52.395     5.5858 193.668237     0.0195 1.0000e-12     0.2890    93.0303 1.6484e-01 0.0000e+00  0.0554688     5.5909 194.970553     2.1746     53.428    -3.0798    316.584    10.4800 0.0000e+00
     52.385     5.5828 193.656285     0.0305 1.0000e-12     0.2890    93.0303 1.5018e-01 0.0000e+00  0.0554688     5.5879 194.909872     2.1746     53.418    -3.0164    316.596    10.4824 0.0000e+00
     52.375     5.5773 193.668243     0.0110 1.0000e-12     0.2890    93.0303 1.4286e-01 0.0000e+00  0.0554688     5.5848 195.000899     2.1746     53.408    -3.1295    316.672    10.4849 0.0000e+00
     52.365     5.5722 193.680200     0.0012 1.0000e-12     0.2890    93.0303 1.3919e-01 0.0000e+00  0.0554688     5.5882 195.061580     2.1746     53.397    -3.1951    316.745    10.4844 0.0000e+00
     52.355     5.5737 193.668244     0.0012 1.0000e-12     0.2901    93.0041 1.3919e-01 0.0000e+00  0.0558845     5.6058 195.061568     2.1746     53.387    -3.2023    316.710    10.4798 0.0000e+00
     52.344     5.5775 193.680197     0.0293 1.0000e-12     0.2924    92.9518 1.3919e-01 0.0000e+00  0.0554688     5.6138 195.122247     2.1746     53.376    -3.0226    316.690    10.4779 0.0000e+00
     52.333     5.5790 193.668241     0.0244 1.0000e-12     0.2935    92.9257 1.3919e-01 0.0000e+00  0.0554688     5.6212 195.182925     2.1746     53.365    -3.0532    316.655    10.4762 0.0000e+00
     52.321     5.5803 193.668240     0.0073 1.0000e-12     0.2935    92.9257 1.4286e-01 0.0000e+00  0.0554688     5.6390 195.243598     2.1746     53.353    -3.1506    316.641    10.4715 0.0000e+00
     52.309     5.5827 193.632374     0.0012 1.0000e-12     0.2924    92.9518 1.3919e-01 0.0000e+00  0.0554688     5.6562 195.182902     2.1746     53.340    -3.1966    316.558    10.4671 0.0000e+00
     52.299     5.5838 193.668238     0.0049 1.0000e-12     0.2924    92.9518 1.4286e-01 0.0000e+00  0.0554688     5.6644 195.061531     2.1734     53.330    -3.1739    316.605    10.4576 0.0000e+00
     52.289     5.5836 193.644328     0.0342 1.0000e-12     0.2924    92.9518 1.5018e-01 0.0000e+00  0.0554688     5.6570 194.940167     2.1746     53.320    -2.9895    316.568    10.4677 0.0000e+00
     52.280     5.5833 193.560647     0.0183 1.0000e-12     0.2935    92.9257 1.4652e-01 0.0000e+00  0.0554688     5.6294 194.970525     2.1746     53.311    -3.0842    316.434    10.4761 0.0000e+00
     52.273     5.5824 193.596514     0.0037 1.0000e-12     0.2935    92.9257 1.4286e-01 0.0000e+00  0.0550530     5.6150 195.000879     2.1734     53.304    -3.1713    316.502    10.4732 0.0000e+00
     52.263     5.5836 193.548694     0.0012 1.0000e-12     0.2935    92.9257 1.4286e-01 0.0000e+00  0.0550530     5.6082 195.031223     2.1734     53.293    -3.1992    316.412    10.4756 0.0000e+00
     52.251     5.5832 193.572601     0.0159 1.0000e-12     0.2935    92.9257 1.3919e-01 0.0000e+00  0.0550530     5.6106 195.152588     2.1734     53.281    -3.1016    316.455    10.4753 0.0000e+00
     52.240     5.5777 193.500881     0.0330 1.0000e-12     0.2924    92.9518 1.3553e-01 0.0000e+00  0.0554688     5.6228 195.152581     2.1734     53.270    -2.9996    316.395    10.4723 0.0000e+00
     52.229     5.5658 193.620429     0.0122 1.0000e-12     0.2935    92.9257 1.3919e-01 0.0000e+00  0.0558845     5.6284 195.061551     2.1734     53.259    -3.1214    316.713    10.4722 0.0000e+00
     52.219     5.5578 193.476984     0.0024 1.0000e-12     0.2935    92.9257 1.4286e-01 0.0000e+00  0.0558845     5.6447 195.213250     2.1746     53.249    -3.1854    316.562    10.4755 0.0000e+00
     52.209     5.5582 193.441121     0.0000 1.0000e-12     0.2924    92.9518 1.4652e-01 0.0000e+00  0.0554688     5.6471 195.213249     2.1746     53.238    -3.2096    316.499    10.4764 0.0000e+00
     52.199     5.5591 193.488937     0.0256 1.0000e-12     0.2924    92.9518 1.4652e-01 0.0000e+00  0.0554688     5.6511 195.243588     2.1746     53.228    -3.0435    316.568    10.4756 0.0000e+00
     52.188     5.5538 193.476986     0.0269 1.0000e-12     0.2935    92.9257 1.3919e-01 0.0000e+00  0.0554688     5.6543 195.273928     2.1734     53.217    -3.0395    316.603    10.4674 0.0000e+00
     52.176     5.5476 193.453081     0.0085 1.0000e-12     0.2935    92.9257 1.3919e-01 0.0000e+00  0.0558845     5.6535 195.273928     2.1746     53.205    -3.1460    316.628    10.4756 0.0000e+00
     52.166     5.5428 193.453084     0.0012 1.0000e-12     0.2935    92.9257 1.3919e-01 0.0000e+00  0.0554688     5.6581 195.273925     2.1734     53.195    -3.1992    316.678    10.4682 0.0000e+00
