data/05_metadata_exports/SeabirdData/202310_SeabirdData/88680_STN42.cnv
* Sea-Bird SBE 9 Data File:
* FileName = C:\Users\rosette\Rosette Data\2023\Ontario lower food web csmi\STN42.hex
* Software Version Seasave V 7.26.6.26
* Temperature SN = 5270
* Conductivity SN = 1168
* Number of Bytes Per Scan = 40
* Number of Voltage Words = 5
* Number of Scans Averaged by the Deck Unit = 1
* NMEA Latitude = 43 50.36 N
* NMEA Longitude = 078 02.18 W
* NMEA UTC (Time) = Sep 26 2023  09:04:51
* NMEA baud rate = 4800
** Ship: Lake Guardian
** Cruise: Ontario LFW
** Station:  STN42
# nquan = 18                                
# nvalues = 19005                       
# units = specified
# name 0 = prDM: Pressure, Digiquartz [db]
# name 1 = t090C: Temperature [ITS-90, deg C]
# name 2 = c0uS/cm: Conductivity [uS/cm]
# name 3 = sbeox0V: Oxygen raw, SBE 43 [V]
# name 4 = par: PAR/Irradiance, Biospherical/Licor
# name 5 = bat: Beam Attenuation, Chelsea/Seatech [1/m]
# name 6 = xmiss: Beam Transmission, Chelsea/Seatech [%]
# name 7 = flSP: Fluorescence, Seapoint
# name 8 = spar: SPAR, Biospherical/Licor
# name 9 = upoly0: Upoly 0, Suna Nitrate
# name 10 = t190C: Temperature, 2 [ITS-90, deg C]
# name 11 = c1uS/cm: Conductivity, 2 [uS/cm]
# name 12 = sbeox1V: Oxygen raw, SBE 43, 2 [V]
# name 13 = depFM: Depth [fresh water, m], lat = 43.8393
# name 14 = sbeox0Mg/L: Oxygen, SBE 43 [mg/l], WS = 2
# name 15 = specc: Specific Conductance [uS/cm]
# name 16 = sbeox1Mg/L: Oxygen, SBE 43, 2 [mg/l], WS = 2
# name 17 = flag: flag
# span 0 =     -0.075,     63.590       
# span 1 =    -0.8702,    19.2707       
# span 2 =  51.004498, 304.724061       
# span 3 =     0.0000,     0.0342       
# span 4 = 1.0000e-12, 3.5447e+00       
# span 5 =     0.2509,     5.7266       
# span 6 =    23.8914,    93.9190       
# span 7 = 8.7912e-02, 2.0366e+00       
# span 8 = 0.0000e+00, 0.0000e+00       
# span 9 =  0.0413330,  0.0633682       
# span 10 =     4.9495,    19.2650      
# span 11 =   4.248634, 268.844650      
# span 12 =     1.8278,     2.9194      
# span 13 =     -0.076,     64.844      
# span 14 =    -3.8677,    -2.1495      
# span 15 =     63.411,    375.337      
# span 16 =     5.9572,    11.1991      
# span 17 = 0.0000e+00, 0.0000e+00      
# interval = seconds: 0.0416667
# start_time = Sep 26 2023 09:04:51 [NMEA time, header]
# bad_flag = -9.990e-29
*END*
[from data line 12704]
     51.250     5.6346 194.182238     0.0330 1.0000e-12     0.2969    92.8473 1.6484e-01 0.0000e+00  0.0554688     5.6520 195.304253     2.1746     52.260    -2.9964    316.919    10.4483 0.0000e+00
     51.243     5.6395 194.134415     0.0134 1.0000e-12     0.2969    92.8473 1.7216e-01 0.0000e+00  0.0558845     5.6496 195.243571     2.1746     52.253    -3.1121    316.790    10.4483 0.0000e+00
     51.235     5.6361 194.146372     0.0024 1.0000e-12     0.2957    92.8734 1.5751e-01 0.0000e+00  0.0558845     5.6477 195.243572     2.1746     52.245    -3.1796    316.845    10.4483 0.0000e+00
     51.227     5.6339 194.194194     0.0012 1.0000e-12     0.2969    92.8473 1.5018e-01 0.0000e+00  0.0558845     5.6453 195.213232     2.1746     52.237    -3.1953    316.946    10.4484 0.0000e+00
     51.219     5.6256 194.134424     0.0244 1.0000e-12     0.2957    92.8734 1.5385e-01 0.0000e+00  0.0554688     5.6381 195.213236     2.1746     52.229    -3.0448    316.934    10.4500 0.0000e+00
     51.209     5.6114 194.110523     0.0281 1.0000e-12     0.2957    92.8734 1.5385e-01 0.0000e+00  0.0550530     5.6344 195.152555     2.1746     52.219    -3.0304    317.042    10.4508 0.0000e+00
     51.199     5.5978 194.038801     0.0085 1.0000e-12     0.2969    92.8473 1.6117e-01 0.0000e+00  0.0550530     5.6361 195.243578     2.1746     52.208    -3.1444    317.066    10.4500 0.0000e+00
     51.190     5.5841 194.026854     0.0012 1.0000e-12     0.2969    92.8473 1.6484e-01 0.0000e+00  0.0554688     5.6398 195.213234     2.1746     52.199    -3.1959    317.188    10.4488 0.0000e+00
     51.182     5.5732 193.955132     0.0024 1.0000e-12     0.2969    92.8473 1.6484e-01 0.0000e+00  0.0554688     5.6461 195.152546     2.1746     52.191    -3.1903    317.184    10.4470 0.0000e+00
     51.174     5.5686 193.967090     0.0330 1.0000e-12     0.2957    92.8734 1.5385e-01 0.0000e+00  0.0554688     5.6479 195.152545     2.1746     52.183    -2.9988    317.251    10.4465 0.0000e+00
     51.167     5.5755 193.990995     0.0208 1.0000e-12     0.2957    92.8734 1.5018e-01 0.0000e+00  0.0554688     5.6450 195.152547     2.1746     52.176    -3.0769    317.219    10.4474 0.0000e+00
     51.159     5.5814 194.014901     0.0049 1.0000e-12     0.2957    92.8734 1.5018e-01 0.0000e+00  0.0550530     5.6427 195.304258     2.1746     52.168    -3.1683    317.197    10.4483 0.0000e+00
     51.151     5.5882 194.026851     0.0012 1.0000e-12     0.2957    92.8734 1.5018e-01 0.0000e+00  0.0550530     5.6450 195.182888     2.1746     52.159    -3.1998    317.146    10.4480 0.0000e+00
     51.143     5.5911 193.907302     0.0110 1.0000e-12     0.2969    92.8473 1.4652e-01 0.0000e+00  0.0554688     5.6525 195.243568     2.1746     52.151    -3.1320    316.920    10.4462 0.0000e+00
     51.134     5.5951 194.002937     0.0330 1.0000e-12     0.2957    92.8734 1.3919e-01 0.0000e+00  0.0554688     5.6583 195.182879     2.1746     52.142    -2.9976    317.035    10.4462 0.0000e+00
     51.126     5.5979 194.002935     0.0147 1.0000e-12     0.2969    92.8473 1.3919e-01 0.0000e+00  0.0558845     5.6626 195.304245     2.1734     52.134    -3.1076    317.006    10.4391 0.0000e+00
     51.119     5.6082 194.002929     0.0024 1.0000e-12     0.2957    92.8734 1.4652e-01 0.0000e+00  0.0554688     5.6678 195.243557     2.1734     52.127    -3.1811    316.899    10.4393 0.0000e+00
     51.111     5.6169 193.990968     0.0000 1.0000e-12     0.2957    92.8734 1.4652e-01 0.0000e+00  0.0550530     5.6699 195.425609     2.1746     52.119    -3.2044    316.790    10.4480 0.0000e+00
     51.102     5.6239 194.026828     0.0220 1.0000e-12     0.2969    92.8473 1.4652e-01 0.0000e+00  0.0550530     5.6641 195.425612     2.1734     52.110    -3.0599    316.776    10.4439 0.0000e+00
     51.094     5.6269 193.955097     0.0281 1.0000e-12     0.2957    92.8734 1.4286e-01 0.0000e+00  0.0550530     5.6667 195.425610     2.1746     52.101    -3.0282    316.628    10.4515 0.0000e+00
     51.085     5.6241 193.967054     0.0098 1.0000e-12     0.2969    92.8473 1.4286e-01 0.0000e+00  0.0558845     5.6842 195.425600     2.1734     52.092    -3.1333    316.676    10.4397 0.0000e+00
     51.076     5.6206 194.026829     0.0012 1.0000e-12     0.2957    92.8734 1.5018e-01 0.0000e+00  0.0558845     5.6926 195.607648     2.1734     52.083    -3.1911    316.810    10.4394 0.0000e+00
     51.066     5.6204 194.026830     0.0012 1.0000e-12     0.2912    92.9780 1.6850e-01 0.0000e+00  0.0554688     5.7035 195.577298     2.1734     52.073    -3.1911    316.812    10.4383 0.0000e+00
     51.057     5.6222 193.990964     0.0317 1.0000e-12     0.2901    93.0041 1.7582e-01 0.0000e+00  0.0550530     5.7178 195.637974     2.1734     52.064    -2.9991    316.735    10.4364 0.0000e+00
     51.047     5.6253 193.967052     0.0220 1.0000e-12     0.2901    93.0041 1.6850e-01 0.0000e+00  0.0550530     5.7316 195.577280     2.1734     52.053    -3.0632    316.664    10.4346 0.0000e+00
     51.038     5.6213 193.979009     0.0049 1.0000e-12     0.2901    93.0041 1.6117e-01 0.0000e+00  0.0554688     5.7398 195.668302     2.1734     52.044    -3.1619    316.725    10.4333 0.0000e+00
     51.029     5.6128 194.014880     0.0012 1.0000e-12     0.2912    92.9780 1.5385e-01 0.0000e+00  0.0558845     5.7369 195.728990     2.1734     52.035    -3.1939    316.871    10.4352 0.0000e+00
     51.019     5.6056 193.979018     0.0085 1.0000e-12     0.2901    93.0041 1.5751e-01 0.0000e+00  0.0558845     5.7292 195.820022     2.1734     52.025    -3.1437    316.887    10.4384 0.0000e+00
     51.009     5.6046 193.967064     0.0342 1.0000e-12     0.2901    93.0041 1.6117e-01 0.0000e+00  0.0554688     5.7237 195.637969     2.1734     52.015    -2.9870    316.878    10.4411 0.0000e+00
     51.000     5.6146 194.026832     0.0147 1.0000e-12     0.2901    93.0041 1.5751e-01 0.0000e+00  0.0550530     5.7285 195.637966     2.1734     52.006    -3.1050    316.872    10.4407 0.0000e+00
     50.991     5.6206 194.002919     0.0024 1.0000e-12     0.2901    93.0041 1.5385e-01 0.0000e+00  0.0554688     5.7384 195.668303     2.1734     51.996    -3.1779    316.771    10.4390 0.0000e+00
     50.980     5.6191 194.014874     0.0000 1.0000e-12     0.2901    93.0041 1.5751e-01 0.0000e+00  0.0554688     5.7441 195.668299     2.1734     51.985    -3.2012    316.806    10.4384 0.0000e+00
     50.969     5.6072 194.026836     0.0208 1.0000e-12     0.2901    93.0041 1.6117e-01 0.0000e+00  0.0558845     5.7495 195.820008     2.1734     51.974    -3.0659    316.949    10.4379 0.0000e+00
     50.958     5.5935 193.979025     0.0293 1.0000e-12     0.2901    93.0041 1.6117e-01 0.0000e+00  0.0554688     5.7529 195.759320     2.1734     51.963    -3.0210    317.013    10.4380 0.0000e+00
     50.948     5.5803 193.967079     0.0098 1.0000e-12     0.2901    93.0041 1.5018e-01 0.0000e+00  0.0554688     5.7528 195.668292     2.1734     51.952    -3.1357    317.130    10.4390 0.0000e+00
     50.939     5.5682 193.931222     0.0024 1.0000e-12     0.2901    93.0041 1.5018e-01 0.0000e+00  0.0558845     5.7497 195.577267     2.1734     51.943    -3.1869    317.197    10.4410 0.0000e+00
     50.928     5.5586 193.955137     0.0024 1.0000e-12     0.2901    93.0041 1.4652e-01 0.0000e+00  0.0558845     5.7403 195.516588     2.1734     51.932    -3.1889    317.336    10.4447 0.0000e+00
     50.917     5.5532 193.931230     0.0317 1.0000e-12     0.2901    93.0041 1.5018e-01 0.0000e+00  0.0554688     5.7306 195.607620     2.1734     51.921    -3.0035    317.353    10.4486 0.0000e+00
     50.907     5.5533 193.931230     0.0232 1.0000e-12     0.2901    93.0041 1.5385e-01 0.0000e+00  0.0554688     5.7255 195.486254     2.1746     51.911    -3.0616    317.352    10.4586 0.0000e+00
     50.897     5.5596 193.931227     0.0049 1.0000e-12     0.2901    93.0041 1.5018e-01 0.0000e+00  0.0554688     5.7024 195.516612     2.1746     51.900    -3.1680    317.286    10.4663 0.0000e+00
     50.885     5.5652 193.883404     0.0012 1.0000e-12     0.2901    93.0041 1.5018e-01 0.0000e+00  0.0550530     5.6809 195.304229     2.1746     51.888    -3.1986    317.150    10.4724 0.0000e+00
     50.873     5.5719 193.943173     0.0073 1.0000e-12     0.2901    93.0041 1.5385e-01 0.0000e+00  0.0550530     5.6686 195.243552     2.1746     51.876    -3.1544    317.178    10.4758 0.0000e+00
     50.860     5.5847 193.931209     0.0342 1.0000e-12     0.2946    92.8996 1.5385e-01 0.0000e+00  0.0550530     5.6594 195.213215     2.1746     51.863    -2.9889    317.026    10.4794 0.0000e+00
     50.849     5.5977 193.895337     0.0159 1.0000e-12     0.2969    92.8473 1.5018e-01 0.0000e+00  0.0554688     5.6554 195.304244     2.1734     51.852    -3.1003    316.832    10.4717 0.0000e+00
     50.839     5.6091 193.895330     0.0037 1.0000e-12     0.2969    92.8473 1.5018e-01 0.0000e+00  0.0558845     5.6541 195.364929     2.1734     51.841    -3.1722    316.714    10.4730 0.0000e+00
     50.829     5.6162 193.919236     0.0012 1.0000e-12     0.2969    92.8473 1.5751e-01 0.0000e+00  0.0554688     5.6432 195.273910     2.1746     51.831    -3.1943    316.680    10.4835 0.0000e+00
     50.817     5.6195 193.931186     0.0208 1.0000e-12     0.2969    92.8473 1.6117e-01 0.0000e+00  0.0554688     5.6395 195.364937     2.1746     51.819    -3.0651    316.665    10.4844 0.0000e+00
     50.805     5.6211 193.931186     0.0305 1.0000e-12     0.2969    92.8473 1.5385e-01 0.0000e+00  0.0554688     5.6530 195.425614     2.1746     51.807    -3.0126    316.649    10.4802 0.0000e+00
     50.793     5.6187 193.955096     0.0098 1.0000e-12     0.2957    92.8734 1.5018e-01 0.0000e+00  0.0558845     5.6692 195.516630     2.1746     51.794    -3.1338    316.713    10.4751 0.0000e+00
     50.780     5.6129 193.967056     0.0024 1.0000e-12     0.2980    92.8211 1.6117e-01 0.0000e+00  0.0558845     5.6843 195.577306     2.1746     51.781    -3.1825    316.792    10.4704 0.0000e+00
     50.767     5.6074 193.823601     0.0024 1.0000e-12     0.2980    92.8211 1.6850e-01 0.0000e+00  0.0558845     5.7084 195.607631     2.1746     51.768    -3.1843    316.615    10.4630 0.0000e+00
     50.754     5.6037 193.823604     0.0305 1.0000e-12     0.2969    92.8473 1.6850e-01 0.0000e+00  0.0554688     5.7342 195.698643     2.1746     51.755    -3.0057    316.653    10.4551 0.0000e+00
     50.741     5.6027 193.883378     0.0232 1.0000e-12     0.2957    92.8734 1.6484e-01 0.0000e+00  0.0550530     5.7480 195.789663     2.1746     51.741    -3.0577    316.761    10.4506 0.0000e+00
     50.727     5.6011 193.919242     0.0049 1.0000e-12     0.2957    92.8734 1.5751e-01 0.0000e+00  0.0550530     5.7537 195.728973     2.1746     51.727    -3.1639    316.836    10.4484 0.0000e+00
     50.713     5.5989 193.907288     0.0012 1.0000e-12     0.2969    92.8473 1.6484e-01 0.0000e+00  0.0554688     5.7614 195.819995     2.1746     51.713    -3.1955    316.839    10.4456 0.0000e+00
     50.701     5.5995 193.919243     0.0073 1.0000e-12     0.2969    92.8473 1.6484e-01 0.0000e+00  0.0554688     5.7670 195.819992     2.1746     51.701    -3.1521    316.853    10.4433 0.0000e+00
     50.689     5.6003 193.943152     0.0342 1.0000e-12     0.2969    92.8473 1.6484e-01 0.0000e+00  0.0554688     5.7699 195.850333     2.1746     51.688    -2.9880    316.884    10.4418 0.0000e+00
     50.677     5.6027 193.931195     0.0171 1.0000e-12     0.2980    92.8211 1.6117e-01 0.0000e+00  0.0554688     5.7720 195.971703     2.1746     51.676    -3.0942    316.839    10.4404 0.0000e+00
     50.664     5.6059 193.955102     0.0024 1.0000e-12     0.2969    92.8473 1.6117e-01 0.0000e+00  0.0554688     5.7741 195.911016     2.1746     51.663    -3.1826    316.845    10.4390 0.0000e+00
     50.652     5.6075 194.002921     0.0000 1.0000e-12     0.2969    92.8473 1.5751e-01 0.0000e+00  0.0554688     5.7752 195.911015     2.1746     51.651    -3.2048    316.907    10.4379 0.0000e+00
     50.640     5.6082 193.979010     0.0195 1.0000e-12     0.2969    92.8473 1.5018e-01 0.0000e+00  0.0554688     5.7746 195.941358     2.1746     51.638    -3.0757    316.860    10.4371 0.0000e+00
     50.627     5.6104 193.919234     0.0305 1.0000e-12     0.2980    92.8211 1.6117e-01 0.0000e+00  0.0554688     5.7739 195.941358     2.1746     51.625    -3.0142    316.740    10.4364 0.0000e+00
     50.614     5.6156 193.990960     0.0098 1.0000e-12     0.2991    92.7950 1.6484e-01 0.0000e+00  0.0554688     5.7728 195.880672     2.1746     51.612    -3.1360    316.803    10.4357 0.0000e+00
     50.602     5.6193 194.062686     0.0012 1.0000e-12     0.3014    92.7427 1.6117e-01 0.0000e+00  0.0558845     5.7715 195.911016     2.1746     51.600    -3.1904    316.882    10.4362 0.0000e+00
     50.590     5.6239 194.170278     0.0012 1.0000e-12     0.3014    92.7427 1.7582e-01 0.0000e+00  0.0558845     5.7707 196.032389     2.1746     51.587    -3.1914    317.010    10.4366 0.0000e+00
     50.577     5.6357 194.242002     0.0305 1.0000e-12     0.3014    92.7427 1.7582e-01 0.0000e+00  0.0558845     5.7683 195.971704     2.1746     51.574    -3.0052    317.005    10.4374 0.0000e+00
     50.562     5.6519 194.325677     0.0244 1.0000e-12     0.3025    92.7166 1.6850e-01 0.0000e+00  0.0550530     5.7651 195.819990     2.1746     51.559    -3.0503    316.974    10.4384 0.0000e+00
     50.549     5.6650 194.421310     0.0061 1.0000e-12     0.3014    92.7427 1.6484e-01 0.0000e+00  0.0550530     5.7630 195.728962     2.1734     51.546    -3.1551    316.994    10.4316 0.0000e+00
     50.537     5.6799 194.504991     0.0012 1.0000e-12     0.3014    92.7427 1.6850e-01 0.0000e+00  0.0554688     5.7601 195.668281     2.1746     51.533    -3.1915    316.977    10.4389 0.0000e+00
     50.524     5.6935 194.504981     0.0073 1.0000e-12     0.3014    92.7427 1.6484e-01 0.0000e+00  0.0554688     5.7575 195.698624     2.1746     51.520    -3.1460    316.836    10.4386 0.0000e+00
     50.509     5.7033 194.516930     0.0342 1.0000e-12     0.3014    92.7427 1.6117e-01 0.0000e+00  0.0554688     5.7563 195.819995     2.1746     51.505    -2.9815    316.755    10.4390 0.0000e+00
     50.495     5.7087 194.433238     0.0171 1.0000e-12     0.3025    92.7166 1.5751e-01 0.0000e+00  0.0554688     5.7572 195.911023     2.1746     51.491    -3.0870    316.563    10.4387 0.0000e+00
     50.481     5.7096 194.433237     0.0037 1.0000e-12     0.3014    92.7427 1.5385e-01 0.0000e+00  0.0554688     5.7611 196.002050     2.1746     51.476    -3.1662    316.553    10.4376 0.0000e+00
     50.468     5.7101 194.397370     0.0012 1.0000e-12     0.3014    92.7427 1.5018e-01 0.0000e+00  0.0554688     5.7619 195.941362     2.1746     51.463    -3.1888    316.490    10.4374 0.0000e+00
     50.456     5.7123 194.397370     0.0195 1.0000e-12     0.3014    92.7427 2.0513e-01 0.0000e+00  0.0554688     5.7598 195.819993     2.1746     51.451    -3.0672    316.467    10.4381 0.0000e+00
     50.443     5.7127 194.445190     0.0317 1.0000e-12     0.3014    92.7427 2.5275e-01 0.0000e+00  0.0550530     5.7491 195.789656     2.1746     51.438    -2.9994    316.541    10.4412 0.0000e+00
     50.431     5.7144 194.493011     0.0110 1.0000e-12     0.3014    92.7427 2.3443e-01 0.0000e+00  0.0554688     5.7446 195.820001     2.1746     51.425    -3.1220    316.601    10.4425 0.0000e+00
     50.418     5.7159 194.516921     0.0012 1.0000e-12     0.3014    92.7427 1.9780e-01 0.0000e+00  0.0554688     5.7468 195.820000     2.1746     51.412    -3.1837    316.625    10.4419 0.0000e+00
     50.405     5.7165 194.552787     0.0012 1.0000e-12     0.3014    92.7427 1.7582e-01 0.0000e+00  0.0554688     5.7464 195.850343     2.1746     51.399    -3.1848    316.677    10.4420 0.0000e+00
