data/05_metadata_exports/SeabirdData/202310_SeabirdData/88680_STN42.cnv
* Sea-Bird SBE 9 Data File:
* FileName = C:\Users\rosette\Rosette Data\2023\Ontario lower food web csmi\STN42.hex
* Software Version Seasave V 7.26.6.26
* Temperature SN = 5270
* Conductivity SN = 1168
* Number of Bytes Per Scan = 40
* Number of Voltage Words = 5
* Number of Scans Averaged by the Deck Unit = 1
* NMEA Latitude = 43 50.36 N
* NMEA Longitude = 078 02.18 W
* NMEA UTC (Time) = Sep 26 2023  09:04:51
* NMEA baud rate = 4800
** Ship: Lake Guardian
** Cruise: Ontario LFW
** Station:  STN42
# nquan = 18                                
# nvalues = 19005                       
# units = specified
# name 0 = prDM: Pressure, Digiquartz [db]
# name 1 = t090C: Temperature [ITS-90, deg C]
# name 2 = c0uS/cm: Conductivity [uS/cm]
# name 3 = sbeox0V: Oxygen raw, SBE 43 [V]
# name 4 = par: PAR/Irradiance, Biospherical/Licor
# name 5 = bat: Beam Attenuation, Chelsea/Seatech [1/m]
# name 6 = xmiss: Beam Transmission, Chelsea/Seatech [%]
# name 7 = flSP: Fluorescence, Seapoint
# name 8 = spar: SPAR, Biospherical/Licor
# name 9 = upoly0: Upoly 0, Suna Nitrate
# name 10 = t190C: Temperature, 2 [ITS-90, deg C]
# name 11 = c1uS/cm: Conductivity, 2 [uS/cm]
# name 12 = sbeox1V: Oxygen raw, SBE 43, 2 [V]
# name 13 = depFM: Depth [fresh water, m], lat = 43.8393
# name 14 = sbeox0Mg/L: Oxygen, SBE 43 [mg/l], WS = 2
# name 15 = specc: Specific Conductance [uS/cm]
# name 16 = sbeox1Mg/L: Oxygen, SBE 43, 2 [mg/l], WS = 2
# name 17 = flag: flag
# span 0 =     -0.075,     63.590       
# span 1 =    -0.8702,    19.2707       
# span 2 =  51.004498, 304.724061       
# span 3 =     0.0000,     0.0342       
# span 4 = 1.0000e-12, 3.5447e+00       
# span 5 =     0.2509,     5.7266       
# span 6 =    23.8914,    93.9190       
# span 7 = 8.7912e-02, 2.0366e+00       
# span 8 = 0.0000e+00, 0.0000e+00       
# span 9 =  0.0413330,  0.0633682       
# span 10 =     4.9495,    19.2650      
# span 11 =   4.248634, 268.844650      
# span 12 =     1.8278,     2.9194      
# span 13 =     -0.076,     64.844      
# span 14 =    -3.8677,    -2.1495      
# span 15 =     63.411,    375.337      
# span 16 =     5.9572,    11.1991      
# span 17 = 0.0000e+00, 0.0000e+00      
# interval = seconds: 0.0416667
# start_time = Sep 26 2023 09:04:51 [NMEA time, header]
# bad_flag = -9.990e-29
*END*
[from data line 14875]
     32.342     7.3555 203.893703     0.0110 1.0000e-12     0.4918    88.4297 4.4322e-01 0.0000e+00  0.0554688     7.3549 205.075130     2.1404     32.980    -2.9873    315.066     9.7729 -9.990e-29
     32.343     7.3557 203.929607     0.0024 1.0000e-12     0.4918    88.4297 4.3956e-01 0.0000e+00  0.0554688     7.3549 205.135840     2.1404     32.981    -3.0274    315.120     9.7714 -9.990e-29
     32.345     7.3555 203.977483     0.0061 1.0000e-12     0.4918    88.4297 4.5055e-01 0.0000e+00  0.0554688     7.3547 205.105486     2.1404     32.983    -2.9935    315.196     9.7711 -9.990e-29
     32.347     7.3552 203.941577     0.0342 1.0000e-12     0.4918    88.4297 4.5421e-01 0.0000e+00  0.0554688     7.3546 205.105485     2.1404     32.985    -2.8370    315.143     9.7697 -9.990e-29
     32.348     7.3550 203.953546     0.0171 1.0000e-12     0.4918    88.4297 4.3956e-01 0.0000e+00  0.0550530     7.3546 205.135842     2.1404     32.986    -2.9535    315.164     9.7683 -9.990e-29
     32.348     7.3541 203.905672     0.0024 1.0000e-12     0.4907    88.4559 4.4322e-01 0.0000e+00  0.0554688     7.3544 204.984063     2.1404     32.986    -3.0349    315.098     9.7680 -9.990e-29
     32.348     7.3544 203.917640     0.0012 1.0000e-12     0.4907    88.4559 4.6154e-01 0.0000e+00  0.0558845     7.3544 204.984063     2.1404     32.986    -3.0255    315.114     9.7665 -9.990e-29
     32.350     7.3542 203.941577     0.0293 1.0000e-12     0.4930    88.4036 4.9451e-01 0.0000e+00  0.0558845     7.3539 205.014419     2.1392     32.988    -2.8611    315.153     9.7591 -9.990e-29
     32.352     7.3544 203.929609     0.0244 1.0000e-12     0.4930    88.4036 5.2015e-01 0.0000e+00  0.0554688     7.3542 205.105486     2.1404     32.990    -2.9058    315.133     9.7658 -9.990e-29
     32.353     7.3541 203.857798     0.0061 1.0000e-12     0.4918    88.4297 5.2015e-01 0.0000e+00  0.0550530     7.3538 205.105486     2.1404     32.991    -3.0155    315.024     9.7656 -9.990e-29
     32.354     7.3544 203.917641     0.0000 1.0000e-12     0.4907    88.4559 5.0549e-01 0.0000e+00  0.0554688     7.3539 205.014420     2.1404     32.992    -3.0375    315.114     9.7651 -9.990e-29
     32.355     7.3542 203.953546     0.0159 1.0000e-12     0.4907    88.4559 4.8718e-01 0.0000e+00  0.0554688     7.3539 205.075130     2.1404     32.993    -2.9372    315.171     9.7657 -9.990e-29
     32.355     7.3544 203.929609     0.0317 1.0000e-12     0.4918    88.4297 4.7619e-01 0.0000e+00  0.0554688     7.3544 205.014419     2.1404     32.993    -2.8567    315.133     9.7661 -9.990e-29
     32.355     7.3544 203.929609     0.0122 1.0000e-12     0.4930    88.4036 4.6154e-01 0.0000e+00  0.0550530     7.3542 205.075130     2.1392     32.993    -2.9822    315.133     9.7586 -9.990e-29
     32.355     7.3547 203.989451     0.0024 1.0000e-12     0.4930    88.4036 4.5788e-01 0.0000e+00  0.0550530     7.3542 205.105485     2.1392     32.993    -3.0296    315.222     9.7572 -9.990e-29
     32.357     7.3544 203.941578     0.0049 1.0000e-12     0.4918    88.4297 4.6886e-01 0.0000e+00  0.0554688     7.3541 205.105487     2.1392     32.995    -3.0002    315.151     9.7568 -9.990e-29
     32.358     7.3545 203.941577     0.0342 1.0000e-12     0.4918    88.4297 4.7619e-01 0.0000e+00  0.0554688     7.3541 205.135841     2.1404     32.996    -2.8350    315.150     9.7637 -9.990e-29
     32.359     7.3545 203.905673     0.0183 1.0000e-12     0.4918    88.4297 4.6886e-01 0.0000e+00  0.0554688     7.3546 205.226910     2.1404     32.997    -2.9456    315.095     9.7633 -9.990e-29
     32.359     7.3542 203.917641     0.0037 1.0000e-12     0.4918    88.4297 4.5421e-01 0.0000e+00  0.0550530     7.3541 205.166198     2.1404     32.997    -3.0284    315.116     9.7632 -9.990e-29
     32.358     7.3544 203.941577     0.0000 1.0000e-12     0.4907    88.4559 4.6154e-01 0.0000e+00  0.0554688     7.3542 205.166197     2.1404     32.996    -3.0337    315.151     9.7630 -9.990e-29
     32.359     7.3544 203.893702     0.0269 1.0000e-12     0.4907    88.4559 4.6520e-01 0.0000e+00  0.0554688     7.3542 205.044773     2.1404     32.997    -2.8757    315.077     9.7628 -9.990e-29
     32.362     7.3550 203.929610     0.0269 1.0000e-12     0.4918    88.4297 4.6886e-01 0.0000e+00  0.0554688     7.3541 205.075132     2.1404     33.000    -2.8908    315.127     9.7637 -9.990e-29
     32.363     7.3552 203.989451     0.0073 1.0000e-12     0.4907    88.4559 4.7619e-01 0.0000e+00  0.0554688     7.3538 205.105487     2.1404     33.001    -3.0099    315.217     9.7636 -9.990e-29
     32.361     7.3553 203.917639     0.0012 1.0000e-12     0.4918    88.4297 4.7253e-01 0.0000e+00  0.0554688     7.3538 204.984063     2.1392     32.999    -3.0311    315.105     9.7564 -9.990e-29
     32.360     7.3555 203.977483     0.0147 1.0000e-12     0.4918    88.4297 4.6886e-01 0.0000e+00  0.0554688     7.3534 204.984064     2.1392     32.998    -2.9440    315.196     9.7564 -9.990e-29
     32.359     7.3554 203.941576     0.0330 1.0000e-12     0.4918    88.4297 4.6520e-01 0.0000e+00  0.0554688     7.3536 205.105486     2.1392     32.997    -2.8480    315.141     9.7564 -9.990e-29
     32.358     7.3552 203.989451     0.0122 1.0000e-12     0.4918    88.4297 4.6520e-01 0.0000e+00  0.0554688     7.3538 205.105487     2.1392     32.996    -2.9829    315.217     9.7563 -9.990e-29
     32.356     7.3550 203.917640     0.0012 1.0000e-12     0.4918    88.4297 4.6886e-01 0.0000e+00  0.0554688     7.3539 205.014419     2.1392     32.994    -3.0399    315.108     9.7564 -9.990e-29
     32.356     7.3550 203.893703     0.0037 1.0000e-12     0.4918    88.4297 4.6886e-01 0.0000e+00  0.0554688     7.3541 205.196553     2.1392     32.994    -3.0104    315.071     9.7565 -9.990e-29
     32.356     7.3552 203.977483     0.0342 1.0000e-12     0.4918    88.4297 4.7253e-01 0.0000e+00  0.0554688     7.3541 205.135843     2.1404     32.994    -2.8372    315.199     9.7638 -9.990e-29
     32.358     7.3552 203.989449     0.0195 1.0000e-12     0.4918    88.4297 4.9817e-01 0.0000e+00  0.0554688     7.3536 205.105485     2.1392     32.996    -2.9414    315.217     9.7570 -9.990e-29
     32.359     7.3549 203.953547     0.0049 1.0000e-12     0.4918    88.4297 5.2747e-01 0.0000e+00  0.0550530     7.3539 205.105488     2.1392     32.997    -3.0240    315.165     9.7571 -9.990e-29
     32.360     7.3545 203.929608     0.0012 1.0000e-12     0.4918    88.4297 5.2747e-01 0.0000e+00  0.0550530     7.3539 205.014419     2.1392     32.998    -3.0293    315.132     9.7564 -9.990e-29
     32.359     7.3545 203.941578     0.0256 1.0000e-12     0.4942    88.3774 5.2747e-01 0.0000e+00  0.0554688     7.3542 205.014419     2.1404     32.997    -2.8841    315.150     9.7638 -9.990e-29
     32.357     7.3547 203.929608     0.0269 1.0000e-12     0.4954    88.3513 5.2747e-01 0.0000e+00  0.0554688     7.3541 205.014419     2.1404     32.995    -2.8915    315.130     9.7642 -9.990e-29
     32.357     7.3545 203.941577     0.0085 1.0000e-12     0.4966    88.3252 5.3114e-01 0.0000e+00  0.0550530     7.3541 205.075130     2.1404     32.995    -3.0051    315.150     9.7655 -9.990e-29
     32.358     7.3547 203.953546     0.0012 1.0000e-12     0.4966    88.3252 5.3846e-01 0.0000e+00  0.0550530     7.3541 205.014420     2.1404     32.996    -3.0360    315.167     9.7659 -9.990e-29
     32.357     7.3544 203.917641     0.0122 1.0000e-12     0.4954    88.3513 5.3480e-01 0.0000e+00  0.0550530     7.3542 205.075131     2.1392     32.995    -2.9619    315.114     9.7591 -9.990e-29
     32.355     7.3544 203.965514     0.0342 1.0000e-12     0.4966    88.3252 5.2015e-01 0.0000e+00  0.0554688     7.3542 205.105486     2.1392     32.993    -2.8432    315.188     9.7585 -9.990e-29
     32.354     7.3541 203.917640     0.0147 1.0000e-12     0.4966    88.3252 5.0916e-01 0.0000e+00  0.0554688     7.3546 205.196553     2.1392     32.992    -2.9704    315.117     9.7578 -9.990e-29
     32.353     7.3542 203.893704     0.0024 1.0000e-12     0.4966    88.3252 4.9084e-01 0.0000e+00  0.0554688     7.3542 205.014420     2.1392     32.991    -3.0351    315.079     9.7573 -9.990e-29
     32.352     7.3549 203.965513     0.0024 1.0000e-12     0.4966    88.3252 4.7253e-01 0.0000e+00  0.0554688     7.3546 205.044774     2.1392     32.990    -3.0194    315.183     9.7577 -9.990e-29
     32.352     7.3552 203.989451     0.0317 1.0000e-12     0.4954    88.3513 4.5421e-01 0.0000e+00  0.0554688     7.3547 205.105485     2.1392     32.990    -2.8524    315.217     9.7582 -9.990e-29
     32.352     7.3550 203.953546     0.0208 1.0000e-12     0.4966    88.3252 4.4689e-01 0.0000e+00  0.0554688     7.3552 205.105486     2.1392     32.990    -2.9333    315.164     9.7586 -9.990e-29
     32.352     7.3550 203.905671     0.0049 1.0000e-12     0.4954    88.3513 4.5055e-01 0.0000e+00  0.0554688     7.3547 205.196553     2.1392     32.990    -3.0253    315.090     9.7593 -9.990e-29
     32.350     7.3550 203.929609     0.0012 1.0000e-12     0.4966    88.3252 4.5788e-01 0.0000e+00  0.0550530     7.3551 205.075130     2.1404     32.988    -3.0306    315.127     9.7680 -9.990e-29
     32.348     7.3552 203.929608     0.0220 1.0000e-12     0.4954    88.3513 4.6154e-01 0.0000e+00  0.0550530     7.3554 205.226908     2.1392     32.986    -2.9048    315.125     9.7613 -9.990e-29
     32.347     7.3549 203.941576     0.0293 1.0000e-12     0.4966    88.3252 4.6154e-01 0.0000e+00  0.0554688     7.3554 205.196552     2.1392     32.985    -2.8761    315.146     9.7619 -9.990e-29
     32.346     7.3550 203.953545     0.0085 1.0000e-12     0.4954    88.3513 4.5421e-01 0.0000e+00  0.0558845     7.3551 205.166197     2.1392     32.984    -3.0040    315.164     9.7617 -9.990e-29
     32.345     7.3553 203.977483     0.0012 1.0000e-12     0.4966    88.3252 4.3956e-01 0.0000e+00  0.0554688     7.3554 204.984063     2.1392     32.983    -3.0349    315.198     9.7613 -9.990e-29
     32.344     7.3555 203.953545     0.0085 1.0000e-12     0.4954    88.3513 4.2491e-01 0.0000e+00  0.0550530     7.3554 205.044774     2.1392     32.982    -2.9806    315.159     9.7610 -9.990e-29
     32.342     7.3557 204.025356     0.0330 1.0000e-12     0.4966    88.3252 4.2125e-01 0.0000e+00  0.0554688     7.3552 205.105485     2.1392     32.980    -2.8463    315.268     9.7607 -9.990e-29
     32.341     7.3565 203.977481     0.0147 1.0000e-12     0.4966    88.3252 4.3223e-01 0.0000e+00  0.0554688     7.3556 205.014418     2.1392     32.979    -2.9691    315.186     9.7602 -9.990e-29
     32.341     7.3569 203.989449     0.0024 1.0000e-12     0.4966    88.3252 4.4322e-01 0.0000e+00  0.0554688     7.3557 205.196552     2.1392     32.979    -3.0347    315.201     9.7599 -9.990e-29
     32.341     7.3576 204.001417     0.0012 1.0000e-12     0.4978    88.2990 4.5788e-01 0.0000e+00  0.0554688     7.3559 205.075129     2.1392     32.979    -3.0252    315.212     9.7605 -9.990e-29
     32.341     7.3581 203.989449     0.0317 1.0000e-12     0.4978    88.2990 4.7985e-01 0.0000e+00  0.0554688     7.3556 205.105486     2.1392     32.979    -2.8495    315.189     9.7603 -9.990e-29
     32.340     7.3582 203.989449     0.0220 1.0000e-12     0.4978    88.2990 5.0183e-01 0.0000e+00  0.0554688     7.3551 205.044774     2.1392     32.978    -2.9225    315.188     9.7602 -9.990e-29
     32.338     7.3581 203.917637     0.0061 1.0000e-12     0.4978    88.2990 4.9817e-01 0.0000e+00  0.0554688     7.3551 205.196552     2.1392     32.976    -3.0145    315.078     9.7599 -9.990e-29
     32.337     7.3581 203.965512     0.0012 1.0000e-12     0.4978    88.2990 4.9084e-01 0.0000e+00  0.0550530     7.3554 205.166196     2.1392     32.975    -3.0279    315.152     9.7615 -9.990e-29
     32.336     7.3581 204.001417     0.0208 1.0000e-12     0.4978    88.2990 4.9817e-01 0.0000e+00  0.0550530     7.3557 205.105484     2.1404     32.974    -2.9092    315.207     9.7704 -9.990e-29
     32.335     7.3581 203.989449     0.0293 1.0000e-12     0.4966    88.3252 5.2381e-01 0.0000e+00  0.0550530     7.3552 205.014418     2.1392     32.973    -2.8726    315.189     9.7640 -9.990e-29
     32.335     7.3588 203.989448     0.0098 1.0000e-12     0.4978    88.2990 5.4945e-01 0.0000e+00  0.0554688     7.3552 205.014418     2.1392     32.973    -2.9936    315.182     9.7648 -9.990e-29
     32.335     7.3585 203.989448     0.0012 1.0000e-12     0.4966    88.3252 5.7143e-01 0.0000e+00  0.0554688     7.3559 205.105485     2.1392     32.973    -3.0340    315.185     9.7644 -9.990e-29
     32.333     7.3583 204.025355     0.0085 1.0000e-12     0.4978    88.2990 5.8608e-01 0.0000e+00  0.0554688     7.3560 205.044774     2.1392     32.970    -2.9789    315.242     9.7642 -9.990e-29
     32.331     7.3582 203.953542     0.0342 1.0000e-12     0.4978    88.2990 6.0073e-01 0.0000e+00  0.0550530     7.3559 205.075128     2.1392     32.968    -2.8357    315.133     9.7640 -9.990e-29
     32.330     7.3586 203.941574     0.0159 1.0000e-12     0.4978    88.2990 5.9707e-01 0.0000e+00  0.0550530     7.3562 204.984061     2.1392     32.967    -2.9576    315.110     9.7637 -9.990e-29
     32.330     7.3588 203.953543     0.0024 1.0000e-12     0.4978    88.2990 5.7509e-01 0.0000e+00  0.0554688     7.3559 204.984062     2.1392     32.967    -3.0310    315.127     9.7636 -9.990e-29
     32.330     7.3588 204.025354     0.0012 1.0000e-12     0.4978    88.2990 5.4945e-01 0.0000e+00  0.0550530     7.3562 205.014417     2.1392     32.967    -3.0235    315.238     9.7643 -9.990e-29
     32.329     7.3589 204.001417     0.0305 1.0000e-12     0.4978    88.2990 5.2747e-01 0.0000e+00  0.0554688     7.3565 205.105484     2.1392     32.966    -2.8538    315.200     9.7640 -9.990e-29
     32.329     7.3591 203.965511     0.0244 1.0000e-12     0.4978    88.2990 5.2015e-01 0.0000e+00  0.0558845     7.3568 205.166195     2.1404     32.966    -2.9057    315.142     9.7708 -9.990e-29
     32.328     7.3592 203.905668     0.0061 1.0000e-12     0.4978    88.2990 5.1648e-01 0.0000e+00  0.0558845     7.3572 205.105484     2.1392     32.965    -3.0117    315.049     9.7643 -9.990e-29
     32.327     7.3594 203.977479     0.0012 1.0000e-12     0.4966    88.3252 5.1282e-01 0.0000e+00  0.0554688     7.3567 204.984061     2.1392     32.964    -3.0268    315.158     9.7642 -9.990e-29
     32.326     7.3595 204.013384     0.0195 1.0000e-12     0.4978    88.2990 4.9817e-01 0.0000e+00  0.0550530     7.3568 205.044771     2.1392     32.963    -2.9133    315.212     9.7640 -9.990e-29
     32.327     7.3596 203.989448     0.0305 1.0000e-12     0.4978    88.2990 4.8352e-01 0.0000e+00  0.0550530     7.3568 205.135840     2.1392     32.964    -2.8620    315.174     9.7648 -9.990e-29
     32.326     7.3595 203.989447     0.0110 1.0000e-12     0.4978    88.2990 4.8352e-01 0.0000e+00  0.0554688     7.3570 205.166194     2.1392     32.963    -2.9840    315.175     9.7645 -9.990e-29
     32.326     7.3597 204.025354     0.0024 1.0000e-12     0.4978    88.2990 4.9084e-01 0.0000e+00  0.0558845     7.3572 205.105484     2.1392     32.963    -3.0263    315.229     9.7642 -9.990e-29
     32.324     7.3599 204.001415     0.0061 1.0000e-12     0.4978    88.2990 4.9451e-01 0.0000e+00  0.0558845     7.3572 205.105483     2.1392     32.961    -2.9935    315.190     9.7639 -9.990e-29
     32.324     7.3610 203.989446     0.0342 1.0000e-12     0.4978    88.2990 5.2747e-01 0.0000e+00  0.0554688     7.3572 205.135839     2.1392     32.961    -2.8363    315.161     9.7647 -9.990e-29
     32.323     7.3615 204.001415     0.0171 1.0000e-12     0.4966    88.3252 5.6410e-01 0.0000e+00  0.0554688     7.3573 205.044772     2.1392     32.960    -2.9521    315.174     9.7644 -9.990e-29
