data/05_metadata_exports/SeabirdData/202310_SeabirdData/88694_STN41-2.cnv
* Sea-Bird SBE 9 Data File:
* FileName = C:\Users\rosette\Rosette Data\2023\Ontario lower food web csmi\STN41-2.hex
* Software Version Seasave V 7.26.6.26
* Temperature SN = 5270
* Conductivity SN = 1168
* Number of Bytes Per Scan = 40
* Number of Voltage Words = 5
* Number of Scans Averaged by the Deck Unit = 1
* NMEA Latitude = 43 43.09 N
* NMEA Longitude = 078 01.51 W
* NMEA UTC (Time) = Sep 26 2023  11:13:42
* NMEA baud rate = 4800
** Ship: Lake Guardian
** Cruise: Ontario LFW
** Station:  STN41-2
# nquan = 18                                
# nvalues = 4616                        
# units = specified
# name 0 = prDM: Pressure, Digiquartz [db]
# name 1 = t090C: Temperature [ITS-90, deg C]
# name 2 = c0uS/cm: Conductivity [uS/cm]
# name 3 = sbeox0V: Oxygen raw, SBE 43 [V]
# name 4 = par: PAR/Irradiance, Biospherical/Licor
# name 5 = bat: Beam Attenuation, Chelsea/Seatech [1/m]
# name 6 = xmiss: Beam Transmission, Chelsea/Seatech [%]
# name 7 = flSP: Fluorescence, Seapoint
# name 8 = spar: SPAR, Biospherical/Licor
# name 9 = upoly0: Upoly 0, Suna Nitrate
# name 10 = t190C: Temperature, 2 [ITS-90, deg C]
# name 11 = c1uS/cm: Conductivity, 2 [uS/cm]
# name 12 = sbeox1V: Oxygen raw, SBE 43, 2 [V]
# name 13 = depFM: Depth [fresh water, m], lat = 43.7182
# name 14 = sbeox0Mg/L: Oxygen, SBE 43 [mg/l], WS = 2
# name 15 = specc: Specific Conductance [uS/cm]
# name 16 = sbeox1Mg/L: Oxygen, SBE 43, 2 [mg/l], WS = 2
# name 17 = flag: flag
# span 0 =      0.083,      5.227       
# span 1 =    14.1447,    19.5728       
# span 2 =   3.602412, 739.902530       
# span 3 =     0.0000,     0.0354       
# span 4 = 6.1937e+00, 6.7683e+01       
# span 5 =     1.0655,     4.6443       
# span 6 =    31.3150,    76.6147       
# span 7 = 8.0586e-02, 1.7436e+00       
# span 8 = 3.9382e+01, 5.3166e+01       
# span 9 =  0.0413330,  0.0625367       
# span 10 =    14.1576,    19.5693      
# span 11 =   0.941242, 268.935788      
# span 12 =     2.0256,     2.8400      
# span 13 =      0.085,      5.330      
# span 14 =    -2.5726,    -2.1360      
# span 15 =      4.594,    942.591      
# span 16 =     6.8006,    10.7811      
# span 17 = 0.0000e+00, 0.0000e+00      
# interval = seconds: 0.0416667
# start_time = Sep 26 2023 11:13:42 [NMEA time, header]
# bad_flag = -9.990e-29
*END*
[from data line 2895]
      4.978    19.5586 267.571282     0.0110 7.5427e+00     1.0778    76.3794 9.7802e-01 4.7259e+01  0.0558845    19.5567 268.722681     2.5495      5.076    -2.2357    300.215     9.1991 -9.990e-29
      4.974    19.5587 267.607447     0.0024 7.5643e+00     1.0778    76.3794 9.6337e-01 4.7259e+01  0.0554688    19.5560 268.722680     2.5495      5.072    -2.2800    300.255     9.1996 -9.990e-29
      4.971    19.5586 267.583337     0.0147 7.5643e+00     1.0778    76.3794 9.5238e-01 4.7259e+01  0.0558845    19.5556 268.783570     2.5495      5.069    -2.2334    300.228     9.2001 -9.990e-29
      4.967    19.5586 267.571281     0.0317 7.5859e+00     1.0778    76.3794 9.4505e-01 4.7259e+01  0.0563003    19.5560 268.783568     2.5495      5.065    -2.1485    300.215     9.2004 -9.990e-29
      4.964    19.5586 267.523058     0.0122 7.6075e+00     1.0778    76.3794 9.6703e-01 4.7259e+01  0.0563003    19.5560 268.722680     2.5495      5.062    -2.2302    300.161     9.2008 -9.990e-29
      4.961    19.5585 267.511004     0.0024 7.6075e+00     1.0778    76.3794 9.6703e-01 4.7259e+01  0.0563003    19.5561 268.814014     2.5495      5.059    -2.2792    300.148     9.2011 -9.990e-29
      4.958    19.5582 267.535114     0.0122 7.6292e+00     1.0778    76.3794 9.3040e-01 4.7259e+01  0.0558845    19.5561 268.874901     2.5495      5.056    -2.2436    300.177     9.2015 -9.990e-29
      4.954    19.5585 267.547170     0.0330 7.6510e+00     1.0765    76.4056 9.0110e-01 4.7259e+01  0.0554688    19.5560 268.722680     2.5495      5.052    -2.1427    300.189     9.2014 -9.990e-29
      4.950    19.5577 267.631559     0.0134 7.6510e+00     1.0751    76.4317 1.0037e+00 4.7259e+01  0.0554688    19.5560 268.600903     2.5495      5.048    -2.2245    300.289     9.2021 -9.990e-29
      4.948    19.5574 267.571280     0.0024 7.6729e+00     1.0751    76.4317 1.1722e+00 4.7259e+01  0.0554688    19.5554 268.753123     2.5495      5.046    -2.2787    300.223     9.2028 -9.990e-29
      4.947    19.5573 267.511005     0.0110 7.6948e+00     1.0751    76.4317 1.2308e+00 4.7259e+01  0.0554688    19.5559 268.814014     2.5507      5.045    -2.2489    300.156     9.2084 -9.990e-29
      4.945    19.5571 267.583337     0.0330 7.6948e+00     1.0751    76.4317 1.2454e+00 4.7259e+01  0.0554688    19.5558 268.722680     2.5495      5.042    -2.1434    300.239     9.2027 -9.990e-29
      4.943    19.5570 267.607448     0.0147 7.6729e+00     1.0751    76.4317 1.3187e+00 4.7259e+01  0.0554688    19.5561 268.692234     2.5495      5.040    -2.2187    300.266     9.2024 -9.990e-29
      4.941    19.5570 267.607449     0.0024 7.6729e+00     1.0765    76.4056 1.4542e+00 4.7259e+01  0.0554688    19.5561 268.722680     2.5495      5.038    -2.2783    300.266     9.2020 -9.990e-29
      4.940    19.5567 267.559227     0.0085 7.6729e+00     1.0751    76.4317 1.4982e+00 4.7259e+01  0.0558845    19.5568 268.722679     2.5495      5.037    -2.2596    300.214     9.2015 -9.990e-29
      4.940    19.5570 267.547169     0.0330 7.6729e+00     1.0751    76.4317 1.4872e+00 4.7259e+01  0.0567161    19.5563 268.692234     2.5507      5.037    -2.1442    300.199     9.2066 -9.990e-29
      4.941    19.5566 267.559227     0.0147 7.6292e+00     1.0751    76.4317 1.5165e+00 4.7259e+01  0.0567161    19.5563 268.661791     2.5507      5.038    -2.2186    300.215     9.2062 -9.990e-29
      4.943    19.5572 267.595393     0.0037 7.6075e+00     1.0751    76.4317 1.5055e+00 4.7259e+01  0.0558845    19.5564 268.753124     2.5507      5.040    -2.2725    300.251     9.2061 -9.990e-29
      4.944    19.5571 267.571282     0.0061 7.6075e+00     1.0751    76.4317 1.3773e+00 4.7259e+01  0.0563003    19.5563 268.722679     2.5507      5.041    -2.2702    300.225     9.2057 -9.990e-29
      4.946    19.5572 267.523060     0.0342 7.5859e+00     1.0751    76.4317 1.2088e+00 4.7259e+01  0.0558845    19.5567 268.692235     2.5507      5.044    -2.1396    300.170     9.2051 -9.990e-29
      4.947    19.5572 267.535115     0.0159 7.5427e+00     1.0751    76.4317 1.1062e+00 4.7259e+01  0.0558845    19.5563 268.783568     2.5507      5.045    -2.2133    300.184     9.2046 -9.990e-29
      4.948    19.5571 267.511004     0.0037 7.5427e+00     1.0751    76.4317 1.0366e+00 4.7259e+01  0.0558845    19.5568 268.692235     2.5507      5.046    -2.2714    300.157     9.2039 -9.990e-29
      4.949    19.5570 267.535115     0.0049 7.4998e+00     1.0751    76.4317 9.7436e-01 4.7259e+01  0.0563003    19.5568 268.753123     2.5507      5.047    -2.2743    300.185     9.2037 -9.990e-29
      4.951    19.5571 267.559225     0.0342 7.4785e+00     1.0751    76.4317 9.3407e-01 4.7259e+01  0.0558845    19.5567 268.692233     2.5507      5.049    -2.1395    300.211     9.2035 -9.990e-29
      4.955    19.5568 267.595395     0.0171 7.4572e+00     1.0765    76.4056 9.4139e-01 4.7259e+01  0.0558845    19.5570 268.692236     2.5507      5.053    -2.2071    300.254     9.2033 -9.990e-29
      4.958    19.5569 267.607449     0.0037 7.4148e+00     1.0765    76.4056 9.4139e-01 4.7259e+01  0.0554688    19.5568 268.905346     2.5507      5.056    -2.2705    300.267     9.2031 -9.990e-29
      4.960    19.5572 267.607449     0.0037 7.3936e+00     1.0751    76.4317 9.4505e-01 4.7259e+01  0.0554688    19.5572 268.874901     2.5507      5.058    -2.2787    300.265     9.2028 -9.990e-29
      4.964    19.5573 267.571280     0.0342 7.3936e+00     1.0806    76.3272 9.4872e-01 4.7259e+01  0.0558845    19.5571 268.814010     2.5507      5.062    -2.1397    300.224     9.2025 -9.990e-29
      4.970    19.5571 267.571283     0.0195 7.3516e+00     1.0847    76.2487 9.3407e-01 4.7259e+01  0.0554688    19.5572 268.722680     2.5507      5.068    -2.1967    300.225     9.2022 -9.990e-29
      4.977    19.5573 267.571282     0.0049 7.2889e+00     1.0847    76.2487 9.4139e-01 4.7259e+01  0.0550530    19.5572 268.661790     2.5507      5.075    -2.2646    300.224     9.2020 -9.990e-29
      4.984    19.5572 267.595396     0.0037 7.2889e+00     1.0847    76.2487 9.5238e-01 4.7259e+01  0.0550530    19.5570 268.661793     2.5507      5.082    -2.2781    300.251     9.2017 -9.990e-29
      4.989    19.5572 267.619503     0.0330 7.2475e+00     1.0833    76.2749 9.3773e-01 4.7259e+01  0.0554688    19.5573 268.692233     2.5507      5.087    -2.1456    300.278     9.2009 -9.990e-29
      4.995    19.5571 267.583340     0.0195 7.2062e+00     1.0833    76.2749 8.9744e-01 4.7259e+01  0.0558845    19.5567 268.722682     2.5519      5.093    -2.1966    300.239     9.2057 -9.990e-29
      5.001    19.5572 267.571283     0.0049 7.1857e+00     1.0833    76.2749 8.7912e-01 4.7259e+01  0.0554688    19.5568 268.753125     2.5519      5.100    -2.2641    300.224     9.2049 -9.990e-29
      5.007    19.5572 267.595393     0.0024 7.1857e+00     1.0847    76.2487 8.8278e-01 4.7259e+01  0.0554688    19.5568 268.692235     2.5507      5.106    -2.2838    300.251     9.1992 -9.990e-29
      5.014    19.5572 267.559229     0.0330 7.1244e+00     1.0833    76.2749 8.9377e-01 4.7259e+01  0.0558845    19.5565 268.753127     2.5507      5.113    -2.1466    300.211     9.1989 -9.990e-29
      5.020    19.5572 267.511006     0.0208 7.1041e+00     1.0833    76.2749 9.2308e-01 4.7259e+01  0.0558845    19.5563 268.814014     2.5507      5.119    -2.1914    300.157     9.1982 -9.990e-29
      5.026    19.5571 267.547174     0.0049 7.0839e+00     1.0833    76.2749 9.6337e-01 4.7259e+01  0.0558845    19.5561 268.722683     2.5507      5.125    -2.2639    300.198     9.1975 -9.990e-29
      5.032    19.5568 267.595394     0.0024 7.0436e+00     1.0833    76.2749 9.6337e-01 4.7259e+01  0.0554688    19.5561 268.661792     2.5507      5.131    -2.2832    300.254     9.1968 -9.990e-29
      5.039    19.5571 267.559229     0.0317 7.0436e+00     1.0833    76.2749 9.3407e-01 4.7259e+01  0.0554688    19.5561 268.692238     2.5507      5.138    -2.1530    300.211     9.1960 -9.990e-29
      5.047    19.5570 267.547172     0.0220 7.0235e+00     1.0833    76.2749 9.6337e-01 4.7259e+01  0.0558845    19.5560 268.600904     2.5507      5.147    -2.1863    300.199     9.1957 -9.990e-29
      5.055    19.5571 267.607453     0.0049 6.9835e+00     1.0847    76.2487 1.0403e+00 4.7259e+01  0.0558845    19.5564 268.722684     2.5507      5.155    -2.2641    300.266     9.1954 -9.990e-29
      5.061    19.5573 267.559229     0.0012 6.9636e+00     1.0833    76.2749 1.0916e+00 4.7259e+01  0.0558845    19.5565 268.722682     2.5507      5.161    -2.2883    300.210     9.1951 -9.990e-29
      5.067    19.5573 267.583340     0.0305 6.9636e+00     1.0847    76.2487 1.1355e+00 4.7259e+01  0.0554688    19.5561 268.722683     2.5507      5.167    -2.1592    300.237     9.1953 -9.990e-29
      5.073    19.5572 267.607451     0.0232 6.9042e+00     1.0833    76.2749 1.0952e+00 4.7259e+01  0.0550530    19.5567 268.814015     2.5507      5.173    -2.1812    300.265     9.1950 -9.990e-29
      5.079    19.5573 267.535118     0.0061 6.8649e+00     1.0833    76.2749 1.0256e+00 4.7259e+01  0.0554688    19.5566 268.722682     2.5507      5.179    -2.2583    300.183     9.1952 -9.990e-29
      5.086    19.5572 267.547175     0.0012 6.8649e+00     1.0847    76.2487 1.0293e+00 4.7259e+01  0.0558845    19.5561 268.692240     2.5507      5.186    -2.2879    300.197     9.1954 -9.990e-29
      5.092    19.5575 267.595396     0.0293 6.8453e+00     1.0833    76.2749 1.0952e+00 4.7259e+01  0.0558845    19.5567 268.661794     2.5507      5.192    -2.1649    300.249     9.1955 -9.990e-29
      5.098    19.5574 267.607453     0.0244 6.8258e+00     1.0847    76.2487 1.1099e+00 4.7259e+01  0.0554688    19.5571 268.753127     2.5507      5.199    -2.1759    300.264     9.1956 -9.990e-29
      5.104    19.5572 267.511009     0.0061 6.8258e+00     1.0833    76.2749 1.0952e+00 4.7259e+01  0.0554688    19.5570 268.783572     2.5507      5.205    -2.2580    300.157     9.1958 -9.990e-29
      5.109    19.5575 267.547175     0.0012 6.8258e+00     1.0847    76.2487 1.0696e+00 4.7259e+01  0.0554688    19.5567 268.692239     2.5507      5.210    -2.2875    300.195     9.1960 -9.990e-29
      5.114    19.5574 267.547174     0.0281 6.7869e+00     1.0833    76.2749 1.0366e+00 4.7259e+01  0.0554688    19.5567 268.753127     2.5507      5.215    -2.1711    300.196     9.1962 -9.990e-29
      5.119    19.5572 267.607454     0.0244 6.7869e+00     1.0833    76.2749 1.0037e+00 4.7259e+01  0.0554688    19.5566 268.783574     2.5507      5.220    -2.1768    300.265     9.1964 -9.990e-29
      5.123    19.5574 267.631564     0.0073 6.7869e+00     1.0847    76.2487 9.9634e-01 4.7259e+01  0.0554688    19.5563 268.692240     2.5507      5.224    -2.2524    300.291     9.1967 -9.990e-29
      5.126    19.5572 267.559231     0.0012 6.7869e+00     1.0847    76.2487 1.0220e+00 4.7259e+01  0.0554688    19.5565 268.570463     2.5507      5.227    -2.2869    300.211     9.1968 -9.990e-29
      5.130    19.5574 267.559230     0.0269 6.7869e+00     1.0833    76.2749 1.0623e+00 4.7259e+01  0.0558845    19.5568 268.753128     2.5495      5.231    -2.1765    300.209     9.1915 -9.990e-29
      5.134    19.5573 267.547176     0.0256 6.7676e+00     1.0847    76.2487 1.1062e+00 4.7259e+01  0.0558845    19.5565 268.661797     2.5495      5.235    -2.1715    300.197     9.1917 -9.990e-29
      5.137    19.5574 267.547175     0.0073 6.7676e+00     1.0860    76.2226 1.1465e+00 4.7259e+01  0.0554688    19.5567 268.692239     2.5495      5.238    -2.2525    300.196     9.1923 -9.990e-29
      5.139    19.5573 267.559232     0.0000 6.7676e+00     1.0833    76.2749 1.2674e+00 4.7259e+01  0.0554688    19.5563 268.722685     2.5507      5.240    -2.2919    300.210     9.1984 -9.990e-29
      5.140    19.5575 267.571286     0.0244 6.7676e+00     1.0833    76.2749 1.2967e+00 4.7259e+01  0.0558845    19.5564 268.783572     2.5495      5.241    -2.1880    300.222     9.1928 -9.990e-29
      5.142    19.5576 267.547176     0.0269 6.7676e+00     1.0847    76.2487 1.1832e+00 4.7259e+01  0.0558845    19.5563 268.783574     2.5495      5.243    -2.1662    300.195     9.1930 -9.990e-29
      5.142    19.5575 267.498953     0.0085 6.7869e+00     1.0847    76.2487 1.1062e+00 4.7259e+01  0.0558845    19.5568 268.783572     2.5495      5.243    -2.2468    300.141     9.1932 -9.990e-29
      5.143    19.5576 267.523065     0.0012 6.7869e+00     1.0847    76.2487 1.0659e+00 4.7259e+01  0.0554688    19.5564 268.722685     2.5495      5.244    -2.2862    300.168     9.1935 -9.990e-29
      5.144    19.5579 267.559230     0.0232 6.7869e+00     1.0847    76.2487 9.9634e-01 4.7259e+01  0.0554688    19.5561 268.661796     2.5495      5.245    -2.1933    300.206     9.1938 -9.990e-29
      5.144    19.5576 267.595398     0.0281 6.7869e+00     1.0847    76.2487 9.8535e-01 4.7259e+01  0.0558845    19.5561 268.753130     2.5495      5.245    -2.1614    300.249     9.1940 -9.990e-29
      5.146    19.5577 267.559229     0.0085 6.7869e+00     1.0847    76.2487 1.0256e+00 4.7259e+01  0.0558845    19.5561 268.722683     2.5495      5.247    -2.2465    300.207     9.1938 -9.990e-29
      5.147    19.5579 267.559233     0.0012 6.8063e+00     1.0847    76.2487 1.1062e+00 4.7259e+01  0.0563003    19.5557 268.783576     2.5495      5.248    -2.2863    300.206     9.1941 -9.990e-29
      5.146    19.5579 267.595398     0.0220 6.8258e+00     1.0847    76.2487 1.1172e+00 4.7259e+01  0.0558845    19.5558 268.722686     2.5507      5.247    -2.1998    300.247     9.1997 -9.990e-29
      5.143    19.5579 267.619508     0.0293 6.8258e+00     1.0847    76.2487 1.0842e+00 4.7259e+01  0.0554688    19.5556 268.783573     2.5495      5.244    -2.1571    300.274     9.1946 -9.990e-29
      5.140    19.5579 267.559230     0.0098 6.8453e+00     1.0847    76.2487 1.0549e+00 4.7259e+01  0.0554688    19.5557 268.631352     2.5507      5.241    -2.2415    300.206     9.2002 -9.990e-29
      5.138    19.5577 267.559232     0.0012 6.8649e+00     1.0847    76.2487 1.0183e+00 4.7259e+01  0.0558845    19.5549 268.783575     2.5507      5.239    -2.2863    300.207     9.2006 -9.990e-29
      5.135    19.5579 267.595398     0.0208 6.8649e+00     1.0847    76.2487 9.8168e-01 4.7259e+01  0.0563003    19.5546 268.783575     2.5507      5.236    -2.2051    300.247     9.2009 -9.990e-29
      5.130    19.5580 267.571285     0.0305 6.9042e+00     1.0847    76.2487 9.8901e-01 4.7259e+01  0.0558845    19.5544 268.692241     2.5507      5.231    -2.1518    300.219     9.2012 -9.990e-29
      5.125    19.5578 267.595397     0.0098 6.9437e+00     1.0847    76.2487 1.0110e+00 4.7259e+01  0.0558845    19.5543 268.570465     2.5507      5.226    -2.2407    300.247     9.2015 -9.990e-29
      5.120    19.5577 267.535119     0.0012 6.9437e+00     1.0847    76.2487 9.8901e-01 4.7259e+01  0.0558845    19.5544 268.570465     2.5507      5.221    -2.2855    300.180     9.2017 -9.990e-29
      5.116    19.5575 267.559230     0.0183 6.9835e+00     1.0833    76.2749 9.3773e-01 4.7259e+01  0.0563003    19.5539 268.661798     2.5507      5.217    -2.2161    300.209     9.2020 -9.990e-29
      5.111    19.5574 267.571286     0.0305 7.0235e+00     1.0847    76.2487 8.9377e-01 4.7259e+01  0.0558845    19.5537 268.783575     2.5507      5.212    -2.1522    300.223     9.2023 -9.990e-29
      5.106    19.5575 267.571286     0.0110 7.0436e+00     1.0847    76.2487 8.6081e-01 4.7259e+01  0.0554688    19.5530 268.722687     2.5507      5.207    -2.2354    300.222     9.2027 -9.990e-29
      5.100    19.5576 267.571285     0.0012 7.0839e+00     1.0833    76.2749 8.6447e-01 4.7259e+01  0.0554688    19.5530 268.600909     2.5507      5.201    -2.2851    300.222     9.2029 -9.990e-29
