data/05_metadata_exports/SeabirdData/202310_SeabirdData/88694_STN41-2.cnv
* Sea-Bird SBE 9 Data File:
* FileName = C:\Users\rosette\Rosette Data\2023\Ontario lower food web csmi\STN41-2.hex
* Software Version Seasave V 7.26.6.26
* Temperature SN = 5270
* Conductivity SN = 1168
* Number of Bytes Per Scan = 40
* Number of Voltage Words = 5
* Number of Scans Averaged by the Deck Unit = 1
* NMEA Latitude = 43 43.09 N
* NMEA Longitude = 078 01.51 W
* NMEA UTC (Time) = Sep 26 2023  11:13:42
* NMEA baud rate = 4800
** Ship: Lake Guardian
** Cruise: Ontario LFW
** Station:  STN41-2
# nquan = 18                                
# nvalues = 4616                        
# units = specified
# name 0 = prDM: Pressure, Digiquartz [db]
# name 1 = t090C: Temperature [ITS-90, deg C]
# name 2 = c0uS/cm: Conductivity [uS/cm]
# name 3 = sbeox0V: Oxygen raw, SBE 43 [V]
# name 4 = par: PAR/Irradiance, Biospherical/Licor
# name 5 = bat: Beam Attenuation, Chelsea/Seatech [1/m]
# name 6 = xmiss: Beam Transmission, Chelsea/Seatech [%]
# name 7 = flSP: Fluorescence, Seapoint
# name 8 = spar: SPAR, Biospherical/Licor
# name 9 = upoly0: Upoly 0, Suna Nitrate
# name 10 = t190C: Temperature, 2 [ITS-90, deg C]
# name 11 = c1uS/cm: Conductivity, 2 [uS/cm]
# name 12 = sbeox1V: Oxygen raw, SBE 43, 2 [V]
# name 13 = depFM: Depth [fresh water, m], lat = 43.7182
# name 14 = sbeox0Mg/L: Oxygen, SBE 43 [mg/l], WS = 2
# name 15 = specc: Specific Conductance [uS/cm]
# name 16 = sbeox1Mg/L: Oxygen, SBE 43, 2 [mg/l], WS = 2
# name 17 = flag: flag
# span 0 =      0.083,      5.227       
# span 1 =    14.1447,    19.5728       
# span 2 =   3.602412, 739.902530       
# span 3 =     0.0000,     0.0354       
# span 4 = 6.1937e+00, 6.7683e+01       
# span 5 =     1.0655,     4.6443       
# span 6 =    31.3150,    76.6147       
# span 7 = 8.0586e-02, 1.7436e+00       
# span 8 = 3.9382e+01, 5.3166e+01       
# span 9 =  0.0413330,  0.0625367       
# span 10 =    14.1576,    19.5693      
# span 11 =   0.941242, 268.935788      
# span 12 =     2.0256,     2.8400      
# span 13 =      0.085,      5.330      
# span 14 =    -2.5726,    -2.1360      
# span 15 =      4.594,    942.591      
# span 16 =     6.8006,    10.7811      
# span 17 = 0.0000e+00, 0.0000e+00      
# interval = seconds: 0.0416667
# start_time = Sep 26 2023 11:13:42 [NMEA time, header]
# bad_flag = -9.990e-29
*END*
[from data line 81]
      0.171    14.1647   3.859557     0.0269 4.3368e+01     4.0096    36.6998 8.0586e-02 3.9382e+01  0.0413330    14.1775   1.452353     2.6020      0.174    -2.4276      4.927    10.5873 -9.990e-29
      0.170    14.1652   3.871245     0.0073 4.3368e+01     4.0096    36.6998 8.0586e-02 3.9382e+01  0.0413330    14.1775   1.362156     2.6007      0.173    -2.5241      4.942    10.5804 -9.990e-29
      0.171    14.1652   3.882934     0.0012 4.3368e+01     4.0096    36.6998 8.4249e-02 3.9382e+01  0.0413330    14.1777   1.181763     2.6007      0.174    -2.5649      4.957    10.5801 -9.990e-29
      0.172    14.1654   3.894623     0.0232 4.3368e+01     4.0096    36.6998 8.4249e-02 3.9382e+01  0.0413330    14.1779   1.302025     2.6007      0.175    -2.4636      4.972    10.5798 -9.990e-29
      0.173    14.1657   3.836180     0.0293 4.3368e+01     4.0096    36.6998 8.4249e-02 4.1351e+01  0.0413330    14.1784   1.362156     2.6007      0.176    -2.4161      4.897    10.5793 -9.990e-29
      0.173    14.1663   3.824491     0.0085 4.3368e+01     4.0096    36.6998 8.4249e-02 3.9382e+01  0.0413330    14.1787   1.542551     2.6007      0.176    -2.5174      4.882    10.5790 -9.990e-29
      0.172    14.1666   3.859557     0.0012 4.3368e+01     4.0096    36.6998 8.4249e-02 4.1351e+01  0.0413330    14.1792   1.452353     2.6007      0.175    -2.5642      4.927    10.5792 -9.990e-29
      0.171    14.1668   3.801114     0.0208 4.3368e+01     4.0096    36.6998 8.7912e-02 3.9382e+01  0.0413330    14.1789   1.302025     2.6007      0.174    -2.4760      4.852    10.5790 -9.990e-29
      0.171    14.1669   3.836180     0.0293 4.3368e+01     4.0096    36.6998 8.7912e-02 3.9382e+01  0.0413330    14.1794   1.151698     2.6007      0.174    -2.4176      4.897    10.5793 -9.990e-29
      0.171    14.1671   3.929689     0.0098 4.3368e+01     4.0068    36.7259 8.7912e-02 4.1351e+01  0.0413330    14.1797   1.181763     2.6007      0.174    -2.5108      5.016    10.5790 -9.990e-29
      0.171    14.1674   3.859557     0.0012 4.3368e+01     4.0096    36.6998 8.7912e-02 3.9382e+01  0.0413330    14.1799   1.302025     2.6007      0.174    -2.5636      4.927    10.5787 -9.990e-29
      0.170    14.1676   3.824491     0.0183 4.3368e+01     4.0096    36.6998 8.7912e-02 3.9382e+01  0.0413330    14.1801   1.512485     2.6007      0.173    -2.4893      4.882    10.5784 -9.990e-29
      0.170    14.1678   3.789426     0.0305 4.3368e+01     3.9390    37.3533 8.4249e-02 3.9382e+01  0.0413330    14.1807   1.332091     2.6020      0.173    -2.4126      4.837    10.5853 -9.990e-29
      0.170    14.1683   3.707607     0.0098 4.3368e+01     3.8945    37.7715 8.4249e-02 4.1351e+01  0.0413330    14.1808   1.151698     2.6007      0.173    -2.5106      4.733    10.5784 -9.990e-29
      0.170    14.1683   3.742672     0.0012 4.3368e+01     3.8862    37.8499 8.7912e-02 3.9382e+01  0.0413330    14.1808   1.061502     2.6007      0.173    -2.5628      4.777    10.5788 -9.990e-29
      0.170    14.1686   3.812803     0.0159 4.3368e+01     3.8889    37.8238 8.7912e-02 3.9382e+01  0.0413330    14.1811   1.211829     2.6007      0.173    -2.5009      4.867    10.5792 -9.990e-29
      0.171    14.1689   3.836180     0.0317 4.3368e+01     3.8945    37.7715 8.4249e-02 3.9382e+01  0.0413330    14.1813   1.422287     2.6007      0.174    -2.4074      4.897    10.5789 -9.990e-29
      0.171    14.1691   3.824491     0.0110 4.3368e+01     3.8917    37.7976 8.4249e-02 3.9382e+01  0.0413330    14.1816   1.422287     2.6020      0.174    -2.5044      4.882    10.5859 -9.990e-29
      0.170    14.1695   3.742672     0.0012 4.3368e+01     3.8945    37.7715 8.4249e-02 3.9382e+01  0.0413330    14.1816   1.422287     2.6020      0.173    -2.5620      4.777    10.5863 -9.990e-29
      0.169    14.1698   3.742672     0.0134 4.3368e+01     3.8945    37.7715 8.4249e-02 3.9382e+01  0.0413330    14.1821   1.241894     2.6007      0.172    -2.5137      4.777    10.5794 -9.990e-29
      0.168    14.1700   3.719295     0.0330 4.3368e+01     3.8945    37.7715 8.7912e-02 3.9382e+01  0.0413330    14.1821   1.181763     2.6007      0.171    -2.4019      4.747    10.5792 -9.990e-29
      0.169    14.1703   3.777737     0.0122 4.3368e+01     3.8945    37.7715 8.7912e-02 3.9382e+01  0.0413330    14.1826   1.241894     2.6007      0.172    -2.4983      4.822    10.5788 -9.990e-29
      0.170    14.1703   3.824491     0.0012 4.3368e+01     3.8917    37.7976 8.7912e-02 4.1351e+01  0.0413330    14.1830   1.362156     2.6007      0.173    -2.5618      4.881    10.5785 -9.990e-29
      0.170    14.1704  57.943028     0.0122 4.3368e+01     3.8945    37.7715 8.7912e-02 3.9382e+01  0.0413330    14.1829   1.512485     2.6020      0.173    -2.5190     73.956    10.5856 -9.990e-29
      0.170    14.1708  21.633562     0.0330 4.3491e+01     3.8917    37.7976 8.7912e-02 3.9382e+01  0.0413330    14.1830   1.332091     2.6007      0.173    -2.4032     27.612    10.5788 -9.990e-29
      0.170    14.1710   3.742672     0.0134 4.3491e+01     3.8917    37.7976 8.7912e-02 3.9382e+01  0.0413330    14.1835   1.151698     2.6007      0.173    -2.4926      4.777    10.5798 -9.990e-29
      0.170    14.1713   3.672542     0.0024 4.3491e+01     3.8917    37.7976 8.7912e-02 3.9382e+01  0.0413330    14.1836   1.001372     2.6007      0.173    -2.5550      4.687    10.5796 -9.990e-29
      0.170    14.1715   3.695918     0.0098 4.3491e+01     3.8945    37.7715 8.7912e-02 3.9382e+01  0.0413330    14.1845   1.181763     2.6007      0.173    -2.5305      4.717    10.5792 -9.990e-29
      0.170    14.1718   3.672542     0.0342 4.3368e+01     3.8917    37.7976 8.7912e-02 4.1351e+01  0.0413330    14.1840   1.362156     2.6007      0.173    -2.3987      4.687    10.5791 -9.990e-29
      0.170    14.1721   3.742672     0.0147 4.3368e+01     3.8917    37.7976 8.7912e-02 3.9382e+01  0.0413330    14.1843   1.422287     2.6007      0.173    -2.4852      4.777    10.5789 -9.990e-29
      0.170    14.1721   3.766049     0.0024 4.3491e+01     3.8945    37.7715 8.4249e-02 4.1351e+01  0.0413330    14.1847   1.302025     2.6007      0.173    -2.5536      4.807    10.5786 -9.990e-29
      0.170    14.1727   3.754360     0.0073 4.3491e+01     3.8917    37.7976 8.4249e-02 3.9382e+01  0.0413330    14.1843   1.031437     2.6007      0.173    -2.5414      4.792    10.5785 -9.990e-29
      0.172    14.1725   3.754360     0.0342 4.3368e+01     3.8586    38.1113 8.4249e-02 3.9382e+01  0.0413330    14.1846   1.061502     2.6007      0.175    -2.3982      4.792    10.5782 -9.990e-29
      0.175    14.1728   3.754360     0.0159 4.3491e+01     3.8286    38.3988 8.4249e-02 3.9382e+01  0.0413330    14.1852   1.211829     2.6007      0.178    -2.4783      4.792    10.5786 -9.990e-29
      0.175    14.1733   3.684230     0.0024 4.3491e+01     3.8204    38.4773 8.4249e-02 3.9382e+01  0.0413330    14.1855   1.482419     2.6007      0.178    -2.5515      4.702    10.5783 -9.990e-29
      0.173    14.1733   3.730983     0.0049 4.3491e+01     3.8204    38.4773 8.7912e-02 4.1351e+01  0.0413330    14.1859   1.392222     2.6007      0.176    -2.5513      4.762    10.5780 -9.990e-29
      0.172    14.1737   3.754360     0.0342 4.3491e+01     3.8204    38.4773 8.7912e-02 3.9382e+01  0.0413330    14.1859   1.091568     2.6020      0.175    -2.3984      4.792    10.5843 -9.990e-29
      0.172    14.1738   3.742672     0.0171 4.3491e+01     3.8231    38.4511 8.7912e-02 3.9382e+01  0.0413330    14.1860   1.091568     2.6007      0.175    -2.4715      4.777    10.5782 -9.990e-29
      0.171    14.1740   3.742672     0.0037 4.3491e+01     3.8259    38.4250 8.7912e-02 4.1351e+01  0.0413330    14.1857   1.181763     2.6007      0.174    -2.5437      4.777    10.5781 -9.990e-29
      0.171    14.1743   3.707607     0.0049 4.3491e+01     3.8259    38.4250 8.7912e-02 4.1351e+01  0.0413330    14.1862   1.392222     2.6007      0.174    -2.5505      4.732    10.5777 -9.990e-29
      0.171    14.1743   3.742672     0.0342 4.3491e+01     3.8231    38.4511 8.7912e-02 4.1351e+01  0.0413330    14.1868   1.542551     2.6007      0.174    -2.3993      4.777    10.5774 -9.990e-29
      0.171    14.1747   3.766049     0.0183 4.3491e+01     3.8231    38.4511 8.7912e-02 3.9382e+01  0.0413330    14.1867   1.302025     2.6007      0.174    -2.4653      4.806    10.5779 -9.990e-29
      0.171    14.1752   3.754360     0.0037 4.3491e+01     3.8231    38.4511 8.7912e-02 4.1351e+01  0.0413330    14.1875   1.181763     2.6020      0.174    -2.5429      4.791    10.5848 -9.990e-29
      0.171    14.1750   3.742672     0.0024 4.3491e+01     3.8259    38.4250 8.7912e-02 4.1351e+01  0.0413330    14.1870   0.971307     2.6007      0.174    -2.5617      4.776    10.5788 -9.990e-29
      0.171    14.1753   3.766049     0.0342 4.3491e+01     3.8259    38.4250 8.7912e-02 4.1351e+01  0.0413330    14.1875   1.121633     2.6007      0.174    -2.4003      4.806    10.5785 -9.990e-29
      0.171    14.1757   3.801114     0.0195 4.3491e+01     3.8259    38.4250 8.7912e-02 3.9382e+01  0.0413330    14.1878   1.362156     2.6007      0.174    -2.4593      4.851    10.5789 -9.990e-29
      0.171    14.1758   3.812803     0.0037 4.3491e+01     3.8231    38.4511 8.7912e-02 3.9382e+01  0.0413330    14.1877   1.362156     2.6007      0.174    -2.5419      4.866    10.5794 -9.990e-29
      0.170    14.1759   3.812803     0.0012 4.3491e+01     3.8231    38.4511 8.7912e-02 3.9382e+01  0.0413330    14.1880   1.121633     2.6007      0.173    -2.5666      4.866    10.5791 -9.990e-29
      0.169    14.1764   3.812803     0.0330 4.3491e+01     3.8231    38.4511 8.7912e-02 3.9382e+01  0.0413330    14.1879   1.031437     2.6007      0.172    -2.4069      4.866    10.5796 -9.990e-29
      0.169    14.1766   3.812803     0.0208 4.3491e+01     3.8231    38.4511 8.4249e-02 4.1351e+01  0.0413330    14.1882   0.971307     2.6020      0.172    -2.4530      4.866    10.5859 -9.990e-29
      0.170    14.1770   3.847868     0.0049 4.3491e+01     3.8259    38.4250 8.4249e-02 3.9382e+01  0.0413330    14.1885   1.181763     2.6007      0.173    -2.5350      4.910    10.5791 -9.990e-29
      0.171    14.1770   3.789426     0.0012 4.3491e+01     3.8259    38.4250 8.7912e-02 3.9382e+01  0.0413330    14.1881   1.482419     2.6007      0.174    -2.5652      4.836    10.5796 -9.990e-29
      0.171    14.1770   3.812803     0.0305 4.3491e+01     3.8504    38.1897 8.7912e-02 4.1351e+01  0.0413330    14.1888   1.392222     2.6007      0.174    -2.4201      4.866    10.5799 -9.990e-29
      0.170    14.1774   3.847868     0.0232 4.3491e+01     3.8945    37.7715 8.7912e-02 3.9382e+01  0.0413330    14.1889   1.181763     2.6007      0.173    -2.4408      4.910    10.5796 -9.990e-29
      0.169    14.1777   3.859557     0.0049 4.3491e+01     3.9056    37.6669 8.7912e-02 3.9382e+01  0.0413330    14.1891   1.061502     2.6007      0.172    -2.5336      4.925    10.5793 -9.990e-29
      0.170    14.1779   3.836180     0.0012 4.3368e+01     3.9000    37.7192 8.7912e-02 3.9382e+01  0.0413330    14.1893   1.151698     2.6007      0.173    -2.5638      4.895    10.5790 -9.990e-29
      0.171    14.1782   3.894622     0.0305 4.3368e+01     3.9000    37.7192 8.7912e-02 3.9382e+01  0.0413330    14.1899   1.362156     2.6007      0.174    -2.4209      4.970    10.5793 -9.990e-29
      0.171    14.1784   3.847868     0.0244 4.3368e+01     3.9000    37.7192 8.7912e-02 4.1351e+01  0.0413330    14.1895   1.422287     2.6020      0.174    -2.4352      4.910    10.5857 -9.990e-29
      0.171    14.1787   3.836180     0.0061 4.3368e+01     3.9000    37.7192 8.7912e-02 4.1351e+01  0.0413330    14.1902   1.302025     2.6007      0.174    -2.5275      4.895    10.5787 -9.990e-29
      0.171    14.1787   3.871245     0.0012 4.3368e+01     3.9000    37.7192 8.7912e-02 4.1351e+01  0.0413330    14.1904   1.151698     2.6007      0.174    -2.5636      4.940    10.5784 -9.990e-29
      0.171    14.1792   3.882934     0.0281 4.3368e+01     3.9000    37.7192 8.7912e-02 4.1351e+01  0.0413330    14.1904   1.061502     2.6007      0.174    -2.4349      4.955    10.5781 -9.990e-29
      0.172    14.1791   3.918000     0.0256 4.3368e+01     3.9000    37.7192 8.7912e-02 3.9382e+01  0.0413330    14.1902   1.151698     2.6007      0.175    -2.4308      5.000    10.5786 -9.990e-29
      0.172    14.1794   3.882934     0.0073 4.3368e+01     3.9028    37.6931 8.7912e-02 4.1351e+01  0.0413330    14.1912   1.241894     2.6007      0.175    -2.5220      4.955    10.5781 -9.990e-29
      0.172    14.1796   3.906311     0.0000 4.3368e+01     3.8972    37.7453 8.7912e-02 3.9382e+01  0.0413330    14.1906   1.542551     2.6007      0.175    -2.5695      4.985    10.5780 -9.990e-29
      0.171    14.1799   3.894622     0.0269 4.3368e+01     3.9000    37.7192 8.7912e-02 4.1351e+01  0.0413330    14.1909   1.362156     2.6007      0.174    -2.4424      4.970    10.5783 -9.990e-29
      0.170    14.1804   3.964754     0.0269 4.3368e+01     3.9000    37.7192 8.7912e-02 4.1351e+01  0.0413330    14.1915   1.271960     2.6020      0.173    -2.4258      5.059    10.5845 -9.990e-29
      0.169    14.1804   3.906311     0.0073 4.3368e+01     3.9000    37.7192 8.7912e-02 4.1351e+01  0.0413330    14.1911   1.211829     2.6007      0.172    -2.5224      4.985    10.5784 -9.990e-29
      0.167    14.1807   3.918000     0.0012 4.3368e+01     3.9028    37.6931 8.7912e-02 4.1351e+01  0.0413330    14.1912   1.121633     2.6007      0.170    -2.5634      4.999    10.5787 -9.990e-29
      0.167    14.1807   3.894622     0.0244 4.3368e+01     3.9028    37.6931 8.7912e-02 4.1351e+01  0.0413330    14.1920   1.392222     2.6007      0.170    -2.4563      4.970    10.5782 -9.990e-29
      0.168    14.1811   3.953066     0.0281 4.3368e+01     3.9028    37.6931 8.4249e-02 4.1351e+01  0.0413330    14.1920   1.482419     2.6020      0.171    -2.4208      5.044    10.5846 -9.990e-29
      0.167    14.1814   4.011509     0.0085 4.3368e+01     3.9028    37.6931 8.4249e-02 4.1351e+01  0.0413330    14.1921   1.392222     2.6020      0.170    -2.5162      5.119    10.5843 -9.990e-29
      0.168    14.1814   4.034887     0.0012 4.3368e+01     3.9028    37.6931 8.4249e-02 4.1351e+01  0.0413330    14.1926   1.091568     2.6007      0.171    -2.5632      5.149    10.5773 -9.990e-29
      0.168    14.1818   4.034887     0.0220 4.3368e+01     3.9000    37.7192 8.4249e-02 3.9382e+01  0.0413330    14.1925   1.031437     2.6007      0.171    -2.4697      5.148    10.5771 -9.990e-29
      0.168    14.1821   3.941377     0.0293 4.3368e+01     3.8945    37.7715 8.7912e-02 3.9382e+01  0.0413330    14.1928   1.211829     2.6007      0.171    -2.4169      5.029    10.5774 -9.990e-29
      0.167    14.1825   3.988132     0.0098 4.3368e+01     3.8917    37.7976 8.4249e-02 4.1351e+01  0.0413330    14.1932   1.332091     2.6007      0.170    -2.5108      5.089    10.5783 -9.990e-29
      0.167    14.1828   3.812803     0.0012 4.3368e+01     3.8945    37.7715 8.4249e-02 4.1351e+01  0.0413330    14.1935   1.452353     2.6020      0.170    -2.5637      4.865    10.5852 -9.990e-29
      0.166    14.1828   3.976443     0.0195 4.3368e+01     3.8945    37.7715 8.7912e-02 4.1351e+01  0.0413330    14.1939   1.241894     2.6020      0.169    -2.4831      5.074    10.5847 -9.990e-29
      0.165    14.1829  58.366570     0.0305 4.3368e+01     3.8945    37.7715 8.4249e-02 4.1351e+01  0.0413330    14.1938   1.121633     2.6007      0.168    -2.4126     74.473    10.5778 -9.990e-29
      0.165    14.1835  21.867837     0.0110 4.3368e+01     3.8917    37.7976 8.7912e-02 3.9382e+01  0.0413330    14.1940   1.061502     2.6007      0.168    -2.5052     27.902    10.5775 -9.990e-29
