data/05_metadata_exports/SeabirdData/202310_SeabirdData/88694_STN41-2.cnv
* Sea-Bird SBE 9 Data File:
* FileName = C:\Users\rosette\Rosette Data\2023\Ontario lower food web csmi\STN41-2.hex
* Software Version Seasave V 7.26.6.26
* Temperature SN = 5270
* Conductivity SN = 1168
* Number of Bytes Per Scan = 40
* Number of Voltage Words = 5
* Number of Scans Averaged by the Deck Unit = 1
* NMEA Latitude = 43 43.09 N
* NMEA Longitude = 078 01.51 W
* NMEA UTC (Time) = Sep 26 2023  11:13:42
* NMEA baud rate = 4800
** Ship: Lake Guardian
** Cruise: Ontario LFW
** Station:  STN41-2
# nquan = 18                                
# nvalues = 4616                        
# units = specified
# name 0 = prDM: Pressure, Digiquartz [db]
# name 1 = t090C: Temperature [ITS-90, deg C]
# name 2 = c0uS/cm: Conductivity [uS/cm]
# name 3 = sbeox0V: Oxygen raw, SBE 43 [V]
# name 4 = par: PAR/Irradiance, Biospherical/Licor
# name 5 = bat: Beam Attenuation, Chelsea/Seatech [1/m]
# name 6 = xmiss: Beam Transmission, Chelsea/Seatech [%]
# name 7 = flSP: Fluorescence, Seapoint
# name 8 = spar: SPAR, Biospherical/Licor
# name 9 = upoly0: Upoly 0, Suna Nitrate
# name 10 = t190C: Temperature, 2 [ITS-90, deg C]
# name 11 = c1uS/cm: Conductivity, 2 [uS/cm]
# name 12 = sbeox1V: Oxygen raw, SBE 43, 2 [V]
# name 13 = depFM: Depth [fresh water, m], lat = 43.7182
# name 14 = sbeox0Mg/L: Oxygen, SBE 43 [mg/l], WS = 2
# name 15 = specc: Specific Conductance [uS/cm]
# name 16 = sbeox1Mg/L: Oxygen, SBE 43, 2 [mg/l], WS = 2
# name 17 = flag: flag
# span 0 =      0.083,      5.227       
# span 1 =    14.1447,    19.5728       
# span 2 =   3.602412, 739.902530       
# span 3 =     0.0000,     0.0354       
# span 4 = 6.1937e+00, 6.7683e+01       
# span 5 =     1.0655,     4.6443       
# span 6 =    31.3150,    76.6147       
# span 7 = 8.0586e-02, 1.7436e+00       
# span 8 = 3.9382e+01, 5.3166e+01       
# span 9 =  0.0413330,  0.0625367       
# span 10 =    14.1576,    19.5693      
# span 11 =   0.941242, 268.935788      
# span 12 =     2.0256,     2.8400      
# span 13 =      0.085,      5.330      
# span 14 =    -2.5726,    -2.1360      
# span 15 =      4.594,    942.591      
# span 16 =     6.8006,    10.7811      
# span 17 = 0.0000e+00, 0.0000e+00      
# interval = seconds: 0.0416667
# start_time = Sep 26 2023 11:13:42 [NMEA time, header]
# bad_flag = -9.990e-29
*END*
[from data line 3619]
      5.130    19.5723 267.703886     0.0012 6.9042e+00     1.0806    76.3272 9.7070e-01 4.9228e+01  0.0554688    19.5673 268.722676     2.5531      5.231    -2.2861    300.271     9.1995 -9.990e-29
      5.133    19.5727 267.691829     0.0244 6.8845e+00     1.0806    76.3272 1.0073e+00 4.9228e+01  0.0554688    19.5669 268.692230     2.5531      5.234    -2.1847    300.255     9.1996 -9.990e-29
      5.135    19.5727 267.691829     0.0269 6.8845e+00     1.0806    76.3272 1.0293e+00 4.9228e+01  0.0558845    19.5672 268.814007     2.5531      5.236    -2.1674    300.255     9.1995 -9.990e-29
      5.138    19.5725 267.667719     0.0085 6.8845e+00     1.0806    76.3272 1.0366e+00 4.9228e+01  0.0554688    19.5672 268.814009     2.5531      5.239    -2.2474    300.229     9.1996 -9.990e-29
      5.140    19.5727 267.667718     0.0012 6.8649e+00     1.0806    76.3272 1.0403e+00 4.9228e+01  0.0554688    19.5671 268.722674     2.5531      5.241    -2.2862    300.228     9.1994 -9.990e-29
      5.142    19.5724 267.752110     0.0256 6.8649e+00     1.0806    76.3272 1.0110e+00 4.9228e+01  0.0554688    19.5672 268.783564     2.5531      5.243    -2.1791    300.325     9.1991 -9.990e-29
      5.144    19.5725 267.667718     0.0269 6.8649e+00     1.0806    76.3272 1.0256e+00 4.9228e+01  0.0558845    19.5676 268.844451     2.5519      5.245    -2.1675    300.229     9.1934 -9.990e-29
      5.146    19.5725 267.607441     0.0085 6.8649e+00     1.0806    76.3272 9.8168e-01 4.9228e+01  0.0558845    19.5675 268.844453     2.5531      5.247    -2.2480    300.162     9.1986 -9.990e-29
      5.146    19.5728 267.643608     0.0012 6.8649e+00     1.0806    76.3272 9.3773e-01 4.9228e+01  0.0558845    19.5677 268.753120     2.5531      5.247    -2.2871    300.200     9.1984 -9.990e-29
      5.146    19.5725 267.667718     0.0256 6.8649e+00     1.0806    76.3272 9.7070e-01 4.9228e+01  0.0558845    19.5680 268.783562     2.5519      5.247    -2.1796    300.229     9.1928 -9.990e-29
      5.146    19.5727 267.679775     0.0269 6.9042e+00     1.0819    76.3010 1.0256e+00 4.9228e+01  0.0558845    19.5678 268.814008     2.5531      5.247    -2.1681    300.242     9.1982 -9.990e-29
      5.145    19.5725 267.619497     0.0073 6.8845e+00     1.0806    76.3272 1.0440e+00 4.9228e+01  0.0554688    19.5677 268.905342     2.5519      5.246    -2.2539    300.175     9.1927 -9.990e-29
      5.142    19.5725 267.643607     0.0012 6.9042e+00     1.0806    76.3272 9.8535e-01 4.9228e+01  0.0550530    19.5671 268.844452     2.5519      5.243    -2.2874    300.202     9.1928 -9.990e-29
      5.139    19.5724 267.667718     0.0256 6.9239e+00     1.0819    76.3010 9.3773e-01 4.9228e+01  0.0554688    19.5663 268.814008     2.5519      5.240    -2.1796    300.230     9.1930 -9.990e-29
      5.137    19.5725 267.631551     0.0269 6.9636e+00     1.0806    76.3272 9.5604e-01 4.9228e+01  0.0550530    19.5659 268.722675     2.5519      5.238    -2.1681    300.189     9.1935 -9.990e-29
      5.136    19.5720 267.631553     0.0073 6.9636e+00     1.0806    76.3272 9.7070e-01 4.9228e+01  0.0538058    19.5659 268.753121     2.5519      5.237    -2.2535    300.192     9.1936 -9.990e-29
      5.134    19.5718 267.667718     0.0012 7.0235e+00     1.0819    76.3010 1.0037e+00 4.9228e+01  0.0533900    19.5666 268.722675     2.5519      5.235    -2.2870    300.234     9.1939 -9.990e-29
      5.131    19.5718 267.715943     0.0256 7.0235e+00     1.0806    76.3272 1.0476e+00 4.9228e+01  0.0529742    19.5657 268.722677     2.5507      5.232    -2.1788    300.288     9.1892 -9.990e-29
      5.127    19.5711 267.655663     0.0269 7.0436e+00     1.0819    76.3010 1.0659e+00 4.9228e+01  0.0529742    19.5661 268.814008     2.5507      5.228    -2.1673    300.225     9.1896 -9.990e-29
      5.123    19.5708 267.667719     0.0085 7.0839e+00     1.0819    76.3010 1.0403e+00 4.9228e+01  0.0538058    19.5656 268.783564     2.5507      5.224    -2.2477    300.241     9.1903 -9.990e-29
      5.119    19.5704 267.667720     0.0012 7.1041e+00     1.0819    76.3010 9.9634e-01 4.9228e+01  0.0538058    19.5657 268.722676     2.5507      5.220    -2.2865    300.244     9.1908 -9.990e-29
      5.115    19.5703 267.667720     0.0256 7.1041e+00     1.0819    76.3010 9.7436e-01 4.9228e+01  0.0533900    19.5651 268.722676     2.5507      5.216    -2.1779    300.244     9.1915 -9.990e-29
      5.110    19.5700 267.667720     0.0269 7.1652e+00     1.0819    76.3010 9.4139e-01 4.9228e+01  0.0533900    19.5651 268.661788     2.5507      5.211    -2.1672    300.246     9.1925 -9.990e-29
      5.106    19.5701 267.667720     0.0073 7.2268e+00     1.0806    76.3272 8.9744e-01 4.9228e+01  0.0542215    19.5653 268.783565     2.5507      5.207    -2.2529    300.246     9.1934 -9.990e-29
      5.100    19.5699 267.631553     0.0012 7.2475e+00     1.0806    76.3272 9.0110e-01 4.9228e+01  0.0542215    19.5645 268.844454     2.5507      5.201    -2.2860    300.206     9.1946 -9.990e-29
      5.094    19.5699 267.631552     0.0256 7.2475e+00     1.0806    76.3272 9.3407e-01 4.9228e+01  0.0558845    19.5647 268.935786     2.5507      5.194    -2.1774    300.206     9.1955 -9.990e-29
      5.089    19.5699 267.667719     0.0269 7.2889e+00     1.0819    76.3010 9.7436e-01 4.9228e+01  0.0554688    19.5655 268.874897     2.5507      5.189    -2.1669    300.247     9.1964 -9.990e-29
      5.084    19.5697 267.595386     0.0085 7.2889e+00     1.0819    76.3010 9.9634e-01 4.9228e+01  0.0550530    19.5659 268.692231     2.5507      5.184    -2.2481    300.167     9.1973 -9.990e-29
      5.079    19.5699 267.595385     0.0012 7.3306e+00     1.0806    76.3272 1.0256e+00 4.9228e+01  0.0558845    19.5661 268.814007     2.5507      5.179    -2.2865    300.166     9.1983 -9.990e-29
      5.072    19.5699 267.643609     0.0269 7.3936e+00     1.0819    76.3010 9.8901e-01 4.9228e+01  0.0558845    19.5666 268.753119     2.5507      5.172    -2.1721    300.220     9.1992 -9.990e-29
      5.064    19.5704 267.631551     0.0256 7.4148e+00     1.0792    76.3533 9.4872e-01 4.9228e+01  0.0558845    19.5663 268.814007     2.5507      5.164    -2.1728    300.203     9.2002 -9.990e-29
      5.056    19.5702 267.655661     0.0073 7.4359e+00     1.0778    76.3794 9.3773e-01 4.9228e+01  0.0558845    19.5663 268.814005     2.5507      5.156    -2.2535    300.231     9.2008 -9.990e-29
      5.050    19.5703 267.667718     0.0012 7.5212e+00     1.0765    76.4056 9.4872e-01 4.9228e+01  0.0550530    19.5657 268.692230     2.5507      5.150    -2.2866    300.244     9.2019 -9.990e-29
      5.045    19.5702 267.667718     0.0281 7.5643e+00     1.0765    76.4056 9.5238e-01 4.9228e+01  0.0550530    19.5654 268.753119     2.5507      5.144    -2.1669    300.245     9.2025 -9.990e-29
      5.038    19.5704 267.619496     0.0256 7.5859e+00     1.0751    76.4317 9.7070e-01 4.9228e+01  0.0558845    19.5650 268.814008     2.5507      5.137    -2.1733    300.189     9.2032 -9.990e-29
      5.030    19.5704 267.643605     0.0073 7.6729e+00     1.0751    76.4317 9.7070e-01 4.9228e+01  0.0558845    19.5652 268.753117     2.5507      5.129    -2.2540    300.217     9.2041 -9.990e-29
      5.024    19.5703 267.643605     0.0012 7.7167e+00     1.0765    76.4056 9.5604e-01 4.9228e+01  0.0558845    19.5645 268.783562     2.5507      5.123    -2.2874    300.217     9.2048 -9.990e-29
      5.017    19.5704 267.607440     0.0293 7.7167e+00     1.0765    76.4056 9.5238e-01 4.9228e+01  0.0550530    19.5645 268.844453     2.5507      5.116    -2.1623    300.176     9.2053 -9.990e-29
      5.010    19.5708 267.643605     0.0244 7.8052e+00     1.0765    76.4056 9.3773e-01 4.9228e+01  0.0554688    19.5645 268.722674     2.5519      5.109    -2.1793    300.214     9.2108 -9.990e-29
      5.002    19.5704 267.595383     0.0073 7.8498e+00     1.0765    76.4056 9.2674e-01 4.9228e+01  0.0554688    19.5644 268.783563     2.5519      5.101    -2.2547    300.162     9.2114 -9.990e-29
      4.994    19.5701 267.655660     0.0012 7.8498e+00     1.0765    76.4056 9.4505e-01 4.9228e+01  0.0550530    19.5650 268.722672     2.5519      5.092    -2.2881    300.232     9.2113 -9.990e-29
      4.987    19.5702 267.667717     0.0305 7.9172e+00     1.0765    76.4056 9.2308e-01 4.9228e+01  0.0550530    19.5658 268.814006     2.5519      5.085    -2.1577    300.245     9.2117 -9.990e-29
      4.981    19.5703 267.727994     0.0244 7.9625e+00     1.0765    76.4056 9.1941e-01 4.9228e+01  0.0554688    19.5665 268.753115     2.5519      5.079    -2.1800    300.312     9.2116 -9.990e-29
      4.976    19.5704 267.655661     0.0061 7.9852e+00     1.0765    76.4056 9.4872e-01 4.9228e+01  0.0554688    19.5673 268.783560     2.5519      5.074    -2.2607    300.230     9.2110 -9.990e-29
      4.971    19.5701 267.667715     0.0012 8.0308e+00     1.0765    76.4056 9.6703e-01 4.9228e+01  0.0554688    19.5677 268.844447     2.5519      5.069    -2.2884    300.246     9.2105 -9.990e-29
      4.967    19.5702 267.643604     0.0305 8.0538e+00     1.0751    76.4317 9.5971e-01 4.9228e+01  0.0554688    19.5680 268.844447     2.5519      5.065    -2.1580    300.218     9.2100 -9.990e-29
      4.963    19.5703 267.667717     0.0232 8.0767e+00     1.0751    76.4317 9.8901e-01 4.9228e+01  0.0554688    19.5683 268.692226     2.5531      5.061    -2.1859    300.244     9.2149 -9.990e-29
      4.958    19.5699 267.643604     0.0061 8.0998e+00     1.0765    76.4056 1.0696e+00 4.9228e+01  0.0554688    19.5686 268.753113     2.5531      5.056    -2.2612    300.220     9.2148 -9.990e-29
      4.953    19.5697 267.631549     0.0024 8.1460e+00     1.0765    76.4056 1.1099e+00 4.9228e+01  0.0554688    19.5681 268.692225     2.5531      5.051    -2.2840    300.208     9.2148 -9.990e-29
      4.949    19.5695 267.631549     0.0317 8.1693e+00     1.0765    76.4056 1.1355e+00 4.9228e+01  0.0554688    19.5672 268.783559     2.5531      5.047    -2.1532    300.209     9.2145 -9.990e-29
      4.945    19.5699 267.679771     0.0220 8.1693e+00     1.0765    76.4056 1.1538e+00 4.9228e+01  0.0558845    19.5673 268.814003     2.5531      5.042    -2.1913    300.260     9.2139 -9.990e-29
      4.941    19.5697 267.667714     0.0049 8.1926e+00     1.0778    76.3794 1.1758e+00 4.9228e+01  0.0558845    19.5669 268.814002     2.5531      5.038    -2.2666    300.248     9.2134 -9.990e-29
      4.939    19.5697 267.631549     0.0024 8.1926e+00     1.0778    76.3794 1.2418e+00 4.9228e+01  0.0558845    19.5673 268.905337     2.5531      5.036    -2.2832    300.208     9.2127 -9.990e-29
      4.937    19.5699 267.631549     0.0317 8.2160e+00     1.0778    76.3794 1.2930e+00 4.9228e+01  0.0554688    19.5672 268.753114     2.5531      5.034    -2.1521    300.206     9.2121 -9.990e-29
      4.934    19.5696 267.607436     0.0220 8.2394e+00     1.0778    76.3794 1.3260e+00 4.9228e+01  0.0554688    19.5676 268.783557     2.5531      5.031    -2.1898    300.181     9.2114 -9.990e-29
      4.932    19.5697 267.619493     0.0049 8.2394e+00     1.0778    76.3794 1.3150e+00 4.9228e+01  0.0554688    19.5670 268.722670     2.5531      5.029    -2.2656    300.194     9.2109 -9.990e-29
      4.932    19.5697 267.631547     0.0024 8.2629e+00     1.0778    76.3794 1.2601e+00 4.9228e+01  0.0558845    19.5666 268.753113     2.5531      5.029    -2.2826    300.208     9.2103 -9.990e-29
      4.932    19.5696 267.667716     0.0317 8.2629e+00     1.0778    76.3794 1.2271e+00 4.9228e+01  0.0554688    19.5670 268.783559     2.5519      5.029    -2.1514    300.249     9.2046 -9.990e-29
      4.932    19.5697 267.667716     0.0208 8.2629e+00     1.0778    76.3794 1.2051e+00 4.9228e+01  0.0554688    19.5663 268.722671     2.5531      5.029    -2.1946    300.248     9.2098 -9.990e-29
      4.933    19.5696 267.631548     0.0049 8.2629e+00     1.0778    76.3794 1.1648e+00 4.9228e+01  0.0550530    19.5662 268.722669     2.5531      5.030    -2.2650    300.208     9.2091 -9.990e-29
      4.934    19.5695 267.667716     0.0024 8.2160e+00     1.0778    76.3794 1.1978e+00 4.9228e+01  0.0554688    19.5666 268.753115     2.5531      5.031    -2.2820    300.250     9.2087 -9.990e-29
      4.935    19.5694 267.643605     0.0317 8.1926e+00     1.0778    76.3794 1.1722e+00 4.9228e+01  0.0563003    19.5665 268.692226     2.5531      5.032    -2.1509    300.223     9.2083 -9.990e-29
      4.937    19.5693 267.667715     0.0208 8.1926e+00     1.0792    76.3533 1.1136e+00 4.9228e+01  0.0563003    19.5666 268.692225     2.5519      5.034    -2.1936    300.251     9.2024 -9.990e-29
      4.940    19.5692 267.643605     0.0049 8.0998e+00     1.0792    76.3533 1.0476e+00 4.9228e+01  0.0550530    19.5666 268.814003     2.5531      5.037    -2.2644    300.225     9.2079 -9.990e-29
      4.943    19.5690 267.631549     0.0024 8.0538e+00     1.0778    76.3794 1.0037e+00 4.9228e+01  0.0550530    19.5670 268.722670     2.5519      5.040    -2.2818    300.212     9.2023 -9.990e-29
      4.946    19.5687 267.655662     0.0317 8.0308e+00     1.0778    76.3794 9.7802e-01 4.9228e+01  0.0554688    19.5666 268.783560     2.5531      5.044    -2.1507    300.241     9.2078 -9.990e-29
      4.948    19.5687 267.619494     0.0208 7.9625e+00     1.0778    76.3794 9.6337e-01 4.9228e+01  0.0558845    19.5668 268.722670     2.5531      5.046    -2.1931    300.201     9.2077 -9.990e-29
      4.950    19.5685 267.643604     0.0049 7.8947e+00     1.0792    76.3533 9.9634e-01 4.9228e+01  0.0550530    19.5671 268.783557     2.5519      5.048    -2.2642    300.229     9.2021 -9.990e-29
      4.955    19.5683 267.619494     0.0024 7.8947e+00     1.0792    76.3533 9.8168e-01 4.9228e+01  0.0550530    19.5670 268.814003     2.5519      5.053    -2.2812    300.204     9.2020 -9.990e-29
      4.961    19.5687 267.667718     0.0317 7.8275e+00     1.0765    76.4056 9.5238e-01 4.9228e+01  0.0554688    19.5668 268.844449     2.5519      5.059    -2.1500    300.255     9.2019 -9.990e-29
      4.965    19.5687 267.595383     0.0195 7.7609e+00     1.0778    76.3794 9.3773e-01 4.9228e+01  0.0554688    19.5671 268.814003     2.5519      5.063    -2.1981    300.174     9.2022 -9.990e-29
      4.970    19.5689 267.595383     0.0049 7.7609e+00     1.0792    76.3533 9.3040e-01 4.9228e+01  0.0554688    19.5670 268.722670     2.5531      5.068    -2.2639    300.173     9.2079 -9.990e-29
      4.975    19.5690 267.607440     0.0024 7.6948e+00     1.0792    76.3533 9.4505e-01 4.9228e+01  0.0558845    19.5677 268.753115     2.5531      5.073    -2.2809    300.185     9.2084 -9.990e-29
      4.981    19.5694 267.619493     0.0330 7.6292e+00     1.0792    76.3533 9.3407e-01 4.9228e+01  0.0558845    19.5676 268.844447     2.5519      5.079    -2.1436    300.196     9.2037 -9.990e-29
      4.987    19.5695 267.655662     0.0208 7.6075e+00     1.0792    76.3533 9.2674e-01 4.9228e+01  0.0558845    19.5677 268.874893     2.5519      5.085    -2.1913    300.236     9.2043 -9.990e-29
      4.992    19.5696 267.679773     0.0049 7.5859e+00     1.0792    76.3533 9.0476e-01 4.9228e+01  0.0558845    19.5680 268.844448     2.5519      5.090    -2.2632    300.262     9.2049 -9.990e-29
      4.998    19.5697 267.679773     0.0037 7.5212e+00     1.0792    76.3533 8.9377e-01 4.9228e+01  0.0554688    19.5678 268.753115     2.5519      5.097    -2.2748    300.262     9.2056 -9.990e-29
      5.004    19.5699 267.667715     0.0342 7.4998e+00     1.0778    76.3794 8.8278e-01 4.9228e+01  0.0554688    19.5680 268.814001     2.5519      5.103    -2.1380    300.247     9.2061 -9.990e-29
      5.013    19.5699 267.619497     0.0208 7.4998e+00     1.0778    76.3794 8.6813e-01 4.9228e+01  0.0554688    19.5676 268.874896     2.5519      5.112    -2.1914    300.193     9.2068 -9.990e-29
