data/05_metadata_exports/SeabirdData/202310_SeabirdData/88694_STN41-2.cnv
* Sea-Bird SBE 9 Data File:
* FileName = C:\Users\rosette\Rosette Data\2023\Ontario lower food web csmi\STN41-2.hex
* Software Version Seasave V 7.26.6.26
* Temperature SN = 5270
* Conductivity SN = 1168
* Number of Bytes Per Scan = 40
* Number of Voltage Words = 5
* Number of Scans Averaged by the Deck Unit = 1
* NMEA Latitude = 43 43.09 N
* NMEA Longitude = 078 01.51 W
* NMEA UTC (Time) = Sep 26 2023  11:13:42
* NMEA baud rate = 4800
** Ship: Lake Guardian
** Cruise: Ontario LFW
** Station:  STN41-2
# nquan = 18                                
# nvalues = 4616                        
# units = specified
# name 0 = prDM: Pressure, Digiquartz [db]
# name 1 = t090C: Temperature [ITS-90, deg C]
# name 2 = c0uS/cm: Conductivity [uS/cm]
# name 3 = sbeox0V: Oxygen raw, SBE 43 [V]
# name 4 = par: PAR/Irradiance, Biospherical/Licor
# name 5 = bat: Beam Attenuation, Chelsea/Seatech [1/m]
# name 6 = xmiss: Beam Transmission, Chelsea/Seatech [%]
# name 7 = flSP: Fluorescence, Seapoint
# name 8 = spar: SPAR, Biospherical/Licor
# name 9 = upoly0: Upoly 0, Suna Nitrate
# name 10 = t190C: Temperature, 2 [ITS-90, deg C]
# name 11 = c1uS/cm: Conductivity, 2 [uS/cm]
# name 12 = sbeox1V: Oxygen raw, SBE 43, 2 [V]
# name 13 = depFM: Depth [fresh water, m], lat = 43.7182
# name 14 = sbeox0Mg/L: Oxygen, SBE 43 [mg/l], WS = 2
# name 15 = specc: Specific Conductance [uS/cm]
# name 16 = sbeox1Mg/L: Oxygen, SBE 43, 2 [mg/l], WS = 2
# name 17 = flag: flag
# span 0 =      0.083,      5.227       
# span 1 =    14.1447,    19.5728       
# span 2 =   3.602412, 739.902530       
# span 3 =     0.0000,     0.0354       
# span 4 = 6.1937e+00, 6.7683e+01       
# span 5 =     1.0655,     4.6443       
# span 6 =    31.3150,    76.6147       
# span 7 = 8.0586e-02, 1.7436e+00       
# span 8 = 3.9382e+01, 5.3166e+01       
# span 9 =  0.0413330,  0.0625367       
# span 10 =    14.1576,    19.5693      
# span 11 =   0.941242, 268.935788      
# span 12 =     2.0256,     2.8400      
# span 13 =      0.085,      5.330      
# span 14 =    -2.5726,    -2.1360      
# span 15 =      4.594,    942.591      
# span 16 =     6.8006,    10.7811      
# span 17 = 0.0000e+00, 0.0000e+00      
# interval = seconds: 0.0416667
# start_time = Sep 26 2023 11:13:42 [NMEA time, header]
# bad_flag = -9.990e-29
*END*
[from data line 885]
      0.106    14.1921   9.390098     0.0269 6.4883e+01     2.3330    55.8077 8.7912e-02 4.1351e+01  0.0413330    14.2854   2.444545     2.6007      0.108    -2.4247     11.979    10.5548 -9.990e-29
      0.106    14.1919   9.553849     0.0073 6.5066e+01     2.3330    55.8077 8.7912e-02 4.1351e+01  0.0413330    14.2849   2.354343     2.6007      0.108    -2.5202     12.187    10.5549 -9.990e-29
      0.105    14.1917   9.752694     0.0012 6.5250e+01     2.3330    55.8077 8.7912e-02 4.1351e+01  0.0413330    14.2856   2.173942     2.6007      0.107    -2.5612     12.441    10.5548 -9.990e-29
      0.104    14.1921   9.881361     0.0244 6.5250e+01     2.3330    55.8077 8.7912e-02 4.1351e+01  0.0413330    14.2854   2.234076     2.6007      0.106    -2.4520     12.605    10.5548 -9.990e-29
      0.102    14.1917   9.834573     0.0269 6.5434e+01     2.3312    55.8338 8.7912e-02 4.1351e+01  0.0413330    14.2859   2.113809     2.6007      0.104    -2.4255     12.546    10.5547 -9.990e-29
      0.100    14.1921   9.787785     0.0073 6.5434e+01     2.3312    55.8338 8.7912e-02 4.1351e+01  0.0413330    14.2856   2.444545     2.6007      0.102    -2.5210     12.486    10.5548 -9.990e-29
      0.099    14.1921   9.893058     0.0012 6.5618e+01     2.3312    55.8338 8.7912e-02 4.1351e+01  0.0413330    14.2861   2.474612     2.6007      0.101    -2.5620     12.620    10.5546 -9.990e-29
      0.098    14.1921  10.243978     0.0232 6.5803e+01     2.3312    55.8338 8.4249e-02 4.1351e+01  0.0413330    14.2861   2.173942     2.6007      0.100    -2.4599     13.068    10.5546 -9.990e-29
      0.096    14.1919  10.524725     0.0293 6.5803e+01     2.3312    55.8338 8.4249e-02 4.1351e+01  0.0413330    14.2864   2.113809     2.6007      0.098    -2.4160     13.426    10.5546 -9.990e-29
      0.096    14.1917  10.711895     0.0085 6.5803e+01     2.3312    55.8338 8.7912e-02 4.1351e+01  0.0413330    14.2868   2.083742     2.6007      0.098    -2.5170     13.665    10.5545 -9.990e-29
      0.095    14.1921  10.735292     0.0012 6.5989e+01     2.3312    55.8338 8.7912e-02 4.1351e+01  0.0413330    14.2869   2.264143     2.6007      0.097    -2.5639     13.695    10.5544 -9.990e-29
      0.094    14.1921  10.711895     0.0220 6.5989e+01     2.3312    55.8338 8.7912e-02 4.1351e+01  0.0413330    14.2874   2.624948     2.6007      0.096    -2.4677     13.665    10.5543 -9.990e-29
      0.093    14.1924  10.910768     0.0293 6.5989e+01     2.3312    55.8338 8.7912e-02 4.1351e+01  0.0413330    14.2876   2.564813     2.6007      0.095    -2.4184     13.918    10.5543 -9.990e-29
      0.093    14.1924  11.331926     0.0098 6.6362e+01     2.3330    55.8077 8.7912e-02 4.1351e+01  0.0413330    14.2883   2.324276     2.6007      0.095    -2.5123     14.456    10.5541 -9.990e-29
      0.094    14.1924  11.484016     0.0012 6.6362e+01     2.3312    55.8338 8.7912e-02 4.1351e+01  0.0413330    14.2881   2.173942     2.6007      0.096    -2.5647     14.650    10.5542 -9.990e-29
      0.095    14.1927  11.331926     0.0208 6.6362e+01     2.3330    55.8077 8.7912e-02 4.1351e+01  0.0413330    14.2886   2.083742     2.6007      0.097    -2.4749     14.455    10.5540 -9.990e-29
      0.096    14.1927  11.191537     0.0305 6.6549e+01     2.3405    55.7031 8.7912e-02 4.1351e+01  0.0417488    14.2890   2.264142     2.6007      0.098    -2.4137     14.276    10.5539 -9.990e-29
      0.100    14.1932  11.203236     0.0098 6.6549e+01     2.3462    55.6247 8.7912e-02 4.1351e+01  0.0413330    14.2891   2.444545     2.6007      0.102    -2.5119     14.291    10.5539 -9.990e-29
      0.101    14.1931  11.308527     0.0012 6.6549e+01     2.3462    55.6247 8.7912e-02 4.1351e+01  0.0413330    14.2895   2.384410     2.6007      0.103    -2.5637     14.425    10.5545 -9.990e-29
      0.102    14.1934  11.367023     0.0195 6.6736e+01     2.3443    55.6509 8.7912e-02 4.1351e+01  0.0413330    14.2896   2.354343     2.6007      0.104    -2.4809     14.500    10.5551 -9.990e-29
      0.102    14.1932  11.565912     0.0305 6.6736e+01     2.3462    55.6247 8.7912e-02 4.1351e+01  0.0417488    14.2898   2.143875     2.6007      0.104    -2.4132     14.754    10.5550 -9.990e-29
      0.101    14.1937  11.694607     0.0098 6.6736e+01     2.3443    55.6509 8.7912e-02 4.1351e+01  0.0413330    14.2900   2.173942     2.6007      0.103    -2.5114     14.918    10.5549 -9.990e-29
      0.099    14.1934  11.589310     0.0012 6.6925e+01     2.3443    55.6509 9.1575e-02 4.1351e+01  0.0413330    14.2906   2.324276     2.6007      0.101    -2.5631     14.783    10.5547 -9.990e-29
      0.099    14.1939  11.589311     0.0183 6.6925e+01     2.3462    55.6247 8.7912e-02 4.1351e+01  0.0413330    14.2905   2.564813     2.6007      0.101    -2.4868     14.783    10.5553 -9.990e-29
      0.098    14.1937  11.542513     0.0317 6.6925e+01     2.3462    55.6247 9.1575e-02 4.1351e+01  0.0413330    14.2911   2.534746     2.6007      0.100    -2.4071     14.724    10.5551 -9.990e-29
      0.096    14.1944  11.519114     0.0110 6.6925e+01     2.3462    55.6247 8.7912e-02 4.1351e+01  0.0413330    14.2911   2.294209     2.6007      0.098    -2.5047     14.694    10.5550 -9.990e-29
      0.095    14.1941  11.565912     0.0012 6.7113e+01     2.3443    55.6509 8.7912e-02 4.1351e+01  0.0413330    14.2920   2.143875     2.6007      0.097    -2.5624     14.753    10.5547 -9.990e-29
      0.094    14.1944  11.530813     0.0159 6.7113e+01     2.3443    55.6509 8.7912e-02 4.1351e+01  0.0417488    14.2918   2.083742     2.6007      0.096    -2.4980     14.708    10.5547 -9.990e-29
      0.093    14.1946  11.519114     0.0317 6.7113e+01     2.3462    55.6247 8.7912e-02 4.1351e+01  0.0413330    14.2923   2.444544     2.6007      0.095    -2.4069     14.693    10.5544 -9.990e-29
      0.094    14.1946  11.624409     0.0110 6.7113e+01     2.3462    55.6247 8.7912e-02 4.1351e+01  0.0413330    14.2928   2.504679     2.6007      0.096    -2.5046     14.828    10.5542 -9.990e-29
      0.095    14.1947  11.788204     0.0012 6.7113e+01     2.3443    55.6509 8.7912e-02 4.1351e+01  0.0413330    14.2930   2.504679     2.6007      0.097    -2.5628     15.037    10.5541 -9.990e-29
      0.095    14.1949  11.963703     0.0147 6.7113e+01     2.3462    55.6247 8.7912e-02 4.1351e+01  0.0413330    14.2932   2.384410     2.6007      0.097    -2.5054     15.260    10.5540 -9.990e-29
      0.097    14.1951  12.115804     0.0317 6.7303e+01     2.3462    55.6247 8.7912e-02 4.1351e+01  0.0413330    14.2940   2.143875     2.6007      0.099    -2.4090     15.454    10.5537 -9.990e-29
      0.098    14.1951  11.952003     0.0110 6.7303e+01     2.3443    55.6509 8.7912e-02 4.1351e+01  0.0413330    14.2939   2.173942     2.6007      0.100    -2.5049     15.245    10.5537 -9.990e-29
      0.099    14.1954  11.870103     0.0012 6.7303e+01     2.3443    55.6509 8.7912e-02 4.1351e+01  0.0413330    14.2944   2.264142     2.6007      0.101    -2.5620     15.141    10.5535 -9.990e-29
      0.100    14.1953  12.115804     0.0134 6.7303e+01     2.3462    55.6247 8.7912e-02 4.1351e+01  0.0413330    14.2947   2.564813     2.6007      0.102    -2.5111     15.454    10.5533 -9.990e-29
      0.101    14.1956  12.466819     0.0317 6.7303e+01     2.4722    53.8995 8.7912e-02 4.1351e+01  0.0413330    14.2954   2.594881     2.6007      0.103    -2.4087     15.902    10.5531 -9.990e-29
      0.102    14.1958  12.642332     0.0122 6.7303e+01     2.5823    52.4357 8.7912e-02 4.1351e+01  0.0413330    14.2954   2.414477     2.6007      0.104    -2.4987     16.126    10.5530 -9.990e-29
      0.103    14.1959  12.888056     0.0024 6.7303e+01     2.6043    52.1482 8.7912e-02 4.1351e+01  0.0413330    14.2961   2.143875     2.6007      0.105    -2.5552     16.439    10.5528 -9.990e-29
      0.104    14.1959  12.876355     0.0122 6.7492e+01     2.5963    52.2527 8.7912e-02 4.1351e+01  0.0413330    14.2957   2.173942     2.6007      0.106    -2.5166     16.424    10.5528 -9.990e-29
      0.103    14.1961  12.852952     0.0330 6.7492e+01     2.5923    52.3050 8.7912e-02 4.1351e+01  0.0413330    14.2959   2.414477     2.6007      0.105    -2.4023     16.394    10.5526 -9.990e-29
      0.101    14.1962  12.888056     0.0134 6.7492e+01     2.5923    52.3050 8.4249e-02 4.1351e+01  0.0413330    14.2964   2.564813     2.6007      0.103    -2.4922     16.439    10.5524 -9.990e-29
      0.100    14.1964  12.829550     0.0024 6.7492e+01     2.5923    52.3050 8.7912e-02 4.1351e+01  0.0413330    14.2966   2.504679     2.6020      0.102    -2.5546     16.364    10.5595 -9.990e-29
      0.098    14.1966  12.630631     0.0110 6.7492e+01     2.5923    52.3050 8.7912e-02 4.1351e+01  0.0413330    14.2969   2.324276     2.6020      0.100    -2.5224     16.110    10.5600 -9.990e-29
      0.095    14.1970  12.583827     0.0330 6.7492e+01     2.5923    52.3050 8.7912e-02 4.1351e+01  0.0413330    14.2973   2.204009     2.6007      0.097    -2.4026     16.051    10.5532 -9.990e-29
      0.093    14.1970  12.689136     0.0134 6.7492e+01     2.5923    52.3050 8.7912e-02 4.1351e+01  0.0413330    14.2976   2.143875     2.6007      0.095    -2.4919     16.185    10.5536 -9.990e-29
      0.092    14.1972  13.122086     0.0024 6.7683e+01     2.5923    52.3050 8.7912e-02 4.1351e+01  0.0413330    14.2976   2.414477     2.6007      0.094    -2.5537     16.737    10.5541 -9.990e-29
      0.090    14.1973  13.461441     0.0098 6.7683e+01     2.5923    52.3050 8.7912e-02 4.1351e+01  0.0413330    14.2984   2.685083     2.6020      0.092    -2.5280     17.170    10.5609 -9.990e-29
      0.089    14.1974  13.625272     0.0342 6.7492e+01     2.5923    52.3050 8.7912e-02 4.1351e+01  0.0413330    14.2984   2.655015     2.6007      0.091    -2.3968     17.379    10.5548 -9.990e-29
      0.087    14.1979  13.496547     0.0147 6.7683e+01     2.5923    52.3050 8.7912e-02 4.1351e+01  0.0413330    14.2988   2.384410     2.6007      0.089    -2.4845     17.214    10.5551 -9.990e-29
      0.085    14.1978  13.344420     0.0024 6.7683e+01     2.5923    52.3050 8.7912e-02 4.1351e+01  0.0417488    14.2995   2.113809     2.6007      0.087    -2.5521     17.020    10.5553 -9.990e-29
      0.084    14.1985  13.203998     0.0098 6.7492e+01     2.5923    52.3050 8.7912e-02 4.1351e+01  0.0413330    14.2998   1.993542     2.6007      0.086    -2.5264     16.841    10.5556 -9.990e-29
      0.083    14.1986  13.122086     0.0342 6.7492e+01     2.5943    52.2789 8.7912e-02 4.1351e+01  0.0413330    14.3005   2.264142     2.6007      0.085    -2.3963     16.736    10.5551 -9.990e-29
      0.083    14.1989  13.192296     0.0147 6.7492e+01     2.5943    52.2789 8.7912e-02 4.1351e+01  0.0413330    14.3008   2.534746     2.6007      0.085    -2.4840     16.826    10.5553 -9.990e-29
      0.085    14.1993  13.133787     0.0012 6.7303e+01     2.5903    52.3312 8.7912e-02 4.1351e+01  0.0413330    14.3008   2.624948     2.6007      0.087    -2.5575     16.751    10.5556 -9.990e-29
      0.087    14.1996  13.192296     0.0073 6.7303e+01     2.5903    52.3312 8.7912e-02 4.1351e+01  0.0413330    14.3017   2.264142     2.6007      0.089    -2.5383     16.826    10.5551 -9.990e-29
      0.087    14.2000  13.239103     0.0342 6.7303e+01     2.5764    52.5141 8.7912e-02 4.1351e+01  0.0413330    14.3022   2.083742     2.6007      0.089    -2.3963     16.885    10.5552 -9.990e-29
      0.087    14.2003  13.262507     0.0159 6.7303e+01     2.5545    52.8017 8.7912e-02 4.1351e+01  0.0413330    14.3025   2.113809     2.6007      0.089    -2.4775     16.915    10.5554 -9.990e-29
      0.087    14.2008  13.168892     0.0024 6.7303e+01     2.5486    52.8801 8.7912e-02 4.1351e+01  0.0413330    14.3028   2.414477     2.6007      0.089    -2.5511     16.795    10.5555 -9.990e-29
      0.087    14.2013  13.063577     0.0073 6.7303e+01     2.5506    52.8539 8.7912e-02 4.1351e+01  0.0413330    14.3027   2.835421     2.6007      0.089    -2.5384     16.661    10.5551 -9.990e-29
      0.090    14.2016  13.005070     0.0342 6.7113e+01     2.5506    52.8539 8.7912e-02 4.1351e+01  0.0413330    14.3035   2.775285     2.6007      0.092    -2.3970     16.586    10.5544 -9.990e-29
      0.093    14.2024  12.923160     0.0159 6.7113e+01     2.5506    52.8539 8.7912e-02 4.1351e+01  0.0413330    14.3037   2.504679     2.6007      0.095    -2.4783     16.481    10.5539 -9.990e-29
      0.095    14.2027  12.794446     0.0024 6.7113e+01     2.5506    52.8539 8.7912e-02 4.1351e+01  0.0413330    14.3045   2.053675     2.6007      0.097    -2.5514     16.317    10.5533 -9.990e-29
      0.098    14.2032  12.654032     0.0061 6.7113e+01     2.5506    52.8539 8.7912e-02 4.1351e+01  0.0413330    14.3047   2.023609     2.6007      0.100    -2.5441     16.138    10.5528 -9.990e-29
      0.101    14.2033  12.525322     0.0342 6.7113e+01     2.5525    52.8278 8.7912e-02 4.1351e+01  0.0417488    14.3049   2.564813     2.6007      0.103    -2.3979     15.973    10.5523 -9.990e-29
      0.104    14.2040  12.513622     0.0159 6.7113e+01     2.5506    52.8539 8.7912e-02 4.1351e+01  0.0413330    14.3054   2.745218     2.6007      0.106    -2.4786     15.958    10.5524 -9.990e-29
      0.107    14.2045  12.525322     0.0024 6.6925e+01     2.5506    52.8539 8.7912e-02 4.1351e+01  0.0413330    14.3054   2.655015     2.6020      0.109    -2.5506     15.973    10.5591 -9.990e-29
      0.109    14.2047  12.455118     0.0049 6.6925e+01     2.5506    52.8539 8.7912e-02 4.1351e+01  0.0413330    14.3055   2.143875     2.6020      0.111    -2.5492     15.883    10.5592 -9.990e-29
      0.110    14.2056  12.443417     0.0342 6.6925e+01     2.5525    52.8278 8.7912e-02 4.1351e+01  0.0413330    14.3059   1.993542     2.6007      0.112    -2.3970     15.868    10.5534 -9.990e-29
      0.111    14.2059  12.420016     0.0171 6.6925e+01     2.5506    52.8539 8.7912e-02 4.1351e+01  0.0413330    14.3066   2.053675     2.6020      0.113    -2.4712     15.838    10.5593 -9.990e-29
      0.112    14.2069  12.420016     0.0037 6.6925e+01     2.5506    52.8539 8.7912e-02 4.1351e+01  0.0413330    14.3066   2.234076     2.6020      0.114    -2.5428     15.838    10.5589 -9.990e-29
      0.112    14.2148  12.384913     0.0037 6.6736e+01     2.5486    52.8801 8.7912e-02 4.1351e+01  0.0413330    14.3065   2.504679     2.6020      0.114    -2.5539     15.790    10.5590 -9.990e-29
      0.110    14.2318  12.338110     0.0342 6.6736e+01     2.5486    52.8801 8.7912e-02 4.1351e+01  0.0413330    14.3071   2.414477     2.6020      0.112    -2.3966     15.723    10.5597 -9.990e-29
      0.109    14.2488  12.431715     0.0183 6.6736e+01     2.5506    52.8539 8.7912e-02 4.3320e+01  0.0413330    14.3071   1.903343     2.6020      0.111    -2.4634     15.836    10.5598 -9.990e-29
      0.107    14.2604  13.168890     0.0037 6.6549e+01     2.5506    52.8539 8.7912e-02 4.1351e+01  0.0413330    14.3074   1.722946     2.6020      0.109    -2.5395     16.770    10.5599 -9.990e-29
      0.105    14.2674  14.140189     0.0037 6.6549e+01     2.5506    52.8539 8.7912e-02 4.3320e+01  0.0413330    14.3077   1.632748     2.6020      0.107    -2.5507     18.003    10.5599 -9.990e-29
      0.103    14.2778  18.764200     0.0342 6.6362e+01     2.5843    52.4096 8.7912e-02 4.3320e+01  0.0413330    14.3078   2.264142     2.6007      0.105    -2.3938     23.884    10.5533 -9.990e-29
      0.101    14.2938  21.235297     0.0183 6.6362e+01     2.6609    51.4163 8.7912e-02 4.1351e+01  0.0413330    14.3367   3.376646     2.6020      0.103    -2.4600     27.019    10.5530 -9.990e-29
      0.099    14.4053  20.497397     0.0037 6.6362e+01     2.6874    51.0765 8.7912e-02 4.3320e+01  0.0413330    14.5598   5.812327     2.6020      0.101    -2.5304     26.006    10.5001 -9.990e-29
