data/05_metadata_exports/SeabirdData/202310_SeabirdData/88708_STN39.cnv
* Sea-Bird SBE 9 Data File:
* FileName = C:\Users\rosette\Rosette Data\2023\Ontario lower food web csmi\STN39.hex
* Software Version Seasave V 7.26.6.26
* Temperature SN = 5270
* Conductivity SN = 1168
* Number of Bytes Per Scan = 40
* Number of Voltage Words = 5
* Number of Scans Averaged by the Deck Unit = 1
* NMEA Latitude = 43 29.14 N
* NMEA Longitude = 077 59.95 W
* NMEA UTC (Time) = Sep 26 2023  13:21:59
* NMEA baud rate = 4800
** Ship: Lake Guardian
** Cruise: Ontario LFW
** Station:  STN39
# nquan = 18                                
# nvalues = 19703                       
# units = specified
# name 0 = prDM: Pressure, Digiquartz [db]
# name 1 = t090C: Temperature [ITS-90, deg C]
# name 2 = c0uS/cm: Conductivity [uS/cm]
# name 3 = sbeox0V: Oxygen raw, SBE 43 [V]
# name 4 = par: PAR/Irradiance, Biospherical/Licor
# name 5 = bat: Beam Attenuation, Chelsea/Seatech [1/m]
# name 6 = xmiss: Beam Transmission, Chelsea/Seatech [%]
# name 7 = flSP: Fluorescence, Seapoint
# name 8 = spar: SPAR, Biospherical/Licor
# name 9 = upoly0: Upoly 0, Suna Nitrate
# name 10 = t190C: Temperature, 2 [ITS-90, deg C]
# name 11 = c1uS/cm: Conductivity, 2 [uS/cm]
# name 12 = sbeox1V: Oxygen raw, SBE 43, 2 [V]
# name 13 = depFM: Depth [fresh water, m], lat = 43.4857
# name 14 = sbeox0Mg/L: Oxygen, SBE 43 [mg/l], WS = 2
# name 15 = specc: Specific Conductance [uS/cm]
# name 16 = sbeox1Mg/L: Oxygen, SBE 43, 2 [mg/l], WS = 2
# name 17 = flag: flag
# span 0 =      0.007,    148.921       
# span 1 =     3.8596,    12.7925       
# span 2 =   5.051901, 233.921640       
# span 3 =     0.0012,     0.0354       
# span 4 = 1.0000e-12, 1.1564e+03       
# span 5 =     0.2409,     3.2538       
# span 6 =    44.3325,    94.1543       
# span 7 = 8.0586e-02, 1.4432e+00       
# span 8 = 6.2027e+02, 9.1957e+02       
# span 9 =  0.0413330,  0.0625367       
# span 10 =     3.8599,    13.0010      
# span 11 =   8.007732, 235.812241      
# span 12 =     1.8510,     2.7350      
# span 13 =      0.007,    151.857      
# span 14 =    -3.3982,    -2.4703      
# span 15 =      6.701,    318.451      
# span 16 =     6.9590,    12.6196      
# span 17 = 0.0000e+00, 0.0000e+00      
# interval = seconds: 0.0416667
# start_time = Sep 26 2023 13:21:59 [NMEA time, header]
# bad_flag = -9.990e-29
*END*
[from data line 16724]
     73.738     3.9127 182.523371     0.0244 1.0000e-12     0.2766    93.3178 1.2454e-01 8.4475e+02  0.0554688     3.9128 183.839439     2.3980     75.192    -3.1997    315.635    12.5137 0.0000e+00
     73.722     3.9129 182.571128     0.0269 1.0000e-12     0.2766    93.3178 1.2088e-01 8.4475e+02  0.0550530     3.9128 183.596832     2.3980     75.176    -3.2044    315.716    12.5139 0.0000e+00
     73.706     3.9127 182.547247     0.0085 1.0000e-12     0.2778    93.2917 1.1722e-01 8.4475e+02  0.0554688     3.9127 183.536179     2.3993     75.159    -3.3226    315.677    12.5228 0.0000e+00
     73.690     3.9127 182.523371     0.0122 1.0000e-12     0.2766    93.3178 1.0989e-01 8.4475e+02  0.0554688     3.9128 183.566505     2.3993     75.143    -3.2801    315.635    12.5230 0.0000e+00
     73.675     3.9125 182.559187     0.0317 1.0000e-12     0.2778    93.2917 1.0256e-01 8.4475e+02  0.0558845     3.9134 183.718133     2.3993     75.128    -3.1657    315.700    12.5230 0.0000e+00
     73.659     3.9127 182.571126     0.0134 1.0000e-12     0.2766    93.3178 9.8901e-02 8.4475e+02  0.0554688     3.9128 183.718133     2.3993     75.111    -3.2949    315.718    12.5234 0.0000e+00
     73.644     3.9128 182.571126     0.0049 1.0000e-12     0.2766    93.3178 1.0256e-01 8.4475e+02  0.0554688     3.9130 183.627156     2.3993     75.096    -3.3283    315.717    12.5234 0.0000e+00
     73.627     3.9128 182.535309     0.0330 1.0000e-12     0.2778    93.2917 1.0989e-01 8.4278e+02  0.0554688     3.9130 183.596830     2.3993     75.079    -3.1482    315.655    12.5235 0.0000e+00
     73.610     3.9127 182.523368     0.0195 1.0000e-12     0.2766    93.3178 1.0989e-01 8.4278e+02  0.0554688     3.9128 183.596829     2.3993     75.061    -3.2569    315.635    12.5237 0.0000e+00
     73.591     3.9129 182.535308     0.0037 1.0000e-12     0.2766    93.3178 1.0256e-01 8.4278e+02  0.0558845     3.9131 183.505852     2.3993     75.042    -3.3438    315.654    12.5236 0.0000e+00
     73.572     3.9127 182.559186     0.0256 1.0000e-12     0.2766    93.3178 1.0623e-01 8.4278e+02  0.0554688     3.9133 183.566503     2.3993     75.023    -3.1933    315.697    12.5237 0.0000e+00
     73.554     3.9128 182.487549     0.0256 1.0000e-12     0.2755    93.3439 1.0623e-01 8.4278e+02  0.0554688     3.9130 183.809109     2.3993     75.004    -3.2152    315.572    12.5239 0.0000e+00
     73.537     3.9130 182.511428     0.0073 1.0000e-12     0.2755    93.3439 1.0989e-01 8.4278e+02  0.0554688     3.9128 183.596828     2.3993     74.987    -3.3291    315.611    12.5241 0.0000e+00
     73.521     3.9132 182.535306     0.0147 1.0000e-12     0.2744    93.3701 1.1355e-01 8.4278e+02  0.0529742     3.9131 183.596828     2.3993     74.971    -3.2624    315.651    12.5226 0.0000e+00
     73.503     3.9132 182.535306     0.0317 1.0000e-12     0.2744    93.3701 1.0989e-01 8.4278e+02  0.0529742     3.9130 183.627154     2.3993     74.952    -3.1676    315.651    12.5227 0.0000e+00
     73.484     3.9132 182.511426     0.0122 1.0000e-12     0.2744    93.3701 1.0623e-01 8.4278e+02  0.0533900     3.9131 183.627152     2.4005     74.933    -3.3034    315.609    12.5306 0.0000e+00
     73.466     3.9132 182.535305     0.0061 1.0000e-12     0.2744    93.3701 1.0256e-01 8.4278e+02  0.0533900     3.9131 183.627153     2.3993     74.914    -3.3198    315.651    12.5240 0.0000e+00
     73.449     3.9132 182.511426     0.0342 1.0000e-12     0.2744    93.3701 1.0623e-01 8.4278e+02  0.0533900     3.9138 183.718129     2.3993     74.897    -3.1421    315.609    12.5250 0.0000e+00
     73.431     3.9130 182.523366     0.0183 1.0000e-12     0.2744    93.3701 1.0256e-01 8.4278e+02  0.0533900     3.9136 183.718130     2.3993     74.879    -3.2652    315.632    12.5250 0.0000e+00
     73.411     3.9132 182.535304     0.0037 1.0000e-12     0.2744    93.3701 1.0256e-01 8.4278e+02  0.0529742     3.9136 183.718129     2.3993     74.858    -3.3419    315.651    12.5250 0.0000e+00
     73.390     3.9133 182.535303     0.0281 1.0000e-12     0.2744    93.3701 1.0256e-01 8.4278e+02  0.0529742     3.9137 183.596825     2.3993     74.837    -3.1764    315.650    12.5249 0.0000e+00
     73.368     3.9133 182.475608     0.0244 1.0000e-12     0.2744    93.3701 1.0256e-01 8.4278e+02  0.0529742     3.9135 183.657476     2.4005     74.815    -3.2225    315.546    12.5328 0.0000e+00
     73.348     3.9133 182.511424     0.0073 1.0000e-12     0.2744    93.3701 1.0256e-01 8.4278e+02  0.0529742     3.9135 183.566498     2.3993     74.794    -3.3262    315.608    12.5233 0.0000e+00
     73.330     3.9136 182.511424     0.0171 1.0000e-12     0.2744    93.3701 1.0989e-01 8.4278e+02  0.0533900     3.9133 183.596824     2.3993     74.776    -3.2449    315.605    12.5218 0.0000e+00
     73.312     3.9135 182.487547     0.0305 1.0000e-12     0.2744    93.3701 1.1355e-01 8.4278e+02  0.0538058     3.9137 183.687802     2.3993     74.757    -3.1736    315.565    12.5228 0.0000e+00
     73.291     3.9138 182.559180     0.0110 1.0000e-12     0.2744    93.3701 1.1355e-01 8.4278e+02  0.0533900     3.9135 183.748453     2.3993     74.736    -3.3081    315.685    12.5225 0.0000e+00
     73.269     3.9135 182.523362     0.0073 1.0000e-12     0.2744    93.3701 1.0989e-01 8.4278e+02  0.0529742     3.9138 183.778778     2.3993     74.714    -3.3101    315.627    12.5218 0.0000e+00
     73.246     3.9138 182.523362     0.0330 1.0000e-12     0.2744    93.3701 1.0989e-01 8.4278e+02  0.0529742     3.9133 183.657474     2.3993     74.690    -3.1503    315.623    12.5228 0.0000e+00
     73.224     3.9139 182.439788     0.0171 1.0000e-12     0.2744    93.3701 1.1355e-01 8.4278e+02  0.0533900     3.9131 183.718125     2.3993     74.668    -3.2733    315.478    12.5237 0.0000e+00
     73.203     3.9138 182.511422     0.0037 1.0000e-12     0.2744    93.3701 1.1722e-01 8.4278e+02  0.0533900     3.9130 183.657474     2.3993     74.646    -3.3385    315.603    12.5244 0.0000e+00
     73.182     3.9138 182.535300     0.0293 1.0000e-12     0.2744    93.3701 1.1722e-01 8.4278e+02  0.0533900     3.9131 183.627147     2.4005     74.625    -3.1676    315.644    12.5330 0.0000e+00
     73.161     3.9138 182.511421     0.0232 1.0000e-12     0.2755    93.3439 1.1722e-01 8.4278e+02  0.0529742     3.9131 183.687798     2.3993     74.603    -3.2304    315.603    12.5257 0.0000e+00
     73.140     3.9137 182.547238     0.0049 1.0000e-12     0.2744    93.3701 1.1355e-01 8.4278e+02  0.0525585     3.9131 183.627147     2.3993     74.582    -3.3383    315.666    12.5262 0.0000e+00
     73.119     3.9138 182.547238     0.0195 1.0000e-12     0.2755    93.3439 1.0989e-01 8.4278e+02  0.0529742     3.9133 183.536169     2.3993     74.561    -3.2283    315.665    12.5267 0.0000e+00
     73.098     3.9138 182.583054     0.0293 1.0000e-12     0.2755    93.3439 1.0989e-01 8.4278e+02  0.0533900     3.9138 183.536168     2.3993     74.539    -3.1840    315.727    12.5269 0.0000e+00
     73.076     3.9139 182.499481     0.0098 1.0000e-12     0.2755    93.3439 1.0989e-01 8.4081e+02  0.0533900     3.9135 183.718123     2.3993     74.517    -3.3152    315.581    12.5274 0.0000e+00
     73.055     3.9139 182.475603     0.0098 1.0000e-12     0.2755    93.3439 1.0623e-01 8.4081e+02  0.0525585     3.9134 183.657471     2.3993     74.495    -3.2932    315.540    12.5278 0.0000e+00
     73.032     3.9141 182.475602     0.0330 1.0000e-12     0.2744    93.3701 1.0623e-01 8.4081e+02  0.0525585     3.9131 183.687796     2.3993     74.472    -3.1521    315.538    12.5282 0.0000e+00
     73.009     3.9138 182.475601     0.0147 1.0000e-12     0.2755    93.3439 1.0623e-01 8.4081e+02  0.0529742     3.9136 183.566492     2.3993     74.448    -3.2884    315.541    12.5282 0.0000e+00
     72.987     3.9139 182.511419     0.0037 1.0000e-12     0.2755    93.3439 1.0256e-01 8.4081e+02  0.0533900     3.9135 183.596818     2.3993     74.426    -3.3370    315.602    12.5284 0.0000e+00
     72.966     3.9138 182.487539     0.0317 1.0000e-12     0.2755    93.3439 1.1722e-01 8.4081e+02  0.0533900     3.9138 183.445188     2.4005     74.405    -3.1540    315.561    12.5378 0.0000e+00
     72.945     3.9138 182.499479     0.0220 1.0000e-12     0.2755    93.3439 1.3919e-01 8.4081e+02  0.0529742     3.9136 183.627143     2.4005     74.383    -3.2392    315.582    12.5380 0.0000e+00
     72.925     3.9141 182.511417     0.0049 1.0000e-12     0.2755    93.3439 1.3187e-01 8.4081e+02  0.0533900     3.9136 183.718120     2.3993     74.363    -3.3358    315.599    12.5301 0.0000e+00
     72.905     3.9139 182.511417     0.0232 1.0000e-12     0.2755    93.3439 1.1722e-01 8.4081e+02  0.0533900     3.9141 183.687794     2.3993     74.342    -3.2041    315.602    12.5299 0.0000e+00
     72.884     3.9141 182.547234     0.0281 1.0000e-12     0.2755    93.3439 1.0989e-01 8.4081e+02  0.0533900     3.9136 183.596817     2.3993     74.321    -3.1929    315.661    12.5301 0.0000e+00
     72.862     3.9139 182.571111     0.0085 1.0000e-12     0.2755    93.3439 1.0623e-01 8.4081e+02  0.0529742     3.9136 183.657467     2.3993     74.299    -3.3222    315.705    12.5300 0.0000e+00
     72.839     3.9141 182.499477     0.0110 1.0000e-12     0.2744    93.3701 1.0256e-01 8.4081e+02  0.0529742     3.9139 183.536164     2.3993     74.275    -3.2850    315.579    12.5311 0.0000e+00
     72.817     3.9144 182.475598     0.0330 1.0000e-12     0.2755    93.3439 1.0623e-01 8.4081e+02  0.0525585     3.9139 183.657466     2.3993     74.253    -3.1529    315.534    12.5309 0.0000e+00
     72.795     3.9143 182.511414     0.0147 1.0000e-12     0.2755    93.3439 1.0989e-01 8.4081e+02  0.0529742     3.9135 183.718118     2.4005     74.230    -3.2867    315.597    12.5388 0.0000e+00
     72.773     3.9143 182.487536     0.0037 1.0000e-12     0.2744    93.3701 1.1355e-01 8.4081e+02  0.0533900     3.9134 183.718117     2.4005     74.208    -3.3351    315.556    12.5386 0.0000e+00
     72.753     3.9144 182.475598     0.0317 1.0000e-12     0.2744    93.3701 1.2088e-01 8.4081e+02  0.0533900     3.9143 183.809096     2.4005     74.187    -3.1543    315.534    12.5380 0.0000e+00
     72.732     3.9146 182.499473     0.0195 1.0000e-12     0.2744    93.3701 1.2821e-01 8.4081e+02  0.0529742     3.9143 183.687789     2.4005     74.166    -3.2556    315.573    12.5376 0.0000e+00
     72.711     3.9141 182.547231     0.0037 1.0000e-12     0.2733    93.3962 1.3919e-01 8.4081e+02  0.0529742     3.9149 183.809094     2.4005     74.145    -3.3426    315.661    12.5370 0.0000e+00
     72.691     3.9146 182.523351     0.0269 1.0000e-12     0.2744    93.3701 1.4652e-01 8.4081e+02  0.0554688     3.9142 183.687790     2.4005     74.124    -3.1800    315.615    12.5368 0.0000e+00
     72.670     3.9143 182.523351     0.0269 1.0000e-12     0.2744    93.3701 1.4286e-01 8.4081e+02  0.0558845     3.9146 183.596812     2.4005     74.103    -3.2019    315.618    12.5361 0.0000e+00
     72.649     3.9145 182.499472     0.0073 1.0000e-12     0.2744    93.3701 1.4286e-01 8.4081e+02  0.0554688     3.9149 183.566485     2.4005     74.081    -3.3278    315.574    12.5368 0.0000e+00
     72.629     3.9146 182.499472     0.0147 1.0000e-12     0.2744    93.3701 1.3187e-01 8.4081e+02  0.0554688     3.9149 183.596811     2.4005     74.061    -3.2598    315.573    12.5362 0.0000e+00
     72.610     3.9144 182.511411     0.0317 1.0000e-12     0.2744    93.3701 1.1722e-01 8.4081e+02  0.0554688     3.9150 183.687788     2.4005     74.042    -3.1638    315.596    12.5356 0.0000e+00
     72.591     3.9146 182.523349     0.0122 1.0000e-12     0.2744    93.3701 1.0989e-01 8.4081e+02  0.0550530     3.9143 183.718114     2.4005     74.022    -3.3032    315.615    12.5352 0.0000e+00
     72.572     3.9143 182.535290     0.0061 1.0000e-12     0.2744    93.3701 1.2821e-01 8.4081e+02  0.0554688     3.9144 183.718114     2.4005     74.003    -3.3197    315.639    12.5357 0.0000e+00
     72.551     3.9143 182.559166     0.0330 1.0000e-12     0.2733    93.3962 1.8315e-01 8.4081e+02  0.0554688     3.9144 183.596809     2.4005     73.981    -3.1485    315.680    12.5348 0.0000e+00
     72.531     3.9144 182.535289     0.0183 1.0000e-12     0.2744    93.3701 2.3443e-01 8.4081e+02  0.0554688     3.9147 183.596810     2.4005     73.961    -3.2649    315.637    12.5338 0.0000e+00
     72.511     3.9143 182.535287     0.0037 1.0000e-12     0.2733    93.3962 2.3077e-01 8.4081e+02  0.0554688     3.9147 183.687785     2.4005     73.941    -3.3416    315.639    12.5329 0.0000e+00
     72.493     3.9143 182.475592     0.0281 1.0000e-12     0.2733    93.3962 1.9048e-01 8.4081e+02  0.0554688     3.9150 183.718112     2.4005     73.922    -3.1759    315.535    12.5318 0.0000e+00
     72.475     3.9141 182.463653     0.0244 1.0000e-12     0.2744    93.3701 1.5385e-01 8.4081e+02  0.0550530     3.9148 183.627134     2.4005     73.904    -3.2232    315.517    12.5308 0.0000e+00
     72.459     3.9143 182.547226     0.0073 1.0000e-12     0.2744    93.3701 1.3553e-01 8.4278e+02  0.0550530     3.9150 183.687785     2.4005     73.888    -3.3280    315.659    12.5310 0.0000e+00
     72.443     3.9143 182.535286     0.0171 1.0000e-12     0.2744    93.3701 1.2088e-01 8.4278e+02  0.0554688     3.9146 183.627134     2.4005     73.871    -3.2456    315.639    12.5314 0.0000e+00
     72.427     3.9144 182.571104     0.0305 1.0000e-12     0.2733    93.3962 1.0989e-01 8.4278e+02  0.0554688     3.9147 183.687785     2.4005     73.855    -3.1742    315.699    12.5303 0.0000e+00
     72.409     3.9141 182.559164     0.0110 1.0000e-12     0.2744    93.3701 1.0989e-01 8.4278e+02  0.0554688     3.9147 183.627133     2.4005     73.837    -3.3089    315.682    12.5291 0.0000e+00
     72.392     3.9141 182.535285     0.0061 1.0000e-12     0.2733    93.3962 1.0989e-01 8.4278e+02  0.0550530     3.9147 183.657458     2.4005     73.819    -3.3163    315.641    12.5292 0.0000e+00
     72.375     3.9143 182.606920     0.0330 1.0000e-12     0.2733    93.3962 1.0256e-01 8.4278e+02  0.0546373     3.9155 183.627132     2.4005     73.802    -3.1476    315.762    12.5276 0.0000e+00
     72.357     3.9140 182.559163     0.0171 1.0000e-12     0.2755    93.3439 1.0256e-01 8.4278e+02  0.0533900     3.9150 183.627131     2.4005     73.784    -3.2707    315.683    12.5277 0.0000e+00
     72.340     3.9143 182.499467     0.0037 1.0000e-12     0.2766    93.3178 1.0256e-01 8.4278e+02  0.0538058     3.9150 183.505828     2.4005     73.766    -3.3361    315.577    12.5262 0.0000e+00
     72.323     3.9143 182.475589     0.0293 1.0000e-12     0.2766    93.3178 1.0989e-01 8.4278e+02  0.0533900     3.9154 183.657456     2.4005     73.749    -3.1639    315.535    12.5272 0.0000e+00
     72.308     3.9144 182.511407     0.0232 1.0000e-12     0.2766    93.3178 1.0989e-01 8.4278e+02  0.0529742     3.9147 183.748435     2.4005     73.734    -3.2280    315.596    12.5284 0.0000e+00
     72.293     3.9143 182.511405     0.0061 1.0000e-12     0.2766    93.3178 1.0623e-01 8.4278e+02  0.0529742     3.9152 183.627130     2.4005     73.718    -3.3294    315.597    12.5293 0.0000e+00
     72.278     3.9144 182.511405     0.0195 1.0000e-12     0.2766    93.3178 1.0623e-01 8.4475e+02  0.0529742     3.9145 183.566479     2.4005     73.703    -3.2274    315.596    12.5292 0.0000e+00
     72.262     3.9144 182.559162     0.0305 1.0000e-12     0.2766    93.3178 1.0256e-01 8.4475e+02  0.0533900     3.9152 183.596804     2.4005     73.687    -3.1755    315.679    12.5299 0.0000e+00
     72.247     3.9141 182.535282     0.0098 1.0000e-12     0.2766    93.3178 1.0256e-01 8.4475e+02  0.0538058     3.9147 183.627129     2.4005     73.671    -3.3133    315.641    12.5309 0.0000e+00
     72.232     3.9146 182.535282     0.0085 1.0000e-12     0.2766    93.3178 1.0623e-01 8.4475e+02  0.0533900     3.9147 183.718107     2.4005     73.656    -3.2974    315.635    12.5305 0.0000e+00
