data/05_metadata_exports/SeabirdData/202310_SeabirdData/88708_STN39.cnv
* Sea-Bird SBE 9 Data File:
* FileName = C:\Users\rosette\Rosette Data\2023\Ontario lower food web csmi\STN39.hex
* Software Version Seasave V 7.26.6.26
* Temperature SN = 5270
* Conductivity SN = 1168
* Number of Bytes Per Scan = 40
* Number of Voltage Words = 5
* Number of Scans Averaged by the Deck Unit = 1
* NMEA Latitude = 43 29.14 N
* NMEA Longitude = 077 59.95 W
* NMEA UTC (Time) = Sep 26 2023  13:21:59
* NMEA baud rate = 4800
** Ship: Lake Guardian
** Cruise: Ontario LFW
** Station:  STN39
# nquan = 18                                
# nvalues = 19703                       
# units = specified
# name 0 = prDM: Pressure, Digiquartz [db]
# name 1 = t090C: Temperature [ITS-90, deg C]
# name 2 = c0uS/cm: Conductivity [uS/cm]
# name 3 = sbeox0V: Oxygen raw, SBE 43 [V]
# name 4 = par: PAR/Irradiance, Biospherical/Licor
# name 5 = bat: Beam Attenuation, Chelsea/Seatech [1/m]
# name 6 = xmiss: Beam Transmission, Chelsea/Seatech [%]
# name 7 = flSP: Fluorescence, Seapoint
# name 8 = spar: SPAR, Biospherical/Licor
# name 9 = upoly0: Upoly 0, Suna Nitrate
# name 10 = t190C: Temperature, 2 [ITS-90, deg C]
# name 11 = c1uS/cm: Conductivity, 2 [uS/cm]
# name 12 = sbeox1V: Oxygen raw, SBE 43, 2 [V]
# name 13 = depFM: Depth [fresh water, m], lat = 43.4857
# name 14 = sbeox0Mg/L: Oxygen, SBE 43 [mg/l], WS = 2
# name 15 = specc: Specific Conductance [uS/cm]
# name 16 = sbeox1Mg/L: Oxygen, SBE 43, 2 [mg/l], WS = 2
# name 17 = flag: flag
# span 0 =      0.007,    148.921       
# span 1 =     3.8596,    12.7925       
# span 2 =   5.051901, 233.921640       
# span 3 =     0.0012,     0.0354       
# span 4 = 1.0000e-12, 1.1564e+03       
# span 5 =     0.2409,     3.2538       
# span 6 =    44.3325,    94.1543       
# span 7 = 8.0586e-02, 1.4432e+00       
# span 8 = 6.2027e+02, 9.1957e+02       
# span 9 =  0.0413330,  0.0625367       
# span 10 =     3.8599,    13.0010      
# span 11 =   8.007732, 235.812241      
# span 12 =     1.8510,     2.7350      
# span 13 =      0.007,    151.857      
# span 14 =    -3.3982,    -2.4703      
# span 15 =      6.701,    318.451      
# span 16 =     6.9590,    12.6196      
# span 17 = 0.0000e+00, 0.0000e+00      
# interval = seconds: 0.0416667
# start_time = Sep 26 2023 13:21:59 [NMEA time, header]
# bad_flag = -9.990e-29
*END*
[from data line 16001]
     74.788     3.9059 182.523393     0.0330 1.0000e-12     0.2766    93.3178 9.8901e-02 8.2112e+02  0.0529742     3.9081 183.475550     2.4042     76.263    -3.1538    315.710    12.5467 0.0000e+00
     74.770     3.9055 182.499515     0.0159 1.0000e-12     0.2755    93.3439 1.0623e-01 8.2112e+02  0.0538058     3.9074 183.566527     2.4054     76.244    -3.2531    315.673    12.5555 0.0000e+00
     74.754     3.9054 182.451759     0.0024 1.0000e-12     0.2755    93.3439 1.0623e-01 8.2112e+02  0.0538058     3.9076 183.596852     2.4054     76.228    -3.3602    315.591    12.5560 0.0000e+00
     74.737     3.9052 182.451759     0.0281 1.0000e-12     0.2755    93.3439 9.8901e-02 8.2112e+02  0.0529742     3.9081 183.445224     2.4054     76.211    -3.1944    315.593    12.5564 0.0000e+00
     74.722     3.9054 182.487574     0.0244 1.0000e-12     0.2755    93.3439 9.5238e-02 8.2112e+02  0.0533900     3.9079 183.627176     2.4054     76.195    -3.1995    315.653    12.5557 0.0000e+00
     74.711     3.9057 182.487575     0.0061 1.0000e-12     0.2755    93.3439 9.1575e-02 8.2112e+02  0.0533900     3.9077 183.627177     2.4054     76.184    -3.3251    315.650    12.5551 0.0000e+00
     74.702     3.9060 182.451758     0.0122 1.0000e-12     0.2766    93.3178 9.5238e-02 8.2112e+02  0.0533900     3.9082 183.627177     2.4054     76.175    -3.2998    315.585    12.5543 0.0000e+00
     74.694     3.9062 182.463697     0.0317 1.0000e-12     0.2778    93.2917 9.8901e-02 8.2112e+02  0.0533900     3.9087 183.475548     2.4054     76.167    -3.1606    315.603    12.5536 0.0000e+00
     74.688     3.9066 182.475633     0.0134 1.0000e-12     0.2778    93.2917 9.8901e-02 8.2112e+02  0.0533900     3.9085 183.536197     2.4054     76.161    -3.2711    315.619    12.5532 -9.990e-29
     74.686     3.9066 182.547269     0.0037 1.0000e-12     0.2789    93.2655 1.0256e-01 8.2112e+02  0.0538058     3.9074 183.657503     2.4054     76.159    -3.3533    315.743    12.5531 -9.990e-29
     74.688     3.9066 182.487573     0.0305 1.0000e-12     0.2778    93.2917 1.0256e-01 8.2112e+02  0.0529742     3.9079 183.596850     2.4054     76.161    -3.1769    315.640    12.5526 -9.990e-29
     74.690     3.9063 182.463697     0.0220 1.0000e-12     0.2778    93.2917 1.0256e-01 8.2112e+02  0.0529742     3.9077 183.596852     2.4042     76.163    -3.2156    315.602    12.5444 -9.990e-29
     74.693     3.9063 182.499512     0.0049 1.0000e-12     0.2778    93.2917 9.8901e-02 8.2112e+02  0.0529742     3.9074 183.657502     2.4054     76.166    -3.3357    315.664    12.5509 -9.990e-29
     74.696     3.9063 182.511452     0.0171 1.0000e-12     0.2778    93.2917 9.8901e-02 8.2112e+02  0.0533900     3.9074 183.687829     2.4054     76.169    -3.2648    315.685    12.5506 -9.990e-29
     74.701     3.9060 182.439819     0.0305 1.0000e-12     0.2766    93.3178 9.5238e-02 8.2112e+02  0.0533900     3.9073 183.748481     2.4054     76.174    -3.1644    315.564    12.5504 -9.990e-29
     74.706     3.9061 182.463697     0.0110 1.0000e-12     0.2789    93.2655 9.8901e-02 8.2112e+02  0.0529742     3.9071 183.657503     2.4054     76.179    -3.2875    315.604    12.5503 -9.990e-29
     74.712     3.9059 182.451758     0.0049 1.0000e-12     0.2789    93.2655 1.0256e-01 8.2112e+02  0.0525585     3.9066 183.627178     2.4054     76.185    -3.3452    315.586    12.5504 -9.990e-29
     74.717     3.9059 182.487578     0.0330 1.0000e-12     0.2789    93.2655 1.0623e-01 8.2112e+02  0.0525585     3.9063 183.596855     2.4042     76.190    -3.1570    315.648    12.5425 -9.990e-29
     74.716     3.9059 182.487576     0.0195 1.0000e-12     0.2778    93.2917 1.0623e-01 8.2112e+02  0.0529742     3.9046 183.566528     2.4042     76.189    -3.2295    315.648    12.5431 -9.990e-29
     74.711     3.9060 182.499514     0.0037 1.0000e-12     0.2789    93.2655 1.0623e-01 8.2112e+02  0.0533900     3.9031 183.718158     2.4054     76.184    -3.3446    315.667    12.5517 -9.990e-29
     74.707     3.9065 182.523391     0.0232 1.0000e-12     0.2778    93.2917 1.0623e-01 8.2112e+02  0.0538058     3.9012 183.596855     2.4042     76.180    -3.2215    315.703    12.5445 -9.990e-29
     74.703     3.9070 182.535330     0.0281 1.0000e-12     0.2778    93.2917 1.0256e-01 8.2112e+02  0.0538058     3.9010 183.566529     2.4042     76.176    -3.1753    315.718    12.5447 -9.990e-29
     74.701     3.9066 182.463696     0.0085 1.0000e-12     0.2778    93.2917 1.0256e-01 8.2112e+02  0.0529742     3.9009 183.657507     2.4042     76.174    -3.3037    315.599    12.5450 -9.990e-29
     74.699     3.9065 182.499513     0.0085 1.0000e-12     0.2789    93.2655 1.0256e-01 8.2112e+02  0.0529742     3.9006 183.627181     2.4042     76.172    -3.3183    315.662    12.5453 -9.990e-29
     74.698     3.9063 182.487574     0.0342 1.0000e-12     0.2778    93.2917 9.8901e-02 8.2112e+02  0.0533900     3.9012 183.566529     2.4042     76.171    -3.1447    315.643    12.5427 -9.990e-29
     74.698     3.9062 182.511453     0.0159 1.0000e-12     0.2778    93.2917 1.0256e-01 8.2112e+02  0.0529742     3.9011 183.657507     2.4054     76.171    -3.2533    315.686    12.5498 -9.990e-29
     74.698     3.9060 182.487574     0.0024 1.0000e-12     0.2778    93.2917 1.1722e-01 8.2112e+02  0.0529742     3.9014 183.718158     2.4054     76.171    -3.3570    315.647    12.5500 -9.990e-29
     74.697     3.9062 182.475636     0.0293 1.0000e-12     0.2766    93.3178 1.2088e-01 8.2112e+02  0.0529742     3.9017 183.627182     2.4054     76.170    -3.1825    315.624    12.5504 -9.990e-29
     74.696     3.9062 182.499513     0.0244 1.0000e-12     0.2766    93.3178 1.1355e-01 8.2112e+02  0.0529742     3.9022 183.536202     2.4042     76.169    -3.2002    315.665    12.5427 -9.990e-29
     74.695     3.9066 182.547270     0.0061 1.0000e-12     0.2755    93.3439 1.0989e-01 8.2112e+02  0.0529742     3.9028 183.657507     2.4042     76.168    -3.3248    315.743    12.5430 -9.990e-29
     74.692     3.9068 182.499513     0.0134 1.0000e-12     0.2755    93.3439 1.0623e-01 8.2112e+02  0.0533900     3.9030 183.718158     2.4042     76.165    -3.2861    315.659    12.5435 -9.990e-29
     74.689     3.9068 182.475635     0.0317 1.0000e-12     0.2766    93.3178 1.0623e-01 8.2112e+02  0.0533900     3.9033 183.718157     2.4042     76.162    -3.1609    315.617    12.5441 -9.990e-29
     74.686     3.9070 182.547269     0.0122 1.0000e-12     0.2766    93.3178 1.0256e-01 8.2112e+02  0.0533900     3.9031 183.718158     2.4042     76.159    -3.2820    315.739    12.5448 -9.990e-29
     74.683     3.9073 182.535329     0.0037 1.0000e-12     0.2755    93.3439 1.0623e-01 8.2112e+02  0.0533900     3.9033 183.627179     2.4042     76.155    -3.3520    315.715    12.5455 -9.990e-29
     74.680     3.9074 182.439819     0.0330 1.0000e-12     0.2755    93.3439 1.0989e-01 8.2112e+02  0.0529742     3.9026 183.596855     2.4042     76.152    -3.1584    315.549    12.5452 -9.990e-29
     74.676     3.9076 182.439817     0.0208 1.0000e-12     0.2755    93.3439 1.0623e-01 8.2112e+02  0.0529742     3.9025 183.627179     2.4042     76.148    -3.2251    315.547    12.5447 -9.990e-29
     74.672     3.9076 182.451757     0.0049 1.0000e-12     0.2766    93.3178 1.0256e-01 8.2112e+02  0.0529742     3.9020 183.566529     2.4042     76.144    -3.3376    315.567    12.5432 -9.990e-29
     74.668     3.9073 182.511451     0.0208 1.0000e-12     0.2755    93.3439 1.2088e-01 8.2112e+02  0.0533900     3.9025 183.596853     2.4042     76.140    -3.2371    315.674    12.5441 -9.990e-29
     74.665     3.9073 182.487574     0.0293 1.0000e-12     0.2755    93.3439 1.2454e-01 8.2112e+02  0.0538058     3.9026 183.536203     2.4042     76.137    -3.1748    315.632    12.5452 -9.990e-29
     74.661     3.9078 182.499512     0.0098 1.0000e-12     0.2755    93.3439 1.1722e-01 8.2112e+02  0.0538058     3.9023 183.596854     2.4042     76.133    -3.2995    315.648    12.5451 -9.990e-29
     74.654     3.9079 182.475634     0.0061 1.0000e-12     0.2755    93.3439 1.3187e-01 8.2112e+02  0.0529742     3.9023 183.566529     2.4042     76.126    -3.3359    315.605    12.5464 0.0000e+00
     74.645     3.9080 182.511451     0.0342 1.0000e-12     0.2755    93.3439 1.7949e-01 8.2112e+02  0.0529742     3.9025 183.566529     2.4042     76.117    -3.1504    315.666    12.5463 0.0000e+00
     74.633     3.9085 182.511450     0.0171 1.0000e-12     0.2755    93.3439 2.0879e-01 8.2112e+02  0.0533900     3.9020 183.657505     2.4042     76.104    -3.2514    315.661    12.5452 0.0000e+00
     74.619     3.9087 182.511450     0.0037 1.0000e-12     0.2755    93.3439 1.8681e-01 8.2112e+02  0.0538058     3.9025 183.627179     2.4042     76.090    -3.3499    315.658    12.5438 0.0000e+00
     74.604     3.9082 182.511450     0.0269 1.0000e-12     0.2755    93.3439 1.5385e-01 8.2112e+02  0.0533900     3.9022 183.566528     2.4042     76.075    -3.1985    315.664    12.5441 0.0000e+00
     74.588     3.9087 182.487571     0.0256 1.0000e-12     0.2755    93.3439 1.3187e-01 8.2112e+02  0.0533900     3.9028 183.596852     2.4042     76.059    -3.1977    315.617    12.5428 0.0000e+00
     74.571     3.9089 182.499510     0.0073 1.0000e-12     0.2766    93.3178 1.2088e-01 8.2112e+02  0.0533900     3.9020 183.505876     2.4042     76.041    -3.3179    315.636    12.5421 0.0000e+00
     74.555     3.9089 182.511448     0.0122 1.0000e-12     0.2755    93.3439 1.1722e-01 8.2112e+02  0.0538058     3.9026 183.536200     2.4042     76.025    -3.2926    315.656    12.5409 0.0000e+00
     74.542     3.9090 182.523387     0.0330 1.0000e-12     0.2755    93.3439 1.0989e-01 8.1915e+02  0.0542215     3.9026 183.566526     2.4029     76.012    -3.1550    315.676    12.5314 0.0000e+00
     74.529     3.9090 182.451753     0.0134 1.0000e-12     0.2755    93.3439 1.0623e-01 8.1915e+02  0.0538058     3.9042 183.536199     2.4042     75.998    -3.2745    315.552    12.5387 0.0000e+00
     74.519     3.9092 182.499507     0.0024 1.0000e-12     0.2744    93.3701 1.0256e-01 8.1915e+02  0.0533900     3.9054 183.596849     2.4042     75.988    -3.3597    315.632    12.5388 0.0000e+00
     74.511     3.9091 182.487570     0.0317 1.0000e-12     0.2755    93.3439 1.0623e-01 8.1915e+02  0.0529742     3.9060 183.687827     2.4042     75.980    -3.1674    315.613    12.5407 0.0000e+00
     74.504     3.9094 182.475630     0.0220 1.0000e-12     0.2755    93.3439 1.0623e-01 8.1915e+02  0.0525585     3.9065 183.627174     2.4042     75.973    -3.2203    315.589    12.5426 0.0000e+00
     74.497     3.9096 182.439813     0.0049 1.0000e-12     0.2744    93.3701 1.0256e-01 8.1915e+02  0.0533900     3.9074 183.687826     2.4042     75.966    -3.3383    315.525    12.5418 0.0000e+00
     74.492     3.9098 182.487567     0.0195 1.0000e-12     0.2755    93.3439 1.0623e-01 8.1915e+02  0.0533900     3.9079 183.627172     2.4042     75.961    -3.2450    315.605    12.5425 -9.990e-29
     74.491     3.9098 182.511446     0.0293 1.0000e-12     0.2755    93.3439 1.1355e-01 8.1915e+02  0.0533900     3.9085 183.596847     2.4042     75.960    -3.1779    315.646    12.5418 -9.990e-29
     74.494     3.9096 182.523386     0.0098 1.0000e-12     0.2755    93.3439 1.1722e-01 8.1915e+02  0.0533900     3.9093 183.627172     2.4042     75.963    -3.3015    315.669    12.5412 -9.990e-29
     74.497     3.9096 182.475630     0.0061 1.0000e-12     0.2755    93.3439 1.0989e-01 8.1915e+02  0.0529742     3.9092 183.627173     2.4042     75.966    -3.3357    315.587    12.5408 -9.990e-29
     74.499     3.9100 182.535326     0.0342 1.0000e-12     0.2755    93.3439 1.0989e-01 8.1915e+02  0.0529742     3.9092 183.627174     2.4029     75.968    -3.1514    315.686    12.5319 -9.990e-29
     74.497     3.9098 182.499508     0.0183 1.0000e-12     0.2744    93.3701 1.0256e-01 8.1915e+02  0.0533900     3.9098 183.536196     2.4029     75.966    -3.2447    315.626    12.5315 -9.990e-29
     74.494     3.9102 182.475628     0.0037 1.0000e-12     0.2755    93.3439 9.8901e-02 8.1915e+02  0.0529742     3.9093 183.657497     2.4029     75.963    -3.3511    315.580    12.5315 -9.990e-29
     74.493     3.9101 182.547265     0.0269 1.0000e-12     0.2744    93.3701 9.8901e-02 8.2112e+02  0.0529742     3.9090 183.869782     2.4042     75.962    -3.1985    315.705    12.5401 -9.990e-29
     74.489     3.9098 182.499508     0.0256 1.0000e-12     0.2744    93.3701 9.8901e-02 8.2112e+02  0.0533900     3.9087 183.748477     2.4042     75.958    -3.2013    315.626    12.5401 -9.990e-29
     74.483     3.9101 182.499507     0.0073 1.0000e-12     0.2744    93.3701 1.0256e-01 8.2112e+02  0.0533900     3.9088 183.627172     2.4029     75.952    -3.3214    315.623    12.5315 0.0000e+00
     74.478     3.9101 182.511446     0.0110 1.0000e-12     0.2744    93.3701 1.0623e-01 8.2112e+02  0.0533900     3.9090 183.536195     2.4042     75.946    -3.3014    315.643    12.5401 -9.990e-29
     74.474     3.9101 182.463690     0.0330 1.0000e-12     0.2744    93.3701 1.0989e-01 8.2112e+02  0.0533900     3.9085 183.536195     2.4029     75.942    -3.1582    315.561    12.5317 -9.990e-29
     74.470     3.9103 182.475629     0.0134 1.0000e-12     0.2755    93.3439 1.0989e-01 8.2112e+02  0.0533900     3.9092 183.475543     2.4029     75.938    -3.2777    315.579    12.5317 -9.990e-29
     74.467     3.9100 182.559201     0.0037 1.0000e-12     0.2766    93.3178 1.0256e-01 8.2112e+02  0.0533900     3.9095 183.687823     2.4029     75.935    -3.3510    315.727    12.5318 -9.990e-29
     74.468     3.9102 182.547263     0.0317 1.0000e-12     0.2778    93.2917 9.8901e-02 8.2112e+02  0.0533900     3.9091 183.596847     2.4029     75.936    -3.1660    315.704    12.5322 -9.990e-29
     74.468     3.9101 182.463691     0.0220 1.0000e-12     0.2766    93.3178 9.8901e-02 8.2112e+02  0.0533900     3.9092 183.566521     2.4029     75.936    -3.2212    315.561    12.5325 -9.990e-29
     74.468     3.9100 182.499506     0.0061 1.0000e-12     0.2778    93.2917 1.0256e-01 8.2112e+02  0.0558845     3.9090 183.566520     2.4029     75.936    -3.3303    315.624    12.5330 -9.990e-29
     74.469     3.9101 182.523385     0.0195 1.0000e-12     0.2778    93.2917 1.0256e-01 8.2112e+02  0.0550530     3.9095 183.596846     2.4029     75.937    -3.2426    315.664    12.5333 -9.990e-29
     74.471     3.9103 182.535325     0.0293 1.0000e-12     0.2766    93.3178 1.0256e-01 8.2112e+02  0.0550530     3.9093 183.566522     2.4029     75.939    -3.1779    315.682    12.5339 -9.990e-29
     74.472     3.9100 182.487568     0.0098 1.0000e-12     0.2778    93.2917 1.0256e-01 8.2112e+02  0.0554688     3.9092 183.596847     2.4029     75.940    -3.3002    315.603    12.5330 -9.990e-29
     74.470     3.9103 182.499508     0.0049 1.0000e-12     0.2766    93.3178 1.1722e-01 8.2112e+02  0.0554688     3.9097 183.687824     2.4029     75.938    -3.3387    315.620    12.5334 -9.990e-29
     74.468     3.9103 182.487567     0.0342 1.0000e-12     0.2766    93.3178 1.1722e-01 8.2112e+02  0.0554688     3.9095 183.627171     2.4042     75.936    -3.1492    315.600    12.5428 -9.990e-29
     74.468     3.9103 182.523385     0.0171 1.0000e-12     0.2778    93.2917 1.1355e-01 8.2112e+02  0.0550530     3.9093 183.596846     2.4042     75.936    -3.2527    315.662    12.5436 -9.990e-29
     74.469     3.9105 182.487568     0.0037 1.0000e-12     0.2778    93.2917 1.0989e-01 8.2112e+02  0.0554688     3.9094 183.566520     2.4029     75.937    -3.3489    315.598    12.5356 -9.990e-29
     74.470     3.9105 182.499507     0.0269 1.0000e-12     0.2778    93.2917 1.0989e-01 8.2112e+02  0.0554688     3.9092 183.596847     2.4042     75.938    -3.1951    315.618    12.5452 -9.990e-29
