data/05_metadata_exports/SeabirdData/202310_SeabirdData/88708_STN39.cnv
* Sea-Bird SBE 9 Data File:
* FileName = C:\Users\rosette\Rosette Data\2023\Ontario lower food web csmi\STN39.hex
* Software Version Seasave V 7.26.6.26
* Temperature SN = 5270
* Conductivity SN = 1168
* Number of Bytes Per Scan = 40
* Number of Voltage Words = 5
* Number of Scans Averaged by the Deck Unit = 1
* NMEA Latitude = 43 29.14 N
* NMEA Longitude = 077 59.95 W
* NMEA UTC (Time) = Sep 26 2023  13:21:59
* NMEA baud rate = 4800
** Ship: Lake Guardian
** Cruise: Ontario LFW
** Station:  STN39
# nquan = 18                                
# nvalues = 19703                       
# units = specified
# name 0 = prDM: Pressure, Digiquartz [db]
# name 1 = t090C: Temperature [ITS-90, deg C]
# name 2 = c0uS/cm: Conductivity [uS/cm]
# name 3 = sbeox0V: Oxygen raw, SBE 43 [V]
# name 4 = par: PAR/Irradiance, Biospherical/Licor
# name 5 = bat: Beam Attenuation, Chelsea/Seatech [1/m]
# name 6 = xmiss: Beam Transmission, Chelsea/Seatech [%]
# name 7 = flSP: Fluorescence, Seapoint
# name 8 = spar: SPAR, Biospherical/Licor
# name 9 = upoly0: Upoly 0, Suna Nitrate
# name 10 = t190C: Temperature, 2 [ITS-90, deg C]
# name 11 = c1uS/cm: Conductivity, 2 [uS/cm]
# name 12 = sbeox1V: Oxygen raw, SBE 43, 2 [V]
# name 13 = depFM: Depth [fresh water, m], lat = 43.4857
# name 14 = sbeox0Mg/L: Oxygen, SBE 43 [mg/l], WS = 2
# name 15 = specc: Specific Conductance [uS/cm]
# name 16 = sbeox1Mg/L: Oxygen, SBE 43, 2 [mg/l], WS = 2
# name 17 = flag: flag
# span 0 =      0.007,    148.921       
# span 1 =     3.8596,    12.7925       
# span 2 =   5.051901, 233.921640       
# span 3 =     0.0012,     0.0354       
# span 4 = 1.0000e-12, 1.1564e+03       
# span 5 =     0.2409,     3.2538       
# span 6 =    44.3325,    94.1543       
# span 7 = 8.0586e-02, 1.4432e+00       
# span 8 = 6.2027e+02, 9.1957e+02       
# span 9 =  0.0413330,  0.0625367       
# span 10 =     3.8599,    13.0010      
# span 11 =   8.007732, 235.812241      
# span 12 =     1.8510,     2.7350      
# span 13 =      0.007,    151.857      
# span 14 =    -3.3982,    -2.4703      
# span 15 =      6.701,    318.451      
# span 16 =     6.9590,    12.6196      
# span 17 = 0.0000e+00, 0.0000e+00      
# interval = seconds: 0.0416667
# start_time = Sep 26 2023 13:21:59 [NMEA time, header]
# bad_flag = -9.990e-29
*END*
[from data line 4181]
      2.022    12.7820 233.801546     0.0256 3.3557e+02     0.6424    85.1623 4.1026e-01 6.6950e+02  0.0533900    12.7756 235.052281     2.4225      2.062    -2.5144    309.384     9.9874 -9.990e-29
      2.018    12.7821 233.765518     0.0147 3.4032e+02     0.6412    85.1884 4.2125e-01 6.6950e+02  0.0538058    12.7749 234.991487     2.4225      2.058    -2.5767    309.335     9.9875 -9.990e-29
      2.015    12.7823 233.837574     0.0342 3.4417e+02     0.6424    85.1623 4.5055e-01 6.6950e+02  0.0538058    12.7754 235.021884     2.4225      2.055    -2.4736    309.429     9.9874 -9.990e-29
      2.012    12.7824 233.801546     0.0147 3.6001e+02     0.6412    85.1884 4.7253e-01 6.6950e+02  0.0533900    12.7763 234.991486     2.4225      2.052    -2.5721    309.380     9.9871 -9.990e-29
      2.010    12.7826 233.801546     0.0293 3.6511e+02     0.6424    85.1623 4.7253e-01 6.6950e+02  0.0533900    12.7761 235.082679     2.4225      2.050    -2.5026    309.379     9.9872 -9.990e-29
      2.007    12.7828 233.813555     0.0256 3.6717e+02     0.6424    85.1623 4.6886e-01 6.6950e+02  0.0533900    12.7763 235.173871     2.4225      2.047    -2.5140    309.393     9.9871 -9.990e-29
      2.003    12.7829 233.765518     0.0159 3.7552e+02     0.6424    85.1623 4.6154e-01 6.6950e+02  0.0533900    12.7771 235.113076     2.4225      2.042    -2.5701    309.328     9.9869 -9.990e-29
      2.000    12.7829 233.789535     0.0330 3.7870e+02     0.6412    85.1884 4.5421e-01 6.6950e+02  0.0533900    12.7774 235.113074     2.4225      2.039    -2.4787    309.360     9.9868 -9.990e-29
      1.998    12.7829 233.813555     0.0147 3.7658e+02     0.6400    85.2146 4.5421e-01 6.6950e+02  0.0533900    12.7771 235.173870     2.4225      2.037    -2.5722    309.392     9.9868 -9.990e-29
      1.996    12.7831 233.849583     0.0305 3.4708e+02     0.6388    85.2407 4.5055e-01 6.6950e+02  0.0538058    12.7783 235.113074     2.4225      2.035    -2.4959    309.438     9.9865 -9.990e-29
      1.994    12.7831 233.825563     0.0244 3.3275e+02     0.6400    85.2146 4.4322e-01 6.6950e+02  0.0533900    12.7791 235.113072     2.4225      2.033    -2.5202    309.406     9.9863 -9.990e-29
      1.993    12.7834 233.777526     0.0171 3.3181e+02     0.6400    85.2146 4.3956e-01 6.6950e+02  0.0533900    12.7798 235.052278     2.4225      2.032    -2.5640    309.340     9.9861 -9.990e-29
      1.993    12.7833 233.753508     0.0330 3.1543e+02     0.6388    85.2407 4.2857e-01 6.6950e+02  0.0542215    12.7805 235.143470     2.4225      2.032    -2.4781    309.309     9.9859 -9.990e-29
      1.991    12.7836 233.789535     0.0134 3.0496e+02     0.6400    85.2146 4.2125e-01 6.6950e+02  0.0554688    12.7803 235.113072     2.4225      2.030    -2.5788    309.355     9.9859 -9.990e-29
      1.990    12.7837 233.789536     0.0305 3.0411e+02     0.6388    85.2407 4.2125e-01 6.6950e+02  0.0554688    12.7801 235.052278     2.4225      2.029    -2.4952    309.354     9.9859 -9.990e-29
      1.989    12.7836 233.801544     0.0232 3.0071e+02     0.6400    85.2146 4.1758e-01 6.6950e+02  0.0558845    12.7801 235.143469     2.4225      2.028    -2.5256    309.370     9.9859 -9.990e-29
      1.988    12.7840 233.813554     0.0171 2.9734e+02     0.6400    85.2146 4.2491e-01 6.6950e+02  0.0554688    12.7806 235.082675     2.4225      2.027    -2.5639    309.383     9.9857 -9.990e-29
      1.987    12.7839 233.777526     0.0330 2.9734e+02     0.6388    85.2407 4.3223e-01 6.7147e+02  0.0550530    12.7805 235.082675     2.4237      2.026    -2.4774    309.336     9.9920 -9.990e-29
      1.985    12.7840 233.825562     0.0134 2.8828e+02     0.6400    85.2146 4.3223e-01 6.6950e+02  0.0550530    12.7801 235.173867     2.4225      2.024    -2.5787    309.399     9.9858 -9.990e-29
      1.984    12.7840 233.777526     0.0317 2.7715e+02     0.6388    85.2407 4.5788e-01 6.7147e+02  0.0550530    12.7801 235.021881     2.4225      2.023    -2.4878    309.335     9.9858 -9.990e-29
      1.983    12.7844 233.825562     0.0232 2.7482e+02     0.6400    85.2146 5.1282e-01 6.7147e+02  0.0550530    12.7806 235.082674     2.4225      2.022    -2.5250    309.396     9.9856 -9.990e-29
      1.982    12.7844 233.789534     0.0183 2.8747e+02     0.6400    85.2146 5.0549e-01 6.6950e+02  0.0554688    12.7810 235.113071     2.4225      2.021    -2.5577    309.348     9.9855 -9.990e-29
      1.982    12.7841 233.777526     0.0317 3.0841e+02     0.6388    85.2407 4.6886e-01 6.7147e+02  0.0554688    12.7810 235.052277     2.4225      2.021    -2.4841    309.335     9.9855 -9.990e-29
      1.983    12.7844 233.825562     0.0122 3.1455e+02     0.6388    85.2407 4.4689e-01 6.6950e+02  0.0558845    12.7803 235.052276     2.4225      2.022    -2.5861    309.396     9.9856 -9.990e-29
      1.983    12.7844 233.777526     0.0317 3.2080e+02     0.6400    85.2146 4.3223e-01 6.7147e+02  0.0554688    12.7795 234.961086     2.4225      2.022    -2.4890    309.332     9.9858 -9.990e-29
      1.984    12.7844 233.837571     0.0220 3.3936e+02     0.6388    85.2407 4.4689e-01 6.6950e+02  0.0554688    12.7791 235.052277     2.4225      2.023    -2.5324    309.412     9.9858 -9.990e-29
      1.986    12.7843 233.873601     0.0195 3.4514e+02     0.6388    85.2407 4.5421e-01 6.6950e+02  0.0558845    12.7789 235.173869     2.4225      2.025    -2.5529    309.460     9.9859 -9.990e-29
      1.987    12.7841 233.777525     0.0317 3.4224e+02     0.6400    85.2146 4.4322e-01 6.7147e+02  0.0558845    12.7785 235.082676     2.4225      2.026    -2.4842    309.335     9.9859 -9.990e-29
      1.988    12.7845 233.861592     0.0122 3.3181e+02     0.6424    85.1623 4.5421e-01 6.7147e+02  0.0554688    12.7781 235.052280     2.4225      2.027    -2.5868    309.443     9.9860 -9.990e-29
      1.989    12.7841 233.921640     0.0330 3.2718e+02     0.6424    85.1623 4.6154e-01 6.7147e+02  0.0550530    12.7778 235.052280     2.4225      2.028    -2.4825    309.525     9.9860 -9.990e-29
      1.988    12.7843 233.885609     0.0208 3.2534e+02     0.6437    85.1362 4.6154e-01 6.7147e+02  0.0558845    12.7786 235.143470     2.4225      2.027    -2.5387    309.476     9.9858 -9.990e-29
      1.990    12.7840 233.765515     0.0208 3.1103e+02     0.6424    85.1623 4.5788e-01 6.7147e+02  0.0542215    12.7779 235.113073     2.4225      2.029    -2.5457    309.319     9.9860 -9.990e-29
      1.993    12.7844 233.741498     0.0305 3.0496e+02     0.6424    85.1623 4.4689e-01 6.7147e+02  0.0538058    12.7781 235.113074     2.4225      2.032    -2.4897    309.284     9.9859 -9.990e-29
      1.997    12.7844 233.789535     0.0122 3.0411e+02     0.6424    85.1623 4.4322e-01 6.7147e+02  0.0533900    12.7783 235.021882     2.4225      2.036    -2.5862    309.348     9.9858 -9.990e-29
      2.000    12.7842 233.813553     0.0330 3.0668e+02     0.6424    85.1623 4.2491e-01 6.7147e+02  0.0525585    12.7786 235.082676     2.4225      2.039    -2.4807    309.381     9.9857 -9.990e-29
      2.003    12.7841 233.789535     0.0208 3.0755e+02     0.6437    85.1362 4.1758e-01 6.7147e+02  0.0529742    12.7788 235.113074     2.4225      2.042    -2.5374    309.350     9.9857 -9.990e-29
      2.007    12.7840 233.777526     0.0220 3.0755e+02     0.6424    85.1623 4.1392e-01 6.7147e+02  0.0538058    12.7786 235.082677     2.4225      2.047    -2.5383    309.335     9.9857 -9.990e-29
      2.011    12.7838 233.801545     0.0293 3.2352e+02     0.6424    85.1623 4.1758e-01 6.7147e+02  0.0538058    12.7788 235.082676     2.4225      2.051    -2.4940    309.369     9.9856 -9.990e-29
      2.015    12.7839 233.837573     0.0122 3.3651e+02     0.6424    85.1623 4.2125e-01 6.7147e+02  0.0533900    12.7789 235.052279     2.4225      2.055    -2.5857    309.416     9.9856 -9.990e-29
      2.019    12.7840 233.813554     0.0342 3.3841e+02     0.6424    85.1623 4.4322e-01 6.7147e+02  0.0542215    12.7795 235.052279     2.4225      2.059    -2.4740    309.383     9.9854 -9.990e-29
      2.023    12.7841 233.813554     0.0195 3.4224e+02     0.6437    85.1362 4.5788e-01 6.7147e+02  0.0546373    12.7789 235.052279     2.4225      2.063    -2.5447    309.382     9.9855 -9.990e-29
      2.028    12.7837 233.837574     0.0232 3.4611e+02     0.6437    85.1362 4.5055e-01 6.7147e+02  0.0533900    12.7796 235.052279     2.4225      2.068    -2.5334    309.417     9.9853 -9.990e-29
      2.034    12.7840 233.801545     0.0293 3.4708e+02     0.6424    85.1623 4.4322e-01 6.7147e+02  0.0533900    12.7788 235.082676     2.4225      2.074    -2.4946    309.367     9.9862 -9.990e-29
      2.041    12.7840 233.777527     0.0134 3.4806e+02     0.6437    85.1362 4.4322e-01 6.7147e+02  0.0542215    12.7796 235.052280     2.4225      2.081    -2.5807    309.335     9.9860 -9.990e-29
      2.047    12.7834 233.777526     0.0342 3.5002e+02     0.6437    85.1362 4.4689e-01 6.7147e+02  0.0542215    12.7791 235.082676     2.4225      2.087    -2.4740    309.340     9.9861 -9.990e-29
      2.055    12.7832 233.777528     0.0171 3.5101e+02     0.6424    85.1623 4.4322e-01 6.7147e+02  0.0533900    12.7798 235.173870     2.4225      2.096    -2.5565    309.342     9.9860 -9.990e-29
      2.062    12.7826 233.801547     0.0244 3.5101e+02     0.6437    85.1362 4.3956e-01 6.7147e+02  0.0533900    12.7795 234.961088     2.4225      2.103    -2.5261    309.379     9.9854 -9.990e-29
      2.070    12.7821 233.741501     0.0281 3.5002e+02     0.6437    85.1362 4.3956e-01 6.7147e+02  0.0538058    12.7789 235.082678     2.4225      2.111    -2.4997    309.303     9.9855 -9.990e-29
      2.077    12.7816 233.789539     0.0134 3.4904e+02     0.6486    85.0316 4.3590e-01 6.7147e+02  0.0538058    12.7788 235.082678     2.4225      2.118    -2.5803    309.371     9.9849 -9.990e-29
      2.084    12.7816 233.813557     0.0342 3.4417e+02     0.6510    84.9793 4.3590e-01 6.7147e+02  0.0538058    12.7793 235.082677     2.4225      2.125    -2.4731    309.403     9.9841 -9.990e-29
      2.091    12.7814 233.813559     0.0171 3.2718e+02     0.6498    85.0055 4.3956e-01 6.7147e+02  0.0538058    12.7785 235.173872     2.4225      2.132    -2.5568    309.404     9.9837 -9.990e-29
      2.098    12.7816 233.837576     0.0256 3.2080e+02     0.6498    85.0055 4.3956e-01 6.7147e+02  0.0546373    12.7788 235.234666     2.4225      2.139    -2.5204    309.434     9.9830 -9.990e-29
      2.106    12.7817 233.849587     0.0269 3.1900e+02     0.6498    85.0055 4.3956e-01 6.7147e+02  0.0542215    12.7788 235.143474     2.4225      2.148    -2.5057    309.450     9.9825 -9.990e-29
      2.113    12.7814 233.777530     0.0134 3.0496e+02     0.6510    84.9793 4.3956e-01 6.7147e+02  0.0533900    12.7785 235.052282     2.4225      2.155    -2.5807    309.357     9.9820 -9.990e-29
      2.120    12.7811 233.789540     0.0342 2.9986e+02     0.6498    85.0055 4.3590e-01 6.7147e+02  0.0529742    12.7778 235.143475     2.4225      2.162    -2.4729    309.375     9.9817 -9.990e-29
      2.127    12.7809 233.777531     0.0171 2.9818e+02     0.6498    85.0055 4.3590e-01 6.7147e+02  0.0533900    12.7774 235.082680     2.4225      2.169    -2.5578    309.361     9.9813 -9.990e-29
      2.134    12.7804 233.777532     0.0269 2.7560e+02     0.6498    85.0055 4.3956e-01 6.7344e+02  0.0538058    12.7773 235.082681     2.4225      2.176    -2.5141    309.365     9.9809 -9.990e-29
      2.142    12.7801 233.741503     0.0269 2.6347e+02     0.6498    85.0055 4.4322e-01 6.7344e+02  0.0538058    12.7774 235.021885     2.4225      2.184    -2.5067    309.320     9.9805 -9.990e-29
      2.149    12.7796 233.765524     0.0147 2.6273e+02     0.6498    85.0055 4.3956e-01 6.7344e+02  0.0538058    12.7778 235.021886     2.4225      2.191    -2.5757    309.356     9.9800 -9.990e-29
      2.156    12.7795 233.777532     0.0342 2.5473e+02     0.6498    85.0055 4.3223e-01 6.7344e+02  0.0538058    12.7774 235.021885     2.4225      2.199    -2.4738    309.372     9.9797 -9.990e-29
      2.164    12.7791 233.801552     0.0159 2.4976e+02     0.6498    85.0055 4.2857e-01 6.7344e+02  0.0538058    12.7781 235.082681     2.4225      2.207    -2.5649    309.407     9.9792 -9.990e-29
      2.171    12.7789 233.789543     0.0281 2.4906e+02     0.6486    85.0316 4.2857e-01 6.7344e+02  0.0538058    12.7778 235.052284     2.4225      2.214    -2.5089    309.393     9.9790 -9.990e-29
      2.178    12.7784 233.825572     0.0256 2.5833e+02     0.6498    85.0055 4.2857e-01 6.7344e+02  0.0538058    12.7781 235.052283     2.4225      2.221    -2.5148    309.445     9.9787 -9.990e-29
      2.184    12.7786 233.849591     0.0147 2.6796e+02     0.6510    84.9793 4.3223e-01 6.7344e+02  0.0538058    12.7785 234.991489     2.4225      2.227    -2.5771    309.475     9.9784 -9.990e-29
      2.189    12.7787 233.777534     0.0330 2.6947e+02     0.6498    85.0055 4.3223e-01 6.7344e+02  0.0538058    12.7786 235.082680     2.4225      2.232    -2.4802    309.379     9.9781 -9.990e-29
      2.195    12.7787 233.777534     0.0147 2.7637e+02     0.6498    85.0055 4.3223e-01 6.7344e+02  0.0533900    12.7788 235.173873     2.4225      2.238    -2.5725    309.379     9.9779 -9.990e-29
      2.200    12.7787 233.777535     0.0293 2.8586e+02     0.6510    84.9793 4.3956e-01 6.7344e+02  0.0538058    12.7789 235.113079     2.4225      2.243    -2.5035    309.379     9.9771 -9.990e-29
      2.205    12.7791 233.801552     0.0244 2.8828e+02     0.6498    85.0055 4.5055e-01 6.7344e+02  0.0542215    12.7768 235.113079     2.4225      2.248    -2.5210    309.407     9.9768 -9.990e-29
      2.210    12.7791 233.777534     0.0159 2.8910e+02     0.6486    85.0316 4.6520e-01 6.7344e+02  0.0538058    12.7741 235.021889     2.4225      2.254    -2.5710    309.375     9.9774 -9.990e-29
      2.217    12.7787 233.753516     0.0342 2.9155e+02     0.6474    85.0577 4.6154e-01 6.7344e+02  0.0538058    12.7717 235.021892     2.4225      2.261    -2.4728    309.347     9.9780 -9.990e-29
      2.223    12.7789 233.789545     0.0147 2.9237e+02     0.6474    85.0577 4.7619e-01 6.7344e+02  0.0538058    12.7700 235.052291     2.4212      2.267    -2.5724    309.393     9.9710 -9.990e-29
      2.227    12.7786 233.777535     0.0305 2.9319e+02     0.6474    85.0577 4.8352e-01 6.7344e+02  0.0533900    12.7691 235.143484     2.4225      2.271    -2.4967    309.380     9.9781 -9.990e-29
      2.230    12.7782 233.753517     0.0244 2.9567e+02     0.6474    85.0577 4.6520e-01 6.7344e+02  0.0533900    12.7666 235.082691     2.4212      2.274    -2.5204    309.351     9.9713 -9.990e-29
      2.232    12.7780 233.753517     0.0171 2.9567e+02     0.6474    85.0577 4.3956e-01 6.7344e+02  0.0550530    12.7652 235.052294     2.4212      2.276    -2.5649    309.353     9.9718 -9.990e-29
      2.234    12.7774 233.789545     0.0330 2.9818e+02     0.6474    85.0577 4.3223e-01 6.7344e+02  0.0554688    12.7633 235.082693     2.4212      2.278    -2.4790    309.405     9.9724 -9.990e-29
      2.235    12.7768 233.813565     0.0134 3.1015e+02     0.6474    85.0577 4.4322e-01 6.7344e+02  0.0554688    12.7622 235.173887     2.4212      2.279    -2.5798    309.442     9.9729 -9.990e-29
      2.237    12.7764 233.765527     0.0317 3.1543e+02     0.6474    85.0577 4.6154e-01 6.7344e+02  0.0550530    12.7615 235.082695     2.4212      2.281    -2.4907    309.382     9.9727 -9.990e-29
      2.239    12.7767 233.753518     0.0232 3.1721e+02     0.6474    85.0577 4.6886e-01 6.7344e+02  0.0554688    12.7633 235.052296     2.4212      2.283    -2.5273    309.363     9.9719 -9.990e-29
      2.240    12.7769 233.777537     0.0171 3.4032e+02     0.6486    85.0316 4.6520e-01 6.7344e+02  0.0558845    12.7651 235.052295     2.4212      2.284    -2.5662    309.394     9.9719 -9.990e-29
      2.241    12.7771 233.753517     0.0317 3.5200e+02     0.6474    85.0577 4.6886e-01 6.7344e+02  0.0558845    12.7659 235.052294     2.4212      2.285    -2.4858    309.360     9.9721 -9.990e-29
