data/05_metadata_exports/SeabirdData/202310_SeabirdData/88708_STN39.cnv
* Sea-Bird SBE 9 Data File:
* FileName = C:\Users\rosette\Rosette Data\2023\Ontario lower food web csmi\STN39.hex
* Software Version Seasave V 7.26.6.26
* Temperature SN = 5270
* Conductivity SN = 1168
* Number of Bytes Per Scan = 40
* Number of Voltage Words = 5
* Number of Scans Averaged by the Deck Unit = 1
* NMEA Latitude = 43 29.14 N
* NMEA Longitude = 077 59.95 W
* NMEA UTC (Time) = Sep 26 2023  13:21:59
* NMEA baud rate = 4800
** Ship: Lake Guardian
** Cruise: Ontario LFW
** Station:  STN39
# nquan = 18                                
# nvalues = 19703                       
# units = specified
# name 0 = prDM: Pressure, Digiquartz [db]
# name 1 = t090C: Temperature [ITS-90, deg C]
# name 2 = c0uS/cm: Conductivity [uS/cm]
# name 3 = sbeox0V: Oxygen raw, SBE 43 [V]
# name 4 = par: PAR/Irradiance, Biospherical/Licor
# name 5 = bat: Beam Attenuation, Chelsea/Seatech [1/m]
# name 6 = xmiss: Beam Transmission, Chelsea/Seatech [%]
# name 7 = flSP: Fluorescence, Seapoint
# name 8 = spar: SPAR, Biospherical/Licor
# name 9 = upoly0: Upoly 0, Suna Nitrate
# name 10 = t190C: Temperature, 2 [ITS-90, deg C]
# name 11 = c1uS/cm: Conductivity, 2 [uS/cm]
# name 12 = sbeox1V: Oxygen raw, SBE 43, 2 [V]
# name 13 = depFM: Depth [fresh water, m], lat = 43.4857
# name 14 = sbeox0Mg/L: Oxygen, SBE 43 [mg/l], WS = 2
# name 15 = specc: Specific Conductance [uS/cm]
# name 16 = sbeox1Mg/L: Oxygen, SBE 43, 2 [mg/l], WS = 2
# name 17 = flag: flag
# span 0 =      0.007,    148.921       
# span 1 =     3.8596,    12.7925       
# span 2 =   5.051901, 233.921640       
# span 3 =     0.0012,     0.0354       
# span 4 = 1.0000e-12, 1.1564e+03       
# span 5 =     0.2409,     3.2538       
# span 6 =    44.3325,    94.1543       
# span 7 = 8.0586e-02, 1.4432e+00       
# span 8 = 6.2027e+02, 9.1957e+02       
# span 9 =  0.0413330,  0.0625367       
# span 10 =     3.8599,    13.0010      
# span 11 =   8.007732, 235.812241      
# span 12 =     1.8510,     2.7350      
# span 13 =      0.007,    151.857      
# span 14 =    -3.3982,    -2.4703      
# span 15 =      6.701,    318.451      
# span 16 =     6.9590,    12.6196      
# span 17 = 0.0000e+00, 0.0000e+00      
# interval = seconds: 0.0416667
# start_time = Sep 26 2023 13:21:59 [NMEA time, header]
# bad_flag = -9.990e-29
*END*
[from data line 9006]
    111.666     3.8808 183.037448     0.0110 1.0000e-12     0.2654    93.5792 1.1355e-01 7.4235e+02  0.0533900     3.8802 184.204044     2.3077    113.868    -3.3426    316.874    11.9575 0.0000e+00
    111.687     3.8808 183.085207     0.0061 1.0000e-12     0.2654    93.5792 1.0623e-01 7.4235e+02  0.0538058     3.8796 184.204044     2.3077    113.889    -3.3503    316.957    11.9581 0.0000e+00
    111.709     3.8802 183.073269     0.0342 1.0000e-12     0.2654    93.5792 9.8901e-02 7.4235e+02  0.0533900     3.8798 184.234372     2.3065    113.911    -3.1586    316.943    11.9492 0.0000e+00
    111.729     3.8802 183.049389     0.0171 1.0000e-12     0.2654    93.5792 9.5238e-02 7.4235e+02  0.0529742     3.8792 184.264699     2.3077    113.932    -3.2954    316.901    11.9568 0.0000e+00
    111.750     3.8797 183.049390     0.0024 1.0000e-12     0.2654    93.5792 9.5238e-02 7.4235e+02  0.0529742     3.8790 184.295026     2.3077    113.953    -3.3828    316.907    11.9564 0.0000e+00
    111.772     3.8795 183.049391     0.0281 1.0000e-12     0.2654    93.5792 9.5238e-02 7.4235e+02  0.0529742     3.8790 184.204047     2.3077    113.976    -3.1959    316.909    11.9562 0.0000e+00
    111.794     3.8793 183.085211     0.0244 1.0000e-12     0.2654    93.5792 9.5238e-02 7.4235e+02  0.0533900     3.8792 184.204047     2.3065    113.998    -3.2400    316.973    11.9466 0.0000e+00
    111.815     3.8789 183.097150     0.0061 1.0000e-12     0.2643    93.6053 9.5238e-02 7.4235e+02  0.0533900     3.8790 184.234373     2.3065    114.020    -3.3676    316.998    11.9466 0.0000e+00
    111.836     3.8789 183.109091     0.0147 1.0000e-12     0.2643    93.6053 9.5238e-02 7.4235e+02  0.0538058     3.8792 184.264701     2.3077    114.041    -3.2842    317.019    11.9547 0.0000e+00
    111.857     3.8789 183.061333     0.0317 1.0000e-12     0.2643    93.6053 9.5238e-02 7.4235e+02  0.0563003     3.8793 184.234375     2.3077    114.062    -3.1842    316.936    11.9550 0.0000e+00
    111.878     3.8788 183.061332     0.0110 1.0000e-12     0.2643    93.6053 9.1575e-02 7.4235e+02  0.0558845     3.8799 184.143394     2.3065    114.084    -3.3383    316.937    11.9459 0.0000e+00
    111.898     3.8786 183.061333     0.0061 1.0000e-12     0.2666    93.5530 9.1575e-02 7.4235e+02  0.0554688     3.8790 184.295029     2.3065    114.104    -3.3446    316.940    11.9468 0.0000e+00
    111.919     3.8784 183.109094     0.0342 1.0000e-12     0.2688    93.5008 9.1575e-02 7.4235e+02  0.0554688     3.8790 184.264703     2.3077    114.126    -3.1622    317.024    11.9542 0.0000e+00
    111.940     3.8782 183.061333     0.0183 1.0000e-12     0.2688    93.5008 9.5238e-02 7.4235e+02  0.0558845     3.8790 184.386009     2.3077    114.147    -3.2909    316.944    11.9536 0.0000e+00
    111.961     3.8780 183.049396     0.0037 1.0000e-12     0.2688    93.5008 9.5238e-02 7.4235e+02  0.0558845     3.8788 184.264704     2.3053    114.168    -3.3679    316.926    11.9373 0.0000e+00
    111.983     3.8780 183.049395     0.0269 1.0000e-12     0.2688    93.5008 9.5238e-02 7.4235e+02  0.0554688     3.8787 184.264703     2.3065    114.191    -3.2068    316.926    11.9436 0.0000e+00
    112.004     3.8777 183.097155     0.0256 1.0000e-12     0.2688    93.5008 9.5238e-02 7.4235e+02  0.0554688     3.8782 184.204051     2.3065    114.212    -3.2363    317.011    11.9423 0.0000e+00
    112.026     3.8772 183.013577     0.0073 1.0000e-12     0.2688    93.5008 9.5238e-02 7.4235e+02  0.0554688     3.8779 184.204051     2.3077    114.235    -3.3496    316.872    11.9490 0.0000e+00
    112.047     3.8770 183.073277     0.0147 1.0000e-12     0.2688    93.5008 9.8901e-02 7.4235e+02  0.0558845     3.8776 184.234379     2.3065    114.256    -3.2823    316.978    11.9399 0.0000e+00
    112.069     3.8766 183.037457     0.0317 1.0000e-12     0.2688    93.5008 9.8901e-02 7.4235e+02  0.0554688     3.8771 184.325359     2.3065    114.279    -3.1870    316.920    11.9390 0.0000e+00
    112.091     3.8766 183.001639     0.0122 1.0000e-12     0.2688    93.5008 1.0256e-01 7.4235e+02  0.0554688     3.8763 184.264708     2.3065    114.301    -3.3201    316.858    11.9384 0.0000e+00
    112.111     3.8762 182.989700     0.0049 1.0000e-12     0.2688    93.5008 9.8901e-02 7.4235e+02  0.0554688     3.8768 184.234381     2.3065    114.321    -3.3454    316.842    11.9376 0.0000e+00
    112.132     3.8761 183.097157     0.0330 1.0000e-12     0.2688    93.5008 9.8901e-02 7.4235e+02  0.0554688     3.8763 184.173726     2.3065    114.343    -3.1702    317.029    11.9372 0.0000e+00
    112.153     3.8759 183.085219     0.0183 1.0000e-12     0.2688    93.5008 9.5238e-02 7.4235e+02  0.0558845     3.8766 184.204055     2.3065    114.364    -3.2801    317.011    11.9381 0.0000e+00
    112.175     3.8761 183.037460     0.0037 1.0000e-12     0.2688    93.5008 9.8901e-02 7.4235e+02  0.0558845     3.8766 184.234382     2.3065    114.387    -3.3556    316.926    11.9379 0.0000e+00
    112.196     3.8761 183.061339     0.0281 1.0000e-12     0.2688    93.5008 9.8901e-02 7.4235e+02  0.0554688     3.8771 184.325361     2.3065    114.408    -3.1947    316.967    11.9378 0.0000e+00
    112.218     3.8761 183.073281     0.0244 1.0000e-12     0.2688    93.5008 1.0256e-01 7.4235e+02  0.0550530     3.8769 184.204056     2.3053    114.430    -3.2410    316.988    11.9287 0.0000e+00
    112.240     3.8761 183.025521     0.0061 1.0000e-12     0.2688    93.5008 1.0256e-01 7.4235e+02  0.0558845     3.8768 184.173729     2.3053    114.453    -3.3468    316.905    11.9278 0.0000e+00
    112.261     3.8762 183.085220     0.0171 1.0000e-12     0.2677    93.5269 9.8901e-02 7.4235e+02  0.0558845     3.8768 184.143403     2.3053    114.474    -3.2629    317.007    11.9284 0.0000e+00
    112.283     3.8759 183.049401     0.0305 1.0000e-12     0.2677    93.5269 9.8901e-02 7.4235e+02  0.0558845     3.8766 184.143403     2.3053    114.497    -3.1960    316.949    11.9278 0.0000e+00
    112.305     3.8761 183.085222     0.0098 1.0000e-12     0.2677    93.5269 9.5238e-02 7.4235e+02  0.0550530     3.8766 184.204058     2.3053    114.519    -3.3320    317.008    11.9274 0.0000e+00
    112.328     3.8761 183.037461     0.0073 1.0000e-12     0.2699    93.4746 9.5238e-02 7.4235e+02  0.0554688     3.8769 184.325363     2.3053    114.543    -3.3259    316.926    11.9258 0.0000e+00
    112.351     3.8756 183.049404     0.0342 1.0000e-12     0.2699    93.4746 9.5238e-02 7.4235e+02  0.0554688     3.8768 184.234386     2.3053    114.566    -3.1621    316.952    11.9258 0.0000e+00
    112.373     3.8759 183.037463     0.0159 1.0000e-12     0.2699    93.4746 9.5238e-02 7.4038e+02  0.0554688     3.8760 184.204058     2.3053    114.589    -3.2992    316.928    11.9262 0.0000e+00
    112.394     3.8757 183.109102     0.0037 1.0000e-12     0.2699    93.4746 9.5238e-02 7.4038e+02  0.0554688     3.8761 184.234385     2.3053    114.610    -3.3533    317.054    11.9265 0.0000e+00
    112.416     3.8757 183.037464     0.0305 1.0000e-12     0.2710    93.4485 9.1575e-02 7.4235e+02  0.0554688     3.8763 184.325367     2.3053    114.632    -3.1794    316.930    11.9256 0.0000e+00
    112.439     3.8755 183.037465     0.0220 1.0000e-12     0.2710    93.4485 9.1575e-02 7.4235e+02  0.0558845     3.8761 184.204060     2.3053    114.656    -3.2586    316.932    11.9251 0.0000e+00
    112.460     3.8753 183.049405     0.0049 1.0000e-12     0.2710    93.4485 9.1575e-02 7.4235e+02  0.0554688     3.8756 184.113081     2.3053    114.677    -3.3520    316.955    11.9261 0.0000e+00
    112.481     3.8755 183.049405     0.0220 1.0000e-12     0.2710    93.4485 9.1575e-02 7.4235e+02  0.0554688     3.8761 184.204060     2.3053    114.699    -3.2284    316.953    11.9271 0.0000e+00
    112.502     3.8753 183.097166     0.0281 1.0000e-12     0.2699    93.4746 9.1575e-02 7.4235e+02  0.0554688     3.8753 184.113082     2.3040    114.720    -3.2107    317.038    11.9173 0.0000e+00
    112.524     3.8751 183.121045     0.0098 1.0000e-12     0.2699    93.4746 9.1575e-02 7.4235e+02  0.0554688     3.8758 184.295041     2.3040    114.743    -3.3300    317.081    11.9172 0.0000e+00
    112.546     3.8751 183.085226     0.0110 1.0000e-12     0.2699    93.4746 9.1575e-02 7.4235e+02  0.0558845     3.8758 184.295042     2.3040    114.765    -3.2998    317.019    11.9174 0.0000e+00
    112.570     3.8751 183.061347     0.0330 1.0000e-12     0.2710    93.4485 9.5238e-02 7.4235e+02  0.0558845     3.8755 184.355697     2.3040    114.789    -3.1694    316.978    11.9193 0.0000e+00
    112.595     3.8751 183.025527     0.0147 1.0000e-12     0.2710    93.4485 9.1575e-02 7.4235e+02  0.0558845     3.8760 184.173735     2.3040    114.815    -3.3055    316.916    11.9198 0.0000e+00
    112.620     3.8755 183.049408     0.0049 1.0000e-12     0.2699    93.4746 9.5238e-02 7.4235e+02  0.0554688     3.8761 184.234390     2.3040    114.840    -3.3427    316.953    11.9206 0.0000e+00
    112.644     3.8753 183.073289     0.0317 1.0000e-12     0.2699    93.4746 9.1575e-02 7.4235e+02  0.0558845     3.8759 184.295045     2.3040    114.865    -3.1713    316.997    11.9217 0.0000e+00
    112.664     3.8756 183.109107     0.0195 1.0000e-12     0.2699    93.4746 9.8901e-02 7.4235e+02  0.0558845     3.8760 184.355698     2.3040    114.885    -3.2781    317.055    11.9228 0.0000e+00
    112.685     3.8757 183.097167     0.0037 1.0000e-12     0.2699    93.4746 1.0256e-01 7.4235e+02  0.0558845     3.8761 184.204063     2.3040    114.907    -3.3607    317.033    11.9241 0.0000e+00
    112.708     3.8756 183.121048     0.0256 1.0000e-12     0.2699    93.4746 1.1355e-01 7.4235e+02  0.0554688     3.8763 184.113084     2.3040    114.930    -3.2081    317.076    11.9255 0.0000e+00
    112.732     3.8756 183.037470     0.0256 1.0000e-12     0.2710    93.4485 1.2454e-01 7.4235e+02  0.0558845     3.8760 184.234392     2.3040    114.955    -3.2327    316.931    11.9259 0.0000e+00
    112.755     3.8756 183.037470     0.0073 1.0000e-12     0.2699    93.4746 1.2088e-01 7.4235e+02  0.0558845     3.8761 184.173739     2.3028    114.978    -3.3460    316.931    11.9185 0.0000e+00
    112.777     3.8753 183.013592     0.0159 1.0000e-12     0.2710    93.4485 1.0989e-01 7.4235e+02  0.0554688     3.8760 184.204067     2.3040    115.001    -3.2698    316.893    11.9273 0.0000e+00
    112.799     3.8746 183.049411     0.0305 1.0000e-12     0.2722    93.4224 1.0256e-01 7.4235e+02  0.0554688     3.8755 184.143412     2.3040    115.023    -3.1916    316.963    11.9283 0.0000e+00
    112.821     3.8746 183.049412     0.0122 1.0000e-12     0.2733    93.3962 9.5238e-02 7.4235e+02  0.0554688     3.8752 184.234394     2.3028    115.045    -3.3241    316.963    11.9200 0.0000e+00
    112.844     3.8742 183.001653     0.0073 1.0000e-12     0.2733    93.3962 9.5238e-02 7.4235e+02  0.0554688     3.8747 184.234394     2.3028    115.069    -3.3293    316.885    11.9200 0.0000e+00
    112.868     3.8740 183.001654     0.0342 1.0000e-12     0.2733    93.3962 9.5238e-02 7.4235e+02  0.0554688     3.8744 184.113089     2.3028    115.093    -3.1619    316.887    11.9201 0.0000e+00
    112.892     3.8739 183.049413     0.0171 1.0000e-12     0.2733    93.3962 9.1575e-02 7.4235e+02  0.0554688     3.8744 184.173742     2.3040    115.118    -3.2986    316.971    11.9296 0.0000e+00
    112.916     3.8739 183.049413     0.0037 1.0000e-12     0.2733    93.3962 8.7912e-02 7.4235e+02  0.0550530     3.8748 184.234395     2.3028    115.142    -3.3595    316.971    11.9218 0.0000e+00
    112.941     3.8735 183.085235     0.0305 1.0000e-12     0.2722    93.4224 9.1575e-02 7.4235e+02  0.0554688     3.8744 184.325378     2.3028    115.168    -3.1796    317.037    11.9223 0.0000e+00
    112.964     3.8739 183.061354     0.0232 1.0000e-12     0.2733    93.3962 1.1355e-01 7.4235e+02  0.0558845     3.8744 184.234396     2.3028    115.191    -3.2533    316.991    11.9230 0.0000e+00
    112.988     3.8735 183.085235     0.0061 1.0000e-12     0.2722    93.4224 1.2088e-01 7.4235e+02  0.0558845     3.8752 184.143417     2.3028    115.216    -3.3506    317.037    11.9235 0.0000e+00
    113.011     3.8737 183.061355     0.0208 1.0000e-12     0.2722    93.4224 1.1355e-01 7.4235e+02  0.0554688     3.8747 184.234398     2.3028    115.239    -3.2393    316.993    11.9233 0.0000e+00
    113.034     3.8739 183.061356     0.0293 1.0000e-12     0.2733    93.3962 1.0989e-01 7.4235e+02  0.0554688     3.8747 184.295052     2.3028    115.263    -3.2047    316.991    11.9245 0.0000e+00
    113.058     3.8734 183.025536     0.0098 1.0000e-12     0.2733    93.3962 1.0623e-01 7.4235e+02  0.0554688     3.8745 184.234397     2.3028    115.287    -3.3368    316.935    11.9259 0.0000e+00
    113.083     3.8730 183.049418     0.0098 1.0000e-12     0.2733    93.3962 1.0256e-01 7.4235e+02  0.0554688     3.8742 184.204073     2.3028    115.313    -3.3123    316.980    11.9247 0.0000e+00
    113.108     3.8726 183.013599     0.0330 1.0000e-12     0.2722    93.4224 9.8901e-02 7.4235e+02  0.0554688     3.8745 184.143419     2.3028    115.338    -3.1717    316.923    11.9235 0.0000e+00
    113.133     3.8719 182.989720     0.0147 1.0000e-12     0.2722    93.4224 9.8901e-02 7.4235e+02  0.0558845     3.8737 184.204073     2.3028    115.364    -3.3128    316.889    11.9228 0.0000e+00
    113.159     3.8713 183.025540     0.0049 1.0000e-12     0.2733    93.3962 1.0256e-01 7.4235e+02  0.0554688     3.8726 184.234402     2.3028    115.390    -3.3490    316.958    11.9224 0.0000e+00
    113.183     3.8707 183.049421     0.0317 1.0000e-12     0.2733    93.3962 1.0256e-01 7.4235e+02  0.0554688     3.8720 184.143423     2.3028    115.415    -3.1751    317.006    11.9233 0.0000e+00
    113.206     3.8702 183.049420     0.0195 1.0000e-12     0.2722    93.4224 9.8901e-02 7.4235e+02  0.0554688     3.8712 184.173749     2.3028    115.438    -3.2809    317.011    11.9231 0.0000e+00
    113.230     3.8697 183.025542     0.0037 1.0000e-12     0.2722    93.4224 9.8901e-02 7.4235e+02  0.0554688     3.8696 184.204078     2.3028    115.462    -3.3638    316.975    11.9233 0.0000e+00
    113.255     3.8692 183.037483     0.0244 1.0000e-12     0.2722    93.4224 9.8901e-02 7.4235e+02  0.0554688     3.8695 184.264732     2.3028    115.488    -3.2180    317.002    11.9231 0.0000e+00
    113.279     3.8685 183.001664     0.0269 1.0000e-12     0.2710    93.4485 9.5238e-02 7.4235e+02  0.0554688     3.8691 184.355712     2.3028    115.512    -3.2252    316.947    11.9233 0.0000e+00
    113.304     3.8680 182.977786     0.0073 1.0000e-12     0.2654    93.5792 9.8901e-02 7.4235e+02  0.0550530     3.8690 184.264734     2.3016    115.538    -3.3498    316.911    11.9154 0.0000e+00
    113.328     3.8670 183.001666     0.0147 1.0000e-12     0.2666    93.5530 9.8901e-02 7.4235e+02  0.0550530     3.8676 184.204081     2.3016    115.562    -3.2806    316.964    11.9162 0.0000e+00
    113.351     3.8659 183.013607     0.0317 1.0000e-12     0.2666    93.5530 9.8901e-02 7.4235e+02  0.0554688     3.8672 184.143428     2.3028    115.586    -3.1856    316.996    11.9235 0.0000e+00
    113.375     3.8658 183.013607     0.0122 1.0000e-12     0.2666    93.5530 9.5238e-02 7.4235e+02  0.0558845     3.8655 184.143429     2.3028    115.610    -3.3274    316.997    11.9232 0.0000e+00
    113.400     3.8648 182.989729     0.0061 1.0000e-12     0.2666    93.5530 9.5238e-02 7.4235e+02  0.0554688     3.8652 184.143430     2.3016    115.636    -3.3407    316.967    11.9147 0.0000e+00
    113.425     3.8644 182.989730     0.0330 1.0000e-12     0.2666    93.5530 1.0256e-01 7.4235e+02  0.0554688     3.8642 184.204085     2.3016    115.661    -3.1710    316.972    11.9133 0.0000e+00
