data/05_metadata_exports/SeabirdData/202310_SeabirdData/88715_STN38.cnv
* Sea-Bird SBE 9 Data File:
* FileName = C:\Users\rosette\Rosette Data\2023\Ontario lower food web csmi\STN38.hex
* Software Version Seasave V 7.26.6.26
* Temperature SN = 5270
* Conductivity SN = 1168
* Number of Bytes Per Scan = 40
* Number of Voltage Words = 5
* Number of Scans Averaged by the Deck Unit = 1
* NMEA Latitude = 43 22.98 N
* NMEA Longitude = 077 59.32 W
* NMEA UTC (Time) = Sep 26 2023  14:24:59
* NMEA baud rate = 4800
** Ship: Lake Guardian
** Cruise: Ontario LFW
** Station:  STN38
# nquan = 18                                
# nvalues = 9651                        
# units = specified
# name 0 = prDM: Pressure, Digiquartz [db]
# name 1 = t090C: Temperature [ITS-90, deg C]
# name 2 = c0uS/cm: Conductivity [uS/cm]
# name 3 = sbeox0V: Oxygen raw, SBE 43 [V]
# name 4 = par: PAR/Irradiance, Biospherical/Licor
# name 5 = bat: Beam Attenuation, Chelsea/Seatech [1/m]
# name 6 = xmiss: Beam Transmission, Chelsea/Seatech [%]
# name 7 = flSP: Fluorescence, Seapoint
# name 8 = spar: SPAR, Biospherical/Licor
# name 9 = upoly0: Upoly 0, Suna Nitrate
# name 10 = t190C: Temperature, 2 [ITS-90, deg C]
# name 11 = c1uS/cm: Conductivity, 2 [uS/cm]
# name 12 = sbeox1V: Oxygen raw, SBE 43, 2 [V]
# name 13 = depFM: Depth [fresh water, m], lat = 43.383
# name 14 = sbeox0Mg/L: Oxygen, SBE 43 [mg/l], WS = 2
# name 15 = specc: Specific Conductance [uS/cm]
# name 16 = sbeox1Mg/L: Oxygen, SBE 43, 2 [mg/l], WS = 2
# name 17 = flag: flag
# span 0 =      0.147,     16.335       
# span 1 =     5.2530,    10.2128       
# span 2 =  19.314830, 263.493317       
# span 3 =     0.0085,     0.0354       
# span 4 = 2.1420e+01, 3.6010e+03       
# span 5 =     0.1585,     3.4052       
# span 6 =    42.6857,    96.1147       
# span 7 = 0.0000e+00, 4.0659e+00       
# span 8 = 1.1047e+03, 1.4630e+03       
# span 9 =  0.0413330,  0.0621209       
# span 10 =     5.2535,    10.2773      
# span 11 =   6.383790, 211.359334      
# span 12 =     1.7387,     2.6874      
# span 13 =      0.150,     16.657      
# span 14 =    -3.1740,    -2.6278      
# span 15 =     27.468,    374.557      
# span 16 =     7.3386,    13.5849      
# span 17 = 0.0000e+00, 0.0000e+00      
# interval = seconds: 0.0416667
# start_time = Sep 26 2023 14:24:59 [NMEA time, header]
# bad_flag = -9.990e-29
*END*
[from data line 3619]
      2.041     6.9157 202.361583     0.0342 1.0422e+03     0.8959    79.9344 2.2344e-01 1.3863e+03  0.0550530     6.9123 203.678515     2.2589      2.081    -2.8650    317.009    10.5821 -9.990e-29
      2.042     6.9172 202.409449     0.0159 1.1435e+03     0.8959    79.9344 2.1612e-01 1.3863e+03  0.0550530     6.9098 203.557103     2.2601      2.082    -2.9746    317.069    10.5915 -9.990e-29
      2.041     6.9181 202.385514     0.0317 1.2268e+03     0.8959    79.9344 2.1245e-01 1.3863e+03  0.0546373     6.9080 203.617810     2.2601      2.081    -2.8791    317.022    10.5923 -9.990e-29
      2.041     6.9179 202.361582     0.0232 1.2372e+03     0.8959    79.9344 2.1245e-01 1.3863e+03  0.0550530     6.9063 203.617812     2.2601      2.081    -2.9289    316.987    10.5930 -9.990e-29
      2.040     6.9172 202.325685     0.0220 1.1894e+03     0.8959    79.9344 2.1612e-01 1.3863e+03  0.0550530     6.9035 203.617815     2.2601      2.080    -2.9353    316.938    10.5939 -9.990e-29
      2.038     6.9169 202.361582     0.0305 1.1435e+03     0.8959    79.9344 2.1612e-01 1.3863e+03  0.0550530     6.9019 203.708875     2.2601      2.078    -2.8870    316.997    10.5954 -9.990e-29
      2.036     6.9163 202.385515     0.0147 1.1371e+03     0.8959    79.9344 2.1978e-01 1.3863e+03  0.0546373     6.9013 203.769583     2.2601      2.076    -2.9818    317.040    10.5956 -9.990e-29
      2.035     6.9161 202.361583     0.0342 1.1371e+03     0.8959    79.9344 2.2344e-01 1.3882e+03  0.0550530     6.9021 203.678522     2.2601      2.075    -2.8663    317.005    10.5963 -9.990e-29
      2.034     6.9165 202.397483     0.0183 1.1403e+03     0.8959    79.9344 2.1612e-01 1.3882e+03  0.0550530     6.9011 203.617816     2.2601      2.074    -2.9608    317.057    10.5965 -9.990e-29
      2.034     6.9178 202.373546     0.0281 1.1435e+03     0.8959    79.9344 2.1245e-01 1.3882e+03  0.0550530     6.8988 203.830291     2.2601      2.074    -2.9008    317.007    10.5969 -9.990e-29
      2.035     6.9190 202.397482     0.0269 1.1212e+03     0.8959    79.9344 2.0879e-01 1.3882e+03  0.0550530     6.8979 203.678527     2.2601      2.075    -2.9081    317.032    10.5969 -9.990e-29
      2.034     6.9197 202.385513     0.0171 1.0779e+03     0.8959    79.9344 2.0879e-01 1.3882e+03  0.0554688     6.8955 203.587465     2.2601      2.074    -2.9654    317.006    10.5972 -9.990e-29
      2.032     6.9197 202.361581     0.0330 1.0659e+03     0.8945    79.9605 2.0513e-01 1.3882e+03  0.0550530     6.8936 203.587466     2.2613      2.072    -2.8723    316.969    10.6045 -9.990e-29
      2.031     6.9199 202.373547     0.0147 1.0247e+03     0.8945    79.9605 2.0513e-01 1.3882e+03  0.0550530     6.8927 203.526760     2.2601      2.071    -2.9819    316.986    10.5980 -9.990e-29
      2.030     6.9188 202.361582     0.0330 8.9535e+02     0.8959    79.9344 2.0513e-01 1.3882e+03  0.0550530     6.8927 203.587468     2.2601      2.070    -2.8719    316.978    10.5974 -9.990e-29
      2.027     6.9166 202.265853     0.0220 8.5356e+02     0.8959    79.9344 2.0513e-01 1.3882e+03  0.0550530     6.8935 203.708881     2.2613      2.067    -2.9367    316.850    10.6038 -9.990e-29
      2.024     6.9144 202.277820     0.0232 8.5116e+02     0.8959    79.9344 2.1612e-01 1.3882e+03  0.0546373     6.8943 203.678526     2.2613      2.064    -2.9280    316.890    10.6028 -9.990e-29
      2.022     6.9123 202.301754     0.0305 8.5116e+02     0.8932    79.9867 2.2344e-01 1.3882e+03  0.0546373     6.8970 203.617818     2.2613      2.062    -2.8862    316.949    10.6012 -9.990e-29
      2.022     6.9105 202.301755     0.0147 8.4877e+02     0.8919    80.0128 2.2344e-01 1.3882e+03  0.0550530     6.9014 203.708876     2.2613      2.062    -2.9812    316.967    10.5990 -9.990e-29
      2.022     6.9092 202.313722     0.0342 8.5116e+02     0.8906    80.0390 2.2344e-01 1.3882e+03  0.0550530     6.9037 203.769582     2.2613      2.062    -2.8668    316.998    10.5974 -9.990e-29
      2.022     6.9092 202.349621     0.0171 8.9284e+02     0.8919    80.0128 2.2711e-01 1.3882e+03  0.0550530     6.9048 203.769581     2.2601      2.062    -2.9685    317.054    10.5887 -9.990e-29
      2.023     6.9103 202.325688     0.0293 9.1572e+02     0.8919    80.0128 2.3077e-01 1.3882e+03  0.0546373     6.9045 203.769581     2.2613      2.063    -2.8945    317.006    10.5949 -9.990e-29
      2.024     6.9115 202.349620     0.0256 9.1572e+02     0.8906    80.0390 2.3443e-01 1.3882e+03  0.0550530     6.9050 203.648166     2.2613      2.064    -2.9166    317.032    10.5945 -9.990e-29
      2.024     6.9121 202.361586     0.0183 9.0803e+02     0.8919    80.0128 2.3810e-01 1.3882e+03  0.0550530     6.9079 203.587457     2.2613      2.064    -2.9591    317.044    10.5924 -9.990e-29
      2.024     6.9126 202.373551     0.0330 9.0294e+02     0.8919    80.0128 2.3443e-01 1.3882e+03  0.0550530     6.9103 203.708870     2.2613      2.064    -2.8740    317.058    10.5914 -9.990e-29
      2.024     6.9132 202.385517     0.0134 9.0294e+02     0.8906    80.0390 2.3077e-01 1.3882e+03  0.0550530     6.9093 203.769578     2.2613      2.064    -2.9903    317.071    10.5903 -9.990e-29
      2.024     6.9134 202.337652     0.0330 1.0104e+03     0.8919    80.0128 2.3077e-01 1.3882e+03  0.0550530     6.9080 203.678518     2.2613      2.064    -2.8733    316.994    10.5902 -9.990e-29
      2.025     6.9140 202.397483     0.0208 1.1212e+03     0.8919    80.0128 2.3077e-01 1.3882e+03  0.0550530     6.9066 203.739226     2.2613      2.065    -2.9450    317.082    10.5901 -9.990e-29
      2.026     6.9145 202.325685     0.0244 1.1403e+03     0.8906    80.0390 2.2344e-01 1.3882e+03  0.0550530     6.9063 203.769580     2.2613      2.066    -2.9219    316.964    10.5896 -9.990e-29
      2.027     6.9152 202.361584     0.0293 1.0932e+03     0.8906    80.0390 2.1978e-01 1.3882e+03  0.0550530     6.9055 203.648166     2.2613      2.067    -2.8940    317.014    10.5892 -9.990e-29
      2.029     6.9147 202.361584     0.0147 1.0363e+03     0.8919    80.0128 2.1978e-01 1.3882e+03  0.0550530     6.9032 203.648168     2.2613      2.069    -2.9808    317.019    10.5893 -9.990e-29
      2.030     6.9143 202.325685     0.0342 1.0247e+03     0.8906    80.0390 2.1612e-01 1.3882e+03  0.0554688     6.9009 203.678522     2.2613      2.070    -2.8662    316.966    10.5892 -9.990e-29
      2.031     6.9145 202.397483     0.0159 1.0048e+03     0.8919    80.0128 2.1245e-01 1.3882e+03  0.0550530     6.8988 203.678524     2.2613      2.071    -2.9749    317.077    10.5891 -9.990e-29
      2.034     6.9144 202.349618     0.0305 9.7142e+02     0.8906    80.0390 2.1245e-01 1.3902e+03  0.0546373     6.8980 203.678524     2.2613      2.074    -2.8866    317.003    10.5886 -9.990e-29
      2.036     6.9147 202.325686     0.0244 9.6056e+02     0.8919    80.0128 2.0879e-01 1.3902e+03  0.0550530     6.8970 203.617819     2.2613      2.076    -2.9221    316.962    10.5881 -9.990e-29
      2.038     6.9147 202.397483     0.0208 9.6869e+02     0.8906    80.0390 2.0879e-01 1.3902e+03  0.0550530     6.8962 203.648172     2.2613      2.078    -2.9426    317.075    10.5875 -9.990e-29
      2.038     6.9148 202.349618     0.0330 9.9632e+02     0.8919    80.0128 2.1245e-01 1.3902e+03  0.0546373     6.8966 203.617818     2.2613      2.078    -2.8723    316.999    10.5865 -9.990e-29
      2.040     6.9148 202.361584     0.0134 1.0048e+03     0.8945    79.9605 2.1245e-01 1.3902e+03  0.0550530     6.8970 203.526757     2.2613      2.080    -2.9895    317.018    10.5865 -9.990e-29
      2.043     6.9148 202.337651     0.0342 1.0392e+03     0.8972    79.9083 2.1612e-01 1.3902e+03  0.0550530     6.8979 203.617817     2.2613      2.083    -2.8663    316.980    10.5853 -9.990e-29
      2.046     6.9147 202.349619     0.0195 1.2199e+03     0.8972    79.9083 2.1612e-01 1.3902e+03  0.0550530     6.8991 203.617817     2.2613      2.086    -2.9528    317.000    10.5840 -9.990e-29
      2.047     6.9138 202.373552     0.0269 1.3014e+03     0.8985    79.8821 2.1978e-01 1.3902e+03  0.0550530     6.9000 203.617817     2.2613      2.087    -2.9072    317.046    10.5838 -9.990e-29
      2.047     6.9126 202.337653     0.0281 1.2904e+03     0.8972    79.9083 2.1612e-01 1.3902e+03  0.0546373     6.8991 203.496402     2.2613      2.087    -2.9004    317.002    10.5841 -9.990e-29
      2.048     6.9118 202.301755     0.0159 1.1532e+03     0.8985    79.8821 2.2344e-01 1.3902e+03  0.0550530     6.8996 203.678523     2.2613      2.088    -2.9730    316.954    10.5840 -9.990e-29
      2.051     6.9118 202.337654     0.0342 1.0901e+03     0.8972    79.9083 2.2344e-01 1.3902e+03  0.0554688     6.9001 203.769585     2.2613      2.091    -2.8655    317.010    10.5839 -9.990e-29
      2.054     6.9111 202.361587     0.0147 1.0840e+03     0.8985    79.8821 2.1978e-01 1.3902e+03  0.0550530     6.9008 203.648170     2.2613      2.094    -2.9813    317.054    10.5838 -9.990e-29
      2.055     6.9115 202.325688     0.0317 1.0161e+03     0.8985    79.8821 2.1978e-01 1.3882e+03  0.0542215     6.9011 203.648170     2.2613      2.096    -2.8787    316.994    10.5827 -9.990e-29
      2.056     6.9120 202.349619     0.0220 9.7690e+02     0.8985    79.8821 2.1978e-01 1.3882e+03  0.0546373     6.9019 203.496400     2.2613      2.097    -2.9355    317.027    10.5825 -9.990e-29
      2.056     6.9121 202.325688     0.0220 9.7142e+02     0.8985    79.8821 2.1978e-01 1.3882e+03  0.0554688     6.9021 203.648169     2.2613      2.097    -2.9347    316.988    10.5834 -9.990e-29
      2.058     6.9126 202.361585     0.0305 9.5786e+02     0.8972    79.9083 2.1978e-01 1.3882e+03  0.0558845     6.9024 203.648168     2.2613      2.099    -2.8855    317.039    10.5843 -9.990e-29
      2.059     6.9126 202.313721     0.0147 9.4449e+02     0.8985    79.8821 2.1612e-01 1.3882e+03  0.0550530     6.9030 203.617815     2.2613      2.100    -2.9802    316.964    10.5851 -9.990e-29
      2.062     6.9108 202.361587     0.0342 9.4449e+02     0.8985    79.8821 2.1245e-01 1.3882e+03  0.0546373     6.9019 203.526754     2.2613      2.103    -2.8658    317.057    10.5852 -9.990e-29
      2.064     6.9087 202.361589     0.0183 9.3392e+02     0.8985    79.8821 2.1612e-01 1.3882e+03  0.0550530     6.9000 203.466049     2.2613      2.105    -2.9605    317.078    10.5857 -9.990e-29
      2.065     6.9079 202.373556     0.0281 9.2348e+02     0.8985    79.8821 2.1612e-01 1.3882e+03  0.0550530     6.8982 203.557111     2.2613      2.106    -2.9007    317.105    10.5860 -9.990e-29
      2.065     6.9072 202.313725     0.0256 9.2088e+02     0.8985    79.8821 2.1612e-01 1.3882e+03  0.0550530     6.8979 203.648172     2.2613      2.106    -2.9159    317.018    10.5860 -9.990e-29
      2.065     6.9073 202.265859     0.0183 9.4715e+02     0.8985    79.8821 2.1612e-01 1.3882e+03  0.0550530     6.8967 203.617818     2.2613      2.106    -2.9593    316.942    10.5862 -9.990e-29
      2.066     6.9061 202.289793     0.0330 9.9352e+02     0.8985    79.8821 2.1245e-01 1.3882e+03  0.0550530     6.8959 203.617820     2.2613      2.107    -2.8743    316.992    10.5863 -9.990e-29
      2.067     6.9053 202.253895     0.0147 1.0048e+03     0.8972    79.9083 2.1245e-01 1.3882e+03  0.0550530     6.8954 203.617820     2.2613      2.108    -2.9840    316.943    10.5863 -9.990e-29
      2.067     6.9057 202.277827     0.0330 1.0133e+03     0.8985    79.8821 2.1245e-01 1.3882e+03  0.0550530     6.8937 203.526760     2.2613      2.108    -2.8746    316.977    10.5867 -9.990e-29
      2.068     6.9050 202.301760     0.0220 1.0363e+03     0.8985    79.8821 2.1245e-01 1.3882e+03  0.0550530     6.8935 203.466054     2.2613      2.109    -2.9393    317.021    10.5866 -9.990e-29
      2.069     6.9048 202.206031     0.0232 1.0422e+03     0.8998    79.8560 2.0879e-01 1.3882e+03  0.0550530     6.8930 203.648175     2.2613      2.110    -2.9314    316.873    10.5866 -9.990e-29
      2.068     6.9040 202.241930     0.0293 1.0599e+03     0.8985    79.8821 2.0513e-01 1.3863e+03  0.0550530     6.8935 203.678528     2.2613      2.109    -2.8955    316.937    10.5864 -9.990e-29
      2.067     6.9030 202.289795     0.0147 1.1307e+03     0.8985    79.8821 2.0513e-01 1.3863e+03  0.0550530     6.8940 203.678528     2.2613      2.108    -2.9822    317.022    10.5861 -9.990e-29
      2.065     6.9019 202.253896     0.0342 1.1597e+03     0.8985    79.8821 2.0879e-01 1.3863e+03  0.0546373     6.8938 203.496406     2.2613      2.106    -2.8677    316.977    10.5860 -9.990e-29
      2.064     6.9008 202.277831     0.0171 1.1597e+03     0.8985    79.8821 2.1245e-01 1.3863e+03  0.0550530     6.8945 203.617821     2.2613      2.105    -2.9694    317.025    10.5857 -9.990e-29
      2.063     6.9001 202.253899     0.0293 1.1403e+03     0.8985    79.8821 2.1245e-01 1.3863e+03  0.0550530     6.8946 203.496406     2.2613      2.104    -2.8953    316.995    10.5855 -9.990e-29
      2.061     6.8993 202.253898     0.0256 1.1339e+03     0.8985    79.8821 2.0879e-01 1.3863e+03  0.0546373     6.8946 203.617819     2.2613      2.102    -2.9156    317.003    10.5854 -9.990e-29
      2.060     6.8985 202.241934     0.0183 1.1307e+03     0.8985    79.8821 2.1612e-01 1.3863e+03  0.0550530     6.8945 203.557113     2.2613      2.101    -2.9590    316.992    10.5853 -9.990e-29
      2.058     6.8984 202.206036     0.0330 1.0392e+03     0.8998    79.8560 2.2711e-01 1.3863e+03  0.0550530     6.8948 203.526760     2.2613      2.099    -2.8729    316.937    10.5851 -9.990e-29
      2.055     6.8982 202.206034     0.0147 9.9073e+02     0.8985    79.8821 2.3077e-01 1.3863e+03  0.0554688     6.8946 203.587466     2.2613      2.096    -2.9826    316.939    10.5850 -9.990e-29
      2.053     6.8978 202.277833     0.0342 9.8517e+02     0.8985    79.8821 2.2711e-01 1.3863e+03  0.0550530     6.8953 203.708881     2.2613      2.093    -2.8669    317.055    10.5847 -9.990e-29
      2.050     6.8979 202.206035     0.0208 8.7298e+02     0.8985    79.8821 2.2711e-01 1.3863e+03  0.0550530     6.8949 203.648173     2.2613      2.090    -2.9448    316.942    10.5847 -9.990e-29
      2.048     6.8979 202.265865     0.0244 7.9562e+02     0.8985    79.8821 2.1978e-01 1.3863e+03  0.0550530     6.8957 203.587465     2.2625      2.088    -2.9235    317.036    10.5916 -9.990e-29
      2.046     6.8981 202.265866     0.0293 7.8451e+02     0.8972    79.9083 2.1612e-01 1.3863e+03  0.0554688     6.8961 203.587466     2.2625      2.086    -2.8937    317.034    10.5914 -9.990e-29
      2.043     6.8987 202.289797     0.0147 7.9116e+02     0.8972    79.9083 2.2344e-01 1.3863e+03  0.0554688     6.8966 203.526757     2.2625      2.083    -2.9822    317.065    10.5911 -9.990e-29
      2.041     6.8997 202.265865     0.0342 7.9786e+02     0.8985    79.8821 2.2711e-01 1.3863e+03  0.0550530     6.8970 203.587465     2.2613      2.081    -2.8666    317.018    10.5836 -9.990e-29
      2.037     6.9007 202.265863     0.0159 7.9786e+02     0.8985    79.8821 2.2344e-01 1.3863e+03  0.0542215     6.8985 203.496403     2.2613      2.077    -2.9753    317.008    10.5830 -9.990e-29
      2.033     6.9011 202.277829     0.0305 8.6079e+02     0.8985    79.8821 2.2344e-01 1.3863e+03  0.0550530     6.8995 203.617816     2.2613      2.073    -2.8878    317.022    10.5826 -9.990e-29
      2.030     6.9016 202.253897     0.0244 9.6326e+02     0.8972    79.9083 2.2344e-01 1.3863e+03  0.0550530     6.9006 203.739230     2.2613      2.070    -2.9224    316.980    10.5822 -9.990e-29
      2.027     6.9024 202.277828     0.0195 9.9073e+02     0.8906    80.0390 2.1978e-01 1.3863e+03  0.0550530     6.9024 203.648168     2.2613      2.067    -2.9533    317.010    10.5815 -9.990e-29
