data/05_metadata_exports/SeabirdData/202310_SeabirdData/88715_STN38.cnv
* Sea-Bird SBE 9 Data File:
* FileName = C:\Users\rosette\Rosette Data\2023\Ontario lower food web csmi\STN38.hex
* Software Version Seasave V 7.26.6.26
* Temperature SN = 5270
* Conductivity SN = 1168
* Number of Bytes Per Scan = 40
* Number of Voltage Words = 5
* Number of Scans Averaged by the Deck Unit = 1
* NMEA Latitude = 43 22.98 N
* NMEA Longitude = 077 59.32 W
* NMEA UTC (Time) = Sep 26 2023  14:24:59
* NMEA baud rate = 4800
** Ship: Lake Guardian
** Cruise: Ontario LFW
** Station:  STN38
# nquan = 18                                
# nvalues = 9651                        
# units = specified
# name 0 = prDM: Pressure, Digiquartz [db]
# name 1 = t090C: Temperature [ITS-90, deg C]
# name 2 = c0uS/cm: Conductivity [uS/cm]
# name 3 = sbeox0V: Oxygen raw, SBE 43 [V]
# name 4 = par: PAR/Irradiance, Biospherical/Licor
# name 5 = bat: Beam Attenuation, Chelsea/Seatech [1/m]
# name 6 = xmiss: Beam Transmission, Chelsea/Seatech [%]
# name 7 = flSP: Fluorescence, Seapoint
# name 8 = spar: SPAR, Biospherical/Licor
# name 9 = upoly0: Upoly 0, Suna Nitrate
# name 10 = t190C: Temperature, 2 [ITS-90, deg C]
# name 11 = c1uS/cm: Conductivity, 2 [uS/cm]
# name 12 = sbeox1V: Oxygen raw, SBE 43, 2 [V]
# name 13 = depFM: Depth [fresh water, m], lat = 43.383
# name 14 = sbeox0Mg/L: Oxygen, SBE 43 [mg/l], WS = 2
# name 15 = specc: Specific Conductance [uS/cm]
# name 16 = sbeox1Mg/L: Oxygen, SBE 43, 2 [mg/l], WS = 2
# name 17 = flag: flag
# span 0 =      0.147,     16.335       
# span 1 =     5.2530,    10.2128       
# span 2 =  19.314830, 263.493317       
# span 3 =     0.0085,     0.0354       
# span 4 = 2.1420e+01, 3.6010e+03       
# span 5 =     0.1585,     3.4052       
# span 6 =    42.6857,    96.1147       
# span 7 = 0.0000e+00, 4.0659e+00       
# span 8 = 1.1047e+03, 1.4630e+03       
# span 9 =  0.0413330,  0.0621209       
# span 10 =     5.2535,    10.2773      
# span 11 =   6.383790, 211.359334      
# span 12 =     1.7387,     2.6874      
# span 13 =      0.150,     16.657      
# span 14 =    -3.1740,    -2.6278      
# span 15 =     27.468,    374.557      
# span 16 =     7.3386,    13.5849      
# span 17 = 0.0000e+00, 0.0000e+00      
# interval = seconds: 0.0416667
# start_time = Sep 26 2023 14:24:59 [NMEA time, header]
# bad_flag = -9.990e-29
*END*
[from data line 322]
      0.225    10.1825  45.047570     0.0305 1.0276e+03     0.1618    96.0363 9.8901e-02 1.4571e+03  0.0413330    10.1814   6.804820     2.5849      0.229    -2.6501     64.015    11.5387 -9.990e-29
      0.224    10.1823  45.952125     0.0134 1.0276e+03     0.1618    96.0363 9.8901e-02 1.4571e+03  0.0413330    10.1823   6.624378     2.5849      0.228    -2.7482     65.301    11.5386 -9.990e-29
      0.223    10.1827  46.516052     0.0342 1.0247e+03     0.1618    96.0363 9.8901e-02 1.4571e+03  0.0413330    10.1827   6.744672     2.5849      0.227    -2.6339     66.102    11.5394 -9.990e-29
      0.223    10.1825  46.692287     0.0171 1.0219e+03     0.1629    96.0102 9.8901e-02 1.4571e+03  0.0413330    10.1834   6.864967     2.5861      0.227    -2.7241     66.353    11.5461 -9.990e-29
      0.224    10.1825  46.680538     0.0281 1.0190e+03     0.1618    96.0363 1.0256e-01 1.4571e+03  0.0413330    10.1843   6.925115     2.5849      0.228    -2.6698     66.336    11.5401 -9.990e-29
      0.226    10.1822  46.410313     0.0269 1.0161e+03     0.1618    96.0363 1.0256e-01 1.4571e+03  0.0413330    10.1847   7.015337     2.5849      0.230    -2.6691     65.953    11.5394 -9.990e-29
      0.227    10.1820  45.940377     0.0159 1.0161e+03     0.1629    96.0102 9.8901e-02 1.4571e+03  0.0413330    10.1853   6.804820     2.5849      0.231    -2.7354     65.285    11.5402 -9.990e-29
      0.227    10.1822  45.458719     0.0342 1.0133e+03     0.1629    96.0102 9.5238e-02 1.4571e+03  0.0413330    10.1850   6.714599     2.5861      0.231    -2.6319     64.600    11.5472 -9.990e-29
      0.228    10.1821  44.871370     0.0134 1.0133e+03     0.1618    96.0363 9.1575e-02 1.4571e+03  0.0413330    10.1863   6.624378     2.5861      0.232    -2.7459     63.766    11.5461 -9.990e-29
      0.229    10.1821  44.354537     0.0330 1.0133e+03     0.1629    96.0102 9.5238e-02 1.4571e+03  0.0413330    10.1866   6.804820     2.5849      0.234    -2.6418     63.031    11.5395 -9.990e-29
      0.230    10.1824  44.025659     0.0232 1.0104e+03     0.1629    96.0102 9.1575e-02 1.4571e+03  0.0413330    10.1872   6.895041     2.5861      0.235    -2.6894     62.563    11.5453 -9.990e-29
      0.230    10.1821  43.849481     0.0208 1.0133e+03     0.1629    96.0102 9.1575e-02 1.4571e+03  0.0413330    10.1871   6.804820     2.5849      0.235    -2.7089     62.314    11.5388 -9.990e-29
      0.231    10.1821  44.013914     0.0317 1.0133e+03     0.1618    96.0363 9.1575e-02 1.4571e+03  0.0413330    10.1875   6.804820     2.5849      0.236    -2.6436     62.547    11.5379 -9.990e-29
      0.231    10.1822  44.483742     0.0134 1.0104e+03     0.1629    96.0102 9.5238e-02 1.4571e+03  0.0413330    10.1877   6.714599     2.5861      0.236    -2.7476     63.215    11.5438 -9.990e-29
      0.230    10.1823  44.988837     0.0342 1.0133e+03     0.1629    96.0102 9.5238e-02 1.4571e+03  0.0413330    10.1879   6.624378     2.5861      0.235    -2.6347     63.932    11.5430 -9.990e-29
      0.229    10.1823  45.928628     0.0195 1.0133e+03     0.1629    96.0102 9.5238e-02 1.4571e+03  0.0413330    10.1880   6.654452     2.5861      0.234    -2.7111     65.268    11.5431 -9.990e-29
      0.228    10.1824  47.021270     0.0256 1.0133e+03     0.1629    96.0102 9.5238e-02 1.4571e+03  0.0413330    10.1891   6.955189     2.5849      0.232    -2.6835     66.820    11.5353 -9.990e-29
      0.226    10.1826  48.278571     0.0281 1.0133e+03     0.1629    96.0102 9.1575e-02 1.4571e+03  0.0413330    10.1894   7.195782     2.5861      0.230    -2.6632     68.607    11.5411 -9.990e-29
      0.224    10.1829  50.088478     0.0147 1.0133e+03     0.1618    96.0363 8.7912e-02 1.4571e+03  0.0413330    10.1897   7.466453     2.5849      0.228    -2.7426     71.178    11.5352 -9.990e-29
      0.221    10.1834  51.628382     0.0342 1.0161e+03     0.1629    96.0102 8.7912e-02 1.4571e+03  0.0413330    10.1901   7.586752     2.5861      0.225    -2.6339     73.365    11.5410 -9.990e-29
      0.220    10.1838  52.780557     0.0159 1.0161e+03     0.1618    96.0363 9.1575e-02 1.4571e+03  0.0413330    10.1903   7.556677     2.5849      0.224    -2.7327     75.002    11.5343 -9.990e-29
      0.219    10.1844  53.791780     0.0305 1.0219e+03     0.1618    96.0363 9.5238e-02 1.4571e+03  0.0413330    10.1909   7.286005     2.5849      0.223    -2.6573     76.437    11.5343 -9.990e-29
      0.220    10.1849  54.603198     0.0244 1.0247e+03     0.1607    96.0624 9.8901e-02 1.4571e+03  0.0413330    10.1917   7.195782     2.5849      0.224    -2.6839     77.589    11.5350 -9.990e-29
      0.223    10.1853  55.038339     0.0195 1.0247e+03     0.1607    96.0624 9.5238e-02 1.4571e+03  0.0413330    10.1925   7.075485     2.5849      0.227    -2.7169     78.207    11.5349 -9.990e-29
      0.231    10.1860  54.085763     0.0317 1.0363e+03     0.1618    96.0363 8.7912e-02 1.4571e+03  0.0413330    10.1933   6.955189     2.5861      0.236    -2.6459     76.852    11.5415 -9.990e-29
      0.241    10.1864  51.287462     0.0134 1.0422e+03     0.1618    96.0363 8.7912e-02 1.4571e+03  0.0413330    10.1945   7.015337     2.5849      0.246    -2.7484     72.875    11.5339 -9.990e-29
      0.251    10.1864  47.796779     0.0342 1.0422e+03     0.1618    96.0363 9.1575e-02 1.4571e+03  0.0413330    10.1957   6.955189     2.5861      0.256    -2.6363     67.915    11.5396 -9.990e-29
      0.259    10.1867  46.539550     0.0208 1.0276e+03     0.1618    96.0363 9.5238e-02 1.4571e+03  0.0413330    10.1955   6.834893     2.5849      0.264    -2.7049     66.128    11.5332 -9.990e-29
      0.265    10.1866  47.033019     0.0244 1.0161e+03     0.1618    96.0363 9.5238e-02 1.4571e+03  0.0413330    10.1951   6.624378     2.5861      0.270    -2.6902     66.829    11.5409 -9.990e-29
      0.267    10.1866  48.243317     0.0293 1.0161e+03     0.1618    96.0363 9.5238e-02 1.4571e+03  0.0413330    10.1947   6.534158     2.5849      0.272    -2.6576     68.549    11.5337 -9.990e-29
      0.265    10.1865  50.253034     0.0147 1.0247e+03     0.1618    96.0363 8.7912e-02 1.4571e+03  0.0413330    10.1942   6.624378     2.5861      0.270    -2.7421     71.405    11.5407 -9.990e-29
      0.260    10.1862  53.415497     0.0342 1.0334e+03     0.1607    96.0624 8.0586e-02 1.4571e+03  0.0413330    10.1940   6.864967     2.5861      0.265    -2.6348     75.899    11.5400 -9.990e-29
      0.253    10.1857  56.979109     0.0159 1.0334e+03     0.1618    96.0363 8.0586e-02 1.4571e+03  0.0413330    10.1943   7.015337     2.5849      0.258    -2.7330     80.964    11.5342 -9.990e-29
      0.245    10.1854  60.073507     0.0305 1.0276e+03     0.1618    96.0363 8.0586e-02 1.4571e+03  0.0413330    10.1953   6.955189     2.5861      0.250    -2.6576     85.361    11.5407 -9.990e-29
      0.238    10.1854  64.311038     0.0244 1.0161e+03     0.1618    96.0363 8.0586e-02 1.4571e+03  0.0413330    10.1951   6.744672     2.5849      0.243    -2.6842     91.382    11.5334 -9.990e-29
      0.235    10.1849  63.687045     0.0183 1.0133e+03     0.1618    96.0363 8.0586e-02 1.4591e+03  0.0413330    10.1960   6.624378     2.5861      0.240    -2.7224     90.497    11.5408 -9.990e-29
      0.234    10.1848  60.273564     0.0330 1.0104e+03     0.1618    96.0363 9.1575e-02 1.4591e+03  0.0413330    10.1968   6.654451     2.5849      0.239    -2.6392     85.647    11.5340 -9.990e-29
      0.237    10.1848  56.343898     0.0134 9.9912e+02     0.1607    96.0624 9.8901e-02 1.4571e+03  0.0413330    10.1979   6.714598     2.5849      0.242    -2.7482     80.063    11.5338 -9.990e-29
      0.241    10.1847  54.356237     0.0330 9.9632e+02     0.1607    96.0624 1.0256e-01 1.4591e+03  0.0413330    10.1986   6.834893     2.5849      0.246    -2.6434     77.239    11.5337 -9.990e-29
      0.243    10.1843  53.638913     0.0208 9.9632e+02     0.1629    96.0102 1.0256e-01 1.4591e+03  0.0413330    10.1994   7.045411     2.5861      0.248    -2.7054     76.220    11.5403 -9.990e-29
      0.246    10.1843  55.355889     0.0232 9.9352e+02     0.1629    96.0102 1.0623e-01 1.4591e+03  0.0413330    10.1993   6.834893     2.5849      0.251    -2.6964     78.660    11.5338 -9.990e-29
      0.248    10.1845  57.626132     0.0293 9.9352e+02     0.1640    95.9840 1.0989e-01 1.4591e+03  0.0413330    10.1988   6.895041     2.5849      0.253    -2.6587     81.886    11.5341 -9.990e-29
      0.246    10.1841  59.496897     0.0134 9.9632e+02     0.1629    96.0102 1.0989e-01 1.4591e+03  0.0413330    10.1990   6.864967     2.5861      0.251    -2.7495     84.545    11.5409 -9.990e-29
      0.242    10.1838  60.461859     0.0342 1.0048e+03     0.1629    96.0102 1.0623e-01 1.4591e+03  0.0413330    10.1979   6.714599     2.5849      0.247    -2.6358     85.917    11.5347 -9.990e-29
      0.235    10.1837  62.709942     0.0171 1.0076e+03     0.1640    95.9840 1.0623e-01 1.4591e+03  0.0413330    10.1973   6.774746     2.5849      0.240    -2.7274     89.112    11.5358 -9.990e-29
      0.227    10.1838  61.615250     0.0293 1.0076e+03     0.1640    95.9840 9.8901e-02 1.4591e+03  0.0413330    10.1958   7.075485     2.5849      0.231    -2.6642     87.556    11.5363 -9.990e-29
      0.223    10.1834  62.239089     0.0256 1.0190e+03     0.1640    95.9840 9.5238e-02 1.4591e+03  0.0413330    10.1920   7.195782     2.5861      0.227    -2.6792     88.443    11.5434 -9.990e-29
      0.221    10.1837  63.816550     0.0171 1.0247e+03     0.1640    95.9840 8.7912e-02 1.4591e+03  0.0413330    10.1897   6.834894     2.5849      0.225    -2.7302     90.684    11.5367 -9.990e-29
      0.219    10.1836  59.649871     0.0330 1.0247e+03     0.1629    96.0102 6.9597e-02 1.4591e+03  0.0413330    10.1889   6.684525     2.5849      0.223    -2.6412     84.764    11.5362 -9.990e-29
      0.219    10.1835  60.049971     0.0134 1.0363e+03     0.1629    96.0102 5.1282e-02 1.4591e+03  0.0413330    10.1903   6.504084     2.5849      0.223    -2.7492     85.332    11.5360 -9.990e-29
      0.220    10.1836  57.567310     0.0330 1.0451e+03     0.1629    96.0102 2.9304e-02 1.4591e+03  0.0413330    10.1914   6.564231     2.5849      0.224    -2.6443     81.804    11.5350 -9.990e-29
      0.220    10.1834  55.402934     0.0220 1.0451e+03     0.1629    96.0102 2.5641e-02 1.4591e+03  0.0413330    10.1912   6.594304     2.5861      0.224    -2.6991     78.729    11.5427 -9.990e-29
      0.220    10.1832  53.850577     0.0232 1.0749e+03     0.1640    95.9840 2.9304e-02 1.4591e+03  0.0413330    10.1905   6.744672     2.5861      0.224    -2.6965     76.524    11.5422 -9.990e-29
      0.220    10.1831  52.921650     0.0305 1.1024e+03     0.1629    96.0102 5.1282e-02 1.4591e+03  0.0413330    10.1897   6.985263     2.5849      0.224    -2.6522     75.204    11.5367 -9.990e-29
      0.221    10.1833  52.322020     0.0134 1.1087e+03     0.1629    96.0102 7.6923e-02 1.4591e+03  0.0413330    10.1910   7.075485     2.5861      0.225    -2.7487     74.351    11.5424 -9.990e-29
      0.220    10.1830  53.180328     0.0342 1.3728e+03     0.1629    96.0102 9.7436e-01 1.4591e+03  0.0413330    10.1923   6.925115     2.5849      0.224    -2.6350     75.571    11.5363 -9.990e-29
      0.217    10.1831  54.109283     0.0171 1.7831e+03     0.1629    96.0102 2.4615e+00 1.4591e+03  0.0413330    10.1915   6.744672     2.5861      0.221    -2.7258     76.891    11.5433 -9.990e-29
      0.215    10.1831  54.956014     0.0281 1.8915e+03     0.1640    95.9840 3.2271e+00 1.4591e+03  0.0413330    10.1922   6.834893     2.5849      0.219    -2.6691     78.095    11.5358 -9.990e-29
      0.214    10.1829  56.202747     0.0269 2.0522e+03     0.1629    96.0102 2.6007e+00 1.4591e+03  0.0413330    10.1927   6.925115     2.5849      0.218    -2.6696     79.867    11.5367 -9.990e-29
      0.213    10.1833  56.732077     0.0171 2.3620e+03     0.1640    95.9840 1.7143e+00 1.4591e+03  0.0413330    10.1938   7.225856     2.5861      0.217    -2.7278     80.618    11.5424 -9.990e-29
      0.213    10.1830  55.626404     0.0330 2.4499e+03     0.1640    95.9840 1.1282e+00 1.4591e+03  0.0413330    10.1955   7.225856     2.5861      0.217    -2.6387     79.047    11.5421 -9.990e-29
      0.216    10.1833  53.133295     0.0134 2.4499e+03     0.1640    95.9840 7.9487e-01 1.4591e+03  0.0413330    10.1973   7.195782     2.5861      0.220    -2.7460     75.504    11.5418 -9.990e-29
      0.220    10.1831  50.546893     0.0317 2.4568e+03     0.1650    95.9579 6.0440e-01 1.4591e+03  0.0413330    10.1994   7.015337     2.5849      0.224    -2.6489     71.829    11.5347 -9.990e-29
      0.224    10.1829  48.443092     0.0220 2.4568e+03     0.1640    95.9840 4.8352e-01 1.4591e+03  0.0413330    10.1994   6.864967     2.5849      0.228    -2.6972     68.840    11.5341 -9.990e-29
      0.227    10.1833  47.914287     0.0220 2.4637e+03     0.1640    95.9840 4.1026e-01 1.4591e+03  0.0413330    10.1986   6.714598     2.5849      0.231    -2.7012     68.088    11.5345 -9.990e-29
      0.228    10.1829  48.642872     0.0305 2.4776e+03     0.1640    95.9840 3.8095e-01 1.4591e+03  0.0413330    10.1970   6.834893     2.5861      0.232    -2.6511     69.124    11.5410 -9.990e-29
      0.226    10.1830  49.547815     0.0134 2.4776e+03     0.1650    95.9579 3.8095e-01 1.4591e+03  0.0413330    10.1960   7.105559     2.5849      0.230    -2.7476     70.410    11.5339 -9.990e-29
      0.223    10.1833  50.617420     0.0342 2.4776e+03     0.1629    96.0102 3.3700e-01 1.4591e+03  0.0413330    10.1953   7.286005     2.5861      0.227    -2.6347     71.929    11.5418 -9.990e-29
      0.219    10.1831  51.534334     0.0171 2.4916e+03     0.1640    95.9840 2.8571e-01 1.4591e+03  0.0413330    10.1960   6.985263     2.5861      0.223    -2.7248     73.232    11.5418 -9.990e-29
      0.217    10.1834  52.486620     0.0269 2.4986e+03     0.1640    95.9840 2.2711e-01 1.4591e+03  0.0413330    10.1965   7.045411     2.5861      0.221    -2.6748     74.585    11.5417 -9.990e-29
      0.216    10.1836  52.815830     0.0269 2.4986e+03     0.1640    95.9840 1.7216e-01 1.4591e+03  0.0413330    10.1975   6.834893     2.5849      0.220    -2.6695     75.052    11.5341 -9.990e-29
      0.214    10.1835  52.686496     0.0159 2.4986e+03     0.1650    95.9579 1.3553e-01 1.4591e+03  0.0413330    10.1981   6.864967     2.5849      0.218    -2.7343     74.869    11.5340 -9.990e-29
      0.212    10.1839  52.133909     0.0330 2.5056e+03     0.1650    95.9579 1.0256e-01 1.4591e+03  0.0413330    10.1983   6.985263     2.5849      0.216    -2.6393     74.083    11.5333 -9.990e-29
      0.211    10.1838  51.075865     0.0147 2.5056e+03     0.1650    95.9579 8.4249e-02 1.4591e+03  0.0413330    10.1990   7.195782     2.5849      0.215    -2.7395     72.579    11.5324 -9.990e-29
      0.210    10.1839  49.641841     0.0317 2.4986e+03     0.1650    95.9579 6.5934e-02 1.4591e+03  0.0413330    10.1993   7.195782     2.5849      0.214    -2.6495     70.541    11.5317 -9.990e-29
      0.209    10.1838  48.125805     0.0232 2.4986e+03     0.1640    95.9840 2.9304e-02 1.4591e+03  0.0413330    10.2004   7.376228     2.5861      0.213    -2.6907     68.387    11.5374 -9.990e-29
      0.209    10.1841  46.551298     0.0208 2.4986e+03     0.1640    95.9840 1.0989e-02 1.4591e+03  0.0413330    10.2014   7.135633     2.5849      0.213    -2.7078     66.149    11.5306 -9.990e-29
      0.209    10.1840  45.634932     0.0317 2.4986e+03     0.1640    95.9840 1.0989e-02 1.4591e+03  0.0413330    10.2021   7.225856     2.5861      0.213    -2.6446     64.847    11.5381 -9.990e-29
      0.209    10.1843  45.141545     0.0134 2.4986e+03     0.1650    95.9579 2.5641e-02 1.4591e+03  0.0413330    10.2026   7.105559     2.5849      0.213    -2.7470     64.146    11.5306 -9.990e-29
      0.208    10.1846  98.820401     0.0342 2.4986e+03     0.1650    95.9579 4.3956e-02 1.4591e+03  0.0413330    10.2031   7.075485     2.5861      0.212    -2.6334    140.422    11.5374 -9.990e-29
