data/05_metadata_exports/SeabirdData/202310_SeabirdData/88715_STN38.cnv
* Sea-Bird SBE 9 Data File:
* FileName = C:\Users\rosette\Rosette Data\2023\Ontario lower food web csmi\STN38.hex
* Software Version Seasave V 7.26.6.26
* Temperature SN = 5270
* Conductivity SN = 1168
* Number of Bytes Per Scan = 40
* Number of Voltage Words = 5
* Number of Scans Averaged by the Deck Unit = 1
* NMEA Latitude = 43 22.98 N
* NMEA Longitude = 077 59.32 W
* NMEA UTC (Time) = Sep 26 2023  14:24:59
* NMEA baud rate = 4800
** Ship: Lake Guardian
** Cruise: Ontario LFW
** Station:  STN38
# nquan = 18                                
# nvalues = 9651                        
# units = specified
# name 0 = prDM: Pressure, Digiquartz [db]
# name 1 = t090C: Temperature [ITS-90, deg C]
# name 2 = c0uS/cm: Conductivity [uS/cm]
# name 3 = sbeox0V: Oxygen raw, SBE 43 [V]
# name 4 = par: PAR/Irradiance, Biospherical/Licor
# name 5 = bat: Beam Attenuation, Chelsea/Seatech [1/m]
# name 6 = xmiss: Beam Transmission, Chelsea/Seatech [%]
# name 7 = flSP: Fluorescence, Seapoint
# name 8 = spar: SPAR, Biospherical/Licor
# name 9 = upoly0: Upoly 0, Suna Nitrate
# name 10 = t190C: Temperature, 2 [ITS-90, deg C]
# name 11 = c1uS/cm: Conductivity, 2 [uS/cm]
# name 12 = sbeox1V: Oxygen raw, SBE 43, 2 [V]
# name 13 = depFM: Depth [fresh water, m], lat = 43.383
# name 14 = sbeox0Mg/L: Oxygen, SBE 43 [mg/l], WS = 2
# name 15 = specc: Specific Conductance [uS/cm]
# name 16 = sbeox1Mg/L: Oxygen, SBE 43, 2 [mg/l], WS = 2
# name 17 = flag: flag
# span 0 =      0.147,     16.335       
# span 1 =     5.2530,    10.2128       
# span 2 =  19.314830, 263.493317       
# span 3 =     0.0085,     0.0354       
# span 4 = 2.1420e+01, 3.6010e+03       
# span 5 =     0.1585,     3.4052       
# span 6 =    42.6857,    96.1147       
# span 7 = 0.0000e+00, 4.0659e+00       
# span 8 = 1.1047e+03, 1.4630e+03       
# span 9 =  0.0413330,  0.0621209       
# span 10 =     5.2535,    10.2773      
# span 11 =   6.383790, 211.359334      
# span 12 =     1.7387,     2.6874      
# span 13 =      0.150,     16.657      
# span 14 =    -3.1740,    -2.6278      
# span 15 =     27.468,    374.557      
# span 16 =     7.3386,    13.5849      
# span 17 = 0.0000e+00, 0.0000e+00      
# interval = seconds: 0.0416667
# start_time = Sep 26 2023 14:24:59 [NMEA time, header]
# bad_flag = -9.990e-29
*END*
[from data line 1769]
      2.105     6.9734 207.867784     0.0195 7.4789e+02     0.8985    79.8821 2.2711e-01 1.1441e+03  0.0434118     7.0923 209.871438     1.8156      2.147    -2.9413    325.047     7.8097 -9.990e-29
      2.104     6.9746 207.903704     0.0244 8.3692e+02     0.8985    79.8821 2.3077e-01 1.1441e+03  0.0434118     7.0992 209.901795     1.8156      2.145    -2.9211    325.091     7.8083 -9.990e-29
      2.103     6.9757 207.915678     0.0293 8.7544e+02     0.8985    79.8821 2.2344e-01 1.1441e+03  0.0434118     7.1061 209.871428     1.8168      2.144    -2.8826    325.098     7.8133 -9.990e-29
      2.101     6.9766 207.927650     0.0147 8.7790e+02     0.8998    79.8560 2.1978e-01 1.1441e+03  0.0434118     7.1131 209.901785     1.8168      2.142    -2.9760    325.108     7.8112 -9.990e-29
      2.100     6.9779 207.939623     0.0342 8.9284e+02     0.8998    79.8560 2.1245e-01 1.1441e+03  0.0434118     7.1203 209.932143     1.8156      2.141    -2.8591    325.113     7.8010 -9.990e-29
      2.099     6.9786 207.915675     0.0171 9.0040e+02     0.8985    79.8821 2.1245e-01 1.1421e+03  0.0434118     7.1276 209.871413     1.8168      2.140    -2.9564    325.069     7.8055 -9.990e-29
      2.100     6.9792 207.975545     0.0293 8.9787e+02     0.8998    79.8560 2.1245e-01 1.1421e+03  0.0434118     7.1348 209.871408     1.8168      2.141    -2.8920    325.156     7.8030 -9.990e-29
      2.100     6.9799 207.927649     0.0256 8.5596e+02     0.9011    79.8298 2.0879e-01 1.1421e+03  0.0434118     7.1426 209.780317     1.8156      2.141    -2.9036    325.074     7.7944 -9.990e-29
      2.099     6.9806 207.975544     0.0171 8.2989e+02     0.9011    79.8298 2.0513e-01 1.1421e+03  0.0434118     7.1505 209.841035     1.8168      2.140    -2.9636    325.142     7.7994 -9.990e-29
      2.098     6.9810 207.999492     0.0330 8.2756e+02     0.8998    79.8560 2.0879e-01 1.1401e+03  0.0434118     7.1579 209.901755     1.8156      2.139    -2.8635    325.175     7.7881 -9.990e-29
      2.098     6.9816 207.951595     0.0147 7.8451e+02     0.9011    79.8298 2.0879e-01 1.1401e+03  0.0434118     7.1647 209.871387     1.8156      2.139    -2.9724    325.094     7.7844 -9.990e-29
      2.098     6.9818 208.011466     0.0330 7.5211e+02     0.9011    79.8298 2.1612e-01 1.1401e+03  0.0434118     7.1722 209.749934     1.8156      2.139    -2.8701    325.186     7.7807 -9.990e-29
      2.096     6.9820 207.999491     0.0220 7.4789e+02     0.9011    79.8298 2.1978e-01 1.1401e+03  0.0434118     7.1793 209.780290     1.8156      2.137    -2.9259    325.165     7.7773 -9.990e-29
      2.095     6.9823 207.975543     0.0220 7.5211e+02     0.9011    79.8298 2.2344e-01 1.1401e+03  0.0434118     7.1866 209.628475     1.8156      2.136    -2.9365    325.125     7.7753 -9.990e-29
      2.093     6.9824 208.011465     0.0305 7.5848e+02     0.8998    79.8560 2.1612e-01 1.1381e+03  0.0434118     7.1943 209.658831     1.8156      2.134    -2.8776    325.180     7.7725 -9.990e-29
      2.092     6.9823 207.999491     0.0122 7.6062e+02     0.8998    79.8560 2.1245e-01 1.1401e+03  0.0434118     7.2020 209.628464     1.8144      2.133    -2.9910    325.162     7.7616 -9.990e-29
      2.092     6.9824 207.999491     0.0342 7.3745e+02     0.9011    79.8298 2.0879e-01 1.1381e+03  0.0434118     7.2087 209.810633     1.8144      2.133    -2.8623    325.161     7.7574 -9.990e-29
      2.092     6.9827 208.023438     0.0183 7.0501e+02     0.9011    79.8298 2.0513e-01 1.1401e+03  0.0434118     7.2165 209.628454     1.8144      2.133    -2.9498    325.195     7.7543 -9.990e-29
      2.092     6.9826 207.999492     0.0269 6.9712e+02     0.9011    79.8298 2.0513e-01 1.1401e+03  0.0434118     7.2245 209.598088     1.8144      2.133    -2.9086    325.159     7.7505 -9.990e-29
      2.092     6.9826 207.975542     0.0269 7.0699e+02     0.9011    79.8298 2.0147e-01 1.1401e+03  0.0434118     7.2318 209.689167     1.8144      2.133    -2.8975    325.122     7.7470 -9.990e-29
      2.091     6.9823 207.987518     0.0147 7.2920e+02     0.9011    79.8298 2.0513e-01 1.1401e+03  0.0434118     7.2391 209.749889     1.8144      2.132    -2.9795    325.143     7.7439 -9.990e-29
      2.089     6.9820 207.999491     0.0342 7.3745e+02     0.9011    79.8298 2.0513e-01 1.1401e+03  0.0434118     7.2462 209.598072     1.8132      2.130    -2.8601    325.165     7.7339 -9.990e-29
      2.087     6.9818 207.927647     0.0159 7.4789e+02     0.9011    79.8298 2.0879e-01 1.1401e+03  0.0434118     7.2534 209.446258     1.8132      2.128    -2.9665    325.055     7.7303 -9.990e-29
      2.085     6.9824 207.951594     0.0317 7.9116e+02     0.9011    79.8298 2.1245e-01 1.1401e+03  0.0434118     7.2598 209.628425     1.8132      2.126    -2.8800    325.086     7.7273 -9.990e-29
      2.083     6.9826 207.903698     0.0244 8.0688e+02     0.9011    79.8298 2.0879e-01 1.1401e+03  0.0434118     7.2673 209.598058     1.8132      2.124    -2.9121    325.009     7.7244 -9.990e-29
      2.081     6.9821 207.951595     0.0195 8.1601e+02     0.9011    79.8298 2.0513e-01 1.1401e+03  0.0434118     7.2732 209.658778     1.8132      2.122    -2.9518    325.089     7.7201 -9.990e-29
      2.079     6.9813 207.939620     0.0317 8.7298e+02     0.9011    79.8298 1.9780e-01 1.1421e+03  0.0434118     7.2799 209.719497     1.8132      2.120    -2.8721    325.079     7.7160 -9.990e-29
      2.078     6.9799 207.939622     0.0134 9.0040e+02     0.9011    79.8298 1.9780e-01 1.1421e+03  0.0434118     7.2860 209.628407     1.8132      2.119    -2.9830    325.093     7.7134 -9.990e-29
      2.078     6.9786 207.891727     0.0342 8.9535e+02     0.8998    79.8560 1.9780e-01 1.1421e+03  0.0434118     7.2902 209.567680     1.8120      2.119    -2.8624    325.031     7.7043 -9.990e-29
      2.077     6.9772 207.879754     0.0208 8.0462e+02     0.8998    79.8560 1.9780e-01 1.1441e+03  0.0434118     7.2826 209.719496     1.8120      2.118    -2.9344    325.027     7.7041 -9.990e-29
      2.076     6.9768 207.807911     0.0232 7.5848e+02     0.8998    79.8560 2.0513e-01 1.1441e+03  0.0434118     7.2649 209.719508     1.8120      2.117    -2.9309    324.918     7.7073 -9.990e-29
      2.074     6.9758 207.795938     0.0293 7.5423e+02     0.8985    79.8821 2.1245e-01 1.1460e+03  0.0434118     7.2446 209.567711     1.8120      2.115    -2.8846    324.910     7.7104 -9.990e-29
      2.071     6.9755 207.760017     0.0134 7.2511e+02     0.8998    79.8560 2.0879e-01 1.1460e+03  0.0434118     7.2276 209.537361     1.8120      2.112    -2.9857    324.857     7.7121 -9.990e-29
      2.068     6.9752 207.724096     0.0342 7.0699e+02     0.8998    79.8560 2.0513e-01 1.1480e+03  0.0434118     7.2133 209.658818     1.8107      2.109    -2.8623    324.804     7.7069 -9.990e-29
      2.066     6.9747 207.676202     0.0171 7.0303e+02     0.8998    79.8560 2.0879e-01 1.1500e+03  0.0434118     7.2019 209.537378     1.8107      2.107    -2.9587    324.734     7.7074 -9.990e-29
      2.062     6.9740 207.700150     0.0281 7.2105e+02     0.8998    79.8560 2.0879e-01 1.1500e+03  0.0434118     7.1932 209.567746     1.8107      2.103    -2.9024    324.778     7.7077 -9.990e-29
      2.061     6.9740 207.700146     0.0269 7.3745e+02     0.8998    79.8560 2.0879e-01 1.1519e+03  0.0434118     7.1861 209.507024     1.8107      2.102    -2.8983    324.778     7.7071 -9.990e-29
      2.062     6.9739 207.664231     0.0159 7.3953e+02     0.8998    79.8560 2.0147e-01 1.1519e+03  0.0434118     7.1791 209.567758     1.8095      2.103    -2.9730    324.723     7.6998 -9.990e-29
      2.062     6.9739 207.616334     0.0330 7.8231e+02     0.8985    79.8821 2.0147e-01 1.1539e+03  0.0434118     7.1708 209.567760     1.8095      2.103    -2.8659    324.648     7.7004 -9.990e-29
      2.061     6.9734 207.628309     0.0147 8.3928e+02     0.9011    79.8298 2.0879e-01 1.1559e+03  0.0434118     7.1647 209.658852     1.8095      2.102    -2.9740    324.672     7.7010 -9.990e-29
      2.060     6.9729 207.568441     0.0317 8.5356e+02     0.8998    79.8560 2.0879e-01 1.1559e+03  0.0434118     7.1603 209.719578     1.8083      2.101    -2.8803    324.584     7.6935 -9.990e-29
      2.059     6.9726 207.592389     0.0232 8.2061e+02     0.8998    79.8560 2.0147e-01 1.1578e+03  0.0434118     7.1560 209.628496     1.8095      2.100    -2.9204    324.624     7.6998 -9.990e-29
      2.057     6.9720 207.556469     0.0208 7.6276e+02     0.8998    79.8560 1.9414e-01 1.1598e+03  0.0434118     7.1532 209.628497     1.8083      2.098    -2.9453    324.574     7.6918 -9.990e-29
      2.054     6.9716 207.580415     0.0317 7.4789e+02     0.8998    79.8560 1.9048e-01 1.1618e+03  0.0434118     7.1526 209.628497     1.8083      2.094    -2.8713    324.616     7.6911 -9.990e-29
      2.051     6.9717 207.604363     0.0122 7.8672e+02     0.8998    79.8560 1.9048e-01 1.1618e+03  0.0434118     7.1550 209.628496     1.8083      2.091    -2.9919    324.652     7.6903 -9.990e-29
      2.047     6.9715 207.628309     0.0342 9.1059e+02     0.8985    79.8821 1.9048e-01 1.1637e+03  0.0434118     7.1589 209.507044     1.8083      2.087    -2.8640    324.691     7.6886 -9.990e-29
      2.045     6.9714 207.640282     0.0195 9.5517e+02     0.8998    79.8560 1.9048e-01 1.1657e+03  0.0434118     7.1637 209.567764     1.8071      2.085    -2.9445    324.711     7.6790 -9.990e-29
      2.046     6.9716 207.604363     0.0256 9.3919e+02     0.9011    79.8298 1.9414e-01 1.1677e+03  0.0434118     7.1707 209.507038     1.8071      2.086    -2.9181    324.653     7.6766 -9.990e-29
      2.045     6.9717 207.628310     0.0293 8.5356e+02     0.9037    79.7776 2.0147e-01 1.1697e+03  0.0434118     7.1786 209.537394     1.8071      2.085    -2.8841    324.689     7.6735 -9.990e-29
      2.043     6.9717 207.640282     0.0147 8.2061e+02     0.9037    79.7776 2.0513e-01 1.1716e+03  0.0434118     7.1851 209.446303     1.8059      2.083    -2.9784    324.708     7.6639 -9.990e-29
      2.040     6.9720 207.724097     0.0342 8.2061e+02     0.9050    79.7514 2.0513e-01 1.1716e+03  0.0434118     7.1904 209.415937     1.8059      2.080    -2.8598    324.836     7.6623 -9.990e-29
      2.040     6.9721 207.760018     0.0159 8.3223e+02     0.9050    79.7514 2.0513e-01 1.1736e+03  0.0434118     7.1943 209.415935     1.8059      2.080    -2.9661    324.891     7.6615 -9.990e-29
      2.039     6.9722 207.783967     0.0305 8.3928e+02     0.9037    79.7776 2.0513e-01 1.1756e+03  0.0434118     7.1977 209.415934     1.8059      2.079    -2.8875    324.928     7.6612 -9.990e-29
      2.037     6.9721 207.795940     0.0244 8.3692e+02     0.9050    79.7514 2.0513e-01 1.1775e+03  0.0434118     7.2013 209.446292     1.8059      2.077    -2.9124    324.947     7.6595 -9.990e-29
      2.034     6.9724 207.795939     0.0171 7.9786e+02     0.9037    79.7776 2.0879e-01 1.1795e+03  0.0434118     7.2052 209.355204     1.8059      2.074    -2.9661    324.944     7.6581 -9.990e-29
      2.032     6.9725 207.855808     0.0330 7.7356e+02     0.9037    79.7776 2.1245e-01 1.1795e+03  0.0434118     7.2115 209.324838     1.8046      2.072    -2.8652    325.037     7.6490 -9.990e-29
      2.030     6.9727 207.831861     0.0134 7.7139e+02     0.9037    79.7776 2.1245e-01 1.1815e+03  0.0434118     7.2196 209.385556     1.8046      2.070    -2.9826    324.998     7.6469 -9.990e-29
      2.029     6.9733 207.867782     0.0317 7.6276e+02     0.9037    79.7776 2.0879e-01 1.1834e+03  0.0434118     7.2285 209.294465     1.8046      2.069    -2.8793    325.048     7.6451 -9.990e-29
      2.028     6.9737 207.855808     0.0220 7.5635e+02     0.9050    79.7514 2.0879e-01 1.1854e+03  0.0434118     7.2408 209.415903     1.8034      2.068    -2.9283    325.025     7.6349 -9.990e-29
      2.028     6.9740 207.867781     0.0220 7.5635e+02     0.9050    79.7514 2.0513e-01 1.1854e+03  0.0434118     7.2561 209.476616     1.8034      2.068    -2.9388    325.041     7.6308 -9.990e-29
      2.028     6.9739 207.855808     0.0305 8.2989e+02     0.9050    79.7514 2.0147e-01 1.1874e+03  0.0434118     7.2732 209.476605     1.8022      2.068    -2.8781    325.023     7.6198 -9.990e-29
      2.027     6.9744 207.819886     0.0134 9.2348e+02     0.9037    79.7776 2.0147e-01 1.1893e+03  0.0434118     7.2925 209.355145     1.8022      2.067    -2.9843    324.962     7.6160 -9.990e-29
      2.026     6.9742 207.795938     0.0342 9.4715e+02     0.9037    79.7776 2.0513e-01 1.1893e+03  0.0434118     7.3119 209.415855     1.8022      2.066    -2.8617    324.926     7.6108 -9.990e-29
      2.026     6.9740 207.795938     0.0183 9.7965e+02     0.9050    79.7514 2.0513e-01 1.1913e+03  0.0434118     7.3308 209.355118     1.8022      2.066    -2.9501    324.928     7.6062 -9.990e-29
      2.026     6.9744 207.760017     0.0269 1.0422e+03     0.9050    79.7514 2.0513e-01 1.1933e+03  0.0434118     7.3491 209.385468     1.8022      2.066    -2.9088    324.868     7.6023 -9.990e-29
      2.026     6.9735 207.712123     0.0281 1.0599e+03     0.9050    79.7514 2.0513e-01 1.1933e+03  0.0434118     7.3643 209.506905     1.8010      2.066    -2.8907    324.802     7.5913 -9.990e-29
      2.026     6.9734 207.664228     0.0159 1.0539e+03     0.9037    79.7776 2.0513e-01 1.1952e+03  0.0434118     7.3774 209.597981     1.8010      2.066    -2.9717    324.728     7.5883 -9.990e-29
      2.027     6.9726 207.640282     0.0342 1.0392e+03     0.9050    79.7514 2.0513e-01 1.1972e+03  0.0434118     7.3890 209.506888     1.8010      2.067    -2.8585    324.699     7.5853 -9.990e-29
      2.026     6.9723 207.640282     0.0147 1.0334e+03     0.9076    79.6991 2.0513e-01 1.1972e+03  0.0434118     7.3989 209.476519     1.8010      2.066    -2.9719    324.702     7.5830 -9.990e-29
      2.026     6.9713 207.544494     0.0305 9.9912e+02     0.9090    79.6730 2.1245e-01 1.1992e+03  0.0434118     7.4055 209.506876     1.7998      2.066    -2.8864    324.562     7.5748 -9.990e-29
      2.026     6.9708 207.532521     0.0232 8.5837e+02     0.9090    79.6730 2.2711e-01 1.1992e+03  0.0434118     7.4117 209.476510     1.7998      2.066    -2.9185    324.549     7.5735 -9.990e-29
      2.026     6.9700 207.496602     0.0195 8.1143e+02     0.9090    79.6730 2.3443e-01 1.1992e+03  0.0434118     7.4159 209.537231     1.7998      2.066    -2.9512    324.501     7.5720 -9.990e-29
      2.027     6.9699 207.460682     0.0330 8.0462e+02     0.9090    79.6730 2.3443e-01 1.2012e+03  0.0434118     7.4203 209.567590     1.7985      2.067    -2.8628    324.446     7.5633 -9.990e-29
      2.028     6.9690 207.412790     0.0134 7.5848e+02     0.9090    79.6730 2.2711e-01 1.2012e+03  0.0434118     7.4156 209.597956     1.7985      2.068    -2.9813    324.380     7.5637 -9.990e-29
      2.028     6.9686 207.328977     0.0330 7.3953e+02     0.9090    79.6730 2.2344e-01 1.2031e+03  0.0434118     7.3955 209.567607     1.7985      2.068    -2.8686    324.253     7.5667 -9.990e-29
      2.028     6.9680 207.221220     0.0195 7.3953e+02     0.9103    79.6469 2.2711e-01 1.2051e+03  0.0434118     7.3677 209.658712     1.7985      2.068    -2.9411    324.090     7.5716 -9.990e-29
      2.028     6.9676 207.233193     0.0244 8.1143e+02     0.9090    79.6730 2.4542e-01 1.2051e+03  0.0434118     7.3421 209.749816     1.7985      2.068    -2.9236    324.113     7.5767 -9.990e-29
      2.029     6.9673 207.149383     0.0293 8.5356e+02     0.9090    79.6730 2.4908e-01 1.2051e+03  0.0434118     7.3201 209.719469     1.7973      2.069    -2.8824    323.985     7.5745 -9.990e-29
      2.031     6.9671 207.125437     0.0134 8.5837e+02     0.9090    79.6730 2.3443e-01 1.2071e+03  0.0434118     7.3003 209.719482     1.7973      2.071    -2.9845    323.950     7.5785 -9.990e-29
      2.033     6.9668 207.089519     0.0342 1.0133e+03     0.9090    79.6730 2.1978e-01 1.2071e+03  0.0434118     7.2747 209.871311     1.7973      2.073    -2.8610    323.896     7.5843 -9.990e-29
