data/05_metadata_exports/SeabirdData/202310_SeabirdData/88715_STN38.cnv
* Sea-Bird SBE 9 Data File:
* FileName = C:\Users\rosette\Rosette Data\2023\Ontario lower food web csmi\STN38.hex
* Software Version Seasave V 7.26.6.26
* Temperature SN = 5270
* Conductivity SN = 1168
* Number of Bytes Per Scan = 40
* Number of Voltage Words = 5
* Number of Scans Averaged by the Deck Unit = 1
* NMEA Latitude = 43 22.98 N
* NMEA Longitude = 077 59.32 W
* NMEA UTC (Time) = Sep 26 2023  14:24:59
* NMEA baud rate = 4800
** Ship: Lake Guardian
** Cruise: Ontario LFW
** Station:  STN38
# nquan = 18                                
# nvalues = 9651                        
# units = specified
# name 0 = prDM: Pressure, Digiquartz [db]
# name 1 = t090C: Temperature [ITS-90, deg C]
# name 2 = c0uS/cm: Conductivity [uS/cm]
# name 3 = sbeox0V: Oxygen raw, SBE 43 [V]
# name 4 = par: PAR/Irradiance, Biospherical/Licor
# name 5 = bat: Beam Attenuation, Chelsea/Seatech [1/m]
# name 6 = xmiss: Beam Transmission, Chelsea/Seatech [%]
# name 7 = flSP: Fluorescence, Seapoint
# name 8 = spar: SPAR, Biospherical/Licor
# name 9 = upoly0: Upoly 0, Suna Nitrate
# name 10 = t190C: Temperature, 2 [ITS-90, deg C]
# name 11 = c1uS/cm: Conductivity, 2 [uS/cm]
# name 12 = sbeox1V: Oxygen raw, SBE 43, 2 [V]
# name 13 = depFM: Depth [fresh water, m], lat = 43.383
# name 14 = sbeox0Mg/L: Oxygen, SBE 43 [mg/l], WS = 2
# name 15 = specc: Specific Conductance [uS/cm]
# name 16 = sbeox1Mg/L: Oxygen, SBE 43, 2 [mg/l], WS = 2
# name 17 = flag: flag
# span 0 =      0.147,     16.335       
# span 1 =     5.2530,    10.2128       
# span 2 =  19.314830, 263.493317       
# span 3 =     0.0085,     0.0354       
# span 4 = 2.1420e+01, 3.6010e+03       
# span 5 =     0.1585,     3.4052       
# span 6 =    42.6857,    96.1147       
# span 7 = 0.0000e+00, 4.0659e+00       
# span 8 = 1.1047e+03, 1.4630e+03       
# span 9 =  0.0413330,  0.0621209       
# span 10 =     5.2535,    10.2773      
# span 11 =   6.383790, 211.359334      
# span 12 =     1.7387,     2.6874      
# span 13 =      0.150,     16.657      
# span 14 =    -3.1740,    -2.6278      
# span 15 =     27.468,    374.557      
# span 16 =     7.3386,    13.5849      
# span 17 = 0.0000e+00, 0.0000e+00      
# interval = seconds: 0.0416667
# start_time = Sep 26 2023 14:24:59 [NMEA time, header]
# bad_flag = -9.990e-29
*END*
[from data line 1207]
      2.157     7.0025 209.652056     0.0195 9.0548e+02     0.9129    79.5946 2.0147e-01 1.3882e+03  0.0434118     6.9712 210.964596     2.0281      2.200    -2.9530    327.539     8.7943 -9.990e-29
      2.158     7.0025 209.628104     0.0269 9.1059e+02     0.9129    79.5946 2.0147e-01 1.3863e+03  0.0434118     6.9712 211.055688     2.0269      2.201    -2.8962    327.501     8.7892 -9.990e-29
      2.160     7.0025 209.699963     0.0269 9.1059e+02     0.9129    79.5946 1.9780e-01 1.3863e+03  0.0434118     6.9709 211.177146     2.0256      2.203    -2.9114    327.613     8.7833 -9.990e-29
      2.160     7.0027 209.735891     0.0171 9.1059e+02     0.9129    79.5946 1.9780e-01 1.3863e+03  0.0434118     6.9707 211.086053     2.0244      2.203    -2.9563    327.667     8.7777 -9.990e-29
      2.160     7.0030 209.771820     0.0330 8.7544e+02     0.9116    79.6207 1.9414e-01 1.3843e+03  0.0434118     6.9699 211.055689     2.0232      2.203    -2.8683    327.721     8.7719 -9.990e-29
      2.161     7.0030 209.807750     0.0147 8.0462e+02     0.9116    79.6207 1.9414e-01 1.3843e+03  0.0434118     6.9697 211.086054     2.0232      2.204    -2.9745    327.777     8.7731 -9.990e-29
      2.161     7.0030 209.819727     0.0342 7.8672e+02     0.9116    79.6207 1.9780e-01 1.3843e+03  0.0434118     6.9691 211.177147     2.0220      2.204    -2.8534    327.795     8.7677 -9.990e-29
      2.159     7.0035 209.855656     0.0208 7.8672e+02     0.9116    79.6207 1.9780e-01 1.3843e+03  0.0434118     6.9689 211.116418     2.0208      2.202    -2.9443    327.846     8.7619 -9.990e-29
      2.157     7.0035 209.867632     0.0269 7.8894e+02     0.9103    79.6469 1.9780e-01 1.3823e+03  0.0434118     6.9686 211.298604     2.0195      2.200    -2.8942    327.865     8.7562 -9.990e-29
      2.156     7.0036 209.915539     0.0281 7.9116e+02     0.9116    79.6207 1.9414e-01 1.3823e+03  0.0434118     6.9686 211.268240     2.0183      2.199    -2.9013    327.939     8.7506 -9.990e-29
      2.156     7.0036 209.951469     0.0171 8.1143e+02     0.9090    79.6730 2.0147e-01 1.3823e+03  0.0434118     6.9686 211.328968     2.0171      2.199    -2.9543    327.995     8.7457 -9.990e-29
      2.155     7.0040 209.999377     0.0330 9.5249e+02     0.9116    79.6207 2.0879e-01 1.3823e+03  0.0434118     6.9694 211.359334     2.0171      2.197    -2.8663    328.066     8.7465 -9.990e-29
      2.153     7.0039 210.023329     0.0147 1.0219e+03     0.9103    79.6469 2.1978e-01 1.3803e+03  0.0434118     6.9702 211.268238     2.0159      2.195    -2.9733    328.104     8.7417 -9.990e-29
      2.152     7.0038 210.095191     0.0330 1.0305e+03     0.9116    79.6207 2.2344e-01 1.3803e+03  0.0434118     6.9714 211.177145     2.0147      2.194    -2.8592    328.218     8.7365 -9.990e-29
      2.151     7.0039 210.059262     0.0208 1.1371e+03     0.9116    79.6207 2.3810e-01 1.3803e+03  0.0434118     6.9725 211.086052     2.0134      2.193    -2.9438    328.160     8.7304 -9.990e-29
      2.148     7.0040 210.095191     0.0256 1.1961e+03     0.9116    79.6207 2.4542e-01 1.3803e+03  0.0434118     6.9731 211.207508     2.0122      2.190    -2.9022    328.215     8.7245 -9.990e-29
      2.145     7.0043 210.083213     0.0281 1.2029e+03     0.9116    79.6207 2.3443e-01 1.3803e+03  0.0434118     6.9762 211.086048     2.0122      2.187    -2.9025    328.194     8.7260 -9.990e-29
      2.144     7.0045 210.083214     0.0171 9.7142e+02     0.9116    79.6207 2.2344e-01 1.3803e+03  0.0434118     6.9801 211.055682     2.0110      2.186    -2.9553    328.192     8.7196 -9.990e-29
      2.144     7.0048 210.035306     0.0342 8.4639e+02     0.9103    79.6469 2.1612e-01 1.3803e+03  0.0434118     6.9862 210.964586     2.0098      2.186    -2.8592    328.114     8.7124 -9.990e-29
      2.143     7.0049 210.023330     0.0147 8.2989e+02     0.9116    79.6207 2.1245e-01 1.3784e+03  0.0434118     6.9928 211.025309     2.0085      2.185    -2.9750    328.094     8.7040 -9.990e-29
      2.141     7.0058 210.023329     0.0330 8.2756e+02     0.9103    79.6469 2.1245e-01 1.3784e+03  0.0434118     6.9990 211.055669     2.0085      2.183    -2.8608    328.085     8.7042 -9.990e-29
      2.138     7.0066 209.963444     0.0208 8.2061e+02     0.9103    79.6469 2.1978e-01 1.3784e+03  0.0434118     7.0053 210.964573     2.0073      2.180    -2.9452    327.983     8.6965 -9.990e-29
      2.134     7.0085 209.939489     0.0256 8.2061e+02     0.9116    79.6207 2.1612e-01 1.3784e+03  0.0434118     7.0117 210.782385     2.0061      2.176    -2.9034    327.926     8.6905 -9.990e-29
      2.131     7.0108 209.903556     0.0293 9.2088e+02     0.9116    79.6207 2.1612e-01 1.3784e+03  0.0434118     7.0179 210.782380     2.0049      2.173    -2.8946    327.846     8.6840 -9.990e-29
      2.128     7.0132 209.855649     0.0159 1.0689e+03     0.9129    79.5946 2.1978e-01 1.3764e+03  0.0434118     7.0240 210.812740     2.0049      2.170    -2.9623    327.747     8.6843 -9.990e-29
      2.127     7.0164 209.879598     0.0342 1.1024e+03     0.9129    79.5946 2.1978e-01 1.3764e+03  0.0434118     7.0299 210.812734     2.0037      2.169    -2.8580    327.752     8.6771 -9.990e-29
      2.126     7.0189 209.903553     0.0147 1.1861e+03     0.9116    79.6207 2.1612e-01 1.3764e+03  0.0434118     7.0350 210.812734     2.0024      2.168    -2.9745    327.763     8.6700 -9.990e-29
      2.125     7.0213 209.879596     0.0330 1.3574e+03     0.9129    79.5946 2.1612e-01 1.3764e+03  0.0434118     7.0394 210.873456     2.0012      2.167    -2.8592    327.701     8.6630 -9.990e-29
      2.123     7.0239 209.867619     0.0220 1.4080e+03     0.9129    79.5946 2.1612e-01 1.3764e+03  0.0434118     7.0435 210.903819     2.0000      2.165    -2.9382    327.656     8.6556 -9.990e-29
      2.121     7.0262 209.915523     0.0256 1.3124e+03     0.9129    79.5946 2.1612e-01 1.3764e+03  0.0434118     7.0470 210.812724     1.9988      2.163    -2.9035    327.707     8.6488 -9.990e-29
      2.119     7.0283 209.891569     0.0293 1.0779e+03     0.9129    79.5946 2.1978e-01 1.3764e+03  0.0434118     7.0502 210.873450     1.9988      2.161    -2.8947    327.649     8.6499 -9.990e-29
      2.117     7.0302 209.891566     0.0159 1.0133e+03     0.9129    79.5946 2.2344e-01 1.3764e+03  0.0434118     7.0532 210.782356     1.9976      2.159    -2.9633    327.629     8.6433 -9.990e-29
      2.115     7.0320 209.927496     0.0342 1.0076e+03     0.9116    79.6207 2.1978e-01 1.3744e+03  0.0434118     7.0551 210.782355     1.9976      2.157    -2.8572    327.667     8.6447 -9.990e-29
      2.113     7.0336 209.891565     0.0159 9.8241e+02     0.9129    79.5946 2.1978e-01 1.3744e+03  0.0434118     7.0572 210.751990     1.9963      2.155    -2.9675    327.594     8.6376 -9.990e-29
      2.111     7.0349 209.891563     0.0317 9.7142e+02     0.9116    79.6207 2.1978e-01 1.3744e+03  0.0434118     7.0593 210.782351     1.9951      2.153    -2.8662    327.581     8.6316 -9.990e-29
      2.109     7.0361 209.891562     0.0220 9.6869e+02     0.9129    79.5946 2.2344e-01 1.3744e+03  0.0434118     7.0613 210.812714     1.9939      2.151    -2.9366    327.569     8.6251 -9.990e-29
      2.108     7.0372 209.927492     0.0232 9.3655e+02     0.9129    79.5946 2.1978e-01 1.3744e+03  0.0434118     7.0632 210.721621     1.9939      2.150    -2.9161    327.614     8.6273 -9.990e-29
      2.107     7.0381 209.939469     0.0305 9.1830e+02     0.9129    79.5946 2.1978e-01 1.3744e+03  0.0434118     7.0642 210.903804     1.9927      2.149    -2.8851    327.623     8.6218 -9.990e-29
      2.105     7.0390 209.975398     0.0147 9.1830e+02     0.9116    79.6207 2.1978e-01 1.3744e+03  0.0434118     7.0651 210.964530     1.9915      2.147    -2.9688    327.670     8.6168 -9.990e-29
      2.104     7.0399 209.927489     0.0342 9.4449e+02     0.9129    79.5946 2.1978e-01 1.3744e+03  0.0434118     7.0663 210.782346     1.9902      2.145    -2.8557    327.586     8.6104 -9.990e-29
      2.104     7.0413 209.939467     0.0147 9.6056e+02     0.9116    79.6207 2.1978e-01 1.3744e+03  0.0434118     7.0672 210.903802     1.9902      2.145    -2.9741    327.590     8.6114 -9.990e-29
      2.104     7.0420 209.963419     0.0317 9.6326e+02     0.9129    79.5946 2.2344e-01 1.3744e+03  0.0434118     7.0684 211.025256     1.9890      2.145    -2.8640    327.621     8.6064 -9.990e-29
      2.104     7.0436 209.975394     0.0232 1.0480e+03     0.9129    79.5946 2.2344e-01 1.3744e+03  0.0434118     7.0689 210.934164     1.9878      2.145    -2.9273    327.623     8.6011 -9.990e-29
      2.103     7.0439 210.011326     0.0220 1.1244e+03     0.9129    79.5946 2.2344e-01 1.3764e+03  0.0434118     7.0692 210.934165     1.9866      2.144    -2.9202    327.676     8.5951 -9.990e-29
      2.102     7.0437 210.047254     0.0305 1.1371e+03     0.9155    79.5423 2.1978e-01 1.3764e+03  0.0434118     7.0693 211.025254     1.9866      2.143    -2.8814    327.734     8.5968 -9.990e-29
      2.102     7.0426 210.011327     0.0147 1.0840e+03     0.9142    79.5685 2.2344e-01 1.3764e+03  0.0434118     7.0702 210.964528     1.9853      2.143    -2.9663    327.689     8.5918 -9.990e-29
      2.102     7.0406 210.011327     0.0342 1.0305e+03     0.9168    79.5162 2.1978e-01 1.3764e+03  0.0434118     7.0702 210.843072     1.9853      2.143    -2.8526    327.710     8.5942 -9.990e-29
      2.101     7.0388 210.047259     0.0171 1.0219e+03     0.9155    79.5423 2.1978e-01 1.3764e+03  0.0434118     7.0711 210.873435     1.9841      2.142    -2.9580    327.784     8.5885 -9.990e-29
      2.100     7.0367 210.011330     0.0305 9.4183e+02     0.9142    79.5685 2.1978e-01 1.3764e+03  0.0434118     7.0713 210.994890     1.9829      2.141    -2.8694    327.750     8.5832 -9.990e-29
      2.100     7.0349 209.987377     0.0244 8.2756e+02     0.9155    79.5423 2.2344e-01 1.3764e+03  0.0434118     7.0716 210.934162     1.9817      2.141    -2.9197    327.731     8.5784 -9.990e-29
      2.100     7.0328 210.035286     0.0208 8.0236e+02     0.9155    79.5423 2.2344e-01 1.3764e+03  0.0434118     7.0713 210.903798     1.9817      2.141    -2.9270    327.827     8.5812 -9.990e-29
      2.100     7.0311 210.071219     0.0317 8.3928e+02     0.9155    79.5423 2.2711e-01 1.3764e+03  0.0434118     7.0716 210.903799     1.9805      2.141    -2.8742    327.900     8.5759 -9.990e-29
      2.098     7.0297 210.107150     0.0134 9.2869e+02     0.9142    79.5685 2.2711e-01 1.3764e+03  0.0434118     7.0721 210.934162     1.9792      2.139    -2.9748    327.971     8.5703 -9.990e-29
      2.096     7.0286 210.119127     0.0342 9.6056e+02     0.9155    79.5423 2.2711e-01 1.3764e+03  0.0434118     7.0731 211.025252     1.9792      2.137    -2.8524    328.001     8.5716 -9.990e-29
      2.097     7.0283 210.071220     0.0171 9.9632e+02     0.9155    79.5423 2.2711e-01 1.3764e+03  0.0434118     7.0737 210.873433     1.9780      2.138    -2.9586    327.929     8.5660 -9.990e-29
      2.098     7.0283 210.095174     0.0293 1.1467e+03     0.9142    79.5685 2.1978e-01 1.3764e+03  0.0434118     7.0753 210.873432     1.9768      2.139    -2.8768    327.966     8.5605 -9.990e-29
      2.099     7.0288 210.155059     0.0256 1.2096e+03     0.9142    79.5685 2.0879e-01 1.3764e+03  0.0434118     7.0765 210.782341     1.9768      2.140    -2.9126    328.055     8.5625 -9.990e-29
      2.098     7.0295 210.131104     0.0195 1.2130e+03     0.9142    79.5685 2.0513e-01 1.3764e+03  0.0434118     7.0789 210.843065     1.9756      2.139    -2.9345    328.010     8.5574 -9.990e-29
      2.097     7.0309 210.131103     0.0317 1.2268e+03     0.9155    79.5423 2.0513e-01 1.3764e+03  0.0434118     7.0827 210.812699     1.9756      2.138    -2.8718    327.996     8.5594 -9.990e-29
      2.097     7.0327 210.119124     0.0147 1.2372e+03     0.9155    79.5423 2.1245e-01 1.3764e+03  0.0434118     7.0861 210.751969     1.9744      2.138    -2.9654    327.959     8.5534 -9.990e-29
      2.098     7.0346 210.047263     0.0342 1.2337e+03     0.9155    79.5423 2.1612e-01 1.3764e+03  0.0434118     7.0907 210.691240     1.9744      2.139    -2.8495    327.827     8.5547 -9.990e-29
      2.097     7.0369 209.999353     0.0183 1.1339e+03     0.9155    79.5423 2.2711e-01 1.3764e+03  0.0434118     7.0959 210.691235     1.9731      2.138    -2.9502    327.729     8.5492 -9.990e-29
      2.097     7.0395 209.999351     0.0293 1.0810e+03     0.9155    79.5423 2.2711e-01 1.3744e+03  0.0434118     7.1021 210.600141     1.9731      2.138    -2.8736    327.702     8.5505 -9.990e-29
      2.096     7.0421 209.939465     0.0256 1.0749e+03     0.9142    79.5685 2.2344e-01 1.3744e+03  0.0434118     7.1082 210.478683     1.9719      2.137    -2.9103    327.582     8.5448 -9.990e-29
      2.096     7.0453 209.891556     0.0195 9.5517e+02     0.9129    79.5946 2.1978e-01 1.3744e+03  0.0434118     7.1159 210.509041     1.9707      2.137    -2.9329    327.475     8.5378 -9.990e-29
      2.096     7.0484 209.939461     0.0342 8.7544e+02     0.9103    79.6469 2.1612e-01 1.3744e+03  0.0434118     7.1279 210.448306     1.9707      2.137    -2.8555    327.518     8.5382 -9.990e-29
      2.096     7.0523 209.855622     0.0147 8.6565e+02     0.9090    79.6730 2.3443e-01 1.3744e+03  0.0434118     7.1425 210.387570     1.9695      2.137    -2.9647    327.347     8.5309 -9.990e-29
      2.096     7.0560 209.783759     0.0342 9.9632e+02     0.9103    79.6469 2.4176e-01 1.3744e+03  0.0434118     7.1558 210.417924     1.9683      2.137    -2.8471    327.197     8.5231 -9.990e-29
      2.096     7.0609 209.711897     0.0195 1.1403e+03     0.9090    79.6730 2.3810e-01 1.3744e+03  0.0434118     7.1665 210.448280     1.9683      2.137    -2.9424    327.035     8.5232 -9.990e-29
      2.096     7.0664 209.723870     0.0281 1.1695e+03     0.9090    79.6730 2.3077e-01 1.3744e+03  0.0434118     7.1746 210.266096     1.9683      2.137    -2.8799    326.998     8.5239 -9.990e-29
      2.097     7.0722 209.675960     0.0269 1.1597e+03     0.9090    79.6730 2.2344e-01 1.3744e+03  0.0434118     7.1814 210.266091     1.9670      2.138    -2.9008    326.864     8.5181 -9.990e-29
      2.097     7.0782 209.699909     0.0183 1.1499e+03     0.9090    79.6730 2.2344e-01 1.3744e+03  0.0434118     7.1862 210.174999     1.9658      2.138    -2.9381    326.840     8.5133 -9.990e-29
      2.099     7.0840 209.675952     0.0330 1.1499e+03     0.9090    79.6730 2.1612e-01 1.3744e+03  0.0434118     7.1904 210.235722     1.9658      2.140    -2.8588    326.744     8.5160 -9.990e-29
      2.100     7.0898 209.568162     0.0147 1.0779e+03     0.9090    79.6730 2.1245e-01 1.3744e+03  0.0434118     7.1951 210.235719     1.9646      2.141    -2.9626    326.517     8.5114 -9.990e-29
      2.102     7.0951 209.651992     0.0342 9.4715e+02     0.9103    79.6469 2.1245e-01 1.3744e+03  0.0434118     7.1998 210.235716     1.9646      2.143    -2.8441    326.593     8.5139 -9.990e-29
      2.103     7.1002 209.640013     0.0195 9.1059e+02     0.9103    79.6469 2.1978e-01 1.3725e+03  0.0434118     7.2050 210.114262     1.9634      2.144    -2.9411    326.523     8.5091 -9.990e-29
      2.102     7.1045 209.604080     0.0269 9.0548e+02     0.9090    79.6730 2.3077e-01 1.3725e+03  0.0434118     7.2110 210.235708     1.9634      2.143    -2.8850    326.423     8.5113 -9.990e-29
      2.102     7.1088 209.556173     0.0269 8.8534e+02     0.9103    79.6469 2.4176e-01 1.3725e+03  0.0434118     7.2167 210.235704     1.9621      2.143    -2.8998    326.305     8.5057 -9.990e-29
      2.102     7.1140 209.556169     0.0171 8.7790e+02     0.9090    79.6730 2.3810e-01 1.3725e+03  0.0434118     7.2224 210.144612     1.9621      2.143    -2.9453    326.252     8.5087 -9.990e-29
