data/05_metadata_exports/SeabirdData/202310_SeabirdData/88725_STN35.cnv
* Sea-Bird SBE 9 Data File:
* FileName = C:\Users\rosette\Rosette Data\2023\Ontario lower food web csmi\STN35.hex
* Software Version Seasave V 7.26.6.26
* Temperature SN = 5270
* Conductivity SN = 1168
* Number of Bytes Per Scan = 40
* Number of Voltage Words = 5
* Number of Scans Averaged by the Deck Unit = 1
* NMEA Latitude = 43 21.68 N
* NMEA Longitude = 078 43.69 W
* NMEA UTC (Time) = Sep 26 2023  17:48:45
* NMEA baud rate = 4800
** Ship: Lake Guardian
** Cruise: Ontario Lower Food Web 2023
** Station:  STN35
# nquan = 18                                
# nvalues = 10570                       
# units = specified
# name 0 = prDM: Pressure, Digiquartz [db]
# name 1 = t090C: Temperature [ITS-90, deg C]
# name 2 = c0uS/cm: Conductivity [uS/cm]
# name 3 = sbeox0V: Oxygen raw, SBE 43 [V]
# name 4 = par: PAR/Irradiance, Biospherical/Licor
# name 5 = bat: Beam Attenuation, Chelsea/Seatech [1/m]
# name 6 = xmiss: Beam Transmission, Chelsea/Seatech [%]
# name 7 = flSP: Fluorescence, Seapoint
# name 8 = spar: SPAR, Biospherical/Licor
# name 9 = upoly0: Upoly 0, Suna Nitrate
# name 10 = t190C: Temperature, 2 [ITS-90, deg C]
# name 11 = c1uS/cm: Conductivity, 2 [uS/cm]
# name 12 = sbeox1V: Oxygen raw, SBE 43, 2 [V]
# name 13 = depFM: Depth [fresh water, m], lat = 43.3613
# name 14 = sbeox0Mg/L: Oxygen, SBE 43 [mg/l], WS = 2
# name 15 = specc: Specific Conductance [uS/cm]
# name 16 = sbeox1Mg/L: Oxygen, SBE 43, 2 [mg/l], WS = 2
# name 17 = flag: flag
# span 0 =     -0.009,     26.290       
# span 1 =     9.1648,    13.6636       
# span 2 =   4.829785, 237.092364       
# span 3 =     0.0122,     0.0366       
# span 4 = 3.1017e+00, 3.2090e+03       
# span 5 =     0.2166,     2.9278       
# span 6 =    48.0966,    94.7293       
# span 7 = 0.0000e+00, 5.4762e+00       
# span 8 = 1.5635e+03, 1.6560e+03       
# span 9 =  0.0413330,  0.0621209       
# span 10 =     9.1640,    13.1376      
# span 11 =   5.000425, 237.696766      
# span 12 =     1.8620,     2.6764      
# span 13 =     -0.009,     26.808      
# span 14 =    -2.8103,    -2.4187      
# span 15 =      6.372,    313.733      
# span 16 =     6.9726,    11.6168      
# span 17 = 0.0000e+00, 0.0000e+00      
# interval = seconds: 0.0416667
# start_time = Sep 26 2023 17:48:45 [NMEA time, header]
# bad_flag = -9.990e-29
*END*
[from data line 1287]
      2.028    13.1927 236.467729     0.0220 1.0719e+03     0.7419    83.0711 3.6264e-01 1.6521e+03  0.0425803    13.0262 234.170584     2.2466      2.068    -2.5098    309.546     8.5022 -9.990e-29
      2.023    13.1983 236.539802     0.0330 1.0363e+03     0.7406    83.0973 3.6264e-01 1.6521e+03  0.0425803    13.0310 234.170579     2.2442      2.063    -2.4559    309.595     8.4911 -9.990e-29
      2.019    13.2037 236.527786     0.0183 1.0219e+03     0.7406    83.0973 3.6630e-01 1.6521e+03  0.0429961    13.0349 234.231370     2.2418      2.059    -2.5294    309.536     8.4794 -9.990e-29
      2.013    13.2080 236.623887     0.0342 1.0276e+03     0.7419    83.0711 3.7363e-01 1.6521e+03  0.0429961    13.0383 234.261763     2.2393      2.053    -2.4501    309.627     8.4677 -9.990e-29
      2.008    13.2130 236.647909     0.0171 1.0719e+03     0.7406    83.0973 3.7729e-01 1.6521e+03  0.0425803    13.0403 234.200968     2.2369      2.048    -2.5363    309.618     8.4559 -9.990e-29
      2.004    13.2165 236.719987     0.0354 1.0932e+03     0.7419    83.0711 3.7729e-01 1.6521e+03  0.0429961    13.0427 234.231363     2.2344      2.044    -2.4432    309.683     8.4447 -9.990e-29
      2.000    13.2199 236.828106     0.0195 1.0963e+03     0.7419    83.0711 3.8462e-01 1.6521e+03  0.0429961    13.0445 234.261758     2.2320      2.039    -2.5246    309.797     8.4339 -9.990e-29
      1.998    13.2226 236.888172     0.0342 1.1339e+03     0.7419    83.0711 3.9194e-01 1.6521e+03  0.0425803    13.0467 234.200963     2.2295      2.037    -2.4480    309.854     8.4231 -9.990e-29
      1.997    13.2253 236.840115     0.0220 1.1597e+03     0.7419    83.0711 4.0293e-01 1.6521e+03  0.0429961    13.0476 234.200963     2.2271      2.036    -2.5113    309.769     8.4133 -9.990e-29
      1.996    13.2279 236.828100     0.0305 1.1629e+03     0.7419    83.0711 3.9560e-01 1.6521e+03  0.0429961    13.0487 234.231358     2.2259      2.035    -2.4655    309.732     8.4096 -9.990e-29
      1.995    13.2301 236.912194     0.0256 1.1597e+03     0.7419    83.0711 3.8095e-01 1.6521e+03  0.0425803    13.0489 234.261755     2.2234      2.034    -2.4929    309.825     8.3990 -9.990e-29
      1.993    13.2323 236.876151     0.0256 1.1564e+03     0.7419    83.0711 3.7363e-01 1.6521e+03  0.0429961    13.0494 234.231358     2.2198      2.032    -2.4903    309.760     8.3830 -9.990e-29
      1.992    13.2361 236.924202     0.0293 1.1564e+03     0.7406    83.0973 3.6630e-01 1.6521e+03  0.0429961    13.0504 234.170564     2.2186      2.031    -2.4740    309.792     8.3792 -9.990e-29
      1.991    13.2405 236.876144     0.0220 1.1181e+03     0.7419    83.0711 3.6996e-01 1.6521e+03  0.0429961    13.0507 234.170564     2.2161      2.030    -2.5082    309.693     8.3691 -9.990e-29
      1.989    13.2449 236.876141     0.0330 1.0779e+03     0.7406    83.0973 3.6996e-01 1.6521e+03  0.0429961    13.0512 234.261752     2.2149      2.028    -2.4544    309.658     8.3654 -9.990e-29
      1.988    13.2484 236.960234     0.0183 1.0689e+03     0.7406    83.0973 3.7363e-01 1.6521e+03  0.0429961    13.0518 234.231356     2.2125      2.027    -2.5279    309.739     8.3558 -9.990e-29
      1.988    13.2509 236.984259     0.0354 1.0963e+03     0.7419    83.0711 3.7363e-01 1.6521e+03  0.0429961    13.0522 234.322544     2.2100      2.027    -2.4427    309.750     8.3454 -9.990e-29
      1.989    13.2532 237.056341     0.0171 1.1371e+03     0.7419    83.0711 3.6996e-01 1.6521e+03  0.0425803    13.0497 234.261754     2.2076      2.028    -2.5351    309.826     8.3364 -9.990e-29
      1.991    13.2564 237.008283     0.0354 1.1467e+03     0.7406    83.0973 3.6630e-01 1.6521e+03  0.0429961    13.0451 234.322550     2.2063      2.030    -2.4421    309.737     8.3337 -9.990e-29
      1.993    13.2598 236.984253     0.0195 1.1339e+03     0.7394    83.1234 3.6996e-01 1.6521e+03  0.0429961    13.0427 234.292155     2.2039      2.032    -2.5234    309.678     8.3245 -9.990e-29
      1.995    13.2626 236.948209     0.0342 1.1024e+03     0.7394    83.1234 3.6996e-01 1.6521e+03  0.0429961    13.0406 234.292157     2.2015      2.034    -2.4469    309.608     8.3156 -9.990e-29
      1.998    13.2660 237.044317     0.0220 1.0932e+03     0.7406    83.0973 3.6630e-01 1.6521e+03  0.0429961    13.0389 234.231366     2.1990      2.037    -2.5094    309.707     8.3063 -9.990e-29
      2.000    13.2695 237.032302     0.0293 1.0719e+03     0.7394    83.1234 3.6264e-01 1.6521e+03  0.0429961    13.0364 234.261765     2.1978      2.039    -2.4697    309.662     8.3035 -9.990e-29
      2.002    13.2720 237.032298     0.0256 1.0019e+03     0.7406    83.0973 3.5531e-01 1.6521e+03  0.0429961    13.0332 234.292162     2.1954      2.041    -2.4898    309.642     8.2955 -9.990e-29
      2.004    13.2744 237.044312     0.0256 9.7690e+02     0.7394    83.1234 3.5897e-01 1.6521e+03  0.0429961    13.0306 234.231373     2.1929      2.044    -2.4871    309.639     8.2865 -9.990e-29
      2.005    13.2772 237.092364     0.0293 9.8795e+02     0.7406    83.0973 3.6630e-01 1.6521e+03  0.0429961    13.0280 234.231374     2.1917      2.045    -2.4703    309.679     8.2844 -9.990e-29
      2.006    13.2809 237.044306     0.0208 1.0659e+03     0.7394    83.1234 3.7363e-01 1.6521e+03  0.0429961    13.0274 234.231374     2.1893      2.046    -2.5106    309.586     8.2760 -9.990e-29
      2.009    13.2842 237.056317     0.0330 1.0994e+03     0.7406    83.0973 3.8095e-01 1.6521e+03  0.0429961    13.0248 234.261773     2.1868      2.049    -2.4509    309.575     8.2675 -9.990e-29
      2.012    13.2873 237.080344     0.0183 1.1056e+03     0.7406    83.0973 3.9194e-01 1.6501e+03  0.0429961    13.0218 234.292173     2.1844      2.052    -2.5243    309.581     8.2592 -9.990e-29
      2.015    13.2899 237.080340     0.0354 1.2029e+03     0.7406    83.0973 3.9560e-01 1.6501e+03  0.0429961    13.0198 234.292173     2.1832      2.055    -2.4392    309.560     8.2570 -9.990e-29
      2.018    13.2924 237.032283     0.0171 1.2582e+03     0.7406    83.0973 3.8462e-01 1.6501e+03  0.0429961    13.0196 234.200985     2.1807      2.058    -2.5315    309.477     8.2478 -9.990e-29
      2.021    13.2941 236.984228     0.0354 1.2653e+03     0.7406    83.0973 3.7363e-01 1.6501e+03  0.0429961    13.0208 234.261777     2.1795      2.061    -2.4386    309.401     8.2453 -9.990e-29
      2.023    13.2964 236.948185     0.0195 1.2511e+03     0.7406    83.0973 3.6630e-01 1.6501e+03  0.0429961    13.0206 234.231381     2.1783      2.063    -2.5199    309.335     8.2424 -9.990e-29
      2.024    13.2992 236.912140     0.0330 1.2406e+03     0.7406    83.0973 3.7729e-01 1.6501e+03  0.0429961    13.0208 234.261776     2.1758      2.064    -2.4500    309.265     8.2327 -9.990e-29
      2.025    13.3022 236.840057     0.0220 1.2406e+03     0.7394    83.1234 3.9927e-01 1.6501e+03  0.0429961    13.0216 234.292173     2.1734      2.065    -2.5070    309.147     8.2235 -9.990e-29
      2.026    13.3055 236.804013     0.0293 1.1435e+03     0.7394    83.1234 4.1758e-01 1.6501e+03  0.0429961    13.0228 234.292170     2.1722      2.066    -2.4672    309.073     8.2205 -9.990e-29
      2.028    13.3084 236.767972     0.0256 1.0569e+03     0.7394    83.1234 4.2857e-01 1.6501e+03  0.0429961    13.0242 234.292171     2.1697      2.068    -2.4879    309.003     8.2100 -9.990e-29
      2.030    13.3104 236.791995     0.0256 1.0422e+03     0.7406    83.0973 4.2125e-01 1.6501e+03  0.0429961    13.0260 234.292168     2.1685      2.070    -2.4852    309.018     8.2069 -9.990e-29
      2.032    13.3117 236.755955     0.0305 1.1149e+03     0.7394    83.1234 4.0659e-01 1.6501e+03  0.0429961    13.0282 234.231375     2.1661      2.072    -2.4624    308.961     8.1969 -9.990e-29
      2.034    13.3127 236.767968     0.0208 1.2165e+03     0.7381    83.1496 3.9560e-01 1.6501e+03  0.0429961    13.0311 234.231373     2.1648      2.074    -2.5094    308.968     8.1931 -9.990e-29
      2.035    13.3136 236.743941     0.0330 1.2372e+03     0.7369    83.1757 3.8462e-01 1.6501e+03  0.0429961    13.0348 234.231370     2.1624      2.075    -2.4498    308.930     8.1834 -9.990e-29
      2.037    13.3141 236.767966     0.0183 1.2302e+03     0.7369    83.1757 3.8095e-01 1.6501e+03  0.0429961    13.0382 234.170574     2.1612      2.077    -2.5227    308.957     8.1799 -9.990e-29
      2.039    13.3147 236.719913     0.0354 1.2199e+03     0.7369    83.1757 3.8095e-01 1.6501e+03  0.0429961    13.0410 234.292158     2.1600      2.079    -2.4377    308.890     8.1758 -9.990e-29
      2.041    13.3152 236.671859     0.0171 1.2199e+03     0.7381    83.1496 3.8462e-01 1.6501e+03  0.0429961    13.0443 234.261759     2.1575      2.081    -2.5300    308.823     8.1655 -9.990e-29
      2.042    13.3156 236.719912     0.0354 1.1995e+03     0.7381    83.1496 3.7729e-01 1.6501e+03  0.0429961    13.0459 234.261758     2.1563      2.082    -2.4366    308.882     8.1620 -9.990e-29
      2.043    13.3163 236.743938     0.0195 1.1403e+03     0.7369    83.1757 3.6996e-01 1.6501e+03  0.0429961    13.0481 234.292153     2.1538      2.083    -2.5173    308.908     8.1517 -9.990e-29
      2.043    13.3171 236.743936     0.0330 1.1212e+03     0.7369    83.1757 3.6996e-01 1.6501e+03  0.0429961    13.0496 234.292150     2.1526      2.083    -2.4470    308.901     8.1474 -9.990e-29
      2.045    13.3178 236.695885     0.0232 1.1087e+03     0.7381    83.1496 3.8095e-01 1.6501e+03  0.0429961    13.0506 234.292152     2.1514      2.085    -2.4986    308.833     8.1438 -9.990e-29
      2.046    13.3188 236.635816     0.0293 1.0480e+03     0.7381    83.1496 3.8095e-01 1.6501e+03  0.0429961    13.0515 234.231357     2.1490      2.086    -2.4651    308.747     8.1338 -9.990e-29
      2.045    13.3200 236.695882     0.0269 1.0247e+03     0.7381    83.1496 3.8095e-01 1.6501e+03  0.0429961    13.0514 234.231357     2.1477      2.085    -2.4793    308.815     8.1295 -9.990e-29
      2.044    13.3208 236.683867     0.0256 1.0190e+03     0.7381    83.1496 3.8095e-01 1.6501e+03  0.0429961    13.0470 234.261756     2.1465      2.084    -2.4833    308.793     8.1270 -9.990e-29
      2.045    13.3216 236.635814     0.0305 9.6326e+02     0.7381    83.1496 3.7363e-01 1.6501e+03  0.0429961    13.0422 234.231364     2.1453      2.085    -2.4612    308.724     8.1244 -9.990e-29
      2.045    13.3223 236.659840     0.0208 9.3655e+02     0.7381    83.1496 3.6630e-01 1.6501e+03  0.0429961    13.0391 234.261763     2.1429      2.085    -2.5082    308.750     8.1150 -9.990e-29
      2.046    13.3228 236.659840     0.0330 9.3655e+02     0.7369    83.1757 3.6264e-01 1.6501e+03  0.0429961    13.0363 234.231369     2.1416      2.086    -2.4487    308.746     8.1104 -9.990e-29
      2.046    13.3233 236.575746     0.0183 1.0247e+03     0.7381    83.1496 3.6264e-01 1.6501e+03  0.0429961    13.0321 234.231372     2.1404      2.086    -2.5216    308.632     8.1070 -9.990e-29
      2.046    13.3236 236.551720     0.0342 1.0840e+03     0.7381    83.1496 3.6264e-01 1.6481e+03  0.0429961    13.0303 234.231374     2.1392      2.086    -2.4422    308.598     8.1036 -9.990e-29
      2.045    13.3240 236.491654     0.0171 1.0932e+03     0.7381    83.1496 3.6996e-01 1.6481e+03  0.0429961    13.0285 234.261771     2.1368      2.085    -2.5285    308.517     8.0936 -9.990e-29
      2.043    13.3240 236.467628     0.0342 1.1894e+03     0.7381    83.1496 3.7363e-01 1.6481e+03  0.0429961    13.0282 234.292168     2.1355      2.083    -2.4413    308.485     8.0895 -9.990e-29
      2.040    13.3245 236.419575     0.0195 1.2760e+03     0.7381    83.1496 3.8095e-01 1.6481e+03  0.0429961    13.0291 234.292167     2.1331      2.080    -2.5171    308.419     8.0792 -9.990e-29
      2.036    13.3250 236.383536     0.0330 1.2941e+03     0.7381    83.1496 3.7729e-01 1.6481e+03  0.0429961    13.0306 234.352959     2.1319      2.076    -2.4474    308.368     8.0748 -9.990e-29
      2.033    13.3247 236.371522     0.0232 1.2302e+03     0.7381    83.1496 3.8095e-01 1.6481e+03  0.0429961    13.0324 234.474542     2.1306      2.073    -2.4992    308.354     8.0695 -9.990e-29
      2.030    13.3248 236.359510     0.0293 1.1695e+03     0.7381    83.1496 3.8462e-01 1.6481e+03  0.0429961    13.0357 234.292162     2.1294      2.070    -2.4664    308.338     8.0641 -9.990e-29
      2.027    13.3243 236.323472     0.0269 1.1564e+03     0.7381    83.1496 3.8095e-01 1.6481e+03  0.0429961    13.0385 234.231367     2.1270      2.067    -2.4807    308.295     8.0530 -9.990e-29
      2.024    13.3240 236.347497     0.0244 1.2337e+03     0.7394    83.1234 3.7363e-01 1.6481e+03  0.0429961    13.0427 234.261760     2.1258      2.064    -2.4908    308.329     8.0476 -9.990e-29
      2.020    13.3235 236.323473     0.0305 1.3689e+03     0.7381    83.1496 3.6996e-01 1.6481e+03  0.0429961    13.0476 234.231360     2.1245      2.060    -2.4621    308.301     8.0418 -9.990e-29
      2.016    13.3228 236.275420     0.0208 1.4040e+03     0.7394    83.1234 3.6996e-01 1.6481e+03  0.0425803    13.0514 234.170564     2.1233      2.056    -2.5092    308.244     8.0357 -9.990e-29
      2.013    13.3225 236.299446     0.0330 1.3574e+03     0.7381    83.1496 3.7363e-01 1.6481e+03  0.0429961    13.0551 234.200957     2.1209      2.053    -2.4497    308.278     8.0237 -9.990e-29
      2.012    13.3223 236.227370     0.0183 1.2617e+03     0.7381    83.1496 3.7363e-01 1.6481e+03  0.0429961    13.0573 234.200955     2.1197      2.052    -2.5233    308.186     8.0186 -9.990e-29
      2.011    13.3221 236.167308     0.0354 1.2337e+03     0.7381    83.1496 3.7363e-01 1.6481e+03  0.0429961    13.0585 234.322541     2.1184      2.051    -2.4378    308.109     8.0127 -9.990e-29
      2.010    13.3220 236.203344     0.0183 1.2476e+03     0.7381    83.1496 3.7363e-01 1.6481e+03  0.0429961    13.0600 234.413728     2.1172      2.050    -2.5247    308.157     8.0070 -9.990e-29
      2.009    13.3216 236.191333     0.0354 1.3050e+03     0.7381    83.1496 3.8462e-01 1.6481e+03  0.0429961    13.0607 234.444124     2.1148      2.049    -2.4374    308.144     7.9948 -9.990e-29
      2.009    13.3211 236.155294     0.0195 1.3272e+03     0.7381    83.1496 3.9194e-01 1.6481e+03  0.0429961    13.0610 234.444124     2.1136      2.049    -2.5194    308.101     7.9892 -9.990e-29
      2.010    13.3210 236.107244     0.0330 1.2904e+03     0.7381    83.1496 3.8828e-01 1.6481e+03  0.0425803    13.0608 234.444124     2.1123      2.050    -2.4491    308.039     7.9834 -9.990e-29
      2.012    13.3203 236.143284     0.0232 1.0276e+03     0.7381    83.1496 3.8095e-01 1.6481e+03  0.0429961    13.0620 234.383331     2.1111      2.052    -2.5008    308.092     7.9776 -9.990e-29
      2.013    13.3194 236.131271     0.0293 9.2608e+02     0.7369    83.1757 3.7363e-01 1.6481e+03  0.0429961    13.0624 234.292140     2.1099      2.053    -2.4667    308.084     7.9721 -9.990e-29
      2.015    13.3179 236.095234     0.0269 9.2348e+02     0.7394    83.1234 3.8462e-01 1.6481e+03  0.0429961    13.0625 234.292140     2.1087      2.055    -2.4805    308.049     7.9670 -9.990e-29
      2.019    13.3170 236.047185     0.0244 1.0076e+03     0.7394    83.1234 3.9560e-01 1.6481e+03  0.0429961    13.0630 234.383329     2.1074      2.059    -2.4906    307.993     7.9617 -9.990e-29
      2.023    13.3156 235.999137     0.0305 1.0569e+03     0.7394    83.1234 4.0293e-01 1.6481e+03  0.0425803    13.0624 234.322538     2.1050      2.063    -2.4619    307.942     7.9503 -9.990e-29
      2.028    13.3144 236.059199     0.0208 1.0599e+03     0.7394    83.1234 4.1026e-01 1.6481e+03  0.0429961    13.0622 234.474519     2.1038      2.068    -2.5090    308.030     7.9453 -9.990e-29
