data/05_metadata_exports/SeabirdData/202310_SeabirdData/88725_STN35.cnv
* Sea-Bird SBE 9 Data File:
* FileName = C:\Users\rosette\Rosette Data\2023\Ontario lower food web csmi\STN35.hex
* Software Version Seasave V 7.26.6.26
* Temperature SN = 5270
* Conductivity SN = 1168
* Number of Bytes Per Scan = 40
* Number of Voltage Words = 5
* Number of Scans Averaged by the Deck Unit = 1
* NMEA Latitude = 43 21.68 N
* NMEA Longitude = 078 43.69 W
* NMEA UTC (Time) = Sep 26 2023  17:48:45
* NMEA baud rate = 4800
** Ship: Lake Guardian
** Cruise: Ontario Lower Food Web 2023
** Station:  STN35
# nquan = 18                                
# nvalues = 10570                       
# units = specified
# name 0 = prDM: Pressure, Digiquartz [db]
# name 1 = t090C: Temperature [ITS-90, deg C]
# name 2 = c0uS/cm: Conductivity [uS/cm]
# name 3 = sbeox0V: Oxygen raw, SBE 43 [V]
# name 4 = par: PAR/Irradiance, Biospherical/Licor
# name 5 = bat: Beam Attenuation, Chelsea/Seatech [1/m]
# name 6 = xmiss: Beam Transmission, Chelsea/Seatech [%]
# name 7 = flSP: Fluorescence, Seapoint
# name 8 = spar: SPAR, Biospherical/Licor
# name 9 = upoly0: Upoly 0, Suna Nitrate
# name 10 = t190C: Temperature, 2 [ITS-90, deg C]
# name 11 = c1uS/cm: Conductivity, 2 [uS/cm]
# name 12 = sbeox1V: Oxygen raw, SBE 43, 2 [V]
# name 13 = depFM: Depth [fresh water, m], lat = 43.3613
# name 14 = sbeox0Mg/L: Oxygen, SBE 43 [mg/l], WS = 2
# name 15 = specc: Specific Conductance [uS/cm]
# name 16 = sbeox1Mg/L: Oxygen, SBE 43, 2 [mg/l], WS = 2
# name 17 = flag: flag
# span 0 =     -0.009,     26.290       
# span 1 =     9.1648,    13.6636       
# span 2 =   4.829785, 237.092364       
# span 3 =     0.0122,     0.0366       
# span 4 = 3.1017e+00, 3.2090e+03       
# span 5 =     0.2166,     2.9278       
# span 6 =    48.0966,    94.7293       
# span 7 = 0.0000e+00, 5.4762e+00       
# span 8 = 1.5635e+03, 1.6560e+03       
# span 9 =  0.0413330,  0.0621209       
# span 10 =     9.1640,    13.1376      
# span 11 =   5.000425, 237.696766      
# span 12 =     1.8620,     2.6764      
# span 13 =     -0.009,     26.808      
# span 14 =    -2.8103,    -2.4187      
# span 15 =      6.372,    313.733      
# span 16 =     6.9726,    11.6168      
# span 17 = 0.0000e+00, 0.0000e+00      
# interval = seconds: 0.0416667
# start_time = Sep 26 2023 17:48:45 [NMEA time, header]
# bad_flag = -9.990e-29
*END*
[from data line 5227]
     18.108     9.9632 218.469354     0.0183 2.0072e+01     0.6155    85.7374 6.0073e-01 1.5969e+03  0.0554688     9.9668 219.770148     2.3114     18.465    -2.7431    312.406    10.0869 0.0000e+00
     18.128     9.9635 218.421401     0.0342 2.0072e+01     0.6167    85.7112 6.0440e-01 1.5969e+03  0.0558845     9.9657 219.770150     2.3114     18.485    -2.6549    312.335    10.0878 0.0000e+00
     18.148     9.9635 218.445378     0.0220 1.9903e+01     0.6180    85.6851 6.0073e-01 1.5969e+03  0.0558845     9.9659 219.800526     2.3114     18.506    -2.7224    312.369    10.0883 0.0000e+00
     18.168     9.9636 218.481344     0.0317 1.9847e+01     0.6180    85.6851 6.1538e-01 1.5969e+03  0.0554688     9.9660 219.830903     2.3114     18.526    -2.6667    312.420    10.0880 0.0000e+00
     18.189     9.9641 218.481344     0.0256 1.9791e+01     0.6167    85.7112 6.5201e-01 1.5969e+03  0.0554688     9.9655 219.830904     2.3114     18.548    -2.7007    312.415    10.0877 0.0000e+00
     18.209     9.9650 218.517309     0.0269 1.9623e+01     0.6167    85.7112 6.4835e-01 1.5969e+03  0.0554688     9.9665 219.648646     2.3114     18.568    -2.6918    312.459    10.0871 0.0000e+00
     18.231     9.9656 218.529298     0.0293 1.9568e+01     0.6180    85.6851 6.1538e-01 1.5969e+03  0.0558845     9.9681 219.770151     2.3114     18.590    -2.6799    312.470    10.0871 0.0000e+00
     18.251     9.9661 218.493332     0.0220 1.9568e+01     0.6180    85.6851 5.9341e-01 1.5969e+03  0.0558845     9.9688 219.709398     2.3114     18.611    -2.7190    312.415    10.0865 0.0000e+00
     18.271     9.9663 218.493332     0.0330 1.9403e+01     0.6180    85.6851 6.1172e-01 1.5969e+03  0.0558845     9.9706 219.739773     2.3126     18.631    -2.6607    312.413    10.0923 0.0000e+00
     18.292     9.9664 218.493333     0.0183 1.9293e+01     0.6167    85.7112 6.4103e-01 1.5969e+03  0.0558845     9.9712 219.800525     2.3114     18.653    -2.7404    312.412    10.0840 0.0000e+00
     18.313     9.9666 218.469356     0.0342 1.9293e+01     0.6180    85.6851 6.2637e-01 1.5969e+03  0.0558845     9.9699 219.891656     2.3114     18.674    -2.6537    312.376    10.0839 0.0000e+00
     18.335     9.9653 218.445382     0.0171 1.9185e+01     0.6180    85.6851 6.3370e-01 1.5969e+03  0.0554688     9.9689 219.739776     2.3114     18.696    -2.7475    312.353    10.0828 0.0000e+00
     18.355     9.9659 218.433393     0.0342 1.9076e+01     0.6167    85.7112 6.1538e-01 1.5969e+03  0.0554688     9.9688 219.770152     2.3114     18.717    -2.6534    312.331    10.0823 0.0000e+00
     18.375     9.9669 218.505322     0.0195 1.9023e+01     0.6180    85.6851 5.9341e-01 1.5989e+03  0.0558845     9.9661 219.709402     2.3114     18.737    -2.7339    312.425    10.0824 0.0000e+00
     18.395     9.9684 218.529299     0.0330 1.8915e+01     0.6167    85.7112 5.9707e-01 1.5989e+03  0.0554688     9.9657 219.770155     2.3114     18.758    -2.6587    312.445    10.0829 0.0000e+00
     18.416     9.9682 218.505322     0.0220 1.8809e+01     0.6180    85.6851 6.1538e-01 1.5989e+03  0.0554688     9.9668 219.770154     2.3114     18.779    -2.7197    312.413    10.0830 0.0000e+00
     18.438     9.9663 218.469360     0.0293 1.8756e+01     0.6167    85.7112 6.1538e-01 1.5989e+03  0.0558845     9.9671 219.770156     2.3101     18.802    -2.6780    312.379    10.0751 0.0000e+00
     18.461     9.9633 218.373454     0.0269 1.8650e+01     0.6167    85.7112 6.1172e-01 1.5989e+03  0.0558845     9.9667 219.679027     2.3114     18.825    -2.6920    312.268    10.0819 0.0000e+00
     18.483     9.9609 218.385447     0.0256 1.8545e+01     0.6180    85.6851 6.1538e-01 1.5989e+03  0.0554688     9.9625 219.739785     2.3114     18.847    -2.6975    312.307    10.0823 0.0000e+00
     18.504     9.9590 218.409423     0.0305 1.8492e+01     0.6180    85.6851 6.3736e-01 1.5989e+03  0.0550530     9.9605 219.770160     2.3114     18.869    -2.6720    312.358    10.0830 0.0000e+00
     18.525     9.9576 218.385449     0.0208 1.8440e+01     0.6192    85.6589 6.3736e-01 1.5989e+03  0.0550530     9.9597 219.648658     2.3114     18.890    -2.7245    312.336    10.0826 0.0000e+00
     18.548     9.9563 218.349485     0.0330 1.8284e+01     0.6216    85.6067 6.4835e-01 1.6009e+03  0.0554688     9.9591 219.618283     2.3101     18.914    -2.6589    312.296    10.0757 0.0000e+00
     18.569     9.9554 218.349487     0.0183 1.8233e+01     0.6216    85.6067 6.3370e-01 1.6009e+03  0.0558845     9.9576 219.496782     2.3114     18.935    -2.7395    312.304    10.0835 0.0000e+00
     18.589     9.9559 218.397440     0.0342 1.8181e+01     0.6228    85.5805 6.1172e-01 1.6009e+03  0.0558845     9.9577 219.739789     2.3101     18.956    -2.6542    312.369    10.0764 0.0000e+00
     18.610     9.9564 218.385450     0.0171 1.8028e+01     0.6216    85.6067 5.9341e-01 1.6009e+03  0.0554688     9.9577 219.709412     2.3114     18.977    -2.7479    312.347    10.0839 0.0000e+00
     18.631     9.9556 218.349488     0.0354 1.7977e+01     0.6216    85.6067 5.8608e-01 1.6009e+03  0.0550530     9.9506 219.679043     2.3114     18.998    -2.6472    312.303    10.0859 0.0000e+00
     18.652     9.9533 218.313525     0.0195 1.7926e+01     0.6216    85.6067 6.4835e-01 1.6009e+03  0.0554688     9.9404 219.557547     2.3114     19.020    -2.7353    312.272    10.0887 0.0000e+00
     18.674     9.9510 218.277562     0.0330 1.7825e+01     0.6228    85.5805 6.6667e-01 1.6009e+03  0.0558845     9.9346 219.405672     2.3114     19.042    -2.6595    312.241    10.0904 0.0000e+00
     18.696     9.9496 218.277564     0.0232 1.7724e+01     0.6216    85.6067 6.7766e-01 1.6009e+03  0.0554688     9.9342 219.436049     2.3114     19.065    -2.7133    312.253    10.0907 0.0000e+00
     18.717     9.9490 218.325518     0.0293 1.7774e+01     0.6228    85.5805 6.8132e-01 1.6009e+03  0.0554688     9.9352 219.375298     2.3114     19.086    -2.6774    312.327    10.0906 0.0000e+00
     18.738     9.9484 218.313530     0.0269 1.7574e+01     0.6204    85.6328 6.6300e-01 1.6009e+03  0.0550530     9.9383 219.436046     2.3114     19.107    -2.6912    312.316    10.0901 0.0000e+00
     18.759     9.9479 218.277567     0.0244 1.7475e+01     0.6216    85.6067 6.1905e-01 1.6009e+03  0.0554688     9.9401 219.466422     2.3114     19.129    -2.7032    312.269    10.0898 0.0000e+00
     18.781     9.9477 218.325519     0.0305 1.7475e+01     0.6204    85.6328 6.0073e-01 1.6009e+03  0.0563003     9.9406 219.466422     2.3114     19.151    -2.6710    312.339    10.0899 0.0000e+00
     18.802     9.9474 218.277568     0.0208 1.7377e+01     0.6216    85.6067 6.0073e-01 1.6009e+03  0.0558845     9.9409 219.466422     2.3101     19.173    -2.7233    312.273    10.0836 0.0000e+00
     18.823     9.9471 218.277568     0.0342 1.7230e+01     0.6216    85.6067 5.8974e-01 1.6009e+03  0.0554688     9.9411 219.496797     2.3101     19.194    -2.6518    312.276    10.0838 0.0000e+00
     18.845     9.9467 218.313534     0.0183 1.7230e+01     0.6216    85.6067 5.7509e-01 1.6009e+03  0.0550530     9.9370 219.466427     2.3101     19.217    -2.7390    312.331    10.0851 0.0000e+00
     18.866     9.9463 218.289557     0.0354 1.7133e+01     0.6216    85.6067 5.8242e-01 1.6009e+03  0.0554688     9.9330 219.375301     2.3114     19.238    -2.6464    312.300    10.0944 0.0000e+00
     18.887     9.9451 218.193656     0.0183 1.7036e+01     0.6216    85.6067 6.0073e-01 1.6009e+03  0.0554688     9.9332 219.436055     2.3114     19.259    -2.7417    312.174    10.0946 0.0000e+00
     18.908     9.9438 218.205643     0.0342 1.6988e+01     0.6216    85.6067 5.9341e-01 1.6029e+03  0.0554688     9.9360 219.466427     2.3114     19.281    -2.6535    312.202    10.0941 0.0000e+00
     18.928     9.9426 218.253597     0.0208 1.6892e+01     0.6216    85.6067 6.0073e-01 1.6029e+03  0.0558845     9.9403 219.466425     2.3114     19.301    -2.7278    312.282    10.0932 0.0000e+00
     18.950     9.9433 218.277573     0.0317 1.6797e+01     0.6216    85.6067 6.1905e-01 1.6029e+03  0.0558845     9.9444 219.496798     2.3114     19.324    -2.6662    312.310    10.0924 0.0000e+00
     18.973     9.9438 218.253598     0.0244 1.6797e+01     0.6228    85.5805 6.0440e-01 1.6029e+03  0.0558845     9.9462 219.527174     2.3114     19.347    -2.7076    312.271    10.0913 0.0000e+00
     18.994     9.9440 218.229622     0.0281 1.6702e+01     0.6216    85.6067 5.7509e-01 1.6029e+03  0.0554688     9.9414 219.527177     2.3114     19.368    -2.6849    312.235    10.0935 0.0000e+00
     19.014     9.9403 218.193660     0.0281 1.6608e+01     0.6204    85.6328 5.7143e-01 1.6029e+03  0.0554688     9.9355 219.527182     2.3114     19.389    -2.6865    312.216    10.0959 0.0000e+00
     19.035     9.9346 218.097761     0.0232 1.6514e+01     0.6216    85.6067 5.6410e-01 1.6009e+03  0.0554688     9.9332 219.405681     2.3114     19.410    -2.7114    312.130    10.0966 0.0000e+00
     19.057     9.9287 218.049814     0.0317 1.6514e+01     0.6204    85.6328 5.6410e-01 1.6029e+03  0.0550530     9.9315 219.436058     2.3114     19.433    -2.6672    312.114    10.0971 0.0000e+00
     19.079     9.9242 218.013854     0.0195 1.6328e+01     0.6216    85.6067 5.8242e-01 1.6029e+03  0.0554688     9.9257 219.375311     2.3114     19.455    -2.7337    312.103    10.0986 0.0000e+00
     19.101     9.9190 217.977897     0.0330 1.6282e+01     0.6204    85.6328 5.9707e-01 1.6029e+03  0.0558845     9.9215 219.375317     2.3114     19.478    -2.6612    312.098    10.1005 0.0000e+00
     19.120     9.9147 217.929948     0.0183 1.6236e+01     0.6216    85.6067 5.8608e-01 1.6029e+03  0.0558845     9.9216 219.314564     2.3114     19.497    -2.7430    312.068    10.1004 0.0000e+00
     19.140     9.9054 217.846040     0.0354 1.6099e+01     0.6216    85.6067 5.7143e-01 1.6029e+03  0.0558845     9.9230 219.344938     2.3114     19.517    -2.6502    312.031    10.1008 0.0000e+00
     19.162     9.8957 217.750149     0.0183 1.6053e+01     0.6216    85.6067 5.6044e-01 1.6029e+03  0.0554688     9.9297 219.314560     2.3114     19.540    -2.7456    311.980    10.0998 0.0000e+00
     19.183     9.8933 217.822077     0.0342 1.6053e+01     0.6216    85.6067 5.7143e-01 1.6029e+03  0.0550530     9.9291 219.344937     2.3114     19.561    -2.6575    312.105    10.0998 0.0000e+00
     19.204     9.8929 217.894002     0.0220 1.5872e+01     0.6216    85.6067 5.8242e-01 1.6029e+03  0.0550530     9.9310 219.375310     2.3114     19.583    -2.7253    312.211    10.0992 0.0000e+00
     19.224     9.8978 217.941950     0.0317 1.5783e+01     0.6216    85.6067 5.7143e-01 1.6029e+03  0.0554688     9.9300 219.284185     2.3114     19.603    -2.6700    312.236    10.0993 0.0000e+00
     19.245     9.9032 217.953934     0.0256 1.5783e+01     0.6204    85.6328 5.6777e-01 1.6029e+03  0.0554688     9.9149 219.405699     2.3114     19.624    -2.7038    312.205    10.1030 0.0000e+00
     19.265     9.9033 217.905984     0.0269 1.5649e+01     0.6216    85.6067 5.8608e-01 1.6029e+03  0.0554688     9.9012 219.193080     2.3114     19.645    -2.6951    312.135    10.1063 0.0000e+00
     19.285     9.9001 217.858036     0.0293 1.5561e+01     0.6204    85.6328 6.0073e-01 1.6029e+03  0.0550530     9.8910 219.101962     2.3114     19.665    -2.6828    312.095    10.1087 0.0000e+00
     19.305     9.8968 217.858038     0.0220 1.5561e+01     0.6216    85.6067 6.1172e-01 1.6029e+03  0.0558845     9.8826 219.010842     2.3114     19.686    -2.7224    312.125    10.1107 0.0000e+00
     19.326     9.8928 217.786117     0.0317 1.5429e+01     0.6204    85.6328 5.9707e-01 1.6029e+03  0.0558845     9.8778 219.071597     2.3114     19.707    -2.6700    312.058    10.1108 0.0000e+00
     19.348     9.8875 217.690222     0.0195 1.5342e+01     0.6216    85.6067 5.8608e-01 1.6029e+03  0.0558845     9.8772 218.980472     2.3114     19.729    -2.7367    311.968    10.1107 0.0000e+00
     19.369     9.8849 217.750162     0.0342 1.5299e+01     0.6216    85.6067 5.8242e-01 1.6029e+03  0.0558845     9.8762 218.950099     2.3126     19.751    -2.6567    312.077    10.1174 0.0000e+00
     19.390     9.8824 217.702214     0.0171 1.5213e+01     0.6253    85.5282 5.7875e-01 1.6029e+03  0.0554688     9.8760 218.858974     2.3114     19.772    -2.7509    312.030    10.1112 0.0000e+00
     19.409     9.8790 217.690229     0.0354 1.5127e+01     0.6265    85.5021 5.6410e-01 1.6029e+03  0.0550530     9.8749 218.919725     2.3114     19.792    -2.6505    312.044    10.1119 0.0000e+00
     19.429     9.8754 217.666257     0.0195 1.5084e+01     0.6265    85.5021 5.7509e-01 1.6029e+03  0.0554688     9.8757 218.858975     2.3114     19.812    -2.7389    312.042    10.1121 0.0000e+00
     19.449     9.8725 217.606324     0.0342 1.5041e+01     0.6265    85.5021 5.8608e-01 1.6029e+03  0.0558845     9.8759 218.919726     2.3114     19.832    -2.6574    311.982    10.1125 0.0000e+00
     19.469     9.8705 217.630300     0.0220 1.4914e+01     0.6265    85.5021 5.8608e-01 1.6029e+03  0.0558845     9.8744 218.980477     2.3114     19.853    -2.7254    312.034    10.1132 0.0000e+00
     19.489     9.8711 217.666262     0.0305 1.4872e+01     0.6265    85.5021 5.8974e-01 1.6029e+03  0.0558845     9.8734 218.889354     2.3126     19.873    -2.6771    312.080    10.1206 0.0000e+00
     19.509     9.8725 217.618311     0.0256 1.4830e+01     0.6265    85.5021 5.7509e-01 1.6029e+03  0.0558845     9.8716 218.950104     2.3126     19.894    -2.7054    311.999    10.1213 0.0000e+00
     19.529     9.8728 217.606325     0.0269 1.4663e+01     0.6265    85.5021 5.7143e-01 1.6029e+03  0.0558845     9.8681 218.737484     2.3114     19.914    -2.6966    311.979    10.1157 0.0000e+00
     19.550     9.8728 217.654275     0.0293 1.4621e+01     0.6253    85.5282 5.7875e-01 1.6029e+03  0.0558845     9.8629 218.737488     2.3114     19.935    -2.6849    312.048    10.1172 0.0000e+00
     19.570     9.8723 217.654275     0.0220 1.4621e+01     0.6265    85.5021 5.7875e-01 1.6029e+03  0.0558845     9.8594 218.828615     2.3126     19.956    -2.7243    312.052    10.1251 0.0000e+00
     19.589     9.8734 217.654274     0.0330 1.4498e+01     0.6253    85.5282 5.7143e-01 1.6029e+03  0.0558845     9.8588 218.798241     2.3126     19.975    -2.6652    312.042    10.1254 0.0000e+00
     19.609     9.8750 217.666262     0.0183 1.4416e+01     0.6265    85.5021 5.6410e-01 1.6029e+03  0.0558845     9.8580 218.828618     2.3126     19.996    -2.7467    312.045    10.1249 0.0000e+00
     19.627     9.8734 217.654276     0.0354 1.4416e+01     0.6253    85.5282 5.6044e-01 1.6029e+03  0.0558845     9.8561 218.737494     2.3126     20.014    -2.6534    312.042    10.1255 0.0000e+00
     19.644     9.8716 217.618315     0.0171 1.4294e+01     0.6253    85.5282 5.6410e-01 1.6029e+03  0.0554688     9.8543 218.767870     2.3126     20.031    -2.7543    312.007    10.1252 0.0000e+00
     19.661     9.8690 217.630304     0.0354 1.4253e+01     0.6265    85.5021 5.6044e-01 1.6029e+03  0.0550530     9.8526 218.615998     2.3114     20.049    -2.6537    312.047    10.1190 0.0000e+00
     19.680     9.8657 217.606333     0.0195 1.4213e+01     0.6265    85.5021 5.6044e-01 1.6029e+03  0.0554688     9.8525 218.767873     2.3114     20.068    -2.7422    312.042    10.1191 0.0000e+00
     19.699     9.8615 217.498452     0.0330 1.4133e+01     0.6253    85.5282 5.6410e-01 1.6029e+03  0.0554688     9.8519 218.798248     2.3114     20.087    -2.6666    311.925    10.1184 0.0000e+00
     19.717     9.8584 217.486468     0.0232 1.4053e+01     0.6265    85.5021 5.7143e-01 1.6029e+03  0.0558845     9.8509 218.676751     2.3114     20.106    -2.7214    311.936    10.1179 0.0000e+00
