data/05_metadata_exports/SeabirdData/202310_SeabirdData/88725_STN35.cnv
* Sea-Bird SBE 9 Data File:
* FileName = C:\Users\rosette\Rosette Data\2023\Ontario lower food web csmi\STN35.hex
* Software Version Seasave V 7.26.6.26
* Temperature SN = 5270
* Conductivity SN = 1168
* Number of Bytes Per Scan = 40
* Number of Voltage Words = 5
* Number of Scans Averaged by the Deck Unit = 1
* NMEA Latitude = 43 21.68 N
* NMEA Longitude = 078 43.69 W
* NMEA UTC (Time) = Sep 26 2023  17:48:45
* NMEA baud rate = 4800
** Ship: Lake Guardian
** Cruise: Ontario Lower Food Web 2023
** Station:  STN35
# nquan = 18                                
# nvalues = 10570                       
# units = specified
# name 0 = prDM: Pressure, Digiquartz [db]
# name 1 = t090C: Temperature [ITS-90, deg C]
# name 2 = c0uS/cm: Conductivity [uS/cm]
# name 3 = sbeox0V: Oxygen raw, SBE 43 [V]
# name 4 = par: PAR/Irradiance, Biospherical/Licor
# name 5 = bat: Beam Attenuation, Chelsea/Seatech [1/m]
# name 6 = xmiss: Beam Transmission, Chelsea/Seatech [%]
# name 7 = flSP: Fluorescence, Seapoint
# name 8 = spar: SPAR, Biospherical/Licor
# name 9 = upoly0: Upoly 0, Suna Nitrate
# name 10 = t190C: Temperature, 2 [ITS-90, deg C]
# name 11 = c1uS/cm: Conductivity, 2 [uS/cm]
# name 12 = sbeox1V: Oxygen raw, SBE 43, 2 [V]
# name 13 = depFM: Depth [fresh water, m], lat = 43.3613
# name 14 = sbeox0Mg/L: Oxygen, SBE 43 [mg/l], WS = 2
# name 15 = specc: Specific Conductance [uS/cm]
# name 16 = sbeox1Mg/L: Oxygen, SBE 43, 2 [mg/l], WS = 2
# name 17 = flag: flag
# span 0 =     -0.009,     26.290       
# span 1 =     9.1648,    13.6636       
# span 2 =   4.829785, 237.092364       
# span 3 =     0.0122,     0.0366       
# span 4 = 3.1017e+00, 3.2090e+03       
# span 5 =     0.2166,     2.9278       
# span 6 =    48.0966,    94.7293       
# span 7 = 0.0000e+00, 5.4762e+00       
# span 8 = 1.5635e+03, 1.6560e+03       
# span 9 =  0.0413330,  0.0621209       
# span 10 =     9.1640,    13.1376      
# span 11 =   5.000425, 237.696766      
# span 12 =     1.8620,     2.6764      
# span 13 =     -0.009,     26.808      
# span 14 =    -2.8103,    -2.4187      
# span 15 =      6.372,    313.733      
# span 16 =     6.9726,    11.6168      
# span 17 = 0.0000e+00, 0.0000e+00      
# interval = seconds: 0.0416667
# start_time = Sep 26 2023 17:48:45 [NMEA time, header]
# bad_flag = -9.990e-29
*END*
[from data line 4664]
      7.771    11.6158 227.535872     0.0293 2.0283e+02     0.7130    83.6723 6.4103e-01 1.5733e+03  0.0558845    11.6660 229.096162     2.4054      7.924    -2.5704    310.684    10.0569 0.0000e+00
      7.792    11.6047 227.451876     0.0220 1.9999e+02     0.7130    83.6723 6.4835e-01 1.5733e+03  0.0550530    11.6366 228.974629     2.4042      7.946    -2.6075    310.663    10.0574 0.0000e+00
      7.812    11.5825 227.355887     0.0317 1.9887e+02     0.7130    83.6723 6.5934e-01 1.5733e+03  0.0554688    11.6327 229.035410     2.4042      7.966    -2.5590    310.720    10.0581 0.0000e+00
      7.832    11.5643 227.295899     0.0195 1.9720e+02     0.7143    83.6462 6.7033e-01 1.5753e+03  0.0558845    11.6428 228.913848     2.4029      7.986    -2.6236    310.793    10.0484 0.0000e+00
      7.852    11.5492 227.199906     0.0342 1.9281e+02     0.7143    83.6462 6.8132e-01 1.5753e+03  0.0558845    11.6543 228.913838     2.4017      8.007    -2.5482    310.790    10.0394 0.0000e+00
      7.872    11.5334 227.199920     0.0183 1.9173e+02     0.7130    83.6723 6.8498e-01 1.5753e+03  0.0558845    11.6618 228.944224     2.4017      8.027    -2.6330    310.925    10.0376 0.0000e+00
      7.892    11.5213 227.223927     0.0354 1.9119e+02     0.7143    83.6462 6.7766e-01 1.5753e+03  0.0558845    11.6632 229.096165     2.4017      8.048    -2.5440    311.061    10.0377 0.0000e+00
      7.913    11.5124 227.187936     0.0195 1.8799e+02     0.7130    83.6723 6.8132e-01 1.5753e+03  0.0554688    11.6484 229.035402     2.4005      8.069    -2.6290    311.087    10.0350 0.0000e+00
      7.933    11.5090 227.151937     0.0342 1.8694e+02     0.7130    83.6723 6.9597e-01 1.5753e+03  0.0554688    11.6245 229.005029     2.4005      8.089    -2.5507    311.067    10.0400 0.0000e+00
      7.953    11.5092 227.235939     0.0220 1.8641e+02     0.7143    83.6462 6.9597e-01 1.5753e+03  0.0554688    11.6024 228.944268     2.4005      8.110    -2.6163    311.180    10.0451 0.0000e+00
      7.974    11.5089 227.223940     0.0305 1.8537e+02     0.7143    83.6462 7.0330e-01 1.5753e+03  0.0554688    11.5823 228.701174     2.3993      8.131    -2.5700    311.166    10.0438 0.0000e+00
      7.996    11.5089 227.247941     0.0256 1.8485e+02     0.7130    83.6723 7.1795e-01 1.5753e+03  0.0554688    11.5650 228.640410     2.3993      8.154    -2.5976    311.199    10.0475 0.0000e+00
      8.018    11.5067 227.151941     0.0256 1.8485e+02     0.7130    83.6723 7.0696e-01 1.5753e+03  0.0554688    11.5575 228.792360     2.3993      8.176    -2.5956    311.086    10.0493 0.0000e+00
      8.040    11.5024 227.139944     0.0293 1.8278e+02     0.7143    83.6462 6.9597e-01 1.5753e+03  0.0554688    11.5543 228.579642     2.3980      8.199    -2.5781    311.107    10.0437 0.0000e+00
      8.060    11.4961 227.163950     0.0220 1.8226e+02     0.7130    83.6723 7.0330e-01 1.5753e+03  0.0558845    11.5532 228.640421     2.3980      8.219    -2.6156    311.193    10.0436 0.0000e+00
      8.079    11.4877 227.067953     0.0330 1.8226e+02     0.7130    83.6723 7.2161e-01 1.5753e+03  0.0558845    11.5482 228.579647     2.3980      8.238    -2.5599    311.133    10.0450 0.0000e+00
      8.100    11.4813 227.043959     0.0183 1.8175e+02     0.7143    83.6462 7.1795e-01 1.5753e+03  0.0558845    11.5423 228.610041     2.3968      8.260    -2.6371    311.155    10.0407 0.0000e+00
      8.120    11.4768 227.079964     0.0342 1.8124e+02     0.7118    83.6985 6.9597e-01 1.5753e+03  0.0558845    11.5350 228.670824     2.3968      8.280    -2.5545    311.243    10.0422 0.0000e+00
      8.141    11.4734 227.055965     0.0171 1.8124e+02     0.7068    83.8030 6.9963e-01 1.5753e+03  0.0554688    11.5220 228.488502     2.3956      8.302    -2.6456    311.239    10.0391 0.0000e+00
      8.162    11.4793 227.079962     0.0342 1.8124e+02     0.7043    83.8553 7.0696e-01 1.5753e+03  0.0554688    11.5182 228.518894     2.3956      8.323    -2.5548    311.221    10.0409 0.0000e+00
      8.185    11.4898 227.223959     0.0195 1.8124e+02     0.7056    83.8292 7.0330e-01 1.5753e+03  0.0550530    11.5244 228.488503     2.3956      8.346    -2.6323    311.329    10.0394 0.0000e+00
      8.206    11.4964 227.235955     0.0330 1.8124e+02     0.7056    83.8292 6.9231e-01 1.5773e+03  0.0554688    11.5278 228.579665     2.3956      8.368    -2.5590    311.289    10.0391 0.0000e+00
      8.227    11.5031 227.211949     0.0232 1.8124e+02     0.7056    83.8292 6.8864e-01 1.5773e+03  0.0550530    11.5224 228.549282     2.3944      8.389    -2.6109    311.199    10.0342 0.0000e+00
      8.248    11.5090 227.247946     0.0305 1.8124e+02     0.7056    83.8292 6.9231e-01 1.5773e+03  0.0550530    11.5187 228.549284     2.3944      8.411    -2.5698    311.198    10.0359 0.0000e+00
      8.269    11.5103 227.199946     0.0269 1.8124e+02     0.7056    83.8292 6.9231e-01 1.5773e+03  0.0554688    11.5166 228.488511     2.3932      8.432    -2.5905    311.121    10.0313 0.0000e+00
      8.289    11.5087 227.199946     0.0256 1.8175e+02     0.7056    83.8292 6.8864e-01 1.5773e+03  0.0558845    11.5147 228.488511     2.3932      8.452    -2.5952    311.135    10.0329 0.0000e+00
      8.309    11.5081 227.271950     0.0305 1.8175e+02     0.7056    83.8292 7.0330e-01 1.5773e+03  0.0558845    11.5164 228.579676     2.3919      8.473    -2.5711    311.239    10.0264 0.0000e+00
      8.329    11.5064 227.187948     0.0208 1.8175e+02     0.7056    83.8292 7.4359e-01 1.5773e+03  0.0554688    11.5126 228.549291     2.3919      8.493    -2.6210    311.138    10.0288 0.0000e+00
      8.350    11.4989 227.115952     0.0330 1.8175e+02     0.7043    83.8553 7.6190e-01 1.5773e+03  0.0554688    11.5083 228.549294     2.3919      8.515    -2.5582    311.104    10.0303 0.0000e+00
      8.372    11.4900 227.043958     0.0183 1.8124e+02     0.7056    83.8292 7.5092e-01 1.5773e+03  0.0554688    11.5061 228.488520     2.3919      8.537    -2.6362    311.081    10.0310 0.0000e+00
      8.394    11.4843 227.067963     0.0342 1.8073e+02     0.7043    83.8553 7.5824e-01 1.5773e+03  0.0554688    11.5026 228.366970     2.3919      8.559    -2.5531    311.162    10.0318 0.0000e+00
      8.415    11.4782 227.091969     0.0183 1.8073e+02     0.7056    83.8292 7.5458e-01 1.5773e+03  0.0554688    11.5024 228.427748     2.3907      8.581    -2.6373    311.247    10.0259 0.0000e+00
      8.436    11.4734 227.019972     0.0342 1.8073e+02     0.7043    83.8553 7.5458e-01 1.5773e+03  0.0558845    11.5003 228.397361     2.3895      8.602    -2.5527    311.190    10.0202 0.0000e+00
      8.457    11.4717 226.995973     0.0195 1.8073e+02     0.7043    83.8553 7.4359e-01 1.5773e+03  0.0558845    11.4825 228.336598     2.3895      8.624    -2.6310    311.171    10.0251 0.0000e+00
      8.478    11.4644 226.899979     0.0317 1.8073e+02     0.7043    83.8553 7.3993e-01 1.5773e+03  0.0554688    11.4595 228.215064     2.3895      8.645    -2.5654    311.102    10.0318 0.0000e+00
      8.499    11.4550 226.947986     0.0232 1.7921e+02     0.7043    83.8553 7.5824e-01 1.5773e+03  0.0554688    11.4506 228.275847     2.3883      8.667    -2.6120    311.248    10.0276 0.0000e+00
      8.519    11.4501 226.935990     0.0293 1.7871e+02     0.7056    83.8292 8.0220e-01 1.5792e+03  0.0558845    11.4445 228.336627     2.3883      8.687    -2.5779    311.273    10.0298 0.0000e+00
      8.540    11.4471 226.947993     0.0269 1.7871e+02     0.7031    83.8815 7.9487e-01 1.5792e+03  0.0558845    11.4421 228.336630     2.3883      8.708    -2.5926    311.315    10.0308 0.0000e+00
      8.561    11.4409 226.887998     0.0244 1.7671e+02     0.6931    84.0906 7.7289e-01 1.5792e+03  0.0558845    11.4418 228.275855     2.3871      8.730    -2.6040    311.286    10.0246 0.0000e+00
      8.581    11.4331 226.888004     0.0305 1.7572e+02     0.6881    84.1951 7.4725e-01 1.5792e+03  0.0558845    11.4435 228.275855     2.3871      8.750    -2.5740    311.353    10.0249 0.0000e+00
      8.601    11.4242 226.876010     0.0208 1.7523e+02     0.6881    84.1951 7.3260e-01 1.5792e+03  0.0563003    11.4478 228.306238     2.3871      8.771    -2.6243    311.412    10.0243 0.0000e+00
      8.621    11.4115 226.828022     0.0342 1.7181e+02     0.6894    84.1690 7.2161e-01 1.5792e+03  0.0558845    11.4551 228.275847     2.3858      8.791    -2.5560    311.455    10.0157 0.0000e+00
      8.641    11.3991 226.744031     0.0171 1.6941e+02     0.6894    84.1690 7.1429e-01 1.5792e+03  0.0558845    11.4546 228.154295     2.3858      8.811    -2.6471    311.446    10.0158 0.0000e+00
      8.661    11.3898 226.648042     0.0354 1.6893e+02     0.6894    84.1690 7.2161e-01 1.5792e+03  0.0558845    11.4601 228.215068     2.3858      8.832    -2.5520    311.394    10.0143 0.0000e+00
      8.681    11.3898 226.720040     0.0183 1.6564e+02     0.6881    84.1951 7.2527e-01 1.5792e+03  0.0554688    11.4593 228.306232     2.3846      8.852    -2.6437    311.493    10.0082 0.0000e+00
      8.701    11.3895 226.816040     0.0342 1.6287e+02     0.6894    84.1690 7.1429e-01 1.5792e+03  0.0554688    11.4555 228.275848     2.3846      8.873    -2.5587    311.627    10.0090 0.0000e+00
      8.720    11.3880 226.816041     0.0208 1.6195e+02     0.6881    84.1951 7.1062e-01 1.5792e+03  0.0550530    11.4385 228.184697     2.3846      8.892    -2.6303    311.640    10.0135 0.0000e+00
      8.739    11.3857 226.768043     0.0317 1.6014e+02     0.6894    84.1690 7.2894e-01 1.5792e+03  0.0558845    11.4165 228.184713     2.3846      8.911    -2.5705    311.594    10.0181 0.0000e+00
      8.758    11.3848 226.792044     0.0232 1.5746e+02     0.6881    84.1951 7.7289e-01 1.5792e+03  0.0563003    11.4204 228.245486     2.3846      8.931    -2.6161    311.634    10.0172 0.0000e+00
      8.779    11.3802 226.720050     0.0281 1.5658e+02     0.6881    84.1951 7.9853e-01 1.5792e+03  0.0558845    11.4461 228.184692     2.3834      8.952    -2.5882    311.575    10.0045 0.0000e+00
      8.800    11.3711 226.708058     0.0281 1.5526e+02     0.6894    84.1690 7.8755e-01 1.5792e+03  0.0554688    11.4659 228.336619     2.3834      8.974    -2.5900    311.636    10.0001 0.0000e+00
      8.820    11.3631 226.696063     0.0244 1.5223e+02     0.6894    84.1690 7.6190e-01 1.5792e+03  0.0554688    11.4693 228.306227     2.3834      8.994    -2.6079    311.688     9.9985 0.0000e+00
      8.840    11.3579 226.660070     0.0317 1.5138e+02     0.6894    84.1690 7.7289e-01 1.5792e+03  0.0558845    11.4433 228.275861     2.3822      9.014    -2.5714    311.683     9.9979 0.0000e+00
      8.858    11.3567 226.696069     0.0195 1.5053e+02     0.6894    84.1690 7.8022e-01 1.5792e+03  0.0554688    11.4155 228.184717     2.3822      9.033    -2.6352    311.743    10.0046 0.0000e+00
      8.875    11.3569 226.696070     0.0342 1.4801e+02     0.6894    84.1690 7.6923e-01 1.5773e+03  0.0550530    11.4257 228.245486     2.3810      9.050    -2.5592    311.741     9.9964 0.0000e+00
      8.893    11.3519 226.600075     0.0183 1.4718e+02     0.6894    84.1690 7.5824e-01 1.5773e+03  0.0554688    11.4312 228.184705     2.3810      9.068    -2.6443    311.652     9.9956 0.0000e+00
      8.912    11.3366 226.588088     0.0354 1.4677e+02     0.6894    84.1690 7.9121e-01 1.5792e+03  0.0554688    11.4177 228.123940     2.3810      9.088    -2.5551    311.767     9.9983 0.0000e+00
      8.932    11.3288 226.600095     0.0183 1.4431e+02     0.6894    84.1690 8.0586e-01 1.5773e+03  0.0550530    11.4182 228.215105     2.3810      9.108    -2.6474    311.851     9.9974 0.0000e+00
      8.952    11.3385 226.684085     0.0342 1.4310e+02     0.6832    84.2997 8.0586e-01 1.5773e+03  0.0554688    11.4180 228.184717     2.3810      9.128    -2.5616    311.883     9.9972 0.0000e+00
      8.970    11.3510 226.648077     0.0208 1.4310e+02     0.6794    84.3781 8.0952e-01 1.5792e+03  0.0554688    11.4051 228.002400     2.3797      9.147    -2.6331    311.726     9.9927 0.0000e+00
      8.989    11.3469 226.588083     0.0317 1.4110e+02     0.6807    84.3520 7.7656e-01 1.5792e+03  0.0558845    11.3499 227.880892     2.3797      9.166    -2.5734    311.679    10.0049 0.0000e+00
      9.006    11.3300 226.504099     0.0244 1.3991e+02     0.6794    84.3781 7.4725e-01 1.5792e+03  0.0550530    11.2809 227.637845     2.3785      9.184    -2.6143    311.708    10.0144 0.0000e+00
      9.023    11.3102 226.432118     0.0281 1.3991e+02     0.6794    84.3781 7.2894e-01 1.5792e+03  0.0550530    11.2301 227.516334     2.3785      9.201    -2.5938    311.779    10.0259 0.0000e+00
      9.041    11.2925 226.420131     0.0281 1.3873e+02     0.6807    84.3520 7.2161e-01 1.5792e+03  0.0550530    11.2148 227.516346     2.3785      9.219    -2.5968    311.915    10.0288 0.0000e+00
      9.059    11.2802 226.348147     0.0232 1.3835e+02     0.6807    84.3520 7.1429e-01 1.5792e+03  0.0554688    11.2161 227.546734     2.3773      9.238    -2.6221    311.921    10.0210 0.0000e+00
      9.075    11.2724 226.348150     0.0317 1.3796e+02     0.6794    84.3781 7.1062e-01 1.5773e+03  0.0558845    11.2274 227.637884     2.3773      9.254    -2.5793    311.988    10.0178 0.0000e+00
      9.092    11.2651 226.288162     0.0195 1.3796e+02     0.6794    84.3781 7.1429e-01 1.5773e+03  0.0554688    11.2444 227.577100     2.3761      9.271    -2.6431    311.968    10.0066 0.0000e+00
      9.109    11.2575 226.336163     0.0342 1.3757e+02     0.6794    84.3781 7.9487e-01 1.5773e+03  0.0554688    11.2565 227.759413     2.3761      9.289    -2.5673    312.100    10.0027 0.0000e+00
      9.125    11.2551 226.324168     0.0171 1.3757e+02     0.6794    84.3781 8.3516e-01 1.5773e+03  0.0554688    11.2611 227.729025     2.3761      9.305    -2.6582    312.104    10.0012 0.0000e+00
      9.141    11.2551 226.252172     0.0354 1.3757e+02     0.6794    84.3781 8.0586e-01 1.5773e+03  0.0554688    11.2477 227.546711     2.3748      9.321    -2.5615    312.005     9.9958 0.0000e+00
      9.156    11.2553 226.276171     0.0195 1.3796e+02     0.6807    84.3520 7.8755e-01 1.5773e+03  0.0550530    11.2133 227.455575     2.3748      9.337    -2.6471    312.036    10.0030 0.0000e+00
      9.172    11.2533 226.300171     0.0342 1.3796e+02     0.6807    84.3520 7.9121e-01 1.5773e+03  0.0550530    11.1916 227.334045     2.3736      9.353    -2.5682    312.087    10.0012 0.0000e+00
      9.188    11.2502 226.228179     0.0220 1.3796e+02     0.6807    84.3520 7.8755e-01 1.5773e+03  0.0550530    11.1863 227.394823     2.3736      9.369    -2.6345    312.014    10.0027 0.0000e+00
      9.203    11.2440 226.228184     0.0305 1.3796e+02     0.6794    84.3781 7.8022e-01 1.5773e+03  0.0554688    11.1878 227.364435     2.3736      9.384    -2.5874    312.067    10.0022 0.0000e+00
      9.220    11.2386 226.192192     0.0256 1.3835e+02     0.6794    84.3781 7.8388e-01 1.5773e+03  0.0554688    11.1933 227.364432     2.3736      9.402    -2.6150    312.064    10.0006 0.0000e+00
      9.236    11.2333 226.252191     0.0269 1.3835e+02     0.6794    84.3781 7.6190e-01 1.5773e+03  0.0554688    11.1993 227.516362     2.3724      9.418    -2.6062    312.193     9.9921 0.0000e+00
      9.251    11.2288 226.216197     0.0293 1.3835e+02     0.6794    84.3781 7.4359e-01 1.5773e+03  0.0554688    11.2078 227.485969     2.3724      9.433    -2.5950    312.182     9.9909 0.0000e+00
      9.266    11.2248 226.204202     0.0220 1.3835e+02     0.6807    84.3520 7.6190e-01 1.5773e+03  0.0554688    11.2028 227.607522     2.3724      9.449    -2.6319    312.200     9.9919 0.0000e+00
      9.281    11.2217 226.228201     0.0317 1.3873e+02     0.6782    84.4042 7.9121e-01 1.5773e+03  0.0554688    11.1884 227.425209     2.3724      9.464    -2.5824    312.259     9.9956 0.0000e+00
