data/05_metadata_exports/SeabirdData/202310_SeabirdData/88725_STN35.cnv
* Sea-Bird SBE 9 Data File:
* FileName = C:\Users\rosette\Rosette Data\2023\Ontario lower food web csmi\STN35.hex
* Software Version Seasave V 7.26.6.26
* Temperature SN = 5270
* Conductivity SN = 1168
* Number of Bytes Per Scan = 40
* Number of Voltage Words = 5
* Number of Scans Averaged by the Deck Unit = 1
* NMEA Latitude = 43 21.68 N
* NMEA Longitude = 078 43.69 W
* NMEA UTC (Time) = Sep 26 2023  17:48:45
* NMEA baud rate = 4800
** Ship: Lake Guardian
** Cruise: Ontario Lower Food Web 2023
** Station:  STN35
# nquan = 18                                
# nvalues = 10570                       
# units = specified
# name 0 = prDM: Pressure, Digiquartz [db]
# name 1 = t090C: Temperature [ITS-90, deg C]
# name 2 = c0uS/cm: Conductivity [uS/cm]
# name 3 = sbeox0V: Oxygen raw, SBE 43 [V]
# name 4 = par: PAR/Irradiance, Biospherical/Licor
# name 5 = bat: Beam Attenuation, Chelsea/Seatech [1/m]
# name 6 = xmiss: Beam Transmission, Chelsea/Seatech [%]
# name 7 = flSP: Fluorescence, Seapoint
# name 8 = spar: SPAR, Biospherical/Licor
# name 9 = upoly0: Upoly 0, Suna Nitrate
# name 10 = t190C: Temperature, 2 [ITS-90, deg C]
# name 11 = c1uS/cm: Conductivity, 2 [uS/cm]
# name 12 = sbeox1V: Oxygen raw, SBE 43, 2 [V]
# name 13 = depFM: Depth [fresh water, m], lat = 43.3613
# name 14 = sbeox0Mg/L: Oxygen, SBE 43 [mg/l], WS = 2
# name 15 = specc: Specific Conductance [uS/cm]
# name 16 = sbeox1Mg/L: Oxygen, SBE 43, 2 [mg/l], WS = 2
# name 17 = flag: flag
# span 0 =     -0.009,     26.290       
# span 1 =     9.1648,    13.6636       
# span 2 =   4.829785, 237.092364       
# span 3 =     0.0122,     0.0366       
# span 4 = 3.1017e+00, 3.2090e+03       
# span 5 =     0.2166,     2.9278       
# span 6 =    48.0966,    94.7293       
# span 7 = 0.0000e+00, 5.4762e+00       
# span 8 = 1.5635e+03, 1.6560e+03       
# span 9 =  0.0413330,  0.0621209       
# span 10 =     9.1640,    13.1376      
# span 11 =   5.000425, 237.696766      
# span 12 =     1.8620,     2.6764      
# span 13 =     -0.009,     26.808      
# span 14 =    -2.8103,    -2.4187      
# span 15 =      6.372,    313.733      
# span 16 =     6.9726,    11.6168      
# span 17 = 0.0000e+00, 0.0000e+00      
# interval = seconds: 0.0416667
# start_time = Sep 26 2023 17:48:45 [NMEA time, header]
# bad_flag = -9.990e-29
*END*
[from data line 9568]
     14.033    10.1512 220.087721     0.0330 4.7461e+01     0.6033    85.9988 6.9231e-01 1.6363e+03  0.0550530    10.1460 221.167283     2.3162     14.310    -2.6430    313.037    10.0743 -9.990e-29
     14.028    10.1530 220.075728     0.0171 4.7595e+01     0.6033    85.9988 6.9963e-01 1.6363e+03  0.0554688    10.1416 221.167285     2.3162     14.305    -2.7328    313.004    10.0761 -9.990e-29
     14.024    10.1540 220.147673     0.0354 4.7729e+01     0.6033    85.9988 7.1062e-01 1.6363e+03  0.0558845    10.1365 221.106535     2.3162     14.300    -2.6314    313.097    10.0763 -9.990e-29
     14.018    10.1554 220.099707     0.0183 4.7729e+01     0.6033    85.9988 7.1062e-01 1.6363e+03  0.0558845    10.1333 221.106535     2.3162     14.294    -2.7242    313.017    10.0768 -9.990e-29
     14.012    10.1579 220.111696     0.0342 4.7864e+01     0.6033    85.9988 7.0330e-01 1.6363e+03  0.0554688    10.1345 221.136912     2.3162     14.288    -2.6403    313.011    10.0754 -9.990e-29
     14.008    10.1588 220.039753     0.0208 4.8135e+01     0.6046    85.9726 6.9963e-01 1.6363e+03  0.0550530    10.1383 221.258423     2.3162     14.284    -2.7086    312.901    10.0741 -9.990e-29
     14.003    10.1571 220.027762     0.0305 4.8135e+01     0.6033    85.9988 7.0696e-01 1.6363e+03  0.0554688    10.1426 221.197662     2.3162     14.279    -2.6611    312.899    10.0717 -9.990e-29
     13.998    10.1475 219.883885     0.0256 4.8270e+01     0.6033    85.9988 7.3260e-01 1.6363e+03  0.0554688    10.1462 221.228038     2.3162     14.274    -2.6822    312.780    10.0694 -9.990e-29
     13.992    10.1376 219.847920     0.0256 4.8543e+01     0.6033    85.9988 7.5458e-01 1.6363e+03  0.0554688    10.1505 221.258413     2.3175     14.268    -2.6895    312.817    10.0750 -9.990e-29
     13.987    10.1321 219.859914     0.0305 4.8680e+01     0.6033    85.9988 7.6190e-01 1.6363e+03  0.0554688    10.1543 221.167276     2.3162     14.263    -2.6560    312.883    10.0661 -9.990e-29
     13.982    10.1274 219.763996     0.0195 4.8680e+01     0.6033    85.9988 7.5458e-01 1.6363e+03  0.0550530    10.1558 221.228031     2.3162     14.258    -2.7224    312.788    10.0651 -9.990e-29
     13.978    10.1225 219.740018     0.0330 4.8955e+01     0.6021    86.0249 7.4359e-01 1.6363e+03  0.0550530    10.1536 221.258409     2.3162     14.254    -2.6440    312.798    10.0649 -9.990e-29
     13.975    10.1198 219.775992     0.0171 4.9093e+01     0.6033    85.9988 7.3626e-01 1.6363e+03  0.0554688    10.1454 221.258418     2.3162     14.251    -2.7342    312.873    10.0662 -9.990e-29
     13.969    10.1185 219.775992     0.0342 4.9232e+01     0.6021    86.0249 7.2527e-01 1.6363e+03  0.0554688    10.1403 221.136908     2.3175     14.244    -2.6394    312.885    10.0739 -9.990e-29
     13.964    10.1172 219.775991     0.0183 4.9650e+01     0.6033    85.9988 7.1795e-01 1.6363e+03  0.0550530    10.1380 221.106529     2.3162     14.239    -2.7251    312.896    10.0664 -9.990e-29
     13.962    10.1151 219.704054     0.0342 4.9790e+01     0.6021    86.0249 7.0330e-01 1.6363e+03  0.0554688    10.1365 221.106532     2.3162     14.237    -2.6415    312.813    10.0659 -9.990e-29
     13.960    10.1117 219.704056     0.0208 4.9930e+01     0.6021    86.0249 7.5824e-01 1.6363e+03  0.0554688    10.1325 221.136913     2.3175     14.235    -2.7101    312.843    10.0733 -9.990e-29
     13.957    10.1094 219.680077     0.0305 5.0213e+01     0.6021    86.0249 8.9011e-01 1.6363e+03  0.0558845    10.1255 221.167296     2.3162     14.232    -2.6641    312.829    10.0669 -9.990e-29
     13.952    10.1070 219.716049     0.0256 5.0354e+01     0.6033    85.9988 9.0476e-01 1.6363e+03  0.0558845    10.1208 221.045788     2.3162     14.227    -2.6840    312.902    10.0671 -9.990e-29
     13.947    10.1066 219.775999     0.0256 5.0354e+01     0.6021    86.0249 8.4615e-01 1.6363e+03  0.0550530    10.1204 221.015409     2.3162     14.222    -2.6915    312.991    10.0662 -9.990e-29
     13.942    10.1151 219.907887     0.0293 5.0782e+01     0.6021    86.0249 7.8388e-01 1.6344e+03  0.0550530    10.1219 221.076164     2.3162     14.217    -2.6636    313.103    10.0656 -9.990e-29
     13.938    10.1243 220.015794     0.0208 5.0782e+01     0.6033    85.9988 7.4359e-01 1.6344e+03  0.0554688    10.1241 221.136918     2.3162     14.213    -2.7155    313.174    10.0632 -9.990e-29
     13.935    10.1385 220.135690     0.0342 5.0782e+01     0.6033    85.9988 7.2894e-01 1.6344e+03  0.0554688    10.1261 221.045783     2.3175     14.210    -2.6365    313.218    10.0698 -9.990e-29
     13.932    10.1508 220.207626     0.0171 5.1213e+01     0.6033    85.9988 7.1795e-01 1.6344e+03  0.0554688    10.1272 221.076160     2.3162     14.207    -2.7322    313.211    10.0621 -9.990e-29
     13.930    10.1568 220.291558     0.0354 5.1357e+01     0.6021    86.0249 7.1062e-01 1.6344e+03  0.0554688    10.1285 221.106537     2.3162     14.205    -2.6305    313.277    10.0616 -9.990e-29
     13.926    10.1612 220.267574     0.0183 5.1357e+01     0.6033    85.9988 7.0696e-01 1.6344e+03  0.0550530    10.1290 221.106538     2.3175     14.201    -2.7224    313.204    10.0685 -9.990e-29
     13.922    10.1654 220.207614     0.0342 5.1502e+01     0.6021    86.0249 7.0330e-01 1.6344e+03  0.0550530    10.1303 221.197668     2.3162     14.196    -2.6384    313.081    10.0608 -9.990e-29
     13.918    10.1695 220.267566     0.0208 5.1647e+01     0.6009    86.0510 7.5092e-01 1.6344e+03  0.0554688    10.1314 221.076156     2.3162     14.192    -2.7058    313.130    10.0603 -9.990e-29
     13.917    10.1753 220.327517     0.0305 5.1793e+01     0.6009    86.0510 8.6813e-01 1.6344e+03  0.0554688    10.1318 221.015401     2.3162     14.191    -2.6586    313.163    10.0592 -9.990e-29
     13.915    10.1803 220.339505     0.0256 5.1793e+01     0.6009    86.0510 9.7802e-01 1.6344e+03  0.0554688    10.1331 221.015400     2.3175     14.189    -2.6781    313.136    10.0652 -9.990e-29
     13.913    10.1847 220.351491     0.0256 5.1939e+01     0.6009    86.0510 1.0403e+00 1.6344e+03  0.0550530    10.1335 221.076154     2.3162     14.187    -2.6853    313.114    10.0569 -9.990e-29
     13.912    10.1856 220.315519     0.0293 5.1939e+01     0.6009    86.0510 1.0623e+00 1.6344e+03  0.0558845    10.1355 221.136910     2.3162     14.186    -2.6581    313.055    10.0556 -9.990e-29
     13.911    10.1855 220.267555     0.0208 5.1939e+01     0.6009    86.0510 1.0476e+00 1.6344e+03  0.0558845    10.1398 221.167285     2.3162     14.185    -2.7106    312.987    10.0536 -9.990e-29
     13.910    10.1851 220.291536     0.0330 5.1939e+01     0.6009    86.0510 1.0623e+00 1.6344e+03  0.0558845    10.1464 221.228035     2.3162     14.184    -2.6399    313.025    10.0529 -9.990e-29
     13.910    10.1838 220.267557     0.0171 5.1939e+01     0.6009    86.0510 1.0842e+00 1.6344e+03  0.0558845    10.1485 221.167279     2.3162     14.184    -2.7291    313.002    10.0516 -9.990e-29
     13.909    10.1820 220.267558     0.0354 5.1939e+01     0.6021    86.0249 1.0147e+00 1.6344e+03  0.0558845    10.1479 221.106523     2.3162     14.183    -2.6296    313.018    10.0510 -9.990e-29
     13.908    10.1806 220.255567     0.0183 5.1939e+01     0.6021    86.0249 9.1209e-01 1.6344e+03  0.0554688    10.1480 221.136900     2.3162     14.182    -2.7218    313.014    10.0503 -9.990e-29
     13.909    10.1806 220.207604     0.0342 5.1939e+01     0.6009    86.0510 8.3883e-01 1.6344e+03  0.0554688    10.1474 221.258413     2.3162     14.183    -2.6389    312.946    10.0497 -9.990e-29
     13.910    10.1807 220.219595     0.0220 5.1793e+01     0.6021    86.0249 7.7289e-01 1.6344e+03  0.0554688    10.1520 221.258411     2.3162     14.184    -2.7006    312.962    10.0496 -9.990e-29
     13.911    10.1811 220.267558     0.0305 5.1793e+01     0.6009    86.0510 7.2161e-01 1.6344e+03  0.0554688    10.1551 221.258408     2.3162     14.185    -2.6603    313.026    10.0491 -9.990e-29
     13.911    10.1823 220.255565     0.0256 5.1647e+01     0.6009    86.0510 6.9963e-01 1.6344e+03  0.0554688    10.1538 221.288786     2.3162     14.185    -2.6801    312.999    10.0496 -9.990e-29
     13.912    10.1834 220.279548     0.0244 5.1647e+01     0.5997    86.0772 6.8132e-01 1.6344e+03  0.0554688    10.1556 221.197652     2.3162     14.186    -2.6941    313.023    10.0494 -9.990e-29
     13.914    10.1849 220.231583     0.0305 5.1502e+01     0.6021    86.0249 6.6667e-01 1.6344e+03  0.0550530    10.1584 221.258406     2.3162     14.188    -2.6537    312.941    10.0490 -9.990e-29
     13.915    10.1850 220.267554     0.0195 5.1502e+01     0.6009    86.0510 6.9963e-01 1.6344e+03  0.0554688    10.1617 221.379916     2.3162     14.189    -2.7198    312.992    10.0476 -9.990e-29
     13.917    10.1834 220.255566     0.0342 5.1357e+01     0.6009    86.0510 7.0330e-01 1.6344e+03  0.0554688    10.1627 221.319159     2.3162     14.191    -2.6349    312.989    10.0477 -9.990e-29
     13.920    10.1823 220.291539     0.0171 5.1213e+01     0.6009    86.0510 6.7766e-01 1.6344e+03  0.0558845    10.1675 221.379913     2.3150     14.194    -2.7314    313.050    10.0401 -9.990e-29
     13.923    10.1819 220.279549     0.0354 5.1069e+01     0.5973    86.1294 7.3260e-01 1.6344e+03  0.0558845    10.1730 221.440666     2.3162     14.198    -2.6311    313.036    10.0457 -9.990e-29
     13.925    10.1823 220.255566     0.0183 5.1069e+01     0.5948    86.1817 7.6923e-01 1.6344e+03  0.0550530    10.1750 221.410285     2.3162     14.200    -2.7224    312.999    10.0464 -9.990e-29
     13.928    10.1833 220.291539     0.0342 5.0925e+01     0.5948    86.1817 9.0842e-01 1.6344e+03  0.0554688    10.1769 221.562177     2.3162     14.203    -2.6395    313.041    10.0463 -9.990e-29
     13.932    10.1839 220.267556     0.0220 5.0782e+01     0.5961    86.1556 1.1099e+00 1.6344e+03  0.0554688    10.1793 221.379904     2.3162     14.207    -2.7005    313.001    10.0460 -9.990e-29
     13.936    10.1844 220.207602     0.0305 5.0782e+01     0.5961    86.1556 1.0806e+00 1.6344e+03  0.0558845    10.1804 221.501417     2.3162     14.211    -2.6608    312.912    10.0470 -9.990e-29
     13.940    10.1856 220.219592     0.0269 5.0639e+01     0.5948    86.1817 9.5971e-01 1.6344e+03  0.0558845    10.1811 221.471038     2.3162     14.215    -2.6734    312.918    10.0472 -9.990e-29
     13.945    10.1878 220.315518     0.0244 5.0496e+01     0.5961    86.1556 8.7546e-01 1.6344e+03  0.0550530    10.1813 221.410282     2.3150     14.220    -2.6944    313.035    10.0408 -9.990e-29
     13.948    10.1889 220.291535     0.0305 5.0354e+01     0.5948    86.1817 8.0220e-01 1.6344e+03  0.0554688    10.1807 221.410282     2.3150     14.223    -2.6540    312.991    10.0413 -9.990e-29
     13.952    10.1894 220.303525     0.0195 5.0213e+01     0.5961    86.1556 7.4359e-01 1.6344e+03  0.0554688    10.1803 221.501417     2.3150     14.227    -2.7200    313.004    10.0427 -9.990e-29
     13.957    10.1897 220.351490     0.0342 5.0071e+01     0.5961    86.1556 7.2161e-01 1.6344e+03  0.0558845    10.1797 221.471040     2.3150     14.232    -2.6349    313.069    10.0441 -9.990e-29
     13.961    10.1908 220.339497     0.0171 4.9930e+01     0.5961    86.1556 6.9963e-01 1.6344e+03  0.0554688    10.1792 221.410283     2.3150     14.236    -2.7312    313.042    10.0446 -9.990e-29
     13.967    10.1925 220.339497     0.0342 4.9790e+01     0.5948    86.1817 6.9597e-01 1.6344e+03  0.0554688    10.1784 221.319149     2.3162     14.242    -2.6372    313.027    10.0518 -9.990e-29
     13.973    10.1933 220.315515     0.0183 4.9650e+01     0.5948    86.1817 7.0696e-01 1.6344e+03  0.0554688    10.1780 221.379906     2.3150     14.248    -2.7227    312.986    10.0456 -9.990e-29
     13.979    10.1923 220.267552     0.0330 4.9510e+01     0.5948    86.1817 7.1062e-01 1.6344e+03  0.0554688    10.1776 221.410285     2.3150     14.255    -2.6464    312.927    10.0461 -9.990e-29
     13.984    10.1928 220.315515     0.0220 4.9510e+01     0.5948    86.1817 6.8498e-01 1.6363e+03  0.0554688    10.1795 221.319149     2.3150     14.260    -2.7008    312.990    10.0468 -9.990e-29
     13.990    10.1923 220.339497     0.0293 4.9371e+01     0.5961    86.1556 6.5201e-01 1.6363e+03  0.0550530    10.1828 221.501417     2.3150     14.266    -2.6678    313.029    10.0472 -9.990e-29
     13.996    10.1913 220.315516     0.0269 4.9232e+01     0.5961    86.1556 6.4469e-01 1.6363e+03  0.0554688    10.1872 221.562171     2.3162     14.272    -2.6732    313.004    10.0540 -9.990e-29
     14.003    10.1908 220.327507     0.0244 4.9232e+01     0.5961    86.1556 6.5201e-01 1.6363e+03  0.0558845    10.1920 221.562167     2.3162     14.279    -2.6936    313.025    10.0531 -9.990e-29
     14.010    10.1915 220.315517     0.0305 4.9093e+01     0.5961    86.1556 6.6300e-01 1.6363e+03  0.0554688    10.1943 221.592546     2.3162     14.286    -2.6532    313.002    10.0536 -9.990e-29
     14.016    10.1900 220.291536     0.0195 4.8955e+01     0.5961    86.1556 6.8132e-01 1.6363e+03  0.0554688    10.1931 221.440654     2.3150     14.292    -2.7194    312.981    10.0483 -9.990e-29
     14.021    10.1876 220.291537     0.0342 4.8955e+01     0.5985    86.1033 6.8132e-01 1.6363e+03  0.0554688    10.1922 221.440653     2.3162     14.297    -2.6351    313.003    10.0563 -9.990e-29
     14.027    10.1862 220.279548     0.0171 4.8818e+01     0.5997    86.0772 6.8498e-01 1.6363e+03  0.0554688    10.1907 221.531790     2.3150     14.304    -2.7302    312.998    10.0510 -9.990e-29
     14.034    10.1851 220.243576     0.0354 4.8680e+01     0.5997    86.0772 6.9231e-01 1.6363e+03  0.0554688    10.1874 221.440658     2.3162     14.311    -2.6306    312.957    10.0595 -9.990e-29
     14.040    10.1842 220.267559     0.0183 4.8680e+01     0.6009    86.0510 6.9597e-01 1.6363e+03  0.0558845    10.1844 221.410281     2.3162     14.317    -2.7213    312.999    10.0612 -9.990e-29
     14.046    10.1844 220.303531     0.0330 4.8680e+01     0.6009    86.0510 6.9231e-01 1.6363e+03  0.0554688    10.1849 221.562174     2.3162     14.323    -2.6457    313.048    10.0611 -9.990e-29
     14.052    10.1829 220.315523     0.0220 4.8543e+01     0.5997    86.0772 6.8498e-01 1.6363e+03  0.0550530    10.1886 221.683686     2.3162     14.329    -2.6996    313.079    10.0602 -9.990e-29
     14.058    10.1827 220.291543     0.0293 4.8543e+01     0.5997    86.0772 6.6667e-01 1.6363e+03  0.0550530    10.1915 221.714064     2.3162     14.335    -2.6665    313.046    10.0603 -9.990e-29
     14.062    10.1839 220.303532     0.0269 4.8543e+01     0.6009    86.0510 6.5568e-01 1.6363e+03  0.0550530    10.1927 221.622926     2.3162     14.339    -2.6719    313.053    10.0608 -9.990e-29
     14.066    10.1854 220.315521     0.0232 4.8543e+01     0.5997    86.0772 6.4835e-01 1.6383e+03  0.0554688    10.1940 221.683682     2.3162     14.343    -2.6994    313.056    10.0612 -9.990e-29
     14.071    10.1859 220.267559     0.0305 4.8407e+01     0.5997    86.0772 6.4835e-01 1.6383e+03  0.0554688    10.1940 221.531790     2.3162     14.348    -2.6525    312.984    10.0620 -9.990e-29
     14.076    10.1853 220.255567     0.0195 4.8407e+01     0.5997    86.0772 6.5568e-01 1.6383e+03  0.0550530    10.1912 221.471034     2.3162     14.354    -2.7178    312.972    10.0634 -9.990e-29
     14.081    10.1828 220.219598     0.0342 4.8270e+01     0.5997    86.0772 6.5201e-01 1.6383e+03  0.0550530    10.1876 221.562174     2.3162     14.359    -2.6335    312.943    10.0641 -9.990e-29
     14.085    10.1797 220.183626     0.0171 4.8270e+01     0.6009    86.0510 6.5201e-01 1.6383e+03  0.0554688    10.1840 221.562175     2.3162     14.363    -2.7287    312.920    10.0647 -9.990e-29
     14.089    10.1790 220.171637     0.0354 4.8270e+01     0.6009    86.0510 6.5568e-01 1.6383e+03  0.0558845    10.1818 221.562177     2.3175     14.367    -2.6298    312.909    10.0722 -9.990e-29
