data/05_metadata_exports/SeabirdData/202310_SeabirdData/88739_STN35,2.cnv
* Sea-Bird SBE 9 Data File:
* FileName = C:\Users\rosette\Rosette Data\2023\Ontario lower food web csmi\STN35,2.hex
* Software Version Seasave V 7.26.6.26
* Temperature SN = 5270
* Conductivity SN = 1168
* Number of Bytes Per Scan = 40
* Number of Voltage Words = 5
* Number of Scans Averaged by the Deck Unit = 1
* NMEA Latitude = 43 21.84 N
* NMEA Longitude = 078 43.54 W
* NMEA UTC (Time) = Sep 26 2023  18:14:35
* NMEA baud rate = 4800
** Ship: Lake Guardian
** Cruise: Ontario Lower Food Web 2023
** Station:  STN35,2
# nquan = 18                                
# nvalues = 6192                        
# units = specified
# name 0 = prDM: Pressure, Digiquartz [db]
# name 1 = t090C: Temperature [ITS-90, deg C]
# name 2 = c0uS/cm: Conductivity [uS/cm]
# name 3 = sbeox0V: Oxygen raw, SBE 43 [V]
# name 4 = par: PAR/Irradiance, Biospherical/Licor
# name 5 = bat: Beam Attenuation, Chelsea/Seatech [1/m]
# name 6 = xmiss: Beam Transmission, Chelsea/Seatech [%]
# name 7 = flSP: Fluorescence, Seapoint
# name 8 = spar: SPAR, Biospherical/Licor
# name 9 = upoly0: Upoly 0, Suna Nitrate
# name 10 = t190C: Temperature, 2 [ITS-90, deg C]
# name 11 = c1uS/cm: Conductivity, 2 [uS/cm]
# name 12 = sbeox1V: Oxygen raw, SBE 43, 2 [V]
# name 13 = depFM: Depth [fresh water, m], lat = 43.364
# name 14 = sbeox0Mg/L: Oxygen, SBE 43 [mg/l], WS = 2
# name 15 = specc: Specific Conductance [uS/cm]
# name 16 = sbeox1Mg/L: Oxygen, SBE 43, 2 [mg/l], WS = 2
# name 17 = flag: flag
# span 0 =     -0.011,      5.134       
# span 1 =    12.3874,    12.8225       
# span 2 =   8.524657, 312.381660       
# span 3 =     0.0159,     0.0354       
# span 4 = 3.9613e+02, 2.4361e+03       
# span 5 =     0.7006,     5.0963       
# span 6 =    27.9692,    83.9337       
# span 7 = 0.0000e+00, 6.0183e+00       
# span 8 = 1.5083e+03, 1.7643e+03       
# span 9 =  0.0413330,  0.0617051       
# span 10 =    12.3662,    12.9239      
# span 11 =   1.753021, 233.410871      
# span 12 =     1.9463,     2.7265      
# span 13 =     -0.011,      5.235      
# span 14 =    -2.5872,    -2.4629      
# span 15 =     11.360,    414.566      
# span 16 =     7.4699,    12.0783      
# span 17 = 0.0000e+00, 0.0000e+00      
# interval = seconds: 0.0416667
# start_time = Sep 26 2023 18:14:35 [NMEA time, header]
# bad_flag = -9.990e-29
*END*
[from data line 4503]
      4.631    12.6930 231.544194     0.0330 5.0735e+02     0.7243    83.4371 5.3480e-01 1.6245e+03  0.0554688    12.6595 232.590377     2.4322      4.722    -2.4884    307.120    10.0683 0.0000e+00
      4.645    12.6906 231.472159     0.0232 4.9329e+02     0.7243    83.4371 5.2747e-01 1.6245e+03  0.0554688    12.6591 232.681560     2.4322      4.737    -2.5322    307.044    10.0679 0.0000e+00
      4.659    12.6844 231.496175     0.0269 4.8914e+02     0.7231    83.4632 5.2747e-01 1.6245e+03  0.0554688    12.6545 232.651168     2.4322      4.751    -2.5226    307.126    10.0686 0.0000e+00
      4.674    12.6765 231.412139     0.0293 4.8503e+02     0.7231    83.4632 5.3480e-01 1.6245e+03  0.0554688    12.6460 232.711964     2.4310      4.766    -2.5028    307.079    10.0639 0.0000e+00
      4.689    12.6698 231.412145     0.0208 4.6894e+02     0.7231    83.4632 5.7509e-01 1.6245e+03  0.0550530    12.6389 232.620788     2.4322      4.781    -2.5547    307.134    10.0707 0.0000e+00
      4.703    12.6641 231.412148     0.0330 4.6239e+02     0.7243    83.4371 5.8974e-01 1.6245e+03  0.0554688    12.6368 232.620789     2.4310      4.796    -2.4857    307.180    10.0639 0.0000e+00
      4.718    12.6607 231.376133     0.0171 4.6239e+02     0.7231    83.4632 5.7143e-01 1.6245e+03  0.0558845    12.6393 232.651182     2.4310      4.811    -2.5711    307.160    10.0622 0.0000e+00
      4.733    12.6581 231.364129     0.0354 4.6109e+02     0.7231    83.4632 5.5311e-01 1.6245e+03  0.0558845    12.6403 232.590393     2.4310      4.826    -2.4748    307.166    10.0610 0.0000e+00
      4.747    12.6572 231.412156     0.0171 4.6109e+02     0.7231    83.4632 5.5311e-01 1.6245e+03  0.0554688    12.6396 232.590395     2.4322      4.841    -2.5676    307.237    10.0665 0.0000e+00
      4.761    12.6551 231.376138     0.0342 4.6109e+02     0.7218    83.4894 5.5678e-01 1.6245e+03  0.0554688    12.6392 232.620788     2.4322      4.855    -2.4834    307.206    10.0656 0.0000e+00
      4.776    12.6502 231.400154     0.0208 4.5594e+02     0.7231    83.4632 5.7143e-01 1.6245e+03  0.0554688    12.6369 232.711973     2.4310      4.870    -2.5470    307.278    10.0596 0.0000e+00
      4.791    12.6461 231.376147     0.0293 4.5338e+02     0.7218    83.4894 5.7875e-01 1.6245e+03  0.0554688    12.6317 232.651190     2.4310      4.885    -2.5115    307.279    10.0600 0.0000e+00
      4.806    12.6427 231.364142     0.0256 4.5338e+02     0.7218    83.4894 5.6410e-01 1.6245e+03  0.0554688    12.6263 232.590405     2.4322      4.901    -2.5227    307.291    10.0667 0.0000e+00
      4.819    12.6386 231.316122     0.0232 4.4957e+02     0.7218    83.4894 5.5678e-01 1.6245e+03  0.0550530    12.6241 232.590408     2.4310      4.914    -2.5443    307.261    10.0601 0.0000e+00
      4.832    12.6365 231.376154     0.0305 4.4579e+02     0.7231    83.4632 5.6777e-01 1.6245e+03  0.0554688    12.6239 232.590408     2.4310      4.927    -2.4989    307.358    10.0593 0.0000e+00
      4.844    12.6354 231.304119     0.0195 4.4579e+02     0.7231    83.4632 5.8242e-01 1.6245e+03  0.0554688    12.6223 232.499228     2.4310      4.940    -2.5615    307.271    10.0596 0.0000e+00
      4.856    12.6325 231.280109     0.0342 4.3833e+02     0.7231    83.4632 5.9707e-01 1.6245e+03  0.0554688    12.6194 232.499230     2.4322      4.952    -2.4811    307.263    10.0666 0.0000e+00
      4.869    12.6299 231.304123     0.0171 4.3100e+02     0.7231    83.4632 6.0806e-01 1.6245e+03  0.0550530    12.6164 232.499232     2.4310      4.965    -2.5708    307.316    10.0604 0.0000e+00
      4.883    12.6282 231.280114     0.0354 4.2979e+02     0.7231    83.4632 6.0806e-01 1.6265e+03  0.0550530    12.6147 232.681599     2.4310      4.979    -2.4773    307.298    10.0601 0.0000e+00
      4.896    12.6240 231.232093     0.0195 4.2618e+02     0.7218    83.4894 6.1538e-01 1.6265e+03  0.0554688    12.6142 232.651205     2.4310      4.993    -2.5555    307.269    10.0603 0.0000e+00
      4.909    12.6196 231.220091     0.0317 4.2023e+02     0.7231    83.4632 6.6300e-01 1.6265e+03  0.0554688    12.6148 232.590417     2.4310      5.006    -2.4990    307.289    10.0604 0.0000e+00
      4.921    12.6162 231.196081     0.0232 4.1905e+02     0.7231    83.4632 7.1062e-01 1.6265e+03  0.0554688    12.6154 232.590416     2.4310      5.018    -2.5361    307.284    10.0597 0.0000e+00
      4.934    12.6138 231.256114     0.0281 4.2023e+02     0.7231    83.4632 7.6557e-01 1.6265e+03  0.0554688    12.6156 232.499236     2.4310      5.031    -2.5201    307.384    10.0599 0.0000e+00
      4.945    12.6120 231.244109     0.0281 4.2260e+02     0.7218    83.4894 8.5348e-01 1.6265e+03  0.0550530    12.6151 232.499236     2.4310      5.042    -2.5122    307.383    10.0603 0.0000e+00
      4.954    12.6113 231.292133     0.0220 4.2379e+02     0.7231    83.4632 8.5348e-01 1.6265e+03  0.0554688    12.6149 232.560024     2.4310      5.052    -2.5521    307.452    10.0601 0.0000e+00
      4.962    12.6112 231.244110     0.0317 4.2379e+02     0.7243    83.4371 7.6923e-01 1.6265e+03  0.0558845    12.6152 232.590417     2.4310      5.060    -2.4941    307.389    10.0597 0.0000e+00
      4.971    12.6111 231.220098     0.0171 4.2618e+02     0.7206    83.5155 6.7766e-01 1.6265e+03  0.0558845    12.6142 232.590418     2.4310      5.069    -2.5740    307.358    10.0598 0.0000e+00
      4.979    12.6112 231.256117     0.0342 4.2738e+02     0.7143    83.6462 6.2271e-01 1.6285e+03  0.0554688    12.6119 232.499239     2.4310      5.077    -2.4829    307.405    10.0603 0.0000e+00
      4.987    12.6114 231.256116     0.0171 4.2618e+02     0.7118    83.6985 5.8974e-01 1.6285e+03  0.0550530    12.6064 232.560030     2.4298      5.085    -2.5708    307.403    10.0546 0.0000e+00
      4.995    12.6109 231.220100     0.0342 4.2498e+02     0.7118    83.6985 5.6777e-01 1.6285e+03  0.0554688    12.6039 232.499246     2.4298      5.093    -2.4852    307.360    10.0552 0.0000e+00
      5.003    12.6102 231.232105     0.0208 4.2379e+02     0.7118    83.6985 5.5311e-01 1.6285e+03  0.0554688    12.6027 232.499245     2.4298      5.102    -2.5492    307.381    10.0550 0.0000e+00
      5.012    12.6070 231.208098     0.0305 4.2379e+02     0.7118    83.6985 5.4945e-01 1.6285e+03  0.0554688    12.6029 232.499248     2.4298      5.111    -2.5067    307.376    10.0544 0.0000e+00
      5.018    12.6037 231.232111     0.0256 4.1905e+02     0.7118    83.6985 5.4945e-01 1.6285e+03  0.0550530    12.6045 232.499245     2.4298      5.117    -2.5241    307.435    10.0536 0.0000e+00
      5.024    12.6023 231.268130     0.0244 4.1670e+02     0.7118    83.6985 5.5678e-01 1.6285e+03  0.0550530    12.6050 232.438458     2.4298      5.123    -2.5394    307.494    10.0531 0.0000e+00
      5.029    12.6020 231.208100     0.0305 4.1670e+02     0.7118    83.6985 5.6044e-01 1.6285e+03  0.0550530    12.6065 232.529637     2.4298      5.128    -2.5000    307.416    10.0532 0.0000e+00
      5.034    12.6007 231.160079     0.0195 4.1670e+02     0.7118    83.6985 5.6410e-01 1.6304e+03  0.0554688    12.6074 232.499244     2.4298      5.133    -2.5638    307.363    10.0522 -9.990e-29
      5.038    12.5982 231.196097     0.0330 4.1670e+02     0.7118    83.6985 5.6410e-01 1.6304e+03  0.0554688    12.6072 232.560031     2.4298      5.137    -2.4889    307.432    10.0521 -9.990e-29
      5.042    12.5947 231.184095     0.0171 4.1670e+02     0.7118    83.6985 5.5678e-01 1.6304e+03  0.0554688    12.6060 232.499245     2.4298      5.141    -2.5739    307.444    10.0523 -9.990e-29
      5.044    12.5904 231.160087     0.0342 4.1204e+02     0.7105    83.7246 5.5678e-01 1.6304e+03  0.0558845    12.6042 232.560034     2.4298      5.143    -2.4849    307.448    10.0522 -9.990e-29
      5.044    12.5859 231.244130     0.0183 4.0973e+02     0.7105    83.7246 5.5311e-01 1.6304e+03  0.0554688    12.6035 232.742398     2.4298      5.143    -2.5657    307.596    10.0518 -9.990e-29
      5.045    12.5825 231.184105     0.0330 4.0858e+02     0.7118    83.6985 5.4579e-01 1.6304e+03  0.0554688    12.6037 232.620823     2.4298      5.144    -2.4933    307.544    10.0513 -9.990e-29
      5.047    12.5825 231.088056     0.0220 4.1436e+02     0.7105    83.7246 5.4212e-01 1.6304e+03  0.0554688    12.6032 232.499245     2.4298      5.147    -2.5444    307.416    10.0524 -9.990e-29
      5.047    12.5849 231.160095     0.0281 4.2023e+02     0.7118    83.6985 5.3846e-01 1.6304e+03  0.0554688    12.6025 232.438464     2.4298      5.147    -2.5201    307.493    10.0523 -9.990e-29
      5.044    12.5839 231.196106     0.0281 4.2141e+02     0.7118    83.6985 5.3846e-01 1.6304e+03  0.0554688    12.6029 232.438456     2.4298      5.143    -2.5122    307.549    10.0520 -9.990e-29
      5.041    12.5804 231.136084     0.0220 4.2738e+02     0.7118    83.6985 5.3480e-01 1.6324e+03  0.0554688    12.6029 232.438461     2.4298      5.140    -2.5517    307.497    10.0519 -9.990e-29
      5.040    12.5764 231.124077     0.0317 4.3833e+02     0.7118    83.6985 5.4579e-01 1.6324e+03  0.0558845    12.5982 232.377673     2.4298      5.139    -2.4947    307.514    10.0530 -9.990e-29
      5.038    12.5727 231.100074     0.0183 4.4081e+02     0.7118    83.6985 5.6410e-01 1.6324e+03  0.0563003    12.5871 232.408081     2.4298      5.137    -2.5693    307.513    10.0556 -9.990e-29
      5.036    12.5718 231.136086     0.0342 4.4205e+02     0.7143    83.6462 5.7509e-01 1.6324e+03  0.0558845    12.5826 232.316897     2.4298      5.135    -2.4825    307.568    10.0568 -9.990e-29
      5.034    12.5727 231.124084     0.0171 4.4454e+02     0.7143    83.6462 5.7875e-01 1.6324e+03  0.0554688    12.5852 232.438475     2.4286      5.133    -2.5723    307.544    10.0501 -9.990e-29
      5.032    12.5760 231.100068     0.0354 4.4454e+02     0.7143    83.6462 5.7143e-01 1.6324e+03  0.0554688    12.5933 232.499254     2.4286      5.131    -2.4772    307.486    10.0485 -9.990e-29
      5.028    12.5779 231.124078     0.0195 4.4329e+02     0.7143    83.6462 5.6410e-01 1.6324e+03  0.0554688    12.5960 232.408070     2.4286      5.127    -2.5566    307.502    10.0483 -9.990e-29
      5.025    12.5802 231.124076     0.0317 4.3710e+02     0.7143    83.6462 5.5311e-01 1.6324e+03  0.0554688    12.5894 232.468863     2.4286      5.124    -2.4986    307.483    10.0503 -9.990e-29
      5.023    12.5800 231.100065     0.0232 4.3465e+02     0.7130    83.6723 5.4579e-01 1.6324e+03  0.0554688    12.5844 232.560048     2.4286      5.122    -2.5369    307.453    10.0520 -9.990e-29
      5.021    12.5779 231.136085     0.0269 4.3465e+02     0.7130    83.6723 5.4579e-01 1.6344e+03  0.0554688    12.5794 232.590447     2.4286      5.120    -2.5253    307.518    10.0524 -9.990e-29
      5.018    12.5756 231.088061     0.0293 4.3343e+02     0.7155    83.6201 5.4945e-01 1.6344e+03  0.0554688    12.5760 232.468872     2.4286      5.117    -2.5052    307.473    10.0532 -9.990e-29
      5.015    12.5739 231.088065     0.0208 4.3343e+02     0.7130    83.6723 5.4579e-01 1.6344e+03  0.0554688    12.5718 232.438483     2.4286      5.114    -2.5565    307.487    10.0543 -9.990e-29
      5.013    12.5724 231.124080     0.0330 4.3343e+02     0.7143    83.6462 5.4579e-01 1.6344e+03  0.0554688    12.5665 232.377697     2.4286      5.112    -2.4877    307.547    10.0557 -9.990e-29
      5.012    12.5715 231.100073     0.0171 4.3957e+02     0.7143    83.6462 5.5311e-01 1.6344e+03  0.0554688    12.5708 232.468878     2.4274      5.111    -2.5745    307.522    10.0485 -9.990e-29
      5.010    12.5711 231.136089     0.0342 4.4329e+02     0.7143    83.6462 5.5678e-01 1.6344e+03  0.0554688    12.5772 232.316903     2.4286      5.109    -2.4835    307.574    10.0536 -9.990e-29
      5.007    12.5720 231.136088     0.0171 4.4454e+02     0.7143    83.6462 5.6044e-01 1.6344e+03  0.0554688    12.5782 232.347296     2.4274      5.106    -2.5721    307.566    10.0474 -9.990e-29
      5.004    12.5741 231.172103     0.0342 4.5980e+02     0.7143    83.6462 5.6044e-01 1.6344e+03  0.0554688    12.5770 232.286509     2.4286      5.103    -2.4852    307.597    10.0543 -9.990e-29
      5.002    12.5777 231.112072     0.0208 4.7158e+02     0.7143    83.6462 5.6044e-01 1.6344e+03  0.0558845    12.5757 232.286511     2.4274      5.101    -2.5510    307.488    10.0487 -9.990e-29
      5.000    12.5789 231.112071     0.0317 4.7291e+02     0.7143    83.6462 5.5311e-01 1.6363e+03  0.0558845    12.5744 232.438480     2.4274      5.099    -2.4998    307.478    10.0488 -9.990e-29
      4.999    12.5785 231.124076     0.0244 4.6894e+02     0.7143    83.6462 5.4945e-01 1.6363e+03  0.0554688    12.5739 232.408086     2.4274      5.098    -2.5314    307.497    10.0495 -9.990e-29
      4.998    12.5780 231.124078     0.0269 4.6631e+02     0.7143    83.6462 5.5311e-01 1.6363e+03  0.0554688    12.5769 232.377691     2.4274      5.097    -2.5260    307.501    10.0487 -9.990e-29
      4.997    12.5755 231.148091     0.0293 4.6500e+02     0.7143    83.6462 5.5311e-01 1.6363e+03  0.0554688    12.5780 232.286509     2.4286      5.096    -2.5066    307.553    10.0547 -9.990e-29
      4.996    12.5785 231.184105     0.0208 4.5722e+02     0.7155    83.6201 5.5678e-01 1.6363e+03  0.0554688    12.5786 232.347295     2.4274      5.095    -2.5570    307.577    10.0490 -9.990e-29
      4.996    12.5819 231.184104     0.0330 4.4705e+02     0.7143    83.6462 5.6410e-01 1.6363e+03  0.0563003    12.5745 232.408086     2.4274      5.095    -2.4886    307.549    10.0508 -9.990e-29
      4.995    12.5834 231.148085     0.0171 4.4454e+02     0.7155    83.6201 5.6777e-01 1.6363e+03  0.0558845    12.5688 232.377696     2.4274      5.093    -2.5740    307.489    10.0531 -9.990e-29
      4.995    12.5856 231.256136     0.0354 4.4454e+02     0.7168    83.5939 5.6410e-01 1.6363e+03  0.0550530    12.5673 232.408092     2.4274      5.093    -2.4780    307.615    10.0544 -9.990e-29
      4.993    12.5947 231.304153     0.0183 4.4329e+02     0.7155    83.6201 5.6410e-01 1.6363e+03  0.0550530    12.5685 232.377697     2.4274      5.091    -2.5649    307.604    10.0551 -9.990e-29
      4.991    12.6105 231.352164     0.0342 4.4205e+02     0.7155    83.6201 5.6410e-01 1.6363e+03  0.0558845    12.5727 232.377693     2.4274      5.089    -2.4842    307.539    10.0545 -9.990e-29
      4.991    12.6287 231.400175     0.0208 4.4081e+02     0.7155    83.6201 5.6044e-01 1.6363e+03  0.0558845    12.5775 232.468870     2.4274      5.089    -2.5486    307.454    10.0538 -9.990e-29
      4.992    12.6465 231.304114     0.0317 4.3343e+02     0.7155    83.6201 5.6044e-01 1.6363e+03  0.0558845    12.5797 232.438476     2.4274      5.090    -2.4972    307.181    10.0531 -9.990e-29
      4.993    12.6571 231.388147     0.0256 4.3100e+02     0.7155    83.6201 5.7509e-01 1.6363e+03  0.0554688    12.5829 232.438473     2.4274      5.091    -2.5208    307.206    10.0522 -9.990e-29
      4.994    12.6554 231.388150     0.0256 4.3221e+02     0.7155    83.6201 5.9341e-01 1.6363e+03  0.0550530    12.5844 232.438473     2.4274      5.092    -2.5278    307.220    10.0525 -9.990e-29
      4.995    12.6532 231.340127     0.0293 4.3957e+02     0.7155    83.6201 6.0440e-01 1.6383e+03  0.0554688    12.5804 232.377688     2.4274      5.093    -2.5024    307.174    10.0542 -9.990e-29
      4.996    12.6557 231.316112     0.0208 4.4329e+02     0.7155    83.6201 5.8608e-01 1.6363e+03  0.0558845    12.5817 232.408080     2.4261      5.095    -2.5522    307.121    10.0477 -9.990e-29
      4.997    12.6567 231.352131     0.0342 4.4454e+02     0.7155    83.6201 5.8242e-01 1.6383e+03  0.0558845    12.5992 232.468855     2.4274      5.096    -2.4786    307.161    10.0512 -9.990e-29
