data/05_metadata_exports/SeabirdData/202310_SeabirdData/88739_STN35,2.cnv
* Sea-Bird SBE 9 Data File:
* FileName = C:\Users\rosette\Rosette Data\2023\Ontario lower food web csmi\STN35,2.hex
* Software Version Seasave V 7.26.6.26
* Temperature SN = 5270
* Conductivity SN = 1168
* Number of Bytes Per Scan = 40
* Number of Voltage Words = 5
* Number of Scans Averaged by the Deck Unit = 1
* NMEA Latitude = 43 21.84 N
* NMEA Longitude = 078 43.54 W
* NMEA UTC (Time) = Sep 26 2023  18:14:35
* NMEA baud rate = 4800
** Ship: Lake Guardian
** Cruise: Ontario Lower Food Web 2023
** Station:  STN35,2
# nquan = 18                                
# nvalues = 6192                        
# units = specified
# name 0 = prDM: Pressure, Digiquartz [db]
# name 1 = t090C: Temperature [ITS-90, deg C]
# name 2 = c0uS/cm: Conductivity [uS/cm]
# name 3 = sbeox0V: Oxygen raw, SBE 43 [V]
# name 4 = par: PAR/Irradiance, Biospherical/Licor
# name 5 = bat: Beam Attenuation, Chelsea/Seatech [1/m]
# name 6 = xmiss: Beam Transmission, Chelsea/Seatech [%]
# name 7 = flSP: Fluorescence, Seapoint
# name 8 = spar: SPAR, Biospherical/Licor
# name 9 = upoly0: Upoly 0, Suna Nitrate
# name 10 = t190C: Temperature, 2 [ITS-90, deg C]
# name 11 = c1uS/cm: Conductivity, 2 [uS/cm]
# name 12 = sbeox1V: Oxygen raw, SBE 43, 2 [V]
# name 13 = depFM: Depth [fresh water, m], lat = 43.364
# name 14 = sbeox0Mg/L: Oxygen, SBE 43 [mg/l], WS = 2
# name 15 = specc: Specific Conductance [uS/cm]
# name 16 = sbeox1Mg/L: Oxygen, SBE 43, 2 [mg/l], WS = 2
# name 17 = flag: flag
# span 0 =     -0.011,      5.134       
# span 1 =    12.3874,    12.8225       
# span 2 =   8.524657, 312.381660       
# span 3 =     0.0159,     0.0354       
# span 4 = 3.9613e+02, 2.4361e+03       
# span 5 =     0.7006,     5.0963       
# span 6 =    27.9692,    83.9337       
# span 7 = 0.0000e+00, 6.0183e+00       
# span 8 = 1.5083e+03, 1.7643e+03       
# span 9 =  0.0413330,  0.0617051       
# span 10 =    12.3662,    12.9239      
# span 11 =   1.753021, 233.410871      
# span 12 =     1.9463,     2.7265      
# span 13 =     -0.011,      5.235      
# span 14 =    -2.5872,    -2.4629      
# span 15 =     11.360,    414.566      
# span 16 =     7.4699,    12.0783      
# span 17 = 0.0000e+00, 0.0000e+00      
# interval = seconds: 0.0416667
# start_time = Sep 26 2023 18:14:35 [NMEA time, header]
# bad_flag = -9.990e-29
*END*
[from data line 563]
      0.126    12.6581 199.259116     0.0293 1.2406e+03     1.2829    72.5631 8.7912e-02 1.5753e+03  0.0413330    12.8440   3.767557     2.5812      0.128    -2.5010    264.542    10.8053 -9.990e-29
      0.125    12.6582 198.385951     0.0220 1.2406e+03     1.2814    72.5892 8.7912e-02 1.5753e+03  0.0413330    12.8436   3.978042     2.5812      0.127    -2.5452    263.382    10.8053 -9.990e-29
      0.124    12.6584 197.764024     0.0330 1.2406e+03     1.2814    72.5892 8.7912e-02 1.5753e+03  0.0413330    12.8440   3.857765     2.5812      0.126    -2.4827    262.555    10.8057 -9.990e-29
      0.123    12.6584 197.668347     0.0171 1.2406e+03     1.2814    72.5892 8.7912e-02 1.5753e+03  0.0413330    12.8442   3.827696     2.5812      0.125    -2.5693    262.428    10.8056 -9.990e-29
      0.122    12.6586 198.134783     0.0354 1.2406e+03     1.2800    72.6154 8.7912e-02 1.5753e+03  0.0413330    12.8445   3.767557     2.5812      0.124    -2.4729    263.046    10.8061 -9.990e-29
      0.122    12.6586 198.756736     0.0171 1.2406e+03     1.2771    72.6676 8.4249e-02 1.5753e+03  0.0413330    12.8445   3.587143     2.5824      0.124    -2.5676    263.872    10.8123 -9.990e-29
      0.122    12.6585 199.139499     0.0342 1.2406e+03     1.2771    72.6676 8.4249e-02 1.5753e+03  0.0413330    12.8445   3.737488     2.5812      0.124    -2.4811    264.380    10.8058 -9.990e-29
      0.122    12.6587 199.151461     0.0208 1.2406e+03     1.2771    72.6676 8.4249e-02 1.5753e+03  0.0413330    12.8446   3.827696     2.5824      0.124    -2.5470    264.395    10.8119 -9.990e-29
      0.121    12.6586 199.031845     0.0317 1.2406e+03     1.2785    72.6415 8.7912e-02 1.5753e+03  0.0413330    12.8446   3.978042     2.5824      0.123    -2.4954    264.237    10.8118 -9.990e-29
      0.121    12.6589 199.043807     0.0244 1.2406e+03     1.2785    72.6415 8.4249e-02 1.5753e+03  0.0413330    12.8446   3.707419     2.5824      0.123    -2.5275    264.251    10.8116 -9.990e-29
      0.121    12.6589 199.426582     0.0269 1.2406e+03     1.2785    72.6415 8.4249e-02 1.5753e+03  0.0413330    12.8450   3.617212     2.5812      0.123    -2.5209    264.759    10.8051 -9.990e-29
      0.121    12.6589 199.929001     0.0293 1.2406e+03     1.2771    72.6676 8.4249e-02 1.5753e+03  0.0413330    12.8453   3.617212     2.5824      0.123    -2.5027    265.426    10.8117 -9.990e-29
      0.122    12.6590 200.347705     0.0208 1.2406e+03     1.2785    72.6415 8.4249e-02 1.5753e+03  0.0413330    12.8453   3.527005     2.5824      0.124    -2.5519    265.981    10.8116 -9.990e-29
      0.123    12.6592 200.108443     0.0330 1.2406e+03     1.2771    72.6676 8.4249e-02 1.5753e+03  0.0413330    12.8452   3.737488     2.5824      0.125    -2.4844    265.662    10.8114 -9.990e-29
      0.122    12.6592 199.414621     0.0171 1.2406e+03     1.2771    72.6676 8.7912e-02 1.5753e+03  0.0413330    12.8457   3.827696     2.5824      0.124    -2.5692    264.741    10.8112 -9.990e-29
      0.121    12.6596 198.529477     0.0354 1.2406e+03     1.2785    72.6415 9.1575e-02 1.5753e+03  0.0413330    12.8457   3.827696     2.5824      0.123    -2.4741    263.563    10.8117 -9.990e-29
      0.122    12.6594 197.883621     0.0171 1.2406e+03     1.2785    72.6415 9.1575e-02 1.5753e+03  0.0413330    12.8452   3.557074     2.5812      0.124    -2.5681    262.707    10.8061 -9.990e-29
      0.123    12.6594 197.632468     0.0342 1.2406e+03     1.2785    72.6415 9.1575e-02 1.5753e+03  0.0413330    12.8460   3.496937     2.5824      0.125    -2.4822    262.373    10.8127 -9.990e-29
      0.123    12.6594 197.632467     0.0195 1.2406e+03     1.2771    72.6676 8.7912e-02 1.5753e+03  0.0413330    12.8461   3.587143     2.5812      0.125    -2.5542    262.373    10.8070 -9.990e-29
      0.123    12.6596 197.943421     0.0317 1.2406e+03     1.2785    72.6415 8.4249e-02 1.5753e+03  0.0413330    12.8453   3.767557     2.5824      0.125    -2.4959    262.785    10.8140 -9.990e-29
      0.124    12.6596 198.086942     0.0244 1.2406e+03     1.2785    72.6415 8.4249e-02 1.5753e+03  0.0413330    12.8453   3.707419     2.5812      0.126    -2.5281    262.975    10.8083 -9.990e-29
      0.123    12.6597 197.883621     0.0269 1.2406e+03     1.2785    72.6415 8.7912e-02 1.5753e+03  0.0413330    12.8458   3.677350     2.5812      0.125    -2.5209    262.705    10.8087 -9.990e-29
      0.122    12.6599 197.740103     0.0293 1.2406e+03     1.2785    72.6415 8.7912e-02 1.5753e+03  0.0413330    12.8453   3.436799     2.5812      0.124    -2.5026    262.513    10.8087 -9.990e-29
      0.121    12.6599 197.668346     0.0208 1.2406e+03     1.2771    72.6676 9.1575e-02 1.5753e+03  0.0413330    12.8453   3.436799     2.5812      0.123    -2.5513    262.418    10.8093 -9.990e-29
      0.121    12.6599 197.787941     0.0330 1.2406e+03     1.2785    72.6415 9.1575e-02 1.5753e+03  0.0413330    12.8458   3.346593     2.5824      0.123    -2.4845    262.576    10.8147 -9.990e-29
      0.122    12.6601 198.146743     0.0171 1.2441e+03     1.2771    72.6676 9.1575e-02 1.5733e+03  0.0413330    12.8457   3.527005     2.5812      0.124    -2.5692    263.051    10.8083 -9.990e-29
      0.122    12.6599 198.385950     0.0354 1.2441e+03     1.2771    72.6676 8.7912e-02 1.5733e+03  0.0413330    12.8452   3.647281     2.5824      0.124    -2.4730    263.370    10.8146 -9.990e-29
      0.122    12.6601 198.110861     0.0171 1.2441e+03     1.2771    72.6676 8.7912e-02 1.5733e+03  0.0413330    12.8457   3.677350     2.5812      0.124    -2.5670    263.004    10.8080 -9.990e-29
      0.121    12.6601 197.620508     0.0342 1.2406e+03     1.2771    72.6676 8.7912e-02 1.5733e+03  0.0413330    12.8458   3.557074     2.5824      0.123    -2.4800    262.353    10.8141 -9.990e-29
      0.121    12.6600 197.046470     0.0195 1.2406e+03     1.2785    72.6415 8.7912e-02 1.5733e+03  0.0413330    12.8462   3.436799     2.5824      0.123    -2.5526    261.591    10.8137 -9.990e-29
      0.120    12.6602 196.986677     0.0317 1.2406e+03     1.2771    72.6676 9.1575e-02 1.5753e+03  0.0413330    12.8458   3.316525     2.5824      0.122    -2.4932    261.511    10.8136 -9.990e-29
      0.120    12.6602 197.381321     0.0244 1.2406e+03     1.2785    72.6415 9.5238e-02 1.5753e+03  0.0413330    12.8461   3.346593     2.5812      0.122    -2.5266    262.034    10.8064 -9.990e-29
      0.120    12.6604 198.015180     0.0269 1.2441e+03     1.2771    72.6676 9.5238e-02 1.5753e+03  0.0413330    12.8465   3.707419     2.5824      0.122    -2.5176    262.875    10.8130 -9.990e-29
      0.120    12.6604 198.445753     0.0293 1.2406e+03     1.2771    72.6676 8.7912e-02 1.5753e+03  0.0413330    12.8467   3.707419     2.5824      0.122    -2.5007    263.446    10.8134 -9.990e-29
      0.120    12.6606 198.362029     0.0208 1.2441e+03     1.2771    72.6676 8.4249e-02 1.5753e+03  0.0413330    12.8467   3.557074     2.5824      0.122    -2.5481    263.334    10.8139 -9.990e-29
      0.119    12.6607 197.764022     0.0330 1.2406e+03     1.2771    72.6676 8.7912e-02 1.5753e+03  0.0413330    12.8470   3.346593     2.5824      0.121    -2.4814    262.539    10.8130 -9.990e-29
      0.119    12.6604 197.225853     0.0171 1.2406e+03     1.2771    72.6676 8.7912e-02 1.5753e+03  0.0413330    12.8465   3.406730     2.5812      0.121    -2.5657    261.827    10.8066 -9.990e-29
      0.119    12.6607 197.046470     0.0354 1.2406e+03     1.2785    72.6415 8.7912e-02 1.5753e+03  0.0413330    12.8468   3.376662     2.5812      0.121    -2.4701    261.586    10.8071 -9.990e-29
      0.118    12.6606 197.453076     0.0171 1.2441e+03     1.2771    72.6676 8.7912e-02 1.5753e+03  0.0413330    12.8472   3.647281     2.5812      0.120    -2.5654    262.127    10.8074 -9.990e-29
      0.118    12.6609 198.027140     0.0342 1.2406e+03     1.2771    72.6676 8.4249e-02 1.5753e+03  0.0413330    12.8470   3.527005     2.5824      0.120    -2.4778    262.887    10.8143 -9.990e-29
      0.118    12.6607 198.362027     0.0195 1.2406e+03     1.2785    72.6415 8.4249e-02 1.5753e+03  0.0413330    12.8470   3.557074     2.5824      0.120    -2.5524    263.333    10.8147 -9.990e-29
      0.119    12.6609 198.242425     0.0317 1.2406e+03     1.2771    72.6676 8.4249e-02 1.5753e+03  0.0413330    12.8472   3.436799     2.5824      0.121    -2.4912    263.173    10.8139 -9.990e-29
      0.120    12.6607 197.919500     0.0244 1.2406e+03     1.2771    72.6676 8.4249e-02 1.5753e+03  0.0413330    12.8468   3.286456     2.5824      0.122    -2.5259    262.745    10.8138 -9.990e-29
      0.120    12.6609 197.728143     0.0269 1.2406e+03     1.2771    72.6676 8.4249e-02 1.5753e+03  0.0413330    12.8470   3.406730     2.5824      0.122    -2.5158    262.490    10.8136 -9.990e-29
      0.120    12.6611 197.692264     0.0293 1.2406e+03     1.2785    72.6415 8.7912e-02 1.5753e+03  0.0413330    12.8473   3.466868     2.5824      0.122    -2.5002    262.441    10.8133 -9.990e-29
      0.119    12.6612 197.979299     0.0220 1.2406e+03     1.2800    72.6154 8.7912e-02 1.5753e+03  0.0413330    12.8475   3.496937     2.5824      0.121    -2.5404    262.821    10.8131 -9.990e-29
      0.118    12.6611 198.206543     0.0330 1.2406e+03     1.2814    72.5892 8.7912e-02 1.5753e+03  0.0413330    12.8478   3.466868     2.5812      0.120    -2.4813    263.124    10.8066 -9.990e-29
      0.118    12.6613 197.883620     0.0183 1.2406e+03     1.2800    72.6154 9.5238e-02 1.5753e+03  0.0413330    12.8477   3.466868     2.5824      0.120    -2.5589    262.694    10.8120 -9.990e-29
      0.117    12.6614 197.142140     0.0342 1.2406e+03     1.2814    72.5892 9.8901e-02 1.5753e+03  0.0413330    12.8480   3.376662     2.5812      0.119    -2.4763    261.709    10.8048 -9.990e-29
      0.116    12.6613 196.233315     0.0171 1.2406e+03     1.2800    72.6154 9.5238e-02 1.5753e+03  0.0413330    12.8479   3.376662     2.5824      0.118    -2.5650    260.503    10.8115 -9.990e-29
      0.116    12.6614 195.563715     0.0354 1.2372e+03     1.2814    72.5892 9.1575e-02 1.5753e+03  0.0413330    12.8480   3.436799     2.5824      0.118    -2.4714    259.613    10.8113 -9.990e-29
      0.117    12.6614 195.384369     0.0195 1.2372e+03     1.2814    72.5892 9.1575e-02 1.5753e+03  0.0413330    12.8483   3.496937     2.5824      0.119    -2.5528    259.375    10.8117 -9.990e-29
      0.116    12.6616 195.503933     0.0342 1.2406e+03     1.2814    72.5892 9.5238e-02 1.5773e+03  0.0413330    12.8482   3.466868     2.5824      0.118    -2.4783    259.532    10.8114 -9.990e-29
      0.114    12.6615 195.611543     0.0232 1.2372e+03     1.2814    72.5892 9.1575e-02 1.5773e+03  0.0413330    12.8485   3.466868     2.5824      0.116    -2.5339    259.676    10.8118 -9.990e-29
      0.113    12.6614 195.491975     0.0293 1.2372e+03     1.2800    72.6154 9.5238e-02 1.5773e+03  0.0413330    12.8488   3.406730     2.5812      0.115    -2.5036    259.518    10.8058 -9.990e-29
      0.113    12.6617 194.870257     0.0269 1.2372e+03     1.2814    72.5892 9.8901e-02 1.5773e+03  0.0413330    12.8485   3.286456     2.5812      0.115    -2.5146    258.691    10.8063 -9.990e-29
      0.114    12.6616 194.200764     0.0244 1.2372e+03     1.2814    72.5892 9.5238e-02 1.5773e+03  0.0413330    12.8490   3.406730     2.5824      0.116    -2.5284    257.803    10.8122 -9.990e-29
      0.115    12.6614 193.567184     0.0305 1.2372e+03     1.2814    72.5892 8.7912e-02 1.5773e+03  0.0413330    12.8490   3.677350     2.5824      0.117    -2.4957    256.963    10.8126 -9.990e-29
      0.115    12.6619 193.220527     0.0208 1.2372e+03     1.2800    72.6154 8.4249e-02 1.5773e+03  0.0413330    12.8492   3.587143     2.5824      0.117    -2.5465    256.499    10.8129 -9.990e-29
      0.115    12.6617 193.352016     0.0342 1.2337e+03     1.2814    72.5892 8.0586e-02 1.5773e+03  0.0413330    12.8495   3.466868     2.5812      0.117    -2.4775    256.675    10.8069 -9.990e-29
      0.115    12.6619 193.483507     0.0183 1.2337e+03     1.2814    72.5892 8.4249e-02 1.5773e+03  0.0413330    12.8492   3.406730     2.5812      0.117    -2.5601    256.848    10.8074 -9.990e-29
      0.114    12.6619 193.435691     0.0354 1.2337e+03     1.2814    72.5892 8.4249e-02 1.5773e+03  0.0413330    12.8497   3.436799     2.5824      0.116    -2.4733    256.785    10.8132 -9.990e-29
      0.112    12.6617 192.993415     0.0171 1.2337e+03     1.2814    72.5892 8.7912e-02 1.5773e+03  0.0413330    12.8497   3.617212     2.5824      0.114    -2.5677    256.199    10.8129 -9.990e-29
      0.111    12.6621 192.013314     0.0354 1.2337e+03     1.2814    72.5892 8.7912e-02 1.5773e+03  0.0413330    12.8498   3.737488     2.5824      0.113    -2.4742    254.895    10.8125 -9.990e-29
      0.112    12.6619 190.758473     0.0195 1.2337e+03     1.2814    72.5892 9.1575e-02 1.5773e+03  0.0413330    12.8498   3.797626     2.5824      0.114    -2.5563    253.231    10.8122 -9.990e-29
      0.114    12.6622 189.922012     0.0330 1.2337e+03     1.2800    72.6154 9.1575e-02 1.5773e+03  0.0413330    12.8507   3.647281     2.5812      0.116    -2.4874    252.118    10.8060 -9.990e-29
      0.113    12.6619 189.360435     0.0244 1.2302e+03     1.2785    72.6415 9.1575e-02 1.5773e+03  0.0413330    12.8502   3.647281     2.5812      0.115    -2.5314    251.375    10.8058 -9.990e-29
      0.111    12.6621 188.942259     0.0281 1.2302e+03     1.2800    72.6154 8.7912e-02 1.5773e+03  0.0413330    12.8502   3.496937     2.5824      0.113    -2.5117    250.818    10.8118 -9.990e-29
      0.110    12.6622 188.261280     0.0281 1.2302e+03     1.2800    72.6154 8.4249e-02 1.5773e+03  0.0413330    12.8500   3.496937     2.5812      0.112    -2.5115    249.914    10.8059 -9.990e-29
      0.110    12.6621 187.090596     0.0232 1.2302e+03     1.2800    72.6154 8.4249e-02 1.5773e+03  0.0413330    12.8502   3.797626     2.5824      0.112    -2.5359    248.360    10.8125 -9.990e-29
      0.109    12.6622 185.979788     0.0317 1.2302e+03     1.2800    72.6154 8.7912e-02 1.5773e+03  0.0413330    12.8505   3.947973     2.5824      0.111    -2.4928    246.885    10.8128 -9.990e-29
      0.109    12.6622 185.358752     0.0195 1.2302e+03     1.2800    72.6154 8.7912e-02 1.5773e+03  0.0413330    12.8502   3.887834     2.5812      0.111    -2.5552    246.061    10.8063 -9.990e-29
      0.109    12.6622 185.096021     0.0342 1.2268e+03     1.2800    72.6154 8.4249e-02 1.5773e+03  0.0413330    12.8504   3.827696     2.5812      0.111    -2.4809    245.712    10.8066 -9.990e-29
      0.110    12.6624 184.678054     0.0183 1.2268e+03     1.2800    72.6154 8.0586e-02 1.5773e+03  0.0413330    12.8509   3.767557     2.5824      0.112    -2.5630    245.156    10.8125 -9.990e-29
      0.109    12.6624 183.842183     0.0354 1.2268e+03     1.2785    72.6415 7.6923e-02 1.5773e+03  0.0413330    12.8510   3.917904     2.5824      0.111    -2.4763    244.046    10.8121 -9.990e-29
      0.109    12.6624 182.445263     0.0183 1.2268e+03     1.2800    72.6154 8.0586e-02 1.5773e+03  0.0413330    12.8507   4.188530     2.5824      0.111    -2.5645    242.192    10.8125 -9.990e-29
      0.108    12.6626 180.702416     0.0342 1.2268e+03     1.2785    72.6415 8.4249e-02 1.5773e+03  0.0413330    12.8509   4.278739     2.5824      0.110    -2.4822    239.877    10.8128 -9.990e-29
      0.108    12.6626 179.126996     0.0208 1.2268e+03     1.2800    72.6154 8.4249e-02 1.5773e+03  0.0413330    12.8507   4.278739     2.5824      0.110    -2.5508    237.786    10.8132 -9.990e-29
      0.109    12.6624 178.422924     0.0317 1.2268e+03     1.2800    72.6154 8.4249e-02 1.5773e+03  0.0413330    12.8509   4.098321     2.5824      0.111    -2.4935    236.852    10.8129 -9.990e-29
      0.108    12.6626 178.506454     0.0244 1.2268e+03     1.2800    72.6154 8.7912e-02 1.5773e+03  0.0413330    12.8512   4.098321     2.5824      0.110    -2.5314    236.962    10.8119 -9.990e-29
