data/05_metadata_exports/SeabirdData/202310_SeabirdData/88739_STN35,2.cnv
* Sea-Bird SBE 9 Data File:
* FileName = C:\Users\rosette\Rosette Data\2023\Ontario lower food web csmi\STN35,2.hex
* Software Version Seasave V 7.26.6.26
* Temperature SN = 5270
* Conductivity SN = 1168
* Number of Bytes Per Scan = 40
* Number of Voltage Words = 5
* Number of Scans Averaged by the Deck Unit = 1
* NMEA Latitude = 43 21.84 N
* NMEA Longitude = 078 43.54 W
* NMEA UTC (Time) = Sep 26 2023  18:14:35
* NMEA baud rate = 4800
** Ship: Lake Guardian
** Cruise: Ontario Lower Food Web 2023
** Station:  STN35,2
# nquan = 18                                
# nvalues = 6192                        
# units = specified
# name 0 = prDM: Pressure, Digiquartz [db]
# name 1 = t090C: Temperature [ITS-90, deg C]
# name 2 = c0uS/cm: Conductivity [uS/cm]
# name 3 = sbeox0V: Oxygen raw, SBE 43 [V]
# name 4 = par: PAR/Irradiance, Biospherical/Licor
# name 5 = bat: Beam Attenuation, Chelsea/Seatech [1/m]
# name 6 = xmiss: Beam Transmission, Chelsea/Seatech [%]
# name 7 = flSP: Fluorescence, Seapoint
# name 8 = spar: SPAR, Biospherical/Licor
# name 9 = upoly0: Upoly 0, Suna Nitrate
# name 10 = t190C: Temperature, 2 [ITS-90, deg C]
# name 11 = c1uS/cm: Conductivity, 2 [uS/cm]
# name 12 = sbeox1V: Oxygen raw, SBE 43, 2 [V]
# name 13 = depFM: Depth [fresh water, m], lat = 43.364
# name 14 = sbeox0Mg/L: Oxygen, SBE 43 [mg/l], WS = 2
# name 15 = specc: Specific Conductance [uS/cm]
# name 16 = sbeox1Mg/L: Oxygen, SBE 43, 2 [mg/l], WS = 2
# name 17 = flag: flag
# span 0 =     -0.011,      5.134       
# span 1 =    12.3874,    12.8225       
# span 2 =   8.524657, 312.381660       
# span 3 =     0.0159,     0.0354       
# span 4 = 3.9613e+02, 2.4361e+03       
# span 5 =     0.7006,     5.0963       
# span 6 =    27.9692,    83.9337       
# span 7 = 0.0000e+00, 6.0183e+00       
# span 8 = 1.5083e+03, 1.7643e+03       
# span 9 =  0.0413330,  0.0617051       
# span 10 =    12.3662,    12.9239      
# span 11 =   1.753021, 233.410871      
# span 12 =     1.9463,     2.7265      
# span 13 =     -0.011,      5.235      
# span 14 =    -2.5872,    -2.4629      
# span 15 =     11.360,    414.566      
# span 16 =     7.4699,    12.0783      
# span 17 = 0.0000e+00, 0.0000e+00      
# interval = seconds: 0.0416667
# start_time = Sep 26 2023 18:14:35 [NMEA time, header]
# bad_flag = -9.990e-29
*END*
[from data line 242]
      0.165    12.6401 197.142155     0.0171 1.4894e+03     1.3045    72.1710 8.4249e-02 1.5398e+03  0.0413330    12.8156   4.519300     2.5824      0.168    -2.5695    261.857    10.8194 -9.990e-29
      0.165    12.6399 197.178031     0.0354 1.4645e+03     1.3031    72.1971 8.7912e-02 1.5398e+03  0.0413330    12.8159   4.519300     2.5824      0.168    -2.4751    261.906    10.8191 -9.990e-29
      0.164    12.6402 197.285662     0.0183 1.4604e+03     1.3016    72.2233 9.1575e-02 1.5398e+03  0.0413330    12.8158   4.549370     2.5812      0.167    -2.5612    262.047    10.8125 -9.990e-29
      0.163    12.6402 197.130194     0.0330 1.4522e+03     1.2973    72.3017 9.1575e-02 1.5398e+03  0.0413330    12.8158   4.639581     2.5824      0.166    -2.4877    261.840    10.8186 -9.990e-29
      0.164    12.6402 196.735563     0.0220 1.4319e+03     1.2987    72.2755 9.1575e-02 1.5418e+03  0.0413330    12.8161   4.639581     2.5824      0.167    -2.5409    261.316    10.8189 -9.990e-29
      0.165    12.6404 196.376822     0.0293 1.4279e+03     1.2987    72.2755 9.5238e-02 1.5418e+03  0.0413330    12.8162   4.549370     2.5824      0.168    -2.5066    260.838    10.8187 -9.990e-29
      0.165    12.6402 196.006138     0.0269 1.4199e+03     1.2987    72.2755 9.5238e-02 1.5418e+03  0.0413330    12.8168   4.338879     2.5824      0.168    -2.5150    260.347    10.8183 -9.990e-29
      0.164    12.6404 195.719168     0.0244 1.4001e+03     1.2987    72.2755 9.5238e-02 1.5418e+03  0.0413330    12.8166   4.308809     2.5824      0.167    -2.5317    259.965    10.8182 -9.990e-29
      0.163    12.6405 195.695255     0.0305 1.3961e+03     1.2987    72.2755 9.5238e-02 1.5418e+03  0.0413330    12.8170   4.549370     2.5812      0.166    -2.4969    259.932    10.8124 -9.990e-29
      0.161    12.6404 195.671340     0.0195 1.3922e+03     1.2987    72.2755 9.5238e-02 1.5418e+03  0.0413330    12.8170   4.729793     2.5812      0.164    -2.5573    259.901    10.8122 -9.990e-29
      0.162    12.6405 195.372426     0.0342 1.3767e+03     1.2987    72.2755 9.5238e-02 1.5418e+03  0.0413330    12.8173   4.699722     2.5824      0.165    -2.4801    259.503    10.8183 -9.990e-29
      0.162    12.6404 194.953962     0.0171 1.3689e+03     1.2973    72.3017 8.7912e-02 1.5418e+03  0.0413330    12.8175   4.579441     2.5824      0.165    -2.5700    258.948    10.8188 -9.990e-29
      0.161    12.6407 194.667026     0.0354 1.3689e+03     1.2987    72.2755 8.4249e-02 1.5418e+03  0.0413330    12.8178   4.489230     2.5812      0.164    -2.4762    258.565    10.8122 -9.990e-29
      0.162    12.6407 195.049609     0.0171 1.3536e+03     1.2973    72.3017 8.0586e-02 1.5438e+03  0.0413330    12.8179   4.368949     2.5824      0.165    -2.5692    259.073    10.8183 -9.990e-29
      0.163    12.6411 196.089839     0.0342 1.3498e+03     1.2987    72.2755 8.0586e-02 1.5438e+03  0.0413330    12.8183   4.549370     2.5824      0.166    -2.4834    260.452    10.8187 -9.990e-29
      0.163    12.6405 196.891022     0.0220 1.3498e+03     1.2987    72.2755 8.7912e-02 1.5438e+03  0.0413330    12.8183   4.669652     2.5812      0.166    -2.5427    261.520    10.8129 -9.990e-29
      0.163    12.6409 196.484442     0.0305 1.3460e+03     1.2987    72.2755 8.7912e-02 1.5438e+03  0.0413330    12.8182   4.729793     2.5812      0.166    -2.5029    260.978    10.8134 -9.990e-29
      0.162    12.6411 194.631159     0.0256 1.3423e+03     1.2987    72.2755 8.7912e-02 1.5438e+03  0.0413330    12.8188   4.699722     2.5824      0.165    -2.5241    258.515    10.8199 -9.990e-29
      0.162    12.6411 191.881861     0.0256 1.3423e+03     1.2987    72.2755 8.4249e-02 1.5438e+03  0.0413330    12.8182   4.459160     2.5824      0.165    -2.5280    254.863    10.8206 -9.990e-29
      0.162    12.6412 189.850333     0.0293 1.3347e+03     1.2987    72.2755 8.4249e-02 1.5438e+03  0.0413330    12.8187   4.579441     2.5824      0.165    -2.5050    252.164    10.8202 -9.990e-29
      0.161    12.6412 190.973589     0.0208 1.3272e+03     1.2987    72.2755 8.0586e-02 1.5438e+03  0.0413330    12.8188   4.549370     2.5824      0.164    -2.5519    253.656    10.8206 -9.990e-29
      0.161    12.6412 195.037652     0.0330 1.3235e+03     1.2987    72.2755 7.6923e-02 1.5438e+03  0.0413330    12.8193   4.609511     2.5824      0.164    -2.4863    259.054    10.8209 -9.990e-29
      0.161    12.6414 199.079704     0.0171 1.3198e+03     1.2987    72.2755 7.6923e-02 1.5438e+03  0.0413330    12.8190   4.789934     2.5824      0.164    -2.5699    264.421    10.8208 -9.990e-29
      0.161    12.6414 200.598950     0.0354 1.3124e+03     1.3002    72.2494 8.0586e-02 1.5458e+03  0.0413330    12.8188   4.850075     2.5812      0.164    -2.4749    266.439    10.8143 -9.990e-29
      0.161    12.6414 199.582101     0.0171 1.3124e+03     1.3002    72.2494 8.7912e-02 1.5458e+03  0.0413330    12.8187   4.669652     2.5824      0.164    -2.5685    265.088    10.8203 -9.990e-29
      0.163    12.6414 196.855146     0.0354 1.3124e+03     1.3002    72.2494 9.5238e-02 1.5458e+03  0.0413330    12.8187   4.519300     2.5812      0.166    -2.4759    261.466    10.8138 -9.990e-29
      0.163    12.6415 194.021458     0.0208 1.3124e+03     1.3002    72.2494 9.5238e-02 1.5458e+03  0.0413330    12.8188   4.489230     2.5812      0.166    -2.5481    257.702    10.8142 -9.990e-29
      0.162    12.6417 193.435704     0.0317 1.3124e+03     1.3002    72.2494 9.5238e-02 1.5458e+03  0.0413330    12.8188   4.519300     2.5812      0.165    -2.4954    256.923    10.8139 -9.990e-29
      0.160    12.6415 195.324600     0.0256 1.3087e+03     1.3002    72.2494 8.7912e-02 1.5458e+03  0.0413330    12.8193   4.699722     2.5824      0.163    -2.5227    259.433    10.8205 -9.990e-29
      0.160    12.6419 198.063032     0.0269 1.2977e+03     1.3002    72.2494 8.7912e-02 1.5458e+03  0.0413330    12.8193   4.820004     2.5812      0.163    -2.5204    263.067    10.8140 -9.990e-29
      0.160    12.6419 199.929013     0.0293 1.2977e+03     1.3002    72.2494 8.7912e-02 1.5458e+03  0.0413330    12.8195   4.609511     2.5812      0.163    -2.5041    265.546    10.8137 -9.990e-29
      0.161    12.6419 200.096493     0.0208 1.2977e+03     1.3002    72.2494 8.7912e-02 1.5458e+03  0.0413330    12.8193   4.489230     2.5812      0.164    -2.5510    265.768    10.8142 -9.990e-29
      0.161    12.6422 198.900281     0.0330 1.3050e+03     1.2987    72.2755 8.4249e-02 1.5458e+03  0.0413330    12.8190   4.489230     2.5824      0.164    -2.4849    264.177    10.8211 -9.990e-29
      0.162    12.6419 197.453089     0.0171 1.3087e+03     1.3002    72.2494 8.7912e-02 1.5458e+03  0.0413330    12.8186   4.519300     2.5812      0.165    -2.5692    262.257    10.8147 -9.990e-29
      0.163    12.6422 196.197456     0.0342 1.3050e+03     1.3002    72.2494 8.7912e-02 1.5458e+03  0.0413330    12.8192   4.429090     2.5824      0.166    -2.4804    260.587    10.8205 -9.990e-29
      0.164    12.6420 196.400736     0.0171 1.3050e+03     1.3002    72.2494 8.7912e-02 1.5477e+03  0.0413330    12.8193   4.669652     2.5824      0.167    -2.5685    260.859    10.8209 -9.990e-29
      0.164    12.6422 197.811874     0.0342 1.3014e+03     1.3002    72.2494 8.4249e-02 1.5477e+03  0.0413330    12.8192   4.579441     2.5824      0.167    -2.4821    262.732    10.8214 -9.990e-29
      0.163    12.6424 199.809387     0.0208 1.3014e+03     1.3002    72.2494 8.4249e-02 1.5477e+03  0.0413330    12.8195   4.368949     2.5824      0.166    -2.5481    265.383    10.8210 -9.990e-29
      0.162    12.6426 200.586985     0.0317 1.3087e+03     1.3002    72.2494 8.4249e-02 1.5477e+03  0.0413330    12.8190   4.248670     2.5824      0.165    -2.4960    266.415    10.8209 -9.990e-29
      0.161    12.6424 199.534253     0.0244 1.3124e+03     1.2987    72.2755 8.4249e-02 1.5477e+03  0.0413330    12.8188   4.308809     2.5824      0.164    -2.5295    265.018    10.8207 -9.990e-29
      0.161    12.6427 197.632479     0.0269 1.3087e+03     1.2987    72.2755 8.0586e-02 1.5477e+03  0.0413330    12.8186   4.429090     2.5824      0.164    -2.5205    262.490    10.8198 -9.990e-29
      0.160    12.6426 196.556189     0.0281 1.3161e+03     1.3002    72.2494 8.4249e-02 1.5477e+03  0.0413330    12.8183   4.639581     2.5824      0.163    -2.5098    261.061    10.8190 -9.990e-29
      0.160    12.6427 197.895592     0.0220 1.3198e+03     1.3002    72.2494 8.4249e-02 1.5477e+03  0.0413330    12.8185   4.699722     2.5824      0.163    -2.5456    262.839    10.8194 -9.990e-29
      0.160    12.6429 201.639848     0.0317 1.3198e+03     1.3002    72.2494 8.0586e-02 1.5477e+03  0.0413330    12.8179   4.519300     2.5824      0.163    -2.4923    267.811    10.8200 -9.990e-29
      0.160    12.6429 204.452094     0.0183 1.3235e+03     1.2987    72.2755 8.4249e-02 1.5477e+03  0.0413330    12.8178   4.218600     2.5824      0.163    -2.5643    271.546    10.8204 -9.990e-29
      0.159    12.6430 204.739352     0.0354 1.3235e+03     1.2987    72.2755 8.7912e-02 1.5477e+03  0.0413330    12.8175   4.278740     2.5824      0.162    -2.4748    271.927    10.8209 -9.990e-29
      0.160    12.6429 202.178292     0.0171 1.3272e+03     1.3002    72.2494 9.5238e-02 1.5477e+03  0.0413330    12.8162   4.368949     2.5824      0.163    -2.5696    268.526    10.8210 -9.990e-29
      0.161    12.6429 197.488966     0.0354 1.3347e+03     1.3002    72.2494 9.8901e-02 1.5477e+03  0.0413330    12.8159   4.489230     2.5824      0.164    -2.4770    262.298    10.8209 -9.990e-29
      0.161    12.6429 193.698690     0.0195 1.3498e+03     1.3002    72.2494 9.1575e-02 1.5477e+03  0.0413330    12.8158   4.609511     2.5812      0.164    -2.5559    257.264    10.8145 -9.990e-29
      0.160    12.6436 193.925819     0.0330 1.3536e+03     1.3002    72.2494 9.1575e-02 1.5477e+03  0.0413330    12.8158   4.639581     2.5812      0.163    -2.4898    257.561    10.8149 -9.990e-29
      0.161    12.6430 198.015192     0.0232 1.3498e+03     1.3002    72.2494 9.1575e-02 1.5477e+03  0.0413330    12.8161   4.368949     2.5824      0.164    -2.5356    262.996    10.8209 -9.990e-29
      0.161    12.6432 202.417611     0.0281 1.3498e+03     1.3002    72.2494 9.1575e-02 1.5477e+03  0.0413330    12.8153   4.158460     2.5824      0.164    -2.5142    268.842    10.8209 -9.990e-29
      0.161    12.6434 204.416186     0.0281 1.3536e+03     1.2987    72.2755 9.1575e-02 1.5477e+03  0.0413330    12.8151   4.158460     2.5824      0.164    -2.5096    271.495    10.8207 -9.990e-29
      0.160    12.6432 203.614307     0.0220 1.3574e+03     1.3002    72.2494 8.7912e-02 1.5497e+03  0.0413330    12.8142   4.248670     2.5812      0.163    -2.5448    270.431    10.8150 -9.990e-29
      0.160    12.6434 200.921973     0.0317 1.3805e+03     1.2987    72.2755 8.4249e-02 1.5497e+03  0.0413330    12.8141   4.308810     2.5812      0.163    -2.4909    266.854    10.8141 -9.990e-29
      0.160    12.6436 198.613215     0.0195 1.3883e+03     1.2987    72.2755 8.7912e-02 1.5497e+03  0.0413330    12.8145   4.368949     2.5824      0.163    -2.5567    263.786    10.8193 -9.990e-29
      0.160    12.6436 198.828514     0.0354 1.3883e+03     1.2987    72.2755 8.7912e-02 1.5497e+03  0.0413330    12.8146   4.218600     2.5824      0.163    -2.4734    264.072    10.8190 -9.990e-29
      0.159    12.6437 200.874116     0.0171 1.3961e+03     1.2987    72.2755 8.7912e-02 1.5497e+03  0.0413330    12.8146   4.188530     2.5824      0.162    -2.5681    266.788    10.8193 -9.990e-29
      0.160    12.6436 202.716769     0.0354 1.4001e+03     1.2987    72.2755 8.7912e-02 1.5497e+03  0.0413330    12.8140   3.947973     2.5824      0.163    -2.4755    269.236    10.8191 -9.990e-29
      0.162    12.6439 202.944138     0.0183 1.4040e+03     1.2987    72.2755 8.7912e-02 1.5497e+03  0.0413330    12.8136   4.068251     2.5824      0.165    -2.5617    269.536    10.8189 -9.990e-29
      0.161    12.6437 201.412514     0.0330 1.4239e+03     1.3002    72.2494 8.7912e-02 1.5497e+03  0.0413330    12.8128   4.278740     2.5824      0.164    -2.4894    267.503    10.8195 -9.990e-29
      0.160    12.6439 199.187355     0.0232 1.4319e+03     1.2987    72.2755 8.7912e-02 1.5497e+03  0.0413330    12.8133   4.368949     2.5824      0.163    -2.5358    264.547    10.8190 -9.990e-29
      0.160    12.6440 198.230475     0.0281 1.4319e+03     1.2987    72.2755 8.0586e-02 1.5497e+03  0.0413330    12.8131   4.188530     2.5812      0.163    -2.5145    263.275    10.8125 -9.990e-29
      0.161    12.6440 199.594063     0.0269 1.4522e+03     1.2987    72.2755 7.6923e-02 1.5497e+03  0.0413330    12.8131   4.068251     2.5812      0.164    -2.5154    265.086    10.8129 -9.990e-29
      0.161    12.6441 201.903081     0.0232 1.4604e+03     1.2987    72.2755 7.6923e-02 1.5497e+03  0.0413330    12.8138   3.978043     2.5812      0.164    -2.5389    268.152    10.8132 -9.990e-29
      0.161    12.6442 203.315117     0.0317 1.4604e+03     1.2987    72.2755 8.0586e-02 1.5497e+03  0.0413330    12.8136   3.857765     2.5812      0.164    -2.4912    270.027    10.8130 -9.990e-29
      0.162    12.6440 202.680870     0.0183 1.4728e+03     1.2987    72.2755 8.0586e-02 1.5497e+03  0.0413330    12.8131   3.978043     2.5824      0.165    -2.5639    269.186    10.8198 -9.990e-29
      0.162    12.6442 200.108454     0.0342 1.4852e+03     1.2987    72.2755 8.0586e-02 1.5497e+03  0.0413330    12.8135   4.308810     2.5824      0.165    -2.4800    265.768    10.8202 -9.990e-29
      0.161    12.6442 196.986688     0.0171 1.4894e+03     1.2987    72.2755 8.4249e-02 1.5497e+03  0.0413330    12.8139   4.308810     2.5824      0.164    -2.5693    261.622    10.8205 -9.990e-29
      0.160    12.6444 195.731122     0.0354 1.5020e+03     1.2987    72.2755 8.4249e-02 1.5497e+03  0.0413330    12.8140   3.917904     2.5824      0.163    -2.4756    259.953    10.8209 -9.990e-29
      0.159    12.6445 197.632478     0.0183 1.5190e+03     1.3002    72.2494 8.4249e-02 1.5497e+03  0.0413330    12.8151   3.827696     2.5812      0.162    -2.5606    262.477    10.8142 -9.990e-29
      0.158    12.6445 200.874116     0.0330 1.5190e+03     1.3002    72.2494 8.7912e-02 1.5497e+03  0.0413330    12.8153   3.857765     2.5812      0.161    -2.4884    266.783    10.8139 -9.990e-29
      0.158    12.6447 202.824467     0.0232 1.5319e+03     1.3002    72.2494 8.7912e-02 1.5497e+03  0.0413330    12.8151   4.068251     2.5824      0.161    -2.5342    269.371    10.8207 -9.990e-29
      0.158    12.6447 202.357780     0.0293 1.5492e+03     1.3002    72.2494 8.4249e-02 1.5497e+03  0.0413330    12.8148   4.218600     2.5824      0.161    -2.5074    268.752    10.8206 -9.990e-29
      0.158    12.6449 199.701723     0.0269 1.5536e+03     1.2987    72.2755 8.7912e-02 1.5497e+03  0.0413330    12.8153   4.188530     2.5824      0.161    -2.5146    265.223    10.8203 -9.990e-29
      0.157    12.6449 196.245283     0.0244 1.5667e+03     1.2987    72.2755 8.7912e-02 1.5517e+03  0.0413330    12.8151   4.128391     2.5824      0.160    -2.5326    260.632    10.8207 -9.990e-29
      0.158    12.6449 194.260549     0.0305 1.5934e+03     1.3002    72.2494 8.4249e-02 1.5517e+03  0.0413330    12.8155   3.767558     2.5824      0.161    -2.4967    257.996    10.8211 -9.990e-29
      0.158    12.6451 194.918092     0.0195 1.6024e+03     1.2987    72.2755 8.4249e-02 1.5517e+03  0.0413330    12.8161   3.827696     2.5824      0.161    -2.5570    258.868    10.8214 -9.990e-29
      0.157    12.6451 196.938853     0.0342 1.6024e+03     1.2987    72.2755 8.4249e-02 1.5517e+03  0.0413330    12.8165   3.947973     2.5812      0.160    -2.4793    261.552    10.8148 -9.990e-29
