data/05_metadata_exports/SeabirdData/202310_SeabirdData/88739_STN35,2.cnv
* Sea-Bird SBE 9 Data File:
* FileName = C:\Users\rosette\Rosette Data\2023\Ontario lower food web csmi\STN35,2.hex
* Software Version Seasave V 7.26.6.26
* Temperature SN = 5270
* Conductivity SN = 1168
* Number of Bytes Per Scan = 40
* Number of Voltage Words = 5
* Number of Scans Averaged by the Deck Unit = 1
* NMEA Latitude = 43 21.84 N
* NMEA Longitude = 078 43.54 W
* NMEA UTC (Time) = Sep 26 2023  18:14:35
* NMEA baud rate = 4800
** Ship: Lake Guardian
** Cruise: Ontario Lower Food Web 2023
** Station:  STN35,2
# nquan = 18                                
# nvalues = 6192                        
# units = specified
# name 0 = prDM: Pressure, Digiquartz [db]
# name 1 = t090C: Temperature [ITS-90, deg C]
# name 2 = c0uS/cm: Conductivity [uS/cm]
# name 3 = sbeox0V: Oxygen raw, SBE 43 [V]
# name 4 = par: PAR/Irradiance, Biospherical/Licor
# name 5 = bat: Beam Attenuation, Chelsea/Seatech [1/m]
# name 6 = xmiss: Beam Transmission, Chelsea/Seatech [%]
# name 7 = flSP: Fluorescence, Seapoint
# name 8 = spar: SPAR, Biospherical/Licor
# name 9 = upoly0: Upoly 0, Suna Nitrate
# name 10 = t190C: Temperature, 2 [ITS-90, deg C]
# name 11 = c1uS/cm: Conductivity, 2 [uS/cm]
# name 12 = sbeox1V: Oxygen raw, SBE 43, 2 [V]
# name 13 = depFM: Depth [fresh water, m], lat = 43.364
# name 14 = sbeox0Mg/L: Oxygen, SBE 43 [mg/l], WS = 2
# name 15 = specc: Specific Conductance [uS/cm]
# name 16 = sbeox1Mg/L: Oxygen, SBE 43, 2 [mg/l], WS = 2
# name 17 = flag: flag
# span 0 =     -0.011,      5.134       
# span 1 =    12.3874,    12.8225       
# span 2 =   8.524657, 312.381660       
# span 3 =     0.0159,     0.0354       
# span 4 = 3.9613e+02, 2.4361e+03       
# span 5 =     0.7006,     5.0963       
# span 6 =    27.9692,    83.9337       
# span 7 = 0.0000e+00, 6.0183e+00       
# span 8 = 1.5083e+03, 1.7643e+03       
# span 9 =  0.0413330,  0.0617051       
# span 10 =    12.3662,    12.9239      
# span 11 =   1.753021, 233.410871      
# span 12 =     1.9463,     2.7265      
# span 13 =     -0.011,      5.235      
# span 14 =    -2.5872,    -2.4629      
# span 15 =     11.360,    414.566      
# span 16 =     7.4699,    12.0783      
# span 17 = 0.0000e+00, 0.0000e+00      
# interval = seconds: 0.0416667
# start_time = Sep 26 2023 18:14:35 [NMEA time, header]
# bad_flag = -9.990e-29
*END*
[from data line 4905]
      5.114    12.7403 231.676238     0.0244 4.3957e+02     0.7256    83.4109 6.0073e-01 1.6777e+03  0.0554688    12.6794 232.651160     2.4310      5.215    -2.5247    306.910    10.0676 -9.990e-29
      5.116    12.7455 231.700249     0.0269 4.4205e+02     0.7256    83.4109 6.0440e-01 1.6777e+03  0.0554688    12.6793 232.742343     2.4322      5.217    -2.5184    306.899    10.0738 -9.990e-29
      5.118    12.7503 231.736265     0.0293 4.4329e+02     0.7243    83.4371 6.0440e-01 1.6777e+03  0.0558845    12.6822 232.863918     2.4322      5.219    -2.4993    306.908    10.0731 -9.990e-29
      5.119    12.7538 231.784288     0.0208 4.4329e+02     0.7256    83.4109 6.0073e-01 1.6777e+03  0.0554688    12.6805 232.803130     2.4322      5.220    -2.5482    306.943    10.0734 -9.990e-29
      5.121    12.7568 231.760273     0.0330 4.4329e+02     0.7256    83.4109 6.0806e-01 1.6777e+03  0.0550530    12.6805 232.681554     2.4322      5.222    -2.4808    306.887    10.0739 -9.990e-29
      5.123    12.7593 231.784284     0.0171 4.4329e+02     0.7243    83.4371 6.2271e-01 1.6777e+03  0.0550530    12.6834 232.742340     2.4322      5.224    -2.5646    306.899    10.0731 -9.990e-29
      5.125    12.7630 231.772275     0.0342 4.5084e+02     0.7243    83.4371 6.3736e-01 1.6777e+03  0.0554688    12.6921 232.681545     2.4322      5.226    -2.4756    306.853    10.0708 -9.990e-29
      5.126    12.7674 231.784278     0.0171 4.5722e+02     0.7243    83.4371 6.3736e-01 1.6777e+03  0.0554688    12.7041 232.833507     2.4322      5.227    -2.5618    306.833    10.0676 -9.990e-29
      5.127    12.7714 231.772269     0.0342 4.5851e+02     0.7231    83.4632 6.2637e-01 1.6777e+03  0.0558845    12.7113 232.894290     2.4322      5.228    -2.4765    306.784    10.0663 -9.990e-29
      5.127    12.7739 231.844307     0.0208 4.6631e+02     0.7180    83.5678 6.1905e-01 1.6777e+03  0.0558845    12.7184 232.894285     2.4322      5.228    -2.5402    306.859    10.0650 -9.990e-29
      5.127    12.7759 231.868319     0.0317 4.7692e+02     0.7155    83.6201 6.1538e-01 1.6777e+03  0.0554688    12.7276 232.803095     2.4335      5.228    -2.4898    306.875    10.0685 -9.990e-29
      5.127    12.7780 231.844304     0.0256 4.7826e+02     0.7155    83.6201 6.2271e-01 1.6777e+03  0.0554688    12.7326 232.985458     2.4322      5.228    -2.5144    306.826    10.0593 -9.990e-29
      5.126    12.7787 231.820290     0.0269 4.7826e+02     0.7155    83.6201 6.2271e-01 1.6777e+03  0.0554688    12.7330 232.955063     2.4322      5.227    -2.5145    306.789    10.0586 -9.990e-29
      5.125    12.7803 231.760255     0.0293 4.7826e+02     0.7155    83.6201 6.1538e-01 1.6777e+03  0.0554688    12.7343 233.015851     2.4322      5.226    -2.4956    306.696    10.0585 -9.990e-29
      5.124    12.7822 231.820287     0.0208 4.7961e+02     0.7155    83.6201 6.0440e-01 1.6777e+03  0.0558845    12.7506 232.924655     2.4322      5.225    -2.5445    306.760    10.0547 -9.990e-29
      5.122    12.7803 231.784269     0.0330 4.7291e+02     0.7155    83.6201 6.0440e-01 1.6777e+03  0.0558845    12.7692 233.107009     2.4322      5.223    -2.4773    306.728    10.0504 -9.990e-29
      5.119    12.7771 231.736243     0.0171 4.5338e+02     0.7155    83.6201 5.9707e-01 1.6777e+03  0.0558845    12.7811 233.076604     2.4322      5.220    -2.5614    306.690    10.0475 -9.990e-29
      5.117    12.7725 231.736248     0.0342 4.4831e+02     0.7155    83.6201 5.9341e-01 1.6777e+03  0.0554688    12.7867 233.046206     2.4322      5.218    -2.4735    306.728    10.0461 -9.990e-29
      5.114    12.7711 231.748256     0.0171 4.4329e+02     0.7155    83.6201 5.8974e-01 1.6777e+03  0.0558845    12.7875 233.076600     2.4322      5.215    -2.5601    306.755    10.0458 -9.990e-29
      5.112    12.7667 231.736251     0.0342 4.2141e+02     0.7155    83.6201 5.8242e-01 1.6777e+03  0.0558845    12.7883 233.015809     2.4322      5.213    -2.4760    306.775    10.0454 -9.990e-29
      5.110    12.7637 231.688229     0.0208 4.1320e+02     0.7143    83.6462 5.8974e-01 1.6777e+03  0.0554688    12.7833 233.137392     2.4322      5.211    -2.5402    306.736    10.0469 -9.990e-29
      5.108    12.7628 231.688229     0.0305 4.1320e+02     0.7155    83.6201 5.8974e-01 1.6777e+03  0.0550530    12.7822 233.015815     2.4322      5.209    -2.4967    306.743    10.0469 -9.990e-29
      5.105    12.7619 231.736255     0.0256 4.0858e+02     0.7143    83.6462 5.9341e-01 1.6777e+03  0.0554688    12.7843 233.137390     2.4322      5.206    -2.5155    306.814    10.0467 -9.990e-29
      5.102    12.7608 231.748263     0.0244 4.0628e+02     0.7168    83.5939 6.0073e-01 1.6777e+03  0.0563003    12.7835 233.106998     2.4322      5.203    -2.5285    306.839    10.0472 -9.990e-29
      5.098    12.7587 231.724251     0.0305 4.0628e+02     0.7155    83.6201 6.1538e-01 1.6777e+03  0.0563003    12.7836 233.167786     2.4322      5.199    -2.4909    306.824    10.0474 -9.990e-29
      5.095    12.7563 231.724254     0.0195 4.1204e+02     0.7155    83.6201 6.2271e-01 1.6777e+03  0.0558845    12.7791 233.198185     2.4322      5.195    -2.5529    306.843    10.0480 -9.990e-29
      5.090    12.7546 231.712247     0.0342 4.1553e+02     0.7155    83.6201 6.1172e-01 1.6777e+03  0.0558845    12.7756 233.107002     2.4322      5.190    -2.4735    306.841    10.0490 -9.990e-29
      5.086    12.7536 231.676229     0.0171 4.1670e+02     0.7155    83.6201 6.1905e-01 1.6777e+03  0.0558845    12.7692 233.046218     2.4322      5.186    -2.5632    306.802    10.0507 -9.990e-29
      5.082    12.7526 231.712249     0.0354 4.2379e+02     0.7155    83.6201 6.1172e-01 1.6777e+03  0.0554688    12.7625 232.955039     2.4335      5.182    -2.4695    306.858    10.0592 -9.990e-29
      5.077    12.7518 231.736262     0.0183 4.2979e+02     0.7168    83.5939 6.0440e-01 1.6777e+03  0.0550530    12.7552 232.955045     2.4335      5.177    -2.5555    306.896    10.0609 -9.990e-29
      5.073    12.7516 231.712249     0.0330 4.3100e+02     0.7180    83.5678 5.9707e-01 1.6777e+03  0.0563003    12.7395 232.894268     2.4322      5.173    -2.4845    306.866    10.0579 -9.990e-29
      5.069    12.7545 231.736260     0.0220 4.4081e+02     0.7168    83.5939 5.9341e-01 1.6777e+03  0.0567161    12.7211 232.711916     2.4322      5.169    -2.5354    306.874    10.0629 -9.990e-29
      5.064    12.7612 231.748262     0.0293 4.5084e+02     0.7168    83.5939 5.9707e-01 1.6777e+03  0.0558845    12.7125 232.863894     2.4335      5.164    -2.5044    306.835    10.0717 -9.990e-29
      5.058    12.7656 231.796285     0.0269 4.5465e+02     0.7168    83.5939 5.8608e-01 1.6777e+03  0.0546373    12.7093 232.833502     2.4335      5.158    -2.5100    306.863    10.0730 -9.990e-29
      5.053    12.7692 231.808288     0.0244 4.5851e+02     0.7180    83.5678 5.8608e-01 1.6777e+03  0.0550530    12.7053 232.863898     2.4322      5.153    -2.5300    306.850    10.0670 -9.990e-29
      5.047    12.7705 231.772268     0.0305 4.6894e+02     0.7180    83.5678 6.0440e-01 1.6777e+03  0.0563003    12.7041 232.894295     2.4322      5.147    -2.4921    306.792    10.0679 -9.990e-29
      5.042    12.7667 231.688224     0.0195 4.7026e+02     0.7180    83.5678 5.9707e-01 1.6777e+03  0.0563003    12.7073 232.894291     2.4322      5.141    -2.5536    306.711    10.0670 -9.990e-29
      5.037    12.7614 231.736255     0.0342 4.7158e+02     0.7168    83.5939 5.8608e-01 1.6777e+03  0.0554688    12.7134 232.924682     2.4335      5.136    -2.4743    306.818    10.0722 -9.990e-29
      5.031    12.7575 231.676224     0.0171 4.7424e+02     0.7180    83.5678 5.8974e-01 1.6777e+03  0.0550530    12.7211 232.833492     2.4335      5.130    -2.5641    306.770    10.0708 -9.990e-29
      5.024    12.7548 231.688233     0.0354 4.7424e+02     0.7180    83.5678 6.0073e-01 1.6777e+03  0.0554688    12.7298 232.863880     2.4335      5.123    -2.4704    306.808    10.0685 -9.990e-29
      5.018    12.7526 231.748267     0.0195 4.7291e+02     0.7180    83.5678 6.0073e-01 1.6777e+03  0.0558845    12.7376 232.985451     2.4335      5.117    -2.5497    306.905    10.0664 -9.990e-29
      5.011    12.7511 231.736262     0.0330 4.6894e+02     0.7180    83.5678 5.9707e-01 1.6777e+03  0.0554688    12.7424 232.955053     2.4335      5.110    -2.4855    306.902    10.0649 -9.990e-29
      5.005    12.7486 231.664224     0.0232 4.6631e+02     0.7180    83.5678 6.0073e-01 1.6777e+03  0.0554688    12.7472 232.894261     2.4335      5.104    -2.5305    306.827    10.0641 -9.990e-29
      4.998    12.7464 231.724257     0.0293 4.6500e+02     0.7168    83.5939 6.0440e-01 1.6777e+03  0.0554688    12.7503 232.803074     2.4335      5.097    -2.5066    306.924    10.0636 -9.990e-29
      4.993    12.7458 231.712252     0.0269 4.6109e+02     0.7168    83.5939 6.0440e-01 1.6777e+03  0.0558845    12.7538 232.894256     2.4335      5.091    -2.5118    306.913    10.0630 -9.990e-29
      4.987    12.7456 231.628206     0.0232 4.5980e+02     0.7168    83.5939 6.0806e-01 1.6777e+03  0.0563003    12.7572 232.894252     2.4335      5.085    -2.5381    306.803    10.0623 -9.990e-29
      4.982    12.7466 231.676232     0.0317 4.5980e+02     0.7168    83.5939 6.1172e-01 1.6777e+03  0.0558845    12.7590 233.015830     2.4335      5.080    -2.4878    306.859    10.0620 -9.990e-29
      4.977    12.7473 231.736263     0.0183 4.4957e+02     0.7180    83.5678 6.1538e-01 1.6777e+03  0.0554688    12.7610 233.046222     2.4335      5.075    -2.5614    306.933    10.0615 -9.990e-29
      4.971    12.7490 231.736262     0.0342 4.4329e+02     0.7168    83.5939 6.1538e-01 1.6777e+03  0.0554688    12.7625 233.046220     2.4335      5.069    -2.4768    306.919    10.0611 -9.990e-29
      4.967    12.7519 231.712247     0.0171 4.4329e+02     0.7155    83.6201 6.1905e-01 1.6777e+03  0.0554688    12.7631 233.046220     2.4335      5.065    -2.5649    306.863    10.0609 -9.990e-29
      4.963    12.7535 231.712246     0.0342 4.4831e+02     0.7155    83.6201 6.3370e-01 1.6777e+03  0.0550530    12.7628 233.137405     2.4335      5.061    -2.4790    306.850    10.0608 -9.990e-29
      4.958    12.7558 231.652211     0.0195 4.5211e+02     0.7155    83.6201 6.4103e-01 1.6777e+03  0.0550530    12.7638 233.107009     2.4335      5.056    -2.5506    306.752    10.0604 -9.990e-29
      4.952    12.7595 231.712241     0.0317 4.5211e+02     0.7143    83.6462 6.2637e-01 1.6796e+03  0.0550530    12.7651 233.046218     2.4335      5.050    -2.4934    306.802    10.0598 -9.990e-29
      4.947    12.7614 231.736251     0.0232 4.5722e+02     0.7155    83.6201 6.0073e-01 1.6796e+03  0.0554688    12.7667 233.137400     2.4335      5.045    -2.5303    306.818    10.0598 -9.990e-29
      4.943    12.7622 231.760265     0.0269 4.6239e+02     0.7155    83.6201 5.9341e-01 1.6796e+03  0.0554688    12.7645 232.955035     2.4335      5.040    -2.5186    306.843    10.0608 -9.990e-29
      4.939    12.7627 231.712239     0.0293 4.6369e+02     0.7155    83.6201 6.1172e-01 1.6796e+03  0.0554688    12.7602 232.924644     2.4347      5.036    -2.4990    306.776    10.0677 -9.990e-29
      4.934    12.7625 231.676218     0.0220 4.7291e+02     0.7168    83.5939 6.1538e-01 1.6796e+03  0.0554688    12.7551 233.015830     2.4335      5.031    -2.5431    306.729    10.0621 -9.990e-29
      4.930    12.7635 231.736250     0.0317 4.8777e+02     0.7155    83.6201 6.1538e-01 1.6777e+03  0.0554688    12.7486 233.046230     2.4347      5.027    -2.4879    306.801    10.0702 -9.990e-29
      4.927    12.7661 231.796282     0.0171 4.9052e+02     0.7155    83.6201 6.4103e-01 1.6777e+03  0.0558845    12.7454 232.924655     2.4335      5.024    -2.5661    306.859    10.0649 -9.990e-29
      4.923    12.7700 231.820291     0.0342 5.0027e+02     0.7155    83.6201 6.5934e-01 1.6777e+03  0.0563003    12.7500 232.924651     2.4335      5.020    -2.4752    306.859    10.0632 -9.990e-29
      4.920    12.7725 231.772263     0.0171 5.2182e+02     0.7155    83.6201 6.4835e-01 1.6777e+03  0.0558845    12.7559 232.894252     2.4335      5.017    -2.5621    306.775    10.0619 -9.990e-29
      4.919    12.7742 231.832294     0.0342 5.2773e+02     0.7155    83.6201 6.2271e-01 1.6777e+03  0.0554688    12.7575 232.985433     2.4335      5.016    -2.4763    306.841    10.0609 -9.990e-29
      4.920    12.7741 231.760256     0.0195 5.1890e+02     0.7155    83.6201 6.1172e-01 1.6777e+03  0.0554688    12.7553 233.046226     2.4347      5.017    -2.5474    306.746    10.0676 -9.990e-29
      4.920    12.7742 231.760255     0.0317 4.9607e+02     0.7155    83.6201 6.0440e-01 1.6777e+03  0.0554688    12.7533 232.955042     2.4335      5.017    -2.4910    306.746    10.0625 -9.990e-29
      4.919    12.7747 231.736243     0.0244 4.8777e+02     0.7168    83.5939 6.0073e-01 1.6796e+03  0.0558845    12.7541 233.046227     2.4335      5.016    -2.5212    306.710    10.0629 -9.990e-29
      4.918    12.7762 231.832293     0.0256 4.8503e+02     0.7155    83.6201 6.0440e-01 1.6796e+03  0.0558845    12.7576 233.107012     2.4335      5.015    -2.5222    306.825    10.0619 -9.990e-29
      4.916    12.7786 231.868312     0.0293 4.6500e+02     0.7168    83.5939 6.0806e-01 1.6796e+03  0.0550530    12.7630 233.167798     2.4347      5.013    -2.4959    306.853    10.0667 -9.990e-29
      4.915    12.7814 231.808276     0.0208 4.5594e+02     0.7155    83.6201 6.1538e-01 1.6796e+03  0.0550530    12.7632 233.107008     2.4347      5.012    -2.5453    306.751    10.0672 -9.990e-29
      4.914    12.7831 231.772255     0.0330 4.5594e+02     0.7168    83.5939 6.1538e-01 1.6796e+03  0.0554688    12.7632 232.924641     2.4347      5.011    -2.4772    306.689    10.0676 -9.990e-29
      4.915    12.7842 231.760247     0.0171 4.5594e+02     0.7180    83.5678 6.1172e-01 1.6796e+03  0.0558845    12.7633 232.894246     2.4347      5.012    -2.5615    306.664    10.0679 -9.990e-29
      4.916    12.7841 231.760247     0.0354 4.5594e+02     0.7193    83.5416 6.0073e-01 1.6796e+03  0.0558845    12.7669 232.985427     2.4347      5.013    -2.4666    306.665    10.0667 -9.990e-29
      4.917    12.7838 231.808276     0.0171 4.5594e+02     0.7193    83.5416 5.8974e-01 1.6796e+03  0.0558845    12.7677 232.955033     2.4347      5.014    -2.5591    306.731    10.0668 -9.990e-29
      4.918    12.7834 231.820280     0.0342 4.5084e+02     0.7193    83.5416 5.7509e-01 1.6796e+03  0.0558845    12.7662 233.167794     2.4347      5.015    -2.4745    306.750    10.0674 -9.990e-29
      4.920    12.7844 231.844296     0.0208 4.4705e+02     0.7193    83.5416 5.6777e-01 1.6796e+03  0.0554688    12.7624 233.167800     2.4347      5.017    -2.5376    306.774    10.0684 -9.990e-29
      4.922    12.7864 231.856298     0.0293 4.4705e+02     0.7180    83.5678 5.6410e-01 1.6796e+03  0.0558845    12.7595 233.076615     2.4347      5.019    -2.5006    306.774    10.0692 -9.990e-29
      4.926    12.7889 231.880312     0.0256 4.5465e+02     0.7193    83.5416 5.7143e-01 1.6796e+03  0.0558845    12.7583 232.955040     2.4347      5.023    -2.5122    306.785    10.0696 -9.990e-29
      4.930    12.7904 231.880310     0.0244 4.6109e+02     0.7180    83.5678 5.7875e-01 1.6796e+03  0.0558845    12.7570 233.015829     2.4347      5.027    -2.5256    306.773    10.0699 -9.990e-29
      4.934    12.7916 231.820276     0.0305 4.6239e+02     0.7180    83.5678 5.7509e-01 1.6796e+03  0.0558845    12.7565 233.076620     2.4347      5.031    -2.4871    306.684    10.0700 -9.990e-29
      4.938    12.7928 231.844288     0.0195 4.7826e+02     0.7193    83.5416 5.7143e-01 1.6796e+03  0.0554688    12.7586 233.046222     2.4347      5.035    -2.5494    306.706    10.0694 -9.990e-29
