data/05_metadata_exports/SeabirdData/202310_SeabirdData/88763_STN27-NIGHT.cnv
* Sea-Bird SBE 9 Data File:
* FileName = C:\Users\rosette\Rosette Data\2023\Ontario lower food web csmi\STN27.hex
* Software Version Seasave V 7.26.6.26
* Temperature SN = 5270
* Conductivity SN = 1168
* Number of Bytes Per Scan = 40
* Number of Voltage Words = 5
* Number of Scans Averaged by the Deck Unit = 1
* NMEA Latitude = 43 41.39 N
* NMEA Longitude = 078 49.60 W
* NMEA UTC (Time) = Sep 27 2023  05:54:00
* NMEA baud rate = 4800
** Ship: Lake Guardian
** Cruise: Ontario Lower Food Web 2023
** Station:  STN27
# nquan = 18                                
# nvalues = 13125                       
# units = specified
# name 0 = prDM: Pressure, Digiquartz [db]
# name 1 = t090C: Temperature [ITS-90, deg C]
# name 2 = c0uS/cm: Conductivity [uS/cm]
# name 3 = sbeox0V: Oxygen raw, SBE 43 [V]
# name 4 = par: PAR/Irradiance, Biospherical/Licor
# name 5 = bat: Beam Attenuation, Chelsea/Seatech [1/m]
# name 6 = xmiss: Beam Transmission, Chelsea/Seatech [%]
# name 7 = flSP: Fluorescence, Seapoint
# name 8 = spar: SPAR, Biospherical/Licor
# name 9 = upoly0: Upoly 0, Suna Nitrate
# name 10 = t190C: Temperature, 2 [ITS-90, deg C]
# name 11 = c1uS/cm: Conductivity, 2 [uS/cm]
# name 12 = sbeox1V: Oxygen raw, SBE 43, 2 [V]
# name 13 = depFM: Depth [fresh water, m], lat = 43.6898
# name 14 = sbeox0Mg/L: Oxygen, SBE 43 [mg/l], WS = 2
# name 15 = specc: Specific Conductance [uS/cm]
# name 16 = sbeox1Mg/L: Oxygen, SBE 43, 2 [mg/l], WS = 2
# name 17 = flag: flag
# span 0 =      0.036,     98.875       
# span 1 =   -98.9762,    19.3675       
# span 2 = -3.291e+03, 278.335594       
# span 3 =     0.0000,     0.0366       
# span 4 = 1.0000e-12, 3.4937e+00       
# span 5 =     0.1433,     8.2121       
# span 6 =    12.8345,    96.4807       
# span 7 = 8.4249e-02, 2.3260e+00       
# span 8 = 0.0000e+00, 0.0000e+00       
# span 9 =  0.0413330,  0.0629524       
# span 10 =     4.1132,    19.3570      
# span 11 =   1.963476, 264.948531      
# span 12 =     1.9695,     2.8095      
# span 13 =      0.037,    100.824      
# span 14 =    -3.2874,   275.2070      
# span 15 =  -4126.028,    398.823      
# span 16 =     6.5773,    12.7273      
# span 17 = 0.0000e+00, 0.0000e+00      
# interval = seconds: 0.0416667
# start_time = Sep 27 2023 05:54:00 [NMEA time, header]
# bad_flag = -9.990e-29
*END*
[from data line 5950]
     31.634     8.0538 206.071746     0.0342 1.0000e-12     0.6931    84.0906 6.9597e-01 0.0000e+00  0.0563003     8.0491 207.321087     2.5604     32.258    -2.7913    311.703    12.2879 0.0000e+00
     31.657     8.0326 205.987962     0.0195 1.0000e-12     0.6943    84.0644 7.6557e-01 0.0000e+00  0.0563003     8.0289 207.138949     2.5604     32.281    -2.8770    311.777    12.2932 0.0000e+00
     31.679     8.0125 205.868263     0.0354 1.0000e-12     0.6943    84.0644 7.9121e-01 0.0000e+00  0.0567161     8.0076 207.199681     2.5617     32.304    -2.7873    311.785    12.3064 0.0000e+00
     31.701     7.9940 205.712653     0.0195 1.0000e-12     0.6931    84.0906 7.4725e-01 0.0000e+00  0.0563003     7.9897 207.017542     2.5617     32.326    -2.8815    311.724    12.3098 0.0000e+00
     31.722     7.9737 205.604930     0.0354 1.0000e-12     0.6931    84.0906 6.7766e-01 0.0000e+00  0.0563003     7.9721 206.835405     2.5629     32.347    -2.7893    311.753    12.3212 0.0000e+00
     31.742     7.9507 205.485239     0.0208 1.0000e-12     0.6943    84.0644 6.1172e-01 0.0000e+00  0.0563003     7.9564 206.865774     2.5641     32.368    -2.8782    311.789    12.3318 0.0000e+00
     31.763     7.9295 205.365547     0.0342 1.0000e-12     0.6943    84.0644 5.7509e-01 0.0000e+00  0.0563003     7.9416 206.805068     2.5641     32.389    -2.7979    311.808    12.3350 0.0000e+00
     31.784     7.9081 205.245860     0.0220 1.0000e-12     0.6881    84.1951 5.6044e-01 0.0000e+00  0.0558845     7.9233 206.622934     2.5653     32.411    -2.8746    311.829    12.3464 0.0000e+00
     31.804     7.8876 205.174052     0.0317 1.0000e-12     0.6733    84.5088 5.5678e-01 0.0000e+00  0.0558845     7.8998 206.471161     2.5665     32.431    -2.8139    311.914    12.3594 0.0000e+00
     31.824     7.8695 205.066333     0.0244 1.0000e-12     0.6671    84.6395 5.7143e-01 0.0000e+00  0.0567161     7.8757 206.349747     2.5665     32.451    -2.8647    311.922    12.3654 0.0000e+00
     31.844     7.8523 204.946646     0.0305 1.0000e-12     0.6671    84.6395 5.8608e-01 0.0000e+00  0.0571318     7.8611 206.349758     2.5665     32.472    -2.8238    311.903    12.3682 0.0000e+00
     31.864     7.8346 204.874840     0.0269 1.0000e-12     0.6683    84.6134 5.7875e-01 0.0000e+00  0.0567161     7.8509 206.228335     2.5665     32.492    -2.8530    311.962    12.3685 0.0000e+00
     31.884     7.8171 204.767125     0.0269 1.0000e-12     0.6671    84.6395 5.7509e-01 0.0000e+00  0.0563003     7.8356 206.137275     2.5678     32.513    -2.8476    311.965    12.3791 0.0000e+00
     31.902     7.7983 204.755168     0.0293 1.0000e-12     0.6683    84.6134 5.8608e-01 0.0000e+00  0.0563003     7.8133 206.167647     2.5678     32.531    -2.8421    312.125    12.3843 0.0000e+00
     31.919     7.7811 204.659423     0.0244 1.0000e-12     0.6683    84.6134 6.3004e-01 0.0000e+00  0.0567161     7.7915 205.985519     2.5690     32.548    -2.8642    312.143    12.3974 0.0000e+00
     31.936     7.7634 204.527772     0.0305 1.0000e-12     0.6671    84.6395 6.8864e-01 0.0000e+00  0.0567161     7.7716 205.833748     2.5690     32.566    -2.8371    312.111    12.4027 0.0000e+00
     31.953     7.7475 204.432030     0.0220 1.0000e-12     0.6683    84.6134 6.9597e-01 0.0000e+00  0.0567161     7.7615 205.773043     2.5690     32.583    -2.8818    312.116    12.4047 0.0000e+00
     31.970     7.7304 204.360227     0.0330 1.0000e-12     0.6683    84.6134 6.8498e-01 0.0000e+00  0.0563003     7.7518 205.681980     2.5702     32.600    -2.8242    312.169    12.4136 0.0000e+00
     31.986     7.7154 204.276454     0.0208 1.0000e-12     0.6671    84.6395 7.1062e-01 0.0000e+00  0.0563003     7.7418 205.560560     2.5702     32.617    -2.8912    312.185    12.4167 0.0000e+00
     32.001     7.7017 204.156776     0.0342 1.0000e-12     0.6671    84.6395 7.6557e-01 0.0000e+00  0.0563003     7.7287 205.530214     2.5714     32.632    -2.8176    312.132    12.4270 0.0000e+00
     32.017     7.6886 204.084971     0.0195 1.0000e-12     0.6683    84.6134 7.8388e-01 0.0000e+00  0.0567161     7.7116 205.469512     2.5714     32.648    -2.9017    312.148    12.4324 0.0000e+00
     32.033     7.6761 204.061043     0.0354 1.0000e-12     0.6683    84.6134 7.7656e-01 0.0000e+00  0.0567161     7.6966 205.348099     2.5726     32.665    -2.8107    312.231    12.4443 0.0000e+00
     32.049     7.6642 203.977272     0.0195 1.0000e-12     0.6683    84.6134 7.4359e-01 0.0000e+00  0.0563003     7.6890 205.378461     2.5726     32.681    -2.9035    312.216    12.4465 0.0000e+00
     32.064     7.6511 203.977280     0.0354 1.0000e-12     0.6671    84.6395 6.8864e-01 0.0000e+00  0.0567161     7.6805 205.317753     2.5739     32.696    -2.8107    312.341    12.4578 0.0000e+00
     32.078     7.6403 203.869573     0.0195 1.0000e-12     0.6683    84.6134 6.5568e-01 0.0000e+00  0.0567161     7.6748 205.317759     2.5739     32.710    -2.9061    312.280    12.4604 0.0000e+00
     32.091     7.6304 203.833673     0.0342 1.0000e-12     0.6671    84.6395 6.5201e-01 0.0000e+00  0.0567161     7.6754 205.257045     2.5751     32.724    -2.8184    312.320    12.4690 0.0000e+00
     32.104     7.6190 203.809746     0.0208 1.0000e-12     0.6671    84.6395 6.4835e-01 0.0000e+00  0.0563003     7.6803 205.257044     2.5751     32.737    -2.9012    312.392    12.4680 0.0000e+00
     32.116     7.6091 203.737942     0.0330 1.0000e-12     0.6671    84.6395 6.2271e-01 0.0000e+00  0.0563003     7.6916 205.287391     2.5751     32.749    -2.8255    312.377    12.4650 0.0000e+00
     32.129     7.6023 203.737947     0.0232 1.0000e-12     0.6646    84.6918 6.1905e-01 0.0000e+00  0.0571318     7.7070 205.378450     2.5763     32.762    -2.8895    312.442    12.4677 0.0000e+00
     32.141     7.5956 203.630239     0.0317 1.0000e-12     0.6646    84.6918 6.3370e-01 0.0000e+00  0.0571318     7.7114 205.408803     2.5775     32.775    -2.8343    312.341    12.4750 0.0000e+00
     32.153     7.5884 203.594339     0.0256 1.0000e-12     0.6646    84.6918 6.5201e-01 0.0000e+00  0.0563003     7.7062 205.408806     2.5775     32.787    -2.8776    312.355    12.4794 0.0000e+00
     32.165     7.5814 203.570408     0.0293 1.0000e-12     0.6634    84.7179 6.5934e-01 0.0000e+00  0.0558845     7.6960 205.165966     2.5788     32.799    -2.8494    312.385    12.4921 0.0000e+00
     32.177     7.5744 203.606318     0.0281 1.0000e-12     0.6634    84.7179 6.5568e-01 0.0000e+00  0.0558845     7.6738 205.105270     2.5788     32.811    -2.8649    312.508    12.5011 0.0000e+00
     32.188     7.5682 203.558450     0.0256 1.0000e-12     0.6646    84.6918 6.3736e-01 0.0000e+00  0.0567161     7.6530 205.014217     2.5800     32.823    -2.8729    312.494    12.5178 0.0000e+00
     32.198     7.5627 203.534518     0.0305 1.0000e-12     0.6646    84.6918 6.2637e-01 0.0000e+00  0.0567161     7.6430 205.014223     2.5800     32.833    -2.8517    312.510    12.5228 0.0000e+00
     32.207     7.5613 203.534519     0.0244 1.0000e-12     0.6646    84.6918 6.3004e-01 0.0000e+00  0.0567161     7.6410 204.892803     2.5800     32.842    -2.8804    312.523    12.5261 0.0000e+00
     32.217     7.5593 203.486648     0.0317 1.0000e-12     0.6646    84.6918 6.1905e-01 0.0000e+00  0.0567161     7.6358 204.862451     2.5812     32.852    -2.8439    312.469    12.5365 0.0000e+00
     32.227     7.5570 203.474682     0.0220 1.0000e-12     0.6646    84.6918 6.3370e-01 0.0000e+00  0.0563003     7.6232 204.953526     2.5812     32.862    -2.8955    312.473    12.5433 0.0000e+00
     32.239     7.5559 203.390910     0.0342 1.0000e-12     0.6646    84.6918 6.7033e-01 0.0000e+00  0.0558845     7.6234 205.105305     2.5824     32.875    -2.8285    312.354    12.5519 0.0000e+00
     32.249     7.5533 203.366976     0.0195 1.0000e-12     0.6634    84.7179 6.9597e-01 0.0000e+00  0.0563003     7.6266 205.044591     2.5836     32.885    -2.9112    312.343    12.5603 0.0000e+00
     32.259     7.5489 203.378946     0.0342 1.0000e-12     0.6634    84.7179 7.0696e-01 0.0000e+00  0.0567161     7.6337 205.074942     2.5836     32.895    -2.8290    312.403    12.5592 0.0000e+00
     32.269     7.5486 203.331076     0.0195 1.0000e-12     0.6646    84.6918 6.9231e-01 0.0000e+00  0.0567161     7.6358 205.105297     2.5836     32.905    -2.9141    312.333    12.5598 0.0000e+00
     32.279     7.5504 203.355011     0.0354 1.0000e-12     0.6646    84.6918 6.4469e-01 0.0000e+00  0.0567161     7.6209 204.862463     2.5849     32.915    -2.8217    312.352    12.5738 0.0000e+00
     32.288     7.5468 203.378948     0.0195 1.0000e-12     0.6646    84.6918 5.9707e-01 0.0000e+00  0.0567161     7.6040 204.832118     2.5849     32.925    -2.9158    312.423    12.5806 0.0000e+00
     32.297     7.5381 203.307149     0.0354 1.0000e-12     0.6646    84.6918 5.8974e-01 0.0000e+00  0.0567161     7.6105 204.862470     2.5861     32.934    -2.8215    312.397    12.5866 0.0000e+00
     32.306     7.5331 203.295184     0.0208 1.0000e-12     0.6646    84.6918 5.7875e-01 0.0000e+00  0.0567161     7.6201 204.923174     2.5873     32.943    -2.9101    312.426    12.5914 0.0000e+00
     32.315     7.5290 203.259286     0.0342 1.0000e-12     0.6646    84.6918 5.5678e-01 0.0000e+00  0.0567161     7.6262 204.983882     2.5873     32.952    -2.8276    312.410    12.5901 0.0000e+00
     32.325     7.5251 203.235351     0.0220 1.0000e-12     0.6646    84.6918 5.4945e-01 0.0000e+00  0.0567161     7.6284 205.014234     2.5885     32.962    -2.9038    312.411    12.5972 0.0000e+00
     32.336     7.5228 203.199453     0.0330 1.0000e-12     0.6572    84.8486 5.7875e-01 0.0000e+00  0.0563003     7.6228 205.014241     2.5897     32.974    -2.8334    312.378    12.6079 0.0000e+00
     32.345     7.5201 203.103715     0.0244 1.0000e-12     0.6523    84.9532 6.4469e-01 0.0000e+00  0.0567161     7.6157 205.014245     2.5910     32.983    -2.8902    312.257    12.6186 0.0000e+00
     32.354     7.5165 203.055848     0.0305 1.0000e-12     0.6510    84.9793 6.9231e-01 0.0000e+00  0.0567161     7.6097 204.892826     2.5910     32.992    -2.8478    312.218    12.6222 0.0000e+00
     32.363     7.5118 203.019950     0.0269 1.0000e-12     0.6510    84.9793 7.4725e-01 0.0000e+00  0.0567161     7.5892 204.741064     2.5910     33.001    -2.8764    312.208    12.6296 0.0000e+00
     32.372     7.5081 203.043887     0.0269 1.0000e-12     0.6498    85.0055 7.9853e-01 0.0000e+00  0.0567161     7.5617 204.771438     2.5922     33.010    -2.8688    312.280    12.6454 0.0000e+00
     32.380     7.5079 203.067821     0.0281 1.0000e-12     0.6498    85.0055 8.1319e-01 0.0000e+00  0.0567161     7.5489 204.619670     2.5934     33.018    -2.8691    312.319    12.6571 0.0000e+00
     32.389     7.5045 203.103726     0.0244 1.0000e-12     0.6498    85.0055 8.1319e-01 0.0000e+00  0.0567161     7.5458 204.437543     2.5946     33.028    -2.8841    312.407    12.6654 0.0000e+00
     32.400     7.4980 202.948156     0.0305 1.0000e-12     0.6510    84.9793 8.1319e-01 0.0000e+00  0.0563003     7.5421 204.316127     2.5946     33.039    -2.8560    312.230    12.6656 0.0000e+00
     32.410     7.4898 202.828493     0.0220 1.0000e-12     0.6510    84.9793 7.7289e-01 0.0000e+00  0.0558845     7.5405 204.376839     2.5946     33.049    -2.8995    312.125    12.6661 0.0000e+00
     32.420     7.4791 202.780632     0.0330 1.0000e-12     0.6510    84.9793 7.1795e-01 0.0000e+00  0.0563003     7.5500 204.437541     2.5958     33.059    -2.8420    312.154    12.6690 0.0000e+00
     32.430     7.4678 202.744738     0.0208 1.0000e-12     0.6510    84.9793 7.1062e-01 0.0000e+00  0.0563003     7.5555 204.619666     2.5958     33.069    -2.9101    312.207    12.6659 0.0000e+00
     32.440     7.4605 202.816546     0.0342 1.0000e-12     0.6510    84.9793 7.2894e-01 0.0000e+00  0.0567161     7.5597 204.650021     2.5983     33.080    -2.8365    312.388    12.6772 0.0000e+00
     32.450     7.4598 202.816546     0.0195 1.0000e-12     0.6510    84.9793 6.9597e-01 0.0000e+00  0.0563003     7.5515 204.407186     2.5983     33.090    -2.9192    312.395    12.6778 0.0000e+00
     32.460     7.4629 202.780643     0.0354 1.0000e-12     0.6510    84.9793 6.5568e-01 0.0000e+00  0.0563003     7.5195 204.164370     2.5995     33.100    -2.8283    312.310    12.6937 0.0000e+00
     32.470     7.4631 202.708843     0.0195 1.0000e-12     0.6510    84.9793 6.4469e-01 0.0000e+00  0.0567161     7.4784 203.951919     2.5995     33.110    -2.9207    312.197    12.7045 0.0000e+00
     32.481     7.4572 202.577212     0.0354 1.0000e-12     0.6510    84.9793 6.4835e-01 0.0000e+00  0.0567161     7.4541 203.921580     2.6007     33.121    -2.8268    312.051    12.7167 0.0000e+00
     32.492     7.4442 202.445591     0.0195 1.0000e-12     0.6510    84.9793 6.5201e-01 0.0000e+00  0.0563003     7.4632 204.073347     2.6007     33.133    -2.9229    311.973    12.7102 0.0000e+00
     32.502     7.4275 202.433635     0.0342 1.0000e-12     0.6498    85.0055 6.1905e-01 0.0000e+00  0.0558845     7.4816 204.225106     2.6020     33.143    -2.8352    312.115    12.7083 0.0000e+00
     32.512     7.4112 202.373814     0.0208 1.0000e-12     0.6510    84.9793 5.8242e-01 0.0000e+00  0.0563003     7.4963 204.316160     2.6020     33.153    -2.9189    312.180    12.6990 0.0000e+00
     32.524     7.3965 202.373823     0.0330 1.0000e-12     0.6510    84.9793 5.5311e-01 0.0000e+00  0.0567161     7.5125 204.285794     2.6032     33.165    -2.8430    312.322    12.6964 0.0000e+00
     32.537     7.3840 202.242204     0.0232 1.0000e-12     0.6339    85.3453 5.2015e-01 0.0000e+00  0.0563003     7.5177 204.164374     2.6032     33.178    -2.9079    312.239    12.6895 0.0000e+00
     32.550     7.3707 202.158450     0.0317 1.0000e-12     0.6119    85.8158 5.1282e-01 0.0000e+00  0.0563003     7.5080 204.164380     2.6044     33.192    -2.8527    312.238    12.6950 0.0000e+00
     32.563     7.3575 202.098629     0.0256 1.0000e-12     0.6082    85.8942 5.0916e-01 0.0000e+00  0.0563003     7.5070 204.194736     2.6044     33.205    -2.8968    312.273    12.6904 0.0000e+00
     32.576     7.3441 202.014878     0.0293 1.0000e-12     0.6082    85.8942 4.9084e-01 0.0000e+00  0.0563003     7.5099 204.194735     2.6056     33.218    -2.8689    312.273    12.6918 0.0000e+00
     32.589     7.3299 201.883263     0.0281 1.0000e-12     0.6082    85.8942 4.6886e-01 0.0000e+00  0.0563003     7.5083 204.255444     2.6068     33.232    -2.8850    312.207    12.6949 0.0000e+00
     32.604     7.3151 201.811480     0.0269 1.0000e-12     0.6094    85.8681 4.5421e-01 0.0000e+00  0.0567161     7.4985 204.164388     2.6068     33.247    -2.8851    312.239    12.6927 0.0000e+00
     32.619     7.3014 201.787559     0.0305 1.0000e-12     0.6094    85.8681 4.6154e-01 0.0000e+00  0.0571318     7.4861 204.012625     2.6081     33.262    -2.8720    312.334    12.6994 0.0000e+00
     32.633     7.2906 201.751670     0.0244 1.0000e-12     0.6094    85.8681 4.5788e-01 0.0000e+00  0.0567161     7.4625 203.860871     2.6081     33.276    -2.9015    312.383    12.7015 0.0000e+00
     32.648     7.2854 201.679880     0.0330 1.0000e-12     0.6094    85.8681 4.3590e-01 0.0000e+00  0.0558845     7.4510 203.830524     2.6081     33.292    -2.8573    312.322    12.6987 0.0000e+00
     32.663     7.2769 201.679887     0.0220 1.0000e-12     0.6094    85.8681 4.2125e-01 0.0000e+00  0.0563003     7.4391 203.769825     2.6093     33.307    -2.9173    312.404    12.7034 0.0000e+00
     32.680     7.2696 201.536309     0.0330 1.0000e-12     0.6082    85.8942 4.3223e-01 0.0000e+00  0.0567161     7.4247 203.587712     2.6093     33.324    -2.8583    312.253    12.7022 0.0000e+00
     32.697     7.2598 201.440595     0.0195 1.0000e-12     0.6094    85.8681 4.4322e-01 0.0000e+00  0.0567161     7.4008 203.527022     2.6093     33.342    -2.9350    312.199    12.7045 0.0000e+00
