data/05_metadata_exports/SeabirdData/202310_SeabirdData/88763_STN27-NIGHT.cnv
* Sea-Bird SBE 9 Data File:
* FileName = C:\Users\rosette\Rosette Data\2023\Ontario lower food web csmi\STN27.hex
* Software Version Seasave V 7.26.6.26
* Temperature SN = 5270
* Conductivity SN = 1168
* Number of Bytes Per Scan = 40
* Number of Voltage Words = 5
* Number of Scans Averaged by the Deck Unit = 1
* NMEA Latitude = 43 41.39 N
* NMEA Longitude = 078 49.60 W
* NMEA UTC (Time) = Sep 27 2023  05:54:00
* NMEA baud rate = 4800
** Ship: Lake Guardian
** Cruise: Ontario Lower Food Web 2023
** Station:  STN27
# nquan = 18                                
# nvalues = 13125                       
# units = specified
# name 0 = prDM: Pressure, Digiquartz [db]
# name 1 = t090C: Temperature [ITS-90, deg C]
# name 2 = c0uS/cm: Conductivity [uS/cm]
# name 3 = sbeox0V: Oxygen raw, SBE 43 [V]
# name 4 = par: PAR/Irradiance, Biospherical/Licor
# name 5 = bat: Beam Attenuation, Chelsea/Seatech [1/m]
# name 6 = xmiss: Beam Transmission, Chelsea/Seatech [%]
# name 7 = flSP: Fluorescence, Seapoint
# name 8 = spar: SPAR, Biospherical/Licor
# name 9 = upoly0: Upoly 0, Suna Nitrate
# name 10 = t190C: Temperature, 2 [ITS-90, deg C]
# name 11 = c1uS/cm: Conductivity, 2 [uS/cm]
# name 12 = sbeox1V: Oxygen raw, SBE 43, 2 [V]
# name 13 = depFM: Depth [fresh water, m], lat = 43.6898
# name 14 = sbeox0Mg/L: Oxygen, SBE 43 [mg/l], WS = 2
# name 15 = specc: Specific Conductance [uS/cm]
# name 16 = sbeox1Mg/L: Oxygen, SBE 43, 2 [mg/l], WS = 2
# name 17 = flag: flag
# span 0 =      0.036,     98.875       
# span 1 =   -98.9762,    19.3675       
# span 2 = -3.291e+03, 278.335594       
# span 3 =     0.0000,     0.0366       
# span 4 = 1.0000e-12, 3.4937e+00       
# span 5 =     0.1433,     8.2121       
# span 6 =    12.8345,    96.4807       
# span 7 = 8.4249e-02, 2.3260e+00       
# span 8 = 0.0000e+00, 0.0000e+00       
# span 9 =  0.0413330,  0.0629524       
# span 10 =     4.1132,    19.3570      
# span 11 =   1.963476, 264.948531      
# span 12 =     1.9695,     2.8095      
# span 13 =      0.037,    100.824      
# span 14 =    -3.2874,   275.2070      
# span 15 =  -4126.028,    398.823      
# span 16 =     6.5773,    12.7273      
# span 17 = 0.0000e+00, 0.0000e+00      
# interval = seconds: 0.0416667
# start_time = Sep 27 2023 05:54:00 [NMEA time, header]
# bad_flag = -9.990e-29
*END*
[from data line 12382]
     18.261    19.2657 262.016009     0.0000 1.0000e-12     0.8258    81.3459 1.0989e+00 0.0000e+00  0.0546373    18.9463 262.057267     2.5360     18.621    -2.3071    295.927     9.2848 0.0000e+00
     18.228    19.2569 262.040112     0.0049 1.0000e-12     0.8271    81.3198 1.0073e+00 0.0000e+00  0.0542215    19.0041 262.300698     2.5360     18.587    -2.2923    296.013     9.2715 0.0000e+00
     18.196    19.2553 262.136496     0.0342 1.0000e-12     0.8246    81.3721 9.4139e-01 0.0000e+00  0.0542215    19.0468 262.361531     2.5360     18.555    -2.1572    296.133     9.2610 0.0000e+00
     18.164    19.2613 262.208780     0.0183 1.0000e-12     0.8246    81.3721 9.9634e-01 0.0000e+00  0.0550530    19.0737 262.544122     2.5360     18.522    -2.2191    296.175     9.2537 0.0000e+00
     18.132    19.2687 262.244917     0.0037 1.0000e-12     0.8258    81.3459 1.0330e+00 0.0000e+00  0.0554688    19.0919 262.513669     2.5360     18.489    -2.2852    296.166     9.2489 0.0000e+00
     18.100    19.2787 262.256958     0.0012 1.0000e-12     0.8258    81.3459 1.0293e+00 0.0000e+00  0.0554688    19.1244 262.787564     2.5360     18.457    -2.3028    296.113     9.2418 0.0000e+00
     18.067    19.2880 262.293092     0.0110 1.0000e-12     0.8258    81.3459 1.0842e+00 0.0000e+00  0.0546373    19.1585 262.939713     2.5360     18.423    -2.2638    296.091     9.2342 0.0000e+00
     18.034    19.2954 262.341278     0.0330 1.0000e-12     0.8246    81.3721 1.0659e+00 0.0000e+00  0.0546373    19.1703 262.848393     2.5360     18.390    -2.1594    296.096     9.2312 0.0000e+00
     18.002    19.3001 262.353323     0.0147 1.0000e-12     0.8246    81.3721 1.0147e+00 0.0000e+00  0.0546373    19.1708 262.909265     2.5360     18.357    -2.2335    296.078     9.2299 0.0000e+00
     17.970    19.3018 262.305128     0.0024 1.0000e-12     0.8258    81.3459 1.0183e+00 0.0000e+00  0.0550530    19.1732 262.970135     2.5360     18.324    -2.2914    296.012     9.2290 0.0000e+00
     17.937    19.3019 262.256932     0.0000 1.0000e-12     0.8246    81.3721 1.0073e+00 0.0000e+00  0.0546373    19.1820 262.970126     2.5360     18.291    -2.3095    295.957     9.2268 0.0000e+00
     17.904    19.2994 262.281032     0.0183 1.0000e-12     0.8246    81.3721 9.5238e-01 0.0000e+00  0.0538058    19.1833 262.848381     2.5372     18.257    -2.2304    296.001     9.2319 0.0000e+00
     17.871    19.2970 262.244886     0.0317 1.0000e-12     0.8246    81.3721 9.0110e-01 0.0000e+00  0.0542215    19.1740 262.878822     2.5372     18.223    -2.1629    295.977     9.2330 0.0000e+00
     17.839    19.2950 262.293081     0.0110 1.0000e-12     0.8246    81.3721 8.6447e-01 0.0000e+00  0.0546373    19.1577 262.878836     2.5372     18.191    -2.2499    296.044     9.2364 0.0000e+00
     17.809    19.2940 262.244888     0.0024 1.0000e-12     0.8246    81.3721 8.6081e-01 0.0000e+00  0.0550530    19.1477 262.757100     2.5372     18.160    -2.2926    295.997     9.2385 0.0000e+00
     17.777    19.2951 262.244887     0.0012 1.0000e-12     0.8258    81.3459 9.1209e-01 0.0000e+00  0.0546373    19.1500 262.604918     2.5372     18.127    -2.3049    295.989     9.2382 0.0000e+00
     17.745    19.2950 262.256933     0.0256 1.0000e-12     0.8246    81.3721 9.2308e-01 0.0000e+00  0.0546373    19.1517 262.757094     2.5372     18.095    -2.1963    296.004     9.2375 0.0000e+00
     17.714    19.2938 262.256934     0.0281 1.0000e-12     0.8246    81.3721 8.6813e-01 0.0000e+00  0.0542215    19.1592 262.726652     2.5372     18.063    -2.1761    296.012     9.2358 0.0000e+00
     17.683    19.2908 262.256937     0.0085 1.0000e-12     0.8246    81.3721 8.1319e-01 0.0000e+00  0.0542215    19.1669 262.817953     2.5372     18.032    -2.2606    296.032     9.2339 0.0000e+00
     17.650    19.2840 262.160555     0.0012 1.0000e-12     0.8246    81.3721 7.8755e-01 0.0000e+00  0.0542215    19.1701 262.939693     2.5372     17.998    -2.2989    295.968     9.2329 0.0000e+00
     17.617    19.2703 262.088277     0.0012 1.0000e-12     0.8246    81.3721 7.8388e-01 0.0000e+00  0.0546373    19.1697 263.031001     2.5372     17.964    -2.3065    295.978     9.2326 0.0000e+00
     17.585    19.2585 262.003950     0.0305 1.0000e-12     0.8258    81.3459 7.9121e-01 0.0000e+00  0.0550530    19.1726 262.970125     2.5360     17.932    -2.1738    295.962     9.2261 0.0000e+00
     17.554    19.2529 262.124434     0.0232 1.0000e-12     0.8271    81.3198 8.0220e-01 0.0000e+00  0.0554688    19.1756 263.000558     2.5372     17.900    -2.1976    296.135     9.2301 0.0000e+00
     17.523    19.2534 262.136482     0.0061 1.0000e-12     0.8271    81.3198 8.7179e-01 0.0000e+00  0.0550530    19.1671 262.787512     2.5372     17.868    -2.2732    296.146     9.2309 0.0000e+00
     17.492    19.2578 262.148525     0.0012 1.0000e-12     0.8284    81.2937 1.0293e+00 0.0000e+00  0.0542215    19.1473 262.696220     2.5372     17.837    -2.3011    296.130     9.2338 0.0000e+00
     17.461    19.2631 262.208761     0.0037 1.0000e-12     0.8271    81.3198 1.1026e+00 0.0000e+00  0.0542215    19.1348 262.787538     2.5385     17.805    -2.2967    296.162     9.2412 0.0000e+00
     17.429    19.2700 262.293091     0.0342 1.0000e-12     0.8284    81.2937 1.0879e+00 0.0000e+00  0.0542215    19.1373 262.726662     2.5385     17.773    -2.1563    296.212     9.2399 0.0000e+00
     17.397    19.2771 262.268989     0.0195 1.0000e-12     0.8271    81.3198 1.0549e+00 0.0000e+00  0.0546373    19.1341 262.604923     2.5372     17.740    -2.2133    296.137     9.2332 0.0000e+00
     17.365    19.2837 262.232837     0.0049 1.0000e-12     0.8284    81.2937 1.0330e+00 0.0000e+00  0.0546373    19.1198 262.574498     2.5385     17.707    -2.2793    296.052     9.2406 0.0000e+00
     17.333    19.2900 262.293072     0.0000 1.0000e-12     0.8271    81.3198 1.0293e+00 0.0000e+00  0.0546373    19.0856 262.483219     2.5385     17.675    -2.3079    296.078     9.2458 0.0000e+00
     17.301    19.2946 262.317165     0.0085 1.0000e-12     0.8271    81.3198 1.0549e+00 0.0000e+00  0.0542215    19.0674 262.422363     2.5385     17.642    -2.2744    296.074     9.2480 0.0000e+00
     17.269    19.2968 262.281017     0.0330 1.0000e-12     0.8271    81.3198 1.0513e+00 0.0000e+00  0.0546373    19.0692 262.361490     2.5385     17.609    -2.1595    296.019     9.2465 0.0000e+00
     17.238    19.2974 262.305111     0.0159 1.0000e-12     0.8284    81.2937 1.0330e+00 0.0000e+00  0.0542215    19.0850 262.513652     2.5372     17.578    -2.2289    296.042     9.2359 0.0000e+00
     17.207    19.2978 262.244871     0.0024 1.0000e-12     0.8271    81.3198 1.0476e+00 0.0000e+00  0.0542215    19.1059 262.574507     2.5385     17.546    -2.2918    295.971     9.2362 0.0000e+00
     17.176    19.2981 262.317158     0.0000 1.0000e-12     0.8271    81.3198 1.0879e+00 0.0000e+00  0.0542215    19.1217 262.574490     2.5385     17.515    -2.3099    296.051     9.2316 0.0000e+00
     17.145    19.2936 262.208727     0.0171 1.0000e-12     0.8271    81.3198 1.0476e+00 0.0000e+00  0.0550530    19.1270 262.665793     2.5385     17.483    -2.2359    295.958     9.2286 0.0000e+00
     17.114    19.2860 262.184637     0.0317 1.0000e-12     0.8271    81.3198 9.9267e-01 0.0000e+00  0.0554688    19.1209 262.665798     2.5372     17.451    -2.1640    295.982     9.2224 0.0000e+00
     17.083    19.2757 262.160547     0.0122 1.0000e-12     0.8284    81.2937 1.0073e+00 0.0000e+00  0.0550530    19.1134 262.574495     2.5385     17.420    -2.2462    296.024     9.2284 0.0000e+00
     17.052    19.2714 262.208744     0.0024 1.0000e-12     0.8284    81.2937 1.0403e+00 0.0000e+00  0.0554688    19.1053 262.544067     2.5385     17.388    -2.2943    296.107     9.2286 0.0000e+00
     17.020    19.2737 262.232837     0.0012 1.0000e-12     0.8271    81.3198 1.0952e+00 0.0000e+00  0.0550530    19.0961 262.513638     2.5385     17.356    -2.3066    296.119     9.2290 0.0000e+00
     16.988    19.2776 262.268977     0.0244 1.0000e-12     0.8284    81.2937 1.1795e+00 0.0000e+00  0.0554688    19.0895 262.422336     2.5372     17.323    -2.2023    296.133     9.2232 0.0000e+00
     16.957    19.2809 262.256926     0.0281 1.0000e-12     0.8271    81.3198 1.1758e+00 0.0000e+00  0.0554688    19.0835 262.361470     2.5372     17.291    -2.1773    296.098     9.2227 0.0000e+00
     16.925    19.2852 262.293066     0.0085 1.0000e-12     0.8271    81.3198 1.1172e+00 0.0000e+00  0.0558845    19.0723 262.361478     2.5372     17.259    -2.2615    296.110     9.2234 0.0000e+00
     16.894    19.2884 262.293063     0.0012 1.0000e-12     0.8258    81.3459 1.0806e+00 0.0000e+00  0.0558845    19.0636 262.300614     2.5372     17.227    -2.2990    296.088     9.2236 0.0000e+00
     16.863    19.2911 262.281011     0.0024 1.0000e-12     0.8258    81.3459 1.0476e+00 0.0000e+00  0.0554688    19.0665 262.270175     2.5372     17.195    -2.3005    296.057     9.2217 0.0000e+00
     16.833    19.2929 262.305106     0.0317 1.0000e-12     0.8258    81.3459 1.0879e+00 0.0000e+00  0.0550530    19.0650 262.331047     2.5372     17.165    -2.1672    296.072     9.2208 0.0000e+00
     16.803    19.2932 262.220767     0.0232 1.0000e-12     0.8258    81.3459 1.1758e+00 0.0000e+00  0.0546373    19.0466 262.270191     2.5360     17.134    -2.1968    295.975     9.2172 0.0000e+00
     16.772    19.2917 262.232816     0.0061 1.0000e-12     0.8258    81.3459 1.1795e+00 0.0000e+00  0.0550530    19.0294 262.209335     2.5360     17.103    -2.2724    295.998     9.2194 0.0000e+00
     16.740    19.2872 262.256915     0.0012 1.0000e-12     0.8258    81.3459 1.1026e+00 0.0000e+00  0.0558845    19.0158 262.148475     2.5360     17.070    -2.3003    296.056     9.2210 0.0000e+00
     16.708    19.2809 262.256920     0.0037 1.0000e-12     0.8258    81.3459 1.0293e+00 0.0000e+00  0.0554688    19.0085 262.148481     2.5360     17.037    -2.2952    296.098     9.2215 0.0000e+00
     16.675    19.2750 262.256924     0.0342 1.0000e-12     0.8271    81.3198 9.5971e-01 0.0000e+00  0.0550530    18.9991 262.087618     2.5360     17.004    -2.1558    296.137     9.2230 0.0000e+00
     16.643    19.2707 262.136444     0.0183 1.0000e-12     0.8258    81.3459 8.9377e-01 0.0000e+00  0.0550530    18.9912 261.996318     2.5348     16.971    -2.2190    296.030     9.2188 0.0000e+00
     16.610    19.2693 262.076205     0.0037 1.0000e-12     0.8271    81.3198 8.6813e-01 0.0000e+00  0.0550530    19.0050 262.148482     2.5348     16.937    -2.2854    295.971     9.2157 0.0000e+00
     16.578    19.2637 262.028016     0.0000 1.0000e-12     0.8246    81.3721 8.9744e-01 0.0000e+00  0.0554688    19.0427 262.300624     2.5348     16.905    -2.3083    295.954     9.2081 0.0000e+00
     16.546    19.2553 262.088263     0.0098 1.0000e-12     0.8258    81.3459 8.8278e-01 0.0000e+00  0.0554688    19.0466 262.270185     2.5348     16.872    -2.2685    296.079     9.2076 0.0000e+00
     16.513    19.2442 262.040079     0.0330 1.0000e-12     0.8258    81.3459 8.8278e-01 0.0000e+00  0.0554688    19.0351 262.391934     2.5348     16.839    -2.1611    296.098     9.2100 0.0000e+00
     16.482    19.2353 261.979847     0.0147 1.0000e-12     0.8258    81.3459 9.2308e-01 0.0000e+00  0.0554688    19.0247 262.270202     2.5336     16.807    -2.2371    296.090     9.2064 0.0000e+00
     16.450    19.2348 262.064182     0.0024 1.0000e-12     0.8258    81.3459 9.7070e-01 0.0000e+00  0.0550530    19.0203 262.209334     2.5336     16.774    -2.2944    296.189     9.2068 0.0000e+00
     16.417    19.2423 262.124414     0.0000 1.0000e-12     0.8258    81.3459 9.4505e-01 0.0000e+00  0.0550530    19.0250 262.209329     2.5336     16.741    -2.3121    296.206     9.2061 0.0000e+00
     16.385    19.2508 262.136455     0.0195 1.0000e-12     0.8258    81.3459 9.0476e-01 0.0000e+00  0.0550530    19.0205 262.148462     2.5324     16.708    -2.2252    296.163     9.2014 0.0000e+00
     16.353    19.2611 262.160543     0.0305 1.0000e-12     0.8258    81.3459 8.8645e-01 0.0000e+00  0.0554688    19.0120 262.026730     2.5324     16.675    -2.1698    296.121     9.2030 0.0000e+00
     16.319    19.2679 262.256921     0.0110 1.0000e-12     0.8258    81.3459 9.0476e-01 0.0000e+00  0.0554688    18.9721 261.691980     2.5324     16.641    -2.2520    296.185     9.2102 0.0000e+00
     16.285    19.2701 262.256918     0.0012 1.0000e-12     0.8297    81.2675 8.9744e-01 0.0000e+00  0.0554688    18.9265 261.600715     2.5324     16.606    -2.2995    296.170     9.2187 0.0000e+00
     16.252    19.2708 262.184627     0.0012 1.0000e-12     0.8323    81.2152 8.9744e-01 0.0000e+00  0.0554688    18.8836 261.326843     2.5324     16.572    -2.3064    296.084     9.2268 0.0000e+00
     16.220    19.2748 262.244866     0.0269 1.0000e-12     0.8336    81.1891 9.1575e-01 0.0000e+00  0.0550530    18.8485 261.266006     2.5324     16.540    -2.1895    296.125     9.2337 0.0000e+00
     16.186    19.2794 262.208714     0.0269 1.0000e-12     0.8336    81.1891 8.9744e-01 0.0000e+00  0.0554688    18.8319 261.357319     2.5311     16.505    -2.1829    296.053     9.2307 0.0000e+00
     16.151    19.2790 262.124378     0.0073 1.0000e-12     0.8323    81.2152 8.4615e-01 0.0000e+00  0.0554688    18.8347 261.205147     2.5311     16.469    -2.2681    295.961     9.2298 0.0000e+00
     16.118    19.2776 262.172569     0.0012 1.0000e-12     0.8323    81.2152 8.1319e-01 0.0000e+00  0.0554688    18.8352 261.052976     2.5311     16.436    -2.3004    296.025     9.2295 0.0000e+00
     16.085    19.2707 262.124383     0.0024 1.0000e-12     0.8323    81.2152 8.4249e-01 0.0000e+00  0.0550530    18.8205 261.022556     2.5311     16.402    -2.3011    296.016     9.2322 0.0000e+00
     16.053    19.2641 262.076195     0.0330 1.0000e-12     0.8323    81.2152 9.3407e-01 0.0000e+00  0.0550530    18.8017 261.144305     2.5311     16.370    -2.1616    296.006     9.2353 0.0000e+00
     16.019    19.2602 262.003910     0.0220 1.0000e-12     0.8336    81.1891 9.6703e-01 0.0000e+00  0.0550530    18.7913 261.174748     2.5311     16.335    -2.2037    295.950     9.2371 0.0000e+00
     15.986    19.2484 261.991870     0.0049 1.0000e-12     0.8323    81.2152 9.3040e-01 0.0000e+00  0.0550530    18.7860 260.931281     2.5311     16.301    -2.2802    296.016     9.2376 0.0000e+00
     15.953    19.2360 261.967786     0.0012 1.0000e-12     0.8323    81.2152 9.0110e-01 0.0000e+00  0.0554688    18.7699 260.809563     2.5311     16.268    -2.3030    296.072     9.2404 0.0000e+00
     15.919    19.2266 261.859362     0.0061 1.0000e-12     0.8310    81.2414 8.8645e-01 0.0000e+00  0.0554688    18.7436 260.505253     2.5311     16.233    -2.2846    296.012     9.2452 0.0000e+00
     15.885    19.2160 261.835273     0.0342 1.0000e-12     0.8323    81.2152 8.6447e-01 0.0000e+00  0.0550530    18.7237 260.505268     2.5311     16.198    -2.1568    296.056     9.2490 0.0000e+00
     15.851    19.2195 261.895510     0.0171 1.0000e-12     0.8336    81.1891 8.3883e-01 0.0000e+00  0.0554688    18.7061 260.566149     2.5311     16.164    -2.2266    296.100     9.2525 0.0000e+00
     15.817    19.2214 261.991890     0.0024 1.0000e-12     0.8323    81.2152 8.5348e-01 0.0000e+00  0.0554688    18.7090 260.566146     2.5311     16.129    -2.2937    296.197     9.2519 0.0000e+00
     15.783    19.2261 262.076220     0.0012 1.0000e-12     0.8336    81.1891 8.5348e-01 0.0000e+00  0.0550530    18.7039 260.687880     2.5299     16.094    -2.3053    296.260     9.2474 0.0000e+00
     15.750    19.2385 262.100306     0.0147 1.0000e-12     0.8323    81.2152 8.3150e-01 0.0000e+00  0.0554688    18.7048 260.596581     2.5311     16.061    -2.2449    296.205     9.2529 0.0000e+00
     15.716    19.2485 262.148490     0.0317 1.0000e-12     0.8323    81.2152 8.3150e-01 0.0000e+00  0.0554688    18.6991 260.596585     2.5311     16.026    -2.1654    296.192     9.2544 0.0000e+00
