data/05_metadata_exports/SeabirdData/202310_SeabirdData/88763_STN27-NIGHT.cnv
* Sea-Bird SBE 9 Data File:
* FileName = C:\Users\rosette\Rosette Data\2023\Ontario lower food web csmi\STN27.hex
* Software Version Seasave V 7.26.6.26
* Temperature SN = 5270
* Conductivity SN = 1168
* Number of Bytes Per Scan = 40
* Number of Voltage Words = 5
* Number of Scans Averaged by the Deck Unit = 1
* NMEA Latitude = 43 41.39 N
* NMEA Longitude = 078 49.60 W
* NMEA UTC (Time) = Sep 27 2023  05:54:00
* NMEA baud rate = 4800
** Ship: Lake Guardian
** Cruise: Ontario Lower Food Web 2023
** Station:  STN27
# nquan = 18                                
# nvalues = 13125                       
# units = specified
# name 0 = prDM: Pressure, Digiquartz [db]
# name 1 = t090C: Temperature [ITS-90, deg C]
# name 2 = c0uS/cm: Conductivity [uS/cm]
# name 3 = sbeox0V: Oxygen raw, SBE 43 [V]
# name 4 = par: PAR/Irradiance, Biospherical/Licor
# name 5 = bat: Beam Attenuation, Chelsea/Seatech [1/m]
# name 6 = xmiss: Beam Transmission, Chelsea/Seatech [%]
# name 7 = flSP: Fluorescence, Seapoint
# name 8 = spar: SPAR, Biospherical/Licor
# name 9 = upoly0: Upoly 0, Suna Nitrate
# name 10 = t190C: Temperature, 2 [ITS-90, deg C]
# name 11 = c1uS/cm: Conductivity, 2 [uS/cm]
# name 12 = sbeox1V: Oxygen raw, SBE 43, 2 [V]
# name 13 = depFM: Depth [fresh water, m], lat = 43.6898
# name 14 = sbeox0Mg/L: Oxygen, SBE 43 [mg/l], WS = 2
# name 15 = specc: Specific Conductance [uS/cm]
# name 16 = sbeox1Mg/L: Oxygen, SBE 43, 2 [mg/l], WS = 2
# name 17 = flag: flag
# span 0 =      0.036,     98.875       
# span 1 =   -98.9762,    19.3675       
# span 2 = -3.291e+03, 278.335594       
# span 3 =     0.0000,     0.0366       
# span 4 = 1.0000e-12, 3.4937e+00       
# span 5 =     0.1433,     8.2121       
# span 6 =    12.8345,    96.4807       
# span 7 = 8.4249e-02, 2.3260e+00       
# span 8 = 0.0000e+00, 0.0000e+00       
# span 9 =  0.0413330,  0.0629524       
# span 10 =     4.1132,    19.3570      
# span 11 =   1.963476, 264.948531      
# span 12 =     1.9695,     2.8095      
# span 13 =      0.037,    100.824      
# span 14 =    -3.2874,   275.2070      
# span 15 =  -4126.028,    398.823      
# span 16 =     6.5773,    12.7273      
# span 17 = 0.0000e+00, 0.0000e+00      
# interval = seconds: 0.0416667
# start_time = Sep 27 2023 05:54:00 [NMEA time, header]
# bad_flag = -9.990e-29
*END*
[from data line 10935]
     64.918     4.3067 185.006654     0.0330 1.0000e-12     0.2766    93.3178 1.2454e-01 0.0000e+00  0.0558845     4.3122 185.992303     2.3443     66.198    -3.1181    315.628    12.0709 0.0000e+00
     64.884     4.3073 185.018596     0.0183 1.0000e-12     0.2766    93.3178 1.2454e-01 0.0000e+00  0.0558845     4.3139 186.022631     2.3443     66.163    -3.2148    315.642    12.0691 0.0000e+00
     64.851     4.3078 184.970825     0.0122 1.0000e-12     0.2766    93.3178 1.2454e-01 0.0000e+00  0.0554688     4.3166 186.113616     2.3443     66.130    -3.2474    315.555    12.0654 0.0000e+00
     64.817     4.3075 184.982768     0.0330 1.0000e-12     0.2766    93.3178 1.2821e-01 0.0000e+00  0.0554688     4.3174 186.143945     2.3443     66.095    -3.1170    315.578    12.0646 0.0000e+00
     64.783     4.3069 184.958882     0.0147 1.0000e-12     0.2766    93.3178 1.2821e-01 0.0000e+00  0.0554688     4.3176 186.174273     2.3443     66.060    -3.2348    315.544    12.0637 0.0000e+00
     64.750     4.3064 184.958882     0.0171 1.0000e-12     0.2766    93.3178 1.3553e-01 0.0000e+00  0.0554688     4.3172 186.204602     2.3455     66.027    -3.2117    315.549    12.0706 0.0000e+00
     64.718     4.3072 184.958881     0.0305 1.0000e-12     0.2766    93.3178 1.3553e-01 0.0000e+00  0.0554688     4.3185 186.265260     2.3455     65.994    -3.1333    315.541    12.0688 0.0000e+00
     64.686     4.3089 185.006649     0.0110 1.0000e-12     0.2766    93.3178 1.3553e-01 0.0000e+00  0.0558845     4.3194 186.295588     2.3455     65.961    -3.2586    315.604    12.0667 0.0000e+00
     64.655     4.3110 184.994705     0.0244 1.0000e-12     0.2766    93.3178 1.3553e-01 0.0000e+00  0.0558845     4.3188 186.234929     2.3455     65.930    -3.1646    315.561    12.0649 0.0000e+00
     64.624     4.3138 185.078299     0.0269 1.0000e-12     0.2755    93.3439 1.3187e-01 0.0000e+00  0.0558845     4.3171 186.143940     2.3455     65.898    -3.1571    315.673    12.0631 0.0000e+00
     64.596     4.3161 185.066357     0.0085 1.0000e-12     0.2755    93.3439 1.2454e-01 0.0000e+00  0.0554688     4.3169 186.143942     2.3455     65.870    -3.2741    315.628    12.0618 0.0000e+00
     64.566     4.3179 185.030527     0.0293 1.0000e-12     0.2766    93.3178 1.2088e-01 0.0000e+00  0.0554688     4.3189 186.143939     2.3455     65.839    -3.1334    315.548    12.0595 0.0000e+00
     64.535     4.3182 185.066354     0.0232 1.0000e-12     0.2766    93.3178 1.2454e-01 0.0000e+00  0.0554688     4.3193 186.204597     2.3455     65.807    -3.1792    315.606    12.0574 0.0000e+00
     64.504     4.3190 185.006640     0.0073 1.0000e-12     0.2755    93.3439 1.3187e-01 0.0000e+00  0.0558845     4.3196 186.143937     2.3468     65.776    -3.2792    315.495    12.0637 0.0000e+00
     64.473     4.3195 184.994697     0.0330 1.0000e-12     0.2733    93.3962 1.3919e-01 0.0000e+00  0.0554688     4.3196 186.143937     2.3468     65.744    -3.1128    315.469    12.0625 0.0000e+00
     64.442     4.3198 185.030523     0.0195 1.0000e-12     0.2744    93.3701 1.3553e-01 0.0000e+00  0.0554688     4.3184 186.022620     2.3468     65.713    -3.2040    315.527    12.0616 0.0000e+00
     64.411     4.3198 184.946925     0.0098 1.0000e-12     0.2733    93.3962 1.2821e-01 0.0000e+00  0.0558845     4.3180 186.083278     2.3468     65.681    -3.2608    315.385    12.0602 0.0000e+00
     64.383     4.3201 185.018580     0.0330 1.0000e-12     0.2733    93.3962 1.2454e-01 0.0000e+00  0.0558845     4.3160 186.204596     2.3468     65.652    -3.1127    315.504    12.0591 0.0000e+00
     64.354     4.3200 185.018580     0.0159 1.0000e-12     0.2733    93.3962 1.2088e-01 0.0000e+00  0.0554688     4.3093 186.234930     2.3468     65.623    -3.2248    315.505    12.0594 0.0000e+00
     64.325     4.3191 185.054407     0.0147 1.0000e-12     0.2744    93.3701 1.2454e-01 0.0000e+00  0.0554688     4.3074 186.265259     2.3468     65.593    -3.2249    315.576    12.0592 0.0000e+00
     64.295     4.3177 185.030522     0.0317 1.0000e-12     0.2744    93.3701 1.2821e-01 0.0000e+00  0.0558845     4.3104 186.052952     2.3468     65.563    -3.1224    315.550    12.0571 0.0000e+00
     64.264     4.3176 185.042464     0.0122 1.0000e-12     0.2733    93.3962 1.3187e-01 0.0000e+00  0.0558845     4.3122 186.083279     2.3480     65.531    -3.2490    315.571    12.0631 0.0000e+00
     64.233     4.3179 185.054405     0.0208 1.0000e-12     0.2733    93.3962 1.3187e-01 0.0000e+00  0.0558845     4.3143 186.143935     2.3480     65.499    -3.1847    315.589    12.0610 0.0000e+00
     64.204     4.3180 185.054405     0.0293 1.0000e-12     0.2733    93.3962 1.3187e-01 0.0000e+00  0.0558845     4.3133 186.143936     2.3480     65.470    -3.1388    315.587    12.0598 0.0000e+00
     64.176     4.3181 185.018577     0.0098 1.0000e-12     0.2733    93.3962 1.3187e-01 0.0000e+00  0.0558845     4.3125 186.143935     2.3468     65.441    -3.2631    315.525    12.0505 0.0000e+00
     64.149     4.3180 185.054404     0.0269 1.0000e-12     0.2733    93.3962 1.5385e-01 0.0000e+00  0.0558845     4.3139 186.083276     2.3480     65.414    -3.1454    315.587    12.0561 0.0000e+00
     64.123     4.3175 185.030520     0.0269 1.0000e-12     0.2733    93.3962 1.6484e-01 0.0000e+00  0.0558845     4.3098 186.052949     2.3468     65.387    -3.1544    315.552    12.0476 0.0000e+00
     64.095     4.3181 185.042461     0.0085 1.0000e-12     0.2744    93.3701 1.5751e-01 0.0000e+00  0.0558845     4.3074 186.052950     2.3480     65.359    -3.2693    315.566    12.0529 0.0000e+00
     64.068     4.3196 185.006631     0.0317 1.0000e-12     0.2744    93.3701 1.4652e-01 0.0000e+00  0.0558845     4.3055 186.113608     2.3480     65.331    -3.1156    315.489    12.0500 0.0000e+00
     64.042     4.3204 185.054402     0.0220 1.0000e-12     0.2722    93.4224 1.4286e-01 0.0000e+00  0.0558845     4.3061 186.083280     2.3480     65.305    -3.1846    315.562    12.0462 0.0000e+00
     64.016     4.3216 185.078284     0.0085 1.0000e-12     0.2733    93.3962 1.3919e-01 0.0000e+00  0.0554688     4.3059 186.113607     2.3480     65.278    -3.2658    315.589    12.0438 0.0000e+00
     63.990     4.3223 185.030515     0.0330 1.0000e-12     0.2744    93.3701 1.4652e-01 0.0000e+00  0.0554688     4.3012 186.083282     2.3480     65.252    -3.1083    315.500    12.0429 0.0000e+00
     63.963     4.3228 185.042456     0.0183 1.0000e-12     0.2744    93.3701 1.4286e-01 0.0000e+00  0.0558845     4.2888 186.052959     2.3480     65.224    -3.2084    315.515    12.0446 0.0000e+00
     63.934     4.3236 185.066339     0.0110 1.0000e-12     0.2744    93.3701 1.3919e-01 0.0000e+00  0.0558845     4.2809 185.961975     2.3480     65.195    -3.2465    315.548    12.0447 0.0000e+00
     63.906     4.3242 185.078281     0.0330 1.0000e-12     0.2755    93.3439 1.4286e-01 0.0000e+00  0.0558845     4.2826 185.992303     2.3480     65.166    -3.1106    315.561    12.0401 0.0000e+00
     63.878     4.3244 185.006625     0.0147 1.0000e-12     0.2766    93.3178 1.5385e-01 0.0000e+00  0.0554688     4.2830 186.052960     2.3480     65.137    -3.2317    315.437    12.0373 0.0000e+00
     63.851     4.3246 185.030510     0.0171 1.0000e-12     0.2778    93.2917 1.4652e-01 0.0000e+00  0.0554688     4.2904 186.022627     2.3480     65.110    -3.2063    315.476    12.0306 0.0000e+00
     63.824     4.3252 185.078279     0.0305 1.0000e-12     0.2778    93.2917 1.3919e-01 0.0000e+00  0.0554688     4.3034 186.022618     2.3480     65.082    -3.1303    315.551    12.0221 0.0000e+00
     63.798     4.3250 185.102164     0.0110 1.0000e-12     0.2766    93.3178 1.4286e-01 0.0000e+00  0.0558845     4.3122 186.052942     2.3480     65.056    -3.2568    315.594    12.0165 0.0000e+00
     63.772     4.3257 185.078279     0.0232 1.0000e-12     0.2778    93.2917 1.5018e-01 0.0000e+00  0.0558845     4.3190 186.174255     2.3480     65.029    -3.1684    315.545    12.0115 0.0000e+00
     63.744     4.3255 185.114105     0.0281 1.0000e-12     0.2778    93.2917 1.4652e-01 0.0000e+00  0.0558845     4.3195 186.143924     2.3480     65.001    -3.1482    315.609    12.0088 0.0000e+00
     63.716     4.3255 185.114104     0.0098 1.0000e-12     0.2778    93.2917 1.4652e-01 0.0000e+00  0.0554688     4.3219 186.204580     2.3480     64.972    -3.2636    315.609    12.0055 0.0000e+00
     63.690     4.3258 185.090219     0.0293 1.0000e-12     0.2766    93.3178 1.4652e-01 0.0000e+00  0.0554688     4.3216 186.143922     2.3480     64.946    -3.1316    315.565    12.0031 0.0000e+00
     63.664     4.3269 185.102161     0.0244 1.0000e-12     0.2766    93.3178 1.4286e-01 0.0000e+00  0.0558845     4.3206 186.143922     2.3480     64.919    -3.1731    315.573    12.0011 0.0000e+00
     63.638     4.3276 185.078274     0.0073 1.0000e-12     0.2766    93.3178 1.3919e-01 0.0000e+00  0.0558845     4.3145 186.083267     2.3480     64.893    -3.2775    315.525    11.9996 0.0000e+00
     63.611     4.3280 185.149930     0.0317 1.0000e-12     0.2766    93.3178 1.3919e-01 0.0000e+00  0.0554688     4.3098 186.113599     2.3480     64.865    -3.1175    315.643    11.9977 0.0000e+00
     63.583     4.3280 185.054388     0.0208 1.0000e-12     0.2778    93.2917 1.4286e-01 0.0000e+00  0.0554688     4.3010 186.143932     2.3480     64.837    -3.1955    315.480    11.9986 0.0000e+00
     63.557     4.3266 185.090216     0.0098 1.0000e-12     0.2778    93.2917 1.5018e-01 0.0000e+00  0.0558845     4.2942 186.052948     2.3480     64.810    -3.2588    315.556    11.9991 0.0000e+00
     63.530     4.3257 185.042448     0.0342 1.0000e-12     0.2766    93.3178 1.6117e-01 0.0000e+00  0.0558845     4.3007 186.174263     2.3480     64.783    -3.1045    315.484    11.9951 0.0000e+00
     63.502     4.3253 185.054388     0.0171 1.0000e-12     0.2766    93.3178 1.7582e-01 0.0000e+00  0.0558845     4.3112 186.143924     2.3480     64.754    -3.2202    315.509    11.9899 0.0000e+00
     63.473     4.3252 185.078273     0.0134 1.0000e-12     0.2766    93.3178 1.8315e-01 0.0000e+00  0.0558845     4.3184 186.204578     2.3480     64.724    -3.2330    315.551    11.9872 0.0000e+00
     63.446     4.3259 185.054387     0.0330 1.0000e-12     0.2778    93.2917 1.6850e-01 0.0000e+00  0.0558845     4.3227 186.143917     2.3468     64.697    -3.1138    315.502    11.9751 0.0000e+00
     63.417     4.3259 185.078272     0.0134 1.0000e-12     0.2778    93.2917 1.6117e-01 0.0000e+00  0.0558845     4.3252 186.325892     2.3468     64.667    -3.2422    315.543    11.9730 0.0000e+00
     63.387     4.3266 185.078270     0.0195 1.0000e-12     0.2789    93.2655 1.6484e-01 0.0000e+00  0.0558845     4.3269 186.265230     2.3468     64.637    -3.1908    315.536    11.9712 0.0000e+00
     63.357     4.3269 185.102156     0.0305 1.0000e-12     0.2789    93.2655 1.6850e-01 0.0000e+00  0.0558845     4.3274 186.265231     2.3468     64.606    -3.1313    315.573    11.9701 0.0000e+00
     63.327     4.3277 185.078269     0.0110 1.0000e-12     0.2800    93.2394 1.6117e-01 0.0000e+00  0.0554688     4.3282 186.174241     2.3468     64.576    -3.2567    315.524    11.9690 0.0000e+00
     63.295     4.3283 185.078268     0.0244 1.0000e-12     0.2789    93.2655 1.5018e-01 0.0000e+00  0.0554688     4.3285 186.204569     2.3468     64.543    -3.1606    315.517    11.9682 0.0000e+00
     63.263     4.3301 185.126037     0.0269 1.0000e-12     0.2789    93.2655 1.4652e-01 0.0000e+00  0.0558845     4.3276 186.234899     2.3468     64.510    -3.1556    315.579    11.9679 0.0000e+00
     63.231     4.3312 185.137978     0.0085 1.0000e-12     0.2800    93.2394 1.3919e-01 0.0000e+00  0.0563003     4.3274 186.265228     2.3455     64.478    -3.2705    315.588    11.9591 0.0000e+00
     63.199     4.3318 185.114091     0.0293 1.0000e-12     0.2789    93.2655 1.4286e-01 0.0000e+00  0.0558845     4.3247 186.295558     2.3468     64.445    -3.1302    315.541    11.9684 0.0000e+00
     63.168     4.3323 185.126034     0.0232 1.0000e-12     0.2800    93.2394 1.4652e-01 0.0000e+00  0.0550530     4.3257 186.204569     2.3455     64.413    -3.1796    315.556    11.9595 0.0000e+00
     63.138     4.3322 185.114090     0.0073 1.0000e-12     0.2800    93.2394 1.5018e-01 0.0000e+00  0.0550530     4.3285 186.113578     2.3455     64.383    -3.2753    315.536    11.9586 0.0000e+00
     63.108     4.3322 185.090206     0.0330 1.0000e-12     0.2800    93.2394 1.5018e-01 0.0000e+00  0.0558845     4.3306 186.174236     2.3455     64.352    -3.1093    315.496    11.9582 0.0000e+00
     63.077     4.3330 185.102146     0.0195 1.0000e-12     0.2789    93.2655 1.4652e-01 0.0000e+00  0.0558845     4.3330 186.143904     2.3455     64.321    -3.2051    315.507    11.9578 0.0000e+00
     63.046     4.3339 185.114088     0.0098 1.0000e-12     0.2789    93.2655 1.5018e-01 0.0000e+00  0.0558845     4.3354 186.204561     2.3455     64.289    -3.2575    315.518    11.9576 0.0000e+00
     63.013     4.3349 185.114088     0.0342 1.0000e-12     0.2800    93.2394 1.5385e-01 0.0000e+00  0.0554688     4.3368 186.234889     2.3455     64.255    -3.1041    315.507    11.9579 0.0000e+00
     62.979     4.3345 185.126029     0.0159 1.0000e-12     0.2800    93.2394 1.5385e-01 0.0000e+00  0.0558845     4.3386 186.325876     2.3455     64.221    -3.2263    315.532    11.9582 0.0000e+00
     62.943     4.3338 185.114086     0.0147 1.0000e-12     0.2800    93.2394 1.5751e-01 0.0000e+00  0.0558845     4.3392 186.265215     2.3455     64.184    -3.2209    315.519    11.9590 0.0000e+00
     62.907     4.3328 185.114086     0.0330 1.0000e-12     0.2800    93.2394 1.5385e-01 0.0000e+00  0.0563003     4.3403 186.386532     2.3443     64.147    -3.1125    315.530    11.9520 0.0000e+00
     62.872     4.3326 185.078258     0.0134 1.0000e-12     0.2800    93.2394 1.5018e-01 0.0000e+00  0.0558845     4.3409 186.325872     2.3443     64.112    -3.2432    315.471    11.9532 0.0000e+00
     62.837     4.3330 185.078257     0.0208 1.0000e-12     0.2789    93.2655 1.4652e-01 0.0000e+00  0.0554688     4.3400 186.234883     2.3443     64.076    -3.1836    315.467    11.9538 0.0000e+00
     62.803     4.3339 185.149911     0.0293 1.0000e-12     0.2800    93.2394 1.7216e-01 0.0000e+00  0.0554688     4.3392 186.204553     2.3443     64.041    -3.1402    315.579    11.9546 0.0000e+00
     62.771     4.3352 185.185739     0.0098 1.0000e-12     0.2800    93.2394 1.9414e-01 0.0000e+00  0.0554688     4.3378 186.265214     2.3443     64.009    -3.2644    315.626    11.9558 0.0000e+00
     62.736     4.3360 185.185738     0.0256 1.0000e-12     0.2811    93.2132 1.8315e-01 0.0000e+00  0.0558845     4.3386 186.234883     2.3455     63.973    -3.1518    315.618    11.9643 0.0000e+00
     62.700     4.3368 185.102137     0.0269 1.0000e-12     0.2822    93.1871 1.6850e-01 0.0000e+00  0.0558845     4.3390 186.234881     2.3455     63.936    -3.1558    315.467    11.9653 0.0000e+00
     62.665     4.3381 185.102137     0.0073 1.0000e-12     0.2834    93.1610 1.5751e-01 0.0000e+00  0.0558845     4.3405 186.265211     2.3443     63.901    -3.2762    315.453    11.9583 0.0000e+00
     62.630     4.3392 185.149904     0.0305 1.0000e-12     0.2834    93.1610 1.5018e-01 0.0000e+00  0.0558845     4.3406 186.295537     2.3443     63.865    -3.1205    315.522    11.9586 0.0000e+00
     62.597     4.3405 185.173790     0.0232 1.0000e-12     0.2834    93.1610 1.4652e-01 0.0000e+00  0.0558845     4.3402 186.204551     2.3443     63.831    -3.1798    315.549    11.9592 0.0000e+00
     62.563     4.3414 185.197674     0.0073 1.0000e-12     0.2834    93.1610 1.4286e-01 0.0000e+00  0.0558845     4.3397 186.204550     2.3443     63.796    -3.2731    315.580    11.9587 0.0000e+00
     62.527     4.3418 185.149902     0.0330 1.0000e-12     0.2845    93.1348 1.3919e-01 0.0000e+00  0.0554688     4.3376 186.325868     2.3443     63.760    -3.1070    315.494    11.9590 0.0000e+00
