data/05_metadata_exports/SeabirdData/202310_SeabirdData/88763_STN27-NIGHT.cnv
* Sea-Bird SBE 9 Data File:
* FileName = C:\Users\rosette\Rosette Data\2023\Ontario lower food web csmi\STN27.hex
* Software Version Seasave V 7.26.6.26
* Temperature SN = 5270
* Conductivity SN = 1168
* Number of Bytes Per Scan = 40
* Number of Voltage Words = 5
* Number of Scans Averaged by the Deck Unit = 1
* NMEA Latitude = 43 41.39 N
* NMEA Longitude = 078 49.60 W
* NMEA UTC (Time) = Sep 27 2023  05:54:00
* NMEA baud rate = 4800
** Ship: Lake Guardian
** Cruise: Ontario Lower Food Web 2023
** Station:  STN27
# nquan = 18                                
# nvalues = 13125                       
# units = specified
# name 0 = prDM: Pressure, Digiquartz [db]
# name 1 = t090C: Temperature [ITS-90, deg C]
# name 2 = c0uS/cm: Conductivity [uS/cm]
# name 3 = sbeox0V: Oxygen raw, SBE 43 [V]
# name 4 = par: PAR/Irradiance, Biospherical/Licor
# name 5 = bat: Beam Attenuation, Chelsea/Seatech [1/m]
# name 6 = xmiss: Beam Transmission, Chelsea/Seatech [%]
# name 7 = flSP: Fluorescence, Seapoint
# name 8 = spar: SPAR, Biospherical/Licor
# name 9 = upoly0: Upoly 0, Suna Nitrate
# name 10 = t190C: Temperature, 2 [ITS-90, deg C]
# name 11 = c1uS/cm: Conductivity, 2 [uS/cm]
# name 12 = sbeox1V: Oxygen raw, SBE 43, 2 [V]
# name 13 = depFM: Depth [fresh water, m], lat = 43.6898
# name 14 = sbeox0Mg/L: Oxygen, SBE 43 [mg/l], WS = 2
# name 15 = specc: Specific Conductance [uS/cm]
# name 16 = sbeox1Mg/L: Oxygen, SBE 43, 2 [mg/l], WS = 2
# name 17 = flag: flag
# span 0 =      0.036,     98.875       
# span 1 =   -98.9762,    19.3675       
# span 2 = -3.291e+03, 278.335594       
# span 3 =     0.0000,     0.0366       
# span 4 = 1.0000e-12, 3.4937e+00       
# span 5 =     0.1433,     8.2121       
# span 6 =    12.8345,    96.4807       
# span 7 = 8.4249e-02, 2.3260e+00       
# span 8 = 0.0000e+00, 0.0000e+00       
# span 9 =  0.0413330,  0.0629524       
# span 10 =     4.1132,    19.3570      
# span 11 =   1.963476, 264.948531      
# span 12 =     1.9695,     2.8095      
# span 13 =      0.037,    100.824      
# span 14 =    -3.2874,   275.2070      
# span 15 =  -4126.028,    398.823      
# span 16 =     6.5773,    12.7273      
# span 17 = 0.0000e+00, 0.0000e+00      
# interval = seconds: 0.0416667
# start_time = Sep 27 2023 05:54:00 [NMEA time, header]
# bad_flag = -9.990e-29
*END*
[from data line 6915]
     48.847     4.4718 185.710903     0.0232 1.0000e-12     0.3501    91.6187 2.3810e-01 0.0000e+00  0.0563003     4.4728 186.962472     2.2894     49.810    -3.1602    315.054    11.6586 0.0000e+00
     48.866     4.4715 185.722847     0.0305 1.0000e-12     0.3513    91.5926 2.3077e-01 0.0000e+00  0.0563003     4.4722 186.901811     2.2882     49.829    -3.1018    315.077    11.6521 0.0000e+00
     48.886     4.4714 185.710903     0.0269 1.0000e-12     0.3513    91.5926 2.1978e-01 0.0000e+00  0.0563003     4.4717 186.932142     2.2894     49.850    -3.1399    315.058    11.6606 0.0000e+00
     48.906     4.4710 185.746735     0.0269 1.0000e-12     0.3501    91.6187 2.2711e-01 0.0000e+00  0.0563003     4.4714 186.901813     2.2894     49.870    -3.1260    315.123    11.6608 0.0000e+00
     48.926     4.4713 185.758678     0.0293 1.0000e-12     0.3501    91.6187 2.3443e-01 0.0000e+00  0.0567161     4.4716 186.932143     2.2894     49.891    -3.1258    315.140    11.6615 0.0000e+00
     48.946     4.4707 185.734792     0.0232 1.0000e-12     0.3513    91.5926 2.3443e-01 0.0000e+00  0.0571318     4.4722 186.962473     2.2894     49.911    -3.1508    315.106    11.6616 0.0000e+00
     48.967     4.4707 185.758680     0.0317 1.0000e-12     0.3513    91.5926 2.3443e-01 0.0000e+00  0.0567161     4.4717 186.901814     2.2906     49.932    -3.1083    315.147    11.6694 0.0000e+00
     48.988     4.4705 185.770623     0.0208 1.0000e-12     0.3513    91.5926 2.3443e-01 0.0000e+00  0.0563003     4.4717 186.932144     2.2906     49.954    -3.1674    315.169    11.6688 0.0000e+00
     49.008     4.4704 185.722850     0.0342 1.0000e-12     0.3513    91.5926 2.3443e-01 0.0000e+00  0.0563003     4.4717 187.023136     2.2906     49.974    -3.0901    315.089    11.6689 0.0000e+00
     49.028     4.4703 185.746736     0.0183 1.0000e-12     0.3513    91.5926 2.2344e-01 0.0000e+00  0.0563003     4.4706 187.053467     2.2918     49.995    -3.1855    315.131    11.6780 0.0000e+00
     49.050     4.4699 185.722851     0.0354 1.0000e-12     0.3513    91.5926 2.1612e-01 0.0000e+00  0.0563003     4.4706 186.932146     2.2906     50.017    -3.0790    315.095    11.6707 0.0000e+00
     49.073     4.4698 185.722852     0.0183 1.0000e-12     0.3513    91.5926 2.2344e-01 0.0000e+00  0.0567161     4.4692 186.932148     2.2918     50.041    -3.1888    315.096    11.6789 0.0000e+00
     49.095     4.4698 185.734795     0.0354 1.0000e-12     0.3513    91.5926 2.1978e-01 0.0000e+00  0.0567161     4.4701 187.144461     2.2918     50.063    -3.0755    315.116    11.6793 0.0000e+00
     49.116     4.4691 185.687022     0.0195 1.0000e-12     0.3490    91.6449 2.1612e-01 0.0000e+00  0.0563003     4.4698 187.083800     2.2918     50.084    -3.1832    315.042    11.6796 0.0000e+00
     49.138     4.4693 185.710910     0.0342 1.0000e-12     0.3479    91.6710 2.1245e-01 0.0000e+00  0.0563003     4.4698 186.871488     2.2930     50.107    -3.0818    315.081    11.6871 0.0000e+00
     49.160     4.4688 185.710910     0.0220 1.0000e-12     0.3479    91.6710 2.0513e-01 0.0000e+00  0.0563003     4.4692 186.871488     2.2930     50.129    -3.1704    315.086    11.6878 0.0000e+00
     49.181     4.4688 185.746741     0.0305 1.0000e-12     0.3479    91.6710 2.0513e-01 0.0000e+00  0.0567161     4.4691 186.901819     2.2918     50.151    -3.1042    315.147    11.6812 0.0000e+00
     49.201     4.4687 185.734798     0.0256 1.0000e-12     0.3479    91.6710 2.1612e-01 0.0000e+00  0.0567161     4.4687 186.992811     2.2918     50.171    -3.1506    315.128    11.6808 0.0000e+00
     49.221     4.4684 185.734798     0.0281 1.0000e-12     0.3479    91.6710 2.5275e-01 0.0000e+00  0.0567161     4.4687 187.053472     2.2930     50.191    -3.1206    315.131    11.6876 0.0000e+00
     49.241     4.4684 185.698968     0.0293 1.0000e-12     0.3479    91.6710 2.5275e-01 0.0000e+00  0.0563003     4.4688 187.053472     2.2930     50.212    -3.1281    315.070    11.6887 0.0000e+00
     49.263     4.4682 185.675082     0.0232 1.0000e-12     0.3467    91.6971 2.3810e-01 0.0000e+00  0.0563003     4.4687 186.962481     2.2930     50.234    -3.1530    315.032    11.6880 0.0000e+00
     49.285     4.4680 185.746743     0.0317 1.0000e-12     0.3479    91.6710 2.2711e-01 0.0000e+00  0.0563003     4.4684 187.023143     2.2930     50.257    -3.1116    315.155    11.6882 0.0000e+00
     49.308     4.4679 185.722857     0.0208 1.0000e-12     0.3479    91.6710 2.3810e-01 0.0000e+00  0.0563003     4.4683 186.932152     2.2930     50.280    -3.1696    315.116    11.6879 0.0000e+00
     49.330     4.4677 185.710914     0.0342 1.0000e-12     0.3479    91.6710 2.4908e-01 0.0000e+00  0.0563003     4.4679 186.810831     2.2943     50.303    -3.0924    315.098    11.6958 0.0000e+00
     49.351     4.4674 185.663141     0.0195 1.0000e-12     0.3479    91.6710 2.3810e-01 0.0000e+00  0.0563003     4.4679 186.871493     2.2943     50.324    -3.1790    315.020    11.6945 0.0000e+00
     49.373     4.4672 185.687027     0.0354 1.0000e-12     0.3479    91.6710 2.2344e-01 0.0000e+00  0.0563003     4.4676 186.932153     2.2955     50.346    -3.0801    315.063    11.7020 0.0000e+00
     49.394     4.4670 185.663143     0.0183 1.0000e-12     0.3479    91.6710 2.1245e-01 0.0000e+00  0.0563003     4.4681 186.901824     2.2955     50.368    -3.1888    315.024    11.7010 0.0000e+00
     49.415     4.4668 185.710915     0.0354 1.0000e-12     0.3479    91.6710 2.0879e-01 0.0000e+00  0.0567161     4.4677 186.932154     2.2955     50.389    -3.0756    315.107    11.7011 0.0000e+00
     49.437     4.4665 185.734803     0.0195 1.0000e-12     0.3467    91.6971 2.1612e-01 0.0000e+00  0.0567161     4.4676 186.901824     2.2955     50.412    -3.1821    315.151    11.7007 0.0000e+00
     49.459     4.4663 185.710917     0.0342 1.0000e-12     0.3479    91.6710 2.2344e-01 0.0000e+00  0.0567161     4.4665 186.810834     2.2955     50.434    -3.0807    315.113    11.7001 0.0000e+00
     49.482     4.4663 185.746748     0.0220 1.0000e-12     0.3479    91.6710 2.2711e-01 0.0000e+00  0.0567161     4.4667 186.901826     2.2955     50.458    -3.1692    315.174    11.6986 0.0000e+00
     49.504     4.4659 185.687031     0.0305 1.0000e-12     0.3467    91.6971 2.4542e-01 0.0000e+00  0.0563003     4.4662 186.962487     2.2955     50.480    -3.1031    315.077    11.6981 0.0000e+00
     49.526     4.4658 185.698976     0.0244 1.0000e-12     0.3479    91.6710 2.4542e-01 0.0000e+00  0.0563003     4.4658 186.901828     2.2967     50.502    -3.1560    315.098    11.7050 0.0000e+00
     49.547     4.4655 185.663146     0.0281 1.0000e-12     0.3490    91.6449 2.3810e-01 0.0000e+00  0.0567161     4.4656 186.932158     2.2967     50.524    -3.1182    315.040    11.7036 0.0000e+00
     49.566     4.4655 185.687032     0.0281 1.0000e-12     0.3513    91.5926 2.3443e-01 0.0000e+00  0.0567161     4.4660 186.901828     2.2967     50.543    -3.1333    315.081    11.7028 0.0000e+00
     49.586     4.4653 185.710919     0.0244 1.0000e-12     0.3501    91.6187 2.4176e-01 0.0000e+00  0.0563003     4.4658 186.992819     2.2967     50.564    -3.1429    315.123    11.7019 0.0000e+00
     49.607     4.4652 185.687034     0.0317 1.0000e-12     0.3501    91.6187 2.4176e-01 0.0000e+00  0.0563003     4.4656 187.144473     2.2979     50.585    -3.1091    315.084    11.7095 0.0000e+00
     49.628     4.4649 185.698978     0.0208 1.0000e-12     0.3501    91.6187 2.3443e-01 0.0000e+00  0.0563003     4.4655 186.962491     2.2979     50.606    -3.1670    315.108    11.7089 0.0000e+00
     49.647     4.4647 185.663147     0.0330 1.0000e-12     0.3501    91.6187 2.2711e-01 0.0000e+00  0.0563003     4.4658 186.932159     2.2979     50.626    -3.0986    315.049    11.7078 0.0000e+00
     49.667     4.4647 185.651205     0.0195 1.0000e-12     0.3501    91.6187 2.3443e-01 0.0000e+00  0.0563003     4.4661 186.901829     2.2979     50.646    -3.1765    315.029    11.7075 0.0000e+00
     49.687     4.4644 185.710923     0.0354 1.0000e-12     0.3501    91.6187 2.3810e-01 0.0000e+00  0.0567161     4.4657 186.810840     2.2991     50.667    -3.0788    315.133    11.7149 0.0000e+00
     49.705     4.4642 185.698979     0.0183 1.0000e-12     0.3513    91.5926 2.4176e-01 0.0000e+00  0.0567161     4.4651 187.023152     2.2979     50.685    -3.1865    315.115    11.7051 0.0000e+00
     49.724     4.4644 185.675093     0.0354 1.0000e-12     0.3490    91.6449 2.4908e-01 0.0000e+00  0.0563003     4.4650 186.932162     2.2979     50.704    -3.0756    315.072    11.7025 0.0000e+00
     49.743     4.4641 185.651206     0.0195 1.0000e-12     0.3501    91.6187 2.3443e-01 0.0000e+00  0.0563003     4.4647 186.810841     2.2991     50.724    -3.1811    315.035    11.7087 0.0000e+00
     49.763     4.4638 185.663151     0.0342 1.0000e-12     0.3501    91.6187 2.1612e-01 0.0000e+00  0.0563003     4.4643 186.871502     2.2991     50.744    -3.0788    315.058    11.7079 0.0000e+00
     49.782     4.4636 185.627321     0.0220 1.0000e-12     0.3501    91.6187 2.0879e-01 0.0000e+00  0.0563003     4.4649 186.810841     2.2991     50.764    -3.1685    315.000    11.7064 0.0000e+00
     49.800     4.4639 185.687037     0.0317 1.0000e-12     0.3501    91.6187 2.1245e-01 0.0000e+00  0.0563003     4.4655 186.750181     2.2991     50.782    -3.0958    315.098    11.7045 0.0000e+00
     49.819     4.4634 185.710925     0.0244 1.0000e-12     0.3501    91.6187 2.1245e-01 0.0000e+00  0.0563003     4.4655 186.901833     2.2991     50.801    -3.1564    315.144    11.7023 0.0000e+00
     49.837     4.4637 185.663152     0.0281 1.0000e-12     0.3501    91.6187 2.1978e-01 0.0000e+00  0.0563003     4.4651 186.901833     2.2991     50.820    -3.1198    315.060    11.7012 0.0000e+00
     49.855     4.4641 185.651208     0.0281 1.0000e-12     0.3501    91.6187 2.1978e-01 0.0000e+00  0.0567161     4.4646 186.810843     2.2991     50.838    -3.1348    315.035    11.6999 0.0000e+00
     49.873     4.4644 185.663153     0.0244 1.0000e-12     0.3501    91.6187 2.1978e-01 0.0000e+00  0.0563003     4.4642 186.871504     2.3004     50.856    -3.1442    315.052    11.7078 0.0000e+00
     49.889     4.4641 185.687039     0.0317 1.0000e-12     0.3501    91.6187 2.1978e-01 0.0000e+00  0.0558845     4.4639 186.932165     2.3004     50.873    -3.1103    315.096    11.7070 0.0000e+00
     49.905     4.4637 185.675096     0.0220 1.0000e-12     0.3501    91.6187 2.2711e-01 0.0000e+00  0.0563003     4.4635 186.901835     2.3004     50.889    -3.1605    315.080    11.7059 0.0000e+00
     49.922     4.4631 185.710927     0.0330 1.0000e-12     0.3456    91.7233 2.4542e-01 0.0000e+00  0.0567161     4.4639 186.992826     2.3004     50.906    -3.0997    315.147    11.7054 0.0000e+00
     49.939     4.4631 185.663154     0.0195 1.0000e-12     0.3399    91.8540 2.3443e-01 0.0000e+00  0.0563003     4.4644 186.932166     2.3004     50.924    -3.1775    315.066    11.7033 0.0000e+00
     49.955     4.4628 185.663154     0.0354 1.0000e-12     0.3387    91.8801 2.2344e-01 0.0000e+00  0.0558845     4.4652 186.932166     2.3004     50.940    -3.0797    315.069    11.7020 0.0000e+00
     49.972     4.4628 185.710928     0.0183 1.0000e-12     0.3387    91.8801 2.2711e-01 0.0000e+00  0.0558845     4.4649 186.901835     2.3004     50.957    -3.1873    315.150    11.7007 0.0000e+00
     49.988     4.4628 185.675099     0.0354 1.0000e-12     0.3376    91.9063 2.3077e-01 0.0000e+00  0.0558845     4.4643 186.901837     2.3004     50.974    -3.0775    315.089    11.7005 0.0000e+00
     50.005     4.4626 185.663155     0.0195 1.0000e-12     0.3399    91.8540 2.2711e-01 0.0000e+00  0.0567161     4.4639 186.932166     2.3004     50.991    -3.1829    315.071    11.6998 0.0000e+00
     50.022     4.4621 185.651214     0.0342 1.0000e-12     0.3387    91.8801 2.2344e-01 0.0000e+00  0.0567161     4.4641 186.901838     2.3016     51.008    -3.0828    315.056    11.7065 0.0000e+00
     50.038     4.4620 185.687043     0.0220 1.0000e-12     0.3387    91.8801 2.2711e-01 0.0000e+00  0.0567161     4.4639 186.932167     2.3016     51.025    -3.1703    315.118    11.7052 0.0000e+00
     50.053     4.4621 185.663157     0.0317 1.0000e-12     0.3387    91.8801 2.2711e-01 0.0000e+00  0.0563003     4.4632 186.962499     2.3016     51.040    -3.0975    315.077    11.7050 0.0000e+00
     50.068     4.4621 185.651214     0.0244 1.0000e-12     0.3387    91.8801 2.2344e-01 0.0000e+00  0.0563003     4.4635 186.962499     2.3016     51.055    -3.1591    315.056    11.7042 0.0000e+00
     50.082     4.4618 185.698987     0.0293 1.0000e-12     0.3376    91.9063 2.1612e-01 0.0000e+00  0.0567161     4.4634 186.962499     2.3016     51.069    -3.1148    315.141    11.7046 0.0000e+00
     50.096     4.4615 185.663158     0.0281 1.0000e-12     0.3387    91.8801 2.1245e-01 0.0000e+00  0.0567161     4.4631 186.901839     2.3016     51.084    -3.1364    315.083    11.7047 0.0000e+00
     50.110     4.4615 185.687044     0.0256 1.0000e-12     0.3387    91.8801 2.1245e-01 0.0000e+00  0.0563003     4.4635 186.901838     2.3016     51.098    -3.1383    315.124    11.7056 0.0000e+00
     50.124     4.4617 185.675102     0.0305 1.0000e-12     0.3387    91.8801 2.1978e-01 0.0000e+00  0.0563003     4.4642 186.901839     2.3016     51.112    -3.1208    315.101    11.7049 0.0000e+00
     50.138     4.4615 185.698988     0.0220 1.0000e-12     0.3387    91.8801 2.3077e-01 0.0000e+00  0.0563003     4.4646 186.992830     2.3016     51.127    -3.1633    315.144    11.7039 0.0000e+00
     50.153     4.4612 185.639273     0.0342 1.0000e-12     0.3387    91.8801 2.4908e-01 0.0000e+00  0.0567161     4.4649 186.932170     2.3028     51.142    -3.0948    315.046    11.7118 0.0000e+00
     50.166     4.4611 185.663159     0.0183 1.0000e-12     0.3376    91.9063 2.4908e-01 0.0000e+00  0.0563003     4.4655 186.810847     2.3028     51.155    -3.1880    315.087    11.7114 0.0000e+00
     50.181     4.4614 185.746763     0.0342 1.0000e-12     0.3376    91.9063 2.4176e-01 0.0000e+00  0.0563003     4.4644 186.810849     2.3028     51.170    -3.0901    315.226    11.7114 0.0000e+00
     50.196     4.4614 185.698990     0.0183 1.0000e-12     0.3399    91.8540 2.3443e-01 0.0000e+00  0.0563003     4.4639 186.901840     2.3028     51.186    -3.1889    315.145    11.7109 0.0000e+00
     50.210     4.4617 185.675104     0.0342 1.0000e-12     0.3387    91.8801 2.4176e-01 0.0000e+00  0.0563003     4.4637 186.841181     2.3028     51.200    -3.0867    315.101    11.7113 0.0000e+00
     50.223     4.4615 185.687046     0.0183 1.0000e-12     0.3399    91.8540 2.4908e-01 0.0000e+00  0.0567161     4.4631 186.871510     2.3028     51.213    -3.1932    315.124    11.7115 0.0000e+00
     50.237     4.4611 185.627331     0.0342 1.0000e-12     0.3410    91.8278 2.4176e-01 0.0000e+00  0.0567161     4.4621 186.901842     2.3028     51.227    -3.0852    315.027    11.7115 0.0000e+00
     50.251     4.4611 185.639274     0.0220 1.0000e-12     0.3422    91.8017 2.4176e-01 0.0000e+00  0.0558845     4.4620 186.932173     2.3028     51.242    -3.1726    315.047    11.7122 0.0000e+00
     50.265     4.4607 185.615389     0.0317 1.0000e-12     0.3422    91.8017 2.4542e-01 0.0000e+00  0.0558845     4.4611 186.841183     2.3028     51.256    -3.0999    315.011    11.7130 0.0000e+00
     50.278     4.4606 185.651218     0.0244 1.0000e-12     0.3422    91.8017 2.4908e-01 0.0000e+00  0.0563003     4.4615 186.871512     2.3040     51.269    -3.1592    315.072    11.7209 0.0000e+00
     50.292     4.4606 185.710935     0.0293 1.0000e-12     0.3422    91.8017 2.6740e-01 0.0000e+00  0.0563003     4.4609 186.780523     2.3028     51.284    -3.1147    315.174    11.7132 0.0000e+00
