data/05_metadata_exports/SeabirdData/202310_SeabirdData/88770_STN28-NIGHT.cnv
* Sea-Bird SBE 9 Data File:
* FileName = C:\Users\rosette\Rosette Data\2023\Ontario lower food web csmi\STN28-NIGHT.hex
* Software Version Seasave V 7.26.6.26
* Temperature SN = 5270
* Conductivity SN = 1168
* Number of Bytes Per Scan = 40
* Number of Voltage Words = 5
* Number of Scans Averaged by the Deck Unit = 1
* NMEA Latitude = 43 46.57 N
* NMEA Longitude = 078 51.37 W
* NMEA UTC (Time) = Sep 27 2023  07:17:23
* NMEA baud rate = 4800
** Ship: Lake Guardian
** Cruise: Ontario Lower Food Web 2023
** Station:  STN28-NIGHT
# nquan = 18                                
# nvalues = 11104                       
# units = specified
# name 0 = prDM: Pressure, Digiquartz [db]
# name 1 = t090C: Temperature [ITS-90, deg C]
# name 2 = c0uS/cm: Conductivity [uS/cm]
# name 3 = sbeox0V: Oxygen raw, SBE 43 [V]
# name 4 = par: PAR/Irradiance, Biospherical/Licor
# name 5 = bat: Beam Attenuation, Chelsea/Seatech [1/m]
# name 6 = xmiss: Beam Transmission, Chelsea/Seatech [%]
# name 7 = flSP: Fluorescence, Seapoint
# name 8 = spar: SPAR, Biospherical/Licor
# name 9 = upoly0: Upoly 0, Suna Nitrate
# name 10 = t190C: Temperature, 2 [ITS-90, deg C]
# name 11 = c1uS/cm: Conductivity, 2 [uS/cm]
# name 12 = sbeox1V: Oxygen raw, SBE 43, 2 [V]
# name 13 = depFM: Depth [fresh water, m], lat = 43.7762
# name 14 = sbeox0Mg/L: Oxygen, SBE 43 [mg/l], WS = 2
# name 15 = specc: Specific Conductance [uS/cm]
# name 16 = sbeox1Mg/L: Oxygen, SBE 43, 2 [mg/l], WS = 2
# name 17 = flag: flag
# span 0 =     -0.166,     58.671       
# span 1 =   -79.1110,    19.4702       
# span 2 =  20.602650, 347.320690       
# span 3 =     0.0147,     0.0366       
# span 4 = 1.0000e-12, 2.5657e+00       
# span 5 =     0.0607,    55.2620       
# span 6 =     0.0000,    98.4934       
# span 7 = 6.9597e-02, 1.9011e+00       
# span 8 = 0.0000e+00, 0.0000e+00       
# span 9 =  0.0413330,  0.0625367       
# span 10 =     6.5580,    19.4686      
# span 11 =   1.843202, 267.901170      
# span 12 =     1.9292,     2.8352      
# span 13 =     -0.169,     59.828      
# span 14 =    -3.0127,   155.2688      
# span 15 =   -332.769,    723.229      
# span 16 =     6.3236,    10.6159      
# span 17 = 0.0000e+00, 0.0000e+00      
# interval = seconds: 0.0416667
# start_time = Sep 27 2023 07:17:23 [NMEA time, header]
# bad_flag = -9.990e-29
*END*
[from data line 11016]
     -0.124    16.5124  21.738819     0.0208 2.1079e-01     0.8439    80.9800 8.0586e-02 0.0000e+00  0.0434118    17.2031   4.038124     2.6105     -0.126    -2.3419     26.181     9.9474 -9.990e-29
     -0.124    16.5103  21.563115     0.0330 2.4074e-01     0.8439    80.9800 8.0586e-02 0.0000e+00  0.0434118    17.2021   4.008055     2.6105     -0.126    -2.2800     25.971     9.9476 -9.990e-29
     -0.125    16.5086  21.973098     0.0232 2.4667e-01     0.8426    81.0061 8.0586e-02 0.0000e+00  0.0434118    17.2017   4.308748     2.6105     -0.127    -2.3321     26.466     9.9477 -9.990e-29
     -0.124    16.5081  22.699401     0.0293 2.3588e-01     0.8439    80.9800 8.0586e-02 0.0000e+00  0.0438276    17.2009   4.338817     2.6105     -0.126    -2.2979     27.341     9.9479 -9.990e-29
     -0.123    16.5072  23.039146     0.0269 2.2171e-01     0.8400    81.0584 7.6923e-02 0.0000e+00  0.0434118    17.2007   4.218540     2.6105     -0.125    -2.3159     27.751     9.9479 -9.990e-29
     -0.121    16.5052  22.734547     0.0256 2.1894e-01     0.8374    81.1107 7.6923e-02 0.0000e+00  0.0438276    17.2002   4.248609     2.6105     -0.123    -2.3158     27.385     9.9480 -9.990e-29
     -0.122    16.5023  21.961384     0.0293 2.1168e-01     0.8387    81.0845 7.6923e-02 0.0000e+00  0.0438276    17.1976   4.158401     2.6105     -0.124    -2.3048     26.456     9.9486 -9.990e-29
     -0.123    16.4994  21.457695     0.0232 1.9765e-01     0.8374    81.1107 8.0586e-02 0.0000e+00  0.0438276    17.1972   4.038124     2.6105     -0.125    -2.3278     25.851     9.9486 -9.990e-29
     -0.124    16.4970  21.328850     0.0330 1.9424e-01     0.8387    81.0845 8.0586e-02 0.0000e+00  0.0434118    17.1968   4.038124     2.6105     -0.126    -2.2870     25.697     9.9487 -9.990e-29
     -0.124    16.4958  21.656825     0.0195 2.0023e-01     0.8374    81.1107 8.0586e-02 0.0000e+00  0.0434118    17.1963   4.098263     2.6105     -0.126    -2.3463     26.093     9.9488 -9.990e-29
     -0.123    16.4947  22.078526     0.0342 2.1986e-01     0.8374    81.1107 8.0586e-02 0.0000e+00  0.0438276    17.1964   4.278679     2.6105     -0.125    -2.2799     26.601     9.9488 -9.990e-29
     -0.121    16.4937  22.113669     0.0183 2.2731e-01     0.8374    81.1107 8.0586e-02 0.0000e+00  0.0438276    17.1961   4.098263     2.6105     -0.123    -2.3524     26.644     9.9489 -9.990e-29
     -0.121    16.4916  21.844245     0.0354 2.2731e-01     0.8374    81.1107 7.6923e-02 0.0000e+00  0.0434118    17.1948   3.857710     2.6105     -0.123    -2.2720     26.321     9.9492 -9.990e-29
     -0.121    16.4897  21.469409     0.0183 2.2731e-01     0.8374    81.1107 7.6923e-02 0.0000e+00  0.0438276    17.1940   3.767504     2.6105     -0.123    -2.3525     25.871     9.9493 -9.990e-29
     -0.122    16.4880  21.258572     0.0354 2.2731e-01     0.8374    81.1107 8.0586e-02 0.0000e+00  0.0434118    17.1932   3.767504     2.6105     -0.124    -2.2702     25.618     9.9495 -9.990e-29
     -0.122    16.4870  21.422556     0.0195 2.2637e-01     0.8374    81.1107 8.0586e-02 0.0000e+00  0.0438276    17.1929   3.947917     2.6105     -0.124    -2.3482     25.816     9.9496 -9.990e-29
     -0.121    16.4869  21.844245     0.0342 2.0197e-01     0.8374    81.1107 8.0586e-02 0.0000e+00  0.0434118    17.1932   4.128332     2.6105     -0.123    -2.2748     26.324     9.9495 -9.990e-29
     -0.120    16.4869  22.148812     0.0232 1.9086e-01     0.8387    81.0845 7.6923e-02 0.0000e+00  0.0434118    17.1932   4.008055     2.6105     -0.122    -2.3319     26.691     9.9495 -9.990e-29
     -0.119    16.4864  22.207384     0.0305 1.9002e-01     0.8374    81.1107 8.0586e-02 0.0000e+00  0.0438276    17.1931   3.857710     2.6105     -0.121    -2.2925     26.762     9.9495 -9.990e-29
     -0.119    16.4853  21.855959     0.0256 2.1803e-01     0.8374    81.1107 8.0586e-02 0.0000e+00  0.0434118    17.1918   3.707367     2.6105     -0.121    -2.3219     26.339     9.9498 -9.990e-29
     -0.120    16.4844  21.586544     0.0281 2.3588e-01     0.8374    81.1107 7.6923e-02 0.0000e+00  0.0438276    17.1911   3.827642     2.6105     -0.122    -2.3042     26.015     9.9499 -9.990e-29
     -0.119    16.4838  21.563117     0.0293 2.3782e-01     0.8374    81.1107 7.6923e-02 0.0000e+00  0.0434118    17.1905   3.827642     2.6105     -0.121    -2.3058     25.987     9.9501 -9.990e-29
     -0.118    16.4843  21.961385     0.0244 2.4567e-01     0.8374    81.1107 7.6923e-02 0.0000e+00  0.0434118    17.1906   3.827642     2.6105     -0.120    -2.3225     26.467     9.9501 -9.990e-29
     -0.117    16.4849  22.558823     0.0317 2.5370e-01     0.8387    81.0845 7.6923e-02 0.0000e+00  0.0438276    17.1909   3.857710     2.6105     -0.119    -2.2933     27.187     9.9500 -9.990e-29
     -0.118    16.4857  22.875131     0.0208 2.5472e-01     0.8374    81.1107 7.6923e-02 0.0000e+00  0.0438276    17.1912   3.677298     2.6105     -0.120    -2.3397     27.567     9.9499 -9.990e-29
     -0.118    16.4862  22.816555     0.0342 2.3109e-01     0.8361    81.1368 8.0586e-02 0.0000e+00  0.0438276    17.1904   3.526956     2.6105     -0.120    -2.2804     27.496     9.9501 -9.990e-29
     -0.117    16.4857  22.629113     0.0183 2.0459e-01     0.8348    81.1630 8.0586e-02 0.0000e+00  0.0438276    17.1899   3.526956     2.6105     -0.119    -2.3519     27.271     9.9502 -9.990e-29
     -0.116    16.4853  22.558823     0.0342 1.9937e-01     0.8336    81.1891 8.0586e-02 0.0000e+00  0.0438276    17.1895   3.617161     2.6105     -0.118    -2.2785     27.186     9.9503 -9.990e-29
     -0.116    16.4852  22.746264     0.0183 2.1079e-01     0.8336    81.1891 8.0586e-02 0.0000e+00  0.0434118    17.1888   3.737435     2.6105     -0.118    -2.3528     27.412     9.9504 -9.990e-29
     -0.117    16.4858  23.156304     0.0354 2.2919e-01     0.8361    81.1368 7.6923e-02 0.0000e+00  0.0434118    17.1894   3.677298     2.6105     -0.119    -2.2713     27.906     9.9503 -9.990e-29
     -0.116    16.4862  23.660096     0.0195 2.3396e-01     0.8348    81.1630 7.6923e-02 0.0000e+00  0.0434118    17.1893   3.406682     2.6105     -0.118    -2.3484     28.513     9.9503 -9.990e-29
     -0.115    16.4864  24.011597     0.0342 2.3588e-01     0.8336    81.1891 7.6923e-02 0.0000e+00  0.0438276    17.1890   3.376614     2.6105     -0.117    -2.2764     28.936     9.9504 -9.990e-29
     -0.115    16.4862  24.046748     0.0208 2.4172e-01     0.8348    81.1630 7.6923e-02 0.0000e+00  0.0438276    17.1887   3.587092     2.6105     -0.117    -2.3436     28.979     9.9505 -9.990e-29
     -0.115    16.4861  23.964729     0.0317 2.4271e-01     0.8348    81.1630 7.6923e-02 0.0000e+00  0.0434118    17.1883   3.557024     2.6105     -0.117    -2.2872     28.880     9.9506 -9.990e-29
     -0.115    16.4857  23.999880     0.0244 2.3588e-01     0.8348    81.1630 7.6923e-02 0.0000e+00  0.0434118    17.1880   3.587092     2.6105     -0.117    -2.3280     28.923     9.9506 -9.990e-29
     -0.116    16.4853  24.117050     0.0293 2.0900e-01     0.8348    81.1630 7.6923e-02 0.0000e+00  0.0434118    17.1877   3.526956     2.6105     -0.118    -2.2990     29.064     9.9507 -9.990e-29
     -0.118    16.4853  24.292808     0.0281 1.9937e-01     0.8348    81.1630 7.6923e-02 0.0000e+00  0.0438276    17.1873   3.617161     2.6105     -0.120    -2.3114     29.276     9.9508 -9.990e-29
     -0.117    16.4853  24.386548     0.0256 2.0197e-01     0.8336    81.1891 8.0586e-02 0.0000e+00  0.0438276    17.1868   3.346546     2.6105     -0.119    -2.3173     29.389     9.9509 -9.990e-29
     -0.116    16.4849  24.585747     0.0305 2.2825e-01     0.8348    81.1630 7.6923e-02 0.0000e+00  0.0434118    17.1864   3.406682     2.6105     -0.118    -2.3005     29.629     9.9510 -9.990e-29
     -0.115    16.4848  24.714644     0.0220 2.4074e-01     0.8348    81.1630 7.6923e-02 0.0000e+00  0.0434118    17.1859   3.376614     2.6105     -0.117    -2.3348     29.785     9.9511 -9.990e-29
     -0.116    16.4848  24.855260     0.0330 2.4172e-01     0.8348    81.1630 7.6923e-02 0.0000e+00  0.0434118    17.1854   3.466819     2.6105     -0.118    -2.2878     29.954     9.9512 -9.990e-29
     -0.116    16.4844  25.042752     0.0195 2.4271e-01     0.8348    81.1630 8.0586e-02 0.0000e+00  0.0434118    17.1845   3.617161     2.6105     -0.118    -2.3470     30.180     9.9514 -9.990e-29
     -0.116    16.4844  25.159937     0.0342 2.4271e-01     0.8348    81.1630 8.0586e-02 0.0000e+00  0.0434118    17.1840   3.496887     2.6105     -0.118    -2.2802     30.322     9.9515 -9.990e-29
     -0.117    16.4842  25.241967     0.0183 2.4369e-01     0.8348    81.1630 8.0586e-02 0.0000e+00  0.0438276    17.1836   3.346546     2.6105     -0.119    -2.3535     30.421     9.9516 -9.990e-29
     -0.118    16.4836  25.370874     0.0354 2.1620e-01     0.8336    81.1891 8.0586e-02 0.0000e+00  0.0438276    17.1828   3.316478     2.6105     -0.120    -2.2731     30.576     9.9522 -9.990e-29
     -0.118    16.4834  25.511501     0.0183 1.9679e-01     0.8246    81.3721 8.0586e-02 0.0000e+00  0.0434118    17.1820   3.406682     2.6105     -0.120    -2.3544     30.746     9.9524 -9.990e-29
     -0.118    16.4829  25.757605     0.0354 1.9424e-01     0.8207    81.4505 7.6923e-02 0.0000e+00  0.0434118    17.1814   3.496887     2.6105     -0.120    -2.2716     31.043     9.9525 -9.990e-29
     -0.117    16.4821  25.980277     0.0208 2.0811e-01     0.8207    81.4505 7.6923e-02 0.0000e+00  0.0434118    17.1804   3.587093     2.6105     -0.119    -2.3439     31.312     9.9527 -9.990e-29
     -0.117    16.4812  26.144355     0.0330 2.2263e-01     0.8220    81.4244 7.6923e-02 0.0000e+00  0.0434118    17.1799   3.436751     2.6105     -0.119    -2.2823     31.510     9.9527 -9.990e-29
     -0.118    16.4803  26.132635     0.0232 2.2543e-01     0.8220    81.4244 7.6923e-02 0.0000e+00  0.0434118    17.1794   3.286410     2.6105     -0.120    -2.3339     31.497     9.9528 -9.990e-29
     -0.118    16.4793  25.991997     0.0305 2.3204e-01     0.8220    81.4244 7.6923e-02 0.0000e+00  0.0438276    17.1780   3.256342     2.6105     -0.120    -2.2940     31.328     9.9531 -9.990e-29
     -0.118    16.4779  25.839642     0.0269 2.4369e-01     0.8220    81.4244 7.6923e-02 0.0000e+00  0.0434118    17.1771   3.406682     2.6105     -0.120    -2.3182     31.146     9.9533 -9.990e-29
     -0.119    16.4773  25.886520     0.0269 2.4667e-01     0.8220    81.4244 8.0586e-02 0.0000e+00  0.0434118    17.1764   3.376614     2.6105     -0.121    -2.3122     31.203     9.9534 -9.990e-29
     -0.120    16.4766  26.179515     0.0293 2.3109e-01     0.8220    81.4244 7.6923e-02 0.0000e+00  0.0434118    17.1759   3.557024     2.6105     -0.122    -2.3076     31.556     9.9540 -9.990e-29
     -0.119    16.4759  26.484241     0.0232 1.9937e-01     0.8220    81.4244 8.0586e-02 0.0000e+00  0.0434118    17.1749   3.526956     2.6105     -0.121    -2.3304     31.924     9.9541 -9.990e-29
     -0.118    16.4750  26.578005     0.0317 1.9002e-01     0.8220    81.4244 7.6923e-02 0.0000e+00  0.0434118    17.1737   3.316478     2.6105     -0.120    -2.2956     32.038     9.9544 -9.990e-29
     -0.118    16.4739  26.449080     0.0208 1.9851e-01     0.8220    81.4244 8.0586e-02 0.0000e+00  0.0438276    17.1726   3.166138     2.6105     -0.120    -2.3421     31.883     9.9546 -9.990e-29
     -0.119    16.4728  26.226396     0.0342 2.2637e-01     0.8233    81.3982 8.0586e-02 0.0000e+00  0.0438276    17.1714   3.376614     2.6105     -0.121    -2.2823     31.616     9.9548 -9.990e-29
     -0.120    16.4716  26.214676     0.0183 2.3782e-01     0.8220    81.4244 8.0586e-02 0.0000e+00  0.0438276    17.1699   3.557024     2.6105     -0.122    -2.3543     31.603     9.9550 -9.990e-29
     -0.120    16.4704  26.542844     0.0354 2.3782e-01     0.8233    81.3982 8.0586e-02 0.0000e+00  0.0438276    17.1690   3.526956     2.6105     -0.122    -2.2747     31.999     9.9552 -9.990e-29
     -0.118    16.4696  26.964793     0.0183 2.3977e-01     0.8220    81.4244 8.0586e-02 0.0000e+00  0.0438276    17.1683   3.466819     2.6105     -0.120    -2.3546     32.508     9.9553 -9.990e-29
     -0.118    16.4691  27.222662     0.0342 2.4074e-01     0.8207    81.4505 8.0586e-02 0.0000e+00  0.0434118    17.1673   3.496887     2.6105     -0.120    -2.2784     32.820     9.9555 -9.990e-29
     -0.119    16.4674  27.210940     0.0195 2.3879e-01     0.8207    81.4505 8.0586e-02 0.0000e+00  0.0434118    17.1659   3.436751     2.6105     -0.121    -2.3498     32.807     9.9562 -9.990e-29
     -0.120    16.4660  26.999957     0.0342 2.0459e-01     0.8207    81.4505 7.6923e-02 0.0000e+00  0.0434118    17.1640   3.376614     2.6105     -0.122    -2.2774     32.554     9.9566 -9.990e-29
     -0.120    16.4639  26.730375     0.0220 1.8753e-01     0.8220    81.4244 7.6923e-02 0.0000e+00  0.0434118    17.1625   3.436751     2.6105     -0.122    -2.3373     32.230     9.9560 -9.990e-29
     -0.120    16.4621  26.566286     0.0317 1.8670e-01     0.8246    81.3721 7.6923e-02 0.0000e+00  0.0434118    17.1611   3.557024     2.6105     -0.122    -2.2916     32.034     9.9563 -9.990e-29
     -0.121    16.4600  26.683492     0.0244 2.0723e-01     0.8271    81.3198 7.6923e-02 0.0000e+00  0.0438276    17.1599   3.526956     2.6105     -0.123    -2.3262     32.177     9.9566 -9.990e-29
     -0.123    16.4581  26.917910     0.0281 2.2078e-01     0.8271    81.3198 7.6923e-02 0.0000e+00  0.0434118    17.1585   3.406683     2.6105     -0.125    -2.3088     32.461     9.9569 -9.990e-29
     -0.125    16.4563  27.093727     0.0281 2.2263e-01     0.8258    81.3459 8.0586e-02 0.0000e+00  0.0417488    17.1570   3.316478     2.6117     -0.127    -2.3089     32.674     9.9629 -9.990e-29
     -0.125    16.4543  26.953073     0.0244 2.3492e-01     0.8271    81.3198 8.0586e-02 0.0000e+00  0.0413330    17.1554   3.256342     2.6105     -0.127    -2.3264     32.506     9.9575 -9.990e-29
     -0.125    16.4515  26.636610     0.0305 2.4667e-01     0.8258    81.3459 7.6923e-02 0.0000e+00  0.0413330    17.1537   3.346546     2.6105     -0.127    -2.2978     32.127     9.9579 -9.990e-29
     -0.125    16.4491  26.202958     0.0208 2.4866e-01     0.8271    81.3198 7.6923e-02 0.0000e+00  0.0413330    17.1520   3.587093     2.6105     -0.127    -2.3437     31.606     9.9582 -9.990e-29
     -0.125    16.4467  26.027159     0.0330 2.2825e-01     0.8258    81.3459 7.6923e-02 0.0000e+00  0.0413330    17.1502   3.677298     2.6105     -0.127    -2.2862     31.395     9.9586 -9.990e-29
     -0.124    16.4441  26.015440     0.0195 2.0371e-01     0.8271    81.3198 7.6923e-02 0.0000e+00  0.0413330    17.1492   3.617161     2.6105     -0.126    -2.3501     31.383     9.9588 -9.990e-29
     -0.123    16.4422  26.050599     0.0342 1.9851e-01     0.8271    81.3198 7.6923e-02 0.0000e+00  0.0413330    17.1477   3.256342     2.6105     -0.125    -2.2808     31.427     9.9592 -9.990e-29
     -0.124    16.4407  26.085759     0.0171 2.0459e-01     0.8258    81.3459 8.0586e-02 0.0000e+00  0.0413330    17.1466   3.106003     2.6105     -0.126    -2.3616     31.471     9.9594 -9.990e-29
     -0.125    16.4385  25.956841     0.0354 2.1711e-01     0.8258    81.3459 7.6923e-02 0.0000e+00  0.0413330    17.1449   3.256342     2.6105     -0.127    -2.2753     31.317     9.9598 -9.990e-29
     -0.126    16.4361  25.593539     0.0183 2.1986e-01     0.8271    81.3198 8.0586e-02 0.0000e+00  0.0413330    17.1439   3.526956     2.6117     -0.128    -2.3562     30.880     9.9657 -9.990e-29
     -0.127    16.4337  25.288846     0.0342 2.2731e-01     0.8271    81.3198 8.0586e-02 0.0000e+00  0.0413330    17.1418   3.496888     2.6105     -0.130    -2.2812     30.514     9.9604 -9.990e-29
