data/05_metadata_exports/SeabirdData/202310_SeabirdData/88770_STN28-NIGHT.cnv
* Sea-Bird SBE 9 Data File:
* FileName = C:\Users\rosette\Rosette Data\2023\Ontario lower food web csmi\STN28-NIGHT.hex
* Software Version Seasave V 7.26.6.26
* Temperature SN = 5270
* Conductivity SN = 1168
* Number of Bytes Per Scan = 40
* Number of Voltage Words = 5
* Number of Scans Averaged by the Deck Unit = 1
* NMEA Latitude = 43 46.57 N
* NMEA Longitude = 078 51.37 W
* NMEA UTC (Time) = Sep 27 2023  07:17:23
* NMEA baud rate = 4800
** Ship: Lake Guardian
** Cruise: Ontario Lower Food Web 2023
** Station:  STN28-NIGHT
# nquan = 18                                
# nvalues = 11104                       
# units = specified
# name 0 = prDM: Pressure, Digiquartz [db]
# name 1 = t090C: Temperature [ITS-90, deg C]
# name 2 = c0uS/cm: Conductivity [uS/cm]
# name 3 = sbeox0V: Oxygen raw, SBE 43 [V]
# name 4 = par: PAR/Irradiance, Biospherical/Licor
# name 5 = bat: Beam Attenuation, Chelsea/Seatech [1/m]
# name 6 = xmiss: Beam Transmission, Chelsea/Seatech [%]
# name 7 = flSP: Fluorescence, Seapoint
# name 8 = spar: SPAR, Biospherical/Licor
# name 9 = upoly0: Upoly 0, Suna Nitrate
# name 10 = t190C: Temperature, 2 [ITS-90, deg C]
# name 11 = c1uS/cm: Conductivity, 2 [uS/cm]
# name 12 = sbeox1V: Oxygen raw, SBE 43, 2 [V]
# name 13 = depFM: Depth [fresh water, m], lat = 43.7762
# name 14 = sbeox0Mg/L: Oxygen, SBE 43 [mg/l], WS = 2
# name 15 = specc: Specific Conductance [uS/cm]
# name 16 = sbeox1Mg/L: Oxygen, SBE 43, 2 [mg/l], WS = 2
# name 17 = flag: flag
# span 0 =     -0.166,     58.671       
# span 1 =   -79.1110,    19.4702       
# span 2 =  20.602650, 347.320690       
# span 3 =     0.0147,     0.0366       
# span 4 = 1.0000e-12, 2.5657e+00       
# span 5 =     0.0607,    55.2620       
# span 6 =     0.0000,    98.4934       
# span 7 = 6.9597e-02, 1.9011e+00       
# span 8 = 0.0000e+00, 0.0000e+00       
# span 9 =  0.0413330,  0.0625367       
# span 10 =     6.5580,    19.4686      
# span 11 =   1.843202, 267.901170      
# span 12 =     1.9292,     2.8352      
# span 13 =     -0.169,     59.828      
# span 14 =    -3.0127,   155.2688      
# span 15 =   -332.769,    723.229      
# span 16 =     6.3236,    10.6159      
# span 17 = 0.0000e+00, 0.0000e+00      
# interval = seconds: 0.0416667
# start_time = Sep 27 2023 07:17:23 [NMEA time, header]
# bad_flag = -9.990e-29
*END*
[from data line 10372]
     -0.128    17.7353  39.985243     0.0354 1.9105e+00     0.8828    80.1958 7.3260e-02 0.0000e+00  0.0438276    18.2952  15.317005     2.6105     -0.131    -2.2131     46.778     9.7205 -9.990e-29
     -0.126    17.7301  38.647058     0.0195 1.8272e+00     0.8711    80.4311 7.3260e-02 0.0000e+00  0.0438276    18.2945  15.106411     2.6105     -0.128    -2.2886     45.218     9.7207 -9.990e-29
     -0.125    17.7251  38.365363     0.0342 1.8164e+00     0.8542    80.7709 7.6923e-02 0.0000e+00  0.0438276    18.2938  14.955987     2.6105     -0.127    -2.2184     44.893     9.7208 -9.990e-29
     -0.125    17.7203  38.776173     0.0220 1.7266e+00     0.8503    80.8493 7.6923e-02 0.0000e+00  0.0438276    18.2936  14.685228     2.6105     -0.127    -2.2787     45.379     9.7209 -9.990e-29
     -0.123    17.7164  39.914809     0.0305 1.6808e+00     0.8503    80.8493 7.3260e-02 0.0000e+00  0.0438276    18.2931  14.594975     2.6105     -0.125    -2.2351     46.716     9.7210 -9.990e-29
     -0.120    17.7121  41.182752     0.0244 1.6808e+00     0.8490    80.8754 7.3260e-02 0.0000e+00  0.0438276    18.2928  14.564891     2.6105     -0.122    -2.2690     48.205     9.7210 -9.990e-29
     -0.118    17.7085  41.534992     0.0281 1.8712e+00     0.8516    80.8231 7.3260e-02 0.0000e+00  0.0438276    18.2922  14.594975     2.6105     -0.120    -2.2467     48.621     9.7212 -9.990e-29
     -0.113    17.7042  40.771824     0.0281 1.9975e+00     0.8503    80.8493 7.3260e-02 0.0000e+00  0.0438276    18.2919  14.625059     2.6105     -0.115    -2.2530     47.733     9.7212 -9.990e-29
     -0.108    17.6999  39.339605     0.0232 2.0153e+00     0.8503    80.8493 7.3260e-02 0.0000e+00  0.0438276    18.2914  14.715312     2.6105     -0.110    -2.2702     46.061     9.7213 -9.990e-29
     -0.100    17.6952  38.201049     0.0317 1.7630e+00     0.8516    80.8231 7.3260e-02 0.0000e+00  0.0438276    18.2910  14.775481     2.6105     -0.102    -2.2366     44.732     9.7214 -9.990e-29
     -0.094    17.6905  38.095418     0.0208 1.5782e+00     0.8516    80.8231 7.3260e-02 0.0000e+00  0.0438276    18.2909  14.534807     2.6105     -0.096    -2.2819     44.614     9.7215 -9.990e-29
     -0.089    17.6863  39.175269     0.0330 1.5500e+00     0.8503    80.8493 7.3260e-02 0.0000e+00  0.0438276    18.2914  14.203886     2.6105     -0.091    -2.2290     45.883     9.7214 -9.990e-29
     -0.087    17.6819  40.748347     0.0195 1.5454e+00     0.8503    80.8493 7.3260e-02 0.0000e+00  0.0438276    18.2920  13.933136     2.6105     -0.089    -2.2884     47.730     9.7213 -9.990e-29
     -0.088    17.6777  41.534997     0.0342 1.5315e+00     0.8503    80.8493 7.3260e-02 0.0000e+00  0.0438276    18.2925  13.782721     2.6105     -0.090    -2.2223     48.656     9.7212 -9.990e-29
     -0.090    17.6733  42.333464     0.0183 1.5269e+00     0.8516    80.8231 7.3260e-02 0.0000e+00  0.0438276    18.2927  13.421729     2.6105     -0.092    -2.2949     49.597     9.7211 -9.990e-29
     -0.090    17.6690  43.648752     0.0354 1.5594e+00     0.8516    80.8231 7.3260e-02 0.0000e+00  0.0438276    18.2933  13.241235     2.6105     -0.092    -2.2152     51.143     9.7210 -9.990e-29
     -0.087    17.6640  43.507820     0.0195 1.6069e+00     0.8516    80.8231 7.3260e-02 0.0000e+00  0.0438276    18.2940  13.451812     2.6105     -0.089    -2.2900     50.984     9.7209 -9.990e-29
     -0.086    17.6587  41.793319     0.0342 1.6214e+00     0.8503    80.8493 7.6923e-02 0.0000e+00  0.0438276    18.2945  13.572142     2.6105     -0.088    -2.2196     48.981     9.7208 -9.990e-29
     -0.088    17.6534  40.372663     0.0220 1.5086e+00     0.8503    80.8493 7.6923e-02 0.0000e+00  0.0438276    18.2956  13.872970     2.6105     -0.090    -2.2800     47.322     9.7205 -9.990e-29
     -0.092    17.6481  41.182760     0.0317 1.2693e+00     0.8516    80.8231 7.6923e-02 0.0000e+00  0.0438276    18.2964  14.053469     2.6105     -0.094    -2.2314     48.277     9.7204 -9.990e-29
     -0.098    17.6436  43.648756     0.0244 1.2014e+00     0.8516    80.8231 7.3260e-02 0.0000e+00  0.0438276    18.2981  13.872970     2.6105     -0.100    -2.2709     51.173     9.7200 -9.990e-29
     -0.104    17.6390  46.009749     0.0281 1.1580e+00     0.9738    78.3922 7.3260e-02 0.0000e+00  0.0438276    18.2987  13.602224     2.6105     -0.106    -2.2485     53.947     9.7199 -9.990e-29
     -0.108    17.6345  47.137623     0.0281 9.8587e-01     1.2785    72.6415 7.3260e-02 0.0000e+00  0.0438276    18.2998  13.632307     2.6105     -0.110    -2.2549     55.276     9.7197 -9.990e-29
     -0.112    17.6292  46.150726     0.0244 9.2609e-01     1.3821    70.7856 7.3260e-02 0.0000e+00  0.0438276    18.3009  13.752638     2.6105     -0.114    -2.2666     54.125     9.7194 -9.990e-29
     -0.114    17.6235  43.507825     0.0305 8.1357e-01     1.3776    70.8640 7.3260e-02 0.0000e+00  0.0438276    18.3010  13.692472     2.6105     -0.116    -2.2441     51.032     9.7194 -9.990e-29
     -0.115    17.6174  40.372668     0.0220 3.1409e-01     1.3644    71.0993 7.3260e-02 0.0000e+00  0.0438276    18.3012  13.842887     2.6105     -0.117    -2.2784     47.362     9.7189 -9.990e-29
     -0.116    17.6115  38.189322     0.0330 1.9170e-01     1.3614    71.1516 7.3260e-02 0.0000e+00  0.0438276    18.3012  14.053469     2.6105     -0.118    -2.2321     44.807     9.7189 -9.990e-29
     -0.119    17.6059  37.543819     0.0195 1.8097e-01     1.3614    71.1516 7.3260e-02 0.0000e+00  0.0438276    18.3004  14.203886     2.6105     -0.121    -2.2907     44.055     9.7191 -9.990e-29
     -0.123    17.6011  38.647074     0.0342 9.3806e-02     1.3614    71.1516 7.3260e-02 0.0000e+00  0.0438276    18.2997  14.143719     2.6105     -0.125    -2.2255     45.355     9.7192 -9.990e-29
     -0.128    17.5962  41.135803     0.0183 5.6930e-02     1.3614    71.1516 7.3260e-02 0.0000e+00  0.0438276    18.2990  13.993302     2.6105     -0.131    -2.2977     48.281     9.7194 -9.990e-29
     -0.132    17.5921  44.012853     0.0354 5.3727e-02     1.3629    71.1254 7.3260e-02 0.0000e+00  0.0438276    18.2977  14.865733     2.6105     -0.135    -2.2192     51.663     9.7197 -9.990e-29
     -0.134    17.5868  44.329976     0.0183 5.6930e-02     1.3614    71.1516 7.6923e-02 0.0000e+00  0.0438276    18.2955  14.534807     2.6105     -0.137    -2.2997     52.041     9.7197 -9.990e-29
     -0.134    17.5809  41.793329     0.0342 5.8322e-02     1.3614    71.1516 7.3260e-02 0.0000e+00  0.0438276    18.2920  14.384388     2.6105     -0.137    -2.2246     49.070     9.7204 -9.990e-29
     -0.132    17.5742  38.435805     0.0208 5.8788e-02     1.3614    71.1516 7.3260e-02 0.0000e+00  0.0438276    18.2881  14.354304     2.6105     -0.135    -2.2907     45.135     9.7213 -9.990e-29
     -0.132    17.5671  36.041754     0.0330 5.9726e-02     1.3614    71.1516 7.3260e-02 0.0000e+00  0.0438276    18.2823  14.203886     2.6105     -0.135    -2.2305     42.331     9.7225 -9.990e-29
     -0.131    17.5611  35.173494     0.0244 6.1141e-02     1.3614    71.1516 7.3260e-02 0.0000e+00  0.0438276    18.2765  14.354305     2.6105     -0.134    -2.2758     41.317     9.7237 -9.990e-29
     -0.130    17.5551  35.936152     0.0293 6.1616e-02     1.3614    71.1516 7.6923e-02 0.0000e+00  0.0438276    18.2707  14.143720     2.6105     -0.133    -2.2483     42.219     9.7249 -9.990e-29
     -0.129    17.5503  38.095435     0.0269 4.8380e-02     1.3614    71.1516 7.6923e-02 0.0000e+00  0.0438276    18.2650  14.083553     2.6105     -0.132    -2.2653     44.761     9.7261 -9.990e-29
     -0.126    17.5446  40.384417     0.0256 3.2593e-02     1.3614    71.1516 7.3260e-02 0.0000e+00  0.0438276    18.2585  14.384389     2.6105     -0.128    -2.2664     47.457     9.7275 -9.990e-29
     -0.124    17.5393  41.288445     0.0305 2.9095e-02     1.3614    71.1516 7.3260e-02 0.0000e+00  0.0438276    18.2520  14.233971     2.6105     -0.126    -2.2498     48.525     9.7288 -9.990e-29
     -0.122    17.5329  39.703528     0.0232 2.8712e-02     1.3614    71.1516 7.3260e-02 0.0000e+00  0.0438276    18.2435  13.993305     2.6105     -0.124    -2.2786     46.669     9.7306 -9.990e-29
     -0.119    17.5259  37.379527     0.0330 2.7568e-02     1.3614    71.1516 7.3260e-02 0.0000e+00  0.0438276    18.2348  13.963222     2.6105     -0.121    -2.2382     43.945     9.7324 -9.990e-29
     -0.119    17.5186  36.605005     0.0195 2.7189e-02     1.3526    71.3084 7.3260e-02 0.0000e+00  0.0438276    18.2268  13.812807     2.6105     -0.121    -2.2970     43.042     9.7341 -9.990e-29
     -0.121    17.5125  37.473415     0.0342 2.9865e-02     1.3497    71.3607 7.3260e-02 0.0000e+00  0.0438276    18.2204  13.632310     2.6105     -0.123    -2.2317     44.069     9.7354 -9.990e-29
     -0.124    17.5068  39.069648     0.0183 3.8214e-02     1.3497    71.3607 7.3260e-02 0.0000e+00  0.0438276    18.2161  13.542062     2.6105     -0.126    -2.3036     45.952     9.7364 -9.990e-29
     -0.127    17.5015  40.654447     0.0354 4.1527e-02     1.3497    71.3607 7.3260e-02 0.0000e+00  0.0438276    18.2118  13.722559     2.6105     -0.130    -2.2250     47.822     9.7373 -9.990e-29
     -0.127    17.4962  41.264968     0.0183 4.0692e-02     1.3512    71.3345 7.3260e-02 0.0000e+00  0.0438276    18.2071  13.872974     2.6105     -0.130    -2.3051     48.547     9.7383 -9.990e-29
     -0.126    17.4908  40.149628     0.0342 3.7398e-02     1.3482    71.3868 7.3260e-02 0.0000e+00  0.0438276    18.2005  13.812808     2.6105     -0.128    -2.2298     47.240     9.7396 -9.990e-29
     -0.125    17.4850  38.541452     0.0208 3.5778e-02     1.3512    71.3345 7.3260e-02 0.0000e+00  0.0438276    18.1939  13.812808     2.6105     -0.127    -2.2951     45.354     9.7410 -9.990e-29
     -0.125    17.4795  37.003997     0.0330 3.5778e-02     1.3512    71.3345 7.3260e-02 0.0000e+00  0.0438276    18.1884  13.872975     2.6093     -0.127    -2.2351     43.551     9.7366 -9.990e-29
     -0.125    17.4745  36.194307     0.0232 3.6586e-02     1.3482    71.3868 7.3260e-02 0.0000e+00  0.0438276    18.1842  13.662394     2.6105     -0.127    -2.2855     42.603     9.7431 -9.990e-29
     -0.124    17.4695  36.616745     0.0305 3.6991e-02     1.3512    71.3345 7.3260e-02 0.0000e+00  0.0438276    18.1805  13.752643     2.6105     -0.126    -2.2468     43.105     9.7439 -9.990e-29
     -0.122    17.4650  37.731614     0.0256 3.6991e-02     1.3497    71.3607 7.3260e-02 0.0000e+00  0.0438276    18.1770  13.451817     2.6105     -0.124    -2.2754     44.422     9.7446 -9.990e-29
     -0.119    17.4604  38.001553     0.0269 5.7392e-02     1.3512    71.3345 7.6923e-02 0.0000e+00  0.0438276    18.1728  13.361570     2.6105     -0.121    -2.2639     44.745     9.7455 -9.990e-29
     -0.115    17.4561  37.297385     0.0293 7.1393e-02     1.3512    71.3345 7.3260e-02 0.0000e+00  0.0438276    18.1696  13.150995     2.6105     -0.117    -2.2588     43.920     9.7462 -9.990e-29
     -0.112    17.4510  36.346854     0.0220 7.2908e-02     1.3497    71.3607 7.6923e-02 0.0000e+00  0.0438276    18.1660  13.301405     2.6093     -0.114    -2.2872     42.806     9.7414 -9.990e-29
     -0.110    17.4463  35.818828     0.0317 6.4976e-02     1.3497    71.3607 7.6923e-02 0.0000e+00  0.0438276    18.1633  13.391652     2.6105     -0.112    -2.2475     42.189     9.7476 -9.990e-29
     -0.110    17.4419  37.144825     0.0195 5.8788e-02     1.3497    71.3607 7.3260e-02 0.0000e+00  0.0438276    18.1608  13.391652     2.6105     -0.112    -2.2998     43.755     9.7482 -9.990e-29
     -0.110    17.4376  39.633106     0.0342 5.7856e-02     1.3497    71.3607 7.3260e-02 0.0000e+00  0.0438276    18.1584  13.391653     2.6105     -0.112    -2.2347     46.691     9.7487 -9.990e-29
     -0.110    17.4332  42.051676     0.0183 7.1897e-02     1.3497    71.3607 7.3260e-02 0.0000e+00  0.0438276    18.1575  13.301406     2.6105     -0.112    -2.3055     49.546     9.7489 -9.990e-29
     -0.110    17.4288  42.685787     0.0354 8.9884e-02     1.3497    71.3607 7.6923e-02 0.0000e+00  0.0438276    18.1560  13.301406     2.6105     -0.112    -2.2272     50.298     9.7493 -9.990e-29
     -0.109    17.4241  40.901008     0.0183 9.3806e-02     1.3482    71.3868 7.3260e-02 0.0000e+00  0.0438276    18.1536  12.940422     2.6105     -0.111    -2.3066     48.200     9.7498 -9.990e-29
     -0.107    17.4186  38.130662     0.0342 1.0544e-01     1.3176    71.9357 7.3260e-02 0.0000e+00  0.0438276    18.1513  12.699770     2.6105     -0.109    -2.2317     44.941     9.7503 -9.990e-29
     -0.105    17.4140  36.382061     0.0195 1.2746e-01     1.3002    72.2494 7.3260e-02 0.0000e+00  0.0438276    18.1492  13.030668     2.6105     -0.107    -2.3022     42.885     9.7508 -9.990e-29
     -0.103    17.4090  36.487672     0.0330 1.3348e-01     1.2973    72.3017 7.3260e-02 0.0000e+00  0.0438276    18.1473  13.000586     2.6105     -0.105    -2.2366     43.015     9.7512 -9.990e-29
     -0.102    17.4053  38.412352     0.0220 1.3552e-01     1.2987    72.2755 7.3260e-02 0.0000e+00  0.0438276    18.1463  12.880259     2.6105     -0.104    -2.2917     45.287     9.7514 -9.990e-29
     -0.103    17.4016  40.807086     0.0305 1.3965e-01     1.2987    72.2755 7.3260e-02 0.0000e+00  0.0438276    18.1458  12.910341     2.6105     -0.105    -2.2478     48.115     9.7516 -9.990e-29
     -0.103    17.3983  42.122135     0.0256 1.4174e-01     1.2987    72.2755 7.6923e-02 0.0000e+00  0.0438276    18.1447  12.820096     2.6105     -0.105    -2.2764     49.669     9.7518 -9.990e-29
     -0.101    17.3946  41.441103     0.0269 1.5690e-01     1.2987    72.2755 7.6923e-02 0.0000e+00  0.0438276    18.1437  12.729852     2.6105     -0.103    -2.2649     48.871     9.7521 -9.990e-29
     -0.101    17.3903  39.950070     0.0293 2.3204e-01     1.3002    72.2494 7.6923e-02 0.0000e+00  0.0438276    18.1420  12.549364     2.6105     -0.103    -2.2603     47.117     9.7525 -9.990e-29
     -0.102    17.3862  39.292691     0.0232 2.6610e-01     1.3002    72.2494 7.6923e-02 0.0000e+00  0.0438276    18.1420  12.459121     2.6105     -0.104    -2.2831     46.346     9.7525 -9.990e-29
     -0.104    17.3826  39.703547     0.0317 2.7891e-01     1.2987    72.2755 7.6923e-02 0.0000e+00  0.0438276    18.1421  12.278635     2.6105     -0.106    -2.2493     46.835     9.7525 -9.990e-29
     -0.106    17.3791  40.724905     0.0208 3.9155e-01     1.3002    72.2494 7.6923e-02 0.0000e+00  0.0438276    18.1421  12.248554     2.6105     -0.108    -2.2956     48.044     9.7526 -9.990e-29
     -0.106    17.3757  40.407919     0.0342 4.5409e-01     1.3002    72.2494 7.3260e-02 0.0000e+00  0.0438276    18.1420  12.639608     2.6105     -0.108    -2.2369     47.673     9.7526 -9.990e-29
     -0.104    17.3722  38.471042     0.0183 4.6204e-01     1.2987    72.2755 7.6923e-02 0.0000e+00  0.0438276    18.1409  12.729852     2.6105     -0.106    -2.3077     45.392     9.7524 -9.990e-29
     -0.100    17.3688  36.874924     0.0354 6.1373e-01     1.3002    72.2494 7.3260e-02 0.0000e+00  0.0438276    18.1388  12.669689     2.6105     -0.102    -2.2301     43.512     9.7529 -9.990e-29
     -0.097    17.3648  37.496905     0.0183 7.2491e-01     1.3002    72.2494 7.3260e-02 0.0000e+00  0.0438276    18.1393  12.489202     2.6105     -0.099    -2.3087     44.250     9.7528 -9.990e-29
     -0.097    17.3612  39.234002     0.0354 7.3670e-01     1.2987    72.2755 7.3260e-02 0.0000e+00  0.0438276    18.1399  12.158312     2.6105     -0.099    -2.2289     46.304     9.7527 -9.990e-29
     -0.098    17.3583  40.912758     0.0195 1.0426e+00     1.3002    72.2494 7.3260e-02 0.0000e+00  0.0438276    18.1409  11.977829     2.6105     -0.100    -2.3045     48.289     9.7525 -9.990e-29
     -0.097    17.3550  41.358918     0.0342 1.3572e+00     1.2987    72.2755 7.6923e-02 0.0000e+00  0.0438276    18.1411  12.037990     2.6105     -0.099    -2.2335     48.819     9.7525 -9.990e-29
