data/05_metadata_exports/SeabirdData/202310_SeabirdData/88777_STN29.cnv
* Sea-Bird SBE 9 Data File:
* FileName = C:\Users\rosette\Rosette Data\2023\Ontario lower food web csmi\STN29.hex
* Software Version Seasave V 7.26.6.26
* Temperature SN = 5270
* Conductivity SN = 1168
* Number of Bytes Per Scan = 40
* Number of Voltage Words = 5
* Number of Scans Averaged by the Deck Unit = 1
* NMEA Latitude = 43 49.17 N
* NMEA Longitude = 078 52.25 W
* NMEA UTC (Time) = Sep 27 2023  08:14:55
* NMEA baud rate = 4800
** Ship: Lake Guardian
** Cruise: Ontario Lower Food Web 2023
** Station:  STN29
# nquan = 18                                
# nvalues = 10301                       
# units = specified
# name 0 = prDM: Pressure, Digiquartz [db]
# name 1 = t090C: Temperature [ITS-90, deg C]
# name 2 = c0uS/cm: Conductivity [uS/cm]
# name 3 = sbeox0V: Oxygen raw, SBE 43 [V]
# name 4 = par: PAR/Irradiance, Biospherical/Licor
# name 5 = bat: Beam Attenuation, Chelsea/Seatech [1/m]
# name 6 = xmiss: Beam Transmission, Chelsea/Seatech [%]
# name 7 = flSP: Fluorescence, Seapoint
# name 8 = spar: SPAR, Biospherical/Licor
# name 9 = upoly0: Upoly 0, Suna Nitrate
# name 10 = t190C: Temperature, 2 [ITS-90, deg C]
# name 11 = c1uS/cm: Conductivity, 2 [uS/cm]
# name 12 = sbeox1V: Oxygen raw, SBE 43, 2 [V]
# name 13 = depFM: Depth [fresh water, m], lat = 43.8195
# name 14 = sbeox0Mg/L: Oxygen, SBE 43 [mg/l], WS = 2
# name 15 = specc: Specific Conductance [uS/cm]
# name 16 = sbeox1Mg/L: Oxygen, SBE 43, 2 [mg/l], WS = 2
# name 17 = flag: flag
# span 0 =      0.021,     27.383       
# span 1 =    15.0883,    19.0332       
# span 2 =  24.796759, 266.330673       
# span 3 =     0.0171,     0.0366       
# span 4 = 1.0000e-12, 2.9007e+00       
# span 5 =     0.1509,    10.9929       
# span 6 =     6.4042,    96.2977       
# span 7 = 9.1575e-02, 1.7070e+00       
# span 8 = 0.0000e+00, 0.0000e+00       
# span 9 =  0.0413330,  0.0625367       
# span 10 =    14.7623,    19.0316      
# span 11 =   1.843207, 267.536417      
# span 12 =     1.9353,     2.6923      
# span 13 =      0.021,     27.923      
# span 14 =    -2.4314,    -2.1499      
# span 15 =     30.696,    302.425      
# span 16 =     6.4794,    10.4215      
# span 17 = 0.0000e+00, 0.0000e+00      
# interval = seconds: 0.0416667
# start_time = Sep 27 2023 08:14:55 [NMEA time, header]
# bad_flag = -9.990e-29
*END*
[from data line 1528]
      1.837    17.7251 257.801120     0.0208 9.2115e-02     1.0180    77.5296 8.7912e-01 0.0000e+00  0.0434118    18.5850 260.778932     2.1123      1.873    -2.2820    301.667     7.3748 -9.990e-29
      1.830    17.7277 257.777034     0.0342 8.4954e-02     1.0180    77.5296 8.9377e-01 0.0000e+00  0.0434118    18.6384 260.839754     2.1123      1.866    -2.2166    301.621     7.3648 -9.990e-29
      1.823    17.7300 257.801116     0.0232 4.1527e-02     1.0180    77.5296 8.6447e-01 0.0000e+00  0.0434118    18.7025 260.687533     2.1123      1.859    -2.2714    301.633     7.3525 -9.990e-29
      1.816    17.7316 257.777031     0.0305 2.5684e-02     1.0194    77.5034 8.1319e-01 0.0000e+00  0.0434118    18.7484 260.717929     2.1123      1.852    -2.2327    301.593     7.3430 -9.990e-29
      1.807    17.7342 257.813154     0.0269 2.5684e-02     1.0180    77.5296 7.8388e-01 0.0000e+00  0.0434118    18.7644 260.778780     2.1123      1.843    -2.2549    301.617     7.3392 -9.990e-29
      1.798    17.7379 257.813151     0.0269 3.7398e-02     1.0194    77.5034 7.5458e-01 0.0000e+00  0.0434118    18.7822 260.748332     2.1123      1.833    -2.2492    301.591     7.3351 -9.990e-29
      1.791    17.7403 257.861315     0.0293 4.3636e-02     1.0180    77.5296 7.3626e-01 0.0000e+00  0.0434118    18.8001 260.748314     2.1111      1.826    -2.2438    301.631     7.3259 -9.990e-29
      1.787    17.7414 257.849276     0.0232 4.4061e-02     1.0180    77.5296 7.6923e-01 0.0000e+00  0.0434118    18.8007 260.778751     2.1111      1.822    -2.2663    301.609     7.3251 -9.990e-29
      1.783    17.7433 257.861316     0.0317 6.2569e-02     1.0194    77.5034 9.4139e-01 0.0000e+00  0.0434118    18.8031 260.717881     2.1111      1.818    -2.2321    301.609     7.3245 -9.990e-29
      1.777    17.7450 257.825186     0.0195 7.6492e-02     1.0194    77.5034 1.0476e+00 0.0000e+00  0.0434118    18.8223 260.778730     2.1111      1.812    -2.2834    301.555     7.3212 -9.990e-29
      1.771    17.7486 257.873354     0.0342 5.2373e-02     1.0180    77.5296 1.1245e+00 0.0000e+00  0.0434118    18.8413 260.839581     2.1099      1.806    -2.2185    301.586     7.3133 -9.990e-29
      1.764    17.7600 257.825174     0.0183 8.2279e-03     1.0180    77.5296 1.1245e+00 0.0000e+00  0.0434118    18.8619 260.778696     2.1099      1.799    -2.2885    301.449     7.3110 -9.990e-29
      1.758    17.7932 257.873315     0.0354 1.0000e-12     1.0194    77.5034 1.0000e+00 0.0000e+00  0.0434118    18.8920 260.717804     2.1099      1.793    -2.2095    301.272     7.3072 -9.990e-29
      1.753    17.8389 257.873277     0.0183 1.0000e-12     1.0194    77.5034 8.8645e-01 0.0000e+00  0.0434118    18.9138 260.717786     2.1099      1.788    -2.2855    300.950     7.3046 -9.990e-29
      1.748    17.8777 257.885288     0.0342 2.6434e-02     1.0180    77.5296 8.2784e-01 0.0000e+00  0.0434118    18.9216 260.717781     2.1099      1.782    -2.2097    300.692     7.3045 -9.990e-29
      1.743    17.8964 257.873227     0.0195 4.4061e-02     1.0180    77.5296 7.9487e-01 0.0000e+00  0.0434118    18.9228 260.596045     2.1099      1.777    -2.2784    300.547     7.3053 -9.990e-29
      1.738    17.8968 257.837102     0.0330 4.5774e-02     1.0180    77.5296 7.7656e-01 0.0000e+00  0.0434118    18.9230 260.474315     2.1099      1.772    -2.2137    300.502     7.3062 -9.990e-29
      1.734    17.8896 257.825065     0.0220 5.6930e-02     1.0275    77.3466 8.3150e-01 0.0000e+00  0.0434118    18.9228 260.656912     2.1099      1.768    -2.2687    300.538     7.3071 -9.990e-29
      1.729    17.8806 257.861199     0.0305 6.5461e-02     1.0410    77.0852 9.0110e-01 0.0000e+00  0.0434118    18.9230 260.717778     2.1099      1.763    -2.2257    300.643     7.3083 -9.990e-29
      1.724    17.8721 257.885290     0.0256 4.5344e-02     1.0451    77.0068 9.0842e-01 0.0000e+00  0.0434118    18.9246 260.535178     2.1099      1.758    -2.2542    300.731     7.3097 -9.990e-29
      1.720    17.8642 257.801002     0.0281 7.2565e-03     1.0451    77.0068 9.1209e-01 0.0000e+00  0.0434118    18.9312 260.474308     2.1087      1.754    -2.2377    300.688     7.3044 -9.990e-29
      1.716    17.8573 257.849175     0.0293 1.0000e-12     1.0437    77.0329 9.1941e-01 0.0000e+00  0.0434118    18.9408 260.687328     2.1099      1.750    -2.2386    300.793     7.3096 -9.990e-29
      1.713    17.8515 257.921435     0.0244 1.0000e-12     1.0437    77.0329 9.1575e-01 0.0000e+00  0.0434118    18.9449 260.596028     2.1099      1.747    -2.2560    300.918     7.3100 -9.990e-29
      1.710    17.8470 257.861225     0.0317 2.6058e-02     1.0437    77.0329 9.0842e-01 0.0000e+00  0.0434118    18.9450 260.565592     2.1099      1.744    -2.2276    300.879     7.3110 -9.990e-29
      1.709    17.8442 257.837145     0.0208 4.4061e-02     1.0437    77.0329 8.7912e-01 0.0000e+00  0.0434118    18.9461 260.596027     2.1099      1.743    -2.2732    300.871     7.3119 -9.990e-29
      1.709    17.8435 257.897356     0.0342 4.5774e-02     1.0437    77.0329 8.2051e-01 0.0000e+00  0.0434118    18.9474 260.565591     2.1111      1.743    -2.2145    300.946     7.3181 -9.990e-29
      1.708    17.8439 257.885315     0.0183 5.0143e-02     1.0437    77.0329 7.9121e-01 0.0000e+00  0.0434118    18.9491 260.656890     2.1111      1.742    -2.2842    300.929     7.3188 -9.990e-29
      1.707    17.8434 257.825102     0.0354 5.4180e-02     1.0437    77.0329 8.0952e-01 0.0000e+00  0.0434118    18.9496 260.626455     2.1111      1.741    -2.2069    300.862     7.3196 -9.990e-29
      1.707    17.8423 257.849188     0.0183 5.4635e-02     1.0437    77.0329 8.1319e-01 0.0000e+00  0.0434118    18.9482 260.443859     2.1111      1.741    -2.2850    300.898     7.3203 -9.990e-29
      1.708    17.8417 257.837147     0.0354 4.0692e-02     1.0437    77.0329 8.0586e-01 0.0000e+00  0.0434118    18.9458 260.504728     2.1123      1.742    -2.2056    300.888     7.3265 -9.990e-29
      1.709    17.8421 257.776933     0.0195 2.7568e-02     1.0437    77.0329 7.8755e-01 0.0000e+00  0.0434118    18.9435 260.596026     2.1123      1.743    -2.2807    300.815     7.3272 -9.990e-29
      1.711    17.8489 257.764888     0.0342 2.4937e-02     1.0437    77.0329 7.4725e-01 0.0000e+00  0.0434118    18.9420 260.504732     2.1123      1.745    -2.2101    300.753     7.3274 -9.990e-29
      1.714    17.8660 257.752830     0.0220 1.6999e-02     1.0424    77.0591 7.3260e-01 0.0000e+00  0.0434118    18.9448 260.717758     2.1136      1.748    -2.2696    300.619     7.3328 -9.990e-29
      1.719    17.9179 257.716660     0.0317 6.6135e-03     1.0437    77.0329 7.2161e-01 0.0000e+00  0.0434118    18.9511 260.626454     2.1136      1.753    -2.2182    300.214     7.3312 -9.990e-29
      1.725    17.9943 257.692514     0.0256 4.3911e-03     1.0451    77.0068 7.3993e-01 0.0000e+00  0.0434118    18.9545 260.596019     2.1148      1.759    -2.2487    299.652     7.3355 -9.990e-29
      1.731    18.0768 257.656318     0.0281 1.7700e-02     1.0437    77.0329 7.9487e-01 0.0000e+00  0.0434118    18.9601 260.717747     2.1148      1.765    -2.2281    299.036     7.3335 -9.990e-29
      1.737    18.1525 257.632169     0.0281 4.9259e-02     1.0451    77.0068 8.1319e-01 0.0000e+00  0.0434118    18.9651 260.778607     2.1148      1.771    -2.2306    298.483     7.3316 -9.990e-29
      1.745    18.2164 257.644160     0.0244 5.9726e-02     1.0410    77.0852 8.1319e-01 0.0000e+00  0.0434118    18.9711 260.839470     2.1148      1.779    -2.2392    298.056     7.3295 -9.990e-29
      1.754    18.2795 257.607981     0.0305 5.2823e-02     1.0302    77.2943 8.1319e-01 0.0000e+00  0.0434118    18.9797 260.961196     2.1148      1.789    -2.2136    297.580     7.3270 -9.990e-29
      1.764    18.3327 257.595894     0.0208 3.2593e-02     1.0275    77.3466 7.9853e-01 0.0000e+00  0.0434118    18.9874 260.930756     2.1148      1.799    -2.2508    297.200     7.3241 -9.990e-29
      1.773    18.3744 257.668113     0.0330 2.6434e-02     1.0248    77.3989 8.0586e-01 0.0000e+00  0.0434118    18.9916 261.113354     2.1148      1.808    -2.1970    296.998     7.3218 -9.990e-29
      1.784    18.4156 257.643993     0.0195 2.9095e-02     1.0261    77.3727 7.9487e-01 0.0000e+00  0.0434118    18.9942 261.082917     2.1148      1.819    -2.2536    296.688     7.3197 -9.990e-29
      1.795    18.4607 257.668040     0.0354 4.5344e-02     1.0275    77.3466 7.5458e-01 0.0000e+00  0.0434118    18.9952 261.235086     2.1160      1.830    -2.1810    296.408     7.3233 -9.990e-29
      1.807    18.5028 257.643921     0.0183 5.2823e-02     1.0275    77.3466 7.1795e-01 0.0000e+00  0.0434118    18.9956 261.204652     2.1160      1.843    -2.2558    296.093     7.3210 -9.990e-29
      1.819    18.5396 257.643891     0.0354 5.2373e-02     1.0275    77.3466 7.3260e-01 0.0000e+00  0.0434118    18.9978 261.326385     2.1148      1.855    -2.1762    295.843     7.3130 -9.990e-29
      1.832    18.5688 257.595699     0.0195 4.0692e-02     1.0261    77.3727 7.4359e-01 0.0000e+00  0.0434118    19.0006 261.448120     2.1148      1.868    -2.2481    295.589     7.3100 -9.990e-29
      1.844    18.6037 257.704047     0.0342 3.4975e-02     1.0275    77.3466 7.3626e-01 0.0000e+00  0.0434118    19.0032 261.569853     2.1148      1.880    -2.1775    295.477     7.3074 -9.990e-29
      1.857    18.6433 257.679932     0.0220 3.4177e-02     1.0275    77.3466 7.0330e-01 0.0000e+00  0.0434118    19.0046 261.691592     2.1148      1.894    -2.2341    295.181     7.3045 -9.990e-29
      1.869    18.6728 257.728074     0.0317 1.9115e-02     1.0275    77.3466 6.8864e-01 0.0000e+00  0.0434118    19.0059 261.843762     2.1148      1.906    -2.1852    295.037     7.3017 -9.990e-29
      1.881    18.6945 257.643762     0.0256 1.0527e-02     1.0261    77.3727 6.9963e-01 0.0000e+00  0.0434118    19.0067 261.965500     2.1148      1.918    -2.2166    294.794     7.2985 -9.990e-29
      1.895    18.7171 257.667828     0.0293 9.5358e-03     1.0261    77.3727 7.0696e-01 0.0000e+00  0.0434118    19.0071 261.904632     2.1148      1.932    -2.1939    294.669     7.2959 -9.990e-29
      1.907    18.7423 257.703934     0.0281 1.2871e-02     1.0261    77.3727 7.1795e-01 0.0000e+00  0.0434118    19.0078 261.995936     2.1148      1.945    -2.2035    294.540     7.2928 -9.990e-29
      1.919    18.7640 257.691873     0.0244 1.5607e-02     1.0261    77.3727 7.1429e-01 0.0000e+00  0.0434118    19.0083 261.995935     2.1136      1.957    -2.2141    294.380     7.2839 -9.990e-29
      1.931    18.7804 257.691860     0.0305 1.2533e-02     1.0261    77.3727 7.2527e-01 0.0000e+00  0.0434118    19.0090 262.148109     2.1136      1.969    -2.1909    294.270     7.2806 -9.990e-29
      1.943    18.7917 257.619599     0.0208 2.5207e-03     1.0261    77.3727 7.6923e-01 0.0000e+00  0.0434118    19.0093 261.995935     2.1136      1.981    -2.2293    294.112     7.2770 -9.990e-29
      1.954    18.8012 257.643675     0.0330 1.0000e-12     1.0275    77.3466 8.3883e-01 0.0000e+00  0.0434118    19.0097 261.904631     2.1136      1.993    -2.1778    294.075     7.2740 -9.990e-29
      1.964    18.8102 257.691836     0.0183 1.0000e-12     1.0261    77.3727 8.6813e-01 0.0000e+00  0.0434118    19.0100 261.904631     2.1136      2.003    -2.2404    294.070     7.2702 -9.990e-29
      1.974    18.8175 257.739998     0.0354 1.0000e-12     1.0316    77.2682 9.1575e-01 0.0000e+00  0.0434118    19.0102 261.782892     2.1123      2.013    -2.1650    294.076     7.2612 -9.990e-29
      1.983    18.8235 257.715909     0.0171 1.0000e-12     1.1081    75.8044 9.2674e-01 0.0000e+00  0.0434118    19.0106 261.661154     2.1123      2.022    -2.2459    294.008     7.2578 -9.990e-29
      1.992    18.8292 257.752032     0.0354 8.5535e-03     1.1524    74.9679 8.6813e-01 0.0000e+00  0.0434118    19.0109 261.356813     2.1123      2.031    -2.1632    294.011     7.2546 -9.990e-29
      2.000    18.8325 257.727943     0.0183 8.7130e-02     1.1538    74.9418 8.4249e-01 0.0000e+00  0.0434118    19.0109 261.235077     2.1123      2.039    -2.2411    293.962     7.2513 -9.990e-29
      2.008    18.8261 257.824287     0.0342 1.3689e-01     1.1510    74.9940 9.7070e-01 0.0000e+00  0.0434118    19.0106 261.174211     2.1123      2.048    -2.1677    294.114     7.2479 -9.990e-29
      2.017    18.8047 257.776136     0.0208 1.3620e-01     1.1510    74.9940 9.9634e-01 0.0000e+00  0.0434118    19.0106 260.991610     2.1123      2.057    -2.2322    294.203     7.2442 -9.990e-29
      2.024    18.7770 257.764117     0.0330 6.6925e-02     1.1497    75.0202 9.1941e-01 0.0000e+00  0.0434118    19.0100 260.930743     2.1111      2.064    -2.1751    294.376     7.2354 -9.990e-29
      2.031    18.7465 257.836398     0.0244 3.9036e-02     1.1510    74.9940 8.3883e-01 0.0000e+00  0.0434118    19.0088 260.930746     2.1111      2.071    -2.2200    294.663     7.2321 -9.990e-29
      2.036    18.7153 257.884591     0.0293 3.6181e-02     1.1510    74.9940 7.6923e-01 0.0000e+00  0.0434118    19.0046 260.930747     2.1111      2.076    -2.1946    294.929     7.2290 -9.990e-29
      2.042    18.6842 257.896661     0.0281 1.3209e-02     1.1510    74.9940 7.5458e-01 0.0000e+00  0.0434118    18.9989 260.991621     2.1111      2.082    -2.2068    295.153     7.2261 -9.990e-29
      2.045    18.6440 257.872610     0.0256 3.7813e-04     1.1510    74.9940 7.7289e-01 0.0000e+00  0.0434118    18.9893 261.022063     2.1099      2.085    -2.2143    295.397     7.2186 -9.990e-29
      2.047    18.5911 257.860611     0.0305 1.0000e-12     1.1510    74.9940 7.9121e-01 0.0000e+00  0.0434118    18.9789 260.900337     2.1099      2.087    -2.1996    295.742     7.2171 -9.990e-29
      2.049    18.5359 257.884742     0.0220 5.4180e-02     1.1497    75.0202 8.0586e-01 0.0000e+00  0.0434118    18.9696 260.900344     2.1099      2.089    -2.2357    296.145     7.2149 -9.990e-29
      2.053    18.4787 257.872749     0.0330 1.3280e-01     1.1510    74.9940 7.9121e-01 0.0000e+00  0.0434118    18.9606 260.869920     2.1099      2.093    -2.1924    296.520     7.2127 -9.990e-29
      2.055    18.4187 257.957095     0.0195 1.5102e-01     1.1510    74.9940 7.6557e-01 0.0000e+00  0.0434118    18.9542 260.869926     2.1087      2.096    -2.2526    297.027     7.2045 -9.990e-29
      2.055    18.3686 257.921009     0.0342 1.1839e-01     1.1497    75.0202 7.9487e-01 0.0000e+00  0.0434118    18.9461 260.809065     2.1087      2.096    -2.1901    297.329     7.2024 -9.990e-29
      2.055    18.3254 257.884920     0.0183 8.4414e-02     1.1510    74.9940 8.2051e-01 0.0000e+00  0.0434118    18.9371 260.778641     2.1074      2.096    -2.2627    297.584     7.1946 -9.990e-29
      2.054    18.2845 257.921079     0.0354 7.7010e-02     1.1497    75.0202 7.9487e-01 0.0000e+00  0.0434118    18.9251 260.961249     2.1074      2.094    -2.1866    297.907     7.1935 -9.990e-29
      2.053    18.2402 257.897033     0.0195 7.1393e-02     1.1510    74.9940 7.6557e-01 0.0000e+00  0.0434118    18.9090 260.900397     2.1062      2.093    -2.2614    298.184     7.1880 -9.990e-29
      2.052    18.1975 257.921152     0.0342 5.8788e-02     1.1510    74.9940 7.7656e-01 0.0000e+00  0.0434118    18.8868 260.930848     2.1050      2.092    -2.1946    298.507     7.1838 -9.990e-29
      2.051    18.1636 257.945267     0.0208 5.5092e-02     1.1524    74.9679 8.4982e-01 0.0000e+00  0.0434118    18.8706 260.869997     2.1050      2.091    -2.2601    298.769     7.1842 -9.990e-29
      2.050    18.1380 257.969372     0.0330 5.0143e-02     1.1594    74.8372 8.4982e-01 0.0000e+00  0.0434118    18.8589 260.900438     2.1026      2.090    -2.2021    298.975     7.1734 -9.990e-29
      2.048    18.1187 257.981432     0.0232 3.6586e-02     1.1678    74.6804 8.0220e-01 0.0000e+00  0.0434118    18.8410 260.870022     2.1038      2.088    -2.2527    299.122     7.1809 -9.990e-29
