data/05_metadata_exports/SeabirdData/202310_SeabirdData/88777_STN29.cnv
* Sea-Bird SBE 9 Data File:
* FileName = C:\Users\rosette\Rosette Data\2023\Ontario lower food web csmi\STN29.hex
* Software Version Seasave V 7.26.6.26
* Temperature SN = 5270
* Conductivity SN = 1168
* Number of Bytes Per Scan = 40
* Number of Voltage Words = 5
* Number of Scans Averaged by the Deck Unit = 1
* NMEA Latitude = 43 49.17 N
* NMEA Longitude = 078 52.25 W
* NMEA UTC (Time) = Sep 27 2023  08:14:55
* NMEA baud rate = 4800
** Ship: Lake Guardian
** Cruise: Ontario Lower Food Web 2023
** Station:  STN29
# nquan = 18                                
# nvalues = 10301                       
# units = specified
# name 0 = prDM: Pressure, Digiquartz [db]
# name 1 = t090C: Temperature [ITS-90, deg C]
# name 2 = c0uS/cm: Conductivity [uS/cm]
# name 3 = sbeox0V: Oxygen raw, SBE 43 [V]
# name 4 = par: PAR/Irradiance, Biospherical/Licor
# name 5 = bat: Beam Attenuation, Chelsea/Seatech [1/m]
# name 6 = xmiss: Beam Transmission, Chelsea/Seatech [%]
# name 7 = flSP: Fluorescence, Seapoint
# name 8 = spar: SPAR, Biospherical/Licor
# name 9 = upoly0: Upoly 0, Suna Nitrate
# name 10 = t190C: Temperature, 2 [ITS-90, deg C]
# name 11 = c1uS/cm: Conductivity, 2 [uS/cm]
# name 12 = sbeox1V: Oxygen raw, SBE 43, 2 [V]
# name 13 = depFM: Depth [fresh water, m], lat = 43.8195
# name 14 = sbeox0Mg/L: Oxygen, SBE 43 [mg/l], WS = 2
# name 15 = specc: Specific Conductance [uS/cm]
# name 16 = sbeox1Mg/L: Oxygen, SBE 43, 2 [mg/l], WS = 2
# name 17 = flag: flag
# span 0 =      0.021,     27.383       
# span 1 =    15.0883,    19.0332       
# span 2 =  24.796759, 266.330673       
# span 3 =     0.0171,     0.0366       
# span 4 = 1.0000e-12, 2.9007e+00       
# span 5 =     0.1509,    10.9929       
# span 6 =     6.4042,    96.2977       
# span 7 = 9.1575e-02, 1.7070e+00       
# span 8 = 0.0000e+00, 0.0000e+00       
# span 9 =  0.0413330,  0.0625367       
# span 10 =    14.7623,    19.0316      
# span 11 =   1.843207, 267.536417      
# span 12 =     1.9353,     2.6923      
# span 13 =      0.021,     27.923      
# span 14 =    -2.4314,    -2.1499      
# span 15 =     30.696,    302.425      
# span 16 =     6.4794,    10.4215      
# span 17 = 0.0000e+00, 0.0000e+00      
# interval = seconds: 0.0416667
# start_time = Sep 27 2023 08:14:55 [NMEA time, header]
# bad_flag = -9.990e-29
*END*
[from data line 6111]
     27.222    19.0273 266.222189     0.0293 1.0000e-12     0.9952    77.9739 8.3516e-01 0.0000e+00  0.0554688    19.0242 267.292879     2.5360     27.759    -2.1878    302.306     9.2475 -9.990e-29
     27.221    19.0275 266.198081     0.0269 1.0000e-12     0.9992    77.8955 8.1685e-01 0.0000e+00  0.0558845    19.0243 267.323321     2.5360     27.758    -2.2032    302.278     9.2476 -9.990e-29
     27.220    19.0275 266.198080     0.0269 1.0000e-12     1.0127    77.6341 7.9853e-01 0.0000e+00  0.0558845    19.0243 267.414647     2.5348     27.757    -2.1984    302.278     9.2423 -9.990e-29
     27.219    19.0277 266.222190     0.0293 1.0000e-12     1.0180    77.5296 7.8755e-01 0.0000e+00  0.0558845    19.0238 267.262438     2.5360     27.756    -2.1923    302.304     9.2482 -9.990e-29
     27.218    19.0277 266.198080     0.0232 1.0000e-12     1.0180    77.5296 8.0952e-01 0.0000e+00  0.0558845    19.0242 267.231992     2.5348     27.755    -2.2152    302.276     9.2429 -9.990e-29
     27.218    19.0279 266.198081     0.0317 1.0000e-12     1.0180    77.5296 9.0110e-01 0.0000e+00  0.0558845    19.0243 267.323321     2.5348     27.755    -2.1810    302.275     9.2432 -9.990e-29
     27.219    19.0279 266.198081     0.0208 1.0000e-12     1.0180    77.5296 9.1209e-01 0.0000e+00  0.0554688    19.0243 267.323321     2.5348     27.756    -2.2258    302.275     9.2435 -9.990e-29
     27.219    19.0277 266.222189     0.0330 1.0000e-12     1.0180    77.5296 8.5348e-01 0.0000e+00  0.0550530    19.0243 267.231993     2.5348     27.756    -2.1742    302.304     9.2439 -9.990e-29
     27.219    19.0280 266.198081     0.0195 1.0000e-12     1.0180    77.5296 8.0952e-01 0.0000e+00  0.0554688    19.0243 267.262436     2.5348     27.756    -2.2323    302.274     9.2443 -9.990e-29
     27.218    19.0282 266.198081     0.0342 1.0000e-12     1.0180    77.5296 7.9853e-01 0.0000e+00  0.0558845    19.0245 267.353763     2.5348     27.755    -2.1678    302.273     9.2447 -9.990e-29
     27.216    19.0280 266.198081     0.0183 1.0000e-12     1.0180    77.5296 8.0220e-01 0.0000e+00  0.0558845    19.0250 267.323320     2.5348     27.753    -2.2378    302.274     9.2451 -9.990e-29
     27.215    19.0280 266.234241     0.0354 1.0000e-12     1.0180    77.5296 8.3883e-01 0.0000e+00  0.0550530    19.0245 267.353761     2.5348     27.752    -2.1606    302.315     9.2457 -9.990e-29
     27.215    19.0280 266.186027     0.0195 1.0000e-12     1.0194    77.5034 9.0842e-01 0.0000e+00  0.0554688    19.0247 267.353763     2.5348     27.752    -2.2326    302.260     9.2463 -9.990e-29
     27.216    19.0280 266.234243     0.0354 1.0000e-12     1.0194    77.5034 9.3040e-01 0.0000e+00  0.0558845    19.0252 267.353763     2.5348     27.753    -2.1595    302.315     9.2463 -9.990e-29
     27.216    19.0280 266.210135     0.0195 1.0000e-12     1.0180    77.5296 8.9377e-01 0.0000e+00  0.0558845    19.0250 267.323320     2.5348     27.753    -2.2336    302.288     9.2470 -9.990e-29
     27.217    19.0277 266.198080     0.0342 1.0000e-12     1.0194    77.5034 8.2418e-01 0.0000e+00  0.0558845    19.0255 267.323319     2.5348     27.754    -2.1648    302.276     9.2471 -9.990e-29
     27.218    19.0279 266.149866     0.0220 1.0000e-12     1.0180    77.5296 7.6190e-01 0.0000e+00  0.0558845    19.0256 267.231992     2.5348     27.755    -2.2230    302.220     9.2477 -9.990e-29
     27.220    19.0279 266.137814     0.0317 1.0000e-12     1.0194    77.5034 7.1795e-01 0.0000e+00  0.0554688    19.0254 267.323321     2.5348     27.757    -2.1755    302.206     9.2488 -9.990e-29
     27.220    19.0279 266.210134     0.0256 1.0000e-12     1.0194    77.5034 7.1429e-01 0.0000e+00  0.0554688    19.0257 267.414646     2.5348     27.757    -2.2071    302.288     9.2495 -9.990e-29
     27.220    19.0277 266.198081     0.0293 1.0000e-12     1.0194    77.5034 7.2527e-01 0.0000e+00  0.0554688    19.0259 267.231992     2.5336     27.757    -2.1861    302.276     9.2451 -9.990e-29
     27.221    19.0279 266.198081     0.0281 1.0000e-12     1.0180    77.5296 7.1429e-01 0.0000e+00  0.0554688    19.0260 267.414647     2.5348     27.758    -2.1961    302.275     9.2513 -9.990e-29
     27.221    19.0280 266.222188     0.0256 1.0000e-12     1.0180    77.5296 6.9231e-01 0.0000e+00  0.0558845    19.0257 267.353762     2.5348     27.758    -2.2025    302.301     9.2521 -9.990e-29
     27.221    19.0279 266.198081     0.0305 1.0000e-12     0.9992    77.8955 6.9963e-01 0.0000e+00  0.0558845    19.0259 267.231992     2.5348     27.758    -2.1852    302.275     9.2528 -9.990e-29
     27.221    19.0279 266.234243     0.0220 1.0000e-12     0.9871    78.1308 7.2527e-01 0.0000e+00  0.0554688    19.0256 267.292877     2.5348     27.758    -2.2192    302.316     9.2536 -9.990e-29
     27.221    19.0280 266.186026     0.0330 1.0000e-12     0.9871    78.1308 7.5092e-01 0.0000e+00  0.0554688    19.0258 267.292875     2.5336     27.758    -2.1733    302.260     9.2483 -9.990e-29
     27.223    19.0280 266.210136     0.0208 1.0000e-12     0.9871    78.1308 7.3260e-01 0.0000e+00  0.0558845    19.0256 267.384206     2.5348     27.760    -2.2248    302.288     9.2546 -9.990e-29
     27.224    19.0279 266.198080     0.0342 1.0000e-12     0.9885    78.1046 6.9963e-01 0.0000e+00  0.0558845    19.0257 267.262434     2.5348     27.761    -2.1669    302.275     9.2553 -9.990e-29
     27.226    19.0284 266.234243     0.0195 1.0000e-12     0.9871    78.1308 7.0330e-01 0.0000e+00  0.0558845    19.0261 267.292878     2.5348     27.763    -2.2307    302.312     9.2555 -9.990e-29
     27.227    19.0282 266.258349     0.0354 1.0000e-12     0.9871    78.1308 7.5092e-01 0.0000e+00  0.0554688    19.0259 267.231991     2.5348     27.764    -2.1601    302.341     9.2563 -9.990e-29
     27.228    19.0282 266.186028     0.0195 1.0000e-12     0.9871    78.1308 7.8755e-01 0.0000e+00  0.0554688    19.0257 267.323321     2.5348     27.765    -2.2314    302.259     9.2566 -9.990e-29
     27.229    19.0284 266.234242     0.0354 1.0000e-12     0.9885    78.1046 7.7656e-01 0.0000e+00  0.0554688    19.0259 267.201550     2.5348     27.766    -2.1596    302.312     9.2568 -9.990e-29
     27.230    19.0284 266.258348     0.0195 1.0000e-12     0.9871    78.1308 7.5824e-01 0.0000e+00  0.0558845    19.0261 267.323318     2.5348     27.767    -2.2324    302.340     9.2570 -9.990e-29
     27.232    19.0287 266.258350     0.0342 1.0000e-12     0.9871    78.1308 7.3260e-01 0.0000e+00  0.0563003    19.0259 267.353763     2.5348     27.769    -2.1644    302.338     9.2573 -9.990e-29
     27.235    19.0286 266.161918     0.0208 1.0000e-12     0.9871    78.1308 7.3993e-01 0.0000e+00  0.0558845    19.0257 267.262434     2.5348     27.772    -2.2273    302.229     9.2575 -9.990e-29
     27.238    19.0287 266.210135     0.0330 1.0000e-12     0.9871    78.1308 7.6557e-01 0.0000e+00  0.0554688    19.0255 267.323321     2.5348     27.775    -2.1694    302.283     9.2577 -9.990e-29
     27.240    19.0287 266.198082     0.0244 1.0000e-12     0.9871    78.1308 7.8022e-01 0.0000e+00  0.0550530    19.0254 267.323321     2.5348     27.777    -2.2123    302.269     9.2579 -9.990e-29
     27.240    19.0286 266.173973     0.0305 1.0000e-12     0.9871    78.1308 7.8022e-01 0.0000e+00  0.0554688    19.0256 267.231993     2.5348     27.777    -2.1806    302.243     9.2580 -9.990e-29
     27.240    19.0287 266.234242     0.0269 1.0000e-12     0.9885    78.1046 7.8388e-01 0.0000e+00  0.0563003    19.0254 267.384205     2.5348     27.777    -2.2015    302.310     9.2582 -9.990e-29
     27.241    19.0289 266.282457     0.0269 1.0000e-12     0.9885    78.1046 8.1685e-01 0.0000e+00  0.0563003    19.0256 267.353762     2.5348     27.778    -2.1968    302.364     9.2583 -9.990e-29
     27.243    19.0287 266.246295     0.0293 1.0000e-12     0.9885    78.1046 8.7546e-01 0.0000e+00  0.0563003    19.0255 267.231992     2.5348     27.780    -2.1912    302.324     9.2584 -9.990e-29
     27.246    19.0286 266.198082     0.0244 1.0000e-12     0.9871    78.1308 9.5971e-01 0.0000e+00  0.0563003    19.0254 267.231994     2.5360     27.783    -2.2084    302.270     9.2640 -9.990e-29
     27.248    19.0287 266.234242     0.0317 1.0000e-12     0.9885    78.1046 9.9267e-01 0.0000e+00  0.0558845    19.0254 267.292878     2.5360     27.785    -2.1801    302.310     9.2640 -9.990e-29
     27.250    19.0287 266.210135     0.0220 1.0000e-12     1.0059    77.7648 9.5971e-01 0.0000e+00  0.0558845    19.0254 267.353763     2.5348     27.787    -2.2197    302.283     9.2586 -9.990e-29
     27.252    19.0287 266.198080     0.0330 1.0000e-12     1.0221    77.4512 8.9744e-01 0.0000e+00  0.0558845    19.0261 267.262434     2.5360     27.789    -2.1735    302.269     9.2640 -9.990e-29
     27.254    19.0287 266.198081     0.0195 1.0000e-12     1.0248    77.3989 8.3516e-01 0.0000e+00  0.0563003    19.0260 267.231992     2.5360     27.791    -2.2309    302.269     9.2635 -9.990e-29
     27.258    19.0286 266.198082     0.0354 1.0000e-12     1.0248    77.3989 7.8388e-01 0.0000e+00  0.0558845    19.0264 267.231993     2.5360     27.795    -2.1611    302.270     9.2634 -9.990e-29
     27.261    19.0286 266.270405     0.0183 1.0000e-12     1.0234    77.4250 7.4725e-01 0.0000e+00  0.0554688    19.0262 267.292878     2.5360     27.798    -2.2363    302.352     9.2638 -9.990e-29
     27.262    19.0284 266.222189     0.0354 1.0000e-12     1.0234    77.4250 7.2161e-01 0.0000e+00  0.0558845    19.0268 267.414647     2.5360     27.799    -2.1596    302.299     9.2641 -9.990e-29
     27.263    19.0284 266.222188     0.0195 1.0000e-12     1.0234    77.4250 7.2527e-01 0.0000e+00  0.0563003    19.0264 267.353761     2.5348     27.801    -2.2314    302.299     9.2585 -9.990e-29
     27.264    19.0284 266.198083     0.0354 1.0000e-12     1.0234    77.4250 7.4359e-01 0.0000e+00  0.0558845    19.0265 267.323321     2.5360     27.802    -2.1590    302.271     9.2638 -9.990e-29
     27.266    19.0287 266.234242     0.0208 1.0000e-12     1.0248    77.3989 7.6923e-01 0.0000e+00  0.0558845    19.0266 267.231991     2.5360     27.804    -2.2265    302.310     9.2641 -9.990e-29
     27.269    19.0284 266.234244     0.0342 1.0000e-12     1.0248    77.3989 8.0952e-01 0.0000e+00  0.0558845    19.0261 267.262436     2.5360     27.807    -2.1637    302.312     9.2644 -9.990e-29
     27.272    19.0286 266.198082     0.0232 1.0000e-12     1.0234    77.4250 8.6447e-01 0.0000e+00  0.0558845    19.0264 267.292878     2.5360     27.810    -2.2163    302.270     9.2645 -9.990e-29
     27.274    19.0284 266.173975     0.0317 1.0000e-12     1.0248    77.3989 8.8645e-01 0.0000e+00  0.0554688    19.0262 267.353763     2.5360     27.812    -2.1744    302.244     9.2646 -9.990e-29
     27.275    19.0287 266.234244     0.0244 1.0000e-12     1.0248    77.3989 8.7179e-01 0.0000e+00  0.0554688    19.0261 267.201552     2.5360     27.813    -2.2116    302.310     9.2647 -9.990e-29
     27.275    19.0290 266.234243     0.0293 1.0000e-12     1.0234    77.4250 8.3883e-01 0.0000e+00  0.0558845    19.0262 267.292878     2.5360     27.813    -2.1853    302.308     9.2648 -9.990e-29
     27.276    19.0286 266.234242     0.0281 1.0000e-12     1.0234    77.4250 7.8755e-01 0.0000e+00  0.0563003    19.0256 267.353762     2.5360     27.814    -2.1956    302.311     9.2649 -9.990e-29
     27.279    19.0287 266.198082     0.0269 1.0000e-12     1.0234    77.4250 7.2894e-01 0.0000e+00  0.0558845    19.0261 267.323320     2.5360     27.817    -2.1963    302.269     9.2648 -9.990e-29
     27.281    19.0289 266.173976     0.0305 1.0000e-12     1.0234    77.4250 6.8498e-01 0.0000e+00  0.0554688    19.0258 267.353765     2.5360     27.819    -2.1850    302.241     9.2648 -9.990e-29
     27.283    19.0289 266.186027     0.0232 1.0000e-12     1.0234    77.4250 6.5934e-01 0.0000e+00  0.0554688    19.0262 267.353762     2.5360     27.821    -2.2135    302.254     9.2646 -9.990e-29
     27.284    19.0291 266.222190     0.0330 1.0000e-12     1.0234    77.4250 6.6300e-01 0.0000e+00  0.0558845    19.0257 267.262438     2.5360     27.822    -2.1732    302.294     9.2646 -9.990e-29
     27.284    19.0289 266.246297     0.0208 1.0000e-12     1.0248    77.3989 6.9963e-01 0.0000e+00  0.0558845    19.0262 267.292878     2.5360     27.822    -2.2245    302.323     9.2648 -9.990e-29
     27.285    19.0291 266.210134     0.0342 1.0000e-12     1.0180    77.5296 7.5824e-01 0.0000e+00  0.0558845    19.0262 267.231992     2.5360     27.823    -2.1668    302.280     9.2651 -9.990e-29
     27.287    19.0290 266.222190     0.0195 1.0000e-12     1.0100    77.6864 8.2051e-01 0.0000e+00  0.0554688    19.0263 267.231995     2.5360     27.825    -2.2309    302.295     9.2653 -9.990e-29
     27.288    19.0291 266.246297     0.0354 1.0000e-12     1.0073    77.7387 8.4982e-01 0.0000e+00  0.0558845    19.0262 267.171109     2.5360     27.826    -2.1608    302.321     9.2649 -9.990e-29
     27.287    19.0289 266.258350     0.0195 1.0000e-12     1.0073    77.7387 8.8645e-01 0.0000e+00  0.0558845    19.0262 267.201551     2.5360     27.825    -2.2319    302.336     9.2650 -9.990e-29
     27.287    19.0293 266.210135     0.0354 1.0000e-12     1.0073    77.7387 8.8278e-01 0.0000e+00  0.0558845    19.0262 267.292878     2.5360     27.825    -2.1603    302.279     9.2651 -9.990e-29
     27.288    19.0291 266.222189     0.0195 1.0000e-12     1.0073    77.7387 8.3150e-01 0.0000e+00  0.0554688    19.0262 267.323321     2.5360     27.826    -2.2329    302.294     9.2652 -9.990e-29
     27.289    19.0289 266.186028     0.0354 1.0000e-12     1.0073    77.7387 7.6557e-01 0.0000e+00  0.0554688    19.0263 267.262435     2.5360     27.827    -2.1601    302.254     9.2656 -9.990e-29
     27.291    19.0289 266.210136     0.0220 1.0000e-12     1.0073    77.7387 7.2527e-01 0.0000e+00  0.0558845    19.0259 267.292879     2.5360     27.829    -2.2231    302.282     9.2656 -9.990e-29
     27.292    19.0289 266.234243     0.0342 1.0000e-12     1.0073    77.7387 7.5824e-01 0.0000e+00  0.0558845    19.0259 267.231993     2.5372     27.830    -2.1653    302.309     9.2711 -9.990e-29
     27.294    19.0287 266.234245     0.0244 1.0000e-12     1.0073    77.7387 7.7289e-01 0.0000e+00  0.0554688    19.0262 267.262437     2.5372     27.832    -2.2134    302.310     9.2709 -9.990e-29
     27.294    19.0287 266.186029     0.0317 1.0000e-12     1.0073    77.7387 7.6557e-01 0.0000e+00  0.0550530    19.0261 267.353763     2.5360     27.832    -2.1769    302.256     9.2654 -9.990e-29
     27.294    19.0286 266.186028     0.0256 1.0000e-12     1.0073    77.7387 7.9121e-01 0.0000e+00  0.0558845    19.0258 267.384205     2.5372     27.832    -2.2091    302.256     9.2703 -9.990e-29
     27.294    19.0286 266.198082     0.0281 1.0000e-12     1.0073    77.7387 8.8278e-01 0.0000e+00  0.0563003    19.0259 267.262436     2.5372     27.832    -2.1933    302.270     9.2702 -9.990e-29
     27.295    19.0282 266.173975     0.0293 1.0000e-12     1.0073    77.7387 8.4982e-01 0.0000e+00  0.0558845    19.0261 267.171109     2.5372     27.833    -2.1928    302.245     9.2700 -9.990e-29
     27.296    19.0286 266.186030     0.0256 1.0000e-12     1.0073    77.7387 7.6923e-01 0.0000e+00  0.0554688    19.0261 267.262437     2.5372     27.834    -2.2051    302.256     9.2698 -9.990e-29
     27.295    19.0282 266.173975     0.0317 1.0000e-12     1.0073    77.7387 7.4359e-01 0.0000e+00  0.0554688    19.0263 267.323321     2.5372     27.833    -2.1822    302.245     9.2695 -9.990e-29
     27.295    19.0282 266.186028     0.0220 1.0000e-12     1.0086    77.7126 7.1795e-01 0.0000e+00  0.0558845    19.0269 267.414647     2.5372     27.833    -2.2218    302.259     9.2692 -9.990e-29
