data/05_metadata_exports/SeabirdData/202310_SeabirdData/88777_STN29.cnv
* Sea-Bird SBE 9 Data File:
* FileName = C:\Users\rosette\Rosette Data\2023\Ontario lower food web csmi\STN29.hex
* Software Version Seasave V 7.26.6.26
* Temperature SN = 5270
* Conductivity SN = 1168
* Number of Bytes Per Scan = 40
* Number of Voltage Words = 5
* Number of Scans Averaged by the Deck Unit = 1
* NMEA Latitude = 43 49.17 N
* NMEA Longitude = 078 52.25 W
* NMEA UTC (Time) = Sep 27 2023  08:14:55
* NMEA baud rate = 4800
** Ship: Lake Guardian
** Cruise: Ontario Lower Food Web 2023
** Station:  STN29
# nquan = 18                                
# nvalues = 10301                       
# units = specified
# name 0 = prDM: Pressure, Digiquartz [db]
# name 1 = t090C: Temperature [ITS-90, deg C]
# name 2 = c0uS/cm: Conductivity [uS/cm]
# name 3 = sbeox0V: Oxygen raw, SBE 43 [V]
# name 4 = par: PAR/Irradiance, Biospherical/Licor
# name 5 = bat: Beam Attenuation, Chelsea/Seatech [1/m]
# name 6 = xmiss: Beam Transmission, Chelsea/Seatech [%]
# name 7 = flSP: Fluorescence, Seapoint
# name 8 = spar: SPAR, Biospherical/Licor
# name 9 = upoly0: Upoly 0, Suna Nitrate
# name 10 = t190C: Temperature, 2 [ITS-90, deg C]
# name 11 = c1uS/cm: Conductivity, 2 [uS/cm]
# name 12 = sbeox1V: Oxygen raw, SBE 43, 2 [V]
# name 13 = depFM: Depth [fresh water, m], lat = 43.8195
# name 14 = sbeox0Mg/L: Oxygen, SBE 43 [mg/l], WS = 2
# name 15 = specc: Specific Conductance [uS/cm]
# name 16 = sbeox1Mg/L: Oxygen, SBE 43, 2 [mg/l], WS = 2
# name 17 = flag: flag
# span 0 =      0.021,     27.383       
# span 1 =    15.0883,    19.0332       
# span 2 =  24.796759, 266.330673       
# span 3 =     0.0171,     0.0366       
# span 4 = 1.0000e-12, 2.9007e+00       
# span 5 =     0.1509,    10.9929       
# span 6 =     6.4042,    96.2977       
# span 7 = 9.1575e-02, 1.7070e+00       
# span 8 = 0.0000e+00, 0.0000e+00       
# span 9 =  0.0413330,  0.0625367       
# span 10 =    14.7623,    19.0316      
# span 11 =   1.843207, 267.536417      
# span 12 =     1.9353,     2.6923      
# span 13 =      0.021,     27.923      
# span 14 =    -2.4314,    -2.1499      
# span 15 =     30.696,    302.425      
# span 16 =     6.4794,    10.4215      
# span 17 = 0.0000e+00, 0.0000e+00      
# interval = seconds: 0.0416667
# start_time = Sep 27 2023 08:14:55 [NMEA time, header]
# bad_flag = -9.990e-29
*END*
[from data line 161]
      0.152    15.1316  86.804327     0.0256 1.5782e+00     0.1531    96.2454 9.5238e-02 0.0000e+00  0.0413330    14.7654   2.655011     2.5958      0.155    -2.3851    108.140    10.4149 -9.990e-29
      0.150    15.1321  86.591836     0.0293 1.3779e+00     0.1531    96.2454 9.5238e-02 0.0000e+00  0.0413330    14.7650   2.594877     2.5946      0.153    -2.3733    107.874    10.4081 -9.990e-29
      0.149    15.1321  86.379349     0.0220 1.3166e+00     0.1531    96.2454 9.5238e-02 0.0000e+00  0.0413330    14.7649   2.685079     2.5946      0.152    -2.4032    107.609    10.4072 -9.990e-29
      0.149    15.1316  86.332131     0.0317 1.3613e+00     0.1531    96.2454 9.5238e-02 0.0000e+00  0.0413330    14.7650   3.045891     2.5946      0.152    -2.3608    107.552    10.4063 -9.990e-29
      0.150    15.1318  86.438373     0.0195 1.5641e+00     0.1542    96.2193 9.1575e-02 0.0000e+00  0.0413330    14.7647   2.655011     2.5946      0.153    -2.4156    107.683    10.4056 -9.990e-29
      0.151    15.1317  86.662666     0.0342 1.6508e+00     0.1520    96.2716 9.5238e-02 0.0000e+00  0.0413330    14.7652   2.234072     2.5946      0.154    -2.3473    107.963    10.4053 -9.990e-29
      0.152    15.1317  86.886965     0.0183 1.6459e+00     0.1542    96.2193 9.5238e-02 0.0000e+00  0.0413330    14.7654   2.294206     2.5958      0.155    -2.4226    108.242    10.4111 -9.990e-29
      0.152    15.1318  87.123075     0.0354 1.5782e+00     0.1542    96.2193 9.5238e-02 0.0000e+00  0.0413330    14.7656   2.264139     2.5958      0.155    -2.3397    108.536    10.4110 -9.990e-29
      0.152    15.1319  87.300162     0.0195 1.5454e+00     0.1531    96.2454 9.5238e-02 0.0000e+00  0.0413330    14.7654   2.775281     2.5946      0.155    -2.4175    108.757    10.4050 -9.990e-29
      0.153    15.1320  87.489059     0.0342 1.5407e+00     0.1542    96.2193 9.8901e-02 0.0000e+00  0.0413330    14.7659   2.715146     2.5946      0.156    -2.3431    108.992    10.4049 -9.990e-29
      0.155    15.1322  87.618929     0.0208 1.4463e+00     0.1542    96.2193 9.5238e-02 0.0000e+00  0.0413330    14.7654   2.534742     2.5958      0.158    -2.4119    109.153    10.4104 -9.990e-29
      0.156    15.1326  87.772413     0.0330 1.3863e+00     0.1542    96.2193 9.5238e-02 0.0000e+00  0.0413330    14.7655   2.564809     2.5946      0.159    -2.3481    109.343    10.4044 -9.990e-29
      0.157    15.1328  87.796026     0.0244 1.3821e+00     0.1531    96.2454 9.5238e-02 0.0000e+00  0.0413330    14.7656   2.474608     2.5946      0.160    -2.3956    109.372    10.4045 -9.990e-29
      0.158    15.1333  87.807833     0.0293 1.5735e+00     0.1542    96.2193 9.5238e-02 0.0000e+00  0.0413330    14.7655   2.264139     2.5946      0.161    -2.3657    109.385    10.4046 -9.990e-29
      0.156    15.1337  87.736993     0.0269 1.7369e+00     0.1531    96.2454 9.5238e-02 0.0000e+00  0.0413330    14.7654   2.685079     2.5946      0.159    -2.3841    109.296    10.4046 -9.990e-29
      0.155    15.1338  87.925900     0.0256 1.7683e+00     0.1531    96.2454 9.5238e-02 0.0000e+00  0.0413330    14.7652   2.685079     2.5958      0.158    -2.3844    109.531    10.4107 -9.990e-29
      0.153    15.1345  87.382804     0.0305 1.6069e+00     0.1531    96.2454 9.5238e-02 0.0000e+00  0.0413330    14.7656   2.594877     2.5946      0.156    -2.3668    108.853    10.4047 -9.990e-29
      0.152    15.1347  86.886964     0.0220 1.4594e+00     0.1542    96.2193 9.5238e-02 0.0000e+00  0.0413330    14.7657   2.624944     2.5946      0.155    -2.4026    108.234    10.4047 -9.990e-29
      0.151    15.1352  86.721690     0.0330 1.4289e+00     0.1531    96.2454 9.5238e-02 0.0000e+00  0.0413330    14.7654   2.865484     2.5946      0.154    -2.3539    108.027    10.4048 -9.990e-29
      0.149    15.1352  86.414762     0.0195 1.4816e+00     0.1542    96.2193 9.5238e-02 0.0000e+00  0.0413330    14.7654   3.045891     2.5958      0.152    -2.4150    107.645    10.4115 -9.990e-29
      0.147    15.1357  86.107845     0.0342 1.5547e+00     0.1542    96.2193 9.5238e-02 0.0000e+00  0.0413330    14.7659   3.136095     2.5958      0.150    -2.3462    107.261    10.4121 -9.990e-29
      0.146    15.1355  85.812744     0.0183 1.5782e+00     0.1542    96.2193 9.5238e-02 0.0000e+00  0.0413330    14.7661   3.106027     2.5946      0.149    -2.4220    106.894    10.4068 -9.990e-29
      0.144    15.1357  85.482242     0.0354 1.6069e+00     0.1531    96.2454 9.5238e-02 0.0000e+00  0.0413330    14.7664   3.106027     2.5934      0.147    -2.3396    106.482    10.4008 -9.990e-29
      0.143    15.1355  84.986514     0.0183 1.6858e+00     0.1531    96.2454 9.5238e-02 0.0000e+00  0.0413330    14.7664   2.745214     2.5934      0.146    -2.4238    105.865    10.4010 -9.990e-29
      0.144    15.1357  84.573430     0.0342 1.7061e+00     0.1531    96.2454 9.5238e-02 0.0000e+00  0.0413330    14.7671   2.805349     2.5934      0.147    -2.3440    105.350    10.4015 -9.990e-29
      0.144    15.1357  84.467211     0.0208 1.6263e+00     0.1531    96.2454 9.5238e-02 0.0000e+00  0.0413330    14.7668   2.865484     2.5934      0.147    -2.4128    105.218    10.4023 -9.990e-29
      0.145    15.1352  84.750464     0.0317 1.3737e+00     0.1531    96.2454 9.5238e-02 0.0000e+00  0.0413330    14.7672   3.045891     2.5934      0.148    -2.3553    105.572    10.4024 -9.990e-29
      0.146    15.1355  85.222571     0.0244 1.2888e+00     0.1542    96.2193 9.5238e-02 0.0000e+00  0.0413330    14.7671   3.376641     2.5934      0.149    -2.3965    106.159    10.4026 -9.990e-29
      0.149    15.1350  85.706510     0.0293 1.3206e+00     0.1542    96.2193 9.5238e-02 0.0000e+00  0.0413330    14.7678   3.075959     2.5934      0.152    -2.3672    106.763    10.4026 -9.990e-29
      0.153    15.1350  86.025216     0.0269 1.5500e+00     0.1542    96.2193 9.5238e-02 0.0000e+00  0.0413330    14.7678   2.955687     2.5934      0.156    -2.3851    107.160    10.4028 -9.990e-29
      0.156    15.1353  86.332130     0.0256 1.6608e+00     0.1542    96.2193 9.5238e-02 0.0000e+00  0.0413330    14.7679   2.564809     2.5934      0.159    -2.3854    107.542    10.4029 -9.990e-29
      0.159    15.1352  86.521006     0.0305 1.6657e+00     0.1531    96.2454 9.5238e-02 0.0000e+00  0.0413330    14.7679   2.715146     2.5934      0.162    -2.3674    107.777    10.4037 -9.990e-29
      0.160    15.1357  86.402957     0.0220 1.5830e+00     0.1531    96.2454 9.5238e-02 0.0000e+00  0.0413330    14.7681   2.955687     2.5934      0.163    -2.4032    107.629    10.4044 -9.990e-29
      0.160    15.1357  85.918980     0.0342 1.5454e+00     0.1531    96.2454 9.5238e-02 0.0000e+00  0.0413330    14.7678   3.226299     2.5934      0.163    -2.3482    107.026    10.4047 -9.990e-29
      0.159    15.1359  85.387815     0.0195 1.5407e+00     0.1531    96.2454 9.1575e-02 0.0000e+00  0.0413330    14.7674   3.075959     2.5934      0.162    -2.4157    106.364    10.4050 -9.990e-29
      0.159    15.1362  84.833081     0.0354 1.4550e+00     0.1531    96.2454 9.5238e-02 0.0000e+00  0.0413330    14.7678   2.955687     2.5946      0.162    -2.3407    105.672    10.4118 -9.990e-29
      0.157    15.1360  84.183969     0.0183 1.3989e+00     0.1531    96.2454 9.1575e-02 0.0000e+00  0.0413330    14.7674   2.775281     2.5946      0.160    -2.4224    104.864    10.4121 -9.990e-29
      0.154    15.1363  83.629313     0.0354 1.3863e+00     0.1531    96.2454 9.5238e-02 0.0000e+00  0.0413330    14.7678   2.775281     2.5946      0.157    -2.3390    104.172    10.4122 -9.990e-29
      0.151    15.1362  83.275296     0.0183 1.5688e+00     0.1520    96.2716 9.5238e-02 0.0000e+00  0.0413330    14.7683   3.136095     2.5946      0.154    -2.4237    103.731    10.4123 -9.990e-29
      0.149    15.1360  82.909494     0.0342 1.7578e+00     0.1531    96.2454 9.5238e-02 0.0000e+00  0.0413330    14.7682   3.136095     2.5946      0.152    -2.3440    103.276    10.4126 -9.990e-29
      0.149    15.1360  82.531910     0.0208 1.7949e+00     0.1520    96.2716 9.5238e-02 0.0000e+00  0.0413330    14.7684   3.256368     2.5946      0.152    -2.4133    102.806    10.4134 -9.990e-29
      0.147    15.1359  82.059953     0.0317 1.6608e+00     0.1531    96.2454 9.5238e-02 0.0000e+00  0.0413330    14.7688   2.805349     2.5946      0.150    -2.3558    102.218    10.4136 -9.990e-29
      0.144    15.1357  81.682406     0.0244 1.5041e+00     0.1520    96.2716 9.5238e-02 0.0000e+00  0.0413330    14.7688   2.384407     2.5934      0.147    -2.3975    101.749    10.4078 -9.990e-29
      0.140    15.1355  81.481841     0.0293 1.4683e+00     0.1520    96.2716 9.5238e-02 0.0000e+00  0.0413330    14.7695   2.624944     2.5946      0.143    -2.3676    101.499    10.4139 -9.990e-29
      0.138    15.1353  81.281281     0.0269 1.4996e+00     0.1520    96.2716 9.8901e-02 0.0000e+00  0.0413330    14.7696   2.775281     2.5946      0.141    -2.3855    101.250    10.4148 -9.990e-29
      0.137    15.1352  81.340269     0.0244 1.5594e+00     0.1520    96.2716 9.5238e-02 0.0000e+00  0.0413330    14.7703   2.895552     2.5958      0.140    -2.3915    101.324    10.4215 -9.990e-29
      0.138    15.1352  81.529032     0.0293 1.5782e+00     0.1520    96.2716 9.5238e-02 0.0000e+00  0.0413330    14.7705   2.865484     2.5946      0.141    -2.3735    101.559    10.4158 -9.990e-29
      0.140    15.1350  81.363864     0.0220 1.6214e+00     0.1531    96.2454 9.5238e-02 0.0000e+00  0.0413330    14.7710   2.354340     2.5946      0.143    -2.4034    101.354    10.4154 -9.990e-29
      0.141    15.1350  81.068929     0.0330 1.7683e+00     0.1520    96.2716 9.5238e-02 0.0000e+00  0.0413330    14.7710   2.264139     2.5946      0.144    -2.3542    100.986    10.4151 -9.990e-29
      0.142    15.1347  81.529032     0.0195 1.8218e+00     0.1531    96.2454 9.5238e-02 0.0000e+00  0.0413330    14.7717   2.564809     2.5946      0.145    -2.4163    101.560    10.4151 -9.990e-29
      0.145    15.1345  82.567308     0.0354 1.7736e+00     0.1531    96.2454 9.5238e-02 0.0000e+00  0.0413330    14.7715   2.715146     2.5946      0.148    -2.3413    102.854    10.4148 -9.990e-29
      0.149    15.1345  83.711919     0.0183 1.5269e+00     0.1531    96.2454 9.5238e-02 0.0000e+00  0.0413330    14.7723   2.775281     2.5946      0.152    -2.4235    104.280    10.4142 -9.990e-29
      0.152    15.1343  84.467212     0.0354 1.4375e+00     0.1531    96.2454 9.5238e-02 0.0000e+00  0.0413330    14.7722   2.685079     2.5946      0.155    -2.3396    105.221    10.4138 -9.990e-29
      0.155    15.1347  84.691452     0.0195 1.4506e+00     0.1531    96.2454 9.5238e-02 0.0000e+00  0.0413330    14.7723   2.594877     2.5946      0.158    -2.4184    105.499    10.4139 -9.990e-29
      0.158    15.1345  84.372797     0.0342 1.6508e+00     0.1531    96.2454 9.5238e-02 0.0000e+00  0.0413330    14.7723   2.354340     2.5946      0.161    -2.3441    105.103    10.4140 -9.990e-29
      0.158    15.1350  83.900736     0.0220 1.7630e+00     0.1531    96.2454 9.5238e-02 0.0000e+00  0.0413330    14.7720   2.234072     2.5946      0.161    -2.4075    104.514    10.4135 -9.990e-29
      0.158    15.1352  83.499505     0.0317 1.7683e+00     0.1531    96.2454 9.8901e-02 0.0000e+00  0.0413330    14.7720   2.534742     2.5946      0.161    -2.3554    104.013    10.4129 -9.990e-29
      0.157    15.1355  83.416902     0.0244 1.6312e+00     0.1531    96.2454 9.5238e-02 0.0000e+00  0.0413330    14.7724   2.715146     2.5946      0.160    -2.3966    103.910    10.4128 -9.990e-29
      0.154    15.1353  83.275296     0.0293 1.5500e+00     0.1531    96.2454 9.8901e-02 0.0000e+00  0.0413330    14.7723   2.655011     2.5946      0.157    -2.3662    103.734    10.4122 -9.990e-29
      0.150    15.1355  82.803297     0.0281 1.5454e+00     0.1531    96.2454 9.5238e-02 0.0000e+00  0.0413330    14.7728   2.264139     2.5946      0.153    -2.3783    103.145    10.4114 -9.990e-29
      0.146    15.1357  82.083550     0.0244 8.5594e-01     0.1531    96.2454 9.5238e-02 0.0000e+00  0.0413330    14.7729   2.234072     2.5946      0.149    -2.3897    102.248    10.4113 -9.990e-29
      0.143    15.1359  81.375661     0.0305 5.2269e-01     0.1531    96.2454 9.5238e-02 0.0000e+00  0.0413330    14.7728   2.444541     2.5946      0.146    -2.3658    101.366    10.4118 -9.990e-29
      0.142    15.1358  80.715020     0.0208 4.8158e-01     0.1520    96.2716 9.8901e-02 0.0000e+00  0.0413330    14.7734   2.594877     2.5946      0.145    -2.4075    100.543    10.4115 -9.990e-29
      0.140    15.1355  80.007246     0.0330 2.8328e-01     0.1542    96.2193 9.8901e-02 0.0000e+00  0.0413330    14.7737   2.655011     2.5946      0.143    -2.3530     99.662    10.4119 -9.990e-29
      0.139    15.1357  79.382096     0.0183 1.3826e-01     0.1531    96.2454 9.5238e-02 0.0000e+00  0.0413330    14.7738   2.715146     2.5946      0.142    -2.4214     98.883    10.4117 -9.990e-29
      0.139    15.1352  79.063641     0.0342 1.1587e-01     0.1520    96.2716 9.5238e-02 0.0000e+00  0.0413330    14.7737   2.384407     2.5946      0.142    -2.3464     98.488    10.4116 -9.990e-29
      0.139    15.1352  79.334917     0.0171 9.7229e-02     0.1520    96.2716 9.5238e-02 0.0000e+00  0.0413330    14.7744   2.294206     2.5946      0.142    -2.4285     98.826    10.4119 -9.990e-29
      0.140    15.1350  80.054429     0.0354 6.8402e-02     0.1542    96.2193 9.5238e-02 0.0000e+00  0.0413330    14.7744   2.234072     2.5946      0.143    -2.3388     99.722    10.4111 -9.990e-29
      0.143    15.1347  80.903770     0.0195 6.2092e-02     0.1531    96.2454 9.5238e-02 0.0000e+00  0.0413330    14.7750   2.594877     2.5946      0.146    -2.4176    100.781    10.4113 -9.990e-29
      0.145    15.1345  81.092523     0.0342 6.8402e-02     0.1520    96.2716 9.5238e-02 0.0000e+00  0.0413330    14.7752   2.655011     2.5946      0.148    -2.3433    101.017    10.4111 -9.990e-29
      0.146    15.1345  81.623416     0.0220 8.4954e-02     0.1542    96.2193 9.5238e-02 0.0000e+00  0.0413330    14.7752   2.655011     2.5946      0.149    -2.4073    101.678    10.4120 -9.990e-29
      0.148    15.1345  82.059953     0.0317 8.9884e-02     0.1531    96.2454 9.5238e-02 0.0000e+00  0.0413330    14.7756   2.474608     2.5946      0.151    -2.3556    102.222    10.4117 -9.990e-29
      0.149    15.1347  82.295928     0.0256 9.3806e-02     0.1531    96.2454 9.5238e-02 0.0000e+00  0.0413330    14.7756   2.204005     2.5946      0.152    -2.3910    102.515    10.4115 -9.990e-29
      0.150    15.1345  82.248733     0.0281 1.0907e-01     0.1531    96.2454 9.1575e-02 0.0000e+00  0.0413330    14.7756   2.294206     2.5958      0.153    -2.3729    102.457    10.4173 -9.990e-29
      0.150    15.1348  82.048154     0.0281 1.1524e-01     0.1531    96.2454 9.5238e-02 0.0000e+00  0.0413330    14.7757   2.534742     2.5946      0.153    -2.3792    102.206    10.4111 -9.990e-29
      0.151    15.1345  81.894774     0.0244 1.1213e-01     0.1531    96.2454 9.5238e-02 0.0000e+00  0.0413330    14.7752   2.504675     2.5946      0.154    -2.3906    102.016    10.4115 -9.990e-29
      0.151    15.1350  81.599820     0.0317 8.9330e-02     0.1531    96.2454 9.5238e-02 0.0000e+00  0.0413330    14.7756   2.504675     2.5946      0.154    -2.3609    101.647    10.4112 -9.990e-29
      0.151    15.1350  81.186902     0.0208 8.0147e-02     0.1531    96.2454 9.5238e-02 0.0000e+00  0.0413330    14.7756   2.324273     2.5958      0.154    -2.4084    101.133    10.4170 -9.990e-29
      0.148    15.1350  81.104320     0.0342 8.0147e-02     0.1531    96.2454 9.5238e-02 0.0000e+00  0.0413330    14.7756   2.173939     2.5958      0.151    -2.3471    101.030    10.4167 -9.990e-29
      0.146    15.1348  81.198699     0.0183 8.8227e-02     0.1542    96.2193 9.5238e-02 0.0000e+00  0.0413330    14.7759   2.354340     2.5946      0.149    -2.4214    101.148    10.4104 -9.990e-29
