data/05_metadata_exports/SeabirdData/202310_SeabirdData/88770_STN28-NIGHT.cnv
* Sea-Bird SBE 9 Data File:
* FileName = C:\Users\rosette\Rosette Data\2023\Ontario lower food web csmi\STN28-NIGHT.hex
* Software Version Seasave V 7.26.6.26
* Temperature SN = 5270
* Conductivity SN = 1168
* Number of Bytes Per Scan = 40
* Number of Voltage Words = 5
* Number of Scans Averaged by the Deck Unit = 1
* NMEA Latitude = 43 46.57 N
* NMEA Longitude = 078 51.37 W
* NMEA UTC (Time) = Sep 27 2023  07:17:23
* NMEA baud rate = 4800
** Ship: Lake Guardian
** Cruise: Ontario Lower Food Web 2023
** Station:  STN28-NIGHT
# nquan = 18                                
# nvalues = 11104                       
# units = specified
# name 0 = prDM: Pressure, Digiquartz [db]
# name 1 = t090C: Temperature [ITS-90, deg C]
# name 2 = c0uS/cm: Conductivity [uS/cm]
# name 3 = sbeox0V: Oxygen raw, SBE 43 [V]
# name 4 = par: PAR/Irradiance, Biospherical/Licor
# name 5 = bat: Beam Attenuation, Chelsea/Seatech [1/m]
# name 6 = xmiss: Beam Transmission, Chelsea/Seatech [%]
# name 7 = flSP: Fluorescence, Seapoint
# name 8 = spar: SPAR, Biospherical/Licor
# name 9 = upoly0: Upoly 0, Suna Nitrate
# name 10 = t190C: Temperature, 2 [ITS-90, deg C]
# name 11 = c1uS/cm: Conductivity, 2 [uS/cm]
# name 12 = sbeox1V: Oxygen raw, SBE 43, 2 [V]
# name 13 = depFM: Depth [fresh water, m], lat = 43.7762
# name 14 = sbeox0Mg/L: Oxygen, SBE 43 [mg/l], WS = 2
# name 15 = specc: Specific Conductance [uS/cm]
# name 16 = sbeox1Mg/L: Oxygen, SBE 43, 2 [mg/l], WS = 2
# name 17 = flag: flag
# span 0 =     -0.166,     58.671       
# span 1 =   -79.1110,    19.4702       
# span 2 =  20.602650, 347.320690       
# span 3 =     0.0147,     0.0366       
# span 4 = 1.0000e-12, 2.5657e+00       
# span 5 =     0.0607,    55.2620       
# span 6 =     0.0000,    98.4934       
# span 7 = 6.9597e-02, 1.9011e+00       
# span 8 = 0.0000e+00, 0.0000e+00       
# span 9 =  0.0413330,  0.0625367       
# span 10 =     6.5580,    19.4686      
# span 11 =   1.843202, 267.901170      
# span 12 =     1.9292,     2.8352      
# span 13 =     -0.169,     59.828      
# span 14 =    -3.0127,   155.2688      
# span 15 =   -332.769,    723.229      
# span 16 =     6.3236,    10.6159      
# span 17 = 0.0000e+00, 0.0000e+00      
# interval = seconds: 0.0416667
# start_time = Sep 27 2023 07:17:23 [NMEA time, header]
# bad_flag = -9.990e-29
*END*
[from data line 9810]
      1.665    19.4410 266.341718     0.0244 4.2789e-02     1.0248    77.3989 9.3040e-01 0.0000e+00  0.0558845    19.4443 267.535399     2.5495      1.698    -2.1834    299.626     9.2194 -9.990e-29
      1.666    19.4412 266.353771     0.0305 6.5461e-02     1.0248    77.3989 9.1209e-01 0.0000e+00  0.0558845    19.4452 267.535398     2.5495      1.699    -2.1603    299.638     9.2189 -9.990e-29
      1.670    19.4412 266.305556     0.0220 6.9394e-02     1.0248    77.3989 9.0476e-01 0.0000e+00  0.0558845    19.4450 267.444070     2.5495      1.703    -2.1943    299.584     9.2185 -9.990e-29
      1.675    19.4417 266.305557     0.0330 5.5549e-02     1.0248    77.3989 8.7912e-01 0.0000e+00  0.0558845    19.4452 267.444071     2.5495      1.708    -2.1484    299.581     9.2179 -9.990e-29
      1.680    19.4422 266.341716     0.0195 4.4061e-02     1.0248    77.3989 8.4615e-01 0.0000e+00  0.0558845    19.4450 267.444070     2.5495      1.713    -2.2057    299.618     9.2175 -9.990e-29
      1.686    19.4427 266.389933     0.0342 3.3383e-02     1.0248    77.3989 8.2051e-01 0.0000e+00  0.0563003    19.4453 267.444071     2.5495      1.719    -2.1418    299.669     9.2164 -9.990e-29
      1.692    19.4434 266.377878     0.0183 6.6135e-03     1.0234    77.4250 8.0220e-01 0.0000e+00  0.0563003    19.4450 267.352744     2.5495      1.725    -2.2116    299.651     9.2155 -9.990e-29
      1.699    19.4432 266.377878     0.0354 1.0000e-12     1.0248    77.3989 8.2784e-01 0.0000e+00  0.0558845    19.4453 267.535398     2.5495      1.732    -2.1356    299.652     9.2144 -9.990e-29
      1.706    19.4425 266.329665     0.0195 1.0000e-12     1.0248    77.3989 8.3150e-01 0.0000e+00  0.0558845    19.4452 267.383188     2.5495      1.740    -2.2078    299.603     9.2135 -9.990e-29
      1.713    19.4413 266.317611     0.0342 2.0546e-02     1.0248    77.3989 8.2418e-01 0.0000e+00  0.0558845    19.4460 267.322301     2.5495      1.747    -2.1405    299.597     9.2123 -9.990e-29
      1.719    19.4412 266.269396     0.0220 3.8624e-02     1.0234    77.4250 8.3883e-01 0.0000e+00  0.0558845    19.4460 267.322301     2.5495      1.753    -2.1974    299.543     9.2117 -9.990e-29
      1.726    19.4413 266.293505     0.0317 4.1527e-02     1.0248    77.3989 8.2418e-01 0.0000e+00  0.0558845    19.4463 267.474515     2.5495      1.760    -2.1510    299.570     9.2110 -9.990e-29
      1.733    19.4415 266.353772     0.0256 5.7856e-02     1.0234    77.4250 8.0952e-01 0.0000e+00  0.0567161    19.4464 267.535398     2.5495      1.767    -2.1823    299.636     9.2103 -9.990e-29
      1.740    19.4422 266.353773     0.0281 7.6492e-02     1.0248    77.3989 8.0586e-01 0.0000e+00  0.0563003    19.4461 267.413630     2.5495      1.774    -2.1667    299.632     9.2098 -9.990e-29
      1.747    19.4429 266.365827     0.0281 6.4009e-02     1.0248    77.3989 7.9121e-01 0.0000e+00  0.0558845    19.4460 267.474515     2.5495      1.781    -2.1710    299.641     9.2088 -9.990e-29
      1.753    19.4432 266.305555     0.0244 1.2871e-02     1.0248    77.3989 7.9853e-01 0.0000e+00  0.0554688    19.4456 267.444071     2.5495      1.788    -2.1832    299.571     9.2082 -9.990e-29
      1.760    19.4437 266.353773     0.0317 1.0000e-12     1.0248    77.3989 8.1319e-01 0.0000e+00  0.0558845    19.4455 267.535402     2.5495      1.795    -2.1552    299.622     9.2072 -9.990e-29
      1.767    19.4437 266.329664     0.0208 1.0000e-12     1.0248    77.3989 8.2784e-01 0.0000e+00  0.0558845    19.4455 267.383188     2.5495      1.802    -2.2002    299.594     9.2062 -9.990e-29
      1.772    19.4434 266.341718     0.0342 9.8651e-03     1.0261    77.3727 8.2784e-01 0.0000e+00  0.0554688    19.4456 267.413630     2.5507      1.807    -2.1432    299.610     9.2107 -9.990e-29
      1.778    19.4432 266.317612     0.0183 1.9115e-02     1.0261    77.3727 8.1685e-01 0.0000e+00  0.0558845    19.4457 267.444074     2.5495      1.813    -2.2120    299.584     9.2047 -9.990e-29
      1.782    19.4429 266.341720     0.0354 2.0546e-02     1.0261    77.3727 8.3150e-01 0.0000e+00  0.0563003    19.4456 267.383189     2.5495      1.817    -2.1374    299.613     9.2038 -9.990e-29
      1.784    19.4429 266.353774     0.0183 6.5461e-02     1.0261    77.3727 8.9011e-01 0.0000e+00  0.0563003    19.4455 267.383190     2.5495      1.819    -2.2134    299.627     9.2029 -9.990e-29
      1.782    19.4430 266.305558     0.0354 1.2945e-01     1.0248    77.3989 9.2308e-01 0.0000e+00  0.0558845    19.4452 267.413632     2.5495      1.817    -2.1365    299.572     9.2025 -9.990e-29
      1.779    19.4432 266.305557     0.0195 1.4456e-01     1.0261    77.3727 9.2308e-01 0.0000e+00  0.0554688    19.4450 267.504958     2.5495      1.814    -2.2087    299.571     9.2022 -9.990e-29
      1.775    19.4430 266.317612     0.0342 9.4940e-02     1.0248    77.3989 8.9744e-01 0.0000e+00  0.0558845    19.4446 267.444075     2.5495      1.810    -2.1413    299.586     9.2019 -9.990e-29
      1.769    19.4427 266.293505     0.0232 4.0276e-02     1.0261    77.3727 8.9377e-01 0.0000e+00  0.0558845    19.4442 267.444075     2.5495      1.804    -2.1936    299.560     9.2017 -9.990e-29
      1.760    19.4429 266.305559     0.0305 2.9479e-02     1.0261    77.3727 9.1209e-01 0.0000e+00  0.0558845    19.4436 267.535403     2.5495      1.795    -2.1575    299.573     9.2015 -9.990e-29
      1.750    19.4430 266.341716     0.0269 2.2358e-02     1.0261    77.3727 9.4872e-01 0.0000e+00  0.0558845    19.4442 267.535399     2.5495      1.785    -2.1774    299.613     9.2015 -9.990e-29
      1.740    19.4429 266.353775     0.0269 7.5794e-03     1.0261    77.3727 9.2674e-01 0.0000e+00  0.0558845    19.4441 267.413634     2.5482      1.774    -2.1733    299.627     9.1954 -9.990e-29
      1.727    19.4429 266.281448     0.0293 3.4520e-03     1.0261    77.3727 8.9744e-01 0.0000e+00  0.0558845    19.4442 267.413630     2.5482      1.761    -2.1670    299.546     9.1956 -9.990e-29
      1.713    19.4425 266.293502     0.0232 8.5535e-03     1.0261    77.3727 8.9011e-01 0.0000e+00  0.0563003    19.4445 267.444072     2.5482      1.747    -2.1899    299.562     9.1958 -9.990e-29
      1.701    19.4423 266.293502     0.0317 2.7189e-02     1.0261    77.3727 8.6081e-01 0.0000e+00  0.0558845    19.4443 267.444072     2.5482      1.735    -2.1559    299.563     9.1961 -9.990e-29
      1.688    19.4423 266.293504     0.0195 3.4177e-02     1.0248    77.3989 8.4982e-01 0.0000e+00  0.0554688    19.4442 267.504959     2.5482      1.721    -2.2067    299.563     9.1964 -9.990e-29
      1.673    19.4418 266.329663     0.0342 3.9448e-02     1.0248    77.3989 8.4982e-01 0.0000e+00  0.0558845    19.4441 267.504956     2.5482      1.706    -2.1436    299.607     9.1967 -9.990e-29
      1.658    19.4418 266.317609     0.0183 7.7529e-02     1.0248    77.3989 8.5348e-01 0.0000e+00  0.0558845    19.4440 267.352744     2.5482      1.691    -2.2123    299.594     9.1970 0.0000e+00
      1.643    19.4420 266.317609     0.0342 9.7229e-02     1.0248    77.3989 8.3150e-01 0.0000e+00  0.0558845    19.4436 267.474514     2.5482      1.675    -2.1424    299.592     9.1974 0.0000e+00
      1.628    19.4417 266.353771     0.0183 9.3241e-02     1.0248    77.3989 8.1319e-01 0.0000e+00  0.0558845    19.4443 267.535398     2.5482      1.660    -2.2130    299.635     9.1981 0.0000e+00
      1.612    19.4413 266.329663     0.0354 3.9448e-02     1.0261    77.3727 8.2051e-01 0.0000e+00  0.0558845    19.4438 267.444071     2.5482      1.644    -2.1358    299.611     9.1990 0.0000e+00
      1.594    19.4412 266.341716     0.0208 1.7700e-02     1.0180    77.5296 8.4249e-01 0.0000e+00  0.0563003    19.4443 267.383185     2.5470      1.625    -2.2026    299.625     9.1942 0.0000e+00
      1.577    19.4406 266.317609     0.0330 8.5535e-03     1.0167    77.5557 8.3516e-01 0.0000e+00  0.0563003    19.4442 267.535397     2.5482      1.608    -2.1460    299.602     9.2005 0.0000e+00
      1.559    19.4408 266.317607     0.0232 3.7813e-04     1.0167    77.5557 8.2051e-01 0.0000e+00  0.0558845    19.4446 267.413625     2.5470      1.590    -2.1930    299.600     9.1958 0.0000e+00
      1.542    19.4415 266.341716     0.0293 1.0000e-12     1.0153    77.5819 8.2051e-01 0.0000e+00  0.0554688    19.4443 267.413627     2.5470      1.572    -2.1618    299.623     9.1966 0.0000e+00
      1.522    19.4420 266.353767     0.0269 6.2933e-03     1.0167    77.5557 8.1685e-01 0.0000e+00  0.0558845    19.4445 267.504953     2.5470      1.552    -2.1768    299.633     9.1974 0.0000e+00
      1.502    19.4427 266.305550     0.0256 6.8897e-02     1.0153    77.5819 8.1319e-01 0.0000e+00  0.0563003    19.4441 267.535394     2.5470      1.532    -2.1780    299.574     9.1987 0.0000e+00
      1.483    19.4432 266.305551     0.0293 1.0604e-01     1.0167    77.5557 7.9487e-01 0.0000e+00  0.0558845    19.4443 267.413625     2.5470      1.512    -2.1659    299.571     9.1995 0.0000e+00
      1.462    19.4436 266.341711     0.0220 1.0785e-01     1.0153    77.5819 8.0220e-01 0.0000e+00  0.0558845    19.4443 267.535394     2.5470      1.491    -2.1942    299.609     9.2003 0.0000e+00
      1.441    19.4439 266.353763     0.0330 9.7229e-02     1.0167    77.5557 8.3516e-01 0.0000e+00  0.0558845    19.4436 267.413623     2.5470      1.469    -2.1490    299.620     9.2012 0.0000e+00
      1.420    19.4442 266.317602     0.0195 9.2115e-02     1.0167    77.5557 8.7179e-01 0.0000e+00  0.0563003    19.4434 267.383182     2.5470      1.448    -2.2059    299.577     9.2021 0.0000e+00
      1.398    19.4439 266.293493     0.0342 9.1555e-02     1.0167    77.5557 8.7912e-01 0.0000e+00  0.0563003    19.4435 267.322295     2.5470      1.426    -2.1428    299.552     9.2028 0.0000e+00
      1.376    19.4437 266.305548     0.0183 7.7010e-02     1.0167    77.5557 9.1575e-01 0.0000e+00  0.0558845    19.4429 267.413624     2.5470      1.403    -2.2119    299.567     9.2038 0.0000e+00
      1.353    19.4432 266.353762     0.0354 6.7908e-02     1.0153    77.5819 9.2308e-01 0.0000e+00  0.0558845    19.4424 267.535393     2.5470      1.380    -2.1359    299.625     9.2047 0.0000e+00
      1.329    19.4425 266.305547     0.0195 6.6436e-02     1.0167    77.5557 8.9377e-01 0.0000e+00  0.0558845    19.4421 267.413623     2.5482      1.355    -2.2073    299.575     9.2110 0.0000e+00
      1.304    19.4423 266.353761     0.0342 5.2373e-02     1.0167    77.5557 8.7912e-01 0.0000e+00  0.0558845    19.4422 267.413621     2.5470      1.330    -2.1403    299.631     9.2063 0.0000e+00
      1.279    19.4423 266.305544     0.0208 3.9448e-02     1.0167    77.5557 8.6447e-01 0.0000e+00  0.0554688    19.4423 267.352735     2.5482      1.304    -2.2024    299.577     9.2121 0.0000e+00
      1.255    19.4422 266.329654     0.0330 3.7398e-02     1.0167    77.5557 8.7912e-01 0.0000e+00  0.0558845    19.4427 267.413621     2.5482      1.280    -2.1450    299.605     9.2123 0.0000e+00
      1.230    19.4420 266.353760     0.0244 2.4937e-02     1.0167    77.5557 8.7912e-01 0.0000e+00  0.0563003    19.4429 267.383177     2.5482      1.254    -2.1870    299.633     9.2125 0.0000e+00
      1.203    19.4417 266.317597     0.0293 9.8651e-03     1.0153    77.5819 8.6813e-01 0.0000e+00  0.0558845    19.4430 267.383175     2.5482      1.227    -2.1612    299.594     9.2128 0.0000e+00
      1.177    19.4408 266.341706     0.0281 6.6135e-03     1.0167    77.5557 8.3516e-01 0.0000e+00  0.0558845    19.4429 267.474503     2.5482      1.200    -2.1712    299.628     9.2131 0.0000e+00
      1.151    19.4406 266.305544     0.0256 2.0546e-02     1.0221    77.4512 7.9853e-01 0.0000e+00  0.0558845    19.4424 267.444061     2.5482      1.174    -2.1782    299.588     9.2134 0.0000e+00
      1.123    19.4401 266.305544     0.0305 5.1031e-02     1.0248    77.3989 7.9121e-01 0.0000e+00  0.0558845    19.4425 267.352732     2.5482      1.145    -2.1608    299.592     9.2136 0.0000e+00
      1.095    19.4398 266.341704     0.0220 6.0668e-02     1.0248    77.3989 8.0586e-01 0.0000e+00  0.0558845    19.4420 267.291846     2.5495      1.117    -2.1951    299.634     9.2198 0.0000e+00
      1.067    19.4391 266.317599     0.0330 6.9891e-02     1.0248    77.3989 8.1685e-01 0.0000e+00  0.0558845    19.4430 267.291847     2.5495      1.088    -2.1496    299.612     9.2198 0.0000e+00
      1.037    19.4389 266.269380     0.0195 1.0188e-01     1.0248    77.3989 8.3883e-01 0.0000e+00  0.0558845    19.4439 267.413613     2.5495      1.057    -2.2069    299.559     9.2197 0.0000e+00
      1.007    19.4391 266.257326     0.0342 1.1399e-01     1.0248    77.3989 8.4982e-01 0.0000e+00  0.0554688    19.4436 267.383170     2.5495      1.027    -2.1429    299.544     9.2195 0.0000e+00
      0.976    19.4389 266.341703     0.0183 1.1524e-01     1.0248    77.3989 8.2784e-01 0.0000e+00  0.0558845    19.4439 267.413613     2.5495      0.995    -2.2128    299.640     9.2200 0.0000e+00
      0.944    19.4399 266.353753     0.0354 1.2094e-01     1.0248    77.3989 8.2418e-01 0.0000e+00  0.0554688    19.4443 267.383167     2.5495      0.963    -2.1366    299.647     9.2199 0.0000e+00
      0.913    19.4398 266.317593     0.0195 1.2353e-01     1.0248    77.3989 8.8645e-01 0.0000e+00  0.0554688    19.4445 267.322283     2.5495      0.931    -2.2088    299.607     9.2195 0.0000e+00
      0.882    19.4394 266.341699     0.0342 1.3280e-01     1.0248    77.3989 9.0476e-01 0.0000e+00  0.0554688    19.4439 267.322282     2.5495      0.899    -2.1413    299.637     9.2195 0.0000e+00
      0.852    19.4389 266.281430     0.0220 2.7245e-01     1.0248    77.3989 8.9744e-01 0.0000e+00  0.0554688    19.4440 267.444051     2.5495      0.869    -2.1986    299.573     9.2194 0.0000e+00
      0.824    19.4382 266.341698     0.0317 3.7094e-01     1.0248    77.3989 8.7912e-01 0.0000e+00  0.0554688    19.4443 267.504934     2.5495      0.840    -2.1522    299.645     9.2188 0.0000e+00
      0.798    19.4378 266.305537     0.0244 3.7772e-01     1.0234    77.4250 8.7912e-01 0.0000e+00  0.0554688    19.4443 267.444049     2.5495      0.814    -2.1889    299.607     9.2182 0.0000e+00
      0.773    19.4375 266.329645     0.0281 3.0241e-01     1.0248    77.3989 8.9011e-01 0.0000e+00  0.0558845    19.4448 267.444048     2.5495      0.788    -2.1680    299.636     9.2175 0.0000e+00
      0.750    19.4373 266.305536     0.0281 2.6296e-01     1.0248    77.3989 8.8278e-01 0.0000e+00  0.0558845    19.4446 267.352720     2.5495      0.765    -2.1727    299.610     9.2168 0.0000e+00
      0.727    19.4370 266.257321     0.0244 2.5882e-01     1.0261    77.3727 8.5714e-01 0.0000e+00  0.0554688    19.4450 267.352720     2.5495      0.741    -2.1850    299.558     9.2160 0.0000e+00
      0.705    19.4366 266.257320     0.0317 2.6926e-01     1.0248    77.3989 8.4249e-01 0.0000e+00  0.0554688    19.4453 267.474488     2.5495      0.719    -2.1566    299.561     9.2152 0.0000e+00
      0.684    19.4364 266.329643     0.0208 2.7783e-01     1.0234    77.4250 8.5714e-01 0.0000e+00  0.0554688    19.4454 267.444045     2.5495      0.697    -2.2012    299.644     9.2140 0.0000e+00
      0.665    19.4363 266.353751     0.0330 2.7891e-01     1.0234    77.4250 9.1209e-01 0.0000e+00  0.0554688    19.4457 267.444045     2.5495      0.678    -2.1495    299.671     9.2136 0.0000e+00
      0.646    19.4363 266.281426     0.0183 3.0704e-01     1.0248    77.3989 9.4139e-01 0.0000e+00  0.0558845    19.4457 267.444043     2.5495      0.659    -2.2125    299.590     9.2123 0.0000e+00
      0.630    19.4354 266.281427     0.0354 3.4352e-01     1.0248    77.3989 9.3773e-01 0.0000e+00  0.0558845    19.4452 267.444044     2.5495      0.642    -2.1380    299.596     9.2115 0.0000e+00
