data/05_metadata_exports/SeabirdData/202310_SeabirdData/88777_STN29.cnv
* Sea-Bird SBE 9 Data File:
* FileName = C:\Users\rosette\Rosette Data\2023\Ontario lower food web csmi\STN29.hex
* Software Version Seasave V 7.26.6.26
* Temperature SN = 5270
* Conductivity SN = 1168
* Number of Bytes Per Scan = 40
* Number of Voltage Words = 5
* Number of Scans Averaged by the Deck Unit = 1
* NMEA Latitude = 43 49.17 N
* NMEA Longitude = 078 52.25 W
* NMEA UTC (Time) = Sep 27 2023  08:14:55
* NMEA baud rate = 4800
** Ship: Lake Guardian
** Cruise: Ontario Lower Food Web 2023
** Station:  STN29
# nquan = 18                                
# nvalues = 10301                       
# units = specified
# name 0 = prDM: Pressure, Digiquartz [db]
# name 1 = t090C: Temperature [ITS-90, deg C]
# name 2 = c0uS/cm: Conductivity [uS/cm]
# name 3 = sbeox0V: Oxygen raw, SBE 43 [V]
# name 4 = par: PAR/Irradiance, Biospherical/Licor
# name 5 = bat: Beam Attenuation, Chelsea/Seatech [1/m]
# name 6 = xmiss: Beam Transmission, Chelsea/Seatech [%]
# name 7 = flSP: Fluorescence, Seapoint
# name 8 = spar: SPAR, Biospherical/Licor
# name 9 = upoly0: Upoly 0, Suna Nitrate
# name 10 = t190C: Temperature, 2 [ITS-90, deg C]
# name 11 = c1uS/cm: Conductivity, 2 [uS/cm]
# name 12 = sbeox1V: Oxygen raw, SBE 43, 2 [V]
# name 13 = depFM: Depth [fresh water, m], lat = 43.8195
# name 14 = sbeox0Mg/L: Oxygen, SBE 43 [mg/l], WS = 2
# name 15 = specc: Specific Conductance [uS/cm]
# name 16 = sbeox1Mg/L: Oxygen, SBE 43, 2 [mg/l], WS = 2
# name 17 = flag: flag
# span 0 =      0.021,     27.383       
# span 1 =    15.0883,    19.0332       
# span 2 =  24.796759, 266.330673       
# span 3 =     0.0171,     0.0366       
# span 4 = 1.0000e-12, 2.9007e+00       
# span 5 =     0.1509,    10.9929       
# span 6 =     6.4042,    96.2977       
# span 7 = 9.1575e-02, 1.7070e+00       
# span 8 = 0.0000e+00, 0.0000e+00       
# span 9 =  0.0413330,  0.0625367       
# span 10 =    14.7623,    19.0316      
# span 11 =   1.843207, 267.536417      
# span 12 =     1.9353,     2.6923      
# span 13 =      0.021,     27.923      
# span 14 =    -2.4314,    -2.1499      
# span 15 =     30.696,    302.425      
# span 16 =     6.4794,    10.4215      
# span 17 = 0.0000e+00, 0.0000e+00      
# interval = seconds: 0.0416667
# start_time = Sep 27 2023 08:14:55 [NMEA time, header]
# bad_flag = -9.990e-29
*END*
[from data line 4503]
      6.524    19.0117 266.040872     0.0342 1.0000e-12     1.0221    77.4512 8.5348e-01 0.0000e+00  0.0554688    19.0099 267.109709     2.5433      6.653    -2.1602    302.207     9.2658 0.0000e+00
      6.546    19.0119 266.064979     0.0220 1.0000e-12     1.0221    77.4512 8.7912e-01 0.0000e+00  0.0554688    19.0104 267.170593     2.5433      6.675    -2.2183    302.233     9.2656 0.0000e+00
      6.567    19.0120 266.040872     0.0330 1.0000e-12     1.0221    77.4512 8.9011e-01 0.0000e+00  0.0558845    19.0107 267.231477     2.5433      6.696    -2.1658    302.205     9.2654 0.0000e+00
      6.587    19.0126 266.016766     0.0244 1.0000e-12     1.0221    77.4512 8.6447e-01 0.0000e+00  0.0554688    19.0114 267.140151     2.5433      6.717    -2.2086    302.174     9.2652 0.0000e+00
      6.609    19.0128 266.052925     0.0305 1.0000e-12     1.0207    77.4773 8.3516e-01 0.0000e+00  0.0554688    19.0107 267.201035     2.5421      6.739    -2.1768    302.214     9.2598 0.0000e+00
      6.631    19.0127 265.980607     0.0269 1.0000e-12     1.0221    77.4512 8.0952e-01 0.0000e+00  0.0554688    19.0113 267.292364     2.5421      6.762    -2.1984    302.132     9.2597 0.0000e+00
      6.655    19.0130 266.040872     0.0269 1.0000e-12     1.0207    77.4773 7.8022e-01 0.0000e+00  0.0554688    19.0111 267.292362     2.5433      6.786    -2.1932    302.199     9.2657 0.0000e+00
      6.678    19.0129 266.101143     0.0293 1.0000e-12     1.0221    77.4512 7.5458e-01 0.0000e+00  0.0554688    19.0113 267.231481     2.5421      6.810    -2.1876    302.268     9.2602 0.0000e+00
      6.702    19.0133 266.113195     0.0244 1.0000e-12     1.0207    77.4773 7.4359e-01 0.0000e+00  0.0558845    19.0112 267.170595     2.5421      6.834    -2.2047    302.279     9.2603 0.0000e+00
      6.726    19.0134 266.077035     0.0317 1.0000e-12     1.0207    77.4773 7.3626e-01 0.0000e+00  0.0563003    19.0113 267.201039     2.5433      6.859    -2.1763    302.237     9.2658 0.0000e+00
      6.750    19.0136 266.101144     0.0208 1.0000e-12     1.0221    77.4512 7.2527e-01 0.0000e+00  0.0563003    19.0111 267.140156     2.5421      6.883    -2.2211    302.263     9.2604 0.0000e+00
      6.772    19.0135 266.077037     0.0342 1.0000e-12     1.0221    77.4512 7.2894e-01 0.0000e+00  0.0558845    19.0114 267.140155     2.5421      6.906    -2.1642    302.236     9.2605 0.0000e+00
      6.795    19.0136 266.040876     0.0195 1.0000e-12     1.0207    77.4773 7.3993e-01 0.0000e+00  0.0554688    19.0113 267.201040     2.5421      6.929    -2.2276    302.194     9.2606 0.0000e+00
      6.818    19.0133 266.064983     0.0354 1.0000e-12     1.0194    77.5034 7.2527e-01 0.0000e+00  0.0550530    19.0116 267.170597     2.5421      6.952    -2.1575    302.224     9.2607 0.0000e+00
      6.843    19.0134 266.077038     0.0183 1.0000e-12     1.0153    77.5819 7.0696e-01 0.0000e+00  0.0554688    19.0114 267.201041     2.5421      6.978    -2.2328    302.237     9.2609 0.0000e+00
      6.869    19.0133 266.040879     0.0354 1.0000e-12     1.0140    77.6080 7.1062e-01 0.0000e+00  0.0558845    19.0114 267.170601     2.5421      7.004    -2.1558    302.196     9.2610 0.0000e+00
      6.893    19.0126 266.040880     0.0195 1.0000e-12     1.0153    77.5819 7.2527e-01 0.0000e+00  0.0558845    19.0111 267.048833     2.5421      7.029    -2.2281    302.201     9.2613 0.0000e+00
      6.917    19.0124 266.016774     0.0342 1.0000e-12     1.0140    77.6080 7.7656e-01 0.0000e+00  0.0558845    19.0118 267.109717     2.5421      7.053    -2.1607    302.175     9.2614 0.0000e+00
      6.942    19.0125 266.016773     0.0208 1.0000e-12     1.0140    77.6080 8.4615e-01 0.0000e+00  0.0558845    19.0114 267.201043     2.5421      7.079    -2.2234    302.175     9.2617 0.0000e+00
      6.967    19.0120 266.016776     0.0342 1.0000e-12     1.0140    77.6080 8.5348e-01 0.0000e+00  0.0558845    19.0109 267.170604     2.5421      7.104    -2.1602    302.178     9.2620 0.0000e+00
      6.993    19.0122 266.016775     0.0232 1.0000e-12     1.0140    77.6080 8.1319e-01 0.0000e+00  0.0554688    19.0107 267.079276     2.5421      7.131    -2.2138    302.177     9.2623 0.0000e+00
      7.018    19.0121 266.028831     0.0305 1.0000e-12     1.0153    77.5819 7.5824e-01 0.0000e+00  0.0554688    19.0109 267.140163     2.5421      7.156    -2.1767    302.191     9.2625 0.0000e+00
      7.042    19.0115 266.040884     0.0256 1.0000e-12     1.0140    77.6080 7.0696e-01 0.0000e+00  0.0554688    19.0104 267.201047     2.5421      7.181    -2.2041    302.209     9.2629 0.0000e+00
      7.067    19.0116 266.016778     0.0281 1.0000e-12     1.0127    77.6341 6.8864e-01 0.0000e+00  0.0554688    19.0102 267.231490     2.5421      7.206    -2.1881    302.181     9.2633 0.0000e+00
      7.092    19.0122 266.028833     0.0281 1.0000e-12     1.0140    77.6080 7.1429e-01 0.0000e+00  0.0554688    19.0102 267.109723     2.5433      7.232    -2.1936    302.190     9.2691 0.0000e+00
      7.117    19.0126 266.040884     0.0244 1.0000e-12     1.0140    77.6080 7.6190e-01 0.0000e+00  0.0558845    19.0097 267.140164     2.5421      7.257    -2.2053    302.201     9.2641 0.0000e+00
      7.143    19.0126 266.064993     0.0305 1.0000e-12     1.0140    77.6080 8.0586e-01 0.0000e+00  0.0558845    19.0097 267.140166     2.5421      7.284    -2.1826    302.229     9.2645 0.0000e+00
      7.171    19.0122 266.113209     0.0220 1.0000e-12     1.0140    77.6080 7.9121e-01 0.0000e+00  0.0558845    19.0097 267.201052     2.5421      7.312    -2.2163    302.286     9.2648 0.0000e+00
      7.197    19.0119 266.040889     0.0330 1.0000e-12     1.0140    77.6080 7.5824e-01 0.0000e+00  0.0554688    19.0104 267.170610     2.5421      7.339    -2.1705    302.206     9.2651 0.0000e+00
      7.223    19.0119 265.980621     0.0195 1.0000e-12     1.0127    77.6341 7.3993e-01 0.0000e+00  0.0550530    19.0109 267.170608     2.5421      7.365    -2.2276    302.138     9.2650 0.0000e+00
      7.249    19.0120 266.052943     0.0354 1.0000e-12     1.0127    77.6341 7.3626e-01 0.0000e+00  0.0550530    19.0111 267.140168     2.5421      7.392    -2.1583    302.219     9.2649 0.0000e+00
      7.277    19.0125 266.077051     0.0195 1.0000e-12     1.0140    77.6080 7.3260e-01 0.0000e+00  0.0558845    19.0118 267.140168     2.5421      7.420    -2.2281    302.243     9.2652 0.0000e+00
      7.304    19.0126 266.077051     0.0354 1.0000e-12     1.0140    77.6080 7.2161e-01 0.0000e+00  0.0558845    19.0121 267.201052     2.5421      7.448    -2.1572    302.242     9.2652 0.0000e+00
      7.331    19.0128 266.077052     0.0195 1.0000e-12     1.0153    77.5819 7.1795e-01 0.0000e+00  0.0554688    19.0116 267.231497     2.5421      7.476    -2.2286    302.241     9.2653 0.0000e+00
      7.357    19.0129 266.077052     0.0354 1.0000e-12     1.0167    77.5557 7.1795e-01 0.0000e+00  0.0554688    19.0120 267.231496     2.5421      7.502    -2.1561    302.240     9.2656 0.0000e+00
      7.383    19.0131 265.956517     0.0208 1.0000e-12     1.0167    77.5557 7.5458e-01 0.0000e+00  0.0558845    19.0121 267.170612     2.5421      7.529    -2.2237    302.102     9.2656 0.0000e+00
      7.410    19.0133 266.004732     0.0330 1.0000e-12     1.0153    77.5819 8.2784e-01 0.0000e+00  0.0567161    19.0121 267.079287     2.5421      7.556    -2.1658    302.155     9.2656 0.0000e+00
      7.437    19.0136 266.089108     0.0232 1.0000e-12     1.0167    77.5557 9.1941e-01 0.0000e+00  0.0558845    19.0121 267.170615     2.5421      7.584    -2.2135    302.249     9.2656 0.0000e+00
      7.463    19.0137 266.004732     0.0317 1.0000e-12     1.0153    77.5819 8.8278e-01 0.0000e+00  0.0554688    19.0120 267.261940     2.5421      7.610    -2.1714    302.153     9.2657 0.0000e+00
      7.491    19.0138 266.077055     0.0256 1.0000e-12     1.0153    77.5819 8.2051e-01 0.0000e+00  0.0550530    19.0116 267.231501     2.5421      7.639    -2.2038    302.234     9.2658 0.0000e+00
      7.518    19.0138 266.052948     0.0281 1.0000e-12     1.0153    77.5819 7.8022e-01 0.0000e+00  0.0554688    19.0123 267.292385     2.5421      7.666    -2.1877    302.207     9.2656 0.0000e+00
      7.544    19.0141 266.040895     0.0281 1.0000e-12     1.0167    77.5557 7.8388e-01 0.0000e+00  0.0558845    19.0125 267.231500     2.5421      7.693    -2.1931    302.191     9.2656 0.0000e+00
      7.571    19.0143 265.968574     0.0256 1.0000e-12     1.0167    77.5557 7.9853e-01 0.0000e+00  0.0567161    19.0121 267.109732     2.5421      7.720    -2.1994    302.107     9.2657 0.0000e+00
      7.600    19.0140 265.992684     0.0305 1.0000e-12     1.0167    77.5557 9.3773e-01 0.0000e+00  0.0558845    19.0123 267.079293     2.5421      7.750    -2.1825    302.137     9.2657 0.0000e+00
      7.627    19.0141 266.052951     0.0220 1.0000e-12     1.0153    77.5819 1.0000e+00 0.0000e+00  0.0554688    19.0127 267.170619     2.5421      7.777    -2.2157    302.205     9.2656 0.0000e+00
      7.653    19.0140 266.040898     0.0330 1.0000e-12     1.0167    77.5557 9.0842e-01 0.0000e+00  0.0554688    19.0125 267.231503     2.5421      7.804    -2.1702    302.192     9.2657 0.0000e+00
      7.680    19.0140 266.065005     0.0195 1.0000e-12     1.0167    77.5557 8.3150e-01 0.0000e+00  0.0558845    19.0125 267.170619     2.5421      7.831    -2.2274    302.219     9.2657 0.0000e+00
      7.708    19.0138 266.077061     0.0342 1.0000e-12     1.0167    77.5557 7.9487e-01 0.0000e+00  0.0554688    19.0125 267.201064     2.5421      7.860    -2.1642    302.234     9.2657 0.0000e+00
      7.735    19.0140 266.028846     0.0183 1.0000e-12     1.0153    77.5819 7.5458e-01 0.0000e+00  0.0558845    19.0121 267.231505     2.5421      7.888    -2.2332    302.178     9.2658 0.0000e+00
      7.762    19.0138 265.980635     0.0354 1.0000e-12     1.0153    77.5819 7.3993e-01 0.0000e+00  0.0558845    19.0121 267.140181     2.5421      7.915    -2.1573    302.125     9.2662 0.0000e+00
      7.788    19.0137 266.004740     0.0183 1.0000e-12     1.0167    77.5557 7.4359e-01 0.0000e+00  0.0554688    19.0121 267.201064     2.5421      7.942    -2.2337    302.153     9.2663 0.0000e+00
      7.815    19.0140 266.028849     0.0354 1.0000e-12     1.0153    77.5819 7.5824e-01 0.0000e+00  0.0554688    19.0120 267.109739     2.5421      7.969    -2.1562    302.178     9.2663 0.0000e+00
      7.841    19.0140 266.040904     0.0195 1.0000e-12     1.0167    77.5557 8.3150e-01 0.0000e+00  0.0554688    19.0128 267.140182     2.5421      7.996    -2.2292    302.192     9.2662 0.0000e+00
      7.868    19.0142 266.016795     0.0342 1.0000e-12     1.0167    77.5557 8.8278e-01 0.0000e+00  0.0554688    19.0123 267.201065     2.5421      8.023    -2.1609    302.163     9.2663 0.0000e+00
      7.896    19.0141 266.089119     0.0220 1.0000e-12     1.0194    77.5034 8.6081e-01 0.0000e+00  0.0554688    19.0125 267.231511     2.5421      8.052    -2.2194    302.246     9.2663 0.0000e+00
      7.922    19.0142 266.101173     0.0317 1.0000e-12     1.0194    77.5034 8.0220e-01 0.0000e+00  0.0554688    19.0123 267.170626     2.5421      8.078    -2.1719    302.259     9.2664 0.0000e+00
      7.949    19.0141 266.028851     0.0244 1.0000e-12     1.0207    77.4773 7.8022e-01 0.0000e+00  0.0554688    19.0125 267.201068     2.5421      8.106    -2.2092    302.177     9.2664 0.0000e+00
      7.975    19.0140 266.028853     0.0293 1.0000e-12     1.0207    77.4773 8.0586e-01 0.0000e+00  0.0554688    19.0127 267.140185     2.5421      8.132    -2.1824    302.178     9.2664 0.0000e+00
      8.001    19.0140 266.016800     0.0269 1.0000e-12     1.0221    77.4512 8.7179e-01 0.0000e+00  0.0554688    19.0120 267.140186     2.5421      8.159    -2.1982    302.164     9.2665 0.0000e+00
      8.026    19.0140 266.028854     0.0269 1.0000e-12     1.0207    77.4773 9.4505e-01 0.0000e+00  0.0554688    19.0121 267.201071     2.5421      8.184    -2.1933    302.178     9.2670 0.0000e+00
      8.051    19.0140 266.040908     0.0305 1.0000e-12     1.0207    77.4773 9.4505e-01 0.0000e+00  0.0558845    19.0120 267.292398     2.5421      8.210    -2.1822    302.192     9.2674 0.0000e+00
      8.075    19.0141 266.065016     0.0232 1.0000e-12     1.0207    77.4773 8.9377e-01 0.0000e+00  0.0558845    19.0118 267.292400     2.5421      8.234    -2.2103    302.218     9.2679 0.0000e+00
      8.100    19.0142 266.077068     0.0317 1.0000e-12     1.0194    77.5034 8.5714e-01 0.0000e+00  0.0563003    19.0118 267.231514     2.5421      8.260    -2.1761    302.231     9.2679 0.0000e+00
      8.126    19.0141 266.028857     0.0208 1.0000e-12     1.0194    77.5034 8.1685e-01 0.0000e+00  0.0563003    19.0121 267.231517     2.5421      8.286    -2.2211    302.177     9.2682 0.0000e+00
      8.151    19.0141 266.089125     0.0342 1.0000e-12     1.0194    77.5034 7.7656e-01 0.0000e+00  0.0558845    19.0128 267.292401     2.5421      8.312    -2.1637    302.246     9.2685 0.0000e+00
      8.176    19.0140 266.077071     0.0183 1.0000e-12     1.0194    77.5034 7.4359e-01 0.0000e+00  0.0558845    19.0127 267.048864     2.5421      8.337    -2.2327    302.233     9.2689 0.0000e+00
      8.201    19.0141 266.040912     0.0354 1.0000e-12     1.0194    77.5034 7.2527e-01 0.0000e+00  0.0554688    19.0123 267.109749     2.5421      8.363    -2.1571    302.191     9.2689 0.0000e+00
      8.226    19.0140 266.040912     0.0183 1.0000e-12     1.0194    77.5034 7.2894e-01 0.0000e+00  0.0554688    19.0127 267.261960     2.5421      8.388    -2.2331    302.192     9.2691 0.0000e+00
      8.252    19.0138 266.113235     0.0354 1.0000e-12     1.0194    77.5034 7.6190e-01 0.0000e+00  0.0554688    19.0127 267.322846     2.5421      8.415    -2.1556    302.275     9.2695 0.0000e+00
      8.276    19.0138 266.089128     0.0195 1.0000e-12     1.0221    77.4512 7.8022e-01 0.0000e+00  0.0554688    19.0121 267.231520     2.5421      8.439    -2.2282    302.248     9.2695 0.0000e+00
      8.301    19.0138 266.028860     0.0342 1.0000e-12     1.0194    77.5034 7.9853e-01 0.0000e+00  0.0558845    19.0118 267.170636     2.5421      8.465    -2.1598    302.179     9.2694 0.0000e+00
      8.326    19.0136 266.089131     0.0208 1.0000e-12     1.0207    77.4773 8.9011e-01 0.0000e+00  0.0558845    19.0121 267.201080     2.5421      8.490    -2.2233    302.249     9.2693 0.0000e+00
      8.349    19.0137 266.113237     0.0330 1.0000e-12     1.0221    77.4512 9.9634e-01 0.0000e+00  0.0554688    19.0120 267.109753     2.5421      8.514    -2.1650    302.276     9.2692 0.0000e+00
      8.373    19.0134 266.077076     0.0244 1.0000e-12     1.0221    77.4512 9.9634e-01 0.0000e+00  0.0550530    19.0120 267.170637     2.5421      8.538    -2.2081    302.237     9.2690 0.0000e+00
      8.397    19.0130 266.040919     0.0305 1.0000e-12     1.0194    77.5034 9.7070e-01 0.0000e+00  0.0554688    19.0118 267.048872     2.5421      8.563    -2.1763    302.199     9.2690 0.0000e+00
      8.422    19.0129 266.040918     0.0269 1.0000e-12     1.0194    77.5034 9.1575e-01 0.0000e+00  0.0558845    19.0121 267.231523     2.5421      8.588    -2.1975    302.199     9.2692 0.0000e+00
      8.446    19.0127 266.040919     0.0269 1.0000e-12     1.0180    77.5296 8.4982e-01 0.0000e+00  0.0558845    19.0121 267.353293     2.5421      8.613    -2.1923    302.201     9.2695 0.0000e+00
      8.471    19.0132 266.016813     0.0293 1.0000e-12     1.0167    77.5557 8.2051e-01 0.0000e+00  0.0554688    19.0109 267.261969     2.5421      8.638    -2.1866    302.170     9.2696 0.0000e+00
      8.494    19.0131 266.052974     0.0232 1.0000e-12     1.0167    77.5557 7.9121e-01 0.0000e+00  0.0554688    19.0111 267.170642     2.5421      8.661    -2.2090    302.212     9.2694 0.0000e+00
