data/05_metadata_exports/SeabirdData/202310_SeabirdData/88770_STN28-NIGHT.cnv
* Sea-Bird SBE 9 Data File:
* FileName = C:\Users\rosette\Rosette Data\2023\Ontario lower food web csmi\STN28-NIGHT.hex
* Software Version Seasave V 7.26.6.26
* Temperature SN = 5270
* Conductivity SN = 1168
* Number of Bytes Per Scan = 40
* Number of Voltage Words = 5
* Number of Scans Averaged by the Deck Unit = 1
* NMEA Latitude = 43 46.57 N
* NMEA Longitude = 078 51.37 W
* NMEA UTC (Time) = Sep 27 2023  07:17:23
* NMEA baud rate = 4800
** Ship: Lake Guardian
** Cruise: Ontario Lower Food Web 2023
** Station:  STN28-NIGHT
# nquan = 18                                
# nvalues = 11104                       
# units = specified
# name 0 = prDM: Pressure, Digiquartz [db]
# name 1 = t090C: Temperature [ITS-90, deg C]
# name 2 = c0uS/cm: Conductivity [uS/cm]
# name 3 = sbeox0V: Oxygen raw, SBE 43 [V]
# name 4 = par: PAR/Irradiance, Biospherical/Licor
# name 5 = bat: Beam Attenuation, Chelsea/Seatech [1/m]
# name 6 = xmiss: Beam Transmission, Chelsea/Seatech [%]
# name 7 = flSP: Fluorescence, Seapoint
# name 8 = spar: SPAR, Biospherical/Licor
# name 9 = upoly0: Upoly 0, Suna Nitrate
# name 10 = t190C: Temperature, 2 [ITS-90, deg C]
# name 11 = c1uS/cm: Conductivity, 2 [uS/cm]
# name 12 = sbeox1V: Oxygen raw, SBE 43, 2 [V]
# name 13 = depFM: Depth [fresh water, m], lat = 43.7762
# name 14 = sbeox0Mg/L: Oxygen, SBE 43 [mg/l], WS = 2
# name 15 = specc: Specific Conductance [uS/cm]
# name 16 = sbeox1Mg/L: Oxygen, SBE 43, 2 [mg/l], WS = 2
# name 17 = flag: flag
# span 0 =     -0.166,     58.671       
# span 1 =   -79.1110,    19.4702       
# span 2 =  20.602650, 347.320690       
# span 3 =     0.0147,     0.0366       
# span 4 = 1.0000e-12, 2.5657e+00       
# span 5 =     0.0607,    55.2620       
# span 6 =     0.0000,    98.4934       
# span 7 = 6.9597e-02, 1.9011e+00       
# span 8 = 0.0000e+00, 0.0000e+00       
# span 9 =  0.0413330,  0.0625367       
# span 10 =     6.5580,    19.4686      
# span 11 =   1.843202, 267.901170      
# span 12 =     1.9292,     2.8352      
# span 13 =     -0.169,     59.828      
# span 14 =    -3.0127,   155.2688      
# span 15 =   -332.769,    723.229      
# span 16 =     6.3236,    10.6159      
# span 17 = 0.0000e+00, 0.0000e+00      
# interval = seconds: 0.0416667
# start_time = Sep 27 2023 07:17:23 [NMEA time, header]
# bad_flag = -9.990e-29
*END*
[from data line 9006]
     21.098    19.2755 265.836109     0.0305 1.0000e-12     0.9591    78.6797 8.7179e-01 0.0000e+00  0.0558845    19.3620 267.170661     2.5433     21.514    -2.1716    300.175     9.2534 0.0000e+00
     21.072    19.2728 265.787895     0.0256 1.0000e-12     0.9591    78.6797 9.0110e-01 0.0000e+00  0.0563003    19.3592 267.140217     2.5446     21.487    -2.1939    300.139     9.2580 0.0000e+00
     21.045    19.2807 265.908422     0.0232 1.0000e-12     0.9591    78.6797 8.8278e-01 0.0000e+00  0.0558845    19.3600 267.170661     2.5446     21.460    -2.2038    300.222     9.2563 0.0000e+00
     21.019    19.2950 265.968674     0.0305 1.0000e-12     0.9578    78.7058 8.5348e-01 0.0000e+00  0.0554688    19.3632 267.201097     2.5446     21.433    -2.1717    300.193     9.2539 0.0000e+00
     20.993    19.3130 266.089193     0.0171 1.0000e-12     0.9591    78.6797 8.5714e-01 0.0000e+00  0.0554688    19.3697 267.231534     2.5446     21.407    -2.2305    300.207     9.2508 0.0000e+00
     20.968    19.3270 266.089180     0.0342 1.0000e-12     0.9591    78.6797 8.5348e-01 0.0000e+00  0.0554688    19.3716 267.231532     2.5446     21.381    -2.1544    300.112     9.2488 0.0000e+00
     20.943    19.3348 266.077121     0.0159 1.0000e-12     0.9591    78.6797 8.2051e-01 0.0000e+00  0.0558845    19.3711 267.322860     2.5446     21.356    -2.2358    300.046     9.2475 0.0000e+00
     20.918    19.3360 266.077116     0.0330 1.0000e-12     0.9591    78.6797 7.8755e-01 0.0000e+00  0.0554688    19.3690 267.414186     2.5446     21.330    -2.1588    300.038     9.2465 0.0000e+00
     20.893    19.3355 266.101226     0.0220 1.0000e-12     0.9591    78.6797 7.9121e-01 0.0000e+00  0.0554688    19.3733 267.261972     2.5446     21.305    -2.2085    300.068     9.2441 0.0000e+00
     20.869    19.3400 266.125327     0.0269 1.0000e-12     0.9578    78.7058 8.0220e-01 0.0000e+00  0.0554688    19.3781 267.292408     2.5446     21.280    -2.1848    300.065     9.2415 0.0000e+00
     20.845    19.3492 266.137373     0.0281 1.0000e-12     0.9591    78.6797 8.0952e-01 0.0000e+00  0.0554688    19.3816 267.322848     2.5446     21.256    -2.1801    300.016     9.2395 0.0000e+00
     20.821    19.3555 266.089152     0.0195 1.0000e-12     0.9605    78.6536 8.2784e-01 0.0000e+00  0.0554688    19.3849 267.322843     2.5446     21.232    -2.2173    299.919     9.2374 0.0000e+00
     20.796    19.3527 266.040940     0.0330 1.0000e-12     0.9605    78.6536 8.0952e-01 0.0000e+00  0.0558845    19.3854 267.261958     2.5446     21.206    -2.1583    299.884     9.2362 0.0000e+00
     20.771    19.3492 266.113262     0.0159 1.0000e-12     0.9565    78.7320 8.0586e-01 0.0000e+00  0.0558845    19.3849 267.322841     2.5446     21.181    -2.2349    299.989     9.2351 0.0000e+00
     20.749    19.3539 266.113259     0.0342 1.0000e-12     0.9525    78.8104 8.3150e-01 0.0000e+00  0.0558845    19.3842 267.383727     2.5446     21.158    -2.1530    299.957     9.2339 0.0000e+00
     20.727    19.3600 266.149414     0.0183 1.0000e-12     0.9512    78.8365 8.4249e-01 0.0000e+00  0.0558845    19.3835 267.353285     2.5446     21.136    -2.2238    299.957     9.2326 0.0000e+00
     20.704    19.3636 266.137356     0.0305 1.0000e-12     0.9512    78.8365 8.4615e-01 0.0000e+00  0.0558845    19.3831 267.261957     2.5446     21.112    -2.1681    299.919     9.2317 0.0000e+00
     20.681    19.3656 266.113246     0.0244 1.0000e-12     0.9525    78.8104 8.9377e-01 0.0000e+00  0.0554688    19.3828 267.322841     2.5446     21.089    -2.1962    299.878     9.2311 0.0000e+00
     20.659    19.3645 266.077086     0.0220 1.0000e-12     0.9525    78.8104 9.1209e-01 0.0000e+00  0.0554688    19.3817 267.414169     2.5446     21.066    -2.2052    299.845     9.2310 0.0000e+00
     20.638    19.3619 266.077088     0.0305 1.0000e-12     0.9525    78.8104 9.0110e-01 0.0000e+00  0.0554688    19.3837 267.322840     2.5446     21.045    -2.1685    299.862     9.2302 0.0000e+00
     20.617    19.3577 266.040931     0.0159 1.0000e-12     0.9525    78.8104 9.0476e-01 0.0000e+00  0.0558845    19.3769 267.231519     2.5458     21.023    -2.2332    299.850     9.2370 0.0000e+00
     20.594    19.3527 265.992721     0.0342 1.0000e-12     0.9512    78.8365 9.1575e-01 0.0000e+00  0.0558845    19.3634 267.231530     2.5458     21.000    -2.1521    299.829     9.2391 0.0000e+00
     20.571    19.3492 266.052989     0.0171 1.0000e-12     0.9525    78.8104 9.3040e-01 0.0000e+00  0.0554688    19.3621 267.170645     2.5458     20.977    -2.2287    299.921     9.2388 0.0000e+00
     20.550    19.3471 266.077100     0.0330 1.0000e-12     0.9525    78.8104 9.4505e-01 0.0000e+00  0.0558845    19.3650 267.140201     2.5458     20.955    -2.1570    299.962     9.2377 0.0000e+00
     20.528    19.3433 265.980674     0.0220 1.0000e-12     0.9512    78.8365 9.5238e-01 0.0000e+00  0.0558845    19.3634 267.201086     2.5458     20.933    -2.2068    299.879     9.2374 0.0000e+00
     20.507    19.3400 265.992729     0.0269 1.0000e-12     0.9525    78.8104 9.3773e-01 0.0000e+00  0.0558845    19.3699 267.292406     2.5458     20.911    -2.1834    299.915     9.2356 0.0000e+00
     20.486    19.3367 266.016838     0.0281 1.0000e-12     0.9525    78.8104 9.3407e-01 0.0000e+00  0.0554688    19.3751 267.201074     2.5458     20.890    -2.1792    299.965     9.2344 0.0000e+00
     20.465    19.3312 265.980683     0.0183 1.0000e-12     0.9525    78.8104 9.1575e-01 0.0000e+00  0.0554688    19.3589 267.261973     2.5458     20.868    -2.2218    299.961     9.2368 0.0000e+00
     20.445    19.3296 266.053005     0.0330 1.0000e-12     0.9525    78.8104 8.9377e-01 0.0000e+00  0.0558845    19.3144 267.079358     2.5458     20.848    -2.1577    300.054     9.2447 0.0000e+00
     20.424    19.3309 266.040948     0.0147 1.0000e-12     0.9525    78.8104 9.0842e-01 0.0000e+00  0.0554688    19.2979 267.018486     2.5458     20.827    -2.2386    300.031     9.2472 0.0000e+00
     20.405    19.3302 265.992736     0.0342 1.0000e-12     0.9525    78.8104 8.8645e-01 0.0000e+00  0.0554688    19.3101 267.048918     2.5458     20.807    -2.1516    299.982     9.2442 0.0000e+00
     20.386    19.3243 265.956580     0.0195 1.0000e-12     0.9525    78.8104 8.4615e-01 0.0000e+00  0.0554688    19.3142 266.988031     2.5458     20.788    -2.2179    299.981     9.2428 0.0000e+00
     20.366    19.3128 265.944536     0.0293 1.0000e-12     0.9525    78.8104 8.0586e-01 0.0000e+00  0.0554688    19.3194 266.927141     2.5458     20.768    -2.1731    300.045     9.2412 0.0000e+00
     20.347    19.2989 265.860174     0.0256 1.0000e-12     0.9512    78.8365 7.8755e-01 0.0000e+00  0.0554688    19.3170 266.988026     2.5458     20.748    -2.1912    300.044     9.2410 0.0000e+00
     20.329    19.2859 265.872239     0.0220 1.0000e-12     0.9485    78.8888 7.9853e-01 0.0000e+00  0.0554688    19.3130 267.018473     2.5458     20.730    -2.2061    300.146     9.2412 0.0000e+00
     20.310    19.2752 265.799928     0.0317 1.0000e-12     0.9472    78.9150 8.6813e-01 0.0000e+00  0.0554688    19.3242 267.048903     2.5458     20.710    -2.1647    300.137     9.2384 0.0000e+00
     20.291    19.2671 265.775828     0.0159 1.0000e-12     0.9472    78.9150 8.7912e-01 0.0000e+00  0.0554688    19.3404 267.018447     2.5458     20.691    -2.2346    300.164     9.2347 0.0000e+00
     20.273    19.2620 265.836098     0.0342 1.0000e-12     0.9472    78.9150 8.5348e-01 0.0000e+00  0.0558845    19.3563 267.109759     2.5458     20.673    -2.1538    300.267     9.2306 0.0000e+00
     20.255    19.2635 265.860202     0.0171 1.0000e-12     0.9485    78.8888 8.1319e-01 0.0000e+00  0.0558845    19.3543 267.170644     2.5458     20.654    -2.2302    300.284     9.2300 0.0000e+00
     20.238    19.2733 265.968674     0.0330 1.0000e-12     0.9472    78.9150 7.8755e-01 0.0000e+00  0.0558845    19.3399 267.018446     2.5458     20.637    -2.1580    300.340     9.2316 0.0000e+00
     20.221    19.2926 266.016871     0.0220 1.0000e-12     0.9472    78.9150 7.6923e-01 0.0000e+00  0.0558845    19.3231 266.927135     2.5458     20.620    -2.2076    300.264     9.2338 0.0000e+00
     20.203    19.3116 266.089174     0.0256 1.0000e-12     0.9472    78.9150 7.5092e-01 0.0000e+00  0.0558845    19.2735 266.805411     2.5458     20.601    -2.1890    300.216     9.2422 0.0000e+00
     20.185    19.3250 266.053002     0.0293 1.0000e-12     0.9472    78.9150 7.5092e-01 0.0000e+00  0.0554688    19.2001 266.592383     2.5470     20.583    -2.1737    300.085     9.2606 0.0000e+00
     20.167    19.3317 266.016835     0.0183 1.0000e-12     0.9472    78.9150 7.8022e-01 0.0000e+00  0.0558845    19.1502 266.561985     2.5470     20.565    -2.2215    299.999     9.2691 0.0000e+00
     20.149    19.3348 266.016831     0.0330 1.0000e-12     0.9472    78.9150 7.7656e-01 0.0000e+00  0.0558845    19.1519 266.470658     2.5470     20.546    -2.1572    299.978     9.2674 0.0000e+00
     20.131    19.3322 265.980674     0.0159 1.0000e-12     0.9472    78.9150 7.6557e-01 0.0000e+00  0.0558845    19.1402 266.379346     2.5458     20.528    -2.2338    299.954     9.2637 0.0000e+00
     20.114    19.3257 266.016838     0.0342 1.0000e-12     0.9472    78.9150 7.7289e-01 0.0000e+00  0.0558845    19.1024 266.227172     2.5458     20.511    -2.1524    300.039     9.2700 0.0000e+00
     20.098    19.3198 266.016844     0.0195 1.0000e-12     0.9472    78.9150 7.9853e-01 0.0000e+00  0.0554688    19.1073 266.288051     2.5458     20.494    -2.2183    300.079     9.2687 0.0000e+00
     20.082    19.3161 266.053008     0.0293 1.0000e-12     0.9472    78.9150 7.9853e-01 0.0000e+00  0.0554688    19.1476 266.379339     2.5458     20.478    -2.1732    300.145     9.2607 0.0000e+00
     20.064    19.3137 266.004793     0.0256 1.0000e-12     0.9472    78.9150 8.0220e-01 0.0000e+00  0.0558845    19.1898 266.744595     2.5458     20.460    -2.1908    300.107     9.2524 0.0000e+00
     20.047    19.3159 266.004793     0.0220 1.0000e-12     0.9472    78.9150 8.0220e-01 0.0000e+00  0.0563003    19.2543 266.896749     2.5458     20.442    -2.2050    300.092     9.2399 0.0000e+00
     20.031    19.3180 265.920416     0.0317 1.0000e-12     0.9472    78.9150 8.4982e-01 0.0000e+00  0.0558845    19.3099 267.109793     2.5446     20.426    -2.1631    299.983     9.2237 0.0000e+00
     20.014    19.3140 265.860153     0.0159 1.0000e-12     0.9472    78.9150 8.5348e-01 0.0000e+00  0.0554688    19.3394 267.261978     2.5446     20.409    -2.2336    299.942     9.2179 0.0000e+00
     19.997    19.3070 265.811946     0.0354 1.0000e-12     0.9485    78.8888 8.4982e-01 0.0000e+00  0.0550530    19.3613 267.353286     2.5446     20.391    -2.1476    299.935     9.2136 0.0000e+00
     19.980    19.3015 265.836056     0.0171 1.0000e-12     0.9498    78.8627 8.2418e-01 0.0000e+00  0.0554688    19.3529 267.140196     2.5446     20.374    -2.2300    299.999     9.2147 0.0000e+00
     19.963    19.3003 265.884270     0.0330 1.0000e-12     0.9498    78.8627 8.0586e-01 0.0000e+00  0.0558845    19.3241 267.079337     2.5446     20.357    -2.1583    300.062     9.2196 0.0000e+00
     19.947    19.3069 265.956584     0.0232 1.0000e-12     0.9498    78.8627 8.2418e-01 0.0000e+00  0.0558845    19.2841 267.079371     2.5446     20.340    -2.2024    300.099     9.2267 0.0000e+00
     19.931    19.3199 266.016840     0.0256 1.0000e-12     0.9498    78.8627 8.0952e-01 0.0000e+00  0.0554688    19.2548 266.957629     2.5446     20.324    -2.1898    300.079     9.2319 0.0000e+00
     19.914    19.3326 266.065042     0.0293 1.0000e-12     0.9498    78.8627 7.9121e-01 0.0000e+00  0.0554688    19.2302 266.835882     2.5446     20.307    -2.1738    300.047     9.2362 0.0000e+00
     19.896    19.3429 266.077086     0.0183 1.0000e-12     0.9498    78.8627 8.2784e-01 0.0000e+00  0.0554688    19.2060 266.835903     2.5446     20.288    -2.2215    299.991     9.2409 0.0000e+00
     19.879    19.3536 266.161452     0.0342 1.0000e-12     0.9485    78.8888 8.4615e-01 0.0000e+00  0.0554688    19.1816 266.896807     2.5446     20.271    -2.1513    300.014     9.2458 0.0000e+00
     19.861    19.3657 266.125279     0.0159 1.0000e-12     0.9512    78.8365 8.3516e-01 0.0000e+00  0.0550530    19.1888 266.744592     2.5433     20.253    -2.2325    299.891     9.2387 0.0000e+00
     19.844    19.3746 266.173486     0.0342 1.0000e-12     0.9512    78.8365 8.1685e-01 0.0000e+00  0.0554688    19.1854 266.805478     2.5433     20.235    -2.1505    299.885     9.2396 0.0000e+00
     19.825    19.3810 266.209641     0.0195 1.0000e-12     0.9485    78.8888 8.4249e-01 0.0000e+00  0.0554688    19.1835 266.775038     2.5433     20.216    -2.2159    299.883     9.2403 0.0000e+00
     19.807    19.3852 266.197582     0.0281 1.0000e-12     0.9485    78.8888 8.9011e-01 0.0000e+00  0.0558845    19.1736 266.714162     2.5433     20.198    -2.1761    299.841     9.2425 0.0000e+00
     19.788    19.3885 266.149366     0.0256 1.0000e-12     0.9485    78.8888 9.2674e-01 0.0000e+00  0.0558845    19.1763 266.988136     2.5433     20.178    -2.1878    299.764     9.2424 0.0000e+00
     19.768    19.3899 266.209632     0.0208 1.0000e-12     0.9485    78.8888 9.4505e-01 0.0000e+00  0.0558845    19.2343 266.957642     2.5433     20.158    -2.2082    299.822     9.2318 0.0000e+00
     19.747    19.3920 266.197576     0.0317 1.0000e-12     0.9485    78.8888 9.6337e-01 0.0000e+00  0.0554688    19.2936 267.140242     2.5433     20.136    -2.1603    299.795     9.2219 0.0000e+00
     19.725    19.3934 266.173467     0.0159 1.0000e-12     0.9498    78.8627 1.0330e+00 0.0000e+00  0.0554688    19.3282 267.170653     2.5421     20.114    -2.2304    299.758     9.2113 0.0000e+00
     19.704    19.3932 266.137306     0.0342 1.0000e-12     0.9498    78.8627 1.0806e+00 0.0000e+00  0.0554688    19.3339 267.261975     2.5433     20.092    -2.1496    299.719     9.2171 0.0000e+00
     19.682    19.3895 266.161415     0.0171 1.0000e-12     0.9512    78.8365 1.0220e+00 0.0000e+00  0.0558845    19.3420 267.170640     2.5421     20.070    -2.2261    299.771     9.2111 0.0000e+00
     19.660    19.3862 266.173472     0.0330 1.0000e-12     0.9512    78.8365 9.6337e-01 0.0000e+00  0.0554688    19.3575 267.140185     2.5433     20.048    -2.1547    299.807     9.2147 0.0000e+00
     19.638    19.3860 266.233738     0.0232 1.0000e-12     0.9512    78.8365 9.1209e-01 0.0000e+00  0.0554688    19.3698 267.261941     2.5433     20.025    -2.1986    299.876     9.2134 0.0000e+00
     19.617    19.3878 266.221683     0.0256 1.0000e-12     0.9512    78.8365 9.1209e-01 0.0000e+00  0.0554688    19.3807 267.322816     2.5433     20.004    -2.1866    299.850     9.2128 0.0000e+00
     19.595    19.3923 266.221681     0.0293 1.0000e-12     0.9525    78.8104 9.6703e-01 0.0000e+00  0.0558845    19.3917 267.322808     2.5433     19.981    -2.1707    299.820     9.2122 0.0000e+00
     19.572    19.3978 266.197566     0.0183 1.0000e-12     0.9538    78.7843 9.4872e-01 0.0000e+00  0.0558845    19.4004 267.414125     2.5433     19.958    -2.2189    299.755     9.2121 0.0000e+00
     19.546    19.4036 266.269883     0.0330 1.0000e-12     0.9538    78.7843 9.0110e-01 0.0000e+00  0.0558845    19.4109 267.383673     2.5433     19.931    -2.1539    299.798     9.2111 0.0000e+00
     19.521    19.4091 266.221662     0.0159 1.0000e-12     0.9538    78.7843 8.8278e-01 0.0000e+00  0.0558845    19.4231 267.322776     2.5433     19.906    -2.2301    299.706     9.2099 0.0000e+00
     19.498    19.4132 266.306035     0.0342 1.0000e-12     0.9552    78.7581 8.3883e-01 0.0000e+00  0.0554688    19.4207 267.414106     2.5421     19.882    -2.1484    299.774     9.2059 0.0000e+00
