data/05_metadata_exports/SeabirdData/202310_SeabirdData/88784_STN29-2.cnv
* Sea-Bird SBE 9 Data File:
* FileName = C:\Users\rosette\Rosette Data\2023\Ontario lower food web csmi\STN29-2.hex
* Software Version Seasave V 7.26.6.26
* Temperature SN = 5270
* Conductivity SN = 1168
* Number of Bytes Per Scan = 40
* Number of Voltage Words = 5
* Number of Scans Averaged by the Deck Unit = 1
* NMEA Latitude = 43 49.00 N
* NMEA Longitude = 078 52.47 W
* NMEA UTC (Time) = Sep 27 2023  08:44:03
* NMEA baud rate = 4800
** Ship: Lake Guardian
** Cruise: Ontario Lower Food Web 2023
** Station:  STN29-2
# nquan = 18                                
# nvalues = 3766                        
# units = specified
# name 0 = prDM: Pressure, Digiquartz [db]
# name 1 = t090C: Temperature [ITS-90, deg C]
# name 2 = c0uS/cm: Conductivity [uS/cm]
# name 3 = sbeox0V: Oxygen raw, SBE 43 [V]
# name 4 = par: PAR/Irradiance, Biospherical/Licor
# name 5 = bat: Beam Attenuation, Chelsea/Seatech [1/m]
# name 6 = xmiss: Beam Transmission, Chelsea/Seatech [%]
# name 7 = flSP: Fluorescence, Seapoint
# name 8 = spar: SPAR, Biospherical/Licor
# name 9 = upoly0: Upoly 0, Suna Nitrate
# name 10 = t190C: Temperature, 2 [ITS-90, deg C]
# name 11 = c1uS/cm: Conductivity, 2 [uS/cm]
# name 12 = sbeox1V: Oxygen raw, SBE 43, 2 [V]
# name 13 = depFM: Depth [fresh water, m], lat = 43.8167
# name 14 = sbeox0Mg/L: Oxygen, SBE 43 [mg/l], WS = 2
# name 15 = specc: Specific Conductance [uS/cm]
# name 16 = sbeox1Mg/L: Oxygen, SBE 43, 2 [mg/l], WS = 2
# name 17 = flag: flag
# span 0 =     -0.025,      5.048       
# span 1 =   -42.9201,    19.0230       
# span 2 =   2.293435, 266.161366       
# span 3 =     0.0171,     0.0366       
# span 4 = 1.0000e-12, 2.8671e+00       
# span 5 =     0.7256,     4.2352       
# span 6 =    34.6870,    83.4109       
# span 7 = 8.4249e-02, 2.8205e+00       
# span 8 = 0.0000e+00, 0.0000e+00       
# span 9 =  0.0413330,  0.0617051       
# span 10 =    14.2108,    19.0215      
# span 11 =   3.677329, 267.322764      
# span 12 =     2.0171,     2.7424      
# span 13 =     -0.025,      5.148      
# span 14 =    -3.4853,    61.3856      
# span 15 =   -501.789,    328.447      
# span 16 =     6.8611,    10.6054      
# span 17 = 0.0000e+00, 0.0000e+00      
# interval = seconds: 0.0416667
# start_time = Sep 27 2023 08:44:03 [NMEA time, header]
# bad_flag = -9.990e-29
*END*
[from data line 1207]
      1.767    18.8638 258.655201     0.0220 1.0000e-12     1.0356    77.1898 7.3260e-01 0.0000e+00  0.0429961    18.6973 260.200614     2.1343      1.802    -2.2203    294.809     7.2444 -9.990e-29
      1.764    18.8621 258.655202     0.0330 1.0000e-12     1.0343    77.2159 7.4725e-01 0.0000e+00  0.0429961    18.6815 260.109330     2.1331      1.799    -2.1751    294.820     7.2407 -9.990e-29
      1.761    18.8605 258.594987     0.0195 1.0000e-12     1.0356    77.1898 7.7289e-01 0.0000e+00  0.0429961    18.6683 260.018045     2.1306      1.796    -2.2318    294.762     7.2309 -9.990e-29
      1.758    18.8592 258.594988     0.0342 1.0000e-12     1.0356    77.1898 8.1319e-01 0.0000e+00  0.0429961    18.6572 259.957190     2.1294      1.793    -2.1684    294.771     7.2268 -9.990e-29
      1.756    18.8575 258.534773     0.0183 1.0000e-12     1.0343    77.2159 7.9121e-01 0.0000e+00  0.0429961    18.6434 260.048498     2.1282      1.791    -2.2375    294.714     7.2227 -9.990e-29
      1.753    18.8555 258.546818     0.0354 1.0000e-12     1.0343    77.2159 7.4725e-01 0.0000e+00  0.0429961    18.6280 260.109376     2.1270      1.788    -2.1613    294.741     7.2189 -9.990e-29
      1.750    18.8548 258.486603     0.0183 1.0000e-12     1.0356    77.1898 7.4725e-01 0.0000e+00  0.0429961    18.6137 260.139820     2.1258      1.785    -2.2382    294.677     7.2150 -9.990e-29
      1.748    18.8568 258.498643     0.0342 1.0000e-12     1.0343    77.2159 7.3626e-01 0.0000e+00  0.0429961    18.6017 260.170261     2.1245      1.782    -2.1652    294.677     7.2105 -9.990e-29
      1.746    18.8599 258.510685     0.0208 1.0000e-12     1.0356    77.1898 7.1062e-01 0.0000e+00  0.0429961    18.5927 260.078973     2.1221      1.780    -2.2277    294.670     7.2006 -9.990e-29
      1.745    18.8632 258.414336     0.0330 1.0000e-12     1.0343    77.2159 6.9963e-01 0.0000e+00  0.0429961    18.5892 260.078975     2.1209      1.779    -2.1693    294.538     7.1955 -9.990e-29
      1.745    18.8668 258.402291     0.0232 1.0000e-12     1.0343    77.2159 7.2894e-01 0.0000e+00  0.0429961    18.5913 259.987678     2.1197      1.779    -2.2175    294.500     7.1897 -9.990e-29
      1.745    18.8721 258.317986     0.0305 1.0000e-12     1.0356    77.1898 7.9121e-01 0.0000e+00  0.0429961    18.5982 259.865944     2.1184      1.779    -2.1802    294.369     7.1828 -9.990e-29
      1.745    18.8772 258.293896     0.0256 1.0000e-12     1.0343    77.2159 8.4615e-01 0.0000e+00  0.0429961    18.6153 259.805066     2.1172      1.779    -2.2076    294.307     7.1752 -9.990e-29
      1.743    18.8836 258.293891     0.0269 1.0000e-12     1.0343    77.2159 9.1941e-01 0.0000e+00  0.0429961    18.6342 259.865914     2.1160      1.777    -2.1964    294.264     7.1673 -9.990e-29
      1.741    18.8904 258.317970     0.0293 1.0000e-12     1.0356    77.1898 1.0476e+00 0.0000e+00  0.0429961    18.6495 259.805037     2.1148      1.775    -2.1910    294.246     7.1601 -9.990e-29
      1.741    18.8956 258.293880     0.0232 1.0000e-12     1.0343    77.2159 1.1282e+00 0.0000e+00  0.0429961    18.6586 259.652870     2.1136      1.775    -2.2130    294.183     7.1533 -9.990e-29
      1.742    18.8966 258.221623     0.0317 1.0000e-12     1.0343    77.2159 1.0952e+00 0.0000e+00  0.0429961    18.6643 259.622435     2.1111      1.776    -2.1796    294.094     7.1416 -9.990e-29
      1.743    18.8954 258.161411     0.0208 1.0000e-12     1.0356    77.1898 1.0110e+00 0.0000e+00  0.0429961    18.6840 259.713713     2.1099      1.777    -2.2243    294.034     7.1345 -9.990e-29
      1.745    18.8942 258.149368     0.0342 1.0000e-12     1.0356    77.1898 9.2308e-01 0.0000e+00  0.0429961    18.7117 259.561531     2.1099      1.779    -2.1675    294.028     7.1310 -9.990e-29
      1.747    18.8938 258.101199     0.0183 1.0000e-12     1.0343    77.2159 8.5348e-01 0.0000e+00  0.0429961    18.7411 259.439782     2.1074      1.781    -2.2365    293.976     7.1162 -9.990e-29
      1.750    18.8952 258.125283     0.0342 1.0000e-12     1.0356    77.1898 7.8388e-01 0.0000e+00  0.0429961    18.7577 259.409337     2.1062      1.785    -2.1664    293.994     7.1093 -9.990e-29
      1.752    18.8969 258.137325     0.0183 1.0000e-12     1.0343    77.2159 7.4725e-01 0.0000e+00  0.0429961    18.7686 259.409328     2.1050      1.787    -2.2369    293.996     7.1032 -9.990e-29
      1.753    18.8961 258.077112     0.0354 1.0000e-12     1.0343    77.2159 7.5092e-01 0.0000e+00  0.0429961    18.7749 259.439754     2.1038      1.788    -2.1596    293.933     7.0979 -9.990e-29
      1.753    18.8947 258.077113     0.0195 1.0000e-12     1.0343    77.2159 7.3993e-01 0.0000e+00  0.0429961    18.7803 259.348455     2.1026      1.788    -2.2326    293.943     7.0927 -9.990e-29
      1.753    18.8957 257.980772     0.0342 1.0000e-12     1.0356    77.1898 7.1429e-01 0.0000e+00  0.0429961    18.7897 259.409310     2.1013      1.788    -2.1640    293.826     7.0865 -9.990e-29
      1.752    18.8982 258.016898     0.0220 1.0000e-12     1.0356    77.1898 7.0696e-01 0.0000e+00  0.0429961    18.7968 259.348442     2.1001      1.787    -2.2222    293.851     7.0812 -9.990e-29
      1.752    18.9004 258.016896     0.0317 1.0000e-12     1.0356    77.1898 7.2527e-01 0.0000e+00  0.0429961    18.7949 259.287581     2.0989      1.787    -2.1743    293.836     7.0772 -9.990e-29
      1.751    18.9029 258.016894     0.0244 1.0000e-12     1.0343    77.2159 8.0220e-01 0.0000e+00  0.0429961    18.7892 259.318017     2.0977      1.786    -2.2122    293.819     7.0733 -9.990e-29
      1.750    18.9049 257.992806     0.0293 1.0000e-12     1.0356    77.1898 8.2418e-01 0.0000e+00  0.0429961    18.7840 259.409314     2.0952      1.785    -2.1855    293.778     7.0634 -9.990e-29
      1.750    18.9073 258.028932     0.0281 1.0000e-12     1.0356    77.1898 7.8755e-01 0.0000e+00  0.0429961    18.7824 259.257161     2.0940      1.785    -2.1964    293.803     7.0590 -9.990e-29
      1.750    18.9096 258.016888     0.0256 1.0000e-12     1.0356    77.1898 7.3993e-01 0.0000e+00  0.0429961    18.7806 259.196300     2.0928      1.785    -2.2020    293.774     7.0547 -9.990e-29
      1.750    18.9119 257.968716     0.0305 1.0000e-12     1.0383    77.1375 7.3993e-01 0.0000e+00  0.0429961    18.7803 259.257162     2.0916      1.785    -2.1852    293.704     7.0502 -9.990e-29
      1.750    18.9143 257.932587     0.0220 1.0000e-12     1.0410    77.0852 7.3626e-01 0.0000e+00  0.0429961    18.7805 259.439749     2.0904      1.785    -2.2186    293.647     7.0457 -9.990e-29
      1.749    18.9160 257.932586     0.0330 1.0000e-12     1.0424    77.0591 7.1795e-01 0.0000e+00  0.0429961    18.7829 259.439747     2.0891      1.783    -2.1728    293.635     7.0400 -9.990e-29
      1.747    18.9171 257.944627     0.0195 1.0000e-12     1.0424    77.0591 7.0330e-01 0.0000e+00  0.0429961    18.7854 259.409314     2.0879      1.781    -2.2298    293.642     7.0347 -9.990e-29
      1.746    18.9171 257.896457     0.0342 1.0000e-12     1.0424    77.0591 6.8498e-01 0.0000e+00  0.0429961    18.7867 259.531037     2.0867      1.780    -2.1657    293.587     7.0297 -9.990e-29
      1.745    18.9171 257.872373     0.0171 1.0000e-12     1.0410    77.0852 6.7399e-01 0.0000e+00  0.0429961    18.7872 259.591900     2.0855      1.779    -2.2408    293.560     7.0247 -9.990e-29
      1.744    18.9172 257.884415     0.0354 1.0000e-12     1.0410    77.0852 6.9963e-01 0.0000e+00  0.0429961    18.7770 259.500614     2.0842      1.778    -2.1589    293.573     7.0208 -9.990e-29
      1.742    18.9171 257.896458     0.0183 1.0000e-12     1.0424    77.0591 7.3993e-01 0.0000e+00  0.0429961    18.7514 259.804951     2.0830      1.776    -2.2365    293.587     7.0194 -9.990e-29
      1.739    18.9172 257.908500     0.0342 1.0000e-12     1.0424    77.0591 7.6190e-01 0.0000e+00  0.0429961    18.7144 259.896278     2.0818      1.773    -2.1633    293.600     7.0197 -9.990e-29
      1.736    18.9172 257.884414     0.0208 1.0000e-12     1.0410    77.0852 7.9121e-01 0.0000e+00  0.0429961    18.6842 259.926734     2.0806      1.770    -2.2267    293.573     7.0190 -9.990e-29
      1.733    18.9171 257.908500     0.0330 1.0000e-12     1.0424    77.0591 8.3516e-01 0.0000e+00  0.0429961    18.6617 260.018051     2.0806      1.767    -2.1681    293.601     7.0224 -9.990e-29
      1.731    18.9171 257.884415     0.0232 1.0000e-12     1.0410    77.0852 8.6081e-01 0.0000e+00  0.0429961    18.6340 259.926777     2.0781      1.765    -2.2169    293.573     7.0154 -9.990e-29
      1.728    18.9171 257.956670     0.0293 1.0000e-12     1.0410    77.0852 8.4615e-01 0.0000e+00  0.0429961    18.6069 260.078961     2.0781      1.762    -2.1845    293.656     7.0198 -9.990e-29
      1.724    18.9169 258.004838     0.0269 1.0000e-12     1.0424    77.0591 8.0220e-01 0.0000e+00  0.0429961    18.5809 260.109414     2.0757      1.758    -2.2009    293.712     7.0126 -9.990e-29
      1.720    18.9165 257.992797     0.0269 1.0000e-12     1.0410    77.0852 7.7289e-01 0.0000e+00  0.0429961    18.5450 260.200743     2.0757      1.754    -2.1959    293.701     7.0178 -9.990e-29
      1.716    18.9162 257.956669     0.0293 1.0000e-12     1.0410    77.0852 7.7656e-01 0.0000e+00  0.0429961    18.5078 260.292070     2.0745      1.750    -2.1908    293.662     7.0176 -9.990e-29
      1.711    18.9155 257.980754     0.0232 1.0000e-12     1.0424    77.0591 7.7656e-01 0.0000e+00  0.0429961    18.4704 260.261669     2.0733      1.745    -2.2131    293.694     7.0175 -9.990e-29
      1.707    18.9148 258.028925     0.0317 1.0000e-12     1.0424    77.0591 7.5092e-01 0.0000e+00  0.0429961    18.4392 260.231263     2.0720      1.741    -2.1795    293.753     7.0161 -9.990e-29
      1.704    18.9141 257.992798     0.0208 1.0000e-12     1.0424    77.0591 7.2161e-01 0.0000e+00  0.0429961    18.4121 260.292151     2.0708      1.738    -2.2245    293.717     7.0145 -9.990e-29
      1.700    18.9132 258.053011     0.0342 1.0000e-12     1.0424    77.0591 7.0696e-01 0.0000e+00  0.0429961    18.3821 260.322609     2.0696      1.734    -2.1670    293.791     7.0133 -9.990e-29
      1.696    18.9117 258.053012     0.0183 1.0000e-12     1.0424    77.0591 6.9231e-01 0.0000e+00  0.0429961    18.3586 260.261764     2.0684      1.729    -2.2361    293.801     7.0113 -9.990e-29
      1.691    18.9098 258.077099     0.0342 1.0000e-12     1.0397    77.1113 6.8132e-01 0.0000e+00  0.0429961    18.3415 260.383508     2.0672      1.724    -2.1657    293.841     7.0084 -9.990e-29
      1.686    18.9068 258.101185     0.0183 1.0000e-12     1.0383    77.1375 6.7033e-01 0.0000e+00  0.0429961    18.3265 260.353087     2.0659      1.719    -2.2369    293.889     7.0042 -9.990e-29
      1.683    18.9030 258.053020     0.0354 1.0000e-12     1.0410    77.0852 6.6300e-01 0.0000e+00  0.0429961    18.3106 260.383534     2.0647      1.716    -2.1589    293.860     7.0010 -9.990e-29
      1.680    18.8987 258.089151     0.0195 1.0000e-12     1.0397    77.1113 6.9597e-01 0.0000e+00  0.0429961    18.2864 260.322690     2.0635      1.713    -2.2324    293.930     6.9985 -9.990e-29
      1.676    18.8936 258.089154     0.0342 1.3209e-02     1.0410    77.0852 7.5458e-01 0.0000e+00  0.0429961    18.2593 260.231414     2.0623      1.709    -2.1640    293.964     6.9964 -9.990e-29
      1.672    18.8888 258.101200     0.0220 4.6638e-02     1.0410    77.0852 7.5824e-01 0.0000e+00  0.0429961    18.2383 260.200999     2.0611      1.705    -2.2230    294.010     6.9934 -9.990e-29
      1.670    18.8838 258.065078     0.0317 5.8322e-02     1.0410    77.0852 7.6923e-01 0.0000e+00  0.0429961    18.2228 260.231446     2.0598      1.703    -2.1753    294.002     6.9896 -9.990e-29
      1.668    18.8796 258.089165     0.0256 5.2823e-02     1.0410    77.0852 7.9121e-01 0.0000e+00  0.0429961    18.2104 260.201023     2.0586      1.701    -2.2081    294.058     6.9854 -9.990e-29
      1.665    18.8763 258.089170     0.0281 3.5376e-02     1.0410    77.0852 7.7289e-01 0.0000e+00  0.0429961    18.2015 260.201032     2.0574      1.698    -2.1919    294.080     6.9807 -9.990e-29
      1.662    18.8739 258.016915     0.0281 2.9865e-02     1.0397    77.1113 7.5092e-01 0.0000e+00  0.0429961    18.2024 260.201029     2.0562      1.695    -2.1981    294.013     6.9746 -9.990e-29
      1.660    18.8723 258.077129     0.0244 1.1860e-02     1.0397    77.1113 7.7656e-01 0.0000e+00  0.0429961    18.2277 260.201008     2.0549      1.693    -2.2096    294.093     6.9651 -9.990e-29
      1.658    18.8711 258.065088     0.0305 7.5476e-05     1.0397    77.1113 8.4615e-01 0.0000e+00  0.0429961    18.2851 260.200960     2.0537      1.691    -2.1875    294.087     6.9517 -9.990e-29
      1.658    18.8700 258.041003     0.0208 1.0000e-12     1.0397    77.1113 8.9377e-01 0.0000e+00  0.0429961    18.3510 260.200904     2.0525      1.691    -2.2268    294.067     6.9371 -9.990e-29
      1.657    18.8697 258.004878     0.0342 1.5954e-02     1.0410    77.0852 8.5714e-01 0.0000e+00  0.0429961    18.4036 260.079132     2.0513      1.690    -2.1699    294.028     6.9243 -9.990e-29
      1.655    18.8694 258.004876     0.0183 6.3528e-02     1.0397    77.1113 8.6813e-01 0.0000e+00  0.0429961    18.4376 260.139966     2.0513      1.688    -2.2381    294.030     6.9201 -9.990e-29
      1.653    18.8725 257.968746     0.0354 8.1205e-02     1.0410    77.0852 9.4139e-01 0.0000e+00  0.0429961    18.4581 259.957356     2.0488      1.686    -2.1629    293.968     6.9056 -9.990e-29
      1.652    18.8767 258.028955     0.0183 8.7130e-02     1.0397    77.1113 9.7070e-01 0.0000e+00  0.0429961    18.4694 260.048642     2.0476      1.685    -2.2383    294.008     6.8988 -9.990e-29
      1.652    18.8801 257.992825     0.0354 1.1151e-01     1.0397    77.1113 9.7802e-01 0.0000e+00  0.0429961    18.4768 260.048636     2.0464      1.685    -2.1607    293.944     6.8921 -9.990e-29
      1.653    18.8826 258.004866     0.0183 1.2159e-01     1.0397    77.1113 1.0183e+00 0.0000e+00  0.0429961    18.4829 260.018199     2.0452      1.686    -2.2382    293.941     6.8864 -9.990e-29
      1.654    18.8859 257.944650     0.0342 4.2789e-02     1.0410    77.0852 1.0769e+00 0.0000e+00  0.0429961    18.4892 259.957329     2.0440      1.687    -2.1644    293.851     6.8807 -9.990e-29
      1.656    18.8900 257.992817     0.0208 1.5973e-03     1.0424    77.0591 1.0879e+00 0.0000e+00  0.0429961    18.4945 260.018189     2.0427      1.689    -2.2276    293.878     6.8751 -9.990e-29
      1.658    18.8914 257.980775     0.0317 1.0000e-12     1.0424    77.0591 1.0147e+00 0.0000e+00  0.0429961    18.4998 260.079050     2.0415      1.691    -2.1748    293.855     6.8703 -9.990e-29
      1.659    18.8897 258.004859     0.0244 2.5207e-03     1.0424    77.0591 9.5238e-01 0.0000e+00  0.0429961    18.5025 259.866022     2.0403      1.692    -2.2120    293.894     6.8663 -9.990e-29
      1.660    18.8846 257.920567     0.0293 1.3549e-02     1.0437    77.0329 8.8645e-01 0.0000e+00  0.0429961    18.5042 259.896453     2.0391      1.693    -2.1856    293.832     6.8636 -9.990e-29
      1.663    18.8752 257.932617     0.0269 1.6999e-02     1.0437    77.0329 8.2784e-01 0.0000e+00  0.0429961    18.5025 259.896454     2.0379      1.696    -2.2024    293.909     6.8622 -9.990e-29
      1.667    18.8638 257.980798     0.0256 2.4195e-02     1.0424    77.0591 7.7289e-01 0.0000e+00  0.0429961    18.5005 260.048618     2.0366      1.700    -2.2037    294.040     6.8611 -9.990e-29
      1.669    18.8533 257.908551     0.0305 5.6930e-02     1.0437    77.0329 7.2894e-01 0.0000e+00  0.0429961    18.4970 259.987755     2.0366      1.702    -2.1875    294.028     6.8664 -9.990e-29
