data/05_metadata_exports/SeabirdData/202310_SeabirdData/88784_STN29-2.cnv
* Sea-Bird SBE 9 Data File:
* FileName = C:\Users\rosette\Rosette Data\2023\Ontario lower food web csmi\STN29-2.hex
* Software Version Seasave V 7.26.6.26
* Temperature SN = 5270
* Conductivity SN = 1168
* Number of Bytes Per Scan = 40
* Number of Voltage Words = 5
* Number of Scans Averaged by the Deck Unit = 1
* NMEA Latitude = 43 49.00 N
* NMEA Longitude = 078 52.47 W
* NMEA UTC (Time) = Sep 27 2023  08:44:03
* NMEA baud rate = 4800
** Ship: Lake Guardian
** Cruise: Ontario Lower Food Web 2023
** Station:  STN29-2
# nquan = 18                                
# nvalues = 3766                        
# units = specified
# name 0 = prDM: Pressure, Digiquartz [db]
# name 1 = t090C: Temperature [ITS-90, deg C]
# name 2 = c0uS/cm: Conductivity [uS/cm]
# name 3 = sbeox0V: Oxygen raw, SBE 43 [V]
# name 4 = par: PAR/Irradiance, Biospherical/Licor
# name 5 = bat: Beam Attenuation, Chelsea/Seatech [1/m]
# name 6 = xmiss: Beam Transmission, Chelsea/Seatech [%]
# name 7 = flSP: Fluorescence, Seapoint
# name 8 = spar: SPAR, Biospherical/Licor
# name 9 = upoly0: Upoly 0, Suna Nitrate
# name 10 = t190C: Temperature, 2 [ITS-90, deg C]
# name 11 = c1uS/cm: Conductivity, 2 [uS/cm]
# name 12 = sbeox1V: Oxygen raw, SBE 43, 2 [V]
# name 13 = depFM: Depth [fresh water, m], lat = 43.8167
# name 14 = sbeox0Mg/L: Oxygen, SBE 43 [mg/l], WS = 2
# name 15 = specc: Specific Conductance [uS/cm]
# name 16 = sbeox1Mg/L: Oxygen, SBE 43, 2 [mg/l], WS = 2
# name 17 = flag: flag
# span 0 =     -0.025,      5.048       
# span 1 =   -42.9201,    19.0230       
# span 2 =   2.293435, 266.161366       
# span 3 =     0.0171,     0.0366       
# span 4 = 1.0000e-12, 2.8671e+00       
# span 5 =     0.7256,     4.2352       
# span 6 =    34.6870,    83.4109       
# span 7 = 8.4249e-02, 2.8205e+00       
# span 8 = 0.0000e+00, 0.0000e+00       
# span 9 =  0.0413330,  0.0617051       
# span 10 =    14.2108,    19.0215      
# span 11 =   3.677329, 267.322764      
# span 12 =     2.0171,     2.7424      
# span 13 =     -0.025,      5.148      
# span 14 =    -3.4853,    61.3856      
# span 15 =   -501.789,    328.447      
# span 16 =     6.8611,    10.6054      
# span 17 = 0.0000e+00, 0.0000e+00      
# interval = seconds: 0.0416667
# start_time = Sep 27 2023 08:44:03 [NMEA time, header]
# bad_flag = -9.990e-29
*END*
[from data line 322]
      0.078    14.4000  32.780718     0.0220 1.9276e+00     0.8207    81.4505 8.7912e-02 0.0000e+00  0.0413330    14.6015   4.549344     2.6068      0.080    -2.4472     41.596    10.5106 -9.990e-29
      0.075    14.4000  31.760324     0.0317 1.8272e+00     0.8207    81.4505 8.7912e-02 0.0000e+00  0.0413330    14.6026   5.000400     2.6068      0.076    -2.3942     40.301    10.5103 -9.990e-29
      0.070    14.3999  30.517254     0.0244 1.8056e+00     0.8207    81.4505 8.7912e-02 0.0000e+00  0.0413330    14.6025   5.150754     2.6068      0.071    -2.4370     38.724    10.5102 -9.990e-29
      0.066    14.3997  29.614386     0.0293 1.7317e+00     0.8207    81.4505 8.7912e-02 0.0000e+00  0.0413330    14.6026   5.150754     2.6068      0.067    -2.4061     37.579    10.5102 -9.990e-29
      0.063    14.3997  29.016436     0.0281 1.5877e+00     0.8207    81.4505 8.7912e-02 0.0000e+00  0.0413330    14.6024   4.519274     2.6068      0.064    -2.4199     36.820    10.5102 -9.990e-29
      0.061    14.3997  28.641274     0.0256 1.5454e+00     0.8207    81.4505 8.7912e-02 0.0000e+00  0.0413330    14.6017   4.549344     2.6068      0.062    -2.4250     36.344    10.5104 -9.990e-29
      0.059    14.3995  28.371636     0.0305 1.6166e+00     0.8207    81.4505 8.7912e-02 0.0000e+00  0.0413330    14.6017   4.789906     2.6068      0.060    -2.4081     36.002    10.5103 -9.990e-29
      0.059    14.3995  28.195791     0.0220 1.8491e+00     0.8194    81.4766 8.7912e-02 0.0000e+00  0.0413330    14.6009   4.880118     2.6068      0.060    -2.4434     35.779    10.5105 -9.990e-29
      0.059    14.3992  28.184068     0.0330 1.9391e+00     0.8181    81.5028 8.7912e-02 0.0000e+00  0.0413330    14.5998   5.120684     2.6068      0.060    -2.3948     35.764    10.5107 -9.990e-29
      0.061    14.3994  28.371636     0.0195 1.9276e+00     0.8181    81.5028 8.7912e-02 0.0000e+00  0.0413330    14.6002   5.210896     2.6068      0.062    -2.4564     36.002    10.5106 -9.990e-29
      0.065    14.3992  28.840577     0.0342 1.8768e+00     0.8181    81.5028 8.7912e-02 0.0000e+00  0.0413330    14.5997   5.210896     2.6068      0.066    -2.3868     36.597    10.5107 -9.990e-29
      0.068    14.3992  29.274370     0.0183 1.8546e+00     0.8181    81.5028 8.7912e-02 0.0000e+00  0.0413330    14.5998   4.759836     2.6068      0.069    -2.4629     37.148    10.5107 -9.990e-29
      0.071    14.3992  30.294459     0.0354 1.8381e+00     0.8181    81.5028 8.7912e-02 0.0000e+00  0.0413330    14.6005   4.639554     2.6068      0.072    -2.3783     38.442    10.5105 -9.990e-29
      0.074    14.3992  31.994886     0.0183 1.6214e+00     0.8194    81.4766 8.7912e-02 0.0000e+00  0.0413330    14.6012   4.910188     2.6068      0.075    -2.4636     40.600    10.5103 -9.990e-29
      0.077    14.3989  35.913053     0.0354 1.5223e+00     0.8181    81.5028 8.7912e-02 0.0000e+00  0.0413330    14.6018   5.090613     2.6068      0.079    -2.3762     45.572    10.5101 -9.990e-29
      0.079    14.3991  41.582407     0.0208 1.5132e+00     0.8181    81.5028 8.7912e-02 0.0000e+00  0.0413330    14.6024   5.240967     2.6068      0.081    -2.4518     52.766    10.5094 -9.990e-29
      0.081    14.3989  44.917740     0.0330 1.4816e+00     0.8181    81.5028 8.7912e-02 0.0000e+00  0.0413330    14.6032   4.789906     2.6068      0.083    -2.3864     56.999    10.5086 -9.990e-29
      0.083    14.3987  45.563822     0.0232 1.4594e+00     0.8181    81.5028 8.7912e-02 0.0000e+00  0.0413330    14.6041   4.519274     2.6068      0.085    -2.4411     57.819    10.5084 -9.990e-29
      0.082    14.3987  45.693044     0.0305 1.4550e+00     0.8181    81.5028 8.7912e-02 0.0000e+00  0.0413330    14.6043   4.308784     2.6068      0.084    -2.3983     57.983    10.5078 -9.990e-29
      0.081    14.3989  46.491917     0.0269 5.4983e-01     0.8181    81.5028 8.7912e-02 0.0000e+00  0.0413330    14.6051   4.459134     2.6068      0.083    -2.4240     58.996    10.5077 -9.990e-29
      0.081    14.3987  46.562409     0.0269 2.2171e-01     0.8181    81.5028 8.7912e-02 0.0000e+00  0.0413330    14.6060   4.699695     2.6068      0.083    -2.4168     59.086    10.5075 -9.990e-29
      0.079    14.3984  44.870755     0.0293 1.8670e-01     0.8181    81.5028 8.7912e-02 0.0000e+00  0.0413330    14.6068   5.210896     2.6068      0.081    -2.4123     56.940    10.5073 -9.990e-29
      0.075    14.3985  41.547182     0.0232 2.2919e-01     0.8181    81.5028 8.7912e-02 0.0000e+00  0.0413330    14.6073   5.240967     2.6068      0.076    -2.4358     52.722    10.5079 -9.990e-29
      0.072    14.3980  38.506627     0.0330 2.7567e-01     0.8181    81.5028 8.7912e-02 0.0000e+00  0.0413330    14.6083   4.850047     2.6068      0.073    -2.3932     48.864    10.5078 -9.990e-29
      0.068    14.3982  36.945692     0.0195 2.8548e-01     0.8181    81.5028 8.7912e-02 0.0000e+00  0.0413330    14.6091   4.549344     2.6068      0.069    -2.4543     46.883    10.5076 -9.990e-29
      0.066    14.3982  36.135998     0.0342 5.5168e-01     0.8181    81.5028 8.7912e-02 0.0000e+00  0.0413330    14.6094   4.639554     2.6068      0.067    -2.3853     45.856    10.5076 -9.990e-29
      0.064    14.3979  35.643180     0.0183 1.4727e+00     0.8194    81.4766 8.7912e-02 0.0000e+00  0.0413330    14.6090   4.910188     2.6068      0.065    -2.4610     45.231    10.5078 -9.990e-29
      0.063    14.3980  35.396782     0.0354 1.8880e+00     0.8181    81.5028 8.7912e-02 0.0000e+00  0.0413330    14.6080   5.030471     2.6068      0.064    -2.3775     44.918    10.5081 -9.990e-29
      0.062    14.3977  35.819183     0.0183 1.8936e+00     0.8181    81.5028 8.7912e-02 0.0000e+00  0.0413330    14.6070   5.000400     2.6068      0.063    -2.4618     45.454    10.5084 -9.990e-29
      0.063    14.3977  38.095826     0.0354 1.9857e+00     0.8181    81.5028 8.7912e-02 0.0000e+00  0.0413330    14.6062   5.150754     2.6068      0.064    -2.3755     48.344    10.5087 -9.990e-29
      0.066    14.3977  42.286944     0.0195 2.0213e+00     0.8181    81.5028 8.7912e-02 0.0000e+00  0.0413330    14.6051   4.880117     2.6068      0.067    -2.4571     53.662    10.5090 -9.990e-29
      0.069    14.3974  45.093939     0.0342 1.9623e+00     0.8181    81.5028 9.1575e-02 0.0000e+00  0.0413330    14.6047   4.699695     2.6068      0.070    -2.3805     57.225    10.5092 -9.990e-29
      0.072    14.3976  46.644651     0.0220 1.7112e+00     0.8181    81.5028 8.7912e-02 0.0000e+00  0.0413330    14.6049   4.789906     2.6068      0.073    -2.4465     59.192    10.5092 -9.990e-29
      0.075    14.3974  47.960633     0.0317 1.6263e+00     0.8181    81.5028 8.7912e-02 0.0000e+00  0.0413330    14.6058   4.880117     2.6068      0.076    -2.3925     60.862    10.5091 -9.990e-29
      0.078    14.3972  49.476618     0.0256 1.6459e+00     0.8181    81.5028 9.1575e-02 0.0000e+00  0.0413330    14.6066   4.910188     2.6068      0.080    -2.4300     62.787    10.5090 -9.990e-29
      0.080    14.3972  50.534446     0.0281 1.8491e+00     0.8181    81.5028 9.1575e-02 0.0000e+00  0.0413330    14.6071   4.970329     2.6068      0.082    -2.4110     64.129    10.5089 -9.990e-29
      0.081    14.3970  51.039899     0.0293 1.9507e+00     0.8181    81.5028 9.1575e-02 0.0000e+00  0.0413330    14.6082   4.910188     2.6068      0.083    -2.4125     64.771    10.5087 -9.990e-29
      0.080    14.3970  50.640236     0.0244 1.9623e+00     0.8194    81.4766 8.7912e-02 0.0000e+00  0.0413330    14.6090   4.699695     2.6068      0.082    -2.4295     64.264    10.5086 -9.990e-29
      0.079    14.3969  49.699926     0.0317 2.0881e+00     0.8181    81.5028 8.7912e-02 0.0000e+00  0.0413330    14.6090   4.639554     2.6068      0.081    -2.4004     63.070    10.5087 -9.990e-29
      0.078    14.3969  48.783227     0.0220 2.1699e+00     0.8181    81.5028 8.7912e-02 0.0000e+00  0.0413330    14.6100   4.639554     2.6056      0.080    -2.4422     61.907    10.5025 -9.990e-29
      0.075    14.3963  47.243867     0.0342 2.1763e+00     0.8181    81.5028 8.7912e-02 0.0000e+00  0.0413330    14.6109   4.910188     2.6056      0.076    -2.3867     59.955    10.5024 -9.990e-29
      0.073    14.3963  44.694561     0.0195 1.9334e+00     0.8181    81.5028 8.7912e-02 0.0000e+00  0.0413330    14.6115   5.090612     2.6068      0.074    -2.4559     56.719    10.5083 -9.990e-29
      0.070    14.3962  41.958153     0.0354 1.7683e+00     0.8181    81.5028 8.7912e-02 0.0000e+00  0.0413330    14.6123   4.910188     2.6056      0.071    -2.3795     53.247    10.5022 -9.990e-29
      0.068    14.3963  39.962198     0.0183 1.7421e+00     0.8181    81.5028 8.7912e-02 0.0000e+00  0.0413330    14.6126   4.368924     2.6068      0.069    -2.4627     50.714    10.5082 -9.990e-29
      0.066    14.3962  38.776593     0.0354 1.8546e+00     0.8181    81.5028 8.7912e-02 0.0000e+00  0.0413330    14.6127   4.579414     2.6068      0.067    -2.3776     49.209    10.5083 -9.990e-29
      0.062    14.3958  38.119300     0.0195 1.9681e+00     0.8181    81.5028 8.7912e-02 0.0000e+00  0.0413330    14.6117   4.910188     2.6068      0.063    -2.4581     48.376    10.5085 -9.990e-29
      0.059    14.3960  36.488030     0.0342 1.9916e+00     0.8194    81.4766 8.7912e-02 0.0000e+00  0.0413330    14.6110   5.000400     2.6068      0.060    -2.3827     46.305    10.5088 -9.990e-29
      0.057    14.3958  34.563776     0.0220 2.1005e+00     0.8181    81.5028 8.7912e-02 0.0000e+00  0.0413330    14.6099   5.150754     2.6068      0.058    -2.4476     43.863    10.5091 -9.990e-29
      0.056    14.3957  33.132607     0.0330 2.2746e+00     0.8169    81.5289 8.7912e-02 0.0000e+00  0.0413330    14.6091   5.030471     2.6068      0.057    -2.3877     42.047    10.5094 -9.990e-29
      0.057    14.3955  32.921472     0.0244 2.3152e+00     0.8169    81.5289 8.7912e-02 0.0000e+00  0.0413330    14.6085   4.819976     2.6068      0.058    -2.4376     41.780    10.5096 -9.990e-29
      0.060    14.3954  34.282215     0.0293 2.1827e+00     0.8169    81.5289 8.7912e-02 0.0000e+00  0.0413330    14.6075   4.549344     2.6068      0.061    -2.4067     43.507    10.5099 -9.990e-29
      0.061    14.3952  37.039575     0.0281 1.9219e+00     0.8169    81.5289 8.7912e-02 0.0000e+00  0.0413330    14.6073   4.579414     2.6068      0.062    -2.4206     47.006    10.5100 -9.990e-29
      0.062    14.3952  39.034829     0.0256 1.8491e+00     0.8169    81.5289 8.7912e-02 0.0000e+00  0.0413330    14.6070   4.910188     2.6068      0.063    -2.4257     49.538    10.5102 -9.990e-29
      0.064    14.3950  40.525714     0.0305 1.8880e+00     0.8169    81.5289 8.7912e-02 0.0000e+00  0.0413330    14.6074   4.880117     2.6068      0.065    -2.4089     51.431    10.5101 -9.990e-29
      0.067    14.3947  42.275201     0.0220 1.9975e+00     0.8169    81.5289 8.7912e-02 0.0000e+00  0.0413330    14.6073   4.880117     2.6068      0.068    -2.4443     53.651    10.5102 -9.990e-29
      0.070    14.3950  43.731431     0.0330 2.0393e+00     0.8169    81.5289 8.7912e-02 0.0000e+00  0.0413330    14.6087   4.910188     2.6068      0.071    -2.3957     55.499    10.5100 -9.990e-29
      0.072    14.3947  45.411107     0.0195 2.0820e+00     0.8169    81.5289 8.7912e-02 0.0000e+00  0.0413330    14.6093   4.699695     2.6068      0.073    -2.4574     57.631    10.5099 -9.990e-29
      0.074    14.3947  45.869260     0.0354 2.3426e+00     0.8169    81.5289 8.7912e-02 0.0000e+00  0.0413330    14.6100   4.669624     2.6068      0.075    -2.3820     58.212    10.5098 -9.990e-29
      0.075    14.3943  45.763530     0.0183 2.4553e+00     0.8169    81.5289 9.1575e-02 0.0000e+00  0.0413330    14.6105   4.639554     2.6068      0.076    -2.4642     58.079    10.5098 -9.990e-29
      0.075    14.3943  45.328878     0.0354 2.4481e+00     0.8169    81.5289 9.1575e-02 0.0000e+00  0.0413330    14.6114   4.789906     2.6068      0.076    -2.3796     57.527    10.5097 -9.990e-29
      0.075    14.3943  44.788531     0.0195 2.1507e+00     0.8181    81.5028 8.7912e-02 0.0000e+00  0.0413330    14.6118   5.000400     2.6068      0.076    -2.4591     56.841    10.5096 -9.990e-29
      0.073    14.3938  43.097235     0.0354 2.0093e+00     0.8169    81.5289 8.7912e-02 0.0000e+00  0.0413330    14.6124   4.819976     2.6068      0.074    -2.3778     54.696    10.5096 -9.990e-29
      0.071    14.3940  40.431792     0.0208 2.0034e+00     0.8169    81.5289 8.7912e-02 0.0000e+00  0.0413330    14.6129   4.850047     2.6068      0.072    -2.4541     51.313    10.5095 -9.990e-29
      0.069    14.3940  37.485531     0.0330 2.0514e+00     0.8169    81.5289 8.7912e-02 0.0000e+00  0.0413330    14.6139   4.759835     2.6068      0.070    -2.3888     47.574    10.5094 -9.990e-29
      0.066    14.3936  35.173857     0.0232 2.0820e+00     0.8169    81.5289 9.1575e-02 0.0000e+00  0.0413330    14.6150   4.819976     2.6068      0.067    -2.4436     44.640    10.5086 -9.990e-29
      0.062    14.3936  36.089063     0.0293 2.0881e+00     0.8169    81.5289 8.7912e-02 0.0000e+00  0.0413330    14.6145   4.759835     2.6068      0.063    -2.4067     45.802    10.5081 -9.990e-29
      0.058    14.3933  40.807486     0.0269 2.3084e+00     0.8181    81.5028 9.1575e-02 0.0000e+00  0.0413330    14.6150   5.030471     2.6068      0.059    -2.4260     51.790    10.5080 -9.990e-29
      0.054    14.3935  46.280444     0.0269 2.5284e+00     0.8181    81.5028 9.1575e-02 0.0000e+00  0.0413330    14.6152   5.301110     2.6068      0.055    -2.4187     58.736    10.5074 -9.990e-29
      0.051    14.3930  47.854877     0.0293 2.5732e+00     0.8181    81.5028 9.1575e-02 0.0000e+00  0.0413330    14.6141   5.240967     2.6068      0.052    -2.4142     60.735    10.5076 -9.990e-29
      0.049    14.3930  43.390838     0.0232 2.3703e+00     0.8181    81.5028 9.1575e-02 0.0000e+00  0.0413330    14.6144   5.030471     2.6068      0.050    -2.4377     55.069    10.5076 -9.990e-29
      0.047    14.3928  34.645900     0.0317 2.1444e+00     0.8169    81.5289 8.7912e-02 0.0000e+00  0.0413330    14.6138   4.759835     2.6068      0.048    -2.4021     43.971    10.5077 -9.990e-29
      0.047    14.3928  28.594380     0.0208 2.1005e+00     0.8181    81.5028 8.7912e-02 0.0000e+00  0.0413330    14.6139   5.030471     2.6068      0.048    -2.4509     36.291    10.5077 -9.990e-29
      0.049    14.3928  26.261734     0.0342 2.1381e+00     0.8181    81.5028 8.7912e-02 0.0000e+00  0.0413330    14.6141   5.180825     2.6068      0.050    -2.3883     33.330    10.5076 -9.990e-29
      0.053    14.3926  25.898416     0.0183 2.2151e+00     0.8181    81.5028 9.1575e-02 0.0000e+00  0.0413330    14.6133   5.421395     2.6068      0.054    -2.4634     32.869    10.5078 -9.990e-29
      0.058    14.3925  27.199403     0.0354 2.2348e+00     0.8169    81.5289 8.7912e-02 0.0000e+00  0.0413330    14.6127   5.271038     2.6068      0.059    -2.3798     34.521    10.5080 -9.990e-29
      0.064    14.3925  32.182541     0.0183 2.3084e+00     0.8181    81.5028 8.7912e-02 0.0000e+00  0.0413330    14.6129   4.699695     2.6068      0.065    -2.4640     40.845    10.5079 -9.990e-29
      0.071    14.3925  43.872370     0.0354 2.5210e+00     0.8181    81.5028 8.7912e-02 0.0000e+00  0.0413330    14.6133   4.609484     2.6068      0.072    -2.3776     55.681    10.5079 -9.990e-29
      0.078    14.3919  53.156084     0.0195 2.6035e+00     0.8181    81.5028 8.7912e-02 0.0000e+00  0.0413330    14.6138   4.639554     2.6068      0.080    -2.4591     67.465    10.5077 -9.990e-29
      0.085    14.3921  57.931221     0.0342 2.5284e+00     0.8181    81.5028 8.7912e-02 0.0000e+00  0.0413330    14.6140   4.729765     2.6068      0.087    -2.3824     73.525    10.5077 -9.990e-29
      0.088    14.3920  58.719499     0.0220 2.2151e+00     0.8169    81.5289 8.7912e-02 0.0000e+00  0.0413330    14.6141   4.970329     2.6068      0.090    -2.4483     74.526    10.5077 -9.990e-29
