data/05_metadata_exports/SeabirdData/202310_SeabirdData/88784_STN29-2.cnv
* Sea-Bird SBE 9 Data File:
* FileName = C:\Users\rosette\Rosette Data\2023\Ontario lower food web csmi\STN29-2.hex
* Software Version Seasave V 7.26.6.26
* Temperature SN = 5270
* Conductivity SN = 1168
* Number of Bytes Per Scan = 40
* Number of Voltage Words = 5
* Number of Scans Averaged by the Deck Unit = 1
* NMEA Latitude = 43 49.00 N
* NMEA Longitude = 078 52.47 W
* NMEA UTC (Time) = Sep 27 2023  08:44:03
* NMEA baud rate = 4800
** Ship: Lake Guardian
** Cruise: Ontario Lower Food Web 2023
** Station:  STN29-2
# nquan = 18                                
# nvalues = 3766                        
# units = specified
# name 0 = prDM: Pressure, Digiquartz [db]
# name 1 = t090C: Temperature [ITS-90, deg C]
# name 2 = c0uS/cm: Conductivity [uS/cm]
# name 3 = sbeox0V: Oxygen raw, SBE 43 [V]
# name 4 = par: PAR/Irradiance, Biospherical/Licor
# name 5 = bat: Beam Attenuation, Chelsea/Seatech [1/m]
# name 6 = xmiss: Beam Transmission, Chelsea/Seatech [%]
# name 7 = flSP: Fluorescence, Seapoint
# name 8 = spar: SPAR, Biospherical/Licor
# name 9 = upoly0: Upoly 0, Suna Nitrate
# name 10 = t190C: Temperature, 2 [ITS-90, deg C]
# name 11 = c1uS/cm: Conductivity, 2 [uS/cm]
# name 12 = sbeox1V: Oxygen raw, SBE 43, 2 [V]
# name 13 = depFM: Depth [fresh water, m], lat = 43.8167
# name 14 = sbeox0Mg/L: Oxygen, SBE 43 [mg/l], WS = 2
# name 15 = specc: Specific Conductance [uS/cm]
# name 16 = sbeox1Mg/L: Oxygen, SBE 43, 2 [mg/l], WS = 2
# name 17 = flag: flag
# span 0 =     -0.025,      5.048       
# span 1 =   -42.9201,    19.0230       
# span 2 =   2.293435, 266.161366       
# span 3 =     0.0171,     0.0366       
# span 4 = 1.0000e-12, 2.8671e+00       
# span 5 =     0.7256,     4.2352       
# span 6 =    34.6870,    83.4109       
# span 7 = 8.4249e-02, 2.8205e+00       
# span 8 = 0.0000e+00, 0.0000e+00       
# span 9 =  0.0413330,  0.0617051       
# span 10 =    14.2108,    19.0215      
# span 11 =   3.677329, 267.322764      
# span 12 =     2.0171,     2.7424      
# span 13 =     -0.025,      5.148      
# span 14 =    -3.4853,    61.3856      
# span 15 =   -501.789,    328.447      
# span 16 =     6.8611,    10.6054      
# span 17 = 0.0000e+00, 0.0000e+00      
# interval = seconds: 0.0416667
# start_time = Sep 27 2023 08:44:03 [NMEA time, header]
# bad_flag = -9.990e-29
*END*
[from data line 885]
      0.057    14.8365  16.972791     0.0342 4.8158e-01     0.7268    83.3848 8.7912e-02 0.0000e+00  0.0413330    14.2321   7.676875     2.6068      0.058    -2.3593     21.301    10.6010 -9.990e-29
      0.071    14.8341  16.902549     0.0220 4.7992e-01     0.7268    83.3848 8.7912e-02 0.0000e+00  0.0413330    14.2336   7.857324     2.6068      0.072    -2.4232     21.214    10.6012 -9.990e-29
      0.091    14.8318  16.820600     0.0330 4.7827e-01     0.7268    83.3848 8.7912e-02 0.0000e+00  0.0413330    14.2350   7.767099     2.6068      0.093    -2.3648     21.113    10.6019 -9.990e-29
      0.116    14.8292  16.539641     0.0244 4.7827e-01     0.7268    83.3848 8.7912e-02 0.0000e+00  0.0413330    14.2363   8.248300     2.6068      0.118    -2.4138     20.761    10.6026 -9.990e-29
      0.147    14.8274  16.153337     0.0293 5.2803e-01     0.7268    83.3848 9.1575e-02 0.0000e+00  0.0417488    14.2449   8.308451     2.6068      0.150    -2.3836     20.277    10.6022 -9.990e-29
      0.180    14.8531  16.188453     0.0269 5.6290e-01     0.7268    83.3848 1.3919e-01 0.0000e+00  0.0413330    14.2598   8.278375     2.6068      0.184    -2.4018     20.308    10.6007 -9.990e-29
      0.213    15.2036  16.551327     0.0269 5.6857e-01     0.7256    83.4109 2.4542e-01 0.0000e+00  0.0413330    14.6917   8.308439     2.6081      0.217    -2.3761     20.583    10.5067 -9.990e-29
      0.246    15.7747  18.003022     0.0305 4.7992e-01     0.7268    83.3848 4.0293e-01 0.0000e+00  0.0413330    15.9653   8.338480     2.6068      0.251    -2.3363     22.074    10.2106 -9.990e-29
      0.281    16.4316  20.532398     0.0232 4.1304e-01     0.7268    83.3848 5.2015e-01 0.0000e+00  0.0413330    17.1788   8.909885     2.6068      0.287    -2.3317     24.776     9.9488 -9.990e-29
      0.317    17.0774  26.015387     0.0330 4.0434e-01     0.9274    79.3071 6.3004e-01 0.0000e+00  0.0413330    17.9849   9.902393     2.6068      0.323    -2.2592     30.911     9.7827 -9.990e-29
      0.356   -35.3367  37.526806     0.0195 4.1158e-01     1.4687    69.2695 7.4359e-01 0.0000e+00  0.0413330    18.4407  70.927179     2.6068      0.363    53.4816   -181.373     9.6912 -9.990e-29
      0.393   -42.9201  73.712809     0.0354 4.2041e-01     1.6619    66.0021 8.7179e-01 0.0000e+00  0.0413330    18.6902 113.017808     2.6068      0.401    61.3856   -205.553     9.6432 -9.990e-29
      0.425   -41.3427 107.946513     0.0183 3.2979e-01     1.6556    66.1066 9.9634e-01 0.0000e+00  0.0417488    18.8210 143.868636     2.6068      0.433    60.6989   -330.059     9.6199 -9.990e-29
      0.452   -38.0240 130.797487     0.0354 4.8819e-02     1.6304    66.5249 1.0586e+00 0.0000e+00  0.0434118    18.8908 201.485287     2.6081      0.461    54.9224   -501.789     9.6146 -9.990e-29
      0.478     1.3287 172.953822     0.0183 1.0000e-12     1.6225    66.6556 1.0879e+00 0.0000e+00  0.0434118    18.9281 233.345393     2.6068      0.487    -3.4853    328.447     9.6049 -9.990e-29
      0.502    11.3592 215.663177     0.0354 1.0000e-12     1.6225    66.6556 1.1648e+00 0.0000e+00  0.0434118    18.9479 248.730445     2.6068      0.512    -2.5489    296.551     9.6053 -9.990e-29
      0.521    18.7031 238.193483     0.0208 1.0000e-12     1.6241    66.6294 1.1465e+00 0.0000e+00  0.0434118    18.9540 253.567146     2.6068      0.531    -2.2362    272.485     9.6094 -9.990e-29
      0.537    18.7477 245.141011     0.0342 1.0000e-12     1.6241    66.6294 1.0000e+00 0.0000e+00  0.0434118    18.9589 253.475873     2.6068      0.548    -2.1702    280.147     9.6144 -9.990e-29
      0.551    18.7813 256.198741     0.0232 1.0000e-12     1.6257    66.6033 8.7546e-01 0.0000e+00  0.0434118    18.9651 257.765911     2.6081      0.562    -2.2225    292.559     9.6251 -9.990e-29
      0.563    18.8104 260.233038     0.0305 1.0000e-12     1.6241    66.6294 8.1319e-01 0.0000e+00  0.0434118    18.9689 261.295946     2.6068      0.574    -2.1835    296.969     9.6249 -9.990e-29
      0.574    18.8315 260.847361     0.0269 1.0000e-12     1.6241    66.6294 8.1319e-01 0.0000e+00  0.0434118    18.9698 263.152488     2.6068      0.585    -2.2043    297.526     9.6318 -9.990e-29
      0.583    18.8479 261.389451     0.0281 3.5778e-02     1.6241    66.6294 7.7656e-01 0.0000e+00  0.0434118    18.9690 263.761228     2.6081      0.594    -2.1929    298.033     9.6449 -9.990e-29
      0.589    18.8680 261.678570     0.0293 3.0821e-01     1.6241    66.6294 7.8755e-01 0.0000e+00  0.0434118    18.9708 263.943852     2.6068      0.601    -2.1922    298.226     9.6461 -9.990e-29
      0.593    18.8873 261.895410     0.0244 5.0868e-01     1.6241    66.6294 8.7179e-01 0.0000e+00  0.0434118    18.9730 264.187352     2.6081      0.605    -2.2081    298.342     9.6591 -9.990e-29
      0.594    18.9025 262.112260     0.0317 4.9667e-01     1.6241    66.6294 9.8168e-01 0.0000e+00  0.0434118    18.9749 264.248226     2.6081      0.606    -2.1794    298.485     9.6665 -9.990e-29
      0.593    18.9162 262.280923     0.0208 4.0290e-01     1.6241    66.6294 1.0073e+00 0.0000e+00  0.0434118    18.9757 264.278663     2.6081      0.605    -2.2236    298.584     9.6740 -9.990e-29
      0.591    18.9256 262.353204     0.0342 3.6960e-01     1.6241    66.6294 1.0000e+00 0.0000e+00  0.0434118    18.9785 264.400412     2.6093      0.603    -2.1659    298.603     9.6869 -9.990e-29
      0.589    18.9339 262.558025     0.0183 3.6960e-01     1.6257    66.6033 1.0293e+00 0.0000e+00  0.0434118    18.9811 264.400412     2.6093      0.601    -2.2343    298.779     9.6947 -9.990e-29
      0.583    18.9409 262.509822     0.0354 3.9295e-01     1.6257    66.6033 1.0696e+00 0.0000e+00  0.0434118    18.9824 264.430847     2.6105      0.594    -2.1582    298.677     9.7080 -9.990e-29
      0.575    18.9481 262.606207     0.0183 4.0434e-01     1.8467    63.0222 1.0623e+00 0.0000e+00  0.0434118    18.9813 264.339534     2.6117      0.586    -2.2340    298.738     9.7219 -9.990e-29
      0.566    18.9551 262.678492     0.0354 4.0578e-01     3.3348    43.4437 9.9634e-01 0.0000e+00  0.0434118    18.9794 264.461287     2.6117      0.577    -2.1563    298.772     9.7304 -9.990e-29
      0.555    18.9589 262.690538     0.0195 2.5067e-01     4.1932    35.0530 9.6703e-01 0.0000e+00  0.0434118    18.9749 264.430853     2.6129      0.566    -2.2289    298.760     9.7450 -9.990e-29
      0.545    18.9615 262.401367     0.0342 1.7062e-01     4.2352    34.6870 1.0000e+00 0.0000e+00  0.0434118    18.9648 264.430862     2.6142      0.556    -2.1601    298.414     9.7606 -9.990e-29
      0.535    18.9627 262.208591     0.0220 1.6064e-01     4.1428    35.4974 1.0256e+00 0.0000e+00  0.0434118    18.9567 264.461306     2.6154      0.546    -2.2187    298.186     9.7753 -9.990e-29
      0.525    18.9639 262.437510     0.0317 6.5948e-02     4.1077    35.8110 9.7436e-01 0.0000e+00  0.0434118    18.9524 264.491748     2.6178      0.535    -2.1711    298.438     9.7945 -9.990e-29
      0.517    18.9635 262.690532     0.0256 8.5535e-03     4.1077    35.8110 9.2674e-01 0.0000e+00  0.0434118    18.9486 264.522189     2.6190      0.527    -2.2040    298.729     9.8077 -9.990e-29
      0.510    18.9622 262.413414     0.0281 3.7813e-04     4.1106    35.7849 8.9011e-01 0.0000e+00  0.0434118    18.9435 264.583070     2.6203      0.520    -2.1876    298.423     9.8212 -9.990e-29
      0.503    18.9573 262.401369     0.0281 8.0675e-02     4.1135    35.7588 9.0476e-01 0.0000e+00  0.0434118    18.9381 264.522198     2.6227      0.513    -2.1937    298.442     9.8399 -9.990e-29
      0.498    18.9504 262.979720     0.0256 2.8218e-01     4.1106    35.7849 8.9744e-01 0.0000e+00  0.0429961    18.9348 264.522199     2.6239      0.508    -2.2000    299.147     9.8522 -9.990e-29
      0.494    18.9438 263.244815     0.0317 3.5378e-01     4.1106    35.7849 8.7546e-01 0.0000e+00  0.0429961    18.9362 264.430885     2.6252      0.504    -2.1785    299.493     9.8627 -9.990e-29
      0.491    18.9384 263.280968     0.0220 3.7094e-01     4.1106    35.7849 8.7179e-01 0.0000e+00  0.0429961    18.9380 264.309130     2.6276      0.501    -2.2174    299.571     9.8781 -9.990e-29
      0.490    18.9347 263.268922     0.0342 4.1893e-01     4.1106    35.7849 8.4982e-01 0.0000e+00  0.0429961    18.9397 251.681016     2.6300      0.500    -2.1664    299.583     9.8934 -9.990e-29
      0.489    18.9322 263.377371     0.0195 4.3546e-01     4.1106    35.7849 8.0220e-01 0.0000e+00  0.0429961    18.9418 234.804363     2.6313      0.499    -2.2288    299.723     9.9033 -9.990e-29
      0.489    18.9323 263.425572     0.0354 4.2488e-01     4.1106    35.7849 8.5348e-01 0.0000e+00  0.0429961    18.9448 231.521793     2.6337      0.499    -2.1595    299.778     9.9171 -9.990e-29
      0.491    18.9353 263.425567     0.0183 3.9436e-01     4.1135    35.7588 1.0037e+00 0.0000e+00  0.0429961    18.9495 251.498485     2.6361      0.501    -2.2347    299.757     9.9293 -9.990e-29
      0.495    18.9396 263.389416     0.0354 3.8458e-01     4.1106    35.7849 1.0293e+00 0.0000e+00  0.0429961    18.9524 251.741846     2.6374      0.505    -2.1575    299.687     9.9369 -9.990e-29
      0.500    18.9436 263.461711     0.0195 3.6960e-01     4.1106    35.7849 9.5604e-01 0.0000e+00  0.0429961    18.9549 234.834750     2.6398      0.510    -2.2293    299.742     9.9496 0.0000e+00
      0.507    18.9467 263.437608     0.0354 2.9897e-01     4.1106    35.7849 8.6447e-01 0.0000e+00  0.0429961    18.9567 235.229906     2.6410      0.517    -2.1559    299.693     9.9554 0.0000e+00
      0.517    18.9491 263.534008     0.0208 2.7245e-01     4.1135    35.7588 8.0220e-01 0.0000e+00  0.0429961    18.9562 257.066066     2.6435      0.527    -2.2243    299.786     9.9673 0.0000e+00
      0.527    18.9499 262.738740     0.0330 2.5882e-01     4.0239    36.5691 7.5092e-01 0.0000e+00  0.0429961    18.9547 264.643938     2.6447      0.537    -2.1660    298.876     9.9734 0.0000e+00
      0.539    18.9493 256.896944     0.0244 1.2614e-01     2.1823    57.9511 7.3993e-01 0.0000e+00  0.0429961    18.9516 265.039644     2.6471      0.550    -2.2096    292.235     9.9848 0.0000e+00
      0.555    18.9483 252.767882     0.0293 7.9096e-02     1.3924    70.6026 7.2161e-01 0.0000e+00  0.0429961    18.9463 265.070091     2.6496      0.566    -2.1829    287.544     9.9971 0.0000e+00
      0.573    18.9467 252.743814     0.0281 3.8624e-02     1.3074    72.1187 7.0330e-01 0.0000e+00  0.0429961    18.9399 264.978779     2.6508      0.584    -2.1943    287.527    10.0034 0.0000e+00
      0.592    18.9462 247.582222     0.0269 3.7642e-03     1.3629    71.1254 6.7766e-01 0.0000e+00  0.0429961    18.9361 264.978781     2.6532      0.604    -2.1945    281.659    10.0145 0.0000e+00
      0.614    18.9461 251.732915     0.0305 1.0000e-12     1.3895    70.6549 6.7399e-01 0.0000e+00  0.0429961    18.9338 264.917908     2.6545      0.626    -2.1838    286.381    10.0199 0.0000e+00
      0.638    18.9457 251.793084     0.0232 1.0000e-12     1.3909    70.6288 6.8864e-01 0.0000e+00  0.0429961    18.9364 264.917905     2.6557      0.651    -2.2117    286.452    10.0232 0.0000e+00
      0.663    18.9460 253.526140     0.0330 1.0000e-12     1.3895    70.6549 7.0330e-01 0.0000e+00  0.0429961    18.9404 264.948341     2.6569      0.676    -2.1721    288.422    10.0263 0.0000e+00
      0.690    18.9471 257.631479     0.0195 1.0000e-12     1.3880    70.6810 7.1429e-01 0.0000e+00  0.0429961    18.9420 264.978780     2.6593      0.704    -2.2289    293.085    10.0357 0.0000e+00
      0.720    18.9493 261.317084     0.0342 1.0000e-12     1.3880    70.6810 7.1429e-01 0.0000e+00  0.0429961    18.9448 265.070095     2.6606      0.734    -2.1656    297.263    10.0399 0.0000e+00
      0.752    18.9524 262.304992     0.0183 1.0000e-12     1.3880    70.6810 7.1795e-01 0.0000e+00  0.0429961    18.9488 265.070093     2.6618      0.767    -2.2347    298.366    10.0444 0.0000e+00
      0.785    18.9558 263.365309     0.0354 1.0000e-12     1.3880    70.6810 7.0330e-01 0.0000e+00  0.0429961    18.9533 264.948334     2.6630      0.800    -2.1583    299.549    10.0495 0.0000e+00
      0.818    18.9585 262.931525     0.0183 1.0000e-12     1.3880    70.6810 6.7766e-01 0.0000e+00  0.0429961    18.9580 265.191843     2.6654      0.834    -2.2351    299.037    10.0605 0.0000e+00
      0.854    18.9615 262.341131     0.0354 1.0000e-12     1.3880    70.6810 6.5934e-01 0.0000e+00  0.0429961    18.9656 264.917885     2.6654      0.871    -2.1572    298.345    10.0608 0.0000e+00
      0.892    18.9650 262.292937     0.0195 1.5973e-03     1.3880    70.6810 6.5201e-01 0.0000e+00  0.0429961    18.9740 265.009197     2.6654      0.910    -2.2305    298.267    10.0615 0.0000e+00
      0.931    18.9698 263.160458     0.0342 1.2094e-01     1.3880    70.6810 6.6667e-01 0.0000e+00  0.0429961    18.9799 265.100511     2.6679      0.949    -2.1613    299.220    10.0745 0.0000e+00
      0.967    18.9753 263.775000     0.0232 2.4967e-01     1.3880    70.6810 6.7033e-01 0.0000e+00  0.0429961    18.9848 265.009189     2.6691      0.986    -2.2145    299.882    10.0827 0.0000e+00
      1.004    18.9797 263.883450     0.0317 2.6820e-01     1.3880    70.6810 6.8498e-01 0.0000e+00  0.0429961    18.9883 264.978747     2.6703      1.024    -2.1714    299.975    10.0921 0.0000e+00
      1.042    18.9830 263.859349     0.0256 2.2543e-01     1.3880    70.6810 6.8864e-01 0.0000e+00  0.0429961    18.9907 265.039626     2.6703      1.063    -2.2041    299.925    10.0966 0.0000e+00
      1.079    18.9858 263.823196     0.0281 1.9937e-01     1.3880    70.6810 6.7399e-01 0.0000e+00  0.0429961    18.9916 264.978747     2.6728      1.100    -2.1875    299.865    10.1136 0.0000e+00
      1.115    18.9876 263.762943     0.0293 1.9594e-01     1.3895    70.6549 6.4469e-01 0.0000e+00  0.0429961    18.9925 265.039626     2.6740      1.137    -2.1875    299.784    10.1249 0.0000e+00
      1.151    18.9888 263.787043     0.0244 2.3492e-01     1.4013    70.4458 6.4103e-01 0.0000e+00  0.0429961    18.9928 265.070065     2.6740      1.174    -2.2042    299.803    10.1313 0.0000e+00
      1.186    18.9898 263.762943     0.0317 2.8328e-01     1.4117    70.2628 6.8498e-01 0.0000e+00  0.0429961    18.9933 265.222263     2.6752      1.209    -2.1761    299.769    10.1429 0.0000e+00
      1.222    18.9905 263.787043     0.0208 2.9329e-01     1.4132    70.2367 7.0696e-01 0.0000e+00  0.0429961    18.9933 265.039627     2.6777      1.246    -2.2205    299.792    10.1605 0.0000e+00
      1.258    18.9908 263.787044     0.0342 3.0704e-01     1.4132    70.2367 7.3260e-01 0.0000e+00  0.0429961    18.9933 265.070068     2.6789      1.283    -2.1635    299.790    10.1720 0.0000e+00
      1.295    18.9910 263.750894     0.0183 3.3349e-01     1.4117    70.2628 7.1795e-01 0.0000e+00  0.0429961    18.9938 265.191826     2.6801      1.321    -2.2322    299.747    10.1823 0.0000e+00
      1.332    18.9912 263.787047     0.0354 3.3973e-01     1.4117    70.2628 7.1795e-01 0.0000e+00  0.0429961    18.9947 265.222266     2.6813      1.358    -2.1568    299.787    10.1920 0.0000e+00
      1.366    18.9914 263.787048     0.0183 2.3685e-01     1.4117    70.2628 7.1429e-01 0.0000e+00  0.0429961    18.9944 265.252707     2.6838      1.393    -2.2328    299.786    10.2069 0.0000e+00
      1.398    18.9921 263.799097     0.0354 8.0147e-02     1.4117    70.2628 7.0696e-01 0.0000e+00  0.0429961    18.9944 265.161388     2.6850      1.426    -2.1554    299.794    10.2140 0.0000e+00
      1.429    18.9919 263.787049     0.0195 4.8380e-02     1.4117    70.2628 6.9963e-01 0.0000e+00  0.0429961    18.9949 265.070072     2.6862      1.457    -2.2280    299.782    10.2202 0.0000e+00
