data/05_metadata_exports/SeabirdData/202310_SeabirdData/88784_STN29-2.cnv
* Sea-Bird SBE 9 Data File:
* FileName = C:\Users\rosette\Rosette Data\2023\Ontario lower food web csmi\STN29-2.hex
* Software Version Seasave V 7.26.6.26
* Temperature SN = 5270
* Conductivity SN = 1168
* Number of Bytes Per Scan = 40
* Number of Voltage Words = 5
* Number of Scans Averaged by the Deck Unit = 1
* NMEA Latitude = 43 49.00 N
* NMEA Longitude = 078 52.47 W
* NMEA UTC (Time) = Sep 27 2023  08:44:03
* NMEA baud rate = 4800
** Ship: Lake Guardian
** Cruise: Ontario Lower Food Web 2023
** Station:  STN29-2
# nquan = 18                                
# nvalues = 3766                        
# units = specified
# name 0 = prDM: Pressure, Digiquartz [db]
# name 1 = t090C: Temperature [ITS-90, deg C]
# name 2 = c0uS/cm: Conductivity [uS/cm]
# name 3 = sbeox0V: Oxygen raw, SBE 43 [V]
# name 4 = par: PAR/Irradiance, Biospherical/Licor
# name 5 = bat: Beam Attenuation, Chelsea/Seatech [1/m]
# name 6 = xmiss: Beam Transmission, Chelsea/Seatech [%]
# name 7 = flSP: Fluorescence, Seapoint
# name 8 = spar: SPAR, Biospherical/Licor
# name 9 = upoly0: Upoly 0, Suna Nitrate
# name 10 = t190C: Temperature, 2 [ITS-90, deg C]
# name 11 = c1uS/cm: Conductivity, 2 [uS/cm]
# name 12 = sbeox1V: Oxygen raw, SBE 43, 2 [V]
# name 13 = depFM: Depth [fresh water, m], lat = 43.8167
# name 14 = sbeox0Mg/L: Oxygen, SBE 43 [mg/l], WS = 2
# name 15 = specc: Specific Conductance [uS/cm]
# name 16 = sbeox1Mg/L: Oxygen, SBE 43, 2 [mg/l], WS = 2
# name 17 = flag: flag
# span 0 =     -0.025,      5.048       
# span 1 =   -42.9201,    19.0230       
# span 2 =   2.293435, 266.161366       
# span 3 =     0.0171,     0.0366       
# span 4 = 1.0000e-12, 2.8671e+00       
# span 5 =     0.7256,     4.2352       
# span 6 =    34.6870,    83.4109       
# span 7 = 8.4249e-02, 2.8205e+00       
# span 8 = 0.0000e+00, 0.0000e+00       
# span 9 =  0.0413330,  0.0617051       
# span 10 =    14.2108,    19.0215      
# span 11 =   3.677329, 267.322764      
# span 12 =     2.0171,     2.7424      
# span 13 =     -0.025,      5.148      
# span 14 =    -3.4853,    61.3856      
# span 15 =   -501.789,    328.447      
# span 16 =     6.8611,    10.6054      
# span 17 = 0.0000e+00, 0.0000e+00      
# interval = seconds: 0.0416667
# start_time = Sep 27 2023 08:44:03 [NMEA time, header]
# bad_flag = -9.990e-29
*END*
[from data line 3056]
      4.917    19.0121 266.089045     0.0342 1.0000e-12     1.0113    77.6603 7.6190e-01 0.0000e+00  0.0554688    19.0081 267.079228     2.5433      5.014    -2.1585    302.259     9.2672 -9.990e-29
      4.915    19.0120 266.089043     0.0232 1.0000e-12     1.0275    77.3466 7.9487e-01 0.0000e+00  0.0554688    19.0078 267.170553     2.5433      5.012    -2.2116    302.260     9.2673 -9.990e-29
      4.913    19.0120 266.076990     0.0317 1.0000e-12     1.0383    77.1375 8.3150e-01 0.0000e+00  0.0554688    19.0076 267.109669     2.5433      5.010    -2.1696    302.246     9.2679 -9.990e-29
      4.912    19.0119 266.101099     0.0256 1.0000e-12     1.0397    77.1113 8.4615e-01 0.0000e+00  0.0554688    19.0081 267.140112     2.5433      5.009    -2.2020    302.275     9.2684 -9.990e-29
      4.909    19.0117 266.076990     0.0293 1.0000e-12     1.0383    77.1375 8.3883e-01 0.0000e+00  0.0554688    19.0081 267.170552     2.5433      5.006    -2.1806    302.249     9.2690 -9.990e-29
      4.907    19.0119 266.076990     0.0281 1.0000e-12     1.0383    77.1375 8.0586e-01 0.0000e+00  0.0558845    19.0080 267.200995     2.5433      5.004    -2.1911    302.247     9.2695 -9.990e-29
      4.906    19.0119 266.028776     0.0256 1.0000e-12     1.0397    77.1113 7.7289e-01 0.0000e+00  0.0558845    19.0078 267.170553     2.5433      5.003    -2.1975    302.192     9.2701 -9.990e-29
      4.905    19.0114 266.016725     0.0305 1.0000e-12     1.0383    77.1375 7.6923e-01 0.0000e+00  0.0558845    19.0076 267.079228     2.5433      5.002    -2.1806    302.182     9.2708 -9.990e-29
      4.903    19.0118 266.089043     0.0232 1.0000e-12     1.0383    77.1375 7.6190e-01 0.0000e+00  0.0554688    19.0074 267.109668     2.5433      5.000    -2.2089    302.262     9.2714 -9.990e-29
      4.901    19.0114 266.004671     0.0330 1.0000e-12     1.0383    77.1375 7.6923e-01 0.0000e+00  0.0550530    19.0074 267.079228     2.5433      4.998    -2.1689    302.168     9.2719 -9.990e-29
      4.897    19.0114 266.052883     0.0208 1.0000e-12     1.0383    77.1375 7.9121e-01 0.0000e+00  0.0554688    19.0073 267.140111     2.5433      4.994    -2.2203    302.223     9.2720 -9.990e-29
      4.892    19.0115 266.101097     0.0342 1.0000e-12     1.0383    77.1375 7.9121e-01 0.0000e+00  0.0554688    19.0073 267.200995     2.5433      4.988    -2.1630    302.277     9.2725 -9.990e-29
      4.888    19.0115 266.040830     0.0195 1.0000e-12     1.0383    77.1375 7.9487e-01 0.0000e+00  0.0554688    19.0067 267.231438     2.5433      4.984    -2.2271    302.209     9.2736 -9.990e-29
      4.884    19.0114 266.052882     0.0354 1.0000e-12     1.0383    77.1375 8.0220e-01 0.0000e+00  0.0554688    19.0069 267.048784     2.5433      4.980    -2.1567    302.223     9.2741 -9.990e-29
      4.881    19.0114 266.040830     0.0195 1.0000e-12     1.0383    77.1375 8.2418e-01 0.0000e+00  0.0558845    19.0073 267.170553     2.5433      4.977    -2.2278    302.209     9.2741 -9.990e-29
      4.879    19.0112 266.040830     0.0354 1.0000e-12     1.0383    77.1375 7.9853e-01 0.0000e+00  0.0558845    19.0076 267.109669     2.5433      4.975    -2.1554    302.211     9.2740 -9.990e-29
      4.875    19.0112 266.016723     0.0195 1.0000e-12     1.0383    77.1375 7.8388e-01 0.0000e+00  0.0554688    19.0074 266.987901     2.5433      4.971    -2.2281    302.183     9.2746 -9.990e-29
      4.872    19.0110 266.052882     0.0342 1.0000e-12     1.0397    77.1113 8.4249e-01 0.0000e+00  0.0554688    19.0069 266.987900     2.5433      4.968    -2.1599    302.226     9.2756 -9.990e-29
      4.868    19.0111 266.040830     0.0220 1.0000e-12     1.0383    77.1375 8.4615e-01 0.0000e+00  0.0558845    19.0069 267.048785     2.5433      4.964    -2.2180    302.212     9.2756 -9.990e-29
      4.865    19.0108 266.016722     0.0330 1.0000e-12     1.0383    77.1375 7.9853e-01 0.0000e+00  0.0554688    19.0071 267.079226     2.5433      4.961    -2.1653    302.186     9.2755 -9.990e-29
      4.862    19.0107 266.089045     0.0244 1.0000e-12     1.0383    77.1375 7.9487e-01 0.0000e+00  0.0554688    19.0067 267.109669     2.5446      4.958    -2.2085    302.269     9.2814 -9.990e-29
      4.858    19.0108 266.052883     0.0305 1.0000e-12     1.0343    77.2159 7.8388e-01 0.0000e+00  0.0554688    19.0071 267.200994     2.5446      4.954    -2.1768    302.227     9.2818 -9.990e-29
      4.854    19.0105 265.992616     0.0269 1.0000e-12     1.0275    77.3466 7.8388e-01 0.0000e+00  0.0558845    19.0066 267.109668     2.5446      4.950    -2.1981    302.161     9.2818 -9.990e-29
      4.850    19.0107 266.016722     0.0269 1.0000e-12     1.0288    77.3205 7.9487e-01 0.0000e+00  0.0558845    19.0065 267.170552     2.5446      4.946    -2.1930    302.187     9.2817 -9.990e-29
      4.847    19.0108 266.040829     0.0293 1.0000e-12     1.0288    77.3205 7.9853e-01 0.0000e+00  0.0558845    19.0067 267.140110     2.5446      4.943    -2.1874    302.214     9.2816 -9.990e-29
      4.844    19.0107 266.016724     0.0232 1.0000e-12     1.0275    77.3466 7.7289e-01 0.0000e+00  0.0554688    19.0067 267.079227     2.5446      4.940    -2.2099    302.187     9.2814 -9.990e-29
      4.840    19.0108 266.028774     0.0317 1.0000e-12     1.0275    77.3466 7.7656e-01 0.0000e+00  0.0558845    19.0066 267.170551     2.5446      4.935    -2.1758    302.200     9.2813 -9.990e-29
      4.837    19.0110 266.016722     0.0208 1.0000e-12     1.0288    77.3205 7.5458e-01 0.0000e+00  0.0558845    19.0071 267.109668     2.5446      4.932    -2.2206    302.185     9.2810 -9.990e-29
      4.836    19.0114 266.028775     0.0342 1.0000e-12     1.0275    77.3466 7.8388e-01 0.0000e+00  0.0558845    19.0073 266.987900     2.5446      4.931    -2.1634    302.196     9.2808 -9.990e-29
      4.834    19.0112 266.016722     0.0195 1.0000e-12     1.0275    77.3466 8.0586e-01 0.0000e+00  0.0558845    19.0069 267.109668     2.5446      4.929    -2.2264    302.183     9.2802 -9.990e-29
      4.832    19.0111 266.125204     0.0354 1.0000e-12     1.0288    77.3205 7.6557e-01 0.0000e+00  0.0554688    19.0071 267.079226     2.5446      4.927    -2.1564    302.307     9.2799 -9.990e-29
      4.830    19.0114 266.064934     0.0183 1.0000e-12     1.0275    77.3466 7.2161e-01 0.0000e+00  0.0554688    19.0067 267.079224     2.5446      4.925    -2.2321    302.237     9.2793 -9.990e-29
      4.830    19.0114 266.040829     0.0354 1.0000e-12     1.0275    77.3466 6.9963e-01 0.0000e+00  0.0554688    19.0067 267.170552     2.5446      4.925    -2.1552    302.209     9.2786 -9.990e-29
      4.830    19.0116 266.016721     0.0195 1.0000e-12     1.0275    77.3466 6.9231e-01 0.0000e+00  0.0554688    19.0067 267.170552     2.5446      4.925    -2.2272    302.181     9.2779 -9.990e-29
      4.830    19.0115 265.968507     0.0342 1.0000e-12     1.0288    77.3205 7.2527e-01 0.0000e+00  0.0554688    19.0069 267.170551     2.5446      4.925    -2.1594    302.127     9.2772 -9.990e-29
      4.830    19.0119 266.016721     0.0208 1.0000e-12     1.0275    77.3466 7.6557e-01 0.0000e+00  0.0554688    19.0069 267.079226     2.5446      4.925    -2.2221    302.179     9.2765 -9.990e-29
      4.831    19.0119 266.064935     0.0330 1.0000e-12     1.0275    77.3466 7.8755e-01 0.0000e+00  0.0554688    19.0073 267.170552     2.5458      4.926    -2.1644    302.233     9.2812 -9.990e-29
      4.831    19.0122 266.028774     0.0232 1.0000e-12     1.0288    77.3205 7.9121e-01 0.0000e+00  0.0554688    19.0067 267.109668     2.5446      4.926    -2.2122    302.190     9.2751 -9.990e-29
      4.831    19.0119 266.052882     0.0305 1.0000e-12     1.0288    77.3205 8.2051e-01 0.0000e+00  0.0554688    19.0069 267.140110     2.5446      4.926    -2.1756    302.220     9.2744 -9.990e-29
      4.830    19.0120 266.028775     0.0269 1.0000e-12     1.0288    77.3205 8.4249e-01 0.0000e+00  0.0554688    19.0071 267.079226     2.5446      4.925    -2.1969    302.192     9.2736 -9.990e-29
      4.830    19.0121 266.052880     0.0281 1.0000e-12     1.0275    77.3466 8.7179e-01 0.0000e+00  0.0554688    19.0069 266.987898     2.5446      4.925    -2.1867    302.218     9.2730 -9.990e-29
      4.830    19.0119 266.076989     0.0293 1.0000e-12     1.0275    77.3466 1.0000e+00 0.0000e+00  0.0554688    19.0066 267.170552     2.5458      4.925    -2.1865    302.247     9.2778 -9.990e-29
      4.833    19.0122 266.089041     0.0244 1.0000e-12     1.0275    77.3466 1.0403e+00 0.0000e+00  0.0558845    19.0069 267.170550     2.5446      4.928    -2.2037    302.259     9.2716 -9.990e-29
      4.836    19.0118 266.004669     0.0317 1.0000e-12     1.0261    77.3727 9.6337e-01 0.0000e+00  0.0558845    19.0066 267.079227     2.5446      4.931    -2.1757    302.166     9.2709 -9.990e-29
      4.838    19.0122 266.016720     0.0220 1.0000e-12     1.0261    77.3727 8.6813e-01 0.0000e+00  0.0558845    19.0066 267.109667     2.5446      4.933    -2.2147    302.177     9.2702 -9.990e-29
      4.841    19.0121 266.016722     0.0330 1.0000e-12     1.0275    77.3466 8.1685e-01 0.0000e+00  0.0558845    19.0067 267.048785     2.5446      4.936    -2.1690    302.177     9.2700 -9.990e-29
      4.843    19.0119 266.089042     0.0195 1.0000e-12     1.0275    77.3466 7.9121e-01 0.0000e+00  0.0554688    19.0073 267.109667     2.5446      4.938    -2.2262    302.261     9.2702 -9.990e-29
      4.844    19.0119 266.076988     0.0354 1.0000e-12     1.0275    77.3466 8.3883e-01 0.0000e+00  0.0554688    19.0076 267.140108     2.5446      4.940    -2.1573    302.247     9.2704 -9.990e-29
      4.848    19.0120 266.040828     0.0195 1.0000e-12     1.0275    77.3466 8.4615e-01 0.0000e+00  0.0554688    19.0073 267.140109     2.5446      4.944    -2.2268    302.205     9.2703 -9.990e-29
      4.852    19.0119 266.040830     0.0354 1.0000e-12     1.0275    77.3466 7.9121e-01 0.0000e+00  0.0554688    19.0078 267.261879     2.5446      4.948    -2.1559    302.206     9.2705 -9.990e-29
      4.855    19.0119 266.064935     0.0195 1.0000e-12     1.0275    77.3466 7.2894e-01 0.0000e+00  0.0554688    19.0074 267.231436     2.5446      4.951    -2.2278    302.233     9.2708 -9.990e-29
      4.858    19.0120 266.076989     0.0354 1.0000e-12     1.0275    77.3466 7.3260e-01 0.0000e+00  0.0558845    19.0076 267.231436     2.5446      4.954    -2.1554    302.246     9.2711 -9.990e-29
      4.862    19.0118 266.076990     0.0208 1.0000e-12     1.0261    77.3727 7.4725e-01 0.0000e+00  0.0558845    19.0074 267.170553     2.5446      4.958    -2.2231    302.248     9.2714 -9.990e-29
      4.865    19.0119 266.076989     0.0342 1.0000e-12     1.0275    77.3466 7.2894e-01 0.0000e+00  0.0558845    19.0073 267.079225     2.5433      4.961    -2.1603    302.247     9.2658 -9.990e-29
      4.869    19.0117 266.040830     0.0232 1.0000e-12     1.0275    77.3466 7.1795e-01 0.0000e+00  0.0554688    19.0073 267.079227     2.5446      4.965    -2.2130    302.207     9.2721 -9.990e-29
      4.873    19.0116 266.113150     0.0317 1.0000e-12     1.0275    77.3466 8.1319e-01 0.0000e+00  0.0554688    19.0072 267.109667     2.5433      4.969    -2.1710    302.290     9.2664 -9.990e-29
      4.877    19.0117 266.064937     0.0256 1.0000e-12     1.0275    77.3466 8.8278e-01 0.0000e+00  0.0554688    19.0074 267.079227     2.5433      4.973    -2.2034    302.235     9.2667 -9.990e-29
      4.881    19.0116 266.016723     0.0293 1.0000e-12     1.0261    77.3727 8.5714e-01 0.0000e+00  0.0550530    19.0064 267.140112     2.5433      4.977    -2.1821    302.181     9.2672 -9.990e-29
      4.885    19.0114 266.028777     0.0281 1.0000e-12     1.0275    77.3466 7.9487e-01 0.0000e+00  0.0550530    19.0073 267.261880     2.5433      4.981    -2.1926    302.196     9.2673 -9.990e-29
      4.887    19.0114 266.064937     0.0256 1.0000e-12     1.0275    77.3466 7.6557e-01 0.0000e+00  0.0558845    19.0066 267.170554     2.5433      4.983    -2.1990    302.237     9.2677 -9.990e-29
      4.890    19.0114 266.028776     0.0305 1.0000e-12     1.0275    77.3466 7.6923e-01 0.0000e+00  0.0563003    19.0071 267.079226     2.5433      4.986    -2.1821    302.196     9.2680 -9.990e-29
      4.894    19.0114 266.028777     0.0232 1.0000e-12     1.0275    77.3466 7.6557e-01 0.0000e+00  0.0563003    19.0074 267.170553     2.5433      4.990    -2.2104    302.196     9.2686 -9.990e-29
      4.899    19.0112 265.992616     0.0317 1.0000e-12     1.0221    77.4512 7.6557e-01 0.0000e+00  0.0558845    19.0073 267.109669     2.5433      4.996    -2.1763    302.156     9.2690 -9.990e-29
      4.903    19.0112 266.004670     0.0195 1.0000e-12     1.0221    77.4512 7.3260e-01 0.0000e+00  0.0550530    19.0076 267.170553     2.5433      5.000    -2.2273    302.170     9.2692 -9.990e-29
      4.908    19.0110 265.968511     0.0342 1.0000e-12     1.0221    77.4512 7.1429e-01 0.0000e+00  0.0554688    19.0076 267.170554     2.5433      5.005    -2.1638    302.130     9.2696 -9.990e-29
      4.911    19.0109 265.992617     0.0195 1.0000e-12     1.0221    77.4512 7.1429e-01 0.0000e+00  0.0558845    19.0076 267.170553     2.5433      5.008    -2.2276    302.158     9.2699 -9.990e-29
      4.915    19.0110 266.028777     0.0354 1.0000e-12     1.0207    77.4773 6.9597e-01 0.0000e+00  0.0558845    19.0078 267.079226     2.5433      5.012    -2.1571    302.199     9.2706 -9.990e-29
      4.919    19.0111 266.064939     0.0183 1.0000e-12     1.0221    77.4512 6.6667e-01 0.0000e+00  0.0554688    19.0080 267.170554     2.5433      5.016    -2.2336    302.239     9.2709 -9.990e-29
      4.923    19.0108 266.040830     0.0354 1.0000e-12     1.0221    77.4512 6.8498e-01 0.0000e+00  0.0554688    19.0076 267.170553     2.5433      5.020    -2.1558    302.214     9.2713 -9.990e-29
      4.926    19.0110 266.064939     0.0195 1.0000e-12     1.0207    77.4773 7.0696e-01 0.0000e+00  0.0558845    19.0076 267.261881     2.5433      5.023    -2.2285    302.240     9.2717 -9.990e-29
      4.930    19.0109 266.161366     0.0342 1.0000e-12     1.0194    77.5034 7.2161e-01 0.0000e+00  0.0554688    19.0074 267.079227     2.5446      5.027    -2.1603    302.350     9.2780 -9.990e-29
      4.934    19.0107 266.028779     0.0208 1.0000e-12     1.0207    77.4773 7.2527e-01 0.0000e+00  0.0554688    19.0071 267.170555     2.5446      5.031    -2.2238    302.201     9.2784 -9.990e-29
      4.938    19.0105 266.052886     0.0330 1.0000e-12     1.0221    77.4512 7.7289e-01 0.0000e+00  0.0558845    19.0073 267.231439     2.5433      5.035    -2.1653    302.229     9.2727 -9.990e-29
      4.941    19.0107 266.004671     0.0244 1.0000e-12     1.0207    77.4773 8.0586e-01 0.0000e+00  0.0558845    19.0071 267.292323     2.5446      5.038    -2.2081    302.173     9.2786 -9.990e-29
      4.945    19.0105 266.076993     0.0293 1.0000e-12     1.0207    77.4773 7.8022e-01 0.0000e+00  0.0558845    19.0071 267.231439     2.5446      5.042    -2.1814    302.257     9.2789 -9.990e-29
      4.948    19.0105 266.004672     0.0269 1.0000e-12     1.0207    77.4773 7.5092e-01 0.0000e+00  0.0550530    19.0066 267.140113     2.5446      5.046    -2.1973    302.175     9.2794 -9.990e-29
      4.951    19.0105 266.016725     0.0269 1.0000e-12     1.0221    77.4512 7.2161e-01 0.0000e+00  0.0554688    19.0066 267.200997     2.5446      5.049    -2.1925    302.188     9.2797 -9.990e-29
      4.954    19.0104 266.016726     0.0293 1.0000e-12     1.0207    77.4773 7.1062e-01 0.0000e+00  0.0558845    19.0071 267.109671     2.5446      5.052    -2.1868    302.189     9.2795 -9.990e-29
      4.957    19.0107 266.016725     0.0244 1.0000e-12     1.0207    77.4773 6.9231e-01 0.0000e+00  0.0558845    19.0071 267.079229     2.5446      5.055    -2.2040    302.187     9.2794 -9.990e-29
