data/05_metadata_exports/SeabirdData/202310_SeabirdData/88791_STN27-DAY.cnv
* Sea-Bird SBE 9 Data File:
* FileName = C:\Users\rosette\Rosette Data\2023\Ontario lower food web csmi\STN27-DAY.hex
* Software Version Seasave V 7.26.6.26
* Temperature SN = 5270
* Conductivity SN = 1168
* Number of Bytes Per Scan = 40
* Number of Voltage Words = 5
* Number of Scans Averaged by the Deck Unit = 1
* NMEA Latitude = 43 41.37 N
* NMEA Longitude = 078 49.72 W
* NMEA UTC (Time) = Sep 27 2023  12:02:37
* NMEA baud rate = 4800
** Ship: Lake Guardian
** Cruise: Ontario Lower Food Web 2023
** Station:  STN27-DAY
# nquan = 18                                
# nvalues = 18277                       
# units = specified
# name 0 = prDM: Pressure, Digiquartz [db]
# name 1 = t090C: Temperature [ITS-90, deg C]
# name 2 = c0uS/cm: Conductivity [uS/cm]
# name 3 = sbeox0V: Oxygen raw, SBE 43 [V]
# name 4 = par: PAR/Irradiance, Biospherical/Licor
# name 5 = bat: Beam Attenuation, Chelsea/Seatech [1/m]
# name 6 = xmiss: Beam Transmission, Chelsea/Seatech [%]
# name 7 = flSP: Fluorescence, Seapoint
# name 8 = spar: SPAR, Biospherical/Licor
# name 9 = upoly0: Upoly 0, Suna Nitrate
# name 10 = t190C: Temperature, 2 [ITS-90, deg C]
# name 11 = c1uS/cm: Conductivity, 2 [uS/cm]
# name 12 = sbeox1V: Oxygen raw, SBE 43, 2 [V]
# name 13 = depFM: Depth [fresh water, m], lat = 43.6895
# name 14 = sbeox0Mg/L: Oxygen, SBE 43 [mg/l], WS = 2
# name 15 = specc: Specific Conductance [uS/cm]
# name 16 = sbeox1Mg/L: Oxygen, SBE 43, 2 [mg/l], WS = 2
# name 17 = flag: flag
# span 0 =      0.030,    100.087       
# span 1 =   -63.7957,    19.2807       
# span 2 = -3.508e+03, 339.855594       
# span 3 =     0.0000,     0.0366       
# span 4 = 1.0000e-12, 1.8862e+03       
# span 5 =     0.2122,     3.1011       
# span 6 =    46.0577,    94.8339       
# span 7 = 0.0000e+00, 3.3846e+00       
# span 8 = 4.1154e+02, 9.8849e+02       
# span 9 =  0.0413330,  0.0629524       
# span 10 =     4.1188,    19.2901      
# span 11 =   8.158072, 264.005061      
# span 12 =     1.7839,     2.8901      
# span 13 =      0.031,    102.060      
# span 14 =    -3.3266,   103.4619      
# span 15 =  -4486.337,    955.981      
# span 16 =     5.7389,    12.7200      
# span 17 = 0.0000e+00, 0.0000e+00      
# interval = seconds: 0.0416667
# start_time = Sep 27 2023 12:02:37 [NMEA time, header]
# bad_flag = -9.990e-29
*END*
[from data line 11980]
     86.512     4.1204 184.636940     0.0134 1.0000e-12     0.2188    94.6770 1.0256e-01 9.2548e+02  0.0554688     4.1202 185.932145     2.2833     88.218    -3.2710    317.013    11.7050 0.0000e+00
     86.494     4.1201 184.636941     0.0293 1.0000e-12     0.2188    94.6770 1.0256e-01 9.2548e+02  0.0550530     4.1201 186.023134     2.2845     88.199    -3.1548    317.016    11.7136 0.0000e+00
     86.476     4.1201 184.636939     0.0256 1.0000e-12     0.2188    94.6770 9.5238e-02 9.2548e+02  0.0554688     4.1204 185.719842     2.2845     88.181    -3.2005    317.016    11.7129 0.0000e+00
     86.457     4.1203 184.636940     0.0134 1.0000e-12     0.2188    94.6770 9.5238e-02 9.2548e+02  0.0558845     4.1207 185.719842     2.2845     88.162    -3.2618    317.014    11.7134 0.0000e+00
     86.438     4.1200 184.648881     0.0342 1.0000e-12     0.2188    94.6770 9.8901e-02 9.2745e+02  0.0554688     4.1201 185.841157     2.2845     88.142    -3.1324    317.037    11.7129 0.0000e+00
     86.419     4.1198 184.636939     0.0159 1.0000e-12     0.2188    94.6770 1.0256e-01 9.2745e+02  0.0554688     4.1199 185.689512     2.2833     88.123    -3.2612    317.019    11.7056 0.0000e+00
     86.400     4.1198 184.672765     0.0256 1.0000e-12     0.2177    94.7032 1.0989e-01 9.2745e+02  0.0554688     4.1199 185.719842     2.2845     88.103    -3.1817    317.081    11.7114 0.0000e+00
     86.380     4.1199 184.648880     0.0281 1.0000e-12     0.2177    94.7032 1.1355e-01 9.2548e+02  0.0554688     4.1197 185.780499     2.2845     88.083    -3.1848    317.039    11.7107 0.0000e+00
     86.359     4.1198 184.636938     0.0110 1.0000e-12     0.2177    94.7032 1.1722e-01 9.2548e+02  0.0558845     4.1206 185.810827     2.2845     88.062    -3.2814    317.019    11.7096 0.0000e+00
     86.337     4.1198 184.648879     0.0342 1.0000e-12     0.2177    94.7032 1.0989e-01 9.2548e+02  0.0554688     4.1201 185.841155     2.2845     88.039    -3.1295    317.040    11.7089 0.0000e+00
     86.316     4.1196 184.696648     0.0183 1.0000e-12     0.2177    94.7032 1.0256e-01 9.2548e+02  0.0550530     4.1199 185.871484     2.2857     88.018    -3.2486    317.124    11.7160 0.0000e+00
     86.295     4.1198 184.696646     0.0208 1.0000e-12     0.2177    94.7032 1.0256e-01 9.2548e+02  0.0554688     4.1201 185.871483     2.2845     87.996    -3.2135    317.122    11.7070 0.0000e+00
     86.275     4.1197 184.648878     0.0305 1.0000e-12     0.2177    94.7032 1.0256e-01 9.2548e+02  0.0558845     4.1201 185.871483     2.2845     87.976    -3.1665    317.041    11.7073 0.0000e+00
     86.255     4.1198 184.636937     0.0110 1.0000e-12     0.2177    94.7032 9.8901e-02 9.2548e+02  0.0558845     4.1202 185.871484     2.2833     87.956    -3.2856    317.019    11.6983 0.0000e+00
     86.233     4.1198 184.696645     0.0330 1.0000e-12     0.2177    94.7032 9.5238e-02 9.2548e+02  0.0554688     4.1202 185.780495     2.2845     87.933    -3.1356    317.122    11.7052 0.0000e+00
     86.211     4.1196 184.696646     0.0220 1.0000e-12     0.2177    94.7032 9.1575e-02 9.2548e+02  0.0554688     4.1199 185.780495     2.2845     87.911    -3.2275    317.124    11.7043 0.0000e+00
     86.189     4.1198 184.624992     0.0171 1.0000e-12     0.2177    94.7032 9.5238e-02 9.2351e+02  0.0554688     4.1198 185.719836     2.2845     87.888    -3.2390    316.999    11.7047 0.0000e+00
     86.168     4.1199 184.648877     0.0317 1.0000e-12     0.2177    94.7032 9.5238e-02 9.2351e+02  0.0558845     4.1197 185.750166     2.2845     87.867    -3.1554    317.039    11.7050 0.0000e+00
     86.147     4.1198 184.613051     0.0134 1.0000e-12     0.2177    94.7032 9.8901e-02 9.2548e+02  0.0558845     4.1204 185.841152     2.2845     87.845    -3.2748    316.978    11.7038 0.0000e+00
     86.124     4.1199 184.636934     0.0293 1.0000e-12     0.2177    94.7032 9.8901e-02 9.2548e+02  0.0554688     4.1204 185.780494     2.2845     87.822    -3.1596    317.018    11.7041 0.0000e+00
     86.101     4.1200 184.636933     0.0244 1.0000e-12     0.2177    94.7032 9.8901e-02 9.2548e+02  0.0554688     4.1204 185.598520     2.2833     87.799    -3.2128    317.017    11.6952 0.0000e+00
     86.078     4.1199 184.636932     0.0134 1.0000e-12     0.2177    94.7032 9.5238e-02 9.2548e+02  0.0558845     4.1206 185.659177     2.2845     87.775    -3.2650    317.018    11.7034 0.0000e+00
     86.056     4.1198 184.636933     0.0342 1.0000e-12     0.2177    94.7032 9.8901e-02 9.2351e+02  0.0558845     4.1202 185.628849     2.2845     87.753    -3.1353    317.019    11.7038 0.0000e+00
     86.034     4.1201 184.648874     0.0147 1.0000e-12     0.2177    94.7032 9.5238e-02 9.2351e+02  0.0558845     4.1204 185.962466     2.2845     87.730    -3.2693    317.036    11.7028 0.0000e+00
     86.011     4.1200 184.660815     0.0256 1.0000e-12     0.2177    94.7032 9.1575e-02 9.2351e+02  0.0554688     4.1204 185.841149     2.2845     87.707    -3.1819    317.058    11.7032 0.0000e+00
     85.989     4.1199 184.660816     0.0281 1.0000e-12     0.2177    94.7032 9.1575e-02 9.2351e+02  0.0550530     4.1207 185.780492     2.2845     87.684    -3.1860    317.059    11.7022 0.0000e+00
     85.966     4.1199 184.636930     0.0110 1.0000e-12     0.2221    94.5986 9.1575e-02 9.2154e+02  0.0550530     4.1201 185.841148     2.2845     87.661    -3.2812    317.018    11.7027 0.0000e+00
     85.944     4.1198 184.708583     0.0342 1.0000e-12     0.2243    94.5463 9.1575e-02 9.2154e+02  0.0550530     4.1202 185.780491     2.2845     87.638    -3.1302    317.142    11.7030 0.0000e+00
     85.921     4.1199 184.672756     0.0183 1.0000e-12     0.2243    94.5463 9.1575e-02 9.2154e+02  0.0554688     4.1202 185.841148     2.2845     87.615    -3.2479    317.080    11.7034 0.0000e+00
     85.896     4.1199 184.660814     0.0208 1.0000e-12     0.2243    94.5463 8.7912e-02 9.2154e+02  0.0558845     4.1207 185.962464     2.2845     87.590    -3.2125    317.059    11.7035 0.0000e+00
     85.871     4.1199 184.636929     0.0305 1.0000e-12     0.2243    94.5463 8.7912e-02 9.2154e+02  0.0558845     4.1204 185.932134     2.2833     87.564    -3.1663    317.018    11.6947 0.0000e+00
     85.847     4.1200 184.672754     0.0110 1.0000e-12     0.2232    94.5725 8.7912e-02 9.2154e+02  0.0550530     4.1204 185.810817     2.2845     87.540    -3.2829    317.078    11.7029 0.0000e+00
     85.824     4.1198 184.624987     0.0330 1.0000e-12     0.2232    94.5725 9.1575e-02 9.2154e+02  0.0550530     4.1209 185.871475     2.2845     87.516    -3.1338    316.999    11.7030 0.0000e+00
     85.800     4.1199 184.624986     0.0220 1.0000e-12     0.2243    94.5463 9.5238e-02 9.2154e+02  0.0554688     4.1204 185.932133     2.2845     87.492    -3.2254    316.998    11.7035 0.0000e+00
     85.775     4.1196 184.636927     0.0171 1.0000e-12     0.2232    94.5725 9.5238e-02 9.2154e+02  0.0554688     4.1207 185.871474     2.2845     87.466    -3.2356    317.021    11.7024 0.0000e+00
     85.752     4.1197 184.672753     0.0317 1.0000e-12     0.2243    94.5463 9.8901e-02 9.2154e+02  0.0554688     4.1202 185.628843     2.2845     87.443    -3.1529    317.082    11.7042 0.0000e+00
     85.729     4.1199 184.648869     0.0122 1.0000e-12     0.2232    94.5725 9.5238e-02 9.2351e+02  0.0554688     4.1209 185.719829     2.2845     87.419    -3.2787    317.039    11.7044 0.0000e+00
     85.706     4.1199 184.589158     0.0293 1.0000e-12     0.2243    94.5463 9.5238e-02 9.2351e+02  0.0554688     4.1206 185.780486     2.2845     87.396    -3.1567    316.936    11.7049 0.0000e+00
     85.684     4.1198 184.613042     0.0244 1.0000e-12     0.2232    94.5725 9.5238e-02 9.2351e+02  0.0554688     4.1212 185.659170     2.2833     87.373    -3.2110    316.978    11.6958 0.0000e+00
     85.661     4.1202 184.672752     0.0134 1.0000e-12     0.2243    94.5463 9.1575e-02 9.2351e+02  0.0554688     4.1212 185.810814     2.2833     87.350    -3.2618    317.076    11.6961 0.0000e+00
     85.636     4.1201 184.696635     0.0330 1.0000e-12     0.2243    94.5463 9.1575e-02 9.2351e+02  0.0558845     4.1207 185.780484     2.2845     87.324    -3.1409    317.118    11.7058 0.0000e+00
     85.612     4.1201 184.708576     0.0147 1.0000e-12     0.2232    94.5725 9.5238e-02 9.2351e+02  0.0558845     4.1209 185.780484     2.2845     87.300    -3.2657    317.139    11.7060 0.0000e+00
     85.590     4.1203 184.648865     0.0256 1.0000e-12     0.2243    94.5463 1.0256e-01 9.2351e+02  0.0558845     4.1209 185.780483     2.2845     87.277    -3.1793    317.034    11.7076 0.0000e+00
     85.567     4.1200 184.601099     0.0269 1.0000e-12     0.2232    94.5725 1.0256e-01 9.2154e+02  0.0554688     4.1210 185.780484     2.2845     87.254    -3.1911    316.955    11.7078 0.0000e+00
     85.543     4.1203 184.624981     0.0110 1.0000e-12     0.2243    94.5463 9.8901e-02 9.2154e+02  0.0554688     4.1213 185.719825     2.2833     87.230    -3.2783    316.993    11.6987 0.0000e+00
     85.519     4.1204 184.601097     0.0342 1.0000e-12     0.2243    94.5463 9.5238e-02 9.2154e+02  0.0554688     4.1217 185.810811     2.2845     87.205    -3.1271    316.951    11.7055 0.0000e+00
     85.496     4.1203 184.672748     0.0183 1.0000e-12     0.2232    94.5725 9.1575e-02 9.2154e+02  0.0554688     4.1210 185.780482     2.2845     87.182    -3.2447    317.075    11.7059 0.0000e+00
     85.472     4.1206 184.672748     0.0220 1.0000e-12     0.2232    94.5725 9.1575e-02 9.2154e+02  0.0554688     4.1210 185.871469     2.2833     87.157    -3.2014    317.072    11.6982 0.0000e+00
     85.449     4.1204 184.636920     0.0305 1.0000e-12     0.2232    94.5725 9.1575e-02 9.2351e+02  0.0558845     4.1213 185.689493     2.2845     87.134    -3.1630    317.013    11.7063 0.0000e+00
     85.426     4.1209 184.636922     0.0110 1.0000e-12     0.2232    94.5725 9.1575e-02 9.2351e+02  0.0558845     4.1215 185.841139     2.2845     87.110    -3.2806    317.007    11.7065 0.0000e+00
     85.403     4.1205 184.636920     0.0330 1.0000e-12     0.2232    94.5725 9.1575e-02 9.2351e+02  0.0554688     4.1217 185.871467     2.2845     87.087    -3.1315    317.011    11.7066 0.0000e+00
     85.379     4.1208 184.636920     0.0208 1.0000e-12     0.2232    94.5725 9.1575e-02 9.2351e+02  0.0550530     4.1213 185.901795     2.2845     87.062    -3.2308    317.008    11.7057 0.0000e+00
     85.356     4.1209 184.636919     0.0171 1.0000e-12     0.2232    94.5725 9.1575e-02 9.2548e+02  0.0550530     4.1213 185.932124     2.2845     87.039    -3.2331    317.007    11.7047 0.0000e+00
     85.334     4.1210 184.601093     0.0317 1.0000e-12     0.2232    94.5725 9.1575e-02 9.2548e+02  0.0554688     4.1213 185.810808     2.2845     87.016    -3.1505    316.945    11.7051 0.0000e+00
     85.312     4.1211 184.624977     0.0122 1.0000e-12     0.2221    94.5986 9.5238e-02 9.2548e+02  0.0558845     4.1217 185.841137     2.2845     86.994    -3.2762    316.984    11.7053 0.0000e+00
     85.288     4.1212 184.672744     0.0305 1.0000e-12     0.2232    94.5725 9.5238e-02 9.2548e+02  0.0554688     4.1215 185.750149     2.2845     86.970    -3.1463    317.065    11.7043 0.0000e+00
     85.265     4.1212 184.660800     0.0244 1.0000e-12     0.2221    94.5986 9.5238e-02 9.2548e+02  0.0558845     4.1215 185.810805     2.2845     86.946    -3.2084    317.045    11.7046 0.0000e+00
     85.245     4.1215 184.636918     0.0134 1.0000e-12     0.2221    94.5986 9.1575e-02 9.2548e+02  0.0554688     4.1210 185.901794     2.2845     86.926    -3.2591    317.001    11.7051 0.0000e+00
     85.224     4.1214 184.648859     0.0342 1.0000e-12     0.2232    94.5725 9.1575e-02 9.2548e+02  0.0550530     4.1217 185.841135     2.2833     86.904    -3.1293    317.022    11.6972 0.0000e+00
     85.203     4.1215 184.589149     0.0147 1.0000e-12     0.2232    94.5725 9.1575e-02 9.2548e+02  0.0554688     4.1215 185.841135     2.2845     86.883    -3.2630    316.919    11.7042 0.0000e+00
     85.180     4.1214 184.636916     0.0256 1.0000e-12     0.2232    94.5725 9.1575e-02 9.2548e+02  0.0554688     4.1218 185.780476     2.2845     86.859    -3.1766    317.002    11.7045 0.0000e+00
     85.159     4.1219 184.613030     0.0269 1.0000e-12     0.2221    94.5986 8.7912e-02 9.2548e+02  0.0554688     4.1218 185.841132     2.2845     86.838    -3.1894    316.955    11.7048 0.0000e+00
     85.139     4.1214 184.648859     0.0110 1.0000e-12     0.2221    94.5986 9.1575e-02 9.2351e+02  0.0554688     4.1221 185.750148     2.2845     86.818    -3.2766    317.022    11.7050 0.0000e+00
     85.118     4.1215 184.613031     0.0342 1.0000e-12     0.2221    94.5986 9.1575e-02 9.2351e+02  0.0554688     4.1218 185.810803     2.2845     86.796    -3.1255    316.960    11.7029 0.0000e+00
     85.097     4.1217 184.601088     0.0171 1.0000e-12     0.2221    94.5986 8.7912e-02 9.2548e+02  0.0558845     4.1223 185.719816     2.2857     86.775    -3.2519    316.937    11.7097 0.0000e+00
     85.077     4.1215 184.601089     0.0220 1.0000e-12     0.2232    94.5725 8.7912e-02 9.2548e+02  0.0554688     4.1223 185.750145     2.2845     86.754    -3.2020    316.939    11.7020 0.0000e+00
     85.057     4.1219 184.636913     0.0305 1.0000e-12     0.2221    94.5986 9.1575e-02 9.2548e+02  0.0554688     4.1223 185.780473     2.2857     86.734    -3.1647    316.996    11.7102 0.0000e+00
     85.037     4.1219 184.613030     0.0110 1.0000e-12     0.2210    94.6248 9.5238e-02 9.2548e+02  0.0554688     4.1221 185.841131     2.2845     86.714    -3.2823    316.955    11.7027 0.0000e+00
     85.018     4.1215 184.636914     0.0330 1.0000e-12     0.2210    94.6248 9.1575e-02 9.2548e+02  0.0550530     4.1228 185.871460     2.2833     86.694    -3.1343    317.001    11.6948 0.0000e+00
     84.998     4.1219 184.613028     0.0220 1.0000e-12     0.2210    94.6248 8.7912e-02 9.2745e+02  0.0550530     4.1223 185.719814     2.2845     86.674    -3.2269    316.955    11.7006 0.0000e+00
     84.979     4.1216 184.636913     0.0171 1.0000e-12     0.2210    94.6248 8.7912e-02 9.2745e+02  0.0554688     4.1228 185.750143     2.2845     86.654    -3.2371    316.999    11.7007 0.0000e+00
     84.960     4.1219 184.589144     0.0317 1.0000e-12     0.2199    94.6509 1.1722e-01 9.2745e+02  0.0554688     4.1221 185.780472     2.2845     86.635    -3.1543    316.914    11.7012 0.0000e+00
     84.941     4.1217 184.589144     0.0134 1.0000e-12     0.2210    94.6248 1.5751e-01 9.2745e+02  0.0554688     4.1225 185.780471     2.2845     86.616    -3.2711    316.916    11.7013 0.0000e+00
     84.923     4.1215 184.601086     0.0293 1.0000e-12     0.2199    94.6509 1.6484e-01 9.2745e+02  0.0554688     4.1223 185.719813     2.2845     86.597    -3.1567    316.939    11.7016 0.0000e+00
     84.904     4.1218 184.624969     0.0244 1.0000e-12     0.2199    94.6509 1.4286e-01 9.2745e+02  0.0554688     4.1217 185.871458     2.2845     86.578    -3.2108    316.977    11.7019 0.0000e+00
     84.885     4.1215 184.636911     0.0134 1.0000e-12     0.2210    94.6248 1.2454e-01 9.2745e+02  0.0554688     4.1223 185.841128     2.2833     86.559    -3.2627    317.001    11.6940 0.0000e+00
     84.867     4.1219 184.648852     0.0342 1.0000e-12     0.2210    94.6248 1.0989e-01 9.2745e+02  0.0558845     4.1221 185.841127     2.2833     86.540    -3.1338    317.017    11.6943 0.0000e+00
     84.850     4.1215 184.589143     0.0147 1.0000e-12     0.2210    94.6248 1.0256e-01 9.2548e+02  0.0554688     4.1223 185.871457     2.2845     86.523    -3.2675    316.919    11.7023 0.0000e+00
     84.832     4.1213 184.636910     0.0256 1.0000e-12     0.2210    94.6248 1.1722e-01 9.2745e+02  0.0550530     4.1225 185.780469     2.2845     86.505    -3.1810    317.003    11.7012 0.0000e+00
     84.815     4.1217 184.613026     0.0269 1.0000e-12     0.2199    94.6509 1.1722e-01 9.2745e+02  0.0554688     4.1223 185.780469     2.2845     86.487    -3.1937    316.957    11.7027 0.0000e+00
