data/05_metadata_exports/SeabirdData/202310_SeabirdData/88791_STN27-DAY.cnv
* Sea-Bird SBE 9 Data File:
* FileName = C:\Users\rosette\Rosette Data\2023\Ontario lower food web csmi\STN27-DAY.hex
* Software Version Seasave V 7.26.6.26
* Temperature SN = 5270
* Conductivity SN = 1168
* Number of Bytes Per Scan = 40
* Number of Voltage Words = 5
* Number of Scans Averaged by the Deck Unit = 1
* NMEA Latitude = 43 41.37 N
* NMEA Longitude = 078 49.72 W
* NMEA UTC (Time) = Sep 27 2023  12:02:37
* NMEA baud rate = 4800
** Ship: Lake Guardian
** Cruise: Ontario Lower Food Web 2023
** Station:  STN27-DAY
# nquan = 18                                
# nvalues = 18277                       
# units = specified
# name 0 = prDM: Pressure, Digiquartz [db]
# name 1 = t090C: Temperature [ITS-90, deg C]
# name 2 = c0uS/cm: Conductivity [uS/cm]
# name 3 = sbeox0V: Oxygen raw, SBE 43 [V]
# name 4 = par: PAR/Irradiance, Biospherical/Licor
# name 5 = bat: Beam Attenuation, Chelsea/Seatech [1/m]
# name 6 = xmiss: Beam Transmission, Chelsea/Seatech [%]
# name 7 = flSP: Fluorescence, Seapoint
# name 8 = spar: SPAR, Biospherical/Licor
# name 9 = upoly0: Upoly 0, Suna Nitrate
# name 10 = t190C: Temperature, 2 [ITS-90, deg C]
# name 11 = c1uS/cm: Conductivity, 2 [uS/cm]
# name 12 = sbeox1V: Oxygen raw, SBE 43, 2 [V]
# name 13 = depFM: Depth [fresh water, m], lat = 43.6895
# name 14 = sbeox0Mg/L: Oxygen, SBE 43 [mg/l], WS = 2
# name 15 = specc: Specific Conductance [uS/cm]
# name 16 = sbeox1Mg/L: Oxygen, SBE 43, 2 [mg/l], WS = 2
# name 17 = flag: flag
# span 0 =      0.030,    100.087       
# span 1 =   -63.7957,    19.2807       
# span 2 = -3.508e+03, 339.855594       
# span 3 =     0.0000,     0.0366       
# span 4 = 1.0000e-12, 1.8862e+03       
# span 5 =     0.2122,     3.1011       
# span 6 =    46.0577,    94.8339       
# span 7 = 0.0000e+00, 3.3846e+00       
# span 8 = 4.1154e+02, 9.8849e+02       
# span 9 =  0.0413330,  0.0629524       
# span 10 =     4.1188,    19.2901      
# span 11 =   8.158072, 264.005061      
# span 12 =     1.7839,     2.8901      
# span 13 =      0.031,    102.060      
# span 14 =    -3.3266,   103.4619      
# span 15 =  -4486.337,    955.981      
# span 16 =     5.7389,    12.7200      
# span 17 = 0.0000e+00, 0.0000e+00      
# interval = seconds: 0.0416667
# start_time = Sep 27 2023 12:02:37 [NMEA time, header]
# bad_flag = -9.990e-29
*END*
[from data line 4101]
      2.238    19.2569 262.497546     0.0354 1.3300e+02     0.8503    80.8493 8.0952e-01 7.3645e+02  0.0538058    19.2615 263.791456     2.5311      2.282    -2.1442    296.530     9.1671 -9.990e-29
      2.229    19.2567 262.521642     0.0195 1.3300e+02     0.8490    80.8754 7.9487e-01 7.3842e+02  0.0533900    19.2608 263.700144     2.5311      2.273    -2.2175    296.559     9.1670 -9.990e-29
      2.221    19.2568 262.509594     0.0342 1.3300e+02     0.8490    80.8754 7.8022e-01 7.3842e+02  0.0529742    19.2604 263.639270     2.5311      2.265    -2.1491    296.544     9.1672 -9.990e-29
      2.213    19.2574 262.521642     0.0220 1.3300e+02     0.8503    80.8493 7.6190e-01 7.4038e+02  0.0533900    19.2602 263.547959     2.5311      2.257    -2.2075    296.554     9.1670 -9.990e-29
      2.205    19.2583 262.557787     0.0317 1.3338e+02     0.8452    80.9538 7.6923e-01 7.4038e+02  0.0538058    19.2602 263.547959     2.5311      2.248    -2.1601    296.589     9.1667 -9.990e-29
      2.197    19.2591 262.461397     0.0244 1.3375e+02     0.8413    81.0323 8.1319e-01 7.4038e+02  0.0538058    19.2601 263.761019     2.5311      2.240    -2.1978    296.475     9.1660 -9.990e-29
      2.188    19.2593 262.509592     0.0281 1.3375e+02     0.8426    81.0061 8.2784e-01 7.4038e+02  0.0538058    19.2602 263.730581     2.5311      2.231    -2.1765    296.528     9.1662 -9.990e-29
      2.178    19.2599 262.485493     0.0281 1.3489e+02     0.8426    81.0061 7.9853e-01 7.4038e+02  0.0533900    19.2601 263.700143     2.5311      2.221    -2.1821    296.496     9.1659 -9.990e-29
      2.169    19.2602 262.473444     0.0256 1.3565e+02     0.8439    80.9800 7.7656e-01 7.4038e+02  0.0533900    19.2599 263.639269     2.5311      2.212    -2.1879    296.481     9.1652 -9.990e-29
      2.162    19.2602 262.509590     0.0305 1.3527e+02     0.8439    80.9800 7.9853e-01 7.4038e+02  0.0533900    19.2601 263.791455     2.5311      2.205    -2.1710    296.522     9.1644 -9.990e-29
      2.155    19.2604 262.509590     0.0220 1.3451e+02     0.8439    80.9800 8.0586e-01 7.4038e+02  0.0533900    19.2599 263.608832     2.5311      2.197    -2.2039    296.520     9.1637 -9.990e-29
      2.147    19.2602 262.509590     0.0330 1.3375e+02     0.8439    80.9800 8.2051e-01 7.4038e+02  0.0538058    19.2599 263.730580     2.5311      2.189    -2.1586    296.522     9.1634 -9.990e-29
      2.140    19.2602 262.521637     0.0195 1.3375e+02     0.8439    80.9800 8.0952e-01 7.4038e+02  0.0538058    19.2601 263.669704     2.5311      2.182    -2.2150    296.535     9.1631 -9.990e-29
      2.134    19.2599 262.509590     0.0342 1.3114e+02     0.8426    81.0061 8.0952e-01 7.4235e+02  0.0533900    19.2597 263.669706     2.5311      2.176    -2.1513    296.524     9.1624 -9.990e-29
      2.129    19.2600 262.509588     0.0183 1.2822e+02     0.8426    81.0061 8.4249e-01 7.4235e+02  0.0533900    19.2592 263.761017     2.5311      2.171    -2.2200    296.523     9.1618 -9.990e-29
      2.125    19.2599 262.521637     0.0354 1.2750e+02     0.8413    81.0323 8.8278e-01 7.4235e+02  0.0533900    19.2594 263.700142     2.5324      2.167    -2.1441    296.537     9.1669 -9.990e-29
      2.123    19.2595 262.485493     0.0183 1.2679e+02     0.8426    81.0061 9.8901e-01 7.4235e+02  0.0538058    19.2590 263.761018     2.5311      2.165    -2.2204    296.499     9.1608 -9.990e-29
      2.121    19.2597 262.473443     0.0342 1.2537e+02     0.8413    81.0323 1.0366e+00 7.4235e+02  0.0533900    19.2587 263.730580     2.5324      2.163    -2.1479    296.484     9.1660 -9.990e-29
      2.118    19.2595 262.425249     0.0208 1.2502e+02     0.8426    81.0061 9.9634e-01 7.4432e+02  0.0529742    19.2590 263.761017     2.5311      2.160    -2.2097    296.431     9.1594 -9.990e-29
      2.117    19.2592 262.497540     0.0330 1.2397e+02     0.8439    80.9800 9.3040e-01 7.4235e+02  0.0533900    19.2583 263.669706     2.5311      2.159    -2.1521    296.515     9.1592 -9.990e-29
      2.117    19.2590 262.485493     0.0220 1.2223e+02     0.8426    81.0061 8.6081e-01 7.4432e+02  0.0533900    19.2588 263.547959     2.5311      2.159    -2.2052    296.503     9.1589 -9.990e-29
      2.118    19.2589 262.497539     0.0305 1.2189e+02     0.8413    81.0323 8.1319e-01 7.4432e+02  0.0542215    19.2587 263.669704     2.5311      2.160    -2.1630    296.517     9.1587 -9.990e-29
      2.120    19.2585 262.449348     0.0256 1.2189e+02     0.8439    80.9800 7.8022e-01 7.4432e+02  0.0542215    19.2590 263.761018     2.5311      2.162    -2.1901    296.465     9.1584 -9.990e-29
      2.124    19.2585 262.509589     0.0281 1.2223e+02     0.8426    81.0061 7.6557e-01 7.4432e+02  0.0538058    19.2592 263.700142     2.5311      2.166    -2.1738    296.533     9.1582 -9.990e-29
      2.128    19.2582 262.509590     0.0281 1.2258e+02     0.8400    81.0584 7.6923e-01 7.4432e+02  0.0533900    19.2587 263.639269     2.5311      2.170    -2.1791    296.535     9.1581 -9.990e-29
      2.133    19.2581 262.473446     0.0244 1.2258e+02     0.8374    81.1107 7.5824e-01 7.4432e+02  0.0533900    19.2578 263.639271     2.5311      2.175    -2.1903    296.495     9.1581 -9.990e-29
      2.138    19.2581 262.473444     0.0305 1.2292e+02     0.8387    81.0845 7.6557e-01 7.4432e+02  0.0538058    19.2576 263.730581     2.5311      2.180    -2.1681    296.495     9.1580 -9.990e-29
      2.144    19.2581 262.473446     0.0220 1.2327e+02     0.8387    81.0845 8.6081e-01 7.4432e+02  0.0533900    19.2571 263.791457     2.5311      2.186    -2.2011    296.495     9.1580 -9.990e-29
      2.151    19.2581 262.545737     0.0330 1.2327e+02     0.8374    81.1107 8.9377e-01 7.4432e+02  0.0533900    19.2569 263.700146     2.5311      2.193    -2.1558    296.577     9.1579 -9.990e-29
      2.157    19.2579 262.533689     0.0195 1.2258e+02     0.8387    81.0845 8.8278e-01 7.4432e+02  0.0538058    19.2571 263.639271     2.5299      2.200    -2.2127    296.564     9.1523 -9.990e-29
      2.164    19.2579 262.509591     0.0342 1.2223e+02     0.8387    81.0845 8.4982e-01 7.4432e+02  0.0538058    19.2569 263.669708     2.5311      2.207    -2.1494    296.537     9.1578 -9.990e-29
      2.171    19.2572 262.449349     0.0183 1.2223e+02     0.8374    81.1107 8.4249e-01 7.4432e+02  0.0529742    19.2575 263.700145     2.5311      2.214    -2.2189    296.474     9.1572 -9.990e-29
      2.180    19.2569 262.473447     0.0354 1.2121e+02     0.8374    81.1107 8.1319e-01 7.4432e+02  0.0529742    19.2573 263.639271     2.5299      2.223    -2.1430    296.503     9.1518 -9.990e-29
      2.189    19.2562 262.449351     0.0195 1.2053e+02     0.8387    81.0845 7.8022e-01 7.4432e+02  0.0533900    19.2580 263.730583     2.5299      2.232    -2.2141    296.480     9.1512 -9.990e-29
      2.197    19.2562 262.509594     0.0354 1.2053e+02     0.8387    81.0845 7.6190e-01 7.4432e+02  0.0533900    19.2580 263.791458     2.5299      2.240    -2.1416    296.548     9.1508 -9.990e-29
      2.204    19.2560 262.413206     0.0208 1.1985e+02     0.8387    81.0845 7.6190e-01 7.4432e+02  0.0529742    19.2588 263.669708     2.5299      2.247    -2.2092    296.441     9.1507 -9.990e-29
      2.211    19.2560 262.473449     0.0342 1.1951e+02     0.8387    81.0845 7.5458e-01 7.4432e+02  0.0533900    19.2590 263.669708     2.5311      2.255    -2.1463    296.509     9.1558 -9.990e-29
      2.218    19.2555 262.509595     0.0232 1.1918e+02     0.8387    81.0845 7.5458e-01 7.4432e+02  0.0533900    19.2585 263.639271     2.5299      2.262    -2.1995    296.553     9.1506 -9.990e-29
      2.226    19.2551 262.509595     0.0317 1.1951e+02     0.8387    81.0845 7.3993e-01 7.4432e+02  0.0533900    19.2585 263.639271     2.5299      2.270    -2.1573    296.556     9.1507 -9.990e-29
      2.235    19.2555 262.497547     0.0256 1.1985e+02     0.8387    81.0845 8.2418e-01 7.4432e+02  0.0538058    19.2587 263.639272     2.5299      2.279    -2.1898    296.540     9.1509 -9.990e-29
      2.244    19.2555 262.425256     0.0281 1.2019e+02     0.8387    81.0845 8.8278e-01 7.4432e+02  0.0542215    19.2590 263.669709     2.5299      2.288    -2.1739    296.458     9.1515 -9.990e-29
      2.253    19.2550 262.449354     0.0293 1.2019e+02     0.8387    81.0845 8.4615e-01 7.4432e+02  0.0533900    19.2585 263.791459     2.5299      2.297    -2.1743    296.488     9.1514 -9.990e-29
      2.261    19.2550 262.473451     0.0256 1.2053e+02     0.8387    81.0845 8.3150e-01 7.4432e+02  0.0529742    19.2580 263.669710     2.5299      2.306    -2.1860    296.516     9.1518 -9.990e-29
      2.269    19.2551 262.473451     0.0317 1.2087e+02     0.8387    81.0845 8.2418e-01 7.4432e+02  0.0529742    19.2575 263.730585     2.5299      2.314    -2.1634    296.515     9.1518 -9.990e-29
      2.275    19.2551 262.497550     0.0220 1.2087e+02     0.8413    81.0323 8.4249e-01 7.4235e+02  0.0542215    19.2573 263.700150     2.5299      2.320    -2.2022    296.542     9.1517 -9.990e-29
      2.281    19.2553 262.473451     0.0330 1.2087e+02     0.8439    80.9800 8.3883e-01 7.4235e+02  0.0538058    19.2580 263.639273     2.5299      2.326    -2.1570    296.514     9.1515 -9.990e-29
      2.287    19.2557 262.473450     0.0195 1.2053e+02     0.8452    80.9538 8.0586e-01 7.4235e+02  0.0529742    19.2582 263.700147     2.5299      2.332    -2.2139    296.511     9.1515 -9.990e-29
      2.293    19.2558 262.437307     0.0354 1.2087e+02     0.8452    80.9538 8.7912e-01 7.4235e+02  0.0529742    19.2588 263.639274     2.5299      2.338    -2.1450    296.470     9.1514 -9.990e-29
      2.298    19.2560 262.461401     0.0183 1.2223e+02     0.8452    80.9538 9.7436e-01 7.4038e+02  0.0538058    19.2588 263.639272     2.5299      2.343    -2.2199    296.495     9.1515 -9.990e-29
      2.303    19.2560 262.509597     0.0354 1.2258e+02     0.8439    80.9800 1.0037e+00 7.4235e+02  0.0538058    19.2588 263.669711     2.5299      2.348    -2.1437    296.550     9.1515 -9.990e-29
      2.308    19.2557 262.461403     0.0195 1.2258e+02     0.8439    80.9800 1.0256e+00 7.4235e+02  0.0533900    19.2587 263.608837     2.5299      2.354    -2.2153    296.497     9.1517 -9.990e-29
      2.311    19.2562 262.509597     0.0354 1.2432e+02     0.8452    80.9538 1.0513e+00 7.4235e+02  0.0533900    19.2575 263.730587     2.5299      2.357    -2.1429    296.548     9.1521 -9.990e-29
      2.313    19.2565 262.557792     0.0208 1.2537e+02     0.8452    80.9538 1.0879e+00 7.4038e+02  0.0533900    19.2564 263.700150     2.5299      2.359    -2.2106    296.601     9.1525 -9.990e-29
      2.315    19.2572 262.461402     0.0330 1.2537e+02     0.8452    80.9538 1.1282e+00 7.4038e+02  0.0538058    19.2562 263.639276     2.5299      2.361    -2.1532    296.487     9.1528 -9.990e-29
      2.316    19.2578 262.533693     0.0232 1.2715e+02     0.8452    80.9538 1.0952e+00 7.4038e+02  0.0533900    19.2561 263.730588     2.5299      2.362    -2.2010    296.565     9.1522 -9.990e-29
      2.315    19.2581 262.521645     0.0305 1.2822e+02     0.8439    80.9800 1.0440e+00 7.4038e+02  0.0529742    19.2562 263.791463     2.5287      2.361    -2.1643    296.549     9.1466 -9.990e-29
      2.313    19.2588 262.509595     0.0256 1.2822e+02     0.8452    80.9538 9.7802e-01 7.4038e+02  0.0533900    19.2568 263.791462     2.5299      2.359    -2.1915    296.531     9.1523 -9.990e-29
      2.311    19.2585 262.545740     0.0281 1.2750e+02     0.8452    80.9538 9.2308e-01 7.4038e+02  0.0538058    19.2571 263.700148     2.5287      2.357    -2.1754    296.574     9.1467 -9.990e-29
      2.311    19.2583 262.497547     0.0293 1.2679e+02     0.8452    80.9538 8.4982e-01 7.4038e+02  0.0542215    19.2578 263.700149     2.5287      2.357    -2.1756    296.521     9.1465 -9.990e-29
      2.310    19.2577 262.437305     0.0244 1.2643e+02     0.8439    80.9800 7.9853e-01 7.4038e+02  0.0538058    19.2578 263.639275     2.5299      2.356    -2.1924    296.457     9.1520 -9.990e-29
      2.308    19.2574 262.473450     0.0317 1.2537e+02     0.8452    80.9538 8.1319e-01 7.4038e+02  0.0538058    19.2582 263.639275     2.5287      2.354    -2.1646    296.500     9.1464 -9.990e-29
      2.305    19.2574 262.473450     0.0220 1.2362e+02     0.8452    80.9538 8.2051e-01 7.3842e+02  0.0533900    19.2582 263.730586     2.5299      2.350    -2.2035    296.500     9.1524 -9.990e-29
      2.301    19.2572 262.473450     0.0342 1.2362e+02     0.8452    80.9538 8.0220e-01 7.3842e+02  0.0529742    19.2585 263.700148     2.5299      2.346    -2.1526    296.501     9.1523 -9.990e-29
      2.297    19.2572 262.437305     0.0195 1.2292e+02     0.8452    80.9538 8.2051e-01 7.3842e+02  0.0533900    19.2585 263.700149     2.5299      2.342    -2.2150    296.460     9.1524 -9.990e-29
      2.293    19.2574 262.485497     0.0342 1.2223e+02     0.8439    80.9800 8.1319e-01 7.3842e+02  0.0533900    19.2585 263.761022     2.5299      2.338    -2.1514    296.513     9.1525 -9.990e-29
      2.289    19.2574 262.521645     0.0183 1.2189e+02     0.8439    80.9800 7.8022e-01 7.3842e+02  0.0538058    19.2592 263.821897     2.5287      2.334    -2.2210    296.554     9.1470 -9.990e-29
      2.284    19.2572 262.557789     0.0354 1.2155e+02     0.8426    81.0061 7.8022e-01 7.3645e+02  0.0533900    19.2585 263.608836     2.5287      2.329    -2.1445    296.596     9.1477 -9.990e-29
      2.280    19.2571 262.497546     0.0195 1.1985e+02     0.8426    81.0061 7.9121e-01 7.3448e+02  0.0533900    19.2587 263.547961     2.5287      2.325    -2.2156    296.529     9.1482 -9.990e-29
      2.275    19.2572 262.473451     0.0354 1.1951e+02     0.8426    81.0061 8.1685e-01 7.3448e+02  0.0533900    19.2582 263.669712     2.5287      2.320    -2.1429    296.501     9.1488 -9.990e-29
      2.270    19.2569 262.473449     0.0208 1.1884e+02     0.8426    81.0061 8.2784e-01 7.3251e+02  0.0533900    19.2575 263.700148     2.5287      2.315    -2.2106    296.503     9.1495 -9.990e-29
      2.263    19.2569 262.509596     0.0342 1.1685e+02     0.8426    81.0061 8.2051e-01 7.2857e+02  0.0533900    19.2573 263.700149     2.5287      2.308    -2.1478    296.544     9.1501 -9.990e-29
      2.256    19.2565 262.509594     0.0232 1.1620e+02     0.8426    81.0061 8.0952e-01 7.2660e+02  0.0538058    19.2566 263.608836     2.5287      2.300    -2.2014    296.546     9.1508 -9.990e-29
      2.250    19.2563 262.473450     0.0305 1.1620e+02     0.8426    81.0061 7.9853e-01 7.2069e+02  0.0533900    19.2562 263.730586     2.5287      2.294    -2.1643    296.507     9.1514 -9.990e-29
      2.245    19.2562 262.557790     0.0269 1.1522e+02     0.8426    81.0061 8.0586e-01 7.1676e+02  0.0529742    19.2557 263.791461     2.5287      2.289    -2.1857    296.603     9.1520 -9.990e-29
      2.239    19.2560 262.473449     0.0281 1.1490e+02     0.8439    80.9800 8.5348e-01 7.1282e+02  0.0533900    19.2555 263.608837     2.5287      2.283    -2.1754    296.509     9.1526 -9.990e-29
      2.234    19.2560 262.485499     0.0293 1.1457e+02     0.8426    81.0061 8.9011e-01 7.0888e+02  0.0538058    19.2555 263.547964     2.5287      2.278    -2.1754    296.523     9.1531 -9.990e-29
      2.228    19.2558 262.449352     0.0244 1.1490e+02     0.8439    80.9800 9.1209e-01 7.0297e+02  0.0538058    19.2561 263.730585     2.5287      2.272    -2.1922    296.483     9.1536 -9.990e-29
      2.223    19.2562 262.461400     0.0317 1.1457e+02     0.8426    81.0061 8.8278e-01 7.0100e+02  0.0533900    19.2562 263.669711     2.5287      2.267    -2.1643    296.494     9.1545 -9.990e-29
      2.218    19.2558 262.509595     0.0220 1.1490e+02     0.8426    81.0061 8.5348e-01 6.9706e+02  0.0533900    19.2573 263.730584     2.5275      2.262    -2.2036    296.551     9.1494 -9.990e-29
