data/05_metadata_exports/SeabirdData/202310_SeabirdData/88791_STN27-DAY.cnv
* Sea-Bird SBE 9 Data File:
* FileName = C:\Users\rosette\Rosette Data\2023\Ontario lower food web csmi\STN27-DAY.hex
* Software Version Seasave V 7.26.6.26
* Temperature SN = 5270
* Conductivity SN = 1168
* Number of Bytes Per Scan = 40
* Number of Voltage Words = 5
* Number of Scans Averaged by the Deck Unit = 1
* NMEA Latitude = 43 41.37 N
* NMEA Longitude = 078 49.72 W
* NMEA UTC (Time) = Sep 27 2023  12:02:37
* NMEA baud rate = 4800
** Ship: Lake Guardian
** Cruise: Ontario Lower Food Web 2023
** Station:  STN27-DAY
# nquan = 18                                
# nvalues = 18277                       
# units = specified
# name 0 = prDM: Pressure, Digiquartz [db]
# name 1 = t090C: Temperature [ITS-90, deg C]
# name 2 = c0uS/cm: Conductivity [uS/cm]
# name 3 = sbeox0V: Oxygen raw, SBE 43 [V]
# name 4 = par: PAR/Irradiance, Biospherical/Licor
# name 5 = bat: Beam Attenuation, Chelsea/Seatech [1/m]
# name 6 = xmiss: Beam Transmission, Chelsea/Seatech [%]
# name 7 = flSP: Fluorescence, Seapoint
# name 8 = spar: SPAR, Biospherical/Licor
# name 9 = upoly0: Upoly 0, Suna Nitrate
# name 10 = t190C: Temperature, 2 [ITS-90, deg C]
# name 11 = c1uS/cm: Conductivity, 2 [uS/cm]
# name 12 = sbeox1V: Oxygen raw, SBE 43, 2 [V]
# name 13 = depFM: Depth [fresh water, m], lat = 43.6895
# name 14 = sbeox0Mg/L: Oxygen, SBE 43 [mg/l], WS = 2
# name 15 = specc: Specific Conductance [uS/cm]
# name 16 = sbeox1Mg/L: Oxygen, SBE 43, 2 [mg/l], WS = 2
# name 17 = flag: flag
# span 0 =      0.030,    100.087       
# span 1 =   -63.7957,    19.2807       
# span 2 = -3.508e+03, 339.855594       
# span 3 =     0.0000,     0.0366       
# span 4 = 1.0000e-12, 1.8862e+03       
# span 5 =     0.2122,     3.1011       
# span 6 =    46.0577,    94.8339       
# span 7 = 0.0000e+00, 3.3846e+00       
# span 8 = 4.1154e+02, 9.8849e+02       
# span 9 =  0.0413330,  0.0629524       
# span 10 =     4.1188,    19.2901      
# span 11 =   8.158072, 264.005061      
# span 12 =     1.7839,     2.8901      
# span 13 =      0.031,    102.060      
# span 14 =    -3.3266,   103.4619      
# span 15 =  -4486.337,    955.981      
# span 16 =     5.7389,    12.7200      
# span 17 = 0.0000e+00, 0.0000e+00      
# interval = seconds: 0.0416667
# start_time = Sep 27 2023 12:02:37 [NMEA time, header]
# bad_flag = -9.990e-29
*END*
[from data line 2573]
      2.293    19.0108 255.283604     0.0269 1.2432e+02     0.8361    81.1368 8.7912e-01 7.7189e+02  0.0413330    19.2205 258.100461     1.8571      2.338    -2.1925    289.994     6.0158 -9.990e-29
      2.293    19.0085 255.283604     0.0293 1.2467e+02     0.8361    81.1368 8.3883e-01 7.7189e+02  0.0413330    19.2104 258.222185     1.8559      2.338    -2.1875    290.009     6.0107 -9.990e-29
      2.292    19.0069 255.319723     0.0232 1.2467e+02     0.8361    81.1368 7.9853e-01 7.7189e+02  0.0417488    19.2029 258.222193     1.8559      2.337    -2.2095    290.060     6.0112 -9.990e-29
      2.292    19.0055 255.307683     0.0330 1.2502e+02     0.8361    81.1368 7.6190e-01 7.7189e+02  0.0417488    19.1985 258.283053     1.8547      2.337    -2.1701    290.056     6.0055 -9.990e-29
      2.292    19.0051 255.331763     0.0208 1.2502e+02     0.8361    81.1368 7.3626e-01 7.7189e+02  0.0417488    19.1959 258.130911     1.8547      2.337    -2.2205    290.086     6.0050 -9.990e-29
      2.292    19.0051 255.295647     0.0342 1.2537e+02     0.8361    81.1368 7.2161e-01 7.7189e+02  0.0413330    19.1933 258.100483     1.8535      2.337    -2.1630    290.045     5.9991 -9.990e-29
      2.290    19.0059 255.283606     0.0183 1.2572e+02     0.8361    81.1368 7.2894e-01 7.7189e+02  0.0413330    19.1907 258.130913     1.8523      2.335    -2.2315    290.026     5.9933 -9.990e-29
      2.289    19.0069 255.319722     0.0354 1.2572e+02     0.8361    81.1368 7.6923e-01 7.7189e+02  0.0417488    19.1884 258.100486     1.8523      2.334    -2.1559    290.060     5.9928 -9.990e-29
      2.289    19.0079 255.295643     0.0183 1.2467e+02     0.8361    81.1368 8.2418e-01 7.7189e+02  0.0413330    19.1863 258.130917     1.8523      2.334    -2.2317    290.027     5.9924 -9.990e-29
      2.290    19.0095 255.295644     0.0354 1.2397e+02     0.8361    81.1368 8.4982e-01 7.7189e+02  0.0413330    19.1844 258.191779     1.8510      2.335    -2.1537    290.016     5.9857 -9.990e-29
      2.290    19.0112 255.259525     0.0195 1.2362e+02     0.8361    81.1368 8.5348e-01 7.7189e+02  0.0413330    19.1832 258.222209     1.8498      2.335    -2.2265    289.964     5.9798 -9.990e-29
      2.289    19.0140 255.283600     0.0342 1.2258e+02     0.8361    81.1368 8.6081e-01 7.7189e+02  0.0417488    19.1814 258.252639     1.8498      2.334    -2.1580    289.973     5.9791 -9.990e-29
      2.290    19.0174 255.307674     0.0220 1.2087e+02     0.8361    81.1368 8.8278e-01 7.7189e+02  0.0413330    19.1809 258.404788     1.8486      2.335    -2.2165    289.978     5.9728 -9.990e-29
      2.292    19.0239 255.331748     0.0317 1.2053e+02     0.8361    81.1368 8.9377e-01 7.7189e+02  0.0413330    19.1801 258.222212     1.8486      2.337    -2.1686    289.962     5.9725 -9.990e-29
      2.293    19.0331 255.343777     0.0256 1.2087e+02     0.8361    81.1368 9.3773e-01 7.7189e+02  0.0413330    19.1802 258.191781     1.8474      2.338    -2.2007    289.915     5.9662 -9.990e-29
      2.293    19.0447 255.295614     0.0281 1.2155e+02     0.8374    81.1107 1.0110e+00 7.7189e+02  0.0417488    19.1833 258.313498     1.8462      2.338    -2.1840    289.784     5.9601 -9.990e-29
      2.293    19.0571 255.295603     0.0281 1.2189e+02     0.8400    81.0584 1.0403e+00 7.7189e+02  0.0413330    19.1896 258.374351     1.8462      2.338    -2.1891    289.703     5.9587 -9.990e-29
      2.294    19.0692 255.307631     0.0244 1.2189e+02     0.8400    81.0584 1.0110e+00 7.7189e+02  0.0413330    19.1964 258.313486     1.8449      2.339    -2.1998    289.637     5.9510 -9.990e-29
      2.295    19.0794 255.343741     0.0305 1.2189e+02     0.8400    81.0584 9.5238e-01 7.7189e+02  0.0413330    19.2046 258.343910     1.8449      2.340    -2.1773    289.611     5.9495 -9.990e-29
      2.296    19.0873 255.319655     0.0220 1.2155e+02     0.8400    81.0584 9.1209e-01 7.7189e+02  0.0417488    19.2111 258.435192     1.8437      2.341    -2.2104    289.531     5.9424 -9.990e-29
      2.296    19.0923 255.307614     0.0330 1.2121e+02     0.8413    81.0323 8.9011e-01 7.7189e+02  0.0413330    19.2146 258.374331     1.8437      2.341    -2.1651    289.485     5.9416 -9.990e-29
      2.296    19.0944 255.331688     0.0183 1.1784e+02     0.8387    81.0845 8.6447e-01 7.7189e+02  0.0413330    19.2177 258.374327     1.8425      2.341    -2.2273    289.498     5.9354 -9.990e-29
      2.297    19.0944 255.355765     0.0342 1.1653e+02     0.8413    81.0323 8.3516e-01 7.7189e+02  0.0413330    19.2210 258.313465     1.8413      2.342    -2.1580    289.526     5.9289 -9.990e-29
      2.299    19.0921 255.319653     0.0171 1.1620e+02     0.8400    81.0584 8.4615e-01 7.7189e+02  0.0417488    19.2266 258.313462     1.8413      2.344    -2.2331    289.500     5.9272 -9.990e-29
      2.301    19.0876 255.307616     0.0354 1.1171e+02     0.8413    81.0323 8.5348e-01 7.7189e+02  0.0413330    19.2311 258.222168     1.8400      2.346    -2.1518    289.516     5.9202 -9.990e-29
      2.303    19.0822 255.379855     0.0183 1.0953e+02     0.8413    81.0323 8.2418e-01 7.7189e+02  0.0413330    19.2336 258.252597     1.8388      2.348    -2.2294    289.633     5.9140 -9.990e-29
      2.305    19.0756 255.331704     0.0354 1.0953e+02     0.8400    81.0584 7.8022e-01 7.7386e+02  0.0417488    19.2358 258.283023     1.8388      2.350    -2.1515    289.622     5.9134 -9.990e-29
      2.307    19.0695 255.379865     0.0208 1.0800e+02     0.8400    81.0584 7.8022e-01 7.7386e+02  0.0413330    19.2381 258.130875     1.8376      2.352    -2.2203    289.717     5.9074 -9.990e-29
      2.308    19.0630 255.355793     0.0330 1.0739e+02     0.8400    81.0584 8.0952e-01 7.7386e+02  0.0413330    19.2405 258.252591     1.8376      2.354    -2.1622    289.732     5.9066 -9.990e-29
      2.309    19.0569 255.379874     0.0244 1.0709e+02     0.8400    81.0584 8.1685e-01 7.7386e+02  0.0413330    19.2415 258.070012     1.8364      2.355    -2.2054    289.800     5.9005 -9.990e-29
      2.310    19.0508 255.403958     0.0305 1.0984e+02     0.8413    81.0323 9.8168e-01 7.7386e+02  0.0417488    19.2416 258.100443     1.8352      2.356    -2.1734    289.867     5.8947 -9.990e-29
      2.312    19.0453 255.403962     0.0269 1.1234e+02     0.8400    81.0584 1.1429e+00 7.7386e+02  0.0413330    19.2402 258.191731     1.8352      2.358    -2.1954    289.903     5.8941 -9.990e-29
      2.315    19.0401 255.331734     0.0269 1.1266e+02     0.8400    81.0584 1.0659e+00 7.7386e+02  0.0413330    19.2376 258.283023     1.8339      2.361    -2.1903    289.855     5.8879 -9.990e-29
      2.318    19.0355 255.379894     0.0305 1.1490e+02     0.8400    81.0584 9.7070e-01 7.7386e+02  0.0413330    19.2365 258.191736     1.8327      2.364    -2.1797    289.940     5.8825 -9.990e-29
      2.319    19.0310 255.403975     0.0232 1.1784e+02     0.8400    81.0584 9.3407e-01 7.7386e+02  0.0417488    19.2346 258.100449     1.8327      2.365    -2.2075    289.997     5.8824 -9.990e-29
      2.320    19.0272 255.367860     0.0317 1.1884e+02     0.8413    81.0323 9.1575e-01 7.7386e+02  0.0413330    19.2333 258.070019     1.8315      2.366    -2.1742    289.981     5.8764 -9.990e-29
      2.322    19.0237 255.367866     0.0195 1.1951e+02     0.8361    81.1368 8.6447e-01 7.7386e+02  0.0413330    19.2315 258.130882     1.8303      2.368    -2.2247    290.004     5.8710 -9.990e-29
      2.324    19.0204 255.391943     0.0342 1.2087e+02     0.8336    81.1891 8.0586e-01 7.7386e+02  0.0413330    19.2285 258.191741     1.8303      2.370    -2.1616    290.054     5.8708 -9.990e-29
      2.327    19.0178 255.416025     0.0183 1.2121e+02     0.8336    81.1891 8.0586e-01 7.7386e+02  0.0417488    19.2254 258.313463     1.8291      2.373    -2.2307    290.098     5.8658 -9.990e-29
      2.331    19.0157 255.379910     0.0354 1.2155e+02     0.8336    81.1891 8.7912e-01 7.7386e+02  0.0413330    19.2217 258.283036     1.8291      2.377    -2.1548    290.071     5.8660 -9.990e-29
      2.335    19.0144 255.391950     0.0183 1.2155e+02     0.8336    81.1891 8.8278e-01 7.7386e+02  0.0413330    19.2177 258.191751     1.8278      2.381    -2.2315    290.093     5.8600 -9.990e-29
      2.339    19.0138 255.403990     0.0354 1.2155e+02     0.8336    81.1891 9.3040e-01 7.7386e+02  0.0413330    19.2135 258.100467     1.8266      2.385    -2.1540    290.111     5.8551 -9.990e-29
      2.341    19.0132 255.367874     0.0195 1.2121e+02     0.8336    81.1891 1.0073e+00 7.7386e+02  0.0417488    19.2102 258.100471     1.8266      2.387    -2.2273    290.074     5.8551 -9.990e-29
      2.343    19.0122 255.391952     0.0342 1.1985e+02     0.8336    81.1891 9.6703e-01 7.7386e+02  0.0413330    19.2078 258.191759     1.8254      2.389    -2.1589    290.108     5.8502 -9.990e-29
      2.344    19.0107 255.367875     0.0220 1.1951e+02     0.8336    81.1891 9.3773e-01 7.7386e+02  0.0413330    19.2067 258.161331     1.8254      2.390    -2.2177    290.090     5.8502 -9.990e-29
      2.347    19.0088 255.403993     0.0317 1.1918e+02     0.8323    81.2152 9.8168e-01 7.7386e+02  0.0413330    19.2062 258.252620     1.8242      2.393    -2.1701    290.144     5.8453 -9.990e-29
      2.350    19.0127 255.379914     0.0256 1.1653e+02     0.8323    81.2152 9.9267e-01 7.7386e+02  0.0417488    19.2074 258.222191     1.8230      2.396    -2.2029    290.091     5.8399 -9.990e-29
      2.352    19.0244 255.391942     0.0281 1.1522e+02     0.8323    81.2152 9.5971e-01 7.7386e+02  0.0413330    19.2093 258.283047     1.8217      2.398    -2.1862    290.027     5.8336 -9.990e-29
      2.354    19.0406 255.367851     0.0281 1.1522e+02     0.8323    81.2152 9.4139e-01 7.7386e+02  0.0417488    19.2135 258.313473     1.8217      2.400    -2.1915    289.893     5.8335 -9.990e-29
      2.357    19.0586 255.464148     0.0244 1.1361e+02     0.8323    81.2152 9.1575e-01 7.7386e+02  0.0413330    19.2186 258.404759     1.8205      2.403    -2.2019    289.884     5.8275 -9.990e-29
      2.358    19.0771 255.428016     0.0305 1.1234e+02     0.8336    81.1891 9.3773e-01 7.7189e+02  0.0413330    19.2235 258.496044     1.8205      2.404    -2.1791    289.721     5.8271 -9.990e-29
      2.359    19.0938 255.440039     0.0208 1.1234e+02     0.8323    81.2152 9.4139e-01 7.7189e+02  0.0417488    19.2260 258.343892     1.8193      2.406    -2.2168    289.625     5.8216 -9.990e-29
      2.359    19.1054 255.427992     0.0330 1.1266e+02     0.8336    81.1891 9.5604e-01 7.7189e+02  0.0413330    19.2266 258.404752     1.8181      2.406    -2.1655    289.535     5.8165 -9.990e-29
      2.360    19.1138 255.403906     0.0195 1.1297e+02     0.8336    81.1891 1.0073e+00 7.7189e+02  0.0413330    19.2281 258.496039     1.8168      2.407    -2.2224    289.453     5.8109 -9.990e-29
      2.361    19.1212 255.440018     0.0354 1.1329e+02     0.8336    81.1891 1.0403e+00 7.7189e+02  0.0413330    19.2315 258.404748     1.8168      2.408    -2.1524    289.445     5.8111 -9.990e-29
      2.361    19.1287 255.427973     0.0183 1.1522e+02     0.8336    81.1891 1.0147e+00 7.7189e+02  0.0417488    19.2348 258.465605     1.8156      2.408    -2.2270    289.382     5.8055 -9.990e-29
      2.360    19.1363 255.379810     0.0354 1.1751e+02     0.8361    81.1368 9.4139e-01 7.7189e+02  0.0413330    19.2400 258.343881     1.8144      2.407    -2.1497    289.278     5.7999 -9.990e-29
      2.358    19.1445 255.403882     0.0195 1.1818e+02     0.8374    81.1107 8.8645e-01 7.7189e+02  0.0413330    19.2444 258.404737     1.8144      2.404    -2.2212    289.252     5.7998 -9.990e-29
      2.357    19.1519 255.403875     0.0342 1.2019e+02     0.8374    81.1107 8.9744e-01 7.7189e+02  0.0413330    19.2486 258.435162     1.8132      2.403    -2.1527    289.203     5.7944 -9.990e-29
      2.355    19.1576 255.403871     0.0208 1.2397e+02     0.8374    81.1107 9.5604e-01 7.7189e+02  0.0413330    19.2520 258.374301     1.8120      2.401    -2.2151    289.166     5.7892 -9.990e-29
      2.354    19.1621 255.439983     0.0330 1.2502e+02     0.8361    81.1368 9.5604e-01 7.7189e+02  0.0417488    19.2545 258.313438     1.8120      2.400    -2.1567    289.177     5.7892 -9.990e-29
      2.352    19.1658 255.367748     0.0244 1.2572e+02     0.8374    81.1107 9.6703e-01 7.7189e+02  0.0413330    19.2562 258.222150     1.8107      2.398    -2.1998    289.071     5.7836 -9.990e-29
      2.350    19.1682 255.427939     0.0293 1.2750e+02     0.8361    81.1368 9.9267e-01 7.7189e+02  0.0413330    19.2573 258.222147     1.8107      2.396    -2.1729    289.124     5.7844 -9.990e-29
      2.347    19.1693 255.488134     0.0269 1.2822e+02     0.8374    81.1107 9.7070e-01 7.7189e+02  0.0413330    19.2580 258.222148     1.8095      2.393    -2.1892    289.184     5.7794 -9.990e-29
      2.343    19.1679 255.427939     0.0256 1.2786e+02     0.8374    81.1107 9.1575e-01 7.7189e+02  0.0413330    19.2583 258.161288     1.8083      2.389    -2.1898    289.126     5.7751 -9.990e-29
      2.338    19.1648 255.439981     0.0293 1.2786e+02     0.8361    81.1368 8.6081e-01 7.7189e+02  0.0413330    19.2583 258.161288     1.8083      2.384    -2.1787    289.159     5.7757 -9.990e-29
      2.334    19.1597 255.488141     0.0232 1.2822e+02     0.8361    81.1368 8.3516e-01 7.7189e+02  0.0413330    19.2582 258.161288     1.8071      2.380    -2.2012    289.247     5.7711 -9.990e-29
      2.330    19.1545 255.439989     0.0317 1.2786e+02     0.8374    81.1107 8.3883e-01 7.7386e+02  0.0413330    19.2545 258.100432     1.8071      2.376    -2.1680    289.227     5.7723 -9.990e-29
      2.326    19.1491 255.500188     0.0195 1.2822e+02     0.8374    81.1107 8.0952e-01 7.7386e+02  0.0413330    19.2394 258.130874     1.8059      2.372    -2.2185    289.330     5.7691 -9.990e-29
      2.322    19.1402 255.476118     0.0342 1.2822e+02     0.8374    81.1107 7.8755e-01 7.7189e+02  0.0417488    19.2208 258.100460     1.8059      2.368    -2.1558    289.362     5.7723 -9.990e-29
      2.317    19.1235 255.536327     0.0183 1.2822e+02     0.8361    81.1368 8.3883e-01 7.7189e+02  0.0413330    19.2060 258.009185     1.8046      2.363    -2.2254    289.539     5.7687 -9.990e-29
      2.314    19.1032 255.512263     0.0354 1.2750e+02     0.8374    81.1107 8.4982e-01 7.7189e+02  0.0413330    19.1936 258.070051     1.8034      2.360    -2.1505    289.645     5.7654 -9.990e-29
      2.311    19.0817 255.536363     0.0183 1.2715e+02     0.8374    81.1107 8.2051e-01 7.7386e+02  0.0413330    19.1811 258.130924     1.8034      2.357    -2.2280    289.814     5.7677 -9.990e-29
      2.308    19.0607 255.488223     0.0354 1.2715e+02     0.8374    81.1107 8.0220e-01 7.7386e+02  0.0417488    19.1711 258.039643     1.8022      2.354    -2.1515    289.897     5.7642 -9.990e-29
      2.302    19.0419 255.548432     0.0195 1.2537e+02     0.8361    81.1368 8.3516e-01 7.7386e+02  0.0413330    19.1591 258.070081     1.8022      2.347    -2.2256    290.090     5.7664 -9.990e-29
      2.297    19.0228 255.560488     0.0342 1.2432e+02     0.8387    81.0845 8.6081e-01 7.7386e+02  0.0413330    19.1397 258.100528     1.8010      2.342    -2.1581    290.229     5.7645 -9.990e-29
      2.292    19.0045 255.572541     0.0220 1.2397e+02     0.8361    81.1368 8.4249e-01 7.7386e+02  0.0413330    19.1184 258.100545     1.8010      2.337    -2.2180    290.364     5.7680 -9.990e-29
      2.288    18.9881 255.584594     0.0305 1.2019e+02     0.8387    81.0845 8.1685e-01 7.7386e+02  0.0417488    19.1034 257.978840     1.7998      2.333    -2.1765    290.486     5.7652 -9.990e-29
      2.284    18.9743 255.584607     0.0256 1.1718e+02     0.8361    81.1368 8.3150e-01 7.7386e+02  0.0413330    19.0925 258.039709     1.7998      2.329    -2.2044    290.577     5.7671 -9.990e-29
      2.279    18.9624 255.620732     0.0281 1.1620e+02     0.8374    81.1107 8.5714e-01 7.7386e+02  0.0417488    19.0796 258.131006     1.7985      2.324    -2.1883    290.696     5.7637 -9.990e-29
