data/05_metadata_exports/SeabirdData/202310_SeabirdData/88791_STN27-DAY.cnv
* Sea-Bird SBE 9 Data File:
* FileName = C:\Users\rosette\Rosette Data\2023\Ontario lower food web csmi\STN27-DAY.hex
* Software Version Seasave V 7.26.6.26
* Temperature SN = 5270
* Conductivity SN = 1168
* Number of Bytes Per Scan = 40
* Number of Voltage Words = 5
* Number of Scans Averaged by the Deck Unit = 1
* NMEA Latitude = 43 41.37 N
* NMEA Longitude = 078 49.72 W
* NMEA UTC (Time) = Sep 27 2023  12:02:37
* NMEA baud rate = 4800
** Ship: Lake Guardian
** Cruise: Ontario Lower Food Web 2023
** Station:  STN27-DAY
# nquan = 18                                
# nvalues = 18277                       
# units = specified
# name 0 = prDM: Pressure, Digiquartz [db]
# name 1 = t090C: Temperature [ITS-90, deg C]
# name 2 = c0uS/cm: Conductivity [uS/cm]
# name 3 = sbeox0V: Oxygen raw, SBE 43 [V]
# name 4 = par: PAR/Irradiance, Biospherical/Licor
# name 5 = bat: Beam Attenuation, Chelsea/Seatech [1/m]
# name 6 = xmiss: Beam Transmission, Chelsea/Seatech [%]
# name 7 = flSP: Fluorescence, Seapoint
# name 8 = spar: SPAR, Biospherical/Licor
# name 9 = upoly0: Upoly 0, Suna Nitrate
# name 10 = t190C: Temperature, 2 [ITS-90, deg C]
# name 11 = c1uS/cm: Conductivity, 2 [uS/cm]
# name 12 = sbeox1V: Oxygen raw, SBE 43, 2 [V]
# name 13 = depFM: Depth [fresh water, m], lat = 43.6895
# name 14 = sbeox0Mg/L: Oxygen, SBE 43 [mg/l], WS = 2
# name 15 = specc: Specific Conductance [uS/cm]
# name 16 = sbeox1Mg/L: Oxygen, SBE 43, 2 [mg/l], WS = 2
# name 17 = flag: flag
# span 0 =      0.030,    100.087       
# span 1 =   -63.7957,    19.2807       
# span 2 = -3.508e+03, 339.855594       
# span 3 =     0.0000,     0.0366       
# span 4 = 1.0000e-12, 1.8862e+03       
# span 5 =     0.2122,     3.1011       
# span 6 =    46.0577,    94.8339       
# span 7 = 0.0000e+00, 3.3846e+00       
# span 8 = 4.1154e+02, 9.8849e+02       
# span 9 =  0.0413330,  0.0629524       
# span 10 =     4.1188,    19.2901      
# span 11 =   8.158072, 264.005061      
# span 12 =     1.7839,     2.8901      
# span 13 =      0.031,    102.060      
# span 14 =    -3.3266,   103.4619      
# span 15 =  -4486.337,    955.981      
# span 16 =     5.7389,    12.7200      
# span 17 = 0.0000e+00, 0.0000e+00      
# interval = seconds: 0.0416667
# start_time = Sep 27 2023 12:02:37 [NMEA time, header]
# bad_flag = -9.990e-29
*END*
[from data line 18011]
      4.271    19.2714 262.292761     0.0293 6.3976e+01     0.8284    81.2937 8.8645e-01 9.8259e+02  0.0533900    19.2700 263.365381     2.5385      4.355    -2.1725    296.202     9.1867 0.0000e+00
      4.261    19.2714 262.292761     0.0183 6.4157e+01     0.8271    81.3198 9.2674e-01 9.8259e+02  0.0538058    19.2704 263.334944     2.5385      4.345    -2.2203    296.202     9.1866 0.0000e+00
      4.252    19.2712 262.353001     0.0342 6.4519e+01     0.8271    81.3198 9.7436e-01 9.8259e+02  0.0542215    19.2705 263.334943     2.5385      4.336    -2.1510    296.271     9.1866 0.0000e+00
      4.243    19.2712 262.304809     0.0159 6.4701e+01     0.8271    81.3198 1.0293e+00 9.8259e+02  0.0538058    19.2712 263.274070     2.5385      4.327    -2.2321    296.217     9.1866 0.0000e+00
      4.235    19.2710 262.292760     0.0342 6.4883e+01     0.8271    81.3198 1.0806e+00 9.8455e+02  0.0529742    19.2707 263.304506     2.5385      4.318    -2.1506    296.204     9.1868 0.0000e+00
      4.226    19.2709 262.304808     0.0195 6.5066e+01     0.8271    81.3198 1.1282e+00 9.8259e+02  0.0533900    19.2700 263.426253     2.5385      4.309    -2.2168    296.219     9.1871 0.0000e+00
      4.217    19.2708 262.268665     0.0293 6.5250e+01     0.8284    81.2937 1.1355e+00 9.8259e+02  0.0538058    19.2695 263.395818     2.5372      4.300    -2.1712    296.179     9.1815 0.0000e+00
      4.207    19.2705 262.232517     0.0269 6.5434e+01     0.8284    81.2937 1.0769e+00 9.8259e+02  0.0538058    19.2686 263.304506     2.5372      4.290    -2.1831    296.140     9.1819 0.0000e+00
      4.198    19.2719 262.316856     0.0220 6.5803e+01     0.8271    81.3198 1.0110e+00 9.8259e+02  0.0533900    19.2683 263.304508     2.5372      4.281    -2.2033    296.226     9.1818 0.0000e+00
      4.188    19.2729 262.304806     0.0317 6.5803e+01     0.8284    81.2937 1.0183e+00 9.8259e+02  0.0533900    19.2684 263.365381     2.5372      4.271    -2.1616    296.205     9.1821 0.0000e+00
      4.177    19.2731 262.304805     0.0159 6.5989e+01     0.8271    81.3198 1.0110e+00 9.8455e+02  0.0538058    19.2677 263.334944     2.5372      4.259    -2.2315    296.204     9.1822 0.0000e+00
      4.166    19.2728 262.316853     0.0342 6.6362e+01     0.8284    81.2937 9.5604e-01 9.8455e+02  0.0538058    19.2674 263.334944     2.5372      4.248    -2.1511    296.220     9.1827 0.0000e+00
      4.154    19.2722 262.268660     0.0171 6.6549e+01     0.8271    81.3198 9.1575e-01 9.8455e+02  0.0533900    19.2671 263.334944     2.5372      4.236    -2.2276    296.169     9.1832 0.0000e+00
      4.143    19.2719 262.280709     0.0330 6.6549e+01     0.8284    81.2937 9.0842e-01 9.8455e+02  0.0538058    19.2667 263.274071     2.5372      4.225    -2.1561    296.185     9.1838 0.0000e+00
      4.131    19.2712 262.244565     0.0232 6.6925e+01     0.8271    81.3198 8.9744e-01 9.8455e+02  0.0538058    19.2677 263.426254     2.5372      4.212    -2.2001    296.149     9.1841 0.0000e+00
      4.117    19.2714 262.268660     0.0256 6.7113e+01     0.8284    81.2937 8.7179e-01 9.8455e+02  0.0533900    19.2690 263.304504     2.5372      4.198    -2.1879    296.175     9.1844 0.0000e+00
      4.105    19.2707 262.244564     0.0293 6.7113e+01     0.8284    81.2937 8.6447e-01 9.8455e+02  0.0529742    19.2690 263.334941     2.5372      4.186    -2.1725    296.152     9.1850 0.0000e+00
      4.093    19.2712 262.244562     0.0183 6.7874e+01     0.8271    81.3198 8.9011e-01 9.8455e+02  0.0533900    19.2691 263.487124     2.5372      4.174    -2.2211    296.149     9.1852 0.0000e+00
      4.082    19.2714 262.268661     0.0342 6.8257e+01     0.8258    81.3459 8.7912e-01 9.8455e+02  0.0533900    19.2698 263.365378     2.5372      4.162    -2.1510    296.175     9.1853 0.0000e+00
      4.069    19.2714 262.304803     0.0159 6.8065e+01     0.8246    81.3721 8.3883e-01 9.8455e+02  0.0533900    19.2711 263.334938     2.5372      4.149    -2.2328    296.215     9.1857 0.0000e+00
      4.056    19.2717 262.244562     0.0342 6.8836e+01     0.8246    81.3721 8.3883e-01 9.8455e+02  0.0533900    19.2719 263.395811     2.5372      4.136    -2.1513    296.145     9.1863 0.0000e+00
      4.043    19.2716 262.268658     0.0195 6.9420e+01     0.8246    81.3721 8.2784e-01 9.8455e+02  0.0533900    19.2714 263.517558     2.5372      4.123    -2.2170    296.173     9.1867 0.0000e+00
      4.029    19.2715 262.244562     0.0293 6.9420e+01     0.8246    81.3721 8.2784e-01 9.8455e+02  0.0533900    19.2707 263.365375     2.5372      4.108    -2.1722    296.147     9.1872 0.0000e+00
      4.014    19.2715 262.292755     0.0256 7.0009e+01     0.8246    81.3721 8.5714e-01 9.8455e+02  0.0538058    19.2704 263.274065     2.5372      4.093    -2.1889    296.201     9.1876 0.0000e+00
      3.998    19.2717 262.316850     0.0220 7.0802e+01     0.8246    81.3721 8.4982e-01 9.8455e+02  0.0538058    19.2700 263.426247     2.5372      4.077    -2.2042    296.227     9.1880 0.0000e+00
      3.981    19.2719 262.196367     0.0317 7.0802e+01     0.8246    81.3721 8.3516e-01 9.8455e+02  0.0538058    19.2704 263.487121     2.5372      4.059    -2.1617    296.090     9.1883 0.0000e+00
      3.965    19.2723 262.256608     0.0159 7.1402e+01     0.8246    81.3721 8.2051e-01 9.8455e+02  0.0538058    19.2688 263.395812     2.5372      4.043    -2.2320    296.155     9.1890 0.0000e+00
      3.948    19.2719 262.304800     0.0354 7.2211e+01     0.8246    81.3721 8.1685e-01 9.8259e+02  0.0533900    19.2681 263.334937     2.5372      4.026    -2.1455    296.212     9.1896 0.0000e+00
      3.931    19.2719 262.340945     0.0171 7.2415e+01     0.8246    81.3721 8.3516e-01 9.8259e+02  0.0533900    19.2674 263.395812     2.5372      4.009    -2.2273    296.253     9.1901 0.0000e+00
      3.915    19.2717 262.304800     0.0330 7.3029e+01     0.8246    81.3721 8.4982e-01 9.8259e+02  0.0538058    19.2693 263.395810     2.5372      3.992    -2.1561    296.213     9.1902 0.0000e+00
      3.898    19.2715 262.292751     0.0232 7.3856e+01     0.8246    81.3721 8.6813e-01 9.8062e+02  0.0538058    19.2709 263.395807     2.5372      3.975    -2.1997    296.201     9.1904 0.0000e+00
      3.882    19.2714 262.292751     0.0256 7.4064e+01     0.8258    81.3459 8.7546e-01 9.8062e+02  0.0533900    19.2711 263.304497     2.5372      3.959    -2.1886    296.202     9.1904 0.0000e+00
      3.865    19.2709 262.280703     0.0293 7.4483e+01     0.8258    81.3459 8.9011e-01 9.8062e+02  0.0533900    19.2700 263.365371     2.5360      3.941    -2.1720    296.192     9.1851 0.0000e+00
      3.848    19.2703 262.304800     0.0183 7.5326e+01     0.8258    81.3459 9.2308e-01 9.8062e+02  0.0533900    19.2700 263.456682     2.5372      3.924    -2.2210    296.223     9.1906 0.0000e+00
      3.830    19.2700 262.220461     0.0330 7.5752e+01     0.8246    81.3721 9.0476e-01 9.8062e+02  0.0533900    19.2686 263.365371     2.5360      3.906    -2.1559    296.130     9.1854 0.0000e+00
      3.811    19.2696 262.220461     0.0147 7.5965e+01     0.8233    81.3982 8.6447e-01 9.8062e+02  0.0533900    19.2683 263.487118     2.5372      3.886    -2.2380    296.132     9.1910 0.0000e+00
      3.793    19.2691 262.232510     0.0342 7.6609e+01     0.8258    81.3459 8.2051e-01 9.8062e+02  0.0533900    19.2683 263.426245     2.5372      3.868    -2.1515    296.149     9.1910 0.0000e+00
      3.774    19.2688 262.244557     0.0195 7.7042e+01     0.8258    81.3459 7.7656e-01 9.8062e+02  0.0533900    19.2676 263.456681     2.5372      3.848    -2.2169    296.165     9.1911 0.0000e+00
      3.755    19.2687 262.292750     0.0305 7.7042e+01     0.8297    81.2675 7.6923e-01 9.8062e+02  0.0538058    19.2674 263.395807     2.5372      3.829    -2.1675    296.220     9.1912 0.0000e+00
      3.736    19.2682 262.244557     0.0256 7.7477e+01     0.8297    81.2675 7.9487e-01 9.8062e+02  0.0538058    19.2671 263.456681     2.5372      3.810    -2.1888    296.169     9.1912 0.0000e+00
      3.717    19.2681 262.268653     0.0220 7.7695e+01     0.8297    81.2675 8.0586e-01 9.8062e+02  0.0538058    19.2671 263.517554     2.5372      3.790    -2.2048    296.197     9.1913 0.0000e+00
      3.697    19.2677 262.244557     0.0305 7.7915e+01     0.8297    81.2675 8.2418e-01 9.8062e+02  0.0538058    19.2665 263.456681     2.5372      3.770    -2.1665    296.172     9.1918 0.0000e+00
      3.677    19.2675 262.268652     0.0171 7.8354e+01     0.8310    81.2414 8.0586e-01 9.8062e+02  0.0538058    19.2664 263.517553     2.5372      3.749    -2.2269    296.201     9.1923 0.0000e+00
      3.659    19.2672 262.304797     0.0342 7.8797e+01     0.8297    81.2675 7.8022e-01 9.7865e+02  0.0533900    19.2677 263.487114     2.5372      3.731    -2.1507    296.243     9.1925 0.0000e+00
      3.640    19.2673 262.316847     0.0159 7.8797e+01     0.8310    81.2414 7.7289e-01 9.7865e+02  0.0533900    19.2677 263.487116     2.5372      3.712    -2.2324    296.256     9.1929 0.0000e+00
      3.620    19.2675 262.268650     0.0330 7.9242e+01     0.8310    81.2414 7.8388e-01 9.7865e+02  0.0542215    19.2674 263.487113     2.5372      3.691    -2.1566    296.201     9.1934 0.0000e+00
      3.600    19.2672 262.256602     0.0220 7.9914e+01     0.8310    81.2414 8.0220e-01 9.7865e+02  0.0538058    19.2667 263.395803     2.5372      3.671    -2.2050    296.189     9.1939 0.0000e+00
      3.582    19.2675 262.292747     0.0281 7.9914e+01     0.8310    81.2414 7.9487e-01 9.7865e+02  0.0533900    19.2662 263.395804     2.5372      3.653    -2.1782    296.228     9.1943 0.0000e+00
      3.563    19.2679 262.292746     0.0281 8.0365e+01     0.8310    81.2414 7.7289e-01 9.7865e+02  0.0538058    19.2658 263.456678     2.5372      3.633    -2.1772    296.225     9.1948 0.0000e+00
      3.543    19.2682 262.304793     0.0195 8.1047e+01     0.8310    81.2414 7.4359e-01 9.7865e+02  0.0542215    19.2655 263.304493     2.5372      3.613    -2.2162    296.237     9.1951 0.0000e+00
      3.523    19.2686 262.292745     0.0330 8.1275e+01     0.8310    81.2414 7.5458e-01 9.7865e+02  0.0542215    19.2651 263.426241     2.5372      3.592    -2.1556    296.221     9.1955 0.0000e+00
      3.504    19.2685 262.292743     0.0159 8.1504e+01     0.8310    81.2414 7.6557e-01 9.7865e+02  0.0533900    19.2648 263.395802     2.5372      3.573    -2.2324    296.221     9.1958 0.0000e+00
      3.485    19.2686 262.232502     0.0342 8.2196e+01     0.8310    81.2414 7.8022e-01 9.7865e+02  0.0533900    19.2651 263.334928     2.5372      3.554    -2.1508    296.152     9.1961 0.0000e+00
      3.467    19.2684 262.244550     0.0183 8.2427e+01     0.8310    81.2414 7.6557e-01 9.7865e+02  0.0533900    19.2643 263.334929     2.5372      3.535    -2.2215    296.167     9.1965 0.0000e+00
      3.450    19.2683 262.292743     0.0317 8.2660e+01     0.8310    81.2414 8.1685e-01 9.7865e+02  0.0533900    19.2646 263.274056     2.5372      3.518    -2.1621    296.223     9.1966 0.0000e+00
      3.431    19.2679 262.292742     0.0232 8.3596e+01     0.8297    81.2675 9.9634e-01 9.7865e+02  0.0533900    19.2648 263.426238     2.5372      3.499    -2.1986    296.225     9.1968 0.0000e+00
      3.413    19.2677 262.304791     0.0244 8.4068e+01     0.8297    81.2675 1.1172e+00 9.7865e+02  0.0533900    19.2643 263.395801     2.5372      3.480    -2.1940    296.240     9.1971 0.0000e+00
      3.396    19.2674 262.268644     0.0293 8.4068e+01     0.8297    81.2675 1.0623e+00 9.7865e+02  0.0533900    19.2644 263.334926     2.5372      3.463    -2.1709    296.201     9.1968 0.0000e+00
      3.379    19.2673 262.280694     0.0183 8.4781e+01     0.8310    81.2414 9.6337e-01 9.8062e+02  0.0538058    19.2643 263.395801     2.5372      3.446    -2.2209    296.216     9.1969 0.0000e+00
      3.362    19.2672 262.280693     0.0330 8.5020e+01     0.8297    81.2675 9.2308e-01 9.8062e+02  0.0542215    19.2641 263.456673     2.5372      3.428    -2.1550    296.216     9.1966 0.0000e+00
      3.345    19.2671 262.280692     0.0159 8.5259e+01     0.8310    81.2414 8.9377e-01 9.7865e+02  0.0533900    19.2643 263.395799     2.5372      3.411    -2.2322    296.217     9.1971 0.0000e+00
      3.329    19.2668 262.304790     0.0342 8.5982e+01     0.8310    81.2414 8.4615e-01 9.7865e+02  0.0533900    19.2646 263.395799     2.5372      3.395    -2.1510    296.246     9.1975 0.0000e+00
      3.313    19.2672 262.244547     0.0195 8.6225e+01     0.8310    81.2414 8.2784e-01 9.7865e+02  0.0533900    19.2639 263.395799     2.5372      3.378    -2.2155    296.175     9.1976 0.0000e+00
      3.297    19.2667 262.292739     0.0293 8.6225e+01     0.8284    81.2937 8.2784e-01 9.7865e+02  0.0538058    19.2637 263.456671     2.5372      3.362    -2.1726    296.233     9.1977 0.0000e+00
      3.283    19.2668 262.292740     0.0256 8.6956e+01     0.8297    81.2675 8.3150e-01 9.7865e+02  0.0538058    19.2641 263.487109     2.5372      3.348    -2.1874    296.233     9.1976 0.0000e+00
      3.270    19.2665 262.280692     0.0232 8.7447e+01     0.8297    81.2675 8.7546e-01 9.7865e+02  0.0538058    19.2639 263.487109     2.5385      3.334    -2.1996    296.221     9.2035 0.0000e+00
      3.255    19.2665 262.328884     0.0305 8.7447e+01     0.8297    81.2675 9.4139e-01 9.7865e+02  0.0533900    19.2636 263.395798     2.5385      3.319    -2.1658    296.275     9.2034 0.0000e+00
      3.240    19.2663 262.304788     0.0171 8.8437e+01     0.8297    81.2675 9.5238e-01 9.7668e+02  0.0533900    19.2636 263.456671     2.5385      3.304    -2.2266    296.250     9.2033 0.0000e+00
      3.225    19.2662 262.292738     0.0342 8.9438e+01     0.8297    81.2675 8.8645e-01 9.7668e+02  0.0533900    19.2643 263.487106     2.5385      3.289    -2.1500    296.237     9.2031 0.0000e+00
      3.213    19.2661 262.304787     0.0159 8.9691e+01     0.8297    81.2675 8.4249e-01 9.7668e+02  0.0538058    19.2639 263.487107     2.5385      3.276    -2.2317    296.251     9.2031 0.0000e+00
      3.200    19.2659 262.292740     0.0330 9.0962e+01     0.8310    81.2414 9.2674e-01 9.7865e+02  0.0538058    19.2641 263.365360     2.5385      3.263    -2.1563    296.239     9.2029 0.0000e+00
      3.186    19.2658 262.256593     0.0208 9.2772e+01     0.8297    81.2675 9.4505e-01 9.7865e+02  0.0533900    19.2634 263.334923     2.5385      3.249    -2.2090    296.198     9.2028 0.0000e+00
      3.172    19.2658 262.256592     0.0281 9.3033e+01     0.8297    81.2675 8.7912e-01 9.8062e+02  0.0529742    19.2637 263.365358     2.5385      3.235    -2.1776    296.198     9.2026 0.0000e+00
      3.160    19.2656 262.280690     0.0269 9.4087e+01     0.8297    81.2675 8.3516e-01 9.8062e+02  0.0533900    19.2632 263.395796     2.5385      3.222    -2.1805    296.227     9.2029 0.0000e+00
      3.148    19.2655 262.256592     0.0208 9.5420e+01     0.8297    81.2675 8.4982e-01 9.8062e+02  0.0542215    19.2632 263.456669     2.5385      3.210    -2.2095    296.200     9.2027 0.0000e+00
      3.137    19.2654 262.256592     0.0330 9.5959e+01     0.8297    81.2675 8.4249e-01 9.8062e+02  0.0538058    19.2636 263.426231     2.5385      3.199    -2.1536    296.201     9.2019 0.0000e+00
      3.126    19.2652 262.328882     0.0159 9.6229e+01     0.8297    81.2675 8.5348e-01 9.8062e+02  0.0529742    19.2630 263.456669     2.5385      3.188    -2.2312    296.284     9.2017 0.0000e+00
      3.116    19.2651 262.304785     0.0342 9.7319e+01     0.8297    81.2675 8.4615e-01 9.8259e+02  0.0533900    19.2632 263.365357     2.5385      3.177    -2.1497    296.258     9.2014 0.0000e+00
      3.106    19.2652 262.292737     0.0171 9.7593e+01     0.8348    81.1630 8.0586e-01 9.8259e+02  0.0538058    19.2629 263.426232     2.5385      3.167    -2.2253    296.243     9.2012 0.0000e+00
