data/05_metadata_exports/SeabirdData/202310_SeabirdData/88805_STN33-DAY,2.cnv
* Sea-Bird SBE 9 Data File:
* FileName = C:\Users\rosette\Rosette Data\2023\Ontario lower food web csmi\STN33-DAY,2.hex
* Software Version Seasave V 7.26.6.26
* Temperature SN = 5270
* Conductivity SN = 1168
* Number of Bytes Per Scan = 40
* Number of Voltage Words = 5
* Number of Scans Averaged by the Deck Unit = 1
* NMEA Latitude = 43 35.49 N
* NMEA Longitude = 078 49.15 W
* NMEA UTC (Time) = Sep 27 2023  13:51:34
* NMEA baud rate = 4800
** Ship: Lake Guardian
** Cruise: Ontario Lower Food Web 2023
** Station:  STN33-DAY,2
# nquan = 18                                
# nvalues = 6892                        
# units = specified
# name 0 = prDM: Pressure, Digiquartz [db]
# name 1 = t090C: Temperature [ITS-90, deg C]
# name 2 = c0uS/cm: Conductivity [uS/cm]
# name 3 = sbeox0V: Oxygen raw, SBE 43 [V]
# name 4 = par: PAR/Irradiance, Biospherical/Licor
# name 5 = bat: Beam Attenuation, Chelsea/Seatech [1/m]
# name 6 = xmiss: Beam Transmission, Chelsea/Seatech [%]
# name 7 = flSP: Fluorescence, Seapoint
# name 8 = spar: SPAR, Biospherical/Licor
# name 9 = upoly0: Upoly 0, Suna Nitrate
# name 10 = t190C: Temperature, 2 [ITS-90, deg C]
# name 11 = c1uS/cm: Conductivity, 2 [uS/cm]
# name 12 = sbeox1V: Oxygen raw, SBE 43, 2 [V]
# name 13 = depFM: Depth [fresh water, m], lat = 43.5915
# name 14 = sbeox0Mg/L: Oxygen, SBE 43 [mg/l], WS = 2
# name 15 = specc: Specific Conductance [uS/cm]
# name 16 = sbeox1Mg/L: Oxygen, SBE 43, 2 [mg/l], WS = 2
# name 17 = flag: flag
# span 0 =      0.087,      5.242       
# span 1 =   -98.9762,    99.0000       
# span 2 =  15.521329, 278.578539       
# span 3 =     0.0171,     0.0354       
# span 4 = 2.3346e+02, 5.0319e+03       
# span 5 =     0.2532,     8.9824       
# span 6 =    10.5865,    93.8667       
# span 7 = 3.6630e-03, 3.0220e+00       
# span 8 = 1.4374e+03, 1.5930e+03       
# span 9 =  0.0413330,  0.0629524       
# span 10 =    13.0043,    19.1556      
# span 11 =   4.549360, 267.018223      
# span 12 =     1.8632,     2.9841      
# span 13 =      0.089,      5.345      
# span 14 =   -13.1719,   249.0871      
# span 15 =   -696.715,   1305.597      
# span 16 =     6.1677,    11.6558      
# span 17 = 0.0000e+00, 0.0000e+00      
# interval = seconds: 0.0416667
# start_time = Sep 27 2023 13:51:34 [NMEA time, header]
# bad_flag = -9.990e-29
*END*
[from data line 2413]
      2.531    19.1365 261.762721     0.0220 1.0048e+03     1.1302    75.3861 5.8974e-01 1.5536e+03  0.0413330    18.3010 255.545318     1.9646      2.581    -2.2079    296.507     6.6510 -9.990e-29
      2.532    19.1365 261.762721     0.0330 1.1024e+03     1.1288    75.4123 5.8608e-01 1.5536e+03  0.0413330    18.2199 255.454108     1.9634      2.582    -2.1612    296.507     6.6554 -9.990e-29
      2.532    19.1368 261.702483     0.0183 1.1662e+03     1.1302    75.3861 5.7143e-01 1.5536e+03  0.0413330    18.1362 255.515029     1.9634      2.582    -2.2244    296.437     6.6657 -9.990e-29
      2.533    19.1372 261.678388     0.0342 1.1728e+03     1.1302    75.3861 5.6777e-01 1.5517e+03  0.0413330    18.0579 255.636797     1.9621      2.583    -2.1551    296.407     6.6687 -9.990e-29
      2.533    19.1374 261.678388     0.0171 1.0901e+03     1.1288    75.4123 5.6410e-01 1.5536e+03  0.0413330    17.9879 255.697708     1.9621      2.583    -2.2306    296.405     6.6766 -9.990e-29
      2.533    19.1375 261.569961     0.0342 1.0276e+03     1.1288    75.4123 5.6044e-01 1.5536e+03  0.0413330    17.9239 255.515205     1.9621      2.583    -2.1539    296.282     6.6835 -9.990e-29
      2.533    19.1374 261.497677     0.0183 1.0190e+03     1.1288    75.4123 5.6044e-01 1.5517e+03  0.0413330    17.8646 255.393552     1.9609      2.583    -2.2261    296.201     6.6842 -9.990e-29
      2.532    19.1377 261.401300     0.0342 9.9632e+02     1.1302    75.3861 5.7875e-01 1.5536e+03  0.0417488    17.8114 255.484873     1.9609      2.582    -2.1531    296.089     6.6895 -9.990e-29
      2.532    19.1377 261.341064     0.0220 9.6597e+02     1.1302    75.3861 6.8132e-01 1.5517e+03  0.0413330    17.7655 255.576189     1.9597      2.582    -2.2103    296.021     6.6886 -9.990e-29
      2.532    19.1375 261.341065     0.0317 9.6056e+02     1.1302    75.3861 7.1062e-01 1.5517e+03  0.0417488    17.7266 255.515369     1.9597      2.582    -2.1639    296.023     6.6919 -9.990e-29
      2.532    19.1378 261.292876     0.0256 9.3655e+02     1.1302    75.3861 6.7033e-01 1.5536e+03  0.0413330    17.6953 255.332841     1.9585      2.582    -2.1946    295.966     6.6885 -9.990e-29
      2.533    19.1374 261.184455     0.0281 9.0040e+02     1.1302    75.3861 6.4103e-01 1.5536e+03  0.0417488    17.6707 255.393713     1.9585      2.583    -2.1804    295.846     6.6902 -9.990e-29
      2.533    19.1377 261.076035     0.0293 8.9033e+02     1.1302    75.3861 6.2271e-01 1.5536e+03  0.0413330    17.6536 255.454579     1.9573      2.583    -2.1790    295.721     6.6853 -9.990e-29
      2.533    19.1375 261.015801     0.0232 9.1572e+02     1.1302    75.3861 6.3004e-01 1.5536e+03  0.0413330    17.6429 255.393736     1.9573      2.583    -2.2027    295.654     6.6846 -9.990e-29
      2.532    19.1375 260.955568     0.0317 9.7690e+02     1.1316    75.3600 6.2637e-01 1.5536e+03  0.0413330    17.6362 255.485018     1.9560      2.582    -2.1679    295.586     6.6772 -9.990e-29
      2.532    19.1374 260.919429     0.0195 9.9632e+02     1.1357    75.2816 6.1538e-01 1.5536e+03  0.0413330    17.6338 255.424169     1.9560      2.582    -2.2197    295.546     6.6754 -9.990e-29
      2.531    19.1374 260.823058     0.0342 9.9632e+02     1.1385    75.2293 5.9341e-01 1.5536e+03  0.0413330    17.6355 255.302465     1.9548      2.581    -2.1561    295.436     6.6669 -9.990e-29
      2.531    19.1376 260.726688     0.0183 1.0048e+03     1.1385    75.2293 5.8974e-01 1.5536e+03  0.0413330    17.6357 255.302465     1.9548      2.581    -2.2259    295.326     6.6648 -9.990e-29
      2.531    19.1372 260.690550     0.0354 1.0076e+03     1.1385    75.2293 5.9341e-01 1.5536e+03  0.0413330    17.6348 255.241615     1.9536      2.581    -2.1505    295.288     6.6573 -9.990e-29
      2.532    19.1374 260.630318     0.0183 1.0019e+03     1.1385    75.2293 5.9341e-01 1.5536e+03  0.0413330    17.6334 255.241615     1.9536      2.582    -2.2272    295.218     6.6554 -9.990e-29
      2.533    19.1372 260.545999     0.0342 9.5249e+02     1.1385    75.2293 5.8608e-01 1.5536e+03  0.0413330    17.6331 255.180767     1.9536      2.583    -2.1551    295.124     6.6531 -9.990e-29
      2.533    19.1375 260.545997     0.0208 9.3392e+02     1.1371    75.2554 5.7509e-01 1.5536e+03  0.0413330    17.6336 255.180765     1.9524      2.583    -2.2172    295.122     6.6450 -9.990e-29
      2.531    19.1374 260.558043     0.0330 9.3130e+02     1.1399    75.2032 5.7509e-01 1.5536e+03  0.0417488    17.6338 255.211190     1.9512      2.581    -2.1600    295.136     6.6371 -9.990e-29
      2.530    19.1372 260.521906     0.0244 9.1830e+02     1.1399    75.2032 5.8242e-01 1.5536e+03  0.0413330    17.6338 255.119914     1.9512      2.580    -2.2015    295.097     6.6350 -9.990e-29
      2.529    19.1374 260.449630     0.0281 9.1059e+02     1.1371    75.2554 5.7875e-01 1.5536e+03  0.0413330    17.6329 255.180765     1.9499      2.579    -2.1814    295.013     6.6269 -9.990e-29
      2.528    19.1375 260.377356     0.0281 9.1059e+02     1.1399    75.2032 5.7143e-01 1.5536e+03  0.0413330    17.6320 255.180766     1.9499      2.578    -2.1845    294.931     6.6251 -9.990e-29
      2.527    19.1375 260.389401     0.0256 9.1830e+02     1.1385    75.2293 5.5678e-01 1.5536e+03  0.0417488    17.6304 255.180767     1.9487      2.577    -2.1921    294.945     6.6174 -9.990e-29
      2.526    19.1374 260.353264     0.0305 9.2348e+02     1.1385    75.2293 5.5678e-01 1.5536e+03  0.0413330    17.6276 255.211194     1.9475      2.576    -2.1738    294.904     6.6104 -9.990e-29
      2.527    19.1374 260.305082     0.0220 9.2348e+02     1.1385    75.2293 5.6777e-01 1.5517e+03  0.0413330    17.6250 255.180772     1.9463      2.577    -2.2090    294.850     6.6031 -9.990e-29
      2.528    19.1372 260.305082     0.0342 9.3392e+02     1.1385    75.2293 5.7875e-01 1.5517e+03  0.0413330    17.6232 255.089498     1.9463      2.578    -2.1573    294.851     6.6014 -9.990e-29
      2.529    19.1374 260.280991     0.0183 9.4183e+02     1.1385    75.2293 6.0073e-01 1.5517e+03  0.0413330    17.6224 255.180774     1.9451      2.579    -2.2268    294.822     6.5941 -9.990e-29
      2.530    19.1372 260.280991     0.0354 9.4449e+02     1.1385    75.2293 6.1538e-01 1.5517e+03  0.0413330    17.6234 255.119923     1.9438      2.580    -2.1521    294.824     6.5863 -9.990e-29
      2.530    19.1373 260.280991     0.0171 9.4715e+02     1.1385    75.2293 6.2271e-01 1.5517e+03  0.0413330    17.6243 255.150347     1.9438      2.580    -2.2334    294.823     6.5847 -9.990e-29
      2.531    19.1374 260.208718     0.0354 9.4981e+02     1.1385    75.2293 6.0806e-01 1.5517e+03  0.0417488    17.6257 254.998220     1.9426      2.581    -2.1510    294.741     6.5771 -9.990e-29
      2.532    19.1372 260.220763     0.0195 9.4981e+02     1.1385    75.2293 5.8242e-01 1.5517e+03  0.0413330    17.6265 255.028644     1.9414      2.582    -2.2236    294.756     6.5698 -9.990e-29
      2.532    19.1372 260.196673     0.0330 9.3655e+02     1.1385    75.2293 5.6044e-01 1.5517e+03  0.0417488    17.6276 255.150345     1.9414      2.582    -2.1610    294.728     6.5678 -9.990e-29
      2.532    19.1370 260.160536     0.0220 9.1315e+02     1.1385    75.2293 5.4945e-01 1.5517e+03  0.0413330    17.6278 255.272046     1.9402      2.582    -2.2128    294.689     6.5605 -9.990e-29
      2.532    19.1370 260.124400     0.0305 9.0548e+02     1.1385    75.2293 5.6777e-01 1.5517e+03  0.0413330    17.6277 255.119919     1.9389      2.582    -2.1713    294.648     6.5525 -9.990e-29
      2.532    19.1370 260.124400     0.0256 9.1572e+02     1.1385    75.2293 6.0440e-01 1.5517e+03  0.0413330    17.6281 255.028643     1.9377      2.582    -2.1967    294.648     6.5455 -9.990e-29
      2.532    19.1372 260.100309     0.0269 9.3919e+02     1.1385    75.2293 6.4469e-01 1.5517e+03  0.0413330    17.6281 255.059068     1.9365      2.582    -2.1873    294.619     6.5384 -9.990e-29
      2.532    19.1369 260.064174     0.0293 9.4715e+02     1.1371    75.2554 6.4835e-01 1.5517e+03  0.0413330    17.6284 255.180769     1.9353      2.582    -2.1801    294.580     6.5314 -9.990e-29
      2.532    19.1367 260.064174     0.0220 9.4981e+02     1.1385    75.2293 6.3004e-01 1.5517e+03  0.0413330    17.6284 255.180769     1.9353      2.582    -2.2092    294.582     6.5298 -9.990e-29
      2.532    19.1372 260.088265     0.0317 9.8241e+02     1.1371    75.2554 6.0073e-01 1.5517e+03  0.0413330    17.6284 254.998218     1.9341      2.582    -2.1686    294.605     6.5228 -9.990e-29
      2.532    19.1370 260.136444     0.0195 9.9352e+02     1.1371    75.2554 5.7875e-01 1.5497e+03  0.0413330    17.6278 255.150343     1.9328      2.582    -2.2208    294.661     6.5152 -9.990e-29
      2.534    19.1367 260.088264     0.0342 9.9632e+02     1.1385    75.2293 5.8608e-01 1.5497e+03  0.0413330    17.6277 255.059069     1.9316      2.584    -2.1568    294.609     6.5083 -9.990e-29
      2.536    19.1367 260.136447     0.0171 1.0048e+03     1.1371    75.2554 5.9707e-01 1.5497e+03  0.0413330    17.6276 255.059070     1.9304      2.586    -2.2323    294.663     6.5021 -9.990e-29
      2.536    19.1367 260.124400     0.0354 1.0104e+03     1.1385    75.2293 6.1172e-01 1.5517e+03  0.0413330    17.6274 255.089494     1.9304      2.586    -2.1507    294.650     6.5014 -9.990e-29
      2.536    19.1366 260.100310     0.0183 1.0133e+03     1.1385    75.2293 6.1172e-01 1.5517e+03  0.0413330    17.6274 255.089494     1.9292      2.586    -2.2274    294.623     6.4952 -9.990e-29
      2.536    19.1363 260.112355     0.0342 1.0599e+03     1.1385    75.2293 5.9341e-01 1.5517e+03  0.0417488    17.6279 255.028643     1.9280      2.586    -2.1545    294.639     6.4893 -9.990e-29
      2.536    19.1363 260.148491     0.0220 1.0901e+03     1.1385    75.2293 5.8608e-01 1.5517e+03  0.0413330    17.6287 255.059068     1.9267      2.586    -2.2113    294.680     6.4826 -9.990e-29
      2.537    19.1365 260.160537     0.0317 1.0932e+03     1.1385    75.2293 5.7509e-01 1.5517e+03  0.0413330    17.6298 255.089493     1.9255      2.587    -2.1649    294.692     6.4762 -9.990e-29
      2.537    19.1361 260.160537     0.0244 1.0392e+03     1.1385    75.2293 5.7509e-01 1.5497e+03  0.0413330    17.6307 255.089491     1.9255      2.587    -2.2003    294.695     6.4757 -9.990e-29
      2.538    19.1361 260.160536     0.0281 9.9073e+02     1.1385    75.2293 5.8608e-01 1.5497e+03  0.0413330    17.6320 255.089489     1.9243      2.588    -2.1802    294.695     6.4698 -9.990e-29
      2.541    19.1361 260.160539     0.0281 9.8517e+02     1.1385    75.2293 5.8974e-01 1.5497e+03  0.0413330    17.6327 255.150342     1.9231      2.591    -2.1837    294.695     6.4638 -9.990e-29
      2.544    19.1361 260.244855     0.0244 9.6326e+02     1.1385    75.2293 5.9341e-01 1.5497e+03  0.0413330    17.6336 255.180765     1.9219      2.594    -2.1967    294.790     6.4580 -9.990e-29
      2.546    19.1361 260.244855     0.0305 9.3655e+02     1.1385    75.2293 5.8608e-01 1.5497e+03  0.0413330    17.6346 254.937362     1.9219      2.596    -2.1730    294.790     6.4577 -9.990e-29
      2.548    19.1361 260.329176     0.0208 9.3130e+02     1.1399    75.2032 5.7509e-01 1.5497e+03  0.0413330    17.6351 255.150340     1.9206      2.598    -2.2135    294.886     6.4516 -9.990e-29
      2.549    19.1360 260.317129     0.0342 8.8285e+02     1.1399    75.2032 5.7875e-01 1.5497e+03  0.0413330    17.6357 255.241614     1.9194      2.599    -2.1564    294.873     6.4462 -9.990e-29
      2.549    19.1363 260.353265     0.0171 8.0916e+02     1.1385    75.2293 5.8974e-01 1.5477e+03  0.0413330    17.6362 255.119912     1.9182      2.599    -2.2312    294.912     6.4411 -9.990e-29
      2.551    19.1365 260.437585     0.0354 7.8894e+02     1.1399    75.2032 5.8974e-01 1.5477e+03  0.0413330    17.6371 255.089486     1.9170      2.601    -2.1503    295.006     6.4357 -9.990e-29
      2.552    19.1367 260.473724     0.0171 7.6922e+02     1.1385    75.2293 5.9341e-01 1.5477e+03  0.0413330    17.6371 255.180763     1.9158      2.602    -2.2323    295.045     6.4313 -9.990e-29
      2.553    19.1367 260.485768     0.0354 7.1902e+02     1.1399    75.2032 5.9707e-01 1.5477e+03  0.0413330    17.6372 255.059061     1.9145      2.603    -2.1498    295.059     6.4261 -9.990e-29
      2.555    19.1373 260.509860     0.0195 7.0303e+02     1.1385    75.2293 6.1538e-01 1.5458e+03  0.0413330    17.6377 255.211187     1.9145      2.605    -2.2223    295.082     6.4272 -9.990e-29
      2.557    19.1375 260.594183     0.0330 7.1098e+02     1.1399    75.2032 6.3004e-01 1.5477e+03  0.0413330    17.6376 255.211188     1.9133      2.607    -2.1596    295.177     6.4226 -9.990e-29
      2.560    19.1378 260.594181     0.0232 7.3745e+02     1.1385    75.2293 6.2271e-01 1.5477e+03  0.0417488    17.6379 255.180761     1.9121      2.610    -2.2061    295.175     6.4181 -9.990e-29
      2.561    19.1380 260.666459     0.0305 7.5000e+02     1.1399    75.2032 6.0440e-01 1.5477e+03  0.0413330    17.6381 255.211188     1.9109      2.611    -2.1699    295.255     6.4134 -9.990e-29
      2.563    19.1384 260.702595     0.0269 7.5423e+02     1.1385    75.2293 5.9707e-01 1.5477e+03  0.0413330    17.6381 255.393740     1.9096      2.614    -2.1894    295.293     6.4089 -9.990e-29
      2.564    19.1387 260.738735     0.0256 7.8672e+02     1.1385    75.2293 6.1172e-01 1.5497e+03  0.0413330    17.6386 255.363315     1.9084      2.615    -2.1917    295.332     6.4047 -9.990e-29
      2.565    19.1389 260.786918     0.0305 8.0236e+02     1.1385    75.2293 6.0440e-01 1.5497e+03  0.0417488    17.6419 255.424162     1.9072      2.616    -2.1733    295.385     6.4002 -9.990e-29
      2.566    19.1391 260.859197     0.0220 8.0462e+02     1.1399    75.2032 6.0440e-01 1.5497e+03  0.0413330    17.6578 255.454576     1.9072      2.617    -2.2081    295.466     6.4000 -9.990e-29
      2.567    19.1394 260.943522     0.0330 8.3928e+02     1.1399    75.2032 6.3736e-01 1.5497e+03  0.0413330    17.7005 255.393689     1.9060      2.618    -2.1622    295.559     6.3904 -9.990e-29
      2.567    19.1394 260.895334     0.0195 8.6079e+02     1.1385    75.2293 6.4835e-01 1.5497e+03  0.0417488    17.7671 255.424058     1.9060      2.618    -2.2201    295.505     6.3836 -9.990e-29
      2.567    19.1398 260.919429     0.0354 8.6321e+02     1.1385    75.2293 6.5934e-01 1.5497e+03  0.0413330    17.8418 255.363146     1.9048      2.618    -2.1508    295.530     6.3703 -9.990e-29
      2.568    19.1398 260.943521     0.0183 8.8534e+02     1.1399    75.2032 6.5934e-01 1.5497e+03  0.0413330    17.9136 255.302235     1.9035      2.619    -2.2267    295.557     6.3572 -9.990e-29
      2.568    19.1401 260.979661     0.0354 9.0294e+02     1.1399    75.2032 6.4835e-01 1.5497e+03  0.0413330    17.9780 255.363033     1.9011      2.619    -2.1500    295.596     6.3395 -9.990e-29
      2.567    19.1403 261.051940     0.0195 9.0803e+02     1.1427    75.1509 6.3736e-01 1.5497e+03  0.0413330    18.0346 255.302135     1.9011      2.618    -2.2221    295.676     6.3342 -9.990e-29
      2.565    19.1405 261.003752     0.0342 9.1059e+02     1.1497    75.0202 6.1905e-01 1.5497e+03  0.0413330    18.0879 255.302090     1.9011      2.616    -2.1546    295.620     6.3300 -9.990e-29
      2.563    19.1405 260.979660     0.0208 9.1315e+02     1.1510    74.9940 6.1538e-01 1.5497e+03  0.0413330    18.1423 255.423748     1.8999      2.614    -2.2171    295.593     6.3197 -9.990e-29
      2.562    19.1405 260.979659     0.0305 9.1315e+02     1.1497    75.0202 6.1172e-01 1.5497e+03  0.0413330    18.2069 255.393268     1.8987      2.613    -2.1710    295.593     6.3082 -9.990e-29
