data/05_metadata_exports/SeabirdData/202310_SeabirdData/88805_STN33-DAY,2.cnv
* Sea-Bird SBE 9 Data File:
* FileName = C:\Users\rosette\Rosette Data\2023\Ontario lower food web csmi\STN33-DAY,2.hex
* Software Version Seasave V 7.26.6.26
* Temperature SN = 5270
* Conductivity SN = 1168
* Number of Bytes Per Scan = 40
* Number of Voltage Words = 5
* Number of Scans Averaged by the Deck Unit = 1
* NMEA Latitude = 43 35.49 N
* NMEA Longitude = 078 49.15 W
* NMEA UTC (Time) = Sep 27 2023  13:51:34
* NMEA baud rate = 4800
** Ship: Lake Guardian
** Cruise: Ontario Lower Food Web 2023
** Station:  STN33-DAY,2
# nquan = 18                                
# nvalues = 6892                        
# units = specified
# name 0 = prDM: Pressure, Digiquartz [db]
# name 1 = t090C: Temperature [ITS-90, deg C]
# name 2 = c0uS/cm: Conductivity [uS/cm]
# name 3 = sbeox0V: Oxygen raw, SBE 43 [V]
# name 4 = par: PAR/Irradiance, Biospherical/Licor
# name 5 = bat: Beam Attenuation, Chelsea/Seatech [1/m]
# name 6 = xmiss: Beam Transmission, Chelsea/Seatech [%]
# name 7 = flSP: Fluorescence, Seapoint
# name 8 = spar: SPAR, Biospherical/Licor
# name 9 = upoly0: Upoly 0, Suna Nitrate
# name 10 = t190C: Temperature, 2 [ITS-90, deg C]
# name 11 = c1uS/cm: Conductivity, 2 [uS/cm]
# name 12 = sbeox1V: Oxygen raw, SBE 43, 2 [V]
# name 13 = depFM: Depth [fresh water, m], lat = 43.5915
# name 14 = sbeox0Mg/L: Oxygen, SBE 43 [mg/l], WS = 2
# name 15 = specc: Specific Conductance [uS/cm]
# name 16 = sbeox1Mg/L: Oxygen, SBE 43, 2 [mg/l], WS = 2
# name 17 = flag: flag
# span 0 =      0.087,      5.242       
# span 1 =   -98.9762,    99.0000       
# span 2 =  15.521329, 278.578539       
# span 3 =     0.0171,     0.0354       
# span 4 = 2.3346e+02, 5.0319e+03       
# span 5 =     0.2532,     8.9824       
# span 6 =    10.5865,    93.8667       
# span 7 = 3.6630e-03, 3.0220e+00       
# span 8 = 1.4374e+03, 1.5930e+03       
# span 9 =  0.0413330,  0.0629524       
# span 10 =    13.0043,    19.1556      
# span 11 =   4.549360, 267.018223      
# span 12 =     1.8632,     2.9841      
# span 13 =      0.089,      5.345      
# span 14 =   -13.1719,   249.0871      
# span 15 =   -696.715,   1305.597      
# span 16 =     6.1677,    11.6558      
# span 17 = 0.0000e+00, 0.0000e+00      
# interval = seconds: 0.0416667
# start_time = Sep 27 2023 13:51:34 [NMEA time, header]
# bad_flag = -9.990e-29
*END*
[from data line 6111]
      4.959    19.1528 265.570636     0.0183 3.4224e+02     1.1302    75.3861 9.0842e-01 1.5497e+03  0.0542215    19.1508 266.805127     2.5324      5.057    -2.2257    300.709     9.1911 -9.990e-29
      4.961    19.1524 265.546532     0.0354 3.4224e+02     1.1330    75.3339 8.7912e-01 1.5497e+03  0.0542215    19.1509 266.774687     2.5324      5.059    -2.1502    300.685     9.1907 -9.990e-29
      4.962    19.1523 265.618848     0.0183 3.3841e+02     1.1330    75.3339 8.3516e-01 1.5517e+03  0.0558845    19.1505 266.774686     2.5324      5.060    -2.2262    300.767     9.1904 -9.990e-29
      4.965    19.1524 265.618848     0.0342 3.3088e+02     1.1302    75.3861 8.4249e-01 1.5517e+03  0.0550530    19.1507 266.866011     2.5324      5.063    -2.1541    300.766     9.1900 -9.990e-29
      4.968    19.1524 265.691167     0.0195 3.2902e+02     1.1330    75.3339 8.7179e-01 1.5517e+03  0.0554688    19.1505 266.744246     2.5324      5.066    -2.2213    300.848     9.1897 -9.990e-29
      4.972    19.1523 265.606795     0.0342 3.2718e+02     1.1330    75.3339 8.7912e-01 1.5536e+03  0.0558845    19.1509 266.866010     2.5324      5.070    -2.1530    300.753     9.1893 -9.990e-29
      4.977    19.1523 265.606796     0.0220 3.1990e+02     1.1330    75.3339 8.7179e-01 1.5536e+03  0.0558845    19.1508 266.926895     2.5311      5.075    -2.2110    300.753     9.1830 -9.990e-29
      4.982    19.1526 265.582690     0.0317 3.1721e+02     1.1302    75.3861 8.4982e-01 1.5536e+03  0.0558845    19.1509 266.866012     2.5324      5.080    -2.1638    300.724     9.1886 -9.990e-29
      4.985    19.1523 265.606796     0.0244 3.1543e+02     1.1302    75.3861 8.4982e-01 1.5556e+03  0.0554688    19.1502 266.866012     2.5324      5.083    -2.2015    300.753     9.1884 -9.990e-29
      4.990    19.1523 265.691166     0.0293 3.0928e+02     1.1330    75.3339 8.7179e-01 1.5556e+03  0.0554688    19.1507 266.835569     2.5324      5.088    -2.1750    300.849     9.1879 -9.990e-29
      4.996    19.1523 265.594744     0.0269 3.0582e+02     1.1316    75.3600 8.5714e-01 1.5556e+03  0.0558845    19.1509 266.835571     2.5324      5.095    -2.1916    300.740     9.1871 -9.990e-29
      5.003    19.1524 265.618849     0.0256 3.0496e+02     1.1330    75.3339 8.3516e-01 1.5556e+03  0.0558845    19.1505 266.866012     2.5311      5.102    -2.1923    300.766     9.1810 -9.990e-29
      5.009    19.1523 265.642957     0.0305 2.9651e+02     1.1316    75.3600 8.1685e-01 1.5576e+03  0.0558845    19.1505 266.866014     2.5324      5.108    -2.1756    300.794     9.1866 -9.990e-29
      5.013    19.1524 265.618849     0.0220 2.9237e+02     1.1302    75.3861 8.3150e-01 1.5576e+03  0.0554688    19.1505 266.774687     2.5311      5.112    -2.2089    300.766     9.1809 -9.990e-29
      5.019    19.1523 265.618849     0.0330 2.9155e+02     1.1316    75.3600 8.2784e-01 1.5576e+03  0.0554688    19.1505 266.957337     2.5311      5.118    -2.1637    300.767     9.1811 -9.990e-29
      5.026    19.1528 265.655008     0.0195 2.8426e+02     1.1302    75.3861 8.2784e-01 1.5576e+03  0.0558845    19.1504 266.835571     2.5311      5.125    -2.2205    300.805     9.1804 -9.990e-29
      5.036    19.1528 265.630903     0.0342 2.7950e+02     1.1260    75.4646 8.2051e-01 1.5595e+03  0.0558845    19.1505 266.774689     2.5311      5.135    -2.1569    300.777     9.1802 -9.990e-29
      5.045    19.1528 265.655009     0.0171 2.7950e+02     1.1219    75.5430 8.4982e-01 1.5595e+03  0.0550530    19.1507 266.805130     2.5311      5.144    -2.2313    300.805     9.1801 -9.990e-29
      5.053    19.1526 265.606798     0.0354 2.7405e+02     1.1233    75.5168 9.1575e-01 1.5595e+03  0.0554688    19.1505 266.835572     2.5311      5.153    -2.1497    300.751     9.1800 -9.990e-29
      5.061    19.1530 265.655009     0.0195 2.6947e+02     1.1246    75.4907 9.4139e-01 1.5595e+03  0.0558845    19.1504 266.896456     2.5299      5.161    -2.2211    300.803     9.1745 -9.990e-29
      5.069    19.1531 265.642957     0.0342 2.6871e+02     1.1219    75.5430 9.2308e-01 1.5595e+03  0.0554688    19.1505 266.866015     2.5311      5.169    -2.1536    300.789     9.1799 -9.990e-29
      5.076    19.1530 265.618850     0.0195 2.6645e+02     1.1219    75.5430 9.0110e-01 1.5595e+03  0.0550530    19.1505 266.774689     2.5311      5.176    -2.2216    300.762     9.1794 -9.990e-29
      5.084    19.1531 265.630903     0.0330 2.6273e+02     1.1246    75.4907 8.9377e-01 1.5595e+03  0.0550530    19.1507 266.713806     2.5299      5.184    -2.1583    300.775     9.1735 -9.990e-29
      5.092    19.1531 265.618851     0.0232 2.6199e+02     1.1246    75.4907 9.1209e-01 1.5595e+03  0.0554688    19.1507 266.744248     2.5299      5.192    -2.2067    300.762     9.1735 -9.990e-29
      5.099    19.1531 265.618851     0.0293 2.6126e+02     1.1219    75.5430 9.7070e-01 1.5595e+03  0.0558845    19.1503 266.866015     2.5311      5.200    -2.1752    300.762     9.1791 -9.990e-29
      5.106    19.1533 265.582693     0.0269 2.5979e+02     1.1246    75.4907 1.0037e+00 1.5615e+03  0.0558845    19.1505 266.805132     2.5311      5.207    -2.1915    300.719     9.1792 -9.990e-29
      5.113    19.1533 265.618851     0.0269 2.5979e+02     1.1246    75.4907 9.6703e-01 1.5615e+03  0.0554688    19.1504 266.774690     2.5311      5.214    -2.1861    300.760     9.1794 -9.990e-29
      5.120    19.1531 265.642957     0.0293 2.5979e+02     1.1219    75.5430 8.9744e-01 1.5615e+03  0.0554688    19.1511 266.774690     2.5311      5.221    -2.1809    300.789     9.1795 -9.990e-29
      5.129    19.1535 265.594745     0.0232 2.6052e+02     1.1219    75.5430 8.6081e-01 1.5615e+03  0.0558845    19.1504 266.774690     2.5311      5.230    -2.2034    300.732     9.1798 -9.990e-29
      5.137    19.1533 265.618853     0.0317 2.6052e+02     1.1246    75.4907 8.5348e-01 1.5615e+03  0.0558845    19.1507 266.805133     2.5311      5.238    -2.1699    300.760     9.1800 -9.990e-29
      5.145    19.1531 265.606800     0.0208 2.6126e+02     1.1219    75.5430 8.4982e-01 1.5615e+03  0.0558845    19.1507 266.774691     2.5311      5.246    -2.2143    300.748     9.1803 -9.990e-29
      5.152    19.1533 265.582694     0.0342 2.6126e+02     1.1233    75.5168 8.4982e-01 1.5615e+03  0.0554688    19.1509 266.774691     2.5311      5.254    -2.1572    300.719     9.1802 -9.990e-29
      5.157    19.1533 265.618853     0.0183 2.6126e+02     1.1219    75.5430 8.6447e-01 1.5615e+03  0.0554688    19.1507 266.835575     2.5311      5.259    -2.2255    300.760     9.1801 -9.990e-29
      5.162    19.1531 265.642959     0.0342 2.6199e+02     1.1219    75.5430 8.6447e-01 1.5615e+03  0.0554688    19.1509 266.896458     2.5311      5.264    -2.1554    300.789     9.1805 -9.990e-29
      5.168    19.1531 265.642959     0.0171 2.6347e+02     1.1219    75.5430 8.3883e-01 1.5615e+03  0.0558845    19.1509 266.987783     2.5299      5.270    -2.2306    300.789     9.1755 -9.990e-29
      5.173    19.1530 265.618854     0.0354 2.6421e+02     1.1246    75.4907 8.0586e-01 1.5615e+03  0.0563003    19.1509 266.774692     2.5311      5.275    -2.1483    300.762     9.1810 -9.990e-29
      5.179    19.1531 265.630906     0.0195 2.6421e+02     1.1288    75.4123 8.1319e-01 1.5615e+03  0.0558845    19.1507 266.744250     2.5299      5.281    -2.2205    300.775     9.1752 -9.990e-29
      5.184    19.1533 265.642960     0.0342 2.6570e+02     1.1330    75.3339 8.7546e-01 1.5615e+03  0.0550530    19.1517 266.774692     2.5311      5.286    -2.1523    300.788     9.1806 -9.990e-29
      5.188    19.1533 265.594747     0.0208 2.6645e+02     1.1316    75.3600 9.1941e-01 1.5615e+03  0.0554688    19.1507 266.835575     2.5311      5.290    -2.2156    300.733     9.1805 -9.990e-29
      5.192    19.1533 265.618854     0.0317 2.6645e+02     1.1344    75.3077 9.3040e-01 1.5615e+03  0.0554688    19.1511 266.896459     2.5299      5.294    -2.1628    300.760     9.1748 -9.990e-29
      5.195    19.1535 265.570641     0.0244 2.6871e+02     1.1316    75.3600 9.0110e-01 1.5615e+03  0.0558845    19.1511 266.805133     2.5299      5.297    -2.2002    300.704     9.1745 -9.990e-29
      5.199    19.1533 265.642960     0.0293 2.7023e+02     1.1316    75.3600 8.6813e-01 1.5615e+03  0.0554688    19.1509 266.866018     2.5299      5.302    -2.1733    300.788     9.1740 -9.990e-29
      5.202    19.1533 265.630907     0.0281 2.7023e+02     1.1344    75.3077 8.4982e-01 1.5595e+03  0.0554688    19.1504 266.926902     2.5299      5.305    -2.1843    300.774     9.1739 -9.990e-29
      5.204    19.1533 265.655013     0.0256 2.7023e+02     1.1344    75.3077 8.3883e-01 1.5595e+03  0.0558845    19.1510 266.866018     2.5299      5.307    -2.1901    300.801     9.1737 -9.990e-29
      5.205    19.1533 265.642959     0.0305 2.7099e+02     1.1344    75.3077 8.7179e-01 1.5595e+03  0.0554688    19.1511 266.774691     2.5299      5.308    -2.1731    300.788     9.1732 -9.990e-29
      5.206    19.1535 265.667067     0.0220 2.7099e+02     1.1344    75.3077 8.9744e-01 1.5595e+03  0.0533900    19.1509 266.713811     2.5299      5.309    -2.2061    300.814     9.1732 -9.990e-29
      5.206    19.1533 265.642959     0.0317 2.7099e+02     1.1330    75.3339 9.0110e-01 1.5595e+03  0.0533900    19.1514 266.744249     2.5299      5.309    -2.1669    300.788     9.1731 -9.990e-29
      5.206    19.1533 265.642960     0.0195 2.7175e+02     1.1316    75.3600 8.8645e-01 1.5595e+03  0.0538058    19.1512 266.835576     2.5299      5.309    -2.2180    300.788     9.1728 -9.990e-29
      5.206    19.1535 265.642960     0.0342 2.7175e+02     1.1344    75.3077 8.6447e-01 1.5576e+03  0.0542215    19.1512 266.774693     2.5299      5.309    -2.1545    300.786     9.1724 -9.990e-29
      5.205    19.1533 265.618853     0.0183 2.7328e+02     1.1344    75.3077 8.8278e-01 1.5576e+03  0.0542215    19.1510 266.774691     2.5299      5.308    -2.2241    300.760     9.1725 -9.990e-29
      5.204    19.1533 265.655013     0.0354 2.7482e+02     1.1344    75.3077 8.9377e-01 1.5576e+03  0.0538058    19.1514 266.835576     2.5299      5.307    -2.1476    300.801     9.1725 -9.990e-29
      5.203    19.1533 265.630907     0.0183 2.7560e+02     1.1316    75.3600 8.8645e-01 1.5576e+03  0.0533900    19.1511 266.774693     2.5299      5.306    -2.2245    300.774     9.1727 -9.990e-29
      5.200    19.1533 265.655013     0.0342 2.7637e+02     1.1316    75.3600 8.5714e-01 1.5576e+03  0.0533900    19.1512 266.866017     2.5299      5.303    -2.1518    300.801     9.1729 -9.990e-29
      5.195    19.1537 265.679119     0.0208 2.7872e+02     1.1344    75.3077 8.2784e-01 1.5576e+03  0.0538058    19.1511 266.805134     2.5299      5.297    -2.2141    300.826     9.1731 -9.990e-29
      5.189    19.1537 265.679117     0.0330 2.7950e+02     1.1330    75.3339 8.2418e-01 1.5576e+03  0.0542215    19.1509 266.957341     2.5299      5.291    -2.1564    300.826     9.1738 -9.990e-29
      5.184    19.1537 265.679117     0.0232 2.8029e+02     1.1344    75.3077 8.2418e-01 1.5556e+03  0.0554688    19.1510 266.835574     2.5299      5.286    -2.2046    300.826     9.1745 -9.990e-29
      5.180    19.1538 265.630907     0.0305 2.8506e+02     1.1344    75.3077 8.4249e-01 1.5556e+03  0.0554688    19.1509 266.805134     2.5287      5.282    -2.1672    300.771     9.1697 -9.990e-29
      5.174    19.1535 265.691170     0.0269 2.8667e+02     1.1371    75.2554 8.5348e-01 1.5556e+03  0.0554688    19.1504 266.835575     2.5299      5.276    -2.1886    300.841     9.1760 -9.990e-29
      5.169    19.1535 265.606800     0.0281 2.8667e+02     1.1357    75.2816 8.6081e-01 1.5536e+03  0.0554688    19.1505 266.774692     2.5299      5.271    -2.1784    300.745     9.1767 -9.990e-29
      5.163    19.1537 265.594747     0.0293 2.9402e+02     1.1357    75.2816 8.5714e-01 1.5536e+03  0.0554688    19.1509 266.835574     2.5287      5.265    -2.1788    300.730     9.1715 -9.990e-29
      5.158    19.1533 265.606800     0.0244 2.9818e+02     1.1357    75.2816 8.6813e-01 1.5536e+03  0.0554688    19.1504 266.774692     2.5287      5.260    -2.1955    300.747     9.1728 -9.990e-29
      5.154    19.1535 265.582693     0.0317 2.9818e+02     1.1357    75.2816 8.7179e-01 1.5517e+03  0.0554688    19.1505 266.774691     2.5287      5.256    -2.1675    300.718     9.1731 -9.990e-29
      5.148    19.1535 265.655013     0.0208 3.0325e+02     1.1357    75.2816 8.5714e-01 1.5517e+03  0.0554688    19.1507 266.866018     2.5287      5.249    -2.2117    300.800     9.1738 -9.990e-29
      5.141    19.1535 265.679116     0.0342 3.0755e+02     1.1357    75.2816 8.5714e-01 1.5517e+03  0.0554688    19.1504 266.866015     2.5287      5.242    -2.1553    300.827     9.1747 -9.990e-29
      5.133    19.1533 265.679117     0.0195 3.0841e+02     1.1357    75.2816 8.6813e-01 1.5517e+03  0.0554688    19.1507 266.896458     2.5287      5.234    -2.2185    300.829     9.1749 -9.990e-29
      5.125    19.1535 265.606798     0.0354 3.1015e+02     1.1357    75.2816 8.6813e-01 1.5497e+03  0.0558845    19.1502 266.744249     2.5275      5.226    -2.1487    300.745     9.1704 -9.990e-29
      5.117    19.1535 265.679116     0.0195 3.1190e+02     1.1357    75.2816 8.5348e-01 1.5497e+03  0.0558845    19.1509 266.805131     2.5287      5.218    -2.2188    300.827     9.1764 -9.990e-29
      5.109    19.1535 265.642958     0.0354 3.1278e+02     1.1357    75.2816 8.5348e-01 1.5497e+03  0.0558845    19.1510 266.866016     2.5287      5.210    -2.1470    300.786     9.1772 -9.990e-29
      5.100    19.1535 265.546533     0.0195 3.1366e+02     1.1357    75.2816 8.5348e-01 1.5497e+03  0.0558845    19.1509 266.774688     2.5287      5.201    -2.2195    300.677     9.1779 -9.990e-29
      5.092    19.1537 265.630904     0.0354 3.1543e+02     1.1357    75.2816 8.5348e-01 1.5497e+03  0.0558845    19.1509 266.835573     2.5287      5.192    -2.1461    300.771     9.1786 -9.990e-29
      5.084    19.1535 265.642956     0.0220 3.1543e+02     1.1357    75.2816 8.5348e-01 1.5497e+03  0.0558845    19.1512 266.774688     2.5287      5.184    -2.2098    300.786     9.1792 -9.990e-29
      5.077    19.1538 265.642957     0.0317 3.1721e+02     1.1357    75.2816 8.7179e-01 1.5497e+03  0.0554688    19.1511 266.835573     2.5287      5.177    -2.1629    300.784     9.1799 -9.990e-29
      5.069    19.1537 265.594744     0.0244 3.2080e+02     1.1357    75.2816 8.6447e-01 1.5497e+03  0.0554688    19.1511 266.713805     2.5287      5.169    -2.2006    300.730     9.1806 -9.990e-29
      5.061    19.1537 265.655008     0.0293 3.2170e+02     1.1357    75.2816 8.5348e-01 1.5497e+03  0.0550530    19.1510 266.805130     2.5287      5.161    -2.1740    300.799     9.1812 -9.990e-29
      5.054    19.1537 265.642956     0.0281 3.2261e+02     1.1371    75.2554 8.4615e-01 1.5497e+03  0.0554688    19.1511 266.896455     2.5287      5.154    -2.1849    300.785     9.1818 -9.990e-29
      5.046    19.1537 265.667061     0.0256 3.2626e+02     1.1371    75.2554 8.5348e-01 1.5497e+03  0.0558845    19.1514 266.744246     2.5287      5.145    -2.1909    300.812     9.1824 -9.990e-29
      5.038    19.1540 265.582691     0.0305 3.2810e+02     1.1344    75.3077 8.6813e-01 1.5477e+03  0.0558845    19.1509 266.805130     2.5287      5.137    -2.1746    300.715     9.1830 -9.990e-29
      5.029    19.1538 265.594742     0.0232 3.2810e+02     1.1288    75.4123 8.5714e-01 1.5477e+03  0.0554688    19.1516 266.774686     2.5287      5.128    -2.2029    300.730     9.1835 -9.990e-29
      5.021    19.1538 265.618849     0.0330 3.2810e+02     1.1260    75.4646 8.4249e-01 1.5477e+03  0.0554688    19.1516 266.866013     2.5299      5.120    -2.1630    300.757     9.1895 -9.990e-29
