data/05_metadata_exports/SeabirdData/202310_SeabirdData/88805_STN33-DAY,2.cnv
* Sea-Bird SBE 9 Data File:
* FileName = C:\Users\rosette\Rosette Data\2023\Ontario lower food web csmi\STN33-DAY,2.hex
* Software Version Seasave V 7.26.6.26
* Temperature SN = 5270
* Conductivity SN = 1168
* Number of Bytes Per Scan = 40
* Number of Voltage Words = 5
* Number of Scans Averaged by the Deck Unit = 1
* NMEA Latitude = 43 35.49 N
* NMEA Longitude = 078 49.15 W
* NMEA UTC (Time) = Sep 27 2023  13:51:34
* NMEA baud rate = 4800
** Ship: Lake Guardian
** Cruise: Ontario Lower Food Web 2023
** Station:  STN33-DAY,2
# nquan = 18                                
# nvalues = 6892                        
# units = specified
# name 0 = prDM: Pressure, Digiquartz [db]
# name 1 = t090C: Temperature [ITS-90, deg C]
# name 2 = c0uS/cm: Conductivity [uS/cm]
# name 3 = sbeox0V: Oxygen raw, SBE 43 [V]
# name 4 = par: PAR/Irradiance, Biospherical/Licor
# name 5 = bat: Beam Attenuation, Chelsea/Seatech [1/m]
# name 6 = xmiss: Beam Transmission, Chelsea/Seatech [%]
# name 7 = flSP: Fluorescence, Seapoint
# name 8 = spar: SPAR, Biospherical/Licor
# name 9 = upoly0: Upoly 0, Suna Nitrate
# name 10 = t190C: Temperature, 2 [ITS-90, deg C]
# name 11 = c1uS/cm: Conductivity, 2 [uS/cm]
# name 12 = sbeox1V: Oxygen raw, SBE 43, 2 [V]
# name 13 = depFM: Depth [fresh water, m], lat = 43.5915
# name 14 = sbeox0Mg/L: Oxygen, SBE 43 [mg/l], WS = 2
# name 15 = specc: Specific Conductance [uS/cm]
# name 16 = sbeox1Mg/L: Oxygen, SBE 43, 2 [mg/l], WS = 2
# name 17 = flag: flag
# span 0 =      0.087,      5.242       
# span 1 =   -98.9762,    99.0000       
# span 2 =  15.521329, 278.578539       
# span 3 =     0.0171,     0.0354       
# span 4 = 2.3346e+02, 5.0319e+03       
# span 5 =     0.2532,     8.9824       
# span 6 =    10.5865,    93.8667       
# span 7 = 3.6630e-03, 3.0220e+00       
# span 8 = 1.4374e+03, 1.5930e+03       
# span 9 =  0.0413330,  0.0629524       
# span 10 =    13.0043,    19.1556      
# span 11 =   4.549360, 267.018223      
# span 12 =     1.8632,     2.9841      
# span 13 =      0.089,      5.345      
# span 14 =   -13.1719,   249.0871      
# span 15 =   -696.715,   1305.597      
# span 16 =     6.1677,    11.6558      
# span 17 = 0.0000e+00, 0.0000e+00      
# interval = seconds: 0.0416667
# start_time = Sep 27 2023 13:51:34 [NMEA time, header]
# bad_flag = -9.990e-29
*END*
[from data line 3699]
      2.463    19.1472 265.618790     0.0281 9.1059e+02     1.1371    75.2554 5.8608e-01 1.5654e+03  0.0550530    19.1442 266.896395     2.5250      2.512    -2.1842    300.802     9.1557 -9.990e-29
      2.463    19.1476 265.618788     0.0244 9.1572e+02     1.1357    75.2816 6.0440e-01 1.5654e+03  0.0550530    19.1437 266.652861     2.5263      2.512    -2.1964    300.799     9.1617 -9.990e-29
      2.466    19.1472 265.570578     0.0305 9.1572e+02     1.1330    75.3339 6.3004e-01 1.5654e+03  0.0550530    19.1444 266.652862     2.5263      2.515    -2.1732    300.747     9.1615 -9.990e-29
      2.469    19.1472 265.558525     0.0195 9.1830e+02     1.1302    75.3861 6.4469e-01 1.5654e+03  0.0550530    19.1444 266.865953     2.5250      2.518    -2.2184    300.734     9.1556 -9.990e-29
      2.473    19.1471 265.558526     0.0342 9.2608e+02     1.1302    75.3861 6.4103e-01 1.5654e+03  0.0554688    19.1442 266.805070     2.5263      2.522    -2.1557    300.734     9.1616 -9.990e-29
      2.475    19.1469 265.558526     0.0183 9.2869e+02     1.1302    75.3861 6.2271e-01 1.5654e+03  0.0554688    19.1444 266.713745     2.5263      2.524    -2.2244    300.736     9.1617 -9.990e-29
      2.478    19.1469 265.570578     0.0354 9.3655e+02     1.1316    75.3600 6.1538e-01 1.5654e+03  0.0550530    19.1444 266.683304     2.5263      2.527    -2.1490    300.749     9.1617 -9.990e-29
      2.481    19.1469 265.606738     0.0183 9.7142e+02     1.1302    75.3861 6.2271e-01 1.5674e+03  0.0554688    19.1444 266.683305     2.5250      2.530    -2.2254    300.790     9.1555 -9.990e-29
      2.483    19.1467 265.582631     0.0354 9.8517e+02     1.1302    75.3861 6.2271e-01 1.5674e+03  0.0529742    19.1446 266.865953     2.5263      2.532    -2.1484    300.764     9.1610 -9.990e-29
      2.484    19.1467 265.582631     0.0195 9.9073e+02     1.1316    75.3600 6.2271e-01 1.5674e+03  0.0533900    19.1446 266.744186     2.5263      2.533    -2.2210    300.764     9.1607 -9.990e-29
      2.487    19.1466 265.558526     0.0342 1.0363e+03     1.1302    75.3861 6.5568e-01 1.5674e+03  0.0533900    19.1444 266.805070     2.5263      2.536    -2.1527    300.738     9.1608 -9.990e-29
      2.490    19.1467 265.558527     0.0232 1.0629e+03     1.1302    75.3861 6.8132e-01 1.5674e+03  0.0533900    19.1449 266.774629     2.5263      2.539    -2.2057    300.737     9.1609 -9.990e-29
      2.492    19.1466 265.570579     0.0305 1.0629e+03     1.1302    75.3861 6.7399e-01 1.5674e+03  0.0533900    19.1446 266.713745     2.5263      2.541    -2.1693    300.751     9.1611 -9.990e-29
      2.494    19.1466 265.582631     0.0269 1.0569e+03     1.1302    75.3861 6.6667e-01 1.5674e+03  0.0538058    19.1449 266.591979     2.5250      2.543    -2.1901    300.765     9.1549 -9.990e-29
      2.497    19.1467 265.510316     0.0269 1.0510e+03     1.1302    75.3861 6.5568e-01 1.5674e+03  0.0538058    19.1446 266.713746     2.5250      2.546    -2.1858    300.682     9.1546 -9.990e-29
      2.500    19.1467 265.510315     0.0293 1.0510e+03     1.1302    75.3861 6.4469e-01 1.5674e+03  0.0533900    19.1446 266.713745     2.5263      2.549    -2.1794    300.682     9.1603 -9.990e-29
      2.503    19.1467 265.558527     0.0232 9.9352e+02     1.1316    75.3600 6.3736e-01 1.5654e+03  0.0533900    19.1446 266.744188     2.5263      2.552    -2.2027    300.737     9.1600 -9.990e-29
      2.506    19.1467 265.582633     0.0317 9.4715e+02     1.1302    75.3861 6.2637e-01 1.5654e+03  0.0538058    19.1448 266.774629     2.5263      2.555    -2.1688    300.764     9.1597 -9.990e-29
      2.509    19.1466 265.582631     0.0195 9.3919e+02     1.1302    75.3861 6.3004e-01 1.5674e+03  0.0546373    19.1446 266.865953     2.5250      2.558    -2.2197    300.765     9.1535 -9.990e-29
      2.513    19.1467 265.558526     0.0342 9.0040e+02     1.1302    75.3861 6.4469e-01 1.5674e+03  0.0538058    19.1444 266.744187     2.5250      2.563    -2.1562    300.737     9.1532 -9.990e-29
      2.518    19.1466 265.570582     0.0183 8.5596e+02     1.1316    75.3600 6.5201e-01 1.5674e+03  0.0525585    19.1444 266.591983     2.5250      2.568    -2.2252    300.751     9.1530 -9.990e-29
      2.521    19.1464 265.534422     0.0354 8.4639e+02     1.1316    75.3600 6.4469e-01 1.5674e+03  0.0529742    19.1442 266.713747     2.5250      2.571    -2.1498    300.712     9.1527 -9.990e-29
      2.522    19.1462 265.594686     0.0183 8.3457e+02     1.1316    75.3600 6.3370e-01 1.5674e+03  0.0538058    19.1444 266.774629     2.5250      2.572    -2.2265    300.781     9.1529 -9.990e-29
      2.524    19.1464 265.618792     0.0354 8.1143e+02     1.1330    75.3339 6.2271e-01 1.5674e+03  0.0538058    19.1437 266.835513     2.5250      2.574    -2.1491    300.807     9.1532 -9.990e-29
      2.525    19.1462 265.570580     0.0208 8.0688e+02     1.1344    75.3077 6.4835e-01 1.5674e+03  0.0533900    19.1437 266.774630     2.5250      2.575    -2.2163    300.754     9.1534 -9.990e-29
      2.527    19.1462 265.618792     0.0330 8.2292e+02     1.1330    75.3339 6.7399e-01 1.5674e+03  0.0529742    19.1442 266.774630     2.5250      2.577    -2.1588    300.809     9.1531 -9.990e-29
      2.529    19.1460 265.594686     0.0232 8.6079e+02     1.1330    75.3339 6.7033e-01 1.5674e+03  0.0533900    19.1441 266.652864     2.5250      2.579    -2.2061    300.783     9.1534 -9.990e-29
      2.531    19.1460 265.654951     0.0305 8.7298e+02     1.1330    75.3339 6.5568e-01 1.5674e+03  0.0542215    19.1441 266.683306     2.5250      2.581    -2.1697    300.851     9.1537 -9.990e-29
      2.533    19.1460 265.606739     0.0269 8.9033e+02     1.1330    75.3339 6.4835e-01 1.5674e+03  0.0546373    19.1440 266.805071     2.5250      2.583    -2.1906    300.796     9.1535 -9.990e-29
      2.535    19.1456 265.558528     0.0269 9.5517e+02     1.1344    75.3077 6.3736e-01 1.5694e+03  0.0538058    19.1448 266.744188     2.5250      2.585    -2.1860    300.744     9.1536 -9.990e-29
      2.537    19.1460 265.522371     0.0293 9.7965e+02     1.1330    75.3339 6.1538e-01 1.5694e+03  0.0529742    19.1444 266.683307     2.5250      2.587    -2.1797    300.701     9.1540 -9.990e-29
      2.537    19.1459 265.546475     0.0220 9.8241e+02     1.1344    75.3077 6.0073e-01 1.5694e+03  0.0533900    19.1444 266.805071     2.5238      2.587    -2.2081    300.729     9.1489 -9.990e-29
      2.538    19.1459 265.594686     0.0317 1.0048e+03     1.1330    75.3339 5.8974e-01 1.5694e+03  0.0533900    19.1442 266.774630     2.5250      2.588    -2.1685    300.783     9.1542 -9.990e-29
      2.539    19.1460 265.522369     0.0195 1.0161e+03     1.1344    75.3077 5.9707e-01 1.5694e+03  0.0538058    19.1448 266.774629     2.5250      2.589    -2.2195    300.701     9.1545 -9.990e-29
      2.541    19.1459 265.582635     0.0342 1.0161e+03     1.1344    75.3077 6.3004e-01 1.5694e+03  0.0538058    19.1446 266.805073     2.5250      2.591    -2.1561    300.770     9.1549 -9.990e-29
      2.542    19.1460 265.618791     0.0171 9.9912e+02     1.1330    75.3339 6.5934e-01 1.5694e+03  0.0533900    19.1441 266.774629     2.5250      2.592    -2.2309    300.810     9.1554 -9.990e-29
      2.544    19.1460 265.570582     0.0354 9.9073e+02     1.1344    75.3077 6.9597e-01 1.5694e+03  0.0529742    19.1446 266.835514     2.5250      2.594    -2.1494    300.755     9.1557 -9.990e-29
      2.546    19.1462 265.594686     0.0183 9.8795e+02     1.1316    75.3600 7.1062e-01 1.5694e+03  0.0525585    19.1446 266.744188     2.5250      2.596    -2.2266    300.781     9.1561 -9.990e-29
      2.547    19.1462 265.654952     0.0342 9.0294e+02     1.1344    75.3077 7.3260e-01 1.5694e+03  0.0533900    19.1446 266.805073     2.5250      2.597    -2.1538    300.850     9.1565 -9.990e-29
      2.548    19.1465 265.594686     0.0208 8.4639e+02     1.1330    75.3339 7.5824e-01 1.5694e+03  0.0538058    19.1446 266.744188     2.5250      2.598    -2.2163    300.779     9.1565 -9.990e-29
      2.549    19.1464 265.558527     0.0317 8.3928e+02     1.1330    75.3339 7.2894e-01 1.5694e+03  0.0533900    19.1446 266.805071     2.5250      2.599    -2.1642    300.739     9.1569 -9.990e-29
      2.551    19.1464 265.618793     0.0232 8.0462e+02     1.1330    75.3339 6.8132e-01 1.5694e+03  0.0538058    19.1451 266.774630     2.5250      2.601    -2.2062    300.807     9.1572 -9.990e-29
      2.552    19.1466 265.594686     0.0293 7.6922e+02     1.1344    75.3077 6.5934e-01 1.5694e+03  0.0542215    19.1451 266.774629     2.5250      2.602    -2.1747    300.779     9.1577 -9.990e-29
      2.553    19.1464 265.558529     0.0281 7.6276e+02     1.1399    75.2032 6.6667e-01 1.5694e+03  0.0538058    19.1456 266.774630     2.5250      2.603    -2.1849    300.739     9.1576 -9.990e-29
      2.553    19.1466 265.570580     0.0256 7.6706e+02     1.1427    75.1509 6.7399e-01 1.5713e+03  0.0525585    19.1460 266.835511     2.5250      2.603    -2.1914    300.751     9.1575 -9.990e-29
      2.552    19.1466 265.606740     0.0305 7.7139e+02     1.1427    75.1509 6.8132e-01 1.5713e+03  0.0529742    19.1461 266.744188     2.5250      2.602    -2.1739    300.792     9.1575 -9.990e-29
      2.552    19.1464 265.654950     0.0220 7.7139e+02     1.1427    75.1509 6.9597e-01 1.5713e+03  0.0538058    19.1463 266.744186     2.5250      2.602    -2.2077    300.848     9.1575 -9.990e-29
      2.553    19.1466 265.606739     0.0330 7.9116e+02     1.1427    75.1509 6.9963e-01 1.5713e+03  0.0538058    19.1467 266.835511     2.5250      2.603    -2.1618    300.792     9.1574 -9.990e-29
      2.554    19.1466 265.582634     0.0195 8.3223e+02     1.1427    75.1509 6.9597e-01 1.5713e+03  0.0538058    19.1465 266.896396     2.5250      2.604    -2.2195    300.765     9.1574 -9.990e-29
      2.556    19.1467 265.582633     0.0354 8.4639e+02     1.1427    75.1509 6.8498e-01 1.5713e+03  0.0529742    19.1465 266.805069     2.5250      2.606    -2.1502    300.764     9.1574 -9.990e-29
      2.558    19.1466 265.606741     0.0183 8.6321e+02     1.1427    75.1509 6.9231e-01 1.5713e+03  0.0529742    19.1465 266.683305     2.5250      2.608    -2.2258    300.792     9.1574 -9.990e-29
      2.559    19.1467 265.582633     0.0354 9.2608e+02     1.1427    75.1509 7.0696e-01 1.5713e+03  0.0538058    19.1460 266.805070     2.5250      2.609    -2.1492    300.764     9.1575 -9.990e-29
      2.560    19.1466 265.534423     0.0195 9.4981e+02     1.1427    75.1509 7.1795e-01 1.5713e+03  0.0542215    19.1456 266.744188     2.5250      2.610    -2.2210    300.710     9.1576 -9.990e-29
      2.561    19.1467 265.594687     0.0342 9.5249e+02     1.1427    75.1509 7.1062e-01 1.5713e+03  0.0538058    19.1458 266.591981     2.5250      2.611    -2.1531    300.778     9.1576 -9.990e-29
      2.561    19.1467 265.582633     0.0220 9.5786e+02     1.1427    75.1509 6.9963e-01 1.5713e+03  0.0533900    19.1456 266.713745     2.5250      2.611    -2.2103    300.764     9.1576 -9.990e-29
      2.561    19.1469 265.582634     0.0317 9.6056e+02     1.1427    75.1509 6.8864e-01 1.5713e+03  0.0529742    19.1449 266.713748     2.5250      2.611    -2.1635    300.763     9.1577 -9.990e-29
      2.561    19.1471 265.606740     0.0244 9.5786e+02     1.1427    75.1509 6.7766e-01 1.5713e+03  0.0529742    19.1451 266.591982     2.5250      2.611    -2.2004    300.789     9.1573 -9.990e-29
      2.561    19.1469 265.558526     0.0293 9.0040e+02     1.1427    75.1509 6.5934e-01 1.5713e+03  0.0533900    19.1451 266.744186     2.5250      2.611    -2.1744    300.736     9.1572 -9.990e-29
      2.562    19.1469 265.594688     0.0281 8.7053e+02     1.1427    75.1509 6.3370e-01 1.5713e+03  0.0533900    19.1444 266.774632     2.5250      2.613    -2.1841    300.777     9.1573 -9.990e-29
      2.562    19.1469 265.522369     0.0244 8.6808e+02     1.1427    75.1509 6.2271e-01 1.5713e+03  0.0529742    19.1446 266.835513     2.5250      2.613    -2.1960    300.695     9.1573 -9.990e-29
      2.561    19.1470 265.558528     0.0305 8.5356e+02     1.1413    75.1770 6.1538e-01 1.5733e+03  0.0529742    19.1451 266.865955     2.5250      2.611    -2.1732    300.735     9.1572 -9.990e-29
      2.560    19.1471 265.582634     0.0208 8.4401e+02     1.1427    75.1509 6.0440e-01 1.5733e+03  0.0538058    19.1454 266.835513     2.5250      2.610    -2.2124    300.762     9.1571 -9.990e-29
      2.559    19.1471 265.606738     0.0330 8.4164e+02     1.1441    75.1247 6.1538e-01 1.5733e+03  0.0542215    19.1453 266.774629     2.5263      2.609    -2.1612    300.789     9.1630 -9.990e-29
      2.557    19.1472 265.546475     0.0183 8.3457e+02     1.1455    75.0986 6.5568e-01 1.5733e+03  0.0554688    19.1451 266.774630     2.5250      2.607    -2.2246    300.720     9.1571 -9.990e-29
      2.556    19.1472 265.606738     0.0354 8.2756e+02     1.1469    75.0725 6.8498e-01 1.5733e+03  0.0554688    19.1463 266.835511     2.5250      2.606    -2.1497    300.788     9.1569 -9.990e-29
      2.555    19.1471 265.570582     0.0183 8.2756e+02     1.1469    75.0725 6.9231e-01 1.5733e+03  0.0554688    19.1465 266.774630     2.5250      2.605    -2.2258    300.748     9.1568 -9.990e-29
      2.553    19.1471 265.594685     0.0354 8.5356e+02     1.1483    75.0463 7.0696e-01 1.5733e+03  0.0558845    19.1472 266.835510     2.5250      2.603    -2.1493    300.775     9.1571 -9.990e-29
      2.550    19.1471 265.606740     0.0195 8.8783e+02     1.1483    75.0463 7.1062e-01 1.5713e+03  0.0563003    19.1479 266.774628     2.5250      2.600    -2.2216    300.789     9.1569 -9.990e-29
      2.548    19.1471 265.606738     0.0342 8.9535e+02     1.1469    75.0725 6.7766e-01 1.5713e+03  0.0558845    19.1481 266.835509     2.5250      2.598    -2.1534    300.789     9.1569 -9.990e-29
      2.546    19.1471 265.582632     0.0220 9.1572e+02     1.1483    75.0463 6.3736e-01 1.5713e+03  0.0554688    19.1473 266.713744     2.5250      2.596    -2.2111    300.762     9.1570 -9.990e-29
      2.545    19.1476 265.558528     0.0317 9.5517e+02     1.1483    75.0463 6.0073e-01 1.5694e+03  0.0554688    19.1469 266.744187     2.5250      2.595    -2.1641    300.731     9.1570 -9.990e-29
      2.543    19.1476 265.618791     0.0256 9.6597e+02     1.1483    75.0463 5.8974e-01 1.5694e+03  0.0558845    19.1465 266.835511     2.5250      2.593    -2.1957    300.799     9.1570 -9.990e-29
      2.540    19.1479 265.618792     0.0269 9.7690e+02     1.1469    75.0725 5.9707e-01 1.5694e+03  0.0558845    19.1467 266.774629     2.5250      2.590    -2.1857    300.797     9.1570 -9.990e-29
      2.536    19.1479 265.618791     0.0281 1.0104e+03     1.1469    75.0725 6.0073e-01 1.5694e+03  0.0563003    19.1469 266.805070     2.5250      2.586    -2.1852    300.797     9.1569 -9.990e-29
      2.531    19.1481 265.546473     0.0232 1.0219e+03     1.1469    75.0725 5.8974e-01 1.5694e+03  0.0567161    19.1470 266.774627     2.5250      2.581    -2.2025    300.714     9.1568 -9.990e-29
      2.525    19.1477 265.594685     0.0317 1.0161e+03     1.1469    75.0725 5.8974e-01 1.5694e+03  0.0563003    19.1476 266.835510     2.5250      2.575    -2.1687    300.771     9.1571 -9.990e-29
      2.520    19.1476 265.582632     0.0208 9.9073e+02     1.1483    75.0463 5.9341e-01 1.5694e+03  0.0550530    19.1480 266.744185     2.5250      2.570    -2.2135    300.758     9.1574 -9.990e-29
      2.515    19.1472 265.606738     0.0342 9.8241e+02     1.1483    75.0463 6.1905e-01 1.5713e+03  0.0550530    19.1477 266.622419     2.5250      2.565    -2.1563    300.788     9.1574 -9.990e-29
      2.510    19.1471 265.582631     0.0183 9.8241e+02     1.1469    75.0725 6.3736e-01 1.5713e+03  0.0550530    19.1481 266.622418     2.5250      2.559    -2.2254    300.762     9.1573 -9.990e-29
