data/05_metadata_exports/SeabirdData/202310_SeabirdData/88805_STN33-DAY,2.cnv
* Sea-Bird SBE 9 Data File:
* FileName = C:\Users\rosette\Rosette Data\2023\Ontario lower food web csmi\STN33-DAY,2.hex
* Software Version Seasave V 7.26.6.26
* Temperature SN = 5270
* Conductivity SN = 1168
* Number of Bytes Per Scan = 40
* Number of Voltage Words = 5
* Number of Scans Averaged by the Deck Unit = 1
* NMEA Latitude = 43 35.49 N
* NMEA Longitude = 078 49.15 W
* NMEA UTC (Time) = Sep 27 2023  13:51:34
* NMEA baud rate = 4800
** Ship: Lake Guardian
** Cruise: Ontario Lower Food Web 2023
** Station:  STN33-DAY,2
# nquan = 18                                
# nvalues = 6892                        
# units = specified
# name 0 = prDM: Pressure, Digiquartz [db]
# name 1 = t090C: Temperature [ITS-90, deg C]
# name 2 = c0uS/cm: Conductivity [uS/cm]
# name 3 = sbeox0V: Oxygen raw, SBE 43 [V]
# name 4 = par: PAR/Irradiance, Biospherical/Licor
# name 5 = bat: Beam Attenuation, Chelsea/Seatech [1/m]
# name 6 = xmiss: Beam Transmission, Chelsea/Seatech [%]
# name 7 = flSP: Fluorescence, Seapoint
# name 8 = spar: SPAR, Biospherical/Licor
# name 9 = upoly0: Upoly 0, Suna Nitrate
# name 10 = t190C: Temperature, 2 [ITS-90, deg C]
# name 11 = c1uS/cm: Conductivity, 2 [uS/cm]
# name 12 = sbeox1V: Oxygen raw, SBE 43, 2 [V]
# name 13 = depFM: Depth [fresh water, m], lat = 43.5915
# name 14 = sbeox0Mg/L: Oxygen, SBE 43 [mg/l], WS = 2
# name 15 = specc: Specific Conductance [uS/cm]
# name 16 = sbeox1Mg/L: Oxygen, SBE 43, 2 [mg/l], WS = 2
# name 17 = flag: flag
# span 0 =      0.087,      5.242       
# span 1 =   -98.9762,    99.0000       
# span 2 =  15.521329, 278.578539       
# span 3 =     0.0171,     0.0354       
# span 4 = 2.3346e+02, 5.0319e+03       
# span 5 =     0.2532,     8.9824       
# span 6 =    10.5865,    93.8667       
# span 7 = 3.6630e-03, 3.0220e+00       
# span 8 = 1.4374e+03, 1.5930e+03       
# span 9 =  0.0413330,  0.0629524       
# span 10 =    13.0043,    19.1556      
# span 11 =   4.549360, 267.018223      
# span 12 =     1.8632,     2.9841      
# span 13 =      0.089,      5.345      
# span 14 =   -13.1719,   249.0871      
# span 15 =   -696.715,   1305.597      
# span 16 =     6.1677,    11.6558      
# span 17 = 0.0000e+00, 0.0000e+00      
# interval = seconds: 0.0416667
# start_time = Sep 27 2023 13:51:34 [NMEA time, header]
# bad_flag = -9.990e-29
*END*
[from data line 6674]
      3.088    19.1514 265.642906     0.0220 8.0011e+02     1.1427    75.1509 7.4359e-01 1.5832e+03  0.0550530    19.1500 266.744196     2.5336      3.149    -2.2084    300.800     9.1897 0.0000e+00
      3.081    19.1512 265.642908     0.0342 8.1831e+02     1.1441    75.1247 7.3260e-01 1.5832e+03  0.0550530    19.1498 266.774639     2.5324      3.142    -2.1578    300.802     9.1838 0.0000e+00
      3.074    19.1512 265.618802     0.0195 8.2524e+02     1.1441    75.1247 7.7656e-01 1.5832e+03  0.0554688    19.1500 266.774639     2.5324      3.135    -2.2197    300.775     9.1828 0.0000e+00
      3.066    19.1511 265.654960     0.0342 8.2756e+02     1.1427    75.1509 7.9853e-01 1.5832e+03  0.0554688    19.1502 266.835521     2.5324      3.126    -2.1560    300.816     9.1819 0.0000e+00
      3.059    19.1512 265.630854     0.0183 8.3928e+02     1.1427    75.1509 7.8388e-01 1.5832e+03  0.0554688    19.1500 266.774638     2.5324      3.119    -2.2256    300.788     9.1812 0.0000e+00
      3.051    19.1512 265.618802     0.0354 8.4401e+02     1.1427    75.1509 7.8022e-01 1.5832e+03  0.0554688    19.1497 266.835523     2.5324      3.111    -2.1488    300.775     9.1809 0.0000e+00
      3.042    19.1511 265.582642     0.0195 8.4401e+02     1.1427    75.1509 7.6557e-01 1.5832e+03  0.0554688    19.1498 266.896405     2.5324      3.102    -2.2209    300.734     9.1801 0.0000e+00
      3.032    19.1512 265.679065     0.0342 8.4164e+02     1.1427    75.1509 7.5824e-01 1.5832e+03  0.0554688    19.1498 266.835521     2.5324      3.092    -2.1532    300.843     9.1793 0.0000e+00
      3.022    19.1511 265.594694     0.0208 8.4164e+02     1.1427    75.1509 7.4725e-01 1.5832e+03  0.0558845    19.1498 266.835520     2.5324      3.082    -2.2157    300.748     9.1786 0.0000e+00
      3.012    19.1511 265.642907     0.0342 8.4164e+02     1.1427    75.1509 7.2527e-01 1.5832e+03  0.0554688    19.1497 266.774638     2.5324      3.071    -2.1522    300.803     9.1784 0.0000e+00
      3.001    19.1511 265.630852     0.0232 8.4639e+02     1.1427    75.1509 7.2161e-01 1.5832e+03  0.0550530    19.1496 266.774637     2.5324      3.060    -2.2063    300.789     9.1779 0.0000e+00
      2.991    19.1507 265.703170     0.0305 8.4639e+02     1.1427    75.1509 7.2161e-01 1.5832e+03  0.0550530    19.1498 266.652871     2.5324      3.050    -2.1693    300.873     9.1777 0.0000e+00
      2.981    19.1509 265.618799     0.0269 8.4877e+02     1.1427    75.1509 7.2527e-01 1.5832e+03  0.0554688    19.1498 266.622429     2.5311      3.040    -2.1908    300.777     9.1717 0.0000e+00
      2.970    19.1509 265.642905     0.0269 8.3457e+02     1.1427    75.1509 7.2894e-01 1.5832e+03  0.0563003    19.1495 266.835520     2.5324      3.029    -2.1856    300.804     9.1777 0.0000e+00
      2.959    19.1511 265.582641     0.0293 8.2292e+02     1.1427    75.1509 7.3626e-01 1.5851e+03  0.0558845    19.1498 266.683312     2.5311      3.017    -2.1799    300.734     9.1717 0.0000e+00
      2.948    19.1511 265.642904     0.0244 8.2061e+02     1.1441    75.1247 7.3260e-01 1.5851e+03  0.0558845    19.1498 266.774635     2.5311      3.006    -2.1966    300.803     9.1718 0.0000e+00
      2.936    19.1511 265.606745     0.0317 8.2292e+02     1.1427    75.1509 7.1429e-01 1.5851e+03  0.0558845    19.1498 266.774636     2.5311      2.994    -2.1686    300.762     9.1720 0.0000e+00
      2.926    19.1512 265.618796     0.0208 8.2756e+02     1.1427    75.1509 6.7766e-01 1.5851e+03  0.0563003    19.1498 266.835517     2.5311      2.984    -2.2129    300.775     9.1722 0.0000e+00
      2.916    19.1511 265.691117     0.0342 8.2756e+02     1.1427    75.1509 6.6300e-01 1.5871e+03  0.0558845    19.1495 266.865962     2.5311      2.973    -2.1557    300.857     9.1725 0.0000e+00
      2.905    19.1511 265.679061     0.0195 8.3928e+02     1.1344    75.3077 6.6667e-01 1.5871e+03  0.0554688    19.1498 266.835517     2.5311      2.962    -2.2185    300.843     9.1728 0.0000e+00
      2.894    19.1514 265.630850     0.0354 8.5837e+02     1.1316    75.3600 6.7033e-01 1.5871e+03  0.0554688    19.1491 266.896402     2.5311      2.951    -2.1487    300.787     9.1728 0.0000e+00
      2.882    19.1511 265.618796     0.0183 8.6565e+02     1.1316    75.3600 6.6667e-01 1.5871e+03  0.0554688    19.1495 266.744192     2.5311      2.939    -2.2245    300.775     9.1727 0.0000e+00
      2.871    19.1511 265.630849     0.0354 8.6079e+02     1.1316    75.3600 6.7766e-01 1.5891e+03  0.0554688    19.1495 266.713751     2.5311      2.928    -2.1474    300.789     9.1732 0.0000e+00
      2.860    19.1511 265.594689     0.0195 8.5356e+02     1.1330    75.3339 6.8132e-01 1.5891e+03  0.0554688    19.1489 266.744191     2.5311      2.916    -2.2202    300.748     9.1738 0.0000e+00
      2.850    19.1509 265.606744     0.0342 8.5116e+02     1.1316    75.3600 6.5568e-01 1.5891e+03  0.0558845    19.1491 266.835518     2.5311      2.906    -2.1523    300.763     9.1743 0.0000e+00
      2.839    19.1511 265.630849     0.0208 8.4877e+02     1.1316    75.3600 6.2637e-01 1.5871e+03  0.0558845    19.1491 266.865959     2.5311      2.895    -2.2155    300.789     9.1749 0.0000e+00
      2.826    19.1511 265.642901     0.0330 8.3223e+02     1.1316    75.3600 6.1172e-01 1.5871e+03  0.0554688    19.1493 266.774633     2.5299      2.882    -2.1571    300.803     9.1696 0.0000e+00
      2.814    19.1509 265.594689     0.0244 8.2524e+02     1.1316    75.3600 6.3004e-01 1.5871e+03  0.0550530    19.1488 266.774633     2.5299      2.869    -2.2005    300.749     9.1700 0.0000e+00
      2.802    19.1507 265.618794     0.0293 8.2756e+02     1.1316    75.3600 6.6667e-01 1.5871e+03  0.0558845    19.1490 266.713748     2.5299      2.857    -2.1739    300.778     9.1707 0.0000e+00
      2.792    19.1504 265.642901     0.0281 8.5596e+02     1.1316    75.3600 6.7033e-01 1.5871e+03  0.0558845    19.1488 266.713750     2.5311      2.847    -2.1851    300.807     9.1765 0.0000e+00
      2.783    19.1507 265.594688     0.0256 8.7053e+02     1.1316    75.3600 6.4103e-01 1.5871e+03  0.0554688    19.1489 266.713749     2.5299      2.838    -2.1911    300.751     9.1714 0.0000e+00
      2.774    19.1505 265.582637     0.0305 8.7053e+02     1.1316    75.3600 6.3004e-01 1.5871e+03  0.0554688    19.1488 266.805075     2.5299      2.829    -2.1747    300.738     9.1722 0.0000e+00
      2.764    19.1502 265.606742     0.0232 8.9033e+02     1.1330    75.3339 6.3736e-01 1.5891e+03  0.0550530    19.1491 266.774632     2.5299      2.818    -2.2026    300.768     9.1730 0.0000e+00
      2.753    19.1502 265.654953     0.0330 9.0294e+02     1.1330    75.3339 6.3736e-01 1.5891e+03  0.0554688    19.1493 266.713748     2.5299      2.807    -2.1631    300.822     9.1738 0.0000e+00
      2.742    19.1504 265.630845     0.0195 9.0548e+02     1.1316    75.3600 6.3370e-01 1.5871e+03  0.0533900    19.1491 266.713747     2.5299      2.796    -2.2189    300.794     9.1747 0.0000e+00
      2.733    19.1504 265.582635     0.0342 8.6565e+02     1.1330    75.3339 6.3370e-01 1.5871e+03  0.0533900    19.1491 266.744190     2.5299      2.787    -2.1560    300.739     9.1756 0.0000e+00
      2.724    19.1505 265.606739     0.0195 8.3692e+02     1.1316    75.3600 6.2271e-01 1.5871e+03  0.0533900    19.1484 266.774630     2.5299      2.778    -2.2196    300.766     9.1767 0.0000e+00
      2.716    19.1502 265.618794     0.0354 8.3223e+02     1.1316    75.3600 6.1172e-01 1.5871e+03  0.0533900    19.1491 266.774631     2.5299      2.770    -2.1490    300.781     9.1770 0.0000e+00
      2.707    19.1504 265.630845     0.0195 7.8894e+02     1.1330    75.3339 6.3736e-01 1.5871e+03  0.0533900    19.1490 266.774630     2.5299      2.760    -2.2203    300.794     9.1779 0.0000e+00
      2.697    19.1502 265.642898     0.0354 7.4161e+02     1.1357    75.2816 6.7033e-01 1.5871e+03  0.0538058    19.1490 266.683305     2.5299      2.750    -2.1481    300.809     9.1784 0.0000e+00
      2.688    19.1505 265.667003     0.0208 7.3126e+02     1.1371    75.2554 6.6300e-01 1.5871e+03  0.0542215    19.1490 266.805071     2.5299      2.741    -2.2156    300.834     9.1793 0.0000e+00
      2.681    19.1504 265.630845     0.0342 7.1098e+02     1.1371    75.2554 6.3370e-01 1.5871e+03  0.0538058    19.1490 266.865955     2.5299      2.734    -2.1530    300.794     9.1798 0.0000e+00
      2.672    19.1505 265.606739     0.0232 6.7589e+02     1.1371    75.2554 6.1538e-01 1.5871e+03  0.0533900    19.1488 266.683306     2.5299      2.725    -2.2063    300.766     9.1807 0.0000e+00
      2.664    19.1505 265.654950     0.0317 6.6833e+02     1.1371    75.2554 6.3370e-01 1.5871e+03  0.0533900    19.1487 266.835512     2.5299      2.717    -2.1640    300.820     9.1812 0.0000e+00
      2.655    19.1502 265.642897     0.0256 6.6833e+02     1.1371    75.2554 6.4103e-01 1.5871e+03  0.0538058    19.1486 266.805070     2.5299      2.707    -2.1963    300.809     9.1821 0.0000e+00
      2.648    19.1505 265.594687     0.0281 6.6458e+02     1.1371    75.2554 6.1905e-01 1.5871e+03  0.0542215    19.1483 266.835514     2.5299      2.700    -2.1800    300.752     9.1830 0.0000e+00
      2.639    19.1507 265.618789     0.0293 6.6272e+02     1.1371    75.2554 6.0073e-01 1.5891e+03  0.0542215    19.1484 266.774628     2.5299      2.691    -2.1804    300.778     9.1839 0.0000e+00
      2.632    19.1505 265.642897     0.0244 6.7589e+02     1.1371    75.2554 5.8974e-01 1.5891e+03  0.0538058    19.1486 266.774629     2.5299      2.684    -2.1972    300.807     9.1847 0.0000e+00
      2.624    19.1507 265.642897     0.0317 7.2716e+02     1.1371    75.2554 5.7875e-01 1.5891e+03  0.0538058    19.1486 266.865954     2.5299      2.676    -2.1696    300.805     9.1855 0.0000e+00
      2.615    19.1507 265.618789     0.0220 7.4789e+02     1.1371    75.2554 5.7509e-01 1.5891e+03  0.0538058    19.1483 266.744186     2.5299      2.667    -2.2085    300.778     9.1864 0.0000e+00
      2.607    19.1504 265.630844     0.0330 7.5848e+02     1.1371    75.2554 5.8608e-01 1.5891e+03  0.0538058    19.1491 266.744187     2.5299      2.658    -2.1637    300.794     9.1870 0.0000e+00
      2.598    19.1507 265.594684     0.0195 8.5116e+02     1.1371    75.2554 5.8974e-01 1.5871e+03  0.0533900    19.1483 266.774628     2.5299      2.649    -2.2207    300.751     9.1875 0.0000e+00
      2.589    19.1507 265.618789     0.0354 8.9787e+02     1.1371    75.2554 6.0073e-01 1.5871e+03  0.0533900    19.1484 266.957278     2.5311      2.640    -2.1517    300.778     9.1932 0.0000e+00
      2.579    19.1507 265.618791     0.0183 9.0548e+02     1.1371    75.2554 6.1538e-01 1.5871e+03  0.0538058    19.1486 266.835512     2.5299      2.630    -2.2267    300.778     9.1879 0.0000e+00
      2.568    19.1507 265.618788     0.0354 9.9632e+02     1.1371    75.2554 6.1905e-01 1.5871e+03  0.0538058    19.1486 266.835509     2.5299      2.619    -2.1503    300.778     9.1886 0.0000e+00
      2.556    19.1507 265.618790     0.0183 1.0510e+03     1.1371    75.2554 5.9341e-01 1.5871e+03  0.0538058    19.1486 266.896394     2.5311      2.606    -2.2277    300.778     9.1942 0.0000e+00
      2.545    19.1505 265.654947     0.0354 1.0599e+03     1.1371    75.2554 5.6777e-01 1.5851e+03  0.0538058    19.1486 266.805067     2.5311      2.595    -2.1498    300.820     9.1943 0.0000e+00
      2.533    19.1507 265.679053     0.0208 1.0599e+03     1.1371    75.2554 5.5678e-01 1.5851e+03  0.0538058    19.1487 266.774626     2.5311      2.583    -2.2179    300.846     9.1944 0.0000e+00
      2.523    19.1507 265.606735     0.0342 1.0599e+03     1.1371    75.2554 5.6410e-01 1.5851e+03  0.0538058    19.1490 266.805067     2.5311      2.573    -2.1545    300.764     9.1945 0.0000e+00
      2.512    19.1507 265.618788     0.0232 1.0599e+03     1.1330    75.3339 5.6410e-01 1.5851e+03  0.0538058    19.1486 266.774626     2.5311      2.562    -2.2085    300.778     9.1950 0.0000e+00
      2.502    19.1505 265.666998     0.0305 1.0480e+03     1.1288    75.4123 5.5678e-01 1.5851e+03  0.0538058    19.1486 266.774624     2.5311      2.551    -2.1715    300.834     9.1950 0.0000e+00
      2.492    19.1507 265.630841     0.0269 1.0305e+03     1.1288    75.4123 5.7509e-01 1.5851e+03  0.0538058    19.1491 266.865950     2.5311      2.541    -2.1929    300.792     9.1948 0.0000e+00
      2.482    19.1509 265.630839     0.0269 1.0305e+03     1.1288    75.4123 5.8608e-01 1.5851e+03  0.0538058    19.1488 266.683300     2.5311      2.531    -2.1877    300.790     9.1948 0.0000e+00
      2.473    19.1507 265.594680     0.0293 1.0133e+03     1.1288    75.4123 5.7875e-01 1.5851e+03  0.0538058    19.1488 266.622416     2.5311      2.522    -2.1824    300.751     9.1947 0.0000e+00
      2.465    19.1507 265.582629     0.0232 9.9073e+02     1.1288    75.4123 5.7875e-01 1.5851e+03  0.0538058    19.1489 266.683301     2.5324      2.514    -2.2047    300.737     9.2004 0.0000e+00
      2.456    19.1507 265.606732     0.0317 9.8517e+02     1.1288    75.4123 5.7509e-01 1.5851e+03  0.0542215    19.1490 266.713740     2.5311      2.504    -2.1709    300.764     9.1942 0.0000e+00
      2.447    19.1504 265.618787     0.0208 9.8517e+02     1.1288    75.4123 5.6777e-01 1.5851e+03  0.0538058    19.1488 266.805066     2.5324      2.495    -2.2154    300.780     9.2000 0.0000e+00
      2.440    19.1505 265.691101     0.0342 9.8241e+02     1.1288    75.4123 5.5678e-01 1.5851e+03  0.0538058    19.1488 266.896388     2.5311      2.488    -2.1586    300.861     9.1938 0.0000e+00
      2.435    19.1504 265.606735     0.0195 9.8241e+02     1.1288    75.4123 5.4945e-01 1.5851e+03  0.0542215    19.1486 266.805067     2.5324      2.483    -2.2216    300.766     9.1994 0.0000e+00
      2.429    19.1505 265.606731     0.0354 9.9912e+02     1.1288    75.4123 5.3846e-01 1.5851e+03  0.0542215    19.1488 266.835504     2.5324      2.477    -2.1520    300.766     9.1990 0.0000e+00
      2.421    19.1505 265.630843     0.0183 1.0480e+03     1.1274    75.4384 5.3846e-01 1.5851e+03  0.0538058    19.1486 266.835511     2.5324      2.469    -2.2277    300.793     9.1987 0.0000e+00
      2.412    19.1505 265.642886     0.0354 1.0689e+03     1.1288    75.4123 5.4212e-01 1.5851e+03  0.0538058    19.1491 266.744177     2.5324      2.460    -2.1504    300.807     9.1981 0.0000e+00
      2.403    19.1507 265.606735     0.0195 1.0659e+03     1.1274    75.4384 5.4945e-01 1.5851e+03  0.0542215    19.1490 266.865950     2.5324      2.450    -2.2230    300.764     9.1977 0.0000e+00
      2.395    19.1507 265.606729     0.0342 1.0629e+03     1.1302    75.3861 5.5311e-01 1.5851e+03  0.0542215    19.1491 266.744178     2.5324      2.442    -2.1548    300.764     9.1972 0.0000e+00
      2.388    19.1507 265.582626     0.0208 1.0629e+03     1.1274    75.4384 5.5311e-01 1.5851e+03  0.0546373    19.1491 266.805064     2.5324      2.435    -2.2183    300.737     9.1966 0.0000e+00
      2.381    19.1505 265.558521     0.0317 1.0629e+03     1.1274    75.4384 5.4945e-01 1.5851e+03  0.0554688    19.1491 266.774623     2.5324      2.428    -2.1658    300.711     9.1961 0.0000e+00
      2.373    19.1507 265.594678     0.0244 1.0599e+03     1.1302    75.3861 5.5678e-01 1.5832e+03  0.0554688    19.1493 266.713738     2.5324      2.420    -2.2032    300.751     9.1950 0.0000e+00
      2.366    19.1505 265.582626     0.0293 1.0569e+03     1.1274    75.4384 5.5678e-01 1.5832e+03  0.0558845    19.1493 266.805063     2.5324      2.413    -2.1764    300.738     9.1948 0.0000e+00
      2.359    19.1505 265.618782     0.0269 1.0569e+03     1.1302    75.3861 5.6044e-01 1.5832e+03  0.0567161    19.1491 266.774620     2.5324      2.406    -2.1926    300.779     9.1942 0.0000e+00
