data/05_metadata_exports/SeabirdData/202310_SeabirdData/88819_STN17.cnv
* Sea-Bird SBE 9 Data File:
* FileName = C:\Users\rosette\Rosette Data\2023\Ontario lower food web csmi\STN17.hex
* Software Version Seasave V 7.26.6.26
* Temperature SN = 5270
* Conductivity SN = 1168
* Number of Bytes Per Scan = 40
* Number of Voltage Words = 5
* Number of Scans Averaged by the Deck Unit = 1
* NMEA Latitude = 43 13.52 N
* NMEA Longitude = 079 16.30 W
* NMEA UTC (Time) = Sep 27 2023  18:51:38
* NMEA baud rate = 4800
** Ship: Lake Guardian
** Cruise: Ontario Lower Food Web 2023
** Station:  STN17
# nquan = 18                                
# nvalues = 15556                       
# units = specified
# name 0 = prDM: Pressure, Digiquartz [db]
# name 1 = t090C: Temperature [ITS-90, deg C]
# name 2 = c0uS/cm: Conductivity [uS/cm]
# name 3 = sbeox0V: Oxygen raw, SBE 43 [V]
# name 4 = par: PAR/Irradiance, Biospherical/Licor
# name 5 = bat: Beam Attenuation, Chelsea/Seatech [1/m]
# name 6 = xmiss: Beam Transmission, Chelsea/Seatech [%]
# name 7 = flSP: Fluorescence, Seapoint
# name 8 = spar: SPAR, Biospherical/Licor
# name 9 = upoly0: Upoly 0, Suna Nitrate
# name 10 = t190C: Temperature, 2 [ITS-90, deg C]
# name 11 = c1uS/cm: Conductivity, 2 [uS/cm]
# name 12 = sbeox1V: Oxygen raw, SBE 43, 2 [V]
# name 13 = depFM: Depth [fresh water, m], lat = 43.2253
# name 14 = sbeox0Mg/L: Oxygen, SBE 43 [mg/l], WS = 2
# name 15 = specc: Specific Conductance [uS/cm]
# name 16 = sbeox1Mg/L: Oxygen, SBE 43, 2 [mg/l], WS = 2
# name 17 = flag: flag
# span 0 =     -0.225,     10.802       
# span 1 =    15.8442,    18.5004       
# span 2 =-905.461893, 444.389924       
# span 3 =     0.0183,     0.0366       
# span 4 = 4.8543e+01, 4.1915e+03       
# span 5 =     0.1357,     4.1164       
# span 6 =    35.7326,    96.6636       
# span 7 = 0.0000e+00, 3.9267e+00       
# span 8 = 1.7919e+03, 1.8884e+03       
# span 9 =  0.0799985,  0.3294528       
# span 10 =    15.4531,    18.4973      
# span 11 =  -0.111006, 266.227270      
# span 12 =     1.8071,     2.6728      
# span 13 =     -0.229,     11.015      
# span 14 =    -2.3860,    -2.1733      
# span 15 =  -1105.839,    539.226      
# span 16 =     5.9435,    10.1908      
# span 17 = 0.0000e+00, 0.0000e+00      
# interval = seconds: 0.0416667
# start_time = Sep 27 2023 18:51:38 [NMEA time, header]
# bad_flag = -9.990e-29
*END*
[from data line 14312]
      3.350    18.4937 264.703403     0.0305 6.9321e+02     0.9925    78.0262 8.3150e-01 1.8687e+03  0.3203061    18.4909 265.892429     2.0488      3.416    -2.1992    304.270     7.2262 -9.990e-29
      3.353    18.4939 264.703401     0.0256 6.9127e+02     0.9938    78.0001 8.3150e-01 1.8687e+03  0.3203061    18.4906 265.770666     2.0501      3.419    -2.2247    304.268     7.2290 -9.990e-29
      3.357    18.4940 264.655196     0.0281 6.6272e+02     0.9925    78.0262 8.6081e-01 1.8687e+03  0.3203061    18.4900 265.648908     2.0513      3.423    -2.2097    304.212     7.2309 -9.990e-29
      3.360    18.4941 264.655196     0.0281 6.4253e+02     0.9938    78.0001 8.7912e-01 1.8687e+03  0.3203061    18.4909 265.831548     2.0525      3.426    -2.2134    304.212     7.2315 -9.990e-29
      3.362    18.4940 264.667247     0.0256 6.3713e+02     0.9938    78.0001 8.7179e-01 1.8687e+03  0.3207219    18.4904 265.648908     2.0537      3.428    -2.2215    304.226     7.2320 -9.990e-29
      3.363    18.4941 264.691351     0.0305 6.2472e+02     0.9925    78.0262 8.6081e-01 1.8687e+03  0.3203061    18.4904 265.740228     2.0549      3.429    -2.2026    304.253     7.2318 -9.990e-29
      3.362    18.4944 264.703402     0.0232 6.0739e+02     0.9912    78.0524 8.6813e-01 1.8687e+03  0.3194746    18.4905 265.861989     2.0562      3.428    -2.2327    304.265     7.2317 -9.990e-29
      3.362    18.4943 264.667246     0.0330 6.0569e+02     0.9898    78.0785 9.0476e-01 1.8687e+03  0.3190588    18.4904 265.770667     2.0574      3.428    -2.1908    304.224     7.2302 -9.990e-29
      3.362    18.4947 264.667247     0.0208 6.0910e+02     0.9885    78.1046 9.2674e-01 1.8687e+03  0.3190588    18.4904 265.740228     2.0574      3.428    -2.2439    304.221     7.2228 -9.990e-29
      3.361    18.4943 264.606989     0.0342 6.1599e+02     0.9885    78.1046 9.2308e-01 1.8687e+03  0.3190588    18.4900 265.740228     2.0586      3.427    -2.1854    304.155     7.2205 -9.990e-29
      3.359    18.4938 264.643144     0.0195 6.1947e+02     0.9885    78.1046 8.9011e-01 1.8687e+03  0.3190588    18.4892 265.740229     2.0598      3.425    -2.2502    304.200     7.2184 -9.990e-29
      3.356    18.4934 264.703403     0.0354 6.2824e+02     0.9885    78.1046 8.5348e-01 1.8687e+03  0.3190588    18.4893 265.740229     2.0598      3.422    -2.1796    304.272     7.2102 -9.990e-29
      3.352    18.4930 264.679300     0.0195 6.5163e+02     0.9898    78.0785 8.3516e-01 1.8687e+03  0.3194746    18.4881 265.770670     2.0611      3.418    -2.2511    304.247     7.2079 -9.990e-29
      3.347    18.4922 264.667247     0.0354 6.5900e+02     0.9885    78.1046 8.2784e-01 1.8687e+03  0.3194746    18.4878 265.740229     2.0611      3.413    -2.1788    304.239     7.1997 -9.990e-29
      3.341    18.4918 264.619043     0.0195 6.5900e+02     0.9898    78.0785 8.4982e-01 1.8687e+03  0.3194746    18.4871 265.740231     2.0611      3.407    -2.2511    304.186     7.1908 -9.990e-29
      3.336    18.4912 264.631094     0.0354 6.6645e+02     0.9885    78.1046 8.6813e-01 1.8687e+03  0.3194746    18.4867 265.648909     2.0611      3.402    -2.1781    304.204     7.1820 -9.990e-29
      3.331    18.4904 264.606991     0.0208 6.6833e+02     0.9885    78.1046 8.6813e-01 1.8687e+03  0.3194746    18.4864 265.709790     2.0611      3.397    -2.2458    304.182     7.1730 -9.990e-29
      3.327    18.4901 264.631095     0.0342 6.7021e+02     0.9885    78.1046 8.7546e-01 1.8687e+03  0.3194746    18.4860 265.770671     2.0611      3.393    -2.1832    304.212     7.1638 -9.990e-29
      3.322    18.4894 264.643148     0.0220 6.8162e+02     0.9885    78.1046 8.8278e-01 1.8687e+03  0.3194746    18.4859 265.740232     2.0611      3.387    -2.2405    304.231     7.1553 -9.990e-29
      3.315    18.4894 264.643147     0.0317 6.8546e+02     0.9885    78.1046 8.6447e-01 1.8687e+03  0.3194746    18.4850 265.648911     2.0611      3.380    -2.1939    304.231     7.1469 -9.990e-29
      3.308    18.4889 264.655197     0.0244 6.8546e+02     0.9885    78.1046 8.5348e-01 1.8687e+03  0.3194746    18.4850 265.740230     2.0611      3.373    -2.2298    304.248     7.1387 -9.990e-29
      3.302    18.4885 264.619044     0.0305 6.7399e+02     0.9898    78.0785 8.4249e-01 1.8687e+03  0.3190588    18.4841 265.740232     2.0611      3.367    -2.1990    304.209     7.1310 -9.990e-29
      3.296    18.4884 264.606993     0.0269 6.6645e+02     0.9885    78.1046 8.3516e-01 1.8687e+03  0.3190588    18.4841 265.740232     2.0611      3.361    -2.2183    304.196     7.1232 -9.990e-29
      3.290    18.4883 264.643148     0.0269 6.6458e+02     0.9885    78.1046 8.2784e-01 1.8687e+03  0.3190588    18.4836 265.648912     2.0598      3.355    -2.2151    304.238     7.1099 -9.990e-29
      3.282    18.4882 264.667250     0.0293 6.4798e+02     0.9885    78.1046 8.3883e-01 1.8687e+03  0.3190588    18.4834 265.648911     2.0598      3.347    -2.2075    304.267     7.1034 -9.990e-29
      3.275    18.4880 264.691353     0.0244 6.3535e+02     0.9885    78.1046 8.4982e-01 1.8687e+03  0.3190588    18.4829 265.831552     2.0586      3.340    -2.2265    304.296     7.0920 -9.990e-29
      3.269    18.4882 264.643147     0.0317 6.3356e+02     0.9885    78.1046 8.5714e-01 1.8687e+03  0.3190588    18.4827 265.770672     2.0586      3.333    -2.1968    304.239     7.0862 -9.990e-29
      3.261    18.4881 264.655199     0.0220 6.2648e+02     0.9858    78.1569 8.5714e-01 1.8687e+03  0.3194746    18.4822 265.740233     2.0574      3.325    -2.2378    304.254     7.0755 -9.990e-29
      3.252    18.4880 264.619042     0.0330 6.1773e+02     0.9845    78.1831 8.5714e-01 1.8687e+03  0.3194746    18.4818 265.618471     2.0574      3.316    -2.1906    304.213     7.0709 -9.990e-29
      3.243    18.4880 264.631095     0.0195 6.1599e+02     0.9845    78.1831 8.6813e-01 1.8687e+03  0.3194746    18.4822 265.618472     2.0562      3.307    -2.2496    304.227     7.0612 -9.990e-29
      3.235    18.4885 264.643146     0.0342 6.0569e+02     0.9858    78.1569 8.7179e-01 1.8687e+03  0.3194746    18.4820 265.709792     2.0562      3.299    -2.1848    304.237     7.0577 -9.990e-29
      3.225    18.4887 264.655196     0.0195 5.9222e+02     0.9845    78.1831 8.8645e-01 1.8687e+03  0.3198904    18.4810 265.770672     2.0549      3.289    -2.2501    304.249     7.0491 -9.990e-29
      3.216    18.4887 264.667248     0.0354 5.8889e+02     0.9858    78.1569 8.8278e-01 1.8687e+03  0.3190588    18.4812 265.801112     2.0537      3.279    -2.1790    304.263     7.0418 -9.990e-29
      3.208    18.4881 264.619042     0.0195 5.8231e+02     0.9858    78.1569 8.9377e-01 1.8707e+03  0.3186431    18.4803 265.679352     2.0537      3.271    -2.2510    304.212     7.0404 -9.990e-29
      3.200    18.4877 264.715455     0.0354 5.6776e+02     0.9845    78.1831 9.7070e-01 1.8707e+03  0.3182273    18.4808 265.709792     2.0537      3.263    -2.1791    304.326     7.0400 -9.990e-29
      3.192    18.4877 264.679300     0.0195 5.6457e+02     0.9858    78.1569 1.0806e+00 1.8707e+03  0.3186431    18.4800 265.740233     2.0525      3.255    -2.2519    304.284     7.0348 -9.990e-29
      3.183    18.4875 264.643145     0.0354 5.6776e+02     0.9858    78.1569 1.0513e+00 1.8707e+03  0.3186431    18.4798 265.892433     2.0513      3.246    -2.1784    304.244     7.0297 -9.990e-29
      3.174    18.4874 264.655197     0.0220 5.7418e+02     0.9845    78.1831 9.7436e-01 1.8707e+03  0.3186431    18.4794 265.679353     2.0513      3.237    -2.2407    304.258     7.0314 -9.990e-29
      3.165    18.4870 264.691351     0.0342 5.7742e+02     0.9858    78.1569 9.3040e-01 1.8707e+03  0.3186431    18.4787 265.618472     2.0501      3.227    -2.1835    304.303     7.0278 -9.990e-29
      3.156    18.4868 264.703403     0.0232 5.8231e+02     0.9858    78.1569 9.2674e-01 1.8707e+03  0.3186431    18.4791 265.709792     2.0501      3.218    -2.2358    304.318     7.0303 0.0000e+00
      3.149    18.4873 264.655196     0.0305 6.0910e+02     0.9845    78.1831 9.4505e-01 1.8726e+03  0.3186431    18.4787 265.618472     2.0488      3.211    -2.1996    304.259     7.0270 0.0000e+00
      3.142    18.4877 264.655195     0.0256 6.2121e+02     0.9858    78.1569 9.3773e-01 1.8726e+03  0.3190588    18.4789 265.618472     2.0476      3.204    -2.2246    304.256     7.0243 0.0000e+00
      3.135    18.4883 264.691350     0.0293 6.2296e+02     0.9845    78.1831 9.4505e-01 1.8726e+03  0.3190588    18.4786 265.740232     2.0476      3.197    -2.2046    304.294     7.0279 0.0000e+00
      3.128    18.4891 264.655193     0.0281 6.5530e+02     0.9858    78.1569 9.3407e-01 1.8726e+03  0.3190588    18.4786 265.679351     2.0464      3.190    -2.2133    304.247     7.0265 0.0000e+00
      3.122    18.4896 264.631091     0.0269 6.7021e+02     0.9845    78.1831 9.2308e-01 1.8726e+03  0.3186431    18.4782 265.709792     2.0464      3.184    -2.2160    304.215     7.0309 0.0000e+00
      3.117    18.4898 264.631090     0.0305 6.7210e+02     0.9845    78.1831 9.0110e-01 1.8726e+03  0.3186431    18.4782 265.831552     2.0464      3.178    -2.2030    304.214     7.0358 0.0000e+00
      3.112    18.4902 264.643140     0.0244 6.9712e+02     0.9845    78.1831 8.8278e-01 1.8726e+03  0.3186431    18.4781 265.648911     2.0452      3.173    -2.2273    304.225     7.0354 0.0000e+00
      3.107    18.4908 264.655193     0.0317 7.1098e+02     0.9818    78.2353 8.9744e-01 1.8726e+03  0.3186431    18.4781 265.588032     2.0452      3.168    -2.1971    304.235     7.0410 0.0000e+00
      3.102    18.4908 264.619037     0.0208 7.1298e+02     0.9805    78.2615 9.4872e-01 1.8726e+03  0.3186431    18.4781 265.740231     2.0452      3.163    -2.2440    304.193     7.0467 0.0000e+00
      3.097    18.4910 264.691346     0.0342 7.2920e+02     0.9805    78.2615 9.7802e-01 1.8726e+03  0.3186431    18.4781 265.618471     2.0452      3.158    -2.1854    304.275     7.0525 0.0000e+00
      3.092    18.4908 264.679295     0.0195 7.4370e+02     0.9791    78.2876 1.0000e+00 1.8726e+03  0.3186431    18.4779 265.740231     2.0440      3.153    -2.2503    304.262     7.0528 -9.990e-29
      3.089    18.4910 264.667241     0.0354 7.4579e+02     0.9805    78.2615 1.0293e+00 1.8726e+03  0.3186431    18.4786 265.801110     2.0440      3.150    -2.1796    304.247     7.0591 -9.990e-29
      3.088    18.4912 264.703398     0.0195 7.5635e+02     0.9805    78.2615 1.0440e+00 1.8726e+03  0.3186431    18.4791 265.740230     2.0440      3.149    -2.2511    304.287     7.0653 -9.990e-29
      3.088    18.4913 264.655191     0.0354 7.6922e+02     0.9805    78.2615 1.0110e+00 1.8726e+03  0.3186431    18.4794 265.740230     2.0440      3.149    -2.1800    304.231     7.0721 -9.990e-29
      3.087    18.4912 264.679295     0.0195 7.7356e+02     0.9805    78.2615 9.8168e-01 1.8726e+03  0.3186431    18.4794 265.648910     2.0440      3.148    -2.2523    304.260     7.0784 -9.990e-29
      3.087    18.4913 264.703396     0.0354 7.8894e+02     0.9805    78.2615 9.4872e-01 1.8726e+03  0.3186431    18.4792 265.740229     2.0440      3.148    -2.1800    304.287     7.0851 -9.990e-29
      3.088    18.4913 264.715449     0.0195 8.1831e+02     0.9805    78.2615 9.1209e-01 1.8726e+03  0.3186431    18.4793 265.801111     2.0452      3.149    -2.2532    304.300     7.0972 -9.990e-29
      3.090    18.4911 264.703398     0.0342 8.2524e+02     0.9791    78.2876 9.2674e-01 1.8726e+03  0.3190588    18.4789 265.679350     2.0452      3.151    -2.1851    304.288     7.1037 -9.990e-29
      3.093    18.4915 264.715449     0.0208 8.2524e+02     0.9791    78.2876 9.3773e-01 1.8726e+03  0.3144855    18.4789 265.648910     2.0464      3.154    -2.2474    304.299     7.1160 -9.990e-29
      3.096    18.4913 264.727501     0.0330 8.2292e+02     0.9791    78.2876 9.1209e-01 1.8746e+03  0.3049231    18.4807 265.740229     2.0464      3.157    -2.1898    304.314     7.1227 -9.990e-29
      3.099    18.4915 264.655191     0.0244 8.2292e+02     0.9805    78.2615 8.9011e-01 1.8746e+03  0.3015970    18.4824 265.801108     2.0464      3.160    -2.2316    304.230     7.1293 -9.990e-29
      3.104    18.4915 264.739552     0.0305 8.1831e+02     0.9805    78.2615 8.7546e-01 1.8746e+03  0.3015970    18.4845 265.679345     2.0476      3.165    -2.2008    304.327     7.1411 -9.990e-29
      3.109    18.4917 264.739552     0.0256 8.0236e+02     0.9805    78.2615 8.7546e-01 1.8746e+03  0.3020128    18.4853 265.831546     2.0476      3.170    -2.2258    304.325     7.1478 -9.990e-29
      3.116    18.4919 264.727501     0.0281 7.9562e+02     0.9791    78.2876 8.7179e-01 1.8746e+03  0.3020128    18.4866 265.922866     2.0488      3.177    -2.2109    304.310     7.1592 -9.990e-29
      3.123    18.4919 264.727502     0.0293 7.8894e+02     0.9805    78.2615 8.4982e-01 1.8746e+03  0.3020128    18.4871 265.892426     2.0488      3.185    -2.2087    304.310     7.1653 -9.990e-29
      3.130    18.4916 264.727501     0.0256 7.2716e+02     0.9791    78.2876 8.4249e-01 1.8746e+03  0.3020128    18.4878 265.648903     2.0488      3.192    -2.2226    304.312     7.1710 -9.990e-29
      3.138    18.4919 264.727502     0.0305 6.9909e+02     0.9818    78.2353 8.5714e-01 1.8746e+03  0.3020128    18.4887 265.801104     2.0501      3.200    -2.2032    304.310     7.1823 -9.990e-29
      3.147    18.4918 264.727502     0.0232 6.9712e+02     0.9831    78.2092 8.7179e-01 1.8746e+03  0.3020128    18.4890 265.801104     2.0513      3.209    -2.2330    304.311     7.1933 -9.990e-29
      3.157    18.4919 264.751605     0.0317 6.9321e+02     0.9845    78.1831 8.8645e-01 1.8746e+03  0.3020128    18.4889 265.801104     2.0513      3.219    -2.1970    304.338     7.1979 -9.990e-29
      3.168    18.4921 264.787760     0.0208 6.9127e+02     0.9858    78.1569 8.6813e-01 1.8746e+03  0.3020128    18.4893 265.740223     2.0525      3.230    -2.2438    304.378     7.2080 -9.990e-29
      3.179    18.4920 264.727503     0.0342 6.9127e+02     0.9858    78.1569 8.3883e-01 1.8746e+03  0.3020128    18.4890 265.770665     2.0525      3.242    -2.1852    304.309     7.2122 -9.990e-29
      3.190    18.4925 264.775710     0.0195 7.0898e+02     0.9845    78.1831 8.3883e-01 1.8746e+03  0.3020128    18.4900 265.740224     2.0537      3.253    -2.2500    304.361     7.2213 -9.990e-29
      3.200    18.4920 264.811864     0.0354 7.2308e+02     0.9845    78.1831 8.5714e-01 1.8746e+03  0.3020128    18.4892 265.831544     2.0549      3.263    -2.1793    304.406     7.2306 -9.990e-29
      3.212    18.4921 264.775710     0.0195 7.2511e+02     0.9858    78.1569 8.7179e-01 1.8746e+03  0.3020128    18.4890 265.801105     2.0549      3.275    -2.2511    304.364     7.2338 -9.990e-29
      3.223    18.4926 264.799815     0.0354 7.3538e+02     0.9858    78.1569 8.7179e-01 1.8746e+03  0.3020128    18.4888 265.740226     2.0562      3.287    -2.1791    304.388     7.2425 -9.990e-29
      3.234    18.4932 264.823916     0.0195 7.4579e+02     0.9858    78.1569 8.5714e-01 1.8746e+03  0.3020128    18.4885 265.770665     2.0574      3.298    -2.2518    304.412     7.2497 -9.990e-29
      3.246    18.4936 264.775710     0.0342 7.4789e+02     0.9845    78.1831 8.4982e-01 1.8746e+03  0.3020128    18.4887 265.861987     2.0586      3.310    -2.1840    304.354     7.2568 -9.990e-29
      3.257    18.4940 264.787761     0.0195 7.6276e+02     0.9845    78.1831 8.5714e-01 1.8746e+03  0.3020128    18.4888 265.770667     2.0598      3.321    -2.2517    304.365     7.2634 -9.990e-29
      3.267    18.4943 264.835968     0.0342 7.8451e+02     0.9845    78.1831 8.5348e-01 1.8746e+03  0.3020128    18.4887 265.831547     2.0598      3.331    -2.1835    304.418     7.2640 -9.990e-29
