data/05_metadata_exports/SeabirdData/202310_SeabirdData/88819_STN17.cnv
* Sea-Bird SBE 9 Data File:
* FileName = C:\Users\rosette\Rosette Data\2023\Ontario lower food web csmi\STN17.hex
* Software Version Seasave V 7.26.6.26
* Temperature SN = 5270
* Conductivity SN = 1168
* Number of Bytes Per Scan = 40
* Number of Voltage Words = 5
* Number of Scans Averaged by the Deck Unit = 1
* NMEA Latitude = 43 13.52 N
* NMEA Longitude = 079 16.30 W
* NMEA UTC (Time) = Sep 27 2023  18:51:38
* NMEA baud rate = 4800
** Ship: Lake Guardian
** Cruise: Ontario Lower Food Web 2023
** Station:  STN17
# nquan = 18                                
# nvalues = 15556                       
# units = specified
# name 0 = prDM: Pressure, Digiquartz [db]
# name 1 = t090C: Temperature [ITS-90, deg C]
# name 2 = c0uS/cm: Conductivity [uS/cm]
# name 3 = sbeox0V: Oxygen raw, SBE 43 [V]
# name 4 = par: PAR/Irradiance, Biospherical/Licor
# name 5 = bat: Beam Attenuation, Chelsea/Seatech [1/m]
# name 6 = xmiss: Beam Transmission, Chelsea/Seatech [%]
# name 7 = flSP: Fluorescence, Seapoint
# name 8 = spar: SPAR, Biospherical/Licor
# name 9 = upoly0: Upoly 0, Suna Nitrate
# name 10 = t190C: Temperature, 2 [ITS-90, deg C]
# name 11 = c1uS/cm: Conductivity, 2 [uS/cm]
# name 12 = sbeox1V: Oxygen raw, SBE 43, 2 [V]
# name 13 = depFM: Depth [fresh water, m], lat = 43.2253
# name 14 = sbeox0Mg/L: Oxygen, SBE 43 [mg/l], WS = 2
# name 15 = specc: Specific Conductance [uS/cm]
# name 16 = sbeox1Mg/L: Oxygen, SBE 43, 2 [mg/l], WS = 2
# name 17 = flag: flag
# span 0 =     -0.225,     10.802       
# span 1 =    15.8442,    18.5004       
# span 2 =-905.461893, 444.389924       
# span 3 =     0.0183,     0.0366       
# span 4 = 4.8543e+01, 4.1915e+03       
# span 5 =     0.1357,     4.1164       
# span 6 =    35.7326,    96.6636       
# span 7 = 0.0000e+00, 3.9267e+00       
# span 8 = 1.7919e+03, 1.8884e+03       
# span 9 =  0.0799985,  0.3294528       
# span 10 =    15.4531,    18.4973      
# span 11 =  -0.111006, 266.227270      
# span 12 =     1.8071,     2.6728      
# span 13 =     -0.229,     11.015      
# span 14 =    -2.3860,    -2.1733      
# span 15 =  -1105.839,    539.226      
# span 16 =     5.9435,    10.1908      
# span 17 = 0.0000e+00, 0.0000e+00      
# interval = seconds: 0.0416667
# start_time = Sep 27 2023 18:51:38 [NMEA time, header]
# bad_flag = -9.990e-29
*END*
[from data line 13749]
      4.813    18.3994 264.570953     0.0305 4.1670e+02     0.9552    78.7581 9.2308e-01 1.8667e+03  0.3194746    18.3942 265.618588     2.5360      4.908    -2.2082    304.778     9.3332 -9.990e-29
      4.822    18.4002 264.643261     0.0232 4.1204e+02     0.9565    78.7320 9.1575e-01 1.8687e+03  0.3194746    18.3942 265.496827     2.5360      4.917    -2.2384    304.856     9.3295 -9.990e-29
      4.830    18.3999 264.558902     0.0330 4.1088e+02     0.9565    78.7320 9.0110e-01 1.8687e+03  0.3194746    18.3943 265.557708     2.5372      4.925    -2.1965    304.761     9.3305 -9.990e-29
      4.837    18.4002 264.558901     0.0208 4.1088e+02     0.9552    78.7581 9.0110e-01 1.8667e+03  0.3194746    18.3948 265.588147     2.5372      4.932    -2.2492    304.759     9.3252 -9.990e-29
      4.845    18.3997 264.583005     0.0342 4.0514e+02     0.9552    78.7581 9.1575e-01 1.8667e+03  0.3194746    18.3948 265.618588     2.5360      4.941    -2.1902    304.790     9.3143 -9.990e-29
      4.853    18.4000 264.510696     0.0195 4.0174e+02     0.9538    78.7843 9.1575e-01 1.8667e+03  0.3194746    18.3948 265.588148     2.5360      4.949    -2.2551    304.705     9.3082 -9.990e-29
      4.860    18.3997 264.558902     0.0354 4.0174e+02     0.9538    78.7843 8.7912e-01 1.8667e+03  0.3194746    18.3946 265.588148     2.5360      4.956    -2.1843    304.762     9.3016 -9.990e-29
      4.867    18.3995 264.546851     0.0195 3.9836e+02     0.9538    78.7843 8.5348e-01 1.8667e+03  0.3194746    18.3951 265.679468     2.5360      4.963    -2.2559    304.750     9.2942 -9.990e-29
      4.874    18.3995 264.619160     0.0354 3.9502e+02     0.9538    78.7843 8.7912e-01 1.8667e+03  0.3198904    18.3953 265.618588     2.5360      4.970    -2.1842    304.833     9.2864 -9.990e-29
      4.882    18.3987 264.570955     0.0195 3.9502e+02     0.9538    78.7843 9.1575e-01 1.8667e+03  0.3194746    18.3955 265.679467     2.5360      4.978    -2.2571    304.783     9.2781 -9.990e-29
      4.890    18.3985 264.546854     0.0354 3.8623e+02     0.9538    78.7843 9.5971e-01 1.8667e+03  0.3198904    18.3956 265.618589     2.5348      4.986    -2.1842    304.757     9.2648 -9.990e-29
      4.897    18.3982 264.583008     0.0208 3.7977e+02     0.9538    78.7843 1.0366e+00 1.8667e+03  0.3198904    18.3965 265.588148     2.5348      4.994    -2.2516    304.801     9.2559 -9.990e-29
      4.903    18.3982 264.583007     0.0342 3.7764e+02     0.9538    78.7843 1.0586e+00 1.8667e+03  0.3203061    18.3965 265.588146     2.5348      5.000    -2.1888    304.801     9.2469 -9.990e-29
      4.909    18.3975 264.558906     0.0220 3.7341e+02     0.9552    78.7581 1.0183e+00 1.8667e+03  0.3207219    18.3972 265.679468     2.5348      5.006    -2.2462    304.778     9.2374 -9.990e-29
      4.915    18.3975 264.619164     0.0317 3.6717e+02     0.9552    78.7581 9.9267e-01 1.8667e+03  0.3207219    18.3976 265.618588     2.5348      5.012    -2.1994    304.847     9.2272 -9.990e-29
      4.919    18.3971 264.595061     0.0244 3.6613e+02     0.9552    78.7581 9.9267e-01 1.8667e+03  0.3207219    18.3975 265.740348     2.5336      5.016    -2.2354    304.822     9.2113 -9.990e-29
      4.923    18.3966 264.619164     0.0293 3.6204e+02     0.9538    78.7843 1.0293e+00 1.8667e+03  0.3207219    18.3975 265.679467     2.5324      5.020    -2.2103    304.854     9.1948 -9.990e-29
      4.926    18.3966 264.595061     0.0269 3.5498e+02     0.9538    78.7843 1.0696e+00 1.8667e+03  0.3207219    18.3981 265.527267     2.5311      5.023    -2.2245    304.826     9.1772 -9.990e-29
      4.929    18.3968 264.534804     0.0269 3.5299e+02     0.9538    78.7843 1.0549e+00 1.8667e+03  0.3207219    18.3977 265.679467     2.5311      5.026    -2.2212    304.755     9.1656 -9.990e-29
      4.933    18.3964 264.534804     0.0293 3.5101e+02     0.9538    78.7843 1.0147e+00 1.8667e+03  0.3211376    18.3981 265.618587     2.5299      5.030    -2.2135    304.758     9.1484 -9.990e-29
      4.936    18.3965 264.583011     0.0244 3.4417e+02     0.9552    78.7581 9.6703e-01 1.8667e+03  0.3211376    18.3977 265.588148     2.5287      5.033    -2.2324    304.813     9.1303 -9.990e-29
      4.938    18.3963 264.546855     0.0317 3.4224e+02     0.9552    78.7581 9.4139e-01 1.8667e+03  0.3211376    18.3981 265.679467     2.5275      5.035    -2.2026    304.772     9.1118 -9.990e-29
      4.940    18.3961 264.534804     0.0220 3.4128e+02     0.9552    78.7581 9.4505e-01 1.8667e+03  0.3211376    18.3982 265.740347     2.5275      5.037    -2.2436    304.760     9.0985 -9.990e-29
      4.943    18.3959 264.583012     0.0330 3.3557e+02     0.9552    78.7581 9.6703e-01 1.8667e+03  0.3211376    18.3981 265.618588     2.5250      5.040    -2.1962    304.817     9.0739 -9.990e-29
      4.944    18.3959 264.631216     0.0195 3.3275e+02     0.9578    78.7058 9.6337e-01 1.8667e+03  0.3211376    18.3979 265.618587     2.5238      5.041    -2.2552    304.872     9.0547 -9.990e-29
      4.945    18.3959 264.595063     0.0342 3.3275e+02     0.9578    78.7058 9.4505e-01 1.8667e+03  0.3211376    18.3982 265.649028     2.5226      5.042    -2.1902    304.831     9.0352 -9.990e-29
      4.945    18.3961 264.583010     0.0195 3.2995e+02     0.9578    78.7058 9.4505e-01 1.8667e+03  0.3211376    18.3977 265.588147     2.5214      5.042    -2.2555    304.816     9.0157 -9.990e-29
      4.945    18.3963 264.546857     0.0354 3.2902e+02     0.9578    78.7058 9.4505e-01 1.8687e+03  0.3207219    18.3981 265.496828     2.5189      5.042    -2.1842    304.772     8.9905 -9.990e-29
      4.944    18.3962 264.583011     0.0195 3.2902e+02     0.9578    78.7058 9.4872e-01 1.8687e+03  0.3207219    18.3977 265.557708     2.5177      5.041    -2.2562    304.815     8.9710 -9.990e-29
      4.942    18.3964 264.534804     0.0354 3.2995e+02     0.9591    78.6797 9.3773e-01 1.8687e+03  0.3207219    18.3977 265.496827     2.5153      5.039    -2.1836    304.758     8.9455 -9.990e-29
      4.940    18.3966 264.522754     0.0195 3.3088e+02     0.9578    78.7058 9.4139e-01 1.8687e+03  0.3207219    18.3981 265.679468     2.5128      5.037    -2.2565    304.743     8.9197 -9.990e-29
      4.938    18.3964 264.534804     0.0342 3.3088e+02     0.9578    78.7058 9.5971e-01 1.8687e+03  0.3207219    18.3979 265.557707     2.5104      5.035    -2.1882    304.758     8.8947 -9.990e-29
      4.935    18.3964 264.570958     0.0208 3.3462e+02     0.9578    78.7058 9.7802e-01 1.8687e+03  0.3207219    18.3979 265.588147     2.5079      5.032    -2.2505    304.800     8.8694 -9.990e-29
      4.933    18.3963 264.595061     0.0330 3.3841e+02     0.9578    78.7058 9.7802e-01 1.8687e+03  0.3207219    18.3979 265.527267     2.5055      5.030    -2.1927    304.828     8.8445 -9.990e-29
      4.930    18.3963 264.631217     0.0232 3.3841e+02     0.9578    78.7058 9.6703e-01 1.8687e+03  0.3211376    18.3975 265.679469     2.5043      5.027    -2.2396    304.870     8.8255 -9.990e-29
      4.926    18.3964 264.607113     0.0317 3.4224e+02     0.9578    78.7058 9.6703e-01 1.8687e+03  0.3211376    18.3974 265.740348     2.5006      5.023    -2.1982    304.841     8.7945 -9.990e-29
      4.921    18.3962 264.583010     0.0256 3.4806e+02     0.9578    78.7058 1.0037e+00 1.8687e+03  0.3211376    18.3976 265.649027     2.4982      5.018    -2.2291    304.815     8.7700 -9.990e-29
      4.915    18.3966 264.595061     0.0293 3.4904e+02     0.9578    78.7058 1.0147e+00 1.8687e+03  0.3211376    18.3975 265.527267     2.4957      5.012    -2.2090    304.826     8.7451 -9.990e-29
      4.910    18.3963 264.595060     0.0281 3.4806e+02     0.9578    78.7058 1.0147e+00 1.8687e+03  0.3211376    18.3977 265.679466     2.4921      5.007    -2.2181    304.828     8.7158 -9.990e-29
      4.906    18.3964 264.583010     0.0256 3.4708e+02     0.9578    78.7058 1.0183e+00 1.8687e+03  0.3203061    18.3977 265.557707     2.4884      5.003    -2.2260    304.813     8.6867 -9.990e-29
      4.902    18.3963 264.583010     0.0293 3.4708e+02     0.9578    78.7058 1.0183e+00 1.8687e+03  0.3198904    18.3977 265.679467     2.4860      4.999    -2.2125    304.814     8.6635 -9.990e-29
      4.897    18.3961 264.583008     0.0232 3.4417e+02     0.9565    78.7320 1.0073e+00 1.8687e+03  0.3194746    18.3977 265.618585     2.4823      4.994    -2.2372    304.816     8.6347 -9.990e-29
      4.893    18.3959 264.534805     0.0317 3.3936e+02     0.9578    78.7058 9.7802e-01 1.8687e+03  0.3194746    18.3979 265.679468     2.4799      4.989    -2.2015    304.761     8.6117 -9.990e-29
      4.887    18.3963 264.607111     0.0208 3.3746e+02     0.9578    78.7058 9.5604e-01 1.8687e+03  0.3198904    18.3979 265.618585     2.4762      4.983    -2.2487    304.842     8.5836 -9.990e-29
      4.881    18.3962 264.607111     0.0342 3.3651e+02     0.9538    78.7843 9.3773e-01 1.8687e+03  0.3198904    18.3981 265.679465     2.4725      4.977    -2.1904    304.843     8.5556 -9.990e-29
      4.876    18.3963 264.583010     0.0195 3.3275e+02     0.9512    78.8365 9.3773e-01 1.8687e+03  0.3198904    18.3979 265.649027     2.4689      4.972    -2.2552    304.814     8.5286 -9.990e-29
      4.869    18.3961 264.583008     0.0354 3.3181e+02     0.9512    78.8365 9.5238e-01 1.8687e+03  0.3198904    18.3977 265.588145     2.4652      4.965    -2.1843    304.816     8.5014 -9.990e-29
      4.862    18.3961 264.558905     0.0195 3.3181e+02     0.9512    78.8365 9.6703e-01 1.8687e+03  0.3203061    18.3982 265.588145     2.4628      4.958    -2.2559    304.788     8.4811 -9.990e-29
      4.856    18.3959 264.570956     0.0354 3.3275e+02     0.9512    78.8365 9.5238e-01 1.8687e+03  0.3203061    18.3981 265.588144     2.4579      4.952    -2.1841    304.803     8.4492 -9.990e-29
      4.851    18.3963 264.619163     0.0195 3.3368e+02     0.9525    78.8104 9.5604e-01 1.8687e+03  0.3203061    18.3979 265.679465     2.4542      4.947    -2.2564    304.856     8.4231 -9.990e-29
      4.847    18.3961 264.595060     0.0354 3.3368e+02     0.9512    78.8365 1.0623e+00 1.8687e+03  0.3203061    18.3976 265.618586     2.4505      4.943    -2.1835    304.829     8.3982 -9.990e-29
      4.843    18.3960 264.546853     0.0195 3.3557e+02     0.9512    78.8365 1.1795e+00 1.8687e+03  0.3198904    18.3975 265.588144     2.4469      4.938    -2.2568    304.775     8.3747 -9.990e-29
      4.839    18.3963 264.583008     0.0342 3.3651e+02     0.9525    78.8104 1.1722e+00 1.8687e+03  0.3198904    18.3979 265.679465     2.4420      4.934    -2.1884    304.814     8.3449 -9.990e-29
      4.835    18.3961 264.583008     0.0220 3.3651e+02     0.9512    78.8365 1.1099e+00 1.8687e+03  0.3198904    18.3982 265.557705     2.4383      4.930    -2.2457    304.816     8.3216 -9.990e-29
      4.829    18.3961 264.534801     0.0330 3.3936e+02     0.9512    78.8365 1.0440e+00 1.8687e+03  0.3198904    18.3979 265.557704     2.4347      4.924    -2.1934    304.760     8.2994 -9.990e-29
      4.824    18.3963 264.643265     0.0244 3.4224e+02     0.9512    78.8365 9.9267e-01 1.8687e+03  0.3198904    18.3979 265.496825     2.4310      4.919    -2.2351    304.884     8.2766 -9.990e-29
      4.819    18.3963 264.607110     0.0305 3.4224e+02     0.9512    78.8365 9.7436e-01 1.8687e+03  0.3198904    18.3982 265.588144     2.4274      4.914    -2.2046    304.842     8.2543 -9.990e-29
      4.815    18.3963 264.546853     0.0269 3.4806e+02     0.9525    78.8104 9.8168e-01 1.8687e+03  0.3198904    18.3984 265.649023     2.4225      4.910    -2.2241    304.772     8.2266 -9.990e-29
      4.811    18.3963 264.522750     0.0281 3.5498e+02     0.9525    78.8104 9.7070e-01 1.8687e+03  0.3198904    18.3988 265.527263     2.4188      4.906    -2.2153    304.745     8.2050 -9.990e-29
      4.807    18.3964 264.583007     0.0281 3.5598e+02     0.9512    78.8365 9.7070e-01 1.8687e+03  0.3198904    18.3993 265.588143     2.4139      4.902    -2.2186    304.813     8.1789 -9.990e-29
      4.803    18.3963 264.607110     0.0244 3.6204e+02     0.9525    78.8104 9.8535e-01 1.8687e+03  0.3198904    18.3990 265.709903     2.4103      4.898    -2.2320    304.842     8.1590 -9.990e-29
      4.799    18.3966 264.558904     0.0305 3.7132e+02     0.9512    78.8365 9.8901e-01 1.8687e+03  0.3198904    18.3989 265.618583     2.4054      4.894    -2.2076    304.784     8.1333 -9.990e-29
      4.794    18.3966 264.546852     0.0220 3.7446e+02     0.9512    78.8365 9.7070e-01 1.8687e+03  0.3198904    18.3988 265.618583     2.4017      4.889    -2.2431    304.770     8.1138 -9.990e-29
      4.789    18.3964 264.619160     0.0330 3.7977e+02     0.9512    78.8365 9.5604e-01 1.8687e+03  0.3198904    18.3995 265.649021     2.3980      4.883    -2.1960    304.855     8.0944 -9.990e-29
      4.785    18.3968 264.631213     0.0208 3.9391e+02     0.9538    78.7843 9.8168e-01 1.8687e+03  0.3203061    18.3995 265.588143     2.3932      4.879    -2.2491    304.866     8.0703 -9.990e-29
      4.781    18.3966 264.607108     0.0342 3.9725e+02     0.9552    78.7581 9.9634e-01 1.8687e+03  0.3203061    18.3995 265.618581     2.3895      4.875    -2.1908    304.840     8.0519 -9.990e-29
      4.778    18.3966 264.534799     0.0195 4.0174e+02     0.9538    78.7843 1.0147e+00 1.8687e+03  0.3198904    18.3998 265.527261     2.3846      4.872    -2.2560    304.756     8.0281 -9.990e-29
      4.776    18.3969 264.534801     0.0342 4.1787e+02     0.9538    78.7843 1.0366e+00 1.8687e+03  0.3203061    18.3996 265.709903     2.3810      4.870    -2.1905    304.754     8.0112 -9.990e-29
      4.774    18.3968 264.583005     0.0183 4.2260e+02     0.9538    78.7843 1.0330e+00 1.8687e+03  0.3198904    18.3995 265.740342     2.3761      4.868    -2.2624    304.811     7.9884 -9.990e-29
      4.772    18.3969 264.607108     0.0354 4.2379e+02     0.9538    78.7843 1.0293e+00 1.8687e+03  0.3198904    18.3995 265.557702     2.3724      4.866    -2.1844    304.838     7.9715 -9.990e-29
      4.769    18.3969 264.607109     0.0195 4.3221e+02     0.9552    78.7581 1.0147e+00 1.8687e+03  0.3198904    18.3993 265.679463     2.3675      4.863    -2.2572    304.838     7.9492 -9.990e-29
      4.766    18.3969 264.679418     0.0342 4.3588e+02     0.9538    78.7843 1.0037e+00 1.8687e+03  0.3198904    18.3993 265.618581     2.3639      4.860    -2.1892    304.921     7.9332 -9.990e-29
      4.763    18.3971 264.607108     0.0208 4.3588e+02     0.9538    78.7843 1.0183e+00 1.8687e+03  0.3203061    18.3993 265.740342     2.3590      4.857    -2.2511    304.836     7.9119 -9.990e-29
      4.760    18.3971 264.558902     0.0342 4.3710e+02     0.9538    78.7843 1.1026e+00 1.8687e+03  0.3203061    18.3996 265.618581     2.3541      4.854    -2.1883    304.781     7.8904 -9.990e-29
      4.757    18.3974 264.570953     0.0232 4.3833e+02     0.9552    78.7581 1.1282e+00 1.8687e+03  0.3203061    18.3995 265.588141     2.3516      4.851    -2.2405    304.792     7.8807 -9.990e-29
      4.755    18.3973 264.546850     0.0317 4.3833e+02     0.9552    78.7581 1.0842e+00 1.8687e+03  0.3207219    18.3998 265.588141     2.3480      4.849    -2.1990    304.765     7.8661 -9.990e-29
      4.754    18.3973 264.570953     0.0244 4.3833e+02     0.9552    78.7581 1.0513e+00 1.8687e+03  0.3203061    18.4000 265.679461     2.3431      4.848    -2.2353    304.793     7.8457 -9.990e-29
      4.752    18.3978 264.619159     0.0293 4.3833e+02     0.9538    78.7843 1.0440e+00 1.8687e+03  0.3203061    18.4000 265.496821     2.3394      4.846    -2.2098    304.845     7.8307 -9.990e-29
      4.750    18.3982 264.522747     0.0269 4.3833e+02     0.9538    78.7843 1.0513e+00 1.8687e+03  0.3203061    18.4002 265.588141     2.3358      4.844    -2.2238    304.731     7.8167 -9.990e-29
      4.749    18.3988 264.570950     0.0269 4.3465e+02     0.9538    78.7843 1.0549e+00 1.8687e+03  0.3203061    18.4002 265.588139     2.3309      4.843    -2.2200    304.783     7.7970 -9.990e-29
