data/05_metadata_exports/SeabirdData/202310_SeabirdData/88819_STN17.cnv
* Sea-Bird SBE 9 Data File:
* FileName = C:\Users\rosette\Rosette Data\2023\Ontario lower food web csmi\STN17.hex
* Software Version Seasave V 7.26.6.26
* Temperature SN = 5270
* Conductivity SN = 1168
* Number of Bytes Per Scan = 40
* Number of Voltage Words = 5
* Number of Scans Averaged by the Deck Unit = 1
* NMEA Latitude = 43 13.52 N
* NMEA Longitude = 079 16.30 W
* NMEA UTC (Time) = Sep 27 2023  18:51:38
* NMEA baud rate = 4800
** Ship: Lake Guardian
** Cruise: Ontario Lower Food Web 2023
** Station:  STN17
# nquan = 18                                
# nvalues = 15556                       
# units = specified
# name 0 = prDM: Pressure, Digiquartz [db]
# name 1 = t090C: Temperature [ITS-90, deg C]
# name 2 = c0uS/cm: Conductivity [uS/cm]
# name 3 = sbeox0V: Oxygen raw, SBE 43 [V]
# name 4 = par: PAR/Irradiance, Biospherical/Licor
# name 5 = bat: Beam Attenuation, Chelsea/Seatech [1/m]
# name 6 = xmiss: Beam Transmission, Chelsea/Seatech [%]
# name 7 = flSP: Fluorescence, Seapoint
# name 8 = spar: SPAR, Biospherical/Licor
# name 9 = upoly0: Upoly 0, Suna Nitrate
# name 10 = t190C: Temperature, 2 [ITS-90, deg C]
# name 11 = c1uS/cm: Conductivity, 2 [uS/cm]
# name 12 = sbeox1V: Oxygen raw, SBE 43, 2 [V]
# name 13 = depFM: Depth [fresh water, m], lat = 43.2253
# name 14 = sbeox0Mg/L: Oxygen, SBE 43 [mg/l], WS = 2
# name 15 = specc: Specific Conductance [uS/cm]
# name 16 = sbeox1Mg/L: Oxygen, SBE 43, 2 [mg/l], WS = 2
# name 17 = flag: flag
# span 0 =     -0.225,     10.802       
# span 1 =    15.8442,    18.5004       
# span 2 =-905.461893, 444.389924       
# span 3 =     0.0183,     0.0366       
# span 4 = 4.8543e+01, 4.1915e+03       
# span 5 =     0.1357,     4.1164       
# span 6 =    35.7326,    96.6636       
# span 7 = 0.0000e+00, 3.9267e+00       
# span 8 = 1.7919e+03, 1.8884e+03       
# span 9 =  0.0799985,  0.3294528       
# span 10 =    15.4531,    18.4973      
# span 11 =  -0.111006, 266.227270      
# span 12 =     1.8071,     2.6728      
# span 13 =     -0.229,     11.015      
# span 14 =    -2.3860,    -2.1733      
# span 15 =  -1105.839,    539.226      
# span 16 =     5.9435,    10.1908      
# span 17 = 0.0000e+00, 0.0000e+00      
# interval = seconds: 0.0416667
# start_time = Sep 27 2023 18:51:38 [NMEA time, header]
# bad_flag = -9.990e-29
*END*
[from data line 4503]
     -0.224    15.9105  31.783622     0.0317 3.2912e+03     0.1368    96.6375 4.0293e-02 1.8707e+03  0.0987075    15.7462   5.030452     2.5433     -0.228    -2.3175     38.842     9.9387 -9.990e-29
     -0.220    15.9103  31.654616     0.0256 3.1376e+03     0.1368    96.6375 4.0293e-02 1.8707e+03  0.0987075    15.7457   5.090594     2.5433     -0.224    -2.3515     38.684     9.9391 -9.990e-29
     -0.214    15.9096  31.584250     0.0293 2.0812e+03     0.1368    96.6375 5.1282e-02 1.8707e+03  0.0991233    15.7445   5.180806     2.5433     -0.218    -2.3290     38.599     9.9390 -9.990e-29
     -0.207    15.9093  31.678072     0.0281 1.7191e+03     0.1368    96.6375 6.5934e-02 1.8707e+03  0.0987075    15.7455   5.301090     2.5433     -0.211    -2.3401     38.714     9.9385 -9.990e-29
     -0.202    15.9089  31.795351     0.0269 1.6903e+03     0.1368    96.6375 7.3260e-02 1.8707e+03  0.0987075    15.7466   5.120664     2.5433     -0.206    -2.3405     38.858     9.9385 -9.990e-29
     -0.197    15.9083  31.865719     0.0305 1.2796e+03     0.1368    96.6375 8.0586e-02 1.8707e+03  0.0991233    15.7480   4.850029     2.5433     -0.201    -2.3281     38.944     9.9385 -9.990e-29
     -0.193    15.9081  31.924359     0.0244 1.0779e+03     0.1368    96.6375 9.5238e-02 1.8707e+03  0.0991233    15.7488   4.880099     2.5433     -0.197    -2.3524     39.016     9.9380 -9.990e-29
     -0.191    15.9076  32.029913     0.0317 1.0569e+03     0.1368    96.6375 1.0623e-01 1.8687e+03  0.0991233    15.7507   4.789888     2.5433     -0.195    -2.3214     39.145     9.9372 -9.990e-29
     -0.190    15.9074  32.100283     0.0220 1.0994e+03     0.1368    96.6375 1.0623e-01 1.8687e+03  0.0991233    15.7533   4.850029     2.5433     -0.194    -2.3638     39.232     9.9363 -9.990e-29
     -0.189    15.9071  32.229296     0.0342 1.1275e+03     0.1368    96.6375 1.0623e-01 1.8687e+03  0.0991233    15.7546   5.000381     2.5433     -0.193    -2.3089     39.390     9.9357 -9.990e-29
     -0.190    15.9066  32.287939     0.0195 1.1307e+03     0.1368    96.6375 1.0256e-01 1.8687e+03  0.0991233    15.7564   5.120664     2.5433     -0.194    -2.3765     39.462     9.9362 -9.990e-29
     -0.192    15.9064  32.205839     0.0342 1.6761e+03     0.1368    96.6375 9.1575e-02 1.8687e+03  0.0991233    15.7580   4.850029     2.5433     -0.196    -2.3081     39.362     9.9355 -9.990e-29
     -0.195    15.9062  31.959544     0.0183 2.4499e+03     0.1368    96.6375 8.0586e-02 1.8687e+03  0.0991233    15.7581   4.850029     2.5433     -0.199    -2.3835     39.061     9.9357 -9.990e-29
     -0.201    15.9061  31.912631     0.0354 2.6283e+03     0.1357    96.6636 6.9597e-02 1.8687e+03  0.0991233    15.7578   4.729747     2.5433     -0.205    -2.3021     39.004     9.9354 -9.990e-29
     -0.206    15.9061  31.959544     0.0183 2.6956e+03     0.1368    96.6375 6.2271e-02 1.8687e+03  0.0987075    15.7564   4.729747     2.5433     -0.210    -2.3846     39.061     9.9359 -9.990e-29
     -0.209    15.9062  31.936087     0.0354 2.8356e+03     0.1357    96.6636 6.2271e-02 1.8687e+03  0.0987075    15.7546   5.030452     2.5446     -0.213    -2.3013     39.032     9.9428 -9.990e-29
     -0.212    15.9066  31.818807     0.0195 2.8757e+03     0.1357    96.6636 6.5934e-02 1.8687e+03  0.0991233    15.7505   5.240948     2.5446     -0.216    -2.3796     38.888     9.9433 -9.990e-29
     -0.214    15.9069  31.783623     0.0342 2.2708e+03     0.1368    96.6375 7.6923e-02 1.8687e+03  0.0991233    15.7479   5.000381     2.5433     -0.218    -2.3063     38.845     9.9377 -9.990e-29
     -0.215    15.9071  31.853991     0.0220 1.3198e+03     0.1368    96.6375 8.0586e-02 1.8687e+03  0.0991233    15.7452   4.970311     2.5446     -0.219    -2.3683     38.931     9.9454 -9.990e-29
     -0.216    15.9076  31.818806     0.0317 1.1181e+03     0.1368    96.6375 8.7912e-02 1.8707e+03  0.0991233    15.7428   4.880099     2.5446     -0.220    -2.3180     38.887     9.9461 -9.990e-29
     -0.215    15.9076  31.701528     0.0244 1.2832e+03     0.1368    96.6375 9.8901e-02 1.8687e+03  0.0991233    15.7387   4.759818     2.5446     -0.219    -2.3576     38.744     9.9478 -9.990e-29
     -0.212    15.9081  31.783623     0.0293 1.9291e+03     0.1368    96.6375 1.0989e-01 1.8687e+03  0.0991233    15.7355   5.030452     2.5433     -0.216    -2.3293     38.844     9.9417 -9.990e-29
     -0.208    15.9083  31.865719     0.0281 2.2140e+03     0.1368    96.6375 1.2088e-01 1.8687e+03  0.0991233    15.7324   5.240948     2.5446     -0.212    -2.3402     38.944     9.9483 -9.990e-29
     -0.204    15.9089  31.994728     0.0269 2.2965e+03     0.1368    96.6375 1.2454e-01 1.8687e+03  0.0995390    15.7300   5.210877     2.5446     -0.208    -2.3405     39.101     9.9484 -9.990e-29
     -0.200    15.9093  31.936087     0.0305 2.8919e+03     0.1368    96.6375 1.2821e-01 1.8687e+03  0.0987075    15.7281   4.940241     2.5446     -0.204    -2.3286     39.029     9.9484 -9.990e-29
     -0.196    15.9096  31.936087     0.0232 3.2000e+03     0.1368    96.6375 1.2821e-01 1.8687e+03  0.0978760    15.7263   4.639537     2.5446     -0.200    -2.3585     39.029     9.9490 -9.990e-29
     -0.192    15.9096  32.018184     0.0317 3.2180e+03     0.1368    96.6375 1.2454e-01 1.8687e+03  0.0974603    15.7259   4.699678     2.5433     -0.196    -2.3222     39.129     9.9423 -9.990e-29
     -0.187    15.9101  32.123739     0.0208 3.2000e+03     0.1368    96.6375 1.1722e-01 1.8687e+03  0.0974603    15.7274   4.819959     2.5433     -0.191    -2.3702     39.258     9.9421 -9.990e-29
     -0.184    15.9106  32.264481     0.0342 3.2000e+03     0.1368    96.6375 1.1355e-01 1.8687e+03  0.0974603    15.7291   4.940241     2.5433     -0.188    -2.3090     39.429     9.9413 -9.990e-29
     -0.182    15.9110  32.405226     0.0195 3.2000e+03     0.1368    96.6375 1.0989e-01 1.8687e+03  0.0974603    15.7309   5.150735     2.5446     -0.186    -2.3761     39.601     9.9468 -9.990e-29
     -0.181    15.9111  32.522514     0.0354 3.2000e+03     0.1368    96.6375 1.0256e-01 1.8687e+03  0.0974603    15.7315   5.030452     2.5433     -0.185    -2.3014     39.744     9.9398 -9.990e-29
     -0.180    15.9113  32.592889     0.0195 3.2000e+03     0.1368    96.6375 9.5238e-02 1.8687e+03  0.0978760    15.7329   4.789888     2.5433     -0.184    -2.3757     39.830     9.9391 -9.990e-29
     -0.181    15.9115  32.592889     0.0354 3.2000e+03     0.1368    96.6375 8.7912e-02 1.8687e+03  0.0978760    15.7350   4.699677     2.5433     -0.185    -2.3001     39.830     9.9382 -9.990e-29
     -0.183    15.9116  32.651534     0.0183 3.1910e+03     0.1357    96.6636 8.7912e-02 1.8687e+03  0.0978760    15.7368   4.699677     2.5433     -0.187    -2.3821     39.901     9.9379 -9.990e-29
     -0.185    15.9111  32.757097     0.0342 3.1820e+03     0.1357    96.6636 8.7912e-02 1.8687e+03  0.0978760    15.7380   4.789888     2.5446     -0.189    -2.3046     40.031     9.9435 -9.990e-29
     -0.188    15.9108  32.792285     0.0195 3.1820e+03     0.1357    96.6636 9.5238e-02 1.8687e+03  0.0978760    15.7387   4.940240     2.5433     -0.192    -2.3771     40.074     9.9371 -9.990e-29
     -0.191    15.9101  32.850932     0.0330 3.0165e+03     0.1357    96.6636 1.0989e-01 1.8687e+03  0.0982918    15.7372   5.030452     2.5446     -0.195    -2.3101     40.146     9.9433 -9.990e-29
     -0.194    15.9093  32.909580     0.0220 2.8276e+03     0.1368    96.6375 1.2454e-01 1.8687e+03  0.0978760    15.7353   4.880099     2.5433     -0.198    -2.3669     40.219     9.9374 -9.990e-29
     -0.197    15.9088  33.003416     0.0317 2.7960e+03     0.1368    96.6375 1.3553e-01 1.8687e+03  0.0978760    15.7338   4.759818     2.5446     -0.201    -2.3166     40.334     9.9441 -9.990e-29
     -0.199    15.9077  33.085524     0.0244 2.1226e+03     0.1368    96.6375 1.4652e-01 1.8687e+03  0.0978760    15.7317   4.579397     2.5446     -0.203    -2.3568     40.435     9.9446 -9.990e-29
     -0.199    15.9069  33.015146     0.0293 1.2441e+03     0.1368    96.6375 1.5018e-01 1.8687e+03  0.0974603    15.7297   4.759818     2.5433     -0.203    -2.3284     40.350     9.9393 -9.990e-29
     -0.198    15.9061  32.886121     0.0269 1.0689e+03     0.1368    96.6375 1.4652e-01 1.8687e+03  0.0974603    15.7276   4.880100     2.5446     -0.202    -2.3456     40.193     9.9461 -9.990e-29
     -0.196    15.9052  32.815744     0.0269 1.0871e+03     0.1368    96.6375 1.3553e-01 1.8687e+03  0.0974603    15.7261   5.090594     2.5446     -0.200    -2.3402     40.108     9.9459 -9.990e-29
     -0.194    15.9047  32.663264     0.0293 1.1244e+03     0.1368    96.6375 1.2088e-01 1.8687e+03  0.0974603    15.7247   5.030452     2.5433     -0.198    -2.3340     39.922     9.9399 -9.990e-29
     -0.191    15.9038  32.370040     0.0244 1.1339e+03     0.1357    96.6636 1.0623e-01 1.8687e+03  0.0974603    15.7230   4.910170     2.5446     -0.195    -2.3524     39.565     9.9467 -9.990e-29
     -0.187    15.9030  32.182382     0.0317 1.2582e+03     0.1368    96.6375 8.7912e-02 1.8687e+03  0.0974603    15.7232   4.850029     2.5433     -0.191    -2.3223     39.336     9.9410 -9.990e-29
     -0.182    15.9025  32.065098     0.0220 1.9400e+03     0.1368    96.6375 7.6923e-02 1.8687e+03  0.0974603    15.7240   4.669607     2.5433     -0.186    -2.3646     39.193     9.9403 -9.990e-29
     -0.178    15.9017  32.053370     0.0342 2.2900e+03     0.1368    96.6375 8.0586e-02 1.8687e+03  0.0978760    15.7256   4.729748     2.5433     -0.182    -2.3091     39.180     9.9400 -9.990e-29
     -0.174    15.9011  32.194111     0.0195 2.3421e+03     0.1368    96.6375 8.0586e-02 1.8687e+03  0.0978760    15.7262   4.940241     2.5433     -0.177    -2.3763     39.352     9.9406 -9.990e-29
     -0.172    15.9004  32.416956     0.0354 2.8838e+03     0.1368    96.6375 7.6923e-02 1.8687e+03  0.0978760    15.7274   4.910170     2.5446     -0.175    -2.3016     39.625     9.9469 -9.990e-29
     -0.169    15.9004  32.616348     0.0183 3.1910e+03     0.1368    96.6375 7.3260e-02 1.8687e+03  0.0982918    15.7286   4.789888     2.5433     -0.172    -2.3821     39.869     9.9404 -9.990e-29
     -0.168    15.9009  32.968228     0.0354 3.2180e+03     0.1368    96.6375 6.2271e-02 1.8687e+03  0.0982918    15.7307   4.729748     2.5446     -0.171    -2.3003     40.299     9.9458 -9.990e-29
     -0.168    15.9025  33.449155     0.0195 3.1464e+03     0.1379    96.6114 5.8608e-02 1.8687e+03  0.0987075    15.7326   4.699678     2.5433     -0.171    -2.3770     40.885     9.9392 -9.990e-29
     -0.171    15.9049  33.918379     0.0354 3.1200e+03     0.1368    96.6375 5.8608e-02 1.8687e+03  0.0982918    15.7343   4.699678     2.5433     -0.174    -2.2988     41.456     9.9384 -9.990e-29
     -0.173    15.9077  34.375898     0.0208 3.1112e+03     0.1368    96.6375 5.1282e-02 1.8687e+03  0.0982918    15.7362   4.850029     2.5433     -0.176    -2.3708     42.012     9.9387 -9.990e-29
     -0.176    15.9110  34.739584     0.0342 3.0678e+03     0.1368    96.6375 3.6630e-02 1.8687e+03  0.0987075    15.7372   4.910170     2.5433     -0.179    -2.3036     42.454     9.9380 -9.990e-29
     -0.179    15.9147  36.393973     0.0220 3.0250e+03     0.1368    96.6375 1.0989e-02 1.8707e+03  0.0987075    15.7379   4.970311     2.5433     -0.183    -2.3649     44.471     9.9374 -9.990e-29
     -0.181    15.9192  39.856345     0.0317 3.0165e+03     0.1357    96.6636 0.0000e+00 1.8707e+03  0.0987075    15.7369   4.669607     2.5446     -0.185    -2.3144     48.697     9.9435 -9.990e-29
     -0.184    15.9236  44.001346     0.0244 2.9744e+03     0.1368    96.6375 4.0293e-02 1.8707e+03  0.0987075    15.7370   4.699677     2.5433     -0.188    -2.3542     53.755     9.9372 -9.990e-29
     -0.186    15.9292  49.488124     0.0293 2.9246e+03     0.1368    96.6375 2.1612e-01 1.8707e+03  0.0987075    15.7372   4.699677     2.5446     -0.190    -2.3260     60.450     9.9437 -9.990e-29
     -0.189    15.9428  55.966450     0.0269 2.9164e+03     0.1357    96.6636 3.5531e-01 1.8707e+03  0.0987075    15.7365   4.789888     2.5433     -0.193    -2.3425     68.341     9.9370 -9.990e-29
     -0.190    15.9714  68.290273     0.0256 2.8757e+03     0.1357    96.6636 3.5165e-01 1.8707e+03  0.0991233    15.7360   4.850029     2.5446     -0.194    -2.3427     83.331     9.9442 -9.990e-29
     -0.191    16.0120  67.218420     0.0293 2.8276e+03     0.1357    96.6636 2.7839e-01 1.8707e+03  0.0991233    15.7343   4.880099     2.5446     -0.195    -2.3282     81.942     9.9447 -9.990e-29
     -0.192    16.0633  45.305137     0.0232 2.8117e+03     0.1368    96.6375 2.1612e-01 1.8707e+03  0.0991233    15.7339   4.910170     2.5446     -0.196    -2.3499     55.160     9.9455 -9.990e-29
     -0.191    16.1171  28.242524     0.0317 2.7960e+03     0.1368    96.6375 1.7949e-01 1.8687e+03  0.0987075    15.7334   4.819959     2.5446     -0.195    -2.3116     34.341     9.9463 -9.990e-29
     -0.190    16.1660  20.251331     0.0208 2.7492e+03     0.1357    96.6636 1.5385e-01 1.8687e+03  0.0987075    15.7332   4.699677     2.5433     -0.194    -2.3571     24.595     9.9401 -9.990e-29
     -0.188    16.2078  16.328853     0.0342 2.7415e+03     0.1368    96.6375 1.3919e-01 1.8687e+03  0.0987075    15.7322   4.729748     2.5433     -0.192    -2.2946     19.811     9.9404 -9.990e-29
     -0.186    16.2403  15.205142     0.0195 2.7261e+03     0.1357    96.6636 1.2088e-01 1.8687e+03  0.0987075    15.7319   4.970311     2.5433     -0.190    -2.3597     18.433     9.9406 -9.990e-29
     -0.186    16.2653  15.404119     0.0354 2.6881e+03     0.1368    96.6375 1.1355e-01 1.8687e+03  0.0987075    15.7331   5.060523     2.5433     -0.190    -2.2849     18.663     9.9399 -9.990e-29
     -0.185    16.2844  15.088095     0.0183 2.6805e+03     0.1368    96.6375 1.1355e-01 1.8687e+03  0.0987075    15.7344   4.940240     2.5446     -0.189    -2.3634     18.272     9.9461 -9.990e-29
     -0.184    16.3088  15.099798     0.0354 2.6730e+03     0.1368    96.6375 1.1722e-01 1.8687e+03  0.0987075    15.7360   4.910170     2.5433     -0.188    -2.2816     18.275     9.9395 -9.990e-29
     -0.184    16.3330  15.544575     0.0195 2.6209e+03     0.1368    96.6375 1.0989e-01 1.8687e+03  0.0987075    15.7382   4.639537     2.5433     -0.188    -2.3555     18.802     9.9392 -9.990e-29
     -0.185    16.3552  15.872320     0.0354 2.5989e+03     0.1368    96.6375 1.0623e-01 1.8687e+03  0.0987075    15.7402   4.699677     2.5446     -0.189    -2.2777     19.188     9.9452 -9.990e-29
     -0.186    16.3765  16.399081     0.0208 2.5916e+03     0.1368    96.6375 1.0256e-01 1.8687e+03  0.0987075    15.7407   4.850029     2.5433     -0.190    -2.3480     19.815     9.9388 -9.990e-29
     -0.187    16.3965  16.867342     0.0342 2.5268e+03     0.1368    96.6375 9.8901e-02 1.8687e+03  0.0987075    15.7392   4.970311     2.5433     -0.191    -2.2802     20.371     9.9398 -9.990e-29
     -0.188    16.4147  17.370751     0.0232 2.4916e+03     0.1368    96.6375 9.1575e-02 1.8687e+03  0.0987075    15.7392   4.910170     2.5433     -0.192    -2.3350     20.970     9.9398 -9.990e-29
     -0.189    16.4342  17.780525     0.0317 2.4916e+03     0.1368    96.6375 7.6923e-02 1.8687e+03  0.0991233    15.7406   4.699677     2.5446     -0.193    -2.2897     21.454     9.9459 -9.990e-29
     -0.190    16.4600  18.120067     0.0256 2.4157e+03     0.1368    96.6375 7.6923e-02 1.8687e+03  0.0991233    15.7430   4.699677     2.5433     -0.194    -2.3219     21.850     9.9391 -9.990e-29
     -0.192    16.4768  18.307406     0.0293 2.3686e+03     0.1368    96.6375 8.4249e-02 1.8687e+03  0.0991233    15.7431   4.579397     2.5446     -0.196    -2.2989     22.067     9.9455 -9.990e-29
