data/05_metadata_exports/SeabirdData/202310_SeabirdData/88819_STN17.cnv
* Sea-Bird SBE 9 Data File:
* FileName = C:\Users\rosette\Rosette Data\2023\Ontario lower food web csmi\STN17.hex
* Software Version Seasave V 7.26.6.26
* Temperature SN = 5270
* Conductivity SN = 1168
* Number of Bytes Per Scan = 40
* Number of Voltage Words = 5
* Number of Scans Averaged by the Deck Unit = 1
* NMEA Latitude = 43 13.52 N
* NMEA Longitude = 079 16.30 W
* NMEA UTC (Time) = Sep 27 2023  18:51:38
* NMEA baud rate = 4800
** Ship: Lake Guardian
** Cruise: Ontario Lower Food Web 2023
** Station:  STN17
# nquan = 18                                
# nvalues = 15556                       
# units = specified
# name 0 = prDM: Pressure, Digiquartz [db]
# name 1 = t090C: Temperature [ITS-90, deg C]
# name 2 = c0uS/cm: Conductivity [uS/cm]
# name 3 = sbeox0V: Oxygen raw, SBE 43 [V]
# name 4 = par: PAR/Irradiance, Biospherical/Licor
# name 5 = bat: Beam Attenuation, Chelsea/Seatech [1/m]
# name 6 = xmiss: Beam Transmission, Chelsea/Seatech [%]
# name 7 = flSP: Fluorescence, Seapoint
# name 8 = spar: SPAR, Biospherical/Licor
# name 9 = upoly0: Upoly 0, Suna Nitrate
# name 10 = t190C: Temperature, 2 [ITS-90, deg C]
# name 11 = c1uS/cm: Conductivity, 2 [uS/cm]
# name 12 = sbeox1V: Oxygen raw, SBE 43, 2 [V]
# name 13 = depFM: Depth [fresh water, m], lat = 43.2253
# name 14 = sbeox0Mg/L: Oxygen, SBE 43 [mg/l], WS = 2
# name 15 = specc: Specific Conductance [uS/cm]
# name 16 = sbeox1Mg/L: Oxygen, SBE 43, 2 [mg/l], WS = 2
# name 17 = flag: flag
# span 0 =     -0.225,     10.802       
# span 1 =    15.8442,    18.5004       
# span 2 =-905.461893, 444.389924       
# span 3 =     0.0183,     0.0366       
# span 4 = 4.8543e+01, 4.1915e+03       
# span 5 =     0.1357,     4.1164       
# span 6 =    35.7326,    96.6636       
# span 7 = 0.0000e+00, 3.9267e+00       
# span 8 = 1.7919e+03, 1.8884e+03       
# span 9 =  0.0799985,  0.3294528       
# span 10 =    15.4531,    18.4973      
# span 11 =  -0.111006, 266.227270      
# span 12 =     1.8071,     2.6728      
# span 13 =     -0.229,     11.015      
# span 14 =    -2.3860,    -2.1733      
# span 15 =  -1105.839,    539.226      
# span 16 =     5.9435,    10.1908      
# span 17 = 0.0000e+00, 0.0000e+00      
# interval = seconds: 0.0416667
# start_time = Sep 27 2023 18:51:38 [NMEA time, header]
# bad_flag = -9.990e-29
*END*
[from data line 11659]
      5.019    18.4208 264.619146     0.0330 3.2534e+02     0.8841    80.1697 9.7802e-01 1.8411e+03  0.3015970    18.4189 265.740332     2.5311      5.118    -2.1942    304.684     9.3389 0.0000e+00
      5.003    18.4212 264.643248     0.0195 3.2626e+02     0.8841    80.1697 9.8168e-01 1.8411e+03  0.3015970    18.4193 265.618570     2.5311      5.102    -2.2532    304.709     9.3395 0.0000e+00
      4.987    18.4212 264.643248     0.0342 3.2626e+02     0.8841    80.1697 9.5971e-01 1.8411e+03  0.3015970    18.4199 265.801210     2.5311      5.085    -2.1882    304.709     9.3400 0.0000e+00
      4.972    18.4206 264.643247     0.0195 3.2902e+02     0.8841    80.1697 9.2308e-01 1.8411e+03  0.3020128    18.4210 265.801208     2.5311      5.070    -2.2531    304.713     9.3404 0.0000e+00
      4.959    18.4206 264.595042     0.0354 3.3088e+02     0.8854    80.1435 9.0842e-01 1.8411e+03  0.3020128    18.4213 265.740328     2.5311      5.057    -2.1814    304.657     9.3410 0.0000e+00
      4.947    18.4205 264.619144     0.0195 3.3088e+02     0.8854    80.1435 9.1209e-01 1.8411e+03  0.3020128    18.4208 265.770768     2.5311      5.045    -2.2529    304.686     9.3411 0.0000e+00
      4.934    18.4215 264.655298     0.0354 3.3368e+02     0.8854    80.1435 9.5604e-01 1.8411e+03  0.3020128    18.4208 265.679447     2.5311      5.031    -2.1807    304.720     9.3416 0.0000e+00
      4.922    18.4236 264.667347     0.0195 3.3462e+02     0.8854    80.1435 9.8901e-01 1.8411e+03  0.3020128    18.4204 265.740328     2.5311      5.019    -2.2539    304.720     9.3421 0.0000e+00
      4.910    18.4255 264.667346     0.0342 3.3462e+02     0.8854    80.1435 1.0000e+00 1.8411e+03  0.3020128    18.4214 265.618567     2.5324      5.007    -2.1859    304.706     9.3479 0.0000e+00
      4.897    18.4269 264.691447     0.0220 3.3936e+02     0.8854    80.1435 9.9634e-01 1.8411e+03  0.3020128    18.4220 265.679445     2.5324      4.994    -2.2431    304.724     9.3476 0.0000e+00
      4.884    18.4282 264.667342     0.0330 3.4224e+02     0.8841    80.1697 1.0000e+00 1.8431e+03  0.3020128    18.4234 265.740324     2.5324      4.980    -2.1908    304.687     9.3471 0.0000e+00
      4.873    18.4298 264.703495     0.0232 3.4224e+02     0.8867    80.1174 1.0110e+00 1.8431e+03  0.3015970    18.4236 265.649003     2.5324      4.969    -2.2380    304.718     9.3469 0.0000e+00
      4.861    18.4315 264.727597     0.0305 3.4611e+02     0.8867    80.1174 1.0403e+00 1.8431e+03  0.3015970    18.4234 265.831644     2.5324      4.957    -2.2015    304.733     9.3466 0.0000e+00
      4.851    18.4322 264.679389     0.0256 3.4904e+02     0.8880    80.0912 1.0989e+00 1.8431e+03  0.3015970    18.4248 265.770761     2.5324      4.947    -2.2270    304.673     9.3455 0.0000e+00
      4.841    18.4331 264.739648     0.0293 3.5002e+02     0.8880    80.0912 1.1722e+00 1.8451e+03  0.3015970    18.4260 265.740321     2.5324      4.936    -2.2065    304.736     9.3444 0.0000e+00
      4.832    18.4336 264.667336     0.0281 3.5398e+02     0.8880    80.0912 1.2271e+00 1.8451e+03  0.3015970    18.4270 265.740319     2.5324      4.927    -2.2156    304.649     9.3434 0.0000e+00
      4.822    18.4337 264.655284     0.0269 3.6001e+02     0.8880    80.0912 1.2564e+00 1.8451e+03  0.3015970    18.4285 265.770758     2.5336      4.917    -2.2178    304.635     9.3477 0.0000e+00
      4.814    18.4340 264.643232     0.0305 3.6204e+02     0.8880    80.0912 1.2894e+00 1.8451e+03  0.3020128    18.4300 265.618556     2.5336      4.909    -2.2052    304.619     9.3464 0.0000e+00
      4.806    18.4340 264.643232     0.0232 3.6613e+02     0.8880    80.0912 1.2491e+00 1.8451e+03  0.3015970    18.4328 265.679434     2.5336      4.901    -2.2353    304.619     9.3449 0.0000e+00
      4.798    18.4351 264.655283     0.0317 3.7446e+02     0.8880    80.0912 1.1722e+00 1.8451e+03  0.3015970    18.4344 265.831634     2.5336      4.893    -2.1996    304.625     9.3435 0.0000e+00
      4.789    18.4357 264.643229     0.0208 3.7658e+02     0.8880    80.0912 1.1026e+00 1.8451e+03  0.3015970    18.4348 265.892512     2.5336      4.883    -2.2465    304.607     9.3424 0.0000e+00
      4.782    18.4364 264.727590     0.0342 3.8084e+02     0.8880    80.0912 1.0513e+00 1.8451e+03  0.3015970    18.4357 265.801191     2.5336      4.876    -2.1882    304.699     9.3411 0.0000e+00
      4.775    18.4369 264.691437     0.0195 3.8950e+02     0.8880    80.0912 1.0147e+00 1.8451e+03  0.3015970    18.4357 265.862073     2.5336      4.869    -2.2531    304.654     9.3404 0.0000e+00
      4.768    18.4375 264.655278     0.0354 3.9280e+02     0.8880    80.0912 9.5604e-01 1.8451e+03  0.3015970    18.4353 265.801190     2.5336      4.862    -2.1823    304.608     9.3398 0.0000e+00
      4.763    18.4374 264.655280     0.0195 3.9391e+02     0.8880    80.0912 9.0476e-01 1.8451e+03  0.3015970    18.4357 265.862071     2.5336      4.857    -2.2538    304.609     9.3385 -9.990e-29
      4.759    18.4380 264.667331     0.0354 4.0287e+02     0.8880    80.0912 8.6813e-01 1.8451e+03  0.3020128    18.4359 265.770750     2.5336      4.853    -2.1821    304.619     9.3377 -9.990e-29
      4.755    18.4378 264.703486     0.0195 4.0628e+02     0.8880    80.0912 8.6813e-01 1.8451e+03  0.3020128    18.4377 265.740309     2.5336      4.849    -2.2549    304.662     9.3367 -9.990e-29
      4.752    18.4385 264.655279     0.0354 4.0743e+02     0.8880    80.0912 8.7912e-01 1.8451e+03  0.3020128    18.4390 265.648987     2.5336      4.846    -2.1820    304.601     9.3356 -9.990e-29
      4.749    18.4386 264.727587     0.0208 4.1553e+02     0.8880    80.0912 8.6813e-01 1.8451e+03  0.3020128    18.4411 265.862065     2.5336      4.843    -2.2494    304.684     9.3344 -9.990e-29
      4.747    18.4388 264.727588     0.0342 4.2023e+02     0.8867    80.1174 8.5714e-01 1.8470e+03  0.3020128    18.4420 265.892506     2.5336      4.841    -2.1867    304.682     9.3330 -9.990e-29
      4.749    18.4392 264.679378     0.0220 4.2141e+02     0.8893    80.0651 8.5348e-01 1.8470e+03  0.3020128    18.4407 265.770743     2.5336      4.843    -2.2439    304.624     9.3320 -9.990e-29
      4.754    18.4395 264.679382     0.0317 4.2858e+02     0.8815    80.2219 8.7179e-01 1.8470e+03  0.3020128    18.4404 265.770748     2.5336      4.848    -2.1968    304.622     9.3312 -9.990e-29
      4.759    18.4397 264.739638     0.0244 4.3343e+02     0.8698    80.4572 9.1209e-01 1.8470e+03  0.3020128    18.4404 265.862066     2.5336      4.853    -2.2332    304.690     9.3299 -9.990e-29
      4.765    18.4397 264.727589     0.0305 4.3465e+02     0.8659    80.5356 9.3040e-01 1.8470e+03  0.3015970    18.4409 265.922949     2.5336      4.859    -2.2023    304.676     9.3295 -9.990e-29
      4.771    18.4399 264.679381     0.0269 4.3343e+02     0.8659    80.5356 9.0842e-01 1.8451e+03  0.3015970    18.4408 265.831627     2.5336      4.865    -2.2219    304.619     9.3292 -9.990e-29
      4.777    18.4397 264.703484     0.0269 4.3221e+02     0.8672    80.5095 9.0110e-01 1.8451e+03  0.3015970    18.4412 265.862067     2.5336      4.871    -2.2182    304.648     9.3289 -9.990e-29
      4.784    18.4388 264.631176     0.0293 4.3221e+02     0.8672    80.5095 9.3040e-01 1.8451e+03  0.3015970    18.4420 265.801186     2.5336      4.878    -2.2111    304.571     9.3284 -9.990e-29
      4.792    18.4384 264.691434     0.0256 4.2738e+02     0.8672    80.5095 9.8901e-01 1.8470e+03  0.3015970    18.4407 265.801186     2.5324      4.886    -2.2246    304.643     9.3228 -9.990e-29
      4.802    18.4382 264.703487     0.0317 4.2141e+02     0.8685    80.4833 1.0366e+00 1.8470e+03  0.3015970    18.4398 265.801189     2.5324      4.897    -2.2003    304.659     9.3227 -9.990e-29
      4.812    18.4374 264.667333     0.0220 4.2023e+02     0.8672    80.5095 1.0147e+00 1.8470e+03  0.3020128    18.4393 265.679428     2.5324      4.907    -2.2410    304.623     9.3225 -9.990e-29
      4.821    18.4373 264.727592     0.0330 4.1905e+02     0.8672    80.5095 9.6703e-01 1.8470e+03  0.3020128    18.4392 265.740310     2.5324      4.916    -2.1937    304.693     9.3222 -9.990e-29
      4.828    18.4369 264.667333     0.0195 4.1905e+02     0.8672    80.5095 9.3773e-01 1.8470e+03  0.3015970    18.4392 265.801189     2.5324      4.923    -2.2524    304.626     9.3228 -9.990e-29
      4.835    18.4366 264.679386     0.0342 4.1905e+02     0.8672    80.5095 9.1575e-01 1.8470e+03  0.3015970    18.4382 265.801191     2.5324      4.930    -2.1875    304.642     9.3232 -9.990e-29
      4.841    18.4364 264.703488     0.0195 4.1670e+02     0.8672    80.5095 8.9377e-01 1.8470e+03  0.3015970    18.4378 265.740310     2.5324      4.936    -2.2528    304.671     9.3239 -9.990e-29
      4.847    18.4361 264.667335     0.0354 4.1320e+02     0.8672    80.5095 8.6813e-01 1.8470e+03  0.3015970    18.4373 265.831632     2.5324      4.943    -2.1821    304.632     9.3241 -9.990e-29
      4.854    18.4361 264.643231     0.0183 4.1204e+02     0.8672    80.5095 8.6447e-01 1.8470e+03  0.3015970    18.4358 265.801192     2.5324      4.950    -2.2595    304.604     9.3251 -9.990e-29
      4.862    18.4359 264.679387     0.0354 4.1204e+02     0.8672    80.5095 8.7546e-01 1.8470e+03  0.3015970    18.4345 265.740314     2.5324      4.958    -2.1816    304.647     9.3260 -9.990e-29
      4.870    18.4369 264.655284     0.0195 4.1088e+02     0.8672    80.5095 9.0476e-01 1.8470e+03  0.3020128    18.4334 265.831637     2.5324      4.966    -2.2549    304.612     9.3269 -9.990e-29
      4.877    18.4382 264.703487     0.0342 4.1088e+02     0.8659    80.5356 9.2674e-01 1.8451e+03  0.3020128    18.4326 265.801195     2.5311      4.973    -2.1866    304.659     9.3217 -9.990e-29
      4.885    18.4392 264.691436     0.0208 4.1088e+02     0.8659    80.5356 9.1941e-01 1.8451e+03  0.3020128    18.4341 265.862076     2.5324      4.981    -2.2489    304.638     9.3280 -9.990e-29
      4.894    18.4397 264.667332     0.0330 4.0743e+02     0.8672    80.5095 9.2308e-01 1.8451e+03  0.3020128    18.4352 265.770754     2.5324      4.990    -2.1908    304.607     9.3285 -9.990e-29
      4.904    18.4397 264.703488     0.0232 4.0628e+02     0.8737    80.3788 9.4872e-01 1.8451e+03  0.3020128    18.4374 265.740313     2.5324      5.001    -2.2381    304.648     9.3287 -9.990e-29
      4.914    18.4390 264.727592     0.0317 4.0628e+02     0.9050    79.7514 9.4139e-01 1.8451e+03  0.3020128    18.4386 265.740312     2.5324      5.011    -2.1964    304.681     9.3291 -9.990e-29
      4.922    18.4376 264.727594     0.0256 3.9836e+02     0.9195    79.4639 9.3040e-01 1.8451e+03  0.3020128    18.4390 265.770752     2.5311      5.019    -2.2274    304.691     9.3237 -9.990e-29
      4.930    18.4364 264.631182     0.0293 3.9391e+02     0.9195    79.4639 9.3407e-01 1.8451e+03  0.3015970    18.4388 265.740312     2.5311      5.027    -2.2071    304.588     9.3248 -9.990e-29
      4.937    18.4356 264.643235     0.0293 3.9391e+02     0.9182    79.4900 9.2674e-01 1.8451e+03  0.3015970    18.4393 265.740313     2.5324      5.034    -2.2108    304.608     9.3318 -9.990e-29
      4.943    18.4354 264.691441     0.0256 3.8950e+02     0.9182    79.4900 9.1941e-01 1.8451e+03  0.3015970    18.4396 265.770751     2.5311      5.040    -2.2243    304.664     9.3268 -9.990e-29
      4.948    18.4354 264.667337     0.0305 3.8732e+02     0.9168    79.5162 8.9744e-01 1.8451e+03  0.3015970    18.4406 265.892512     2.5324      5.046    -2.2059    304.637     9.3337 -9.990e-29
      4.955    18.4349 264.691442     0.0232 3.8623e+02     0.9168    79.5162 8.9377e-01 1.8451e+03  0.3015970    18.4416 265.831632     2.5324      5.053    -2.2356    304.668     9.3345 -9.990e-29
      4.961    18.4341 264.667338     0.0330 3.8298e+02     0.9182    79.4900 9.1941e-01 1.8451e+03  0.3015970    18.4424 265.892510     2.5324      5.059    -2.1942    304.646     9.3353 -9.990e-29
      4.967    18.4335 264.667340     0.0208 3.7870e+02     0.9168    79.5162 9.5238e-01 1.8451e+03  0.3015970    18.4433 265.831630     2.5324      5.065    -2.2469    304.650     9.3361 -9.990e-29
      4.974    18.4326 264.643238     0.0342 3.7764e+02     0.9168    79.5162 9.3773e-01 1.8431e+03  0.3020128    18.4444 265.862070     2.5324      5.072    -2.1883    304.629     9.3369 -9.990e-29
      4.979    18.4317 264.679393     0.0195 3.7236e+02     0.9168    79.5162 9.0842e-01 1.8431e+03  0.3020128    18.4442 265.770749     2.5324      5.077    -2.2529    304.677     9.3374 -9.990e-29
      4.984    18.4309 264.703498     0.0354 3.6408e+02     0.9182    79.4900 8.8278e-01 1.8431e+03  0.3020128    18.4444 265.831630     2.5324      5.082    -2.1821    304.710     9.3378 -9.990e-29
      4.988    18.4312 264.703497     0.0195 3.6306e+02     0.9168    79.5162 8.6813e-01 1.8431e+03  0.3020128    18.4441 265.922951     2.5324      5.086    -2.2532    304.708     9.3383 -9.990e-29
      4.992    18.4316 264.703497     0.0354 3.6001e+02     0.9182    79.4900 8.5714e-01 1.8431e+03  0.3020128    18.4435 265.770749     2.5336      5.090    -2.1816    304.705     9.3443 -9.990e-29
      4.997    18.4323 264.703496     0.0195 3.5498e+02     0.9182    79.4900 8.6447e-01 1.8431e+03  0.3020128    18.4430 265.740310     2.5324      5.096    -2.2544    304.700     9.3392 -9.990e-29
      5.001    18.4350 264.703495     0.0354 3.5398e+02     0.9182    79.4900 9.1575e-01 1.8431e+03  0.3020128    18.4425 265.770752     2.5336      5.100    -2.1810    304.681     9.3451 -9.990e-29
      5.005    18.4380 264.715543     0.0195 3.5200e+02     0.9168    79.5162 9.4872e-01 1.8431e+03  0.3020128    18.4408 265.862073     2.5324      5.104    -2.2545    304.674     9.3402 -9.990e-29
      5.007    18.4405 264.679387     0.0342 3.4904e+02     0.9182    79.4900 9.4872e-01 1.8431e+03  0.3020128    18.4400 265.892515     2.5336      5.106    -2.1858    304.615     9.3461 -9.990e-29
      5.010    18.4427 264.691436     0.0220 3.4708e+02     0.9168    79.5162 9.5971e-01 1.8431e+03  0.3049231    18.4400 265.801193     2.5336      5.109    -2.2435    304.613     9.3463 -9.990e-29
      5.012    18.4440 264.739643     0.0317 3.4708e+02     0.9182    79.4900 9.5971e-01 1.8431e+03  0.3128225    18.4400 265.679434     2.5336      5.111    -2.1967    304.660     9.3464 -9.990e-29
      5.013    18.4452 264.715537     0.0244 3.4708e+02     0.9221    79.4116 9.5971e-01 1.8431e+03  0.3194746    18.4386 265.740314     2.5336      5.112    -2.2330    304.623     9.3468 -9.990e-29
      5.015    18.4440 264.667333     0.0305 3.4611e+02     0.9247    79.3593 9.5971e-01 1.8431e+03  0.3211376    18.4374 265.740316     2.5336      5.114    -2.2023    304.576     9.3466 -9.990e-29
      5.016    18.4421 264.739644     0.0281 3.4708e+02     0.9247    79.3593 9.6337e-01 1.8431e+03  0.3207219    18.4379 265.831636     2.5336      5.115    -2.2169    304.673     9.3465 -9.990e-29
      5.015    18.4401 264.727593     0.0269 3.4904e+02     0.9247    79.3593 9.7802e-01 1.8411e+03  0.3203061    18.4396 265.801193     2.5336      5.114    -2.2193    304.673     9.3461 -9.990e-29
      5.014    18.4386 264.715544     0.0293 3.5002e+02     0.9234    79.3855 9.8901e-01 1.8411e+03  0.3203061    18.4406 265.862074     2.5336      5.113    -2.2122    304.670     9.3458 -9.990e-29
      5.014    18.4378 264.703492     0.0244 3.5002e+02     0.9247    79.3593 9.7802e-01 1.8411e+03  0.3203061    18.4411 265.801192     2.5336      5.113    -2.2307    304.662     9.3456 -9.990e-29
      5.012    18.4376 264.703493     0.0317 3.5200e+02     0.9247    79.3593 9.7070e-01 1.8411e+03  0.3203061    18.4420 265.801193     2.5348      5.111    -2.2010    304.663     9.3499 -9.990e-29
