data/05_metadata_exports/SeabirdData/202310_SeabirdData/88826_STN8.cnv
* Sea-Bird SBE 9 Data File:
* FileName = C:\Users\rosette\Rosette Data\2023\Ontario lower food web csmi\STN8.hex
* Software Version Seasave V 7.26.6.26
* Temperature SN = 5270
* Conductivity SN = 1168
* Number of Bytes Per Scan = 40
* Number of Voltage Words = 5
* Number of Scans Averaged by the Deck Unit = 1
* NMEA Latitude = 43 37.39 N
* NMEA Longitude = 079 27.19 W
* NMEA UTC (Time) = Sep 27 2023  23:59:46
* NMEA baud rate = 4800
** Ship: Lake Guardian
** Cruise: Ontario Lower Food Web 2023
** Station:  STN8
# nquan = 18                                
# nvalues = 9004                        
# units = specified
# name 0 = prDM: Pressure, Digiquartz [db]
# name 1 = t090C: Temperature [ITS-90, deg C]
# name 2 = c0uS/cm: Conductivity [uS/cm]
# name 3 = sbeox0V: Oxygen raw, SBE 43 [V]
# name 4 = par: PAR/Irradiance, Biospherical/Licor
# name 5 = bat: Beam Attenuation, Chelsea/Seatech [1/m]
# name 6 = xmiss: Beam Transmission, Chelsea/Seatech [%]
# name 7 = flSP: Fluorescence, Seapoint
# name 8 = spar: SPAR, Biospherical/Licor
# name 9 = upoly0: Upoly 0, Suna Nitrate
# name 10 = t190C: Temperature, 2 [ITS-90, deg C]
# name 11 = c1uS/cm: Conductivity, 2 [uS/cm]
# name 12 = sbeox1V: Oxygen raw, SBE 43, 2 [V]
# name 13 = depFM: Depth [fresh water, m], lat = 43.6232
# name 14 = sbeox0Mg/L: Oxygen, SBE 43 [mg/l], WS = 2
# name 15 = specc: Specific Conductance [uS/cm]
# name 16 = sbeox1Mg/L: Oxygen, SBE 43, 2 [mg/l], WS = 2
# name 17 = flag: flag
# span 0 =     -0.068,     13.266       
# span 1 =    15.4623,    19.0031       
# span 2 =  32.569367, 623.840610       
# span 3 =     0.0183,     0.0366       
# span 4 = 1.0000e-12, 2.8338e+00       
# span 5 =     0.2232,     7.0472       
# span 6 =    17.1736,    94.5725       
# span 7 = 1.0256e-01, 6.4579e+00       
# span 8 = 0.0000e+00, 1.9691e+00       
# span 9 =  0.0854033,  0.3057546       
# span 10 =    17.2888,    18.9975      
# span 11 =  13.361584, 266.713888      
# span 12 =     1.9524,     2.6862      
# span 13 =     -0.069,     13.528      
# span 14 =    -2.4057,    -2.1519      
# span 15 =     39.221,    761.152      
# span 16 =     6.5017,    10.0801      
# span 17 = 0.0000e+00, 0.0000e+00      
# interval = seconds: 0.0416667
# start_time = Sep 27 2023 23:59:46 [NMEA time, header]
# bad_flag = -9.990e-29
*END*
[from data line 7799]
      4.948    18.9752 265.257421     0.0256 1.0000e-12     0.9142    79.5685 8.4982e-01 0.0000e+00  0.2957764    18.9738 266.257339     2.5104      5.046    -2.2033    301.568     9.1220 -9.990e-29
      4.941    18.9754 265.269474     0.0293 1.0000e-12     0.9142    79.5685 8.7912e-01 0.0000e+00  0.2957764    18.9738 266.409543     2.5104      5.038    -2.1845    301.580     9.1219 -9.990e-29
      4.934    18.9753 265.257421     0.0281 1.0000e-12     0.9155    79.5423 8.3883e-01 0.0000e+00  0.2953607    18.9735 266.257339     2.5104      5.031    -2.1919    301.567     9.1219 -9.990e-29
      4.927    18.9750 265.245368     0.0269 1.0000e-12     0.9142    79.5685 7.9853e-01 0.0000e+00  0.2953607    18.9736 266.196456     2.5104      5.024    -2.1950    301.555     9.1219 -9.990e-29
      4.920    18.9752 265.269474     0.0305 1.0000e-12     0.9142    79.5685 7.6190e-01 0.0000e+00  0.2953607    18.9734 266.287780     2.5104      5.017    -2.1813    301.581     9.1220 -9.990e-29
      4.913    18.9749 265.257420     0.0244 1.0000e-12     0.9155    79.5423 7.3993e-01 0.0000e+00  0.2957764    18.9736 266.257337     2.5104      5.010    -2.2063    301.570     9.1215 -9.990e-29
      4.907    18.9751 265.185106     0.0317 1.0000e-12     0.9155    79.5423 7.2161e-01 0.0000e+00  0.2957764    18.9731 266.318220     2.5104      5.004    -2.1756    301.486     9.1213 -9.990e-29
      4.902    18.9750 265.233315     0.0220 1.0000e-12     0.9155    79.5423 7.0696e-01 0.0000e+00  0.2961922    18.9733 266.379101     2.5104      4.999    -2.2171    301.542     9.1210 -9.990e-29
      4.897    18.9749 265.269474     0.0330 1.0000e-12     0.9155    79.5423 7.2527e-01 0.0000e+00  0.2961922    18.9733 266.348662     2.5104      4.994    -2.1695    301.583     9.1203 -9.990e-29
      4.891    18.9750 265.233314     0.0208 1.0000e-12     0.9155    79.5423 7.8022e-01 0.0000e+00  0.2961922    18.9731 266.257336     2.5104      4.987    -2.2233    301.542     9.1197 -9.990e-29
      4.886    18.9751 265.293577     0.0342 1.0000e-12     0.9129    79.5946 8.4615e-01 0.0000e+00  0.2957764    18.9731 266.348661     2.5104      4.982    -2.1645    301.609     9.1190 -9.990e-29
      4.881    18.9750 265.269473     0.0195 1.0000e-12     0.9024    79.8037 8.4249e-01 1.9691e+00  0.2957764    18.9735 266.348660     2.5104      4.977    -2.2300    301.583     9.1189 -9.990e-29
      4.877    18.9752 265.221261     0.0354 1.0000e-12     0.8959    79.9344 8.1319e-01 0.0000e+00  0.2957764    18.9736 266.257336     2.5104      4.973    -2.1592    301.527     9.1183 -9.990e-29
      4.874    18.9753 265.209211     0.0195 1.0000e-12     0.8959    79.9344 7.9853e-01 0.0000e+00  0.2957764    18.9733 266.287779     2.5104      4.970    -2.2305    301.512     9.1178 -9.990e-29
      4.870    18.9750 265.209211     0.0354 1.0000e-12     0.8959    79.9344 7.9487e-01 0.0000e+00  0.2957764    18.9732 266.257338     2.5104      4.966    -2.1589    301.514     9.1178 -9.990e-29
      4.864    18.9750 265.257419     0.0195 1.0000e-12     0.8972    79.9083 8.3150e-01 0.0000e+00  0.2957764    18.9735 266.196454     2.5104      4.960    -2.2305    301.569     9.1178 -9.990e-29
      4.860    18.9750 265.257419     0.0354 1.0000e-12     0.8959    79.9344 8.4615e-01 0.0000e+00  0.2957764    18.9733 266.287777     2.5104      4.956    -2.1582    301.569     9.1179 -9.990e-29
      4.857    18.9751 265.221263     0.0208 1.0000e-12     0.8972    79.9083 8.1319e-01 0.0000e+00  0.2953607    18.9733 266.196456     2.5104      4.953    -2.2249    301.527     9.1179 -9.990e-29
      4.854    18.9752 265.257418     0.0342 1.0000e-12     0.8959    79.9344 7.9487e-01 0.0000e+00  0.2957764    18.9733 266.166014     2.5104      4.950    -2.1629    301.568     9.1180 -9.990e-29
      4.851    18.9754 265.185104     0.0232 1.0000e-12     0.8959    79.9344 7.7656e-01 0.0000e+00  0.2957764    18.9736 266.287777     2.5104      4.947    -2.2138    301.484     9.1180 -9.990e-29
      4.850    18.9752 265.173052     0.0317 1.0000e-12     0.8959    79.9344 7.5092e-01 0.0000e+00  0.2957764    18.9735 266.257336     2.5104      4.946    -2.1734    301.472     9.1181 -9.990e-29
      4.848    18.9753 265.136897     0.0244 1.0000e-12     0.8945    79.9605 7.3260e-01 0.0000e+00  0.2957764    18.9738 266.287778     2.5104      4.944    -2.2085    301.430     9.1182 -9.990e-29
      4.846    18.9752 265.233314     0.0293 1.0000e-12     0.8972    79.9083 7.3626e-01 0.0000e+00  0.2957764    18.9735 266.135573     2.5092      4.942    -2.1843    301.540     9.1129 -9.990e-29
      4.844    18.9752 265.197157     0.0269 1.0000e-12     0.8959    79.9344 7.6557e-01 0.0000e+00  0.2961922    18.9731 266.196455     2.5104      4.940    -2.1974    301.499     9.1186 -9.990e-29
      4.843    18.9752 265.161000     0.0269 1.0000e-12     0.8972    79.9083 8.1319e-01 0.0000e+00  0.2961922    18.9734 266.257336     2.5092      4.938    -2.1952    301.458     9.1132 -9.990e-29
      4.843    18.9753 265.245366     0.0293 1.0000e-12     0.8959    79.9344 8.5348e-01 0.0000e+00  0.2966080    18.9731 266.287777     2.5092      4.938    -2.1868    301.553     9.1135 -9.990e-29
      4.844    18.9750 265.257419     0.0244 1.0000e-12     0.8959    79.9344 8.2418e-01 0.0000e+00  0.2970237    18.9731 266.135573     2.5092      4.940    -2.2065    301.569     9.1141 -9.990e-29
      4.845    18.9750 265.257419     0.0317 1.0000e-12     0.8959    79.9344 7.7656e-01 0.0000e+00  0.2974395    18.9731 266.379101     2.5092      4.941    -2.1757    301.569     9.1143 -9.990e-29
      4.847    18.9751 265.257419     0.0220 1.0000e-12     0.8959    79.9344 7.2894e-01 0.0000e+00  0.2974395    18.9731 266.379100     2.5092      4.943    -2.2172    301.568     9.1150 -9.990e-29
      4.849    18.9752 265.221261     0.0330 1.0000e-12     0.8959    79.9344 7.0696e-01 0.0000e+00  0.2970237    18.9734 266.318218     2.5079      4.945    -2.1695    301.527     9.1092 -9.990e-29
      4.853    18.9752 265.245366     0.0208 1.0000e-12     0.8972    79.9083 6.9231e-01 0.0000e+00  0.2974395    18.9730 266.318218     2.5079      4.949    -2.2226    301.554     9.1100 -9.990e-29
      4.857    18.9750 265.257420     0.0342 1.0000e-12     0.9037    79.7776 6.8498e-01 0.0000e+00  0.2974395    18.9731 266.257338     2.5079      4.953    -2.1638    301.569     9.1102 -9.990e-29
      4.861    18.9751 265.269471     0.0195 1.0000e-12     0.9076    79.6991 6.7033e-01 0.0000e+00  0.2974395    18.9731 266.348659     2.5079      4.957    -2.2289    301.582     9.1109 -9.990e-29
      4.864    18.9749 265.185106     0.0342 1.0000e-12     0.9076    79.6991 8.0586e-01 0.0000e+00  0.2978552    18.9730 266.318220     2.5079      4.960    -2.1638    301.487     9.1116 -9.990e-29
      4.868    18.9750 265.233314     0.0195 1.0000e-12     0.9076    79.6991 9.1209e-01 0.0000e+00  0.2978552    18.9731 266.318218     2.5079      4.964    -2.2296    301.542     9.1123 -9.990e-29
      4.873    18.9752 265.221263     0.0354 1.0000e-12     0.9090    79.6730 8.7912e-01 0.0000e+00  0.2978552    18.9735 266.257338     2.5092      4.969    -2.1584    301.527     9.1185 -9.990e-29
      4.876    18.9748 265.257420     0.0195 1.0000e-12     0.9076    79.6991 8.2051e-01 0.0000e+00  0.2978552    18.9731 266.257338     2.5079      4.972    -2.2300    301.570     9.1129 -9.990e-29
      4.880    18.9749 265.185105     0.0354 1.0000e-12     0.9090    79.6730 8.2784e-01 0.0000e+00  0.2978552    18.9730 266.257336     2.5079      4.976    -2.1580    301.487     9.1132 -9.990e-29
      4.886    18.9749 265.245368     0.0208 1.0000e-12     0.9076    79.6991 8.3516e-01 0.0000e+00  0.2974395    18.9731 266.196456     2.5092      4.982    -2.2246    301.556     9.1195 -9.990e-29
      4.891    18.9747 265.233316     0.0342 1.0000e-12     0.9076    79.6991 7.9853e-01 1.9691e+00  0.2974395    18.9727 266.470425     2.5092      4.987    -2.1631    301.544     9.1199 -9.990e-29
      4.897    18.9744 265.209211     0.0232 1.0000e-12     0.9090    79.6730 7.9121e-01 0.0000e+00  0.2974395    18.9731 266.318220     2.5092      4.994    -2.2140    301.518     9.1202 -9.990e-29
      4.903    18.9742 265.185107     0.0317 1.0000e-12     0.9076    79.6991 8.2418e-01 0.0000e+00  0.2974395    18.9730 266.287779     2.5092      5.000    -2.1736    301.492     9.1206 -9.990e-29
      4.908    18.9740 265.233316     0.0256 1.0000e-12     0.9076    79.6991 8.4982e-01 0.0000e+00  0.2974395    18.9731 266.318220     2.5092      5.005    -2.2029    301.548     9.1205 -9.990e-29
      4.913    18.9741 265.221265     0.0293 1.0000e-12     0.9076    79.6991 9.0476e-01 0.0000e+00  0.2974395    18.9731 266.257339     2.5092      5.010    -2.1836    301.534     9.1204 -9.990e-29
      4.918    18.9736 265.257421     0.0269 1.0000e-12     0.9076    79.6991 9.7070e-01 0.0000e+00  0.2974395    18.9725 266.348661     2.5092      5.015    -2.1964    301.579     9.1205 -9.990e-29
      4.922    18.9738 265.209213     0.0269 1.0000e-12     0.9090    79.6730 1.0000e+00 0.0000e+00  0.2974395    18.9731 266.318221     2.5092      5.019    -2.1937    301.522     9.1205 -9.990e-29
      4.927    18.9738 265.209212     0.0293 1.0000e-12     0.9090    79.6730 1.0000e+00 0.0000e+00  0.2974395    18.9730 266.379102     2.5092      5.024    -2.1857    301.522     9.1206 -9.990e-29
      4.932    18.9739 265.221265     0.0244 1.0000e-12     0.9076    79.6991 1.0000e+00 0.0000e+00  0.2974395    18.9730 266.348662     2.5092      5.029    -2.2053    301.535     9.1202 -9.990e-29
      4.936    18.9740 265.185108     0.0317 1.0000e-12     0.9090    79.6730 9.8535e-01 0.0000e+00  0.2974395    18.9728 266.257340     2.5092      5.033    -2.1750    301.494     9.1204 -9.990e-29
      4.940    18.9740 265.257422     0.0220 1.0000e-12     0.9090    79.6730 9.6703e-01 0.0000e+00  0.2978552    18.9730 266.257339     2.5092      5.037    -2.2164    301.576     9.1201 -9.990e-29
      4.943    18.9743 265.221265     0.0330 1.0000e-12     0.9076    79.6991 9.5604e-01 0.0000e+00  0.2978552    18.9727 266.409544     2.5104      5.040    -2.1691    301.533     9.1254 -9.990e-29
      4.946    18.9743 265.245370     0.0208 1.0000e-12     0.9103    79.6469 9.1941e-01 0.0000e+00  0.2978552    18.9731 266.287780     2.5092      5.044    -2.2222    301.560     9.1196 -9.990e-29
      4.949    18.9742 265.257422     0.0342 1.0000e-12     0.9129    79.5946 8.7912e-01 0.0000e+00  0.2974395    18.9726 266.348662     2.5104      5.047    -2.1634    301.575     9.1249 -9.990e-29
      4.952    18.9740 265.293580     0.0195 1.0000e-12     0.9129    79.5946 9.0110e-01 0.0000e+00  0.2974395    18.9723 266.166018     2.5092      5.050    -2.2285    301.617     9.1193 -9.990e-29
      4.955    18.9742 265.329737     0.0354 1.0000e-12     0.9129    79.5946 9.3407e-01 0.0000e+00  0.2970237    18.9720 266.105137     2.5104      5.053    -2.1581    301.657     9.1246 -9.990e-29
      4.959    18.9739 265.293580     0.0195 1.0000e-12     0.9129    79.5946 9.4505e-01 0.0000e+00  0.2970237    18.9716 266.166019     2.5092      5.057    -2.2289    301.618     9.1190 -9.990e-29
      4.962    18.9740 265.209213     0.0354 1.0000e-12     0.9129    79.5946 9.5604e-01 0.0000e+00  0.2970237    18.9714 266.379105     2.5104      5.060    -2.1577    301.521     9.1243 -9.990e-29
      4.965    18.9743 265.233319     0.0195 1.0000e-12     0.9129    79.5946 9.2674e-01 0.0000e+00  0.2974395    18.9714 266.409547     2.5104      5.063    -2.2294    301.546     9.1240 -9.990e-29
      4.966    18.9740 265.269475     0.0342 1.0000e-12     0.9116    79.6207 8.7546e-01 0.0000e+00  0.2974395    18.9719 266.409545     2.5104      5.064    -2.1632    301.590     9.1236 -9.990e-29
      4.967    18.9741 265.221267     0.0208 1.0000e-12     0.9129    79.5946 8.6813e-01 0.0000e+00  0.2978552    18.9724 266.287782     2.5092      5.065    -2.2245    301.534     9.1178 -9.990e-29
      4.967    18.9745 265.136899     0.0342 1.0000e-12     0.9129    79.5946 9.0476e-01 0.0000e+00  0.2978552    18.9723 266.196458     2.5092      5.065    -2.1629    301.435     9.1179 -9.990e-29
      4.967    18.9742 265.221265     0.0220 1.0000e-12     0.9129    79.5946 9.1575e-01 0.0000e+00  0.2978552    18.9719 266.287781     2.5092      5.065    -2.2193    301.533     9.1177 -9.990e-29
      4.967    18.9744 265.269476     0.0317 1.0000e-12     0.9129    79.5946 8.9011e-01 0.0000e+00  0.2978552    18.9726 266.318223     2.5092      5.065    -2.1735    301.587     9.1177 -9.990e-29
      4.966    18.9743 265.281527     0.0244 1.0000e-12     0.9116    79.6207 8.4249e-01 0.0000e+00  0.2974395    18.9721 266.348663     2.5092      5.064    -2.2082    301.601     9.1183 -9.990e-29
      4.966    18.9743 265.257422     0.0305 1.0000e-12     0.9129    79.5946 8.2051e-01 0.0000e+00  0.2978552    18.9718 266.348663     2.5092      5.064    -2.1782    301.574     9.1189 -9.990e-29
      4.966    18.9747 265.197162     0.0269 1.0000e-12     0.9129    79.5946 8.0586e-01 0.0000e+00  0.2974395    18.9719 266.379106     2.5092      5.064    -2.1964    301.503     9.1194 -9.990e-29
      4.964    18.9744 265.185108     0.0281 1.0000e-12     0.9129    79.5946 8.0220e-01 0.0000e+00  0.2978552    18.9717 266.287781     2.5079      5.062    -2.1888    301.491     9.1139 -9.990e-29
      4.962    18.9745 265.209214     0.0293 1.0000e-12     0.9129    79.5946 8.1319e-01 1.9691e+00  0.2974395    18.9717 266.348665     2.5079      5.060    -2.1854    301.518     9.1144 -9.990e-29
      4.958    18.9743 265.209213     0.0256 1.0000e-12     0.9129    79.5946 8.0952e-01 0.0000e+00  0.2974395    18.9719 266.287781     2.5079      5.056    -2.1997    301.519     9.1148 -9.990e-29
      4.954    18.9742 265.209213     0.0317 1.0000e-12     0.9129    79.5946 8.1319e-01 0.0000e+00  0.2970237    18.9715 266.287782     2.5079      5.052    -2.1748    301.520     9.1153 -9.990e-29
      4.948    18.9744 265.185108     0.0220 1.0000e-12     0.9129    79.5946 7.8022e-01 0.0000e+00  0.2974395    18.9716 266.257341     2.5079      5.046    -2.2163    301.491     9.1157 -9.990e-29
      4.944    18.9742 265.209211     0.0330 1.0000e-12     0.9129    79.5946 7.8022e-01 0.0000e+00  0.2974395    18.9716 266.196458     2.5079      5.041    -2.1690    301.520     9.1161 -9.990e-29
      4.941    18.9743 265.257422     0.0208 1.0000e-12     0.9090    79.6730 7.7656e-01 0.0000e+00  0.2974395    18.9721 266.287781     2.5079      5.038    -2.2225    301.574     9.1164 -9.990e-29
      4.939    18.9742 265.257422     0.0342 1.0000e-12     0.9076    79.6991 7.3260e-01 0.0000e+00  0.2974395    18.9717 266.257340     2.5079      5.036    -2.1637    301.575     9.1168 -9.990e-29
      4.936    18.9743 265.257422     0.0195 1.0000e-12     0.9076    79.6991 7.1062e-01 0.0000e+00  0.2974395    18.9718 266.318222     2.5079      5.033    -2.2288    301.574     9.1171 -9.990e-29
      4.933    18.9742 265.257422     0.0354 1.0000e-12     0.9090    79.6730 7.0696e-01 0.0000e+00  0.2978552    18.9714 266.379105     2.5079      5.030    -2.1584    301.575     9.1184 -9.990e-29
      4.928    18.9740 265.197161     0.0195 1.0000e-12     0.9076    79.6991 7.1062e-01 0.0000e+00  0.2978552    18.9717 266.439986     2.5079      5.025    -2.2293    301.507     9.1191 -9.990e-29
      4.922    18.9740 265.221264     0.0354 1.0000e-12     0.9076    79.6991 7.1062e-01 0.0000e+00  0.2978552    18.9721 266.287780     2.5079      5.019    -2.1581    301.535     9.1202 -9.990e-29
      4.918    18.9744 265.197159     0.0195 1.0000e-12     0.9076    79.6991 7.2161e-01 0.0000e+00  0.2974395    18.9721 266.318221     2.5092      5.015    -2.2297    301.505     9.1268 -9.990e-29
      4.915    18.9742 265.209213     0.0354 1.0000e-12     0.9076    79.6991 7.2894e-01 0.0000e+00  0.2961922    18.9722 266.257340     2.5092      5.012    -2.1578    301.520     9.1279 -9.990e-29
