data/05_metadata_exports/SeabirdData/202310_SeabirdData/88826_STN8.cnv
* Sea-Bird SBE 9 Data File:
* FileName = C:\Users\rosette\Rosette Data\2023\Ontario lower food web csmi\STN8.hex
* Software Version Seasave V 7.26.6.26
* Temperature SN = 5270
* Conductivity SN = 1168
* Number of Bytes Per Scan = 40
* Number of Voltage Words = 5
* Number of Scans Averaged by the Deck Unit = 1
* NMEA Latitude = 43 37.39 N
* NMEA Longitude = 079 27.19 W
* NMEA UTC (Time) = Sep 27 2023  23:59:46
* NMEA baud rate = 4800
** Ship: Lake Guardian
** Cruise: Ontario Lower Food Web 2023
** Station:  STN8
# nquan = 18                                
# nvalues = 9004                        
# units = specified
# name 0 = prDM: Pressure, Digiquartz [db]
# name 1 = t090C: Temperature [ITS-90, deg C]
# name 2 = c0uS/cm: Conductivity [uS/cm]
# name 3 = sbeox0V: Oxygen raw, SBE 43 [V]
# name 4 = par: PAR/Irradiance, Biospherical/Licor
# name 5 = bat: Beam Attenuation, Chelsea/Seatech [1/m]
# name 6 = xmiss: Beam Transmission, Chelsea/Seatech [%]
# name 7 = flSP: Fluorescence, Seapoint
# name 8 = spar: SPAR, Biospherical/Licor
# name 9 = upoly0: Upoly 0, Suna Nitrate
# name 10 = t190C: Temperature, 2 [ITS-90, deg C]
# name 11 = c1uS/cm: Conductivity, 2 [uS/cm]
# name 12 = sbeox1V: Oxygen raw, SBE 43, 2 [V]
# name 13 = depFM: Depth [fresh water, m], lat = 43.6232
# name 14 = sbeox0Mg/L: Oxygen, SBE 43 [mg/l], WS = 2
# name 15 = specc: Specific Conductance [uS/cm]
# name 16 = sbeox1Mg/L: Oxygen, SBE 43, 2 [mg/l], WS = 2
# name 17 = flag: flag
# span 0 =     -0.068,     13.266       
# span 1 =    15.4623,    19.0031       
# span 2 =  32.569367, 623.840610       
# span 3 =     0.0183,     0.0366       
# span 4 = 1.0000e-12, 2.8338e+00       
# span 5 =     0.2232,     7.0472       
# span 6 =    17.1736,    94.5725       
# span 7 = 1.0256e-01, 6.4579e+00       
# span 8 = 0.0000e+00, 1.9691e+00       
# span 9 =  0.0854033,  0.3057546       
# span 10 =    17.2888,    18.9975      
# span 11 =  13.361584, 266.713888      
# span 12 =     1.9524,     2.6862      
# span 13 =     -0.069,     13.528      
# span 14 =    -2.4057,    -2.1519      
# span 15 =     39.221,    761.152      
# span 16 =     6.5017,    10.0801      
# span 17 = 0.0000e+00, 0.0000e+00      
# interval = seconds: 0.0416667
# start_time = Sep 27 2023 23:59:46 [NMEA time, header]
# bad_flag = -9.990e-29
*END*
[from data line 1287]
      2.075    18.9627 264.871690     0.0354 1.5321e-01     0.8919    80.0128 8.3150e-01 1.9691e+00  0.2999340    18.9651 266.135509     2.1514      2.116    -2.1558    301.215     7.3421 -9.990e-29
      2.075    18.9620 264.859640     0.0220 1.5913e-01     0.8919    80.0128 8.3150e-01 1.9691e+00  0.2999340    18.9658 266.105069     2.1502      2.116    -2.2179    301.206     7.3357 -9.990e-29
      2.075    18.9625 264.931950     0.0330 5.3274e-02     0.8919    80.0128 9.1941e-01 1.9691e+00  0.2999340    18.9666 266.135508     2.1490      2.116    -2.1663    301.285     7.3300 -9.990e-29
      2.076    18.9635 264.968106     0.0232 7.9032e-03     0.8919    80.0128 1.0000e+00 1.9691e+00  0.3003498    18.9672 266.165949     2.1477      2.117    -2.2127    301.319     7.3243 -9.990e-29
      2.076    18.9651 264.931949     0.0317 2.8303e-03     0.8919    80.0128 9.4505e-01 1.9691e+00  0.3003498    18.9674 266.105068     2.1465      2.117    -2.1719    301.267     7.3198 -9.990e-29
      2.077    18.9662 264.919894     0.0269 1.9043e-03     0.8919    80.0128 8.8645e-01 1.9691e+00  0.2999340    18.9677 266.196387     2.1441      2.118    -2.1967    301.246     7.3108 -9.990e-29
      2.078    18.9672 264.919897     0.0281 1.0000e-12     0.8919    80.0128 8.5348e-01 1.9691e+00  0.2991025    18.9683 266.165950     2.1441      2.119    -2.1883    301.239     7.3132 -9.990e-29
      2.079    18.9680 264.980153     0.0293 1.0000e-12     0.8919    80.0128 8.2784e-01 1.9691e+00  0.2986867    18.9695 266.105065     2.1416      2.120    -2.1862    301.302     7.3047 -9.990e-29
      2.079    18.9688 265.004258     0.0256 8.8800e-03     0.8919    80.0128 8.2051e-01 1.9691e+00  0.2986867    18.9723 266.105064     2.1416      2.120    -2.1997    301.324     7.3079 -9.990e-29
      2.080    18.9691 264.980154     0.0317 2.2358e-02     0.8919    80.0128 8.1319e-01 1.9691e+00  0.2986867    18.9761 266.165942     2.1404      2.121    -2.1756    301.294     7.3061 -9.990e-29
      2.079    18.9696 265.016308     0.0232 2.5684e-02     0.8919    80.0128 7.9487e-01 1.9691e+00  0.2986867    18.9777 266.105058     2.1392      2.120    -2.2110    301.332     7.3041 -9.990e-29
      2.080    18.9703 265.004257     0.0330 2.7948e-02     0.8919    80.0128 7.9487e-01 1.9691e+00  0.2986867    18.9790 266.196380     2.1380      2.121    -2.1699    301.313     7.3031 -9.990e-29
      2.080    18.9707 264.956048     0.0208 3.3383e-02     0.8919    80.0128 8.3516e-01 1.9691e+00  0.2991025    18.9797 266.196379     2.1368      2.121    -2.2227    301.256     7.3023 -9.990e-29
      2.080    18.9709 264.968099     0.0342 3.4975e-02     0.8959    79.9344 9.0110e-01 1.9691e+00  0.2991025    18.9810 266.226818     2.1343      2.121    -2.1643    301.268     7.2954 -9.990e-29
      2.079    18.9707 264.992204     0.0195 3.5376e-02     0.8998    79.8560 9.3040e-01 1.9691e+00  0.2991025    18.9818 266.257259     2.1343      2.120    -2.2290    301.297     7.3005 -9.990e-29
      2.079    18.9710 265.004254     0.0354 3.5778e-02     0.8998    79.8560 9.2308e-01 1.9691e+00  0.2991025    18.9827 266.318139     2.1331      2.120    -2.1591    301.309     7.3001 -9.990e-29
      2.079    18.9711 265.004256     0.0195 3.5778e-02     0.8998    79.8560 8.8645e-01 1.9691e+00  0.2991025    18.9825 266.165936     2.1319      2.120    -2.2296    301.308     7.3004 -9.990e-29
      2.079    18.9711 265.040412     0.0354 3.6991e-02     0.8985    79.8821 8.4249e-01 1.9691e+00  0.2991025    18.9827 266.165936     2.1319      2.120    -2.1584    301.349     7.3060 -9.990e-29
      2.078    18.9709 265.016308     0.0195 4.2789e-02     0.8998    79.8560 8.3516e-01 1.9691e+00  0.2991025    18.9822 266.044174     2.1306      2.119    -2.2305    301.323     7.3053 -9.990e-29
      2.076    18.9710 264.968098     0.0354 4.4915e-02     0.8998    79.8560 8.4982e-01 1.9691e+00  0.2986867    18.9814 266.135495     2.1306      2.117    -2.1582    301.267     7.3105 -9.990e-29
      2.074    18.9707 264.968100     0.0208 4.4061e-02     0.8998    79.8560 8.6447e-01 1.9691e+00  0.2986867    18.9818 266.226818     2.1294      2.115    -2.2249    301.270     7.3100 -9.990e-29
      2.073    18.9705 264.943995     0.0342 3.3779e-02     0.8985    79.8821 8.4249e-01 1.9691e+00  0.2986867    18.9813 266.135496     2.1294      2.114    -2.1630    301.244     7.3146 -9.990e-29
      2.071    18.9702 264.980153     0.0220 2.8712e-02     0.8998    79.8560 7.9121e-01 1.9691e+00  0.2986867    18.9813 266.105056     2.1294      2.112    -2.2198    301.287     7.3196 -9.990e-29
      2.068    18.9700 264.907839     0.0330 2.8329e-02     0.8998    79.8560 7.3626e-01 1.9691e+00  0.2986867    18.9808 266.044174     2.1294      2.109    -2.1679    301.206     7.3240 -9.990e-29
      2.066    18.9695 264.956049     0.0244 3.6181e-02     0.8985    79.8821 7.3626e-01 1.9691e+00  0.2986867    18.9810 266.135497     2.1294      2.107    -2.2093    301.264     7.3283 -9.990e-29
      2.063    18.9688 264.980152     0.0305 4.1109e-02     0.8985    79.8821 7.6923e-01 1.9691e+00  0.2986867    18.9811 266.074614     2.1294      2.104    -2.1790    301.296     7.3326 -9.990e-29
      2.061    18.9686 264.943996     0.0269 4.1946e-02     0.8998    79.8560 7.7656e-01 1.9691e+00  0.2986867    18.9817 266.135495     2.1294      2.102    -2.1980    301.257     7.3362 -9.990e-29
      2.060    18.9677 264.943999     0.0281 2.9479e-02     0.8998    79.8560 7.5824e-01 1.9691e+00  0.2986867    18.9818 266.074615     2.1294      2.101    -2.1896    301.263     7.3398 -9.990e-29
      2.058    18.9679 264.931946     0.0293 2.0907e-02     0.8985    79.8821 7.5458e-01 1.9691e+00  0.2991025    18.9822 266.074614     2.1294      2.099    -2.1875    301.248     7.3428 -9.990e-29
      2.055    18.9676 264.919893     0.0244 1.4574e-02     0.8985    79.8821 7.3993e-01 1.9691e+00  0.2991025    18.9820 266.105054     2.1306      2.096    -2.2064    301.236     7.3512 -9.990e-29
      2.053    18.9674 264.871686     0.0317 2.8303e-03     0.8998    79.8560 7.3993e-01 1.9691e+00  0.2991025    18.9817 266.013732     2.1306      2.093    -2.1765    301.183     7.3531 -9.990e-29
      2.052    18.9672 264.871686     0.0220 1.0000e-12     0.8985    79.8821 7.4725e-01 1.9691e+00  0.2991025    18.9808 266.074614     2.1306      2.092    -2.2176    301.184     7.3554 -9.990e-29
      2.051    18.9671 264.859636     0.0330 1.0000e-12     0.8985    79.8821 7.5092e-01 1.9691e+00  0.2982710    18.9789 265.983296     2.1319      2.091    -2.1704    301.171     7.3627 -9.990e-29
      2.049    18.9665 264.895790     0.0195 1.5973e-03     0.8945    79.9605 7.6190e-01 1.9691e+00  0.2978552    18.9778 266.044176     2.1319      2.089    -2.2289    301.216     7.3642 -9.990e-29
      2.047    18.9662 264.919895     0.0342 2.8303e-03     0.8880    80.0912 7.4359e-01 1.9691e+00  0.2974395    18.9774 266.013736     2.1306      2.087    -2.1643    301.246     7.3590 -9.990e-29
      2.045    18.9663 264.919894     0.0183 2.8303e-03     0.8867    80.1174 7.3260e-01 1.9691e+00  0.2978552    18.9764 266.013737     2.1319      2.085    -2.2343    301.245     7.3657 -9.990e-29
      2.044    18.9658 264.871688     0.0354 4.3636e-02     0.8880    80.0912 7.4725e-01 1.9691e+00  0.2978552    18.9757 266.135500     2.1319      2.084    -2.1586    301.194     7.3657 -9.990e-29
      2.042    18.9658 264.859635     0.0195 8.9884e-02     0.8880    80.0912 8.0952e-01 1.9691e+00  0.2978552    18.9754 266.074619     2.1319      2.082    -2.2298    301.180     7.3650 -9.990e-29
      2.041    18.9657 264.907843     0.0354 9.9543e-02     0.8867    80.1174 8.2418e-01 1.9691e+00  0.2978552    18.9749 266.013738     2.1319      2.081    -2.1581    301.235     7.3633 -9.990e-29
      2.039    18.9655 264.919895     0.0195 6.2092e-02     0.8880    80.0912 8.0952e-01 1.9691e+00  0.2978552    18.9744 266.135501     2.1319      2.079    -2.2298    301.250     7.3613 -9.990e-29
      2.038    18.9651 264.823480     0.0354 2.7948e-02     0.8880    80.0912 9.0476e-01 1.9691e+00  0.2982710    18.9742 266.013739     2.1319      2.078    -2.1575    301.143     7.3591 -9.990e-29
      2.037    18.9651 264.907844     0.0208 2.1630e-02     0.8867    80.1174 1.0733e+00 1.9691e+00  0.2982710    18.9742 266.044179     2.1319      2.077    -2.2241    301.239     7.3562 -9.990e-29
      2.035    18.9644 264.871688     0.0330 1.6301e-02     0.8867    80.1174 1.1575e+00 1.9691e+00  0.2982710    18.9740 266.196383     2.1306      2.075    -2.1676    301.203     7.3477 -9.990e-29
      2.036    18.9644 264.871686     0.0232 7.5794e-03     0.8880    80.0912 1.1465e+00 1.9691e+00  0.2982710    18.9740 266.013737     2.1306      2.076    -2.2135    301.203     7.3443 -9.990e-29
      2.038    18.9641 264.811431     0.0317 5.3382e-03     0.8880    80.0912 1.0806e+00 1.9691e+00  0.2978552    18.9742 266.013740     2.1306      2.078    -2.1727    301.137     7.3408 -9.990e-29
      2.039    18.9639 264.883742     0.0256 1.3209e-02     0.8880    80.0912 1.0147e+00 1.9691e+00  0.2978552    18.9760 266.074620     2.1294      2.079    -2.2029    301.220     7.3309 -9.990e-29
      2.038    18.9639 264.907843     0.0293 3.4975e-02     0.8880    80.0912 9.9634e-01 1.9691e+00  0.2978552    18.9782 265.983294     2.1294      2.078    -2.1832    301.248     7.3266 -9.990e-29
      2.037    18.9638 264.871689     0.0281 4.2367e-02     0.8880    80.0912 1.0073e+00 1.9691e+00  0.2978552    18.9799 266.013734     2.1282      2.077    -2.1918    301.207     7.3168 -9.990e-29
      2.038    18.9636 264.823482     0.0269 4.0692e-02     0.8867    80.1174 1.0000e+00 1.9691e+00  0.2978552    18.9820 266.074613     2.1282      2.078    -2.1937    301.154     7.3122 -9.990e-29
      2.039    18.9632 264.859638     0.0293 3.4575e-02     0.8867    80.1174 9.7436e-01 1.9691e+00  0.2978552    18.9825 266.105053     2.1282      2.079    -2.1861    301.198     7.3082 -9.990e-29
      2.039    18.9634 264.835534     0.0244 3.2593e-02     0.8867    80.1174 9.4872e-01 1.9691e+00  0.2978552    18.9836 266.135493     2.1270      2.079    -2.2049    301.169     7.2984 -9.990e-29
      2.040    18.9636 264.859638     0.0317 3.1417e-02     0.8880    80.0912 9.4139e-01 1.9691e+00  0.2978552    18.9841 265.983290     2.1270      2.080    -2.1750    301.195     7.2941 -9.990e-29
      2.040    18.9638 264.859637     0.0220 2.2723e-02     0.8880    80.0912 9.4872e-01 1.9691e+00  0.2978552    18.9839 266.013730     2.1258      2.080    -2.2157    301.194     7.2847 -9.990e-29
      2.039    18.9643 264.895792     0.0330 1.8760e-02     0.8893    80.0651 9.6703e-01 1.9691e+00  0.2978552    18.9837 266.074612     2.1258      2.079    -2.1687    301.231     7.2803 -9.990e-29
      2.039    18.9650 264.883740     0.0195 1.9471e-02     0.8893    80.0651 9.8535e-01 1.9691e+00  0.2978552    18.9836 265.922409     2.1245      2.079    -2.2276    301.213     7.2711 -9.990e-29
      2.039    18.9658 264.895791     0.0342 4.0276e-02     0.8893    80.0651 1.0110e+00 1.9691e+00  0.2978552    18.9839 265.983290     2.1245      2.079    -2.1629    301.221     7.2678 -9.990e-29
      2.039    18.9664 264.883739     0.0195 5.3727e-02     0.8906    80.0390 1.0330e+00 1.9691e+00  0.2978552    18.9834 266.044171     2.1233      2.079    -2.2279    301.203     7.2582 -9.990e-29
      2.039    18.9672 264.883738     0.0354 5.5549e-02     0.8906    80.0390 1.0256e+00 1.9691e+00  0.2982710    18.9829 266.074612     2.1233      2.079    -2.1570    301.198     7.2554 -9.990e-29
      2.039    18.9676 264.859634     0.0195 5.6468e-02     0.8893    80.0651 1.1026e+00 1.9691e+00  0.2982710    18.9829 266.135494     2.1221      2.079    -2.2286    301.167     7.2471 -9.990e-29
      2.040    18.9681 264.871684     0.0354 5.7392e-02     0.8893    80.0651 1.2198e+00 1.9691e+00  0.2982710    18.9825 266.105052     2.1221      2.080    -2.1570    301.178     7.2438 -9.990e-29
      2.042    18.9686 264.919894     0.0195 5.7856e-02     0.8893    80.0651 1.2088e+00 1.9691e+00  0.2978552    18.9834 265.922411     2.1209      2.082    -2.2294    301.229     7.2358 -9.990e-29
      2.042    18.9691 264.895788     0.0342 3.8624e-02     0.8906    80.0390 1.0916e+00 1.9691e+00  0.2978552    18.9836 266.044171     2.1197      2.082    -2.1620    301.198     7.2280 -9.990e-29
      2.042    18.9693 264.907840     0.0220 2.1630e-02     0.8906    80.0390 9.8535e-01 1.9691e+00  0.2978552    18.9836 266.013731     2.1184      2.082    -2.2183    301.211     7.2198 -9.990e-29
      2.042    18.9698 264.883736     0.0342 1.5262e-02     0.8906    80.0390 9.1941e-01 1.9691e+00  0.2978552    18.9837 266.074612     2.1172      2.082    -2.1618    301.180     7.2121 -9.990e-29
      2.042    18.9698 264.919891     0.0232 3.4520e-03     0.8906    80.0390 8.5714e-01 1.9691e+00  0.2978552    18.9836 266.044171     2.1172      2.082    -2.2138    301.221     7.2100 -9.990e-29
      2.043    18.9703 264.895787     0.0317 1.0000e-12     0.8906    80.0390 8.0952e-01 1.9691e+00  0.2982710    18.9836 266.044171     2.1160      2.083    -2.1730    301.190     7.2029 -9.990e-29
      2.043    18.9702 264.859632     0.0256 1.0000e-12     0.8893    80.0651 7.9121e-01 1.9691e+00  0.2982710    18.9834 266.074613     2.1160      2.083    -2.2032    301.150     7.2015 -9.990e-29
      2.044    18.9709 264.871683     0.0293 7.9096e-02     0.8893    80.0651 7.9121e-01 1.9691e+00  0.2986867    18.9834 266.044171     2.1148      2.084    -2.1838    301.159     7.1942 -9.990e-29
      2.044    18.9705 264.835528     0.0281 1.8097e-01     0.8893    80.0651 8.0220e-01 1.9691e+00  0.2982710    18.9834 266.044171     2.1136      2.084    -2.1924    301.120     7.1871 -9.990e-29
      2.045    18.9708 264.847579     0.0256 2.0110e-01     0.8893    80.0651 8.2051e-01 1.9691e+00  0.2982710    18.9832 266.044172     2.1123      2.085    -2.2005    301.132     7.1796 -9.990e-29
      2.046    18.9707 264.859631     0.0305 1.2418e-01     0.8893    80.0651 8.7546e-01 1.9691e+00  0.2982710    18.9829 266.074612     2.1123      2.086    -2.1813    301.146     7.1778 -9.990e-29
      2.048    18.9709 264.859631     0.0232 6.5461e-02     0.8893    80.0651 9.4139e-01 1.9691e+00  0.2982710    18.9834 265.922410     2.1111      2.088    -2.2112    301.145     7.1711 -9.990e-29
      2.050    18.9709 264.895788     0.0330 4.5344e-02     0.8893    80.0651 1.0000e+00 1.9691e+00  0.2982710    18.9820 266.044174     2.1099      2.090    -2.1697    301.186     7.1643 -9.990e-29
      2.051    18.9708 264.847579     0.0208 9.2075e-03     0.8919    80.0128 1.0293e+00 1.9691e+00  0.2982710    18.9818 265.983292     2.1099      2.091    -2.2219    301.132     7.1630 -9.990e-29
      2.051    18.9711 264.871683     0.0342 1.0000e-12     0.9037    79.7776 1.0037e+00 1.9691e+00  0.2978552    18.9815 266.044174     2.1087      2.091    -2.1643    301.157     7.1564 -9.990e-29
      2.051    18.9714 264.956046     0.0195 1.0000e-12     0.9090    79.6730 9.7070e-01 1.9691e+00  0.2982710    18.9810 265.983292     2.1074      2.091    -2.2285    301.251     7.1491 -9.990e-29
      2.052    18.9716 264.931942     0.0354 3.4177e-02     0.9090    79.6730 8.9744e-01 1.9691e+00  0.2978552    18.9804 266.044174     2.1074      2.092    -2.1584    301.222     7.1480 -9.990e-29
      2.054    18.9718 264.883734     0.0183 7.1393e-02     0.9090    79.6730 8.4249e-01 1.9691e+00  0.2978552    18.9800 265.983293     2.1050      2.094    -2.2342    301.166     7.1361 -9.990e-29
      2.055    18.9718 264.956047     0.0354 5.6468e-02     0.9076    79.6991 8.0220e-01 1.9691e+00  0.2982710    18.9797 266.044176     2.1062      2.096    -2.1579    301.248     7.1408 -9.990e-29
