data/05_metadata_exports/SeabirdData/202310_SeabirdData/88826_STN8.cnv
* Sea-Bird SBE 9 Data File:
* FileName = C:\Users\rosette\Rosette Data\2023\Ontario lower food web csmi\STN8.hex
* Software Version Seasave V 7.26.6.26
* Temperature SN = 5270
* Conductivity SN = 1168
* Number of Bytes Per Scan = 40
* Number of Voltage Words = 5
* Number of Scans Averaged by the Deck Unit = 1
* NMEA Latitude = 43 37.39 N
* NMEA Longitude = 079 27.19 W
* NMEA UTC (Time) = Sep 27 2023  23:59:46
* NMEA baud rate = 4800
** Ship: Lake Guardian
** Cruise: Ontario Lower Food Web 2023
** Station:  STN8
# nquan = 18                                
# nvalues = 9004                        
# units = specified
# name 0 = prDM: Pressure, Digiquartz [db]
# name 1 = t090C: Temperature [ITS-90, deg C]
# name 2 = c0uS/cm: Conductivity [uS/cm]
# name 3 = sbeox0V: Oxygen raw, SBE 43 [V]
# name 4 = par: PAR/Irradiance, Biospherical/Licor
# name 5 = bat: Beam Attenuation, Chelsea/Seatech [1/m]
# name 6 = xmiss: Beam Transmission, Chelsea/Seatech [%]
# name 7 = flSP: Fluorescence, Seapoint
# name 8 = spar: SPAR, Biospherical/Licor
# name 9 = upoly0: Upoly 0, Suna Nitrate
# name 10 = t190C: Temperature, 2 [ITS-90, deg C]
# name 11 = c1uS/cm: Conductivity, 2 [uS/cm]
# name 12 = sbeox1V: Oxygen raw, SBE 43, 2 [V]
# name 13 = depFM: Depth [fresh water, m], lat = 43.6232
# name 14 = sbeox0Mg/L: Oxygen, SBE 43 [mg/l], WS = 2
# name 15 = specc: Specific Conductance [uS/cm]
# name 16 = sbeox1Mg/L: Oxygen, SBE 43, 2 [mg/l], WS = 2
# name 17 = flag: flag
# span 0 =     -0.068,     13.266       
# span 1 =    15.4623,    19.0031       
# span 2 =  32.569367, 623.840610       
# span 3 =     0.0183,     0.0366       
# span 4 = 1.0000e-12, 2.8338e+00       
# span 5 =     0.2232,     7.0472       
# span 6 =    17.1736,    94.5725       
# span 7 = 1.0256e-01, 6.4579e+00       
# span 8 = 0.0000e+00, 1.9691e+00       
# span 9 =  0.0854033,  0.3057546       
# span 10 =    17.2888,    18.9975      
# span 11 =  13.361584, 266.713888      
# span 12 =     1.9524,     2.6862      
# span 13 =     -0.069,     13.528      
# span 14 =    -2.4057,    -2.1519      
# span 15 =     39.221,    761.152      
# span 16 =     6.5017,    10.0801      
# span 17 = 0.0000e+00, 0.0000e+00      
# interval = seconds: 0.0416667
# start_time = Sep 27 2023 23:59:46 [NMEA time, header]
# bad_flag = -9.990e-29
*END*
[from data line 7719]
      4.837    18.9719 265.148952     0.0317 1.0000e-12     0.9195    79.4639 8.9011e-01 0.0000e+00  0.2961922    18.9621 266.348670     2.5140      4.932    -2.1752    301.467     9.1471 -9.990e-29
      4.836    18.9718 265.221263     0.0232 1.0000e-12     0.9195    79.4639 8.5348e-01 1.9691e+00  0.2966080    18.9621 266.287785     2.5140      4.931    -2.2110    301.550     9.1468 -9.990e-29
      4.835    18.9711 265.221266     0.0317 1.0000e-12     0.9182    79.4900 7.8755e-01 0.0000e+00  0.2966080    18.9621 266.166025     2.5140      4.930    -2.1750    301.555     9.1464 -9.990e-29
      4.834    18.9704 265.257421     0.0208 1.0000e-12     0.9182    79.4900 7.5092e-01 0.0000e+00  0.2966080    18.9622 266.226903     2.5140      4.929    -2.2227    301.601     9.1461 -9.990e-29
      4.834    18.9696 265.257423     0.0342 1.0000e-12     0.9182    79.4900 7.3626e-01 0.0000e+00  0.2966080    18.9621 266.257346     2.5140      4.929    -2.1647    301.606     9.1457 -9.990e-29
      4.834    18.9702 265.221267     0.0195 1.0000e-12     0.9195    79.4639 7.8022e-01 0.0000e+00  0.2966080    18.9627 266.318229     2.5140      4.929    -2.2294    301.561     9.1453 -9.990e-29
      4.833    18.9700 265.257422     0.0354 1.0000e-12     0.9195    79.4639 8.2784e-01 0.0000e+00  0.2966080    18.9626 266.318226     2.5140      4.928    -2.1589    301.603     9.1445 -9.990e-29
      4.833    18.9705 265.233318     0.0195 1.0000e-12     0.9182    79.4900 8.2784e-01 0.0000e+00  0.2970237    18.9625 266.226905     2.5140      4.928    -2.2298    301.572     9.1438 -9.990e-29
      4.834    18.9709 265.185109     0.0354 1.0000e-12     0.9195    79.4639 7.9487e-01 0.0000e+00  0.2970237    18.9634 266.196464     2.5140      4.929    -2.1589    301.515     9.1433 -9.990e-29
      4.834    18.9714 265.197160     0.0195 1.0000e-12     0.9195    79.4639 8.2051e-01 0.0000e+00  0.2970237    18.9634 266.226904     2.5140      4.929    -2.2306    301.525     9.1426 -9.990e-29
      4.834    18.9715 265.209212     0.0354 1.0000e-12     0.9063    79.7253 9.5604e-01 0.0000e+00  0.2970237    18.9633 266.287786     2.5140      4.929    -2.1586    301.538     9.1419 -9.990e-29
      4.834    18.9718 265.245369     0.0208 1.0000e-12     0.8985    79.8821 1.0073e+00 0.0000e+00  0.2970237    18.9630 266.257345     2.5140      4.929    -2.2248    301.577     9.1412 -9.990e-29
      4.836    18.9714 265.257420     0.0342 1.0000e-12     0.8985    79.8821 9.5604e-01 0.0000e+00  0.2970237    18.9629 266.318226     2.5140      4.931    -2.1632    301.594     9.1410 -9.990e-29
      4.840    18.9716 265.269474     0.0220 1.0000e-12     0.8985    79.8821 9.0842e-01 0.0000e+00  0.2970237    18.9627 266.226905     2.5140      4.935    -2.2195    301.606     9.1404 -9.990e-29
      4.844    18.9711 265.281528     0.0317 1.0000e-12     0.8985    79.8821 8.5348e-01 0.0000e+00  0.2970237    18.9622 266.166025     2.5140      4.940    -2.1742    301.623     9.1398 -9.990e-29
      4.847    18.9712 265.257422     0.0244 1.0000e-12     0.8998    79.8560 7.9121e-01 0.0000e+00  0.2966080    18.9625 266.166023     2.5140      4.943    -2.2089    301.595     9.1391 -9.990e-29
      4.850    18.9716 265.221264     0.0305 1.0000e-12     0.8998    79.8560 7.5092e-01 0.0000e+00  0.2966080    18.9621 266.226905     2.5140      4.946    -2.1792    301.551     9.1385 -9.990e-29
      4.855    18.9716 265.245369     0.0269 1.0000e-12     0.8985    79.8821 7.7289e-01 0.0000e+00  0.2966080    18.9626 266.257345     2.5140      4.951    -2.1978    301.579     9.1378 -9.990e-29
      4.860    18.9717 265.245371     0.0281 1.0000e-12     0.8985    79.8821 7.7289e-01 1.9691e+00  0.2966080    18.9636 266.257346     2.5140      4.956    -2.1902    301.578     9.1370 -9.990e-29
      4.866    18.9719 265.245368     0.0293 1.0000e-12     0.8998    79.8560 7.5458e-01 0.0000e+00  0.2966080    18.9648 266.257342     2.5128      4.962    -2.1872    301.577     9.1308 -9.990e-29
      4.873    18.9722 265.221267     0.0256 1.0000e-12     0.8985    79.8821 7.5458e-01 0.0000e+00  0.2966080    18.9658 266.348668     2.5128      4.969    -2.2015    301.547     9.1300 -9.990e-29
      4.880    18.9722 265.221264     0.0305 1.0000e-12     0.8985    79.8821 7.6190e-01 0.0000e+00  0.2966080    18.9664 266.348665     2.5128      4.976    -2.1819    301.547     9.1298 -9.990e-29
      4.887    18.9725 265.221266     0.0232 1.0000e-12     0.8985    79.8821 7.9121e-01 0.0000e+00  0.2966080    18.9681 266.196461     2.5128      4.983    -2.2123    301.545     9.1290 -9.990e-29
      4.894    18.9724 265.221265     0.0317 1.0000e-12     0.8985    79.8821 8.2784e-01 0.0000e+00  0.2970237    18.9681 266.166020     2.5128      4.990    -2.1762    301.546     9.1284 -9.990e-29
      4.900    18.9724 265.257422     0.0220 1.0000e-12     0.8985    79.8821 8.2051e-01 0.0000e+00  0.2966080    18.9683 266.287783     2.5128      4.997    -2.2177    301.587     9.1279 -9.990e-29
      4.907    18.9726 265.233318     0.0342 1.0000e-12     0.8985    79.8821 8.1319e-01 1.9691e+00  0.2970237    18.9683 266.257342     2.5128      5.004    -2.1642    301.558     9.1279 -9.990e-29
      4.914    18.9724 265.221267     0.0195 1.0000e-12     0.8985    79.8821 8.3150e-01 0.0000e+00  0.2970237    18.9684 266.257343     2.5128      5.011    -2.2289    301.546     9.1279 -9.990e-29
      4.920    18.9722 265.293580     0.0342 1.0000e-12     0.8972    79.9083 8.3883e-01 0.0000e+00  0.2970237    18.9679 266.257342     2.5128      5.017    -2.1642    301.629     9.1280 -9.990e-29
      4.926    18.9728 265.257424     0.0183 1.0000e-12     0.8985    79.8821 8.0220e-01 0.0000e+00  0.2966080    18.9674 266.257344     2.5128      5.023    -2.2350    301.584     9.1282 -9.990e-29
      4.933    18.9728 265.269475     0.0354 1.0000e-12     0.8985    79.8821 7.7656e-01 0.0000e+00  0.2966080    18.9670 266.409548     2.5128      5.030    -2.1588    301.598     9.1284 -9.990e-29
      4.941    18.9732 265.281528     0.0195 1.0000e-12     0.9024    79.8037 7.6923e-01 0.0000e+00  0.2966080    18.9680 266.348666     2.5116      5.038    -2.2305    301.609     9.1228 -9.990e-29
      4.949    18.9736 265.257423     0.0354 1.0000e-12     0.9037    79.7776 7.3626e-01 0.0000e+00  0.2966080    18.9668 266.257345     2.5116      5.047    -2.1584    301.579     9.1233 -9.990e-29
      4.957    18.9740 265.221265     0.0195 1.0000e-12     0.9037    79.7776 7.1429e-01 0.0000e+00  0.2966080    18.9677 266.318226     2.5128      5.055    -2.2304    301.535     9.1288 -9.990e-29
      4.964    18.9738 265.257424     0.0342 1.0000e-12     0.9037    79.7776 7.2161e-01 0.0000e+00  0.2966080    18.9688 266.348667     2.5116      5.062    -2.1631    301.577     9.1234 -9.990e-29
      4.971    18.9743 265.233317     0.0220 1.0000e-12     0.9037    79.7776 7.6190e-01 0.0000e+00  0.2970237    18.9703 266.318224     2.5116      5.069    -2.2193    301.546     9.1234 -9.990e-29
      4.978    18.9740 265.293580     0.0330 1.0000e-12     0.9037    79.7776 8.4249e-01 0.0000e+00  0.2970237    18.9710 266.379105     2.5116      5.076    -2.1681    301.617     9.1236 -9.990e-29
      4.986    18.9742 265.269477     0.0244 1.0000e-12     0.9037    79.7776 9.5238e-01 0.0000e+00  0.2970237    18.9719 266.166020     2.5128      5.084    -2.2083    301.588     9.1293 -9.990e-29
      4.992    18.9743 265.245371     0.0305 1.0000e-12     0.9037    79.7776 1.0183e+00 0.0000e+00  0.2970237    18.9721 266.287783     2.5116      5.090    -2.1786    301.560     9.1242 -9.990e-29
      4.999    18.9747 265.269474     0.0269 1.0000e-12     0.9037    79.7776 1.0073e+00 0.0000e+00  0.2970237    18.9723 266.318222     2.5116      5.098    -2.1967    301.585     9.1246 -9.990e-29
      5.006    18.9750 265.233318     0.0281 1.0000e-12     0.9024    79.8037 9.9634e-01 1.9691e+00  0.2970237    18.9724 266.318223     2.5116      5.105    -2.1890    301.542     9.1246 -9.990e-29
      5.014    18.9754 265.245372     0.0281 1.0000e-12     0.9024    79.8037 9.8901e-01 0.0000e+00  0.2970237    18.9726 266.379106     2.5116      5.113    -2.1914    301.553     9.1246 -9.990e-29
      5.019    18.9753 265.269475     0.0256 1.0000e-12     0.9024    79.8037 9.3407e-01 0.0000e+00  0.2966080    18.9728 266.348664     2.5116      5.118    -2.2003    301.581     9.1248 -9.990e-29
      5.025    18.9756 265.281528     0.0305 1.0000e-12     0.9037    79.7776 8.6081e-01 0.0000e+00  0.2966080    18.9723 266.257342     2.5116      5.124    -2.1807    301.592     9.1251 -9.990e-29
      5.030    18.9754 265.305634     0.0232 1.0000e-12     0.9037    79.7776 8.3150e-01 0.0000e+00  0.2966080    18.9724 266.318225     2.5116      5.129    -2.2111    301.621     9.1253 -9.990e-29
      5.035    18.9754 265.269475     0.0317 1.0000e-12     0.9024    79.8037 8.4249e-01 0.0000e+00  0.2966080    18.9723 266.348664     2.5116      5.134    -2.1750    301.580     9.1252 -9.990e-29
      5.040    18.9753 265.257424     0.0208 1.0000e-12     0.9037    79.7776 8.4982e-01 0.0000e+00  0.2966080    18.9724 266.348666     2.5128      5.139    -2.2218    301.567     9.1305 -9.990e-29
      5.044    18.9754 265.257424     0.0342 1.0000e-12     0.9037    79.7776 8.4249e-01 0.0000e+00  0.2966080    18.9724 266.318225     2.5116      5.143    -2.1634    301.566     9.1250 -9.990e-29
      5.047    18.9754 265.197161     0.0195 1.0000e-12     0.9037    79.7776 8.5714e-01 0.0000e+00  0.2970237    18.9721 266.318224     2.5116      5.147    -2.2280    301.498     9.1250 -9.990e-29
      5.051    18.9756 265.257424     0.0354 1.0000e-12     0.9037    79.7776 8.8278e-01 0.0000e+00  0.2970237    18.9722 266.348666     2.5116      5.151    -2.1580    301.565     9.1250 -9.990e-29
      5.055    18.9757 265.257424     0.0195 1.0000e-12     0.9037    79.7776 8.5714e-01 1.9691e+00  0.2970237    18.9721 266.226902     2.5116      5.155    -2.2284    301.564     9.1251 -9.990e-29
      5.058    18.9756 265.269477     0.0354 1.0000e-12     0.9037    79.7776 8.0586e-01 0.0000e+00  0.2970237    18.9721 266.287785     2.5116      5.158    -2.1572    301.579     9.1251 -9.990e-29
      5.059    18.9756 265.257424     0.0195 1.0000e-12     0.9050    79.7514 8.0586e-01 0.0000e+00  0.2970237    18.9728 266.379106     2.5116      5.159    -2.2284    301.565     9.1251 -9.990e-29
      5.059    18.9755 265.221267     0.0354 1.0000e-12     0.9050    79.7514 8.2051e-01 0.0000e+00  0.2966080    18.9728 266.348665     2.5116      5.159    -2.1572    301.524     9.1252 -9.990e-29
      5.059    18.9757 265.245372     0.0195 1.0000e-12     0.9024    79.8037 8.4249e-01 1.9691e+00  0.2957764    18.9732 266.348665     2.5116      5.159    -2.2296    301.551     9.1254 -9.990e-29
      5.059    18.9757 265.257424     0.0342 1.0000e-12     0.9037    79.7776 8.7912e-01 0.0000e+00  0.2953607    18.9726 266.379106     2.5116      5.159    -2.1627    301.564     9.1257 -9.990e-29
      5.058    18.9759 265.245371     0.0220 1.0000e-12     0.9024    79.8037 9.0842e-01 1.9691e+00  0.2953607    18.9733 266.287783     2.5116      5.158    -2.2190    301.549     9.1254 -9.990e-29
      5.056    18.9758 265.221267     0.0330 1.0000e-12     0.9037    79.7776 8.5348e-01 0.0000e+00  0.2953607    18.9736 266.348665     2.5116      5.156    -2.1678    301.522     9.1251 -9.990e-29
      5.054    18.9756 265.245372     0.0244 1.0000e-12     0.9037    79.7776 7.8755e-01 0.0000e+00  0.2953607    18.9735 266.287783     2.5116      5.154    -2.2084    301.551     9.1254 -9.990e-29
      5.052    18.9757 265.293580     0.0305 1.0000e-12     0.9037    79.7776 7.4359e-01 0.0000e+00  0.2957764    18.9731 266.257341     2.5116      5.152    -2.1787    301.605     9.1254 -9.990e-29
      5.051    18.9756 265.317686     0.0256 1.0000e-12     0.9037    79.7776 7.0330e-01 0.0000e+00  0.2957764    18.9736 266.318224     2.5116      5.151    -2.2027    301.633     9.1252 -9.990e-29
      5.050    18.9757 265.281529     0.0293 1.0000e-12     0.9037    79.7776 6.7399e-01 0.0000e+00  0.2957764    18.9730 266.348665     2.5116      5.150    -2.1834    301.592     9.1252 -9.990e-29
      5.048    18.9756 265.281529     0.0281 1.0000e-12     0.9037    79.7776 7.0696e-01 0.0000e+00  0.2961922    18.9730 266.348665     2.5116      5.148    -2.1909    301.592     9.1256 -9.990e-29
      5.044    18.9754 265.209215     0.0269 1.0000e-12     0.9037    79.7776 7.3626e-01 0.0000e+00  0.2961922    18.9731 266.257342     2.5116      5.143    -2.1940    301.511     9.1255 -9.990e-29
      5.040    18.9757 265.233318     0.0305 1.0000e-12     0.9050    79.7514 7.4359e-01 0.0000e+00  0.2957764    18.9731 266.257341     2.5104      5.139    -2.1799    301.537     9.1200 -9.990e-29
      5.036    18.9757 265.269476     0.0232 1.0000e-12     0.9024    79.8037 7.5092e-01 0.0000e+00  0.2957764    18.9731 266.470429     2.5104      5.135    -2.2106    301.578     9.1200 -9.990e-29
      5.032    18.9757 265.341790     0.0317 1.0000e-12     0.9037    79.7776 7.3626e-01 1.9691e+00  0.2957764    18.9733 266.318223     2.5104      5.131    -2.1745    301.660     9.1200 -9.990e-29
      5.027    18.9754 265.221267     0.0208 1.0000e-12     0.9037    79.7776 7.3260e-01 0.0000e+00  0.2957764    18.9736 266.257342     2.5104      5.126    -2.2218    301.525     9.1199 -9.990e-29
      5.021    18.9757 265.233316     0.0342 1.0000e-12     0.9037    79.7776 7.3260e-01 0.0000e+00  0.2957764    18.9731 266.318221     2.5104      5.120    -2.1634    301.537     9.1201 -9.990e-29
      5.017    18.9754 265.221267     0.0195 1.0000e-12     0.9037    79.7776 7.2527e-01 0.0000e+00  0.2957764    18.9730 266.379106     2.5104      5.116    -2.2281    301.525     9.1202 -9.990e-29
      5.013    18.9754 265.257423     0.0354 1.0000e-12     0.9037    79.7776 7.1795e-01 0.0000e+00  0.2957764    18.9725 266.409546     2.5104      5.112    -2.1582    301.566     9.1203 -9.990e-29
      5.007    18.9754 265.257423     0.0195 1.0000e-12     0.9076    79.6991 7.0696e-01 0.0000e+00  0.2957764    18.9726 266.287782     2.5104      5.106    -2.2290    301.566     9.1209 -9.990e-29
      5.001    18.9755 265.221266     0.0354 1.0000e-12     0.9129    79.5946 7.0330e-01 0.0000e+00  0.2957764    18.9724 266.257341     2.5104      5.100    -2.1583    301.524     9.1211 -9.990e-29
      4.995    18.9756 265.245370     0.0195 1.0000e-12     0.9155    79.5423 7.0696e-01 0.0000e+00  0.2957764    18.9724 266.318223     2.5104      5.093    -2.2296    301.551     9.1212 -9.990e-29
      4.988    18.9754 265.269474     0.0354 1.0000e-12     0.9155    79.5423 7.2527e-01 0.0000e+00  0.2957764    18.9723 266.257340     2.5104      5.086    -2.1580    301.580     9.1214 -9.990e-29
      4.983    18.9754 265.317685     0.0208 1.0000e-12     0.9155    79.5423 7.6190e-01 0.0000e+00  0.2957764    18.9727 266.409546     2.5104      5.081    -2.2239    301.635     9.1215 -9.990e-29
      4.977    18.9755 265.293578     0.0354 1.0000e-12     0.9155    79.5423 7.6557e-01 0.0000e+00  0.2957764    18.9724 266.379104     2.5104      5.075    -2.1574    301.607     9.1218 -9.990e-29
      4.971    18.9754 265.257423     0.0208 1.0000e-12     0.9142    79.5685 7.4725e-01 0.0000e+00  0.2957764    18.9731 266.379105     2.5104      5.069    -2.2241    301.566     9.1219 -9.990e-29
      4.965    18.9752 265.269474     0.0330 1.0000e-12     0.9142    79.5685 7.2161e-01 0.0000e+00  0.2961922    18.9735 266.166017     2.5104      5.063    -2.1680    301.581     9.1221 -9.990e-29
      4.959    18.9755 265.233316     0.0232 1.0000e-12     0.9142    79.5685 7.2527e-01 0.0000e+00  0.2961922    18.9731 266.196458     2.5104      5.057    -2.2139    301.538     9.1220 -9.990e-29
