data/05_metadata_exports/SeabirdData/202310_SeabirdData/88826_STN8.cnv
* Sea-Bird SBE 9 Data File:
* FileName = C:\Users\rosette\Rosette Data\2023\Ontario lower food web csmi\STN8.hex
* Software Version Seasave V 7.26.6.26
* Temperature SN = 5270
* Conductivity SN = 1168
* Number of Bytes Per Scan = 40
* Number of Voltage Words = 5
* Number of Scans Averaged by the Deck Unit = 1
* NMEA Latitude = 43 37.39 N
* NMEA Longitude = 079 27.19 W
* NMEA UTC (Time) = Sep 27 2023  23:59:46
* NMEA baud rate = 4800
** Ship: Lake Guardian
** Cruise: Ontario Lower Food Web 2023
** Station:  STN8
# nquan = 18                                
# nvalues = 9004                        
# units = specified
# name 0 = prDM: Pressure, Digiquartz [db]
# name 1 = t090C: Temperature [ITS-90, deg C]
# name 2 = c0uS/cm: Conductivity [uS/cm]
# name 3 = sbeox0V: Oxygen raw, SBE 43 [V]
# name 4 = par: PAR/Irradiance, Biospherical/Licor
# name 5 = bat: Beam Attenuation, Chelsea/Seatech [1/m]
# name 6 = xmiss: Beam Transmission, Chelsea/Seatech [%]
# name 7 = flSP: Fluorescence, Seapoint
# name 8 = spar: SPAR, Biospherical/Licor
# name 9 = upoly0: Upoly 0, Suna Nitrate
# name 10 = t190C: Temperature, 2 [ITS-90, deg C]
# name 11 = c1uS/cm: Conductivity, 2 [uS/cm]
# name 12 = sbeox1V: Oxygen raw, SBE 43, 2 [V]
# name 13 = depFM: Depth [fresh water, m], lat = 43.6232
# name 14 = sbeox0Mg/L: Oxygen, SBE 43 [mg/l], WS = 2
# name 15 = specc: Specific Conductance [uS/cm]
# name 16 = sbeox1Mg/L: Oxygen, SBE 43, 2 [mg/l], WS = 2
# name 17 = flag: flag
# span 0 =     -0.068,     13.266       
# span 1 =    15.4623,    19.0031       
# span 2 =  32.569367, 623.840610       
# span 3 =     0.0183,     0.0366       
# span 4 = 1.0000e-12, 2.8338e+00       
# span 5 =     0.2232,     7.0472       
# span 6 =    17.1736,    94.5725       
# span 7 = 1.0256e-01, 6.4579e+00       
# span 8 = 0.0000e+00, 1.9691e+00       
# span 9 =  0.0854033,  0.3057546       
# span 10 =    17.2888,    18.9975      
# span 11 =  13.361584, 266.713888      
# span 12 =     1.9524,     2.6862      
# span 13 =     -0.069,     13.528      
# span 14 =    -2.4057,    -2.1519      
# span 15 =     39.221,    761.152      
# span 16 =     6.5017,    10.0801      
# span 17 = 0.0000e+00, 0.0000e+00      
# interval = seconds: 0.0416667
# start_time = Sep 27 2023 23:59:46 [NMEA time, header]
# bad_flag = -9.990e-29
*END*
[from data line 5709]
     13.192    18.9650 265.305848     0.0232 1.0000e-12     0.8985    79.8821 7.7656e-01 1.9691e+00  0.2982710    18.9623 266.409762     2.5067     13.452    -2.2139    301.693     9.1220 0.0000e+00
     13.187    18.9644 265.378166     0.0330 1.0000e-12     0.8972    79.9083 7.7656e-01 1.9691e+00  0.2982710    18.9625 266.348882     2.5067     13.447    -2.1721    301.779     9.1220 0.0000e+00
     13.181    18.9646 265.257641     0.0208 1.0000e-12     0.8972    79.9083 8.1319e-01 1.9691e+00  0.2982710    18.9623 266.348882     2.5067     13.441    -2.2249    301.641     9.1217 0.0000e+00
     13.174    18.9644 265.354059     0.0342 1.0000e-12     0.8985    79.8821 8.4615e-01 1.9691e+00  0.2982710    18.9624 266.257558     2.5067     13.434    -2.1661    301.752     9.1217 0.0000e+00
     13.166    18.9646 265.342006     0.0195 1.0000e-12     0.8985    79.8821 8.4249e-01 1.9691e+00  0.2982710    18.9627 266.409762     2.5067     13.426    -2.2309    301.737     9.1220 0.0000e+00
     13.159    18.9646 265.317901     0.0354 1.0000e-12     0.8972    79.9083 8.2418e-01 1.9691e+00  0.2978552    18.9625 266.470645     2.5067     13.418    -2.1605    301.709     9.1220 0.0000e+00
     13.152    18.9644 265.281744     0.0195 1.0000e-12     0.8972    79.9083 8.8278e-01 1.9691e+00  0.2978552    18.9626 266.287998     2.5067     13.411    -2.2315    301.669     9.1224 0.0000e+00
     13.145    18.9644 265.305849     0.0354 1.0000e-12     0.8972    79.9083 8.9744e-01 1.9691e+00  0.2978552    18.9627 266.318439     2.5055     13.404    -2.1602    301.697     9.1172 0.0000e+00
     13.138    18.9646 265.354057     0.0195 1.0000e-12     0.8972    79.9083 8.7912e-01 1.9691e+00  0.2978552    18.9630 266.318438     2.5055     13.397    -2.2320    301.750     9.1175 0.0000e+00
     13.132    18.9646 265.342006     0.0354 1.0000e-12     0.8972    79.9083 8.3150e-01 1.9691e+00  0.2978552    18.9630 266.501086     2.5055     13.391    -2.1604    301.737     9.1178 0.0000e+00
     13.125    18.9648 265.366111     0.0208 1.0000e-12     0.8972    79.9083 7.8388e-01 1.9691e+00  0.2978552    18.9628 266.440203     2.5067     13.384    -2.2272    301.763     9.1237 0.0000e+00
     13.118    18.9646 265.329952     0.0342 1.0000e-12     0.8972    79.9083 8.2051e-01 1.9691e+00  0.2982710    18.9627 266.440202     2.5067     13.377    -2.1656    301.723     9.1240 0.0000e+00
     13.111    18.9650 265.317900     0.0220 1.0000e-12     0.8972    79.9083 9.1575e-01 1.9691e+00  0.2982710    18.9623 266.348879     2.5067     13.369    -2.2220    301.706     9.1243 0.0000e+00
     13.104    18.9646 265.354059     0.0330 1.0000e-12     0.8972    79.9083 8.6813e-01 1.9691e+00  0.2982710    18.9626 266.318439     2.5067     13.362    -2.1705    301.750     9.1245 0.0000e+00
     13.097    18.9651 265.378160     0.0244 1.0000e-12     0.8972    79.9083 8.0586e-01 1.9691e+00  0.2982710    18.9627 266.379318     2.5067     13.355    -2.2111    301.774     9.1247 0.0000e+00
     13.090    18.9650 265.329952     0.0305 1.0000e-12     0.8985    79.8821 7.4725e-01 1.9691e+00  0.2986867    18.9629 266.227115     2.5067     13.348    -2.1811    301.720     9.1249 0.0000e+00
     13.084    18.9654 265.329952     0.0269 1.0000e-12     0.8985    79.8821 7.3993e-01 1.9691e+00  0.2986867    18.9627 266.287997     2.5067     13.342    -2.1997    301.717     9.1251 0.0000e+00
     13.077    18.9655 265.317897     0.0281 1.0000e-12     0.8985    79.8821 7.5458e-01 1.9691e+00  0.2978552    18.9622 266.531524     2.5067     13.335    -2.1921    301.703     9.1254 0.0000e+00
     13.071    18.9655 265.329952     0.0293 1.0000e-12     0.8972    79.9083 7.5824e-01 1.9691e+00  0.2966080    18.9625 266.501085     2.5067     13.329    -2.1893    301.717     9.1250 0.0000e+00
     13.064    18.9653 265.414318     0.0256 1.0000e-12     0.8945    79.9605 7.6190e-01 1.9691e+00  0.2966080    18.9625 266.348877     2.5067     13.322    -2.2032    301.814     9.1248 0.0000e+00
     13.058    18.9658 265.366108     0.0305 1.0000e-12     0.8932    79.9867 7.6557e-01 1.9691e+00  0.2966080    18.9627 266.257555     2.5067     13.315    -2.1833    301.756     9.1244 0.0000e+00
     13.052    18.9656 265.317897     0.0232 1.0000e-12     0.8932    79.9867 7.6923e-01 1.9691e+00  0.2966080    18.9624 266.348878     2.5067     13.309    -2.2138    301.702     9.1242 0.0000e+00
     13.046    18.9655 265.354055     0.0330 1.0000e-12     0.8932    79.9867 7.5824e-01 1.9691e+00  0.2966080    18.9627 266.287995     2.5079     13.303    -2.1719    301.744     9.1294 0.0000e+00
     13.041    18.9657 265.342002     0.0208 1.0000e-12     0.8932    79.9867 7.5458e-01 0.0000e+00  0.2966080    18.9634 266.409759     2.5067     13.298    -2.2252    301.729     9.1235 0.0000e+00
     13.036    18.9657 265.329950     0.0342 1.0000e-12     0.8932    79.9867 8.0952e-01 0.0000e+00  0.2970237    18.9631 266.470641     2.5079     13.293    -2.1668    301.715     9.1287 0.0000e+00
     13.031    18.9656 265.342002     0.0195 1.0000e-12     0.8932    79.9867 8.6081e-01 1.9691e+00  0.2970237    18.9639 266.409758     2.5079     13.288    -2.2316    301.730     9.1283 0.0000e+00
     13.025    18.9658 265.366107     0.0354 1.0000e-12     0.8945    79.9605 8.3516e-01 1.9691e+00  0.2970237    18.9639 266.409758     2.5067     13.282    -2.1611    301.756     9.1225 0.0000e+00
     13.019    18.9657 265.378159     0.0195 1.0000e-12     0.8932    79.9867 7.7656e-01 1.9691e+00  0.2970237    18.9641 266.318434     2.5079     13.276    -2.2321    301.770     9.1273 0.0000e+00
     13.013    18.9657 265.342002     0.0354 1.0000e-12     0.8932    79.9867 7.2527e-01 1.9691e+00  0.2970237    18.9636 266.379317     2.5079     13.270    -2.1613    301.729     9.1267 0.0000e+00
     13.007    18.9656 265.342001     0.0195 1.0000e-12     0.8932    79.9867 6.8498e-01 1.9691e+00  0.2970237    18.9637 266.440198     2.5079     13.263    -2.2331    301.730     9.1260 0.0000e+00
     13.002    18.9657 265.366106     0.0354 1.0000e-12     0.8945    79.9605 6.8498e-01 1.9691e+00  0.2966080    18.9639 266.409757     2.5079     13.258    -2.1611    301.756     9.1257 -9.990e-29
     12.998    18.9658 265.342002     0.0208 1.0000e-12     0.8945    79.9605 7.0696e-01 1.9691e+00  0.2966080    18.9639 266.409758     2.5079     13.254    -2.2274    301.728     9.1255 -9.990e-29
     12.994    18.9660 265.305843     0.0342 1.0000e-12     0.8945    79.9605 7.0696e-01 1.9691e+00  0.2966080    18.9640 266.287993     2.5079     13.250    -2.1659    301.686     9.1244 -9.990e-29
     12.989    18.9658 265.378158     0.0220 1.0000e-12     0.8945    79.9605 7.0696e-01 1.9691e+00  0.2966080    18.9639 266.470639     2.5079     13.245    -2.2223    301.769     9.1233 -9.990e-29
     12.985    18.9658 265.305843     0.0317 1.0000e-12     0.8945    79.9605 7.1795e-01 1.9691e+00  0.2966080    18.9639 266.470639     2.5079     13.241    -2.1766    301.687     9.1222 -9.990e-29
     12.982    18.9660 265.317896     0.0244 1.0000e-12     0.8945    79.9605 7.2894e-01 1.9691e+00  0.2966080    18.9640 266.470639     2.5079     13.238    -2.2114    301.700     9.1215 -9.990e-29
     12.978    18.9658 265.317894     0.0305 1.0000e-12     0.8945    79.9605 7.3993e-01 1.9691e+00  0.2966080    18.9636 266.409756     2.5079     13.234    -2.1814    301.701     9.1209 -9.990e-29
     12.977    18.9662 265.378158     0.0269 1.0000e-12     0.8932    79.9867 7.4359e-01 1.9691e+00  0.2966080    18.9641 266.440198     2.5079     13.233    -2.2000    301.767     9.1202 -9.990e-29
     12.975    18.9663 265.329948     0.0281 1.0000e-12     0.8945    79.9605 7.5092e-01 1.9691e+00  0.2966080    18.9643 266.409757     2.5079     13.231    -2.1920    301.711     9.1196 -9.990e-29
     12.973    18.9662 265.378158     0.0293 1.0000e-12     0.8945    79.9605 8.2784e-01 1.9691e+00  0.2966080    18.9641 266.409757     2.5079     13.229    -2.1891    301.767     9.1190 -9.990e-29
     12.972    18.9665 265.329946     0.0256 1.0000e-12     0.8932    79.9867 8.9377e-01 1.9691e+00  0.2970237    18.9643 266.409755     2.5079     13.228    -2.2034    301.710     9.1184 -9.990e-29
     12.970    18.9664 265.317896     0.0305 1.0000e-12     0.8945    79.9605 8.8278e-01 1.9691e+00  0.2970237    18.9643 266.440199     2.5079     13.226    -2.1839    301.697     9.1179 -9.990e-29
     12.969    18.9661 265.317894     0.0232 1.0000e-12     0.8945    79.9605 8.3883e-01 1.9691e+00  0.2970237    18.9643 266.409755     2.5067     13.225    -2.2143    301.699     9.1119 -9.990e-29
     12.967    18.9664 265.366105     0.0330 1.0000e-12     0.8945    79.9605 8.0952e-01 1.9691e+00  0.2974395    18.9647 266.501080     2.5067     13.223    -2.1724    301.752     9.1113 -9.990e-29
     12.967    18.9662 265.378157     0.0220 1.0000e-12     0.8945    79.9605 7.9853e-01 1.9691e+00  0.2978552    18.9643 266.440196     2.5067     13.223    -2.2198    301.767     9.1109 -9.990e-29
     12.967    18.9660 265.390211     0.0342 1.0000e-12     0.8945    79.9605 7.9487e-01 1.9691e+00  0.2978552    18.9644 266.348874     2.5067     13.223    -2.1668    301.782     9.1104 -9.990e-29
     12.967    18.9661 265.329948     0.0195 1.0000e-12     0.8932    79.9867 8.0586e-01 1.9691e+00  0.2978552    18.9646 266.440197     2.5067     13.223    -2.2316    301.713     9.1099 -9.990e-29
     12.966    18.9664 265.329946     0.0342 1.0000e-12     0.8932    79.9867 8.5348e-01 1.9691e+00  0.2978552    18.9647 266.409755     2.5067     13.222    -2.1665    301.710     9.1099 -9.990e-29
     12.966    18.9665 265.366105     0.0195 1.0000e-12     0.8945    79.9605 8.8278e-01 1.9691e+00  0.2978552    18.9646 266.440197     2.5067     13.222    -2.2321    301.751     9.1095 -9.990e-29
     12.966    18.9664 265.342000     0.0354 1.0000e-12     0.8932    79.9867 8.5348e-01 1.9691e+00  0.2978552    18.9646 266.470639     2.5067     13.222    -2.1608    301.724     9.1096 -9.990e-29
     12.965    18.9664 265.341999     0.0195 1.0000e-12     0.8932    79.9867 7.9487e-01 1.9691e+00  0.2982710    18.9643 266.379314     2.5067     13.221    -2.2326    301.724     9.1098 -9.990e-29
     12.965    18.9665 265.329947     0.0354 1.0000e-12     0.8945    79.9605 7.6557e-01 1.9691e+00  0.2982710    18.9645 266.379315     2.5055     13.221    -2.1605    301.710     9.1039 -9.990e-29
     12.967    18.9664 265.317894     0.0195 1.0000e-12     0.8932    79.9867 7.7289e-01 1.9691e+00  0.2982710    18.9648 266.348873     2.5055     13.223    -2.2327    301.697     9.1040 -9.990e-29
     12.970    18.9667 265.329948     0.0342 1.0000e-12     0.8932    79.9867 8.1685e-01 1.9691e+00  0.2982710    18.9648 266.501080     2.5055     13.226    -2.1653    301.708     9.1042 -9.990e-29
     12.972    18.9665 265.366105     0.0220 1.0000e-12     0.8932    79.9867 8.1319e-01 1.9691e+00  0.2986867    18.9645 266.440198     2.5067     13.228    -2.2217    301.751     9.1100 -9.990e-29
     12.974    18.9661 265.342001     0.0330 1.0000e-12     0.8945    79.9605 7.7289e-01 1.9691e+00  0.2982710    18.9651 266.318433     2.5067     13.230    -2.1701    301.726     9.1102 -9.990e-29
     12.976    18.9664 265.366104     0.0244 1.0000e-12     0.8945    79.9605 7.5458e-01 1.9691e+00  0.2982710    18.9644 266.409755     2.5055     13.232    -2.2108    301.752     9.1051 -9.990e-29
     12.979    18.9664 265.378158     0.0305 1.0000e-12     0.8945    79.9605 7.5824e-01 1.9691e+00  0.2982710    18.9648 266.409756     2.5055     13.235    -2.1811    301.765     9.1054 -9.990e-29
     12.983    18.9664 265.342000     0.0269 1.0000e-12     0.8945    79.9605 7.5824e-01 1.9691e+00  0.2982710    18.9645 266.409756     2.5055     13.239    -2.1998    301.724     9.1058 -9.990e-29
     12.986    18.9665 265.342000     0.0281 1.0000e-12     0.8985    79.8821 7.9121e-01 1.9691e+00  0.2982710    18.9649 266.409756     2.5055     13.242    -2.1921    301.724     9.1062 -9.990e-29
     12.990    18.9667 265.378158     0.0293 1.0000e-12     0.8998    79.8560 8.3883e-01 1.9691e+00  0.2978552    18.9648 266.501080     2.5055     13.246    -2.1892    301.763     9.1062 -9.990e-29
     12.995    18.9665 265.329948     0.0256 1.0000e-12     0.8998    79.8560 8.3516e-01 1.9691e+00  0.2978552    18.9643 266.440198     2.5055     13.251    -2.2031    301.710     9.1068 -9.990e-29
     12.999    18.9665 265.329948     0.0305 1.0000e-12     0.8985    79.8821 8.8278e-01 1.9691e+00  0.2978552    18.9645 266.561963     2.5055     13.255    -2.1832    301.710     9.1069 -9.990e-29
     13.003    18.9665 265.378158     0.0232 1.0000e-12     0.9011    79.8298 9.2308e-01 1.9691e+00  0.2978552    18.9641 266.440198     2.5055     13.259    -2.2137    301.765     9.1072 -9.990e-29
     13.007    18.9664 265.426370     0.0317 1.0000e-12     0.8985    79.8821 8.7912e-01 1.9691e+00  0.2982710    18.9646 266.501081     2.5055     13.263    -2.1776    301.820     9.1077 -9.990e-29
     13.011    18.9664 265.438421     0.0208 1.0000e-12     0.8998    79.8560 8.2418e-01 1.9691e+00  0.2982710    18.9643 266.440198     2.5055     13.268    -2.2246    301.834     9.1085 -9.990e-29
     13.014    18.9664 265.390212     0.0342 1.0000e-12     0.8998    79.8560 7.7656e-01 1.9691e+00  0.2982710    18.9643 266.348876     2.5055     13.271    -2.1662    301.779     9.1092 -9.990e-29
     13.018    18.9664 265.342000     0.0195 1.0000e-12     0.8985    79.8821 7.8022e-01 1.9691e+00  0.2982710    18.9648 266.440197     2.5055     13.275    -2.2310    301.724     9.1094 -9.990e-29
     13.022    18.9663 265.317897     0.0354 1.0000e-12     0.8998    79.8560 8.4615e-01 1.9691e+00  0.2986867    18.9649 266.470640     2.5055     13.279    -2.1606    301.697     9.1097 -9.990e-29
     13.027    18.9664 265.378158     0.0195 1.0000e-12     0.8985    79.8821 8.5348e-01 1.9691e+00  0.2986867    18.9649 266.470638     2.5055     13.284    -2.2311    301.765     9.1101 -9.990e-29
     13.032    18.9664 265.390212     0.0354 1.0000e-12     0.8998    79.8560 8.2784e-01 1.9691e+00  0.2970237    18.9649 266.379316     2.5055     13.289    -2.1603    301.779     9.1104 -9.990e-29
     13.039    18.9664 265.354054     0.0195 1.0000e-12     0.9011    79.8298 7.9121e-01 1.9691e+00  0.2961922    18.9644 266.379317     2.5055     13.296    -2.2320    301.738     9.1109 -9.990e-29
     13.044    18.9663 265.317898     0.0354 1.0000e-12     0.8998    79.8560 8.1319e-01 1.9691e+00  0.2961922    18.9643 266.440200     2.5055     13.301    -2.1604    301.697     9.1113 -9.990e-29
     13.049    18.9660 265.354055     0.0208 1.0000e-12     0.8998    79.8560 8.6447e-01 1.9691e+00  0.2961922    18.9647 266.409758     2.5055     13.306    -2.2268    301.741     9.1117 -9.990e-29
     13.054    18.9664 265.378159     0.0342 1.0000e-12     0.8998    79.8560 8.7546e-01 1.9691e+00  0.2961922    18.9644 266.348876     2.5055     13.311    -2.1652    301.765     9.1122 -9.990e-29
     13.059    18.9665 265.378159     0.0220 1.0000e-12     0.8998    79.8560 8.4982e-01 1.9691e+00  0.2961922    18.9649 266.531522     2.5055     13.316    -2.2216    301.765     9.1126 -9.990e-29
     13.065    18.9665 265.329951     0.0330 1.0000e-12     0.8998    79.8560 8.3516e-01 1.9691e+00  0.2961922    18.9646 266.501083     2.5055     13.323    -2.1700    301.710     9.1126 -9.990e-29
     13.071    18.9664 265.354054     0.0244 1.0000e-12     0.8998    79.8560 7.9487e-01 1.9691e+00  0.2966080    18.9647 266.409758     2.5055     13.329    -2.2110    301.738     9.1126 -9.990e-29
     13.077    18.9665 265.329951     0.0305 1.0000e-12     0.9011    79.8298 7.5458e-01 1.9691e+00  0.2966080    18.9648 266.409759     2.5055     13.335    -2.1810    301.710     9.1126 -9.990e-29
