data/05_metadata_exports/SeabirdData/202310_SeabirdData/88833_STN8-2.cnv
* Sea-Bird SBE 9 Data File:
* FileName = C:\Users\rosette\Rosette Data\2023\Ontario lower food web csmi\STN8-2.hex
* Software Version Seasave V 7.26.6.26
* Temperature SN = 5270
* Conductivity SN = 1168
* Number of Bytes Per Scan = 40
* Number of Voltage Words = 5
* Number of Scans Averaged by the Deck Unit = 1
* NMEA Latitude = 43 37.29 N
* NMEA Longitude = 079 27.27 W
* NMEA UTC (Time) = Sep 28 2023  00:27:27
* NMEA baud rate = 4800
** Ship: Lake Guardian
** Cruise: Ontario Lower Food Web 2023
** Station:  STN8-2
# nquan = 18                                
# nvalues = 2451                        
# units = specified
# name 0 = prDM: Pressure, Digiquartz [db]
# name 1 = t090C: Temperature [ITS-90, deg C]
# name 2 = c0uS/cm: Conductivity [uS/cm]
# name 3 = sbeox0V: Oxygen raw, SBE 43 [V]
# name 4 = par: PAR/Irradiance, Biospherical/Licor
# name 5 = bat: Beam Attenuation, Chelsea/Seatech [1/m]
# name 6 = xmiss: Beam Transmission, Chelsea/Seatech [%]
# name 7 = flSP: Fluorescence, Seapoint
# name 8 = spar: SPAR, Biospherical/Licor
# name 9 = upoly0: Upoly 0, Suna Nitrate
# name 10 = t190C: Temperature, 2 [ITS-90, deg C]
# name 11 = c1uS/cm: Conductivity, 2 [uS/cm]
# name 12 = sbeox1V: Oxygen raw, SBE 43, 2 [V]
# name 13 = depFM: Depth [fresh water, m], lat = 43.6215
# name 14 = sbeox0Mg/L: Oxygen, SBE 43 [mg/l], WS = 2
# name 15 = specc: Specific Conductance [uS/cm]
# name 16 = sbeox1Mg/L: Oxygen, SBE 43, 2 [mg/l], WS = 2
# name 17 = flag: flag
# span 0 =     -0.085,      5.067       
# span 1 =   -98.9762,    99.0000       
# span 2 =  11.565931, 264.871764       
# span 3 =     0.0171,     0.0366       
# span 4 = 1.0000e-12, 2.7362e+00       
# span 5 =     0.1738,     3.8340       
# span 6 =    38.3466,    95.7488       
# span 7 = 9.1575e-02, 1.7619e+00       
# span 8 = 0.0000e+00, 1.9691e+00       
# span 9 =  0.0413330,  0.0625367       
# span 10 =    13.7175,    18.9615      
# span 11 =   6.052919, 266.074708      
# span 12 =     2.1758,     2.8645      
# span 13 =     -0.087,      5.167      
# span 14 =   -13.2699,   232.9630      
# span 15 =  -1831.848,    395.701      
# span 16 =     7.5026,    10.9300      
# span 17 = 0.0000e+00, 0.0000e+00      
# interval = seconds: 0.0416667
# start_time = Sep 28 2023 00:27:27 [NMEA time, header]
# bad_flag = -9.990e-29
*END*
[from data line 2252]
      4.871    18.9596 264.715092     0.0342 1.0000e-12     0.9155    79.5423 8.2051e-01 1.9691e+00  0.0558845    18.9601 265.892062     2.5153      4.967    -2.1613    301.058     9.1502 -9.990e-29
      4.869    18.9598 264.775350     0.0220 1.0000e-12     0.9182    79.4900 8.2784e-01 1.9691e+00  0.0558845    18.9603 265.892062     2.5153      4.965    -2.2194    301.125     9.1502 -9.990e-29
      4.865    18.9603 264.739195     0.0317 1.0000e-12     0.9155    79.5423 8.2418e-01 1.9691e+00  0.0554688    18.9604 266.044264     2.5153      4.961    -2.1723    301.081     9.1502 -9.990e-29
      4.861    18.9608 264.799451     0.0244 1.0000e-12     0.9155    79.5423 8.3883e-01 1.9691e+00  0.0554688    18.9601 265.983381     2.5153      4.957    -2.2100    301.146     9.1502 -9.990e-29
      4.858    18.9610 264.775349     0.0293 1.0000e-12     0.9168    79.5162 8.3516e-01 1.9691e+00  0.0554688    18.9601 265.892062     2.5153      4.954    -2.1832    301.117     9.1503 -9.990e-29
      4.855    18.9608 264.799453     0.0269 1.0000e-12     0.9155    79.5423 8.4249e-01 1.9691e+00  0.0554688    18.9599 266.044264     2.5153      4.951    -2.1994    301.146     9.1503 -9.990e-29
      4.850    18.9610 264.799451     0.0269 1.0000e-12     0.9155    79.5423 8.6081e-01 1.9691e+00  0.0558845    18.9604 266.044262     2.5153      4.946    -2.1946    301.144     9.1502 -9.990e-29
      4.847    18.9611 264.811503     0.0293 1.0000e-12     0.9168    79.5162 8.8278e-01 1.9691e+00  0.0554688    18.9603 265.922500     2.5153      4.943    -2.1893    301.157     9.1503 -9.990e-29
      4.844    18.9613 264.823556     0.0232 1.0000e-12     0.9168    79.5162 8.9011e-01 1.9691e+00  0.0554688    18.9599 265.892062     2.5153      4.940    -2.2118    301.170     9.1504 -9.990e-29
      4.841    18.9617 264.823555     0.0317 1.0000e-12     0.9168    79.5162 8.7912e-01 1.9691e+00  0.0554688    18.9602 265.922501     2.5153      4.936    -2.1779    301.167     9.1503 -9.990e-29
      4.837    18.9615 264.823554     0.0208 1.0000e-12     0.9247    79.3593 8.8278e-01 1.9691e+00  0.0554688    18.9601 265.952941     2.5153      4.932    -2.2227    301.168     9.1503 -9.990e-29
      4.833    18.9617 264.799450     0.0342 1.0000e-12     0.9366    79.1241 9.2308e-01 1.9691e+00  0.0558845    18.9603 265.952941     2.5140      4.928    -2.1657    301.139     9.1444 -9.990e-29
      4.831    18.9617 264.763295     0.0195 1.0000e-12     0.9393    79.0718 9.3773e-01 1.9691e+00  0.0558845    18.9604 265.952941     2.5153      4.926    -2.2290    301.098     9.1503 -9.990e-29
      4.830    18.9618 264.763295     0.0354 1.0000e-12     0.9393    79.0718 9.0476e-01 1.9691e+00  0.0558845    18.9601 265.892060     2.5153      4.925    -2.1588    301.098     9.1499 -9.990e-29
      4.830    18.9618 264.763295     0.0183 1.0000e-12     0.9379    79.0979 8.7179e-01 1.9691e+00  0.0554688    18.9596 266.044263     2.5153      4.925    -2.2349    301.098     9.1496 -9.990e-29
      4.829    18.9618 264.787400     0.0354 1.0000e-12     0.9379    79.0979 8.6813e-01 1.9691e+00  0.0558845    18.9601 266.013823     2.5153      4.924    -2.1578    301.125     9.1496 -9.990e-29
      4.826    18.9620 264.811502     0.0195 1.0000e-12     0.9379    79.0979 9.0476e-01 1.9691e+00  0.0563003    18.9604 265.922500     2.5153      4.921    -2.2305    301.151     9.1491 -9.990e-29
      4.822    18.9617 264.823554     0.0342 1.0000e-12     0.9379    79.0979 9.5971e-01 1.9691e+00  0.0554688    18.9598 266.044263     2.5153      4.917    -2.1621    301.167     9.1488 -9.990e-29
      4.820    18.9618 264.823552     0.0220 1.0000e-12     0.9379    79.0979 9.8168e-01 1.9691e+00  0.0554688    18.9601 265.922499     2.5153      4.915    -2.2198    301.166     9.1484 -9.990e-29
      4.820    18.9622 264.847657     0.0330 1.0000e-12     0.9379    79.0979 9.8901e-01 1.9691e+00  0.0554688    18.9597 265.922501     2.5153      4.915    -2.1669    301.191     9.1481 -9.990e-29
      4.821    18.9617 264.787399     0.0244 1.0000e-12     0.9393    79.0718 1.0403e+00 1.9691e+00  0.0554688    18.9596 266.013822     2.5153      4.916    -2.2101    301.126     9.1478 -9.990e-29
      4.821    18.9618 264.763295     0.0305 1.0000e-12     0.9379    79.0979 1.1209e+00 1.9691e+00  0.0554688    18.9593 265.952942     2.5153      4.916    -2.1778    301.098     9.1475 -9.990e-29
      4.822    18.9618 264.727140     0.0269 1.0000e-12     0.9393    79.0718 1.1355e+00 1.9691e+00  0.0554688    18.9592 266.013823     2.5153      4.917    -2.1994    301.057     9.1472 -9.990e-29
      4.823    18.9618 264.739192     0.0269 1.0000e-12     0.9393    79.0718 1.0769e+00 1.9691e+00  0.0554688    18.9594 265.861621     2.5153      4.918    -2.1942    301.070     9.1469 -9.990e-29
      4.823    18.9617 264.799450     0.0293 1.0000e-12     0.9393    79.0718 9.6703e-01 1.9691e+00  0.0558845    18.9587 265.892061     2.5153      4.918    -2.1889    301.139     9.1468 -9.990e-29
      4.823    18.9620 264.799450     0.0244 1.0000e-12     0.9379    79.0979 9.0110e-01 1.9691e+00  0.0563003    18.9592 265.892061     2.5153      4.918    -2.2060    301.137     9.1465 -9.990e-29
      4.823    18.9618 264.763295     0.0317 1.0000e-12     0.9379    79.0979 8.9744e-01 1.9691e+00  0.0554688    18.9594 265.800740     2.5153      4.918    -2.1775    301.098     9.1462 -9.990e-29
      4.823    18.9617 264.787399     0.0208 1.0000e-12     0.9379    79.0979 9.1575e-01 1.9691e+00  0.0550530    18.9594 265.892061     2.5153      4.918    -2.2223    301.126     9.1460 -9.990e-29
      4.823    18.9617 264.799450     0.0342 1.0000e-12     0.9379    79.0979 9.4505e-01 1.9691e+00  0.0558845    18.9597 265.952941     2.5153      4.918    -2.1649    301.139     9.1454 -9.990e-29
      4.824    18.9617 264.811502     0.0195 1.0000e-12     0.9379    79.0979 1.0073e+00 1.9691e+00  0.0558845    18.9597 265.952941     2.5153      4.919    -2.2283    301.153     9.1452 -9.990e-29
      4.825    18.9618 264.823554     0.0342 1.0000e-12     0.9366    79.1241 1.0989e+00 0.0000e+00  0.0563003    18.9592 266.013823     2.5153      4.920    -2.1635    301.166     9.1452 -9.990e-29
      4.826    18.9618 264.787398     0.0183 1.0000e-12     0.9313    79.2286 1.1209e+00 1.9691e+00  0.0554688    18.9598 265.952941     2.5153      4.921    -2.2339    301.125     9.1446 -9.990e-29
      4.828    18.9618 264.763295     0.0354 1.0000e-12     0.9287    79.2809 1.0879e+00 1.9691e+00  0.0550530    18.9597 266.013822     2.5153      4.923    -2.1568    301.098     9.1441 -9.990e-29
      4.831    18.9615 264.763295     0.0195 1.0000e-12     0.9287    79.2809 1.1319e+00 0.0000e+00  0.0550530    18.9599 265.952941     2.5153      4.926    -2.2292    301.100     9.1436 -9.990e-29
      4.834    18.9613 264.799451     0.0342 1.0000e-12     0.9300    79.2548 1.2344e+00 1.9691e+00  0.0558845    18.9594 265.952941     2.5153      4.929    -2.1613    301.142     9.1433 -9.990e-29
      4.838    18.9617 264.775348     0.0208 1.0000e-12     0.9287    79.2809 1.2601e+00 1.9691e+00  0.0554688    18.9602 265.892062     2.5153      4.933    -2.2245    301.112     9.1428 -9.990e-29
      4.839    18.9615 264.787399     0.0330 1.0000e-12     0.9287    79.2809 1.1795e+00 1.9691e+00  0.0550530    18.9599 265.922501     2.5153      4.934    -2.1662    301.127     9.1420 -9.990e-29
      4.841    18.9613 264.799451     0.0244 1.0000e-12     0.9287    79.2809 1.1172e+00 1.9691e+00  0.0550530    18.9598 266.013822     2.5140      4.936    -2.2095    301.142     9.1357 -9.990e-29
      4.843    18.9615 264.799451     0.0293 1.0000e-12     0.9287    79.2809 1.0513e+00 0.0000e+00  0.0558845    18.9597 265.861620     2.5140      4.938    -2.1831    301.141     9.1355 -9.990e-29
      4.846    18.9617 264.811504     0.0269 1.0000e-12     0.9287    79.2809 9.7070e-01 1.9691e+00  0.0558845    18.9592 265.861622     2.5153      4.942    -2.1994    301.153     9.1412 -9.990e-29
      4.848    18.9615 264.739192     0.0269 1.0000e-12     0.9287    79.2809 9.0476e-01 1.9691e+00  0.0558845    18.9599 265.892060     2.5140      4.944    -2.1946    301.072     9.1350 -9.990e-29
      4.852    18.9615 264.775347     0.0293 1.0000e-12     0.9274    79.3071 8.9011e-01 1.9691e+00  0.0554688    18.9596 266.044263     2.5140      4.948    -2.1893    301.113     9.1344 -9.990e-29
      4.857    18.9615 264.799452     0.0244 1.0000e-12     0.9287    79.2809 9.2674e-01 1.9691e+00  0.0554688    18.9596 265.983383     2.5140      4.953    -2.2065    301.141     9.1339 -9.990e-29
      4.860    18.9611 264.811504     0.0317 1.0000e-12     0.9287    79.2809 1.0110e+00 1.9691e+00  0.0558845    18.9597 265.952943     2.5140      4.956    -2.1781    301.157     9.1333 -9.990e-29
      4.864    18.9611 264.847658     0.0208 1.0000e-12     0.9287    79.2809 1.0000e+00 1.9691e+00  0.0563003    18.9600 265.831180     2.5140      4.960    -2.2228    301.198     9.1333 -9.990e-29
      4.868    18.9610 264.811504     0.0342 1.0000e-12     0.9287    79.2809 9.0476e-01 0.0000e+00  0.0554688    18.9594 265.892062     2.5140      4.964    -2.1659    301.158     9.1330 -9.990e-29
      4.873    18.9608 264.811505     0.0195 1.0000e-12     0.9287    79.2809 8.4249e-01 1.9691e+00  0.0550530    18.9599 265.892062     2.5140      4.969    -2.2289    301.159     9.1326 -9.990e-29
      4.877    18.9603 264.775350     0.0354 1.0000e-12     0.9287    79.2809 8.0952e-01 1.9691e+00  0.0550530    18.9600 265.892062     2.5140      4.973    -2.1591    301.122     9.1323 -9.990e-29
      4.880    18.9603 264.799453     0.0183 1.0000e-12     0.9287    79.2809 7.9487e-01 1.9691e+00  0.0558845    18.9596 265.922503     2.5140      4.976    -2.2348    301.149     9.1321 -9.990e-29
      4.884    18.9603 264.763298     0.0354 1.0000e-12     0.9287    79.2809 7.8388e-01 0.0000e+00  0.0558845    18.9601 265.831181     2.5140      4.980    -2.1581    301.108     9.1318 -9.990e-29
      4.887    18.9603 264.799454     0.0195 1.0000e-12     0.9287    79.2809 8.1319e-01 1.9691e+00  0.0554688    18.9601 266.013824     2.5140      4.983    -2.2300    301.149     9.1317 -9.990e-29
      4.889    18.9601 264.823557     0.0354 1.0000e-12     0.9208    79.4378 8.1319e-01 0.0000e+00  0.0550530    18.9600 265.922502     2.5140      4.985    -2.1567    301.178     9.1317 -9.990e-29
      4.891    18.9603 264.859712     0.0220 1.0000e-12     0.9182    79.4900 7.7289e-01 0.0000e+00  0.0550530    18.9599 265.922502     2.5128      4.987    -2.2198    301.218     9.1262 -9.990e-29
      4.895    18.9599 264.763298     0.0330 1.0000e-12     0.9182    79.4900 7.3626e-01 1.9691e+00  0.0554688    18.9594 265.952943     2.5140      4.992    -2.1669    301.111     9.1318 -9.990e-29
      4.899    18.9599 264.799453     0.0244 1.0000e-12     0.9182    79.4900 7.3626e-01 1.9691e+00  0.0554688    18.9593 265.892062     2.5140      4.996    -2.2097    301.152     9.1319 -9.990e-29
      4.903    18.9599 264.775351     0.0305 1.0000e-12     0.9182    79.4900 7.4725e-01 1.9691e+00  0.0550530    18.9592 265.983385     2.5128      5.000    -2.1779    301.124     9.1266 -9.990e-29
      4.907    18.9598 264.787402     0.0269 1.0000e-12     0.9182    79.4900 7.6190e-01 1.9691e+00  0.0550530    18.9589 265.952944     2.5128      5.004    -2.1996    301.139     9.1269 -9.990e-29
      4.911    18.9598 264.763300     0.0281 1.0000e-12     0.9182    79.4900 7.7656e-01 1.9691e+00  0.0554688    18.9593 265.892064     2.5128      5.008    -2.1890    301.111     9.1271 -9.990e-29
      4.914    18.9596 264.751248     0.0293 1.0000e-12     0.9182    79.4900 7.7289e-01 1.9691e+00  0.0558845    18.9589 265.922505     2.5128      5.011    -2.1887    301.099     9.1275 -9.990e-29
      4.916    18.9598 264.799454     0.0244 1.0000e-12     0.9168    79.5162 7.8388e-01 1.9691e+00  0.0554688    18.9589 265.983384     2.5128      5.013    -2.2059    301.152     9.1278 -9.990e-29
      4.919    18.9598 264.799455     0.0317 1.0000e-12     0.9182    79.4900 8.3150e-01 1.9691e+00  0.0554688    18.9587 266.013826     2.5128      5.016    -2.1779    301.152     9.1283 -9.990e-29
      4.922    18.9594 264.835609     0.0208 1.0000e-12     0.9168    79.5162 9.2308e-01 0.0000e+00  0.0554688    18.9587 266.044265     2.5128      5.019    -2.2223    301.196     9.1288 -9.990e-29
      4.926    18.9596 264.787403     0.0330 1.0000e-12     0.9182    79.4900 9.5238e-01 1.9691e+00  0.0554688    18.9589 266.044266     2.5128      5.023    -2.1708    301.140     9.1288 -9.990e-29
      4.931    18.9596 264.763300     0.0195 1.0000e-12     0.9168    79.5162 9.3773e-01 0.0000e+00  0.0554688    18.9587 265.861624     2.5128      5.028    -2.2288    301.113     9.1290 -9.990e-29
      4.934    18.9596 264.727145     0.0342 1.0000e-12     0.9168    79.5162 9.0110e-01 1.9691e+00  0.0554688    18.9589 265.983386     2.5128      5.031    -2.1645    301.072     9.1300 -9.990e-29
      4.937    18.9594 264.775352     0.0183 1.0000e-12     0.9182    79.4900 8.7179e-01 1.9691e+00  0.0554688    18.9585 266.074707     2.5116      5.034    -2.2345    301.128     9.1247 -9.990e-29
      4.939    18.9594 264.799455     0.0354 1.0000e-12     0.9168    79.5162 8.6081e-01 1.9691e+00  0.0554688    18.9592 265.922504     2.5116      5.036    -2.1579    301.155     9.1252 -9.990e-29
      4.941    18.9591 264.775352     0.0195 1.0000e-12     0.9182    79.4900 8.6081e-01 1.9691e+00  0.0554688    18.9586 265.922505     2.5116      5.038    -2.2299    301.130     9.1260 -9.990e-29
      4.943    18.9589 264.727145     0.0342 1.0000e-12     0.9168    79.5162 8.8278e-01 1.9691e+00  0.0554688    18.9594 265.952945     2.5128      5.040    -2.1624    301.076     9.1320 -9.990e-29
      4.946    18.9587 264.775352     0.0208 1.0000e-12     0.9182    79.4900 9.0476e-01 1.9691e+00  0.0554688    18.9590 265.952945     2.5116      5.044    -2.2256    301.133     9.1268 -9.990e-29
      4.950    18.9584 264.799456     0.0330 1.0000e-12     0.9182    79.4900 9.4139e-01 1.9691e+00  0.0550530    18.9591 265.952945     2.5116      5.048    -2.1674    301.162     9.1271 -9.990e-29
      4.953    18.9585 264.811509     0.0232 1.0000e-12     0.9182    79.4900 9.4872e-01 1.9691e+00  0.0554688    18.9587 265.952947     2.5116      5.051    -2.2156    301.175     9.1280 -9.990e-29
      4.956    18.9580 264.775353     0.0305 1.0000e-12     0.9168    79.5162 9.3040e-01 1.9691e+00  0.0558845    18.9592 266.013826     2.5116      5.054    -2.1785    301.137     9.1286 -9.990e-29
      4.959    18.9582 264.787405     0.0256 1.0000e-12     0.9168    79.5162 9.1575e-01 1.9691e+00  0.0554688    18.9589 265.922505     2.5116      5.057    -2.2060    301.150     9.1295 -9.990e-29
      4.962    18.9582 264.763303     0.0281 1.0000e-12     0.9182    79.4900 9.0842e-01 1.9691e+00  0.0558845    18.9593 265.800745     2.5116      5.060    -2.1900    301.122     9.1302 -9.990e-29
      4.964    18.9584 264.799456     0.0293 1.0000e-12     0.9182    79.4900 8.9744e-01 1.9691e+00  0.0563003    18.9587 265.892064     2.5116      5.062    -2.1901    301.162     9.1312 -9.990e-29
      4.966    18.9580 264.775355     0.0244 1.0000e-12     0.9182    79.4900 8.7179e-01 1.9691e+00  0.0554688    18.9583 265.952947     2.5116      5.064    -2.2069    301.137     9.1321 -9.990e-29
      4.968    18.9580 264.763301     0.0317 1.0000e-12     0.9182    79.4900 8.6447e-01 1.9691e+00  0.0546373    18.9587 265.952945     2.5116      5.066    -2.1785    301.124     9.1325 -9.990e-29
      4.970    18.9582 264.835614     0.0220 1.0000e-12     0.9168    79.5162 8.7179e-01 1.9691e+00  0.0550530    18.9581 265.892067     2.5116      5.068    -2.2175    301.205     9.1339 -9.990e-29
