data/05_metadata_exports/SeabirdData/202310_SeabirdData/88833_STN8-2.cnv
* Sea-Bird SBE 9 Data File:
* FileName = C:\Users\rosette\Rosette Data\2023\Ontario lower food web csmi\STN8-2.hex
* Software Version Seasave V 7.26.6.26
* Temperature SN = 5270
* Conductivity SN = 1168
* Number of Bytes Per Scan = 40
* Number of Voltage Words = 5
* Number of Scans Averaged by the Deck Unit = 1
* NMEA Latitude = 43 37.29 N
* NMEA Longitude = 079 27.27 W
* NMEA UTC (Time) = Sep 28 2023  00:27:27
* NMEA baud rate = 4800
** Ship: Lake Guardian
** Cruise: Ontario Lower Food Web 2023
** Station:  STN8-2
# nquan = 18                                
# nvalues = 2451                        
# units = specified
# name 0 = prDM: Pressure, Digiquartz [db]
# name 1 = t090C: Temperature [ITS-90, deg C]
# name 2 = c0uS/cm: Conductivity [uS/cm]
# name 3 = sbeox0V: Oxygen raw, SBE 43 [V]
# name 4 = par: PAR/Irradiance, Biospherical/Licor
# name 5 = bat: Beam Attenuation, Chelsea/Seatech [1/m]
# name 6 = xmiss: Beam Transmission, Chelsea/Seatech [%]
# name 7 = flSP: Fluorescence, Seapoint
# name 8 = spar: SPAR, Biospherical/Licor
# name 9 = upoly0: Upoly 0, Suna Nitrate
# name 10 = t190C: Temperature, 2 [ITS-90, deg C]
# name 11 = c1uS/cm: Conductivity, 2 [uS/cm]
# name 12 = sbeox1V: Oxygen raw, SBE 43, 2 [V]
# name 13 = depFM: Depth [fresh water, m], lat = 43.6215
# name 14 = sbeox0Mg/L: Oxygen, SBE 43 [mg/l], WS = 2
# name 15 = specc: Specific Conductance [uS/cm]
# name 16 = sbeox1Mg/L: Oxygen, SBE 43, 2 [mg/l], WS = 2
# name 17 = flag: flag
# span 0 =     -0.085,      5.067       
# span 1 =   -98.9762,    99.0000       
# span 2 =  11.565931, 264.871764       
# span 3 =     0.0171,     0.0366       
# span 4 = 1.0000e-12, 2.7362e+00       
# span 5 =     0.1738,     3.8340       
# span 6 =    38.3466,    95.7488       
# span 7 = 9.1575e-02, 1.7619e+00       
# span 8 = 0.0000e+00, 1.9691e+00       
# span 9 =  0.0413330,  0.0625367       
# span 10 =    13.7175,    18.9615      
# span 11 =   6.052919, 266.074708      
# span 12 =     2.1758,     2.8645      
# span 13 =     -0.087,      5.167      
# span 14 =   -13.2699,   232.9630      
# span 15 =  -1831.848,    395.701      
# span 16 =     7.5026,    10.9300      
# span 17 = 0.0000e+00, 0.0000e+00      
# interval = seconds: 0.0416667
# start_time = Sep 28 2023 00:27:27 [NMEA time, header]
# bad_flag = -9.990e-29
*END*
[from data line 2091]
      4.878    18.9599 264.787402     0.0330 1.0000e-12     0.9366    79.1241 9.4505e-01 1.9691e+00  0.0554688    18.9582 265.922504     2.5153      4.974    -2.1723    301.138     9.1517 -9.990e-29
      4.879    18.9599 264.763299     0.0208 1.0000e-12     0.9366    79.1241 9.4505e-01 1.9691e+00  0.0550530    18.9583 266.013826     2.5153      4.975    -2.2227    301.111     9.1518 -9.990e-29
      4.880    18.9599 264.715091     0.0342 1.0000e-12     0.9366    79.1241 9.0110e-01 1.9691e+00  0.0550530    18.9583 265.922504     2.5153      4.976    -2.1652    301.056     9.1521 -9.990e-29
      4.881    18.9598 264.787400     0.0195 1.0000e-12     0.9366    79.1241 8.9377e-01 1.9691e+00  0.0550530    18.9577 265.770301     2.5153      4.977    -2.2289    301.139     9.1529 -9.990e-29
      4.884    18.9601 264.847662     0.0354 1.0000e-12     0.9366    79.1241 9.4139e-01 1.9691e+00  0.0554688    18.9581 265.831184     2.5153      4.980    -2.1582    301.205     9.1530 -9.990e-29
      4.887    18.9599 264.751245     0.0195 1.0000e-12     0.9366    79.1241 9.0842e-01 1.9691e+00  0.0554688    18.9580 265.922502     2.5165      4.983    -2.2293    301.097     9.1588 -9.990e-29
      4.890    18.9601 264.775351     0.0354 1.0000e-12     0.9366    79.1241 8.4982e-01 1.9691e+00  0.0554688    18.9586 265.952945     2.5153      4.986    -2.1570    301.123     9.1539 -9.990e-29
      4.893    18.9603 264.811505     0.0195 1.0000e-12     0.9366    79.1241 8.4249e-01 1.9691e+00  0.0550530    18.9580 266.013825     2.5153      4.989    -2.2300    301.163     9.1543 -9.990e-29
      4.896    18.9601 264.763298     0.0342 1.0000e-12     0.9366    79.1241 8.4982e-01 1.9691e+00  0.0554688    18.9583 265.922504     2.5153      4.993    -2.1616    301.109     9.1540 -9.990e-29
      4.900    18.9604 264.727143     0.0220 1.0000e-12     0.9366    79.1241 8.6081e-01 0.0000e+00  0.0554688    18.9581 265.922504     2.5165      4.997    -2.2201    301.066     9.1598 -9.990e-29
      4.905    18.9604 264.799454     0.0330 1.0000e-12     0.9340    79.1764 8.3883e-01 0.0000e+00  0.0550530    18.9579 266.013827     2.5153      5.002    -2.1666    301.148     9.1546 -9.990e-29
      4.909    18.9604 264.847660     0.0244 1.0000e-12     0.9326    79.2025 8.1319e-01 1.9691e+00  0.0550530    18.9580 266.074706     2.5153      5.006    -2.2101    301.203     9.1547 -9.990e-29
      4.912    18.9604 264.823558     0.0293 1.0000e-12     0.9313    79.2286 8.3150e-01 1.9691e+00  0.0554688    18.9581 265.922505     2.5165      5.009    -2.1833    301.176     9.1604 -9.990e-29
      4.916    18.9603 264.727143     0.0269 1.0000e-12     0.9313    79.2286 8.7179e-01 1.9691e+00  0.0558845    18.9580 265.983385     2.5153      5.013    -2.1995    301.067     9.1547 -9.990e-29
      4.921    18.9601 264.739196     0.0256 1.0000e-12     0.9313    79.2286 8.8645e-01 1.9691e+00  0.0550530    18.9581 265.952946     2.5165      5.018    -2.2000    301.082     9.1603 -9.990e-29
      4.925    18.9601 264.835611     0.0305 1.0000e-12     0.9326    79.2025 8.7546e-01 1.9691e+00  0.0550530    18.9581 266.013827     2.5165      5.022    -2.1831    301.192     9.1600 -9.990e-29
      4.927    18.9603 264.787403     0.0220 1.0000e-12     0.9313    79.2286 8.4982e-01 1.9691e+00  0.0554688    18.9579 265.922505     2.5153      5.024    -2.2163    301.135     9.1542 -9.990e-29
      4.928    18.9606 264.799453     0.0317 1.0000e-12     0.9326    79.2025 8.5348e-01 1.9691e+00  0.0554688    18.9581 265.983385     2.5153      5.025    -2.1770    301.147     9.1534 -9.990e-29
      4.932    18.9606 264.811506     0.0195 1.0000e-12     0.9313    79.2286 8.9377e-01 1.9691e+00  0.0550530    18.9578 265.952946     2.5165      5.029    -2.2280    301.161     9.1590 -9.990e-29
      4.936    18.9606 264.775351     0.0342 1.0000e-12     0.9326    79.2025 9.6703e-01 1.9691e+00  0.0550530    18.9580 265.831184     2.5153      5.033    -2.1648    301.120     9.1532 -9.990e-29
      4.939    18.9601 264.787403     0.0183 1.0000e-12     0.9313    79.2286 1.0037e+00 1.9691e+00  0.0550530    18.9580 265.861625     2.5165      5.036    -2.2339    301.137     9.1583 -9.990e-29
      4.943    18.9601 264.811506     0.0354 1.0000e-12     0.9313    79.2286 9.8535e-01 1.9691e+00  0.0550530    18.9578 266.044267     2.5165      5.040    -2.1583    301.164     9.1580 -9.990e-29
      4.948    18.9596 264.823559     0.0183 1.0000e-12     0.9326    79.2025 9.7070e-01 1.9691e+00  0.0550530    18.9582 266.044267     2.5165      5.046    -2.2352    301.181     9.1575 -9.990e-29
      4.952    18.9594 264.727146     0.0354 1.0000e-12     0.9313    79.2286 9.8535e-01 1.9691e+00  0.0554688    18.9583 265.861626     2.5153      5.050    -2.1577    301.073     9.1517 -9.990e-29
      4.954    18.9591 264.835611     0.0195 1.0000e-12     0.9326    79.2025 9.8535e-01 1.9691e+00  0.0554688    18.9581 265.892065     2.5165      5.052    -2.2308    301.198     9.1568 -9.990e-29
      4.957    18.9587 264.763301     0.0342 1.0000e-12     0.9326    79.2025 9.8901e-01 1.9691e+00  0.0558845    18.9580 266.013827     2.5153      5.055    -2.1625    301.119     9.1510 -9.990e-29
      4.961    18.9585 264.739199     0.0220 1.0000e-12     0.9326    79.2025 9.7436e-01 1.9691e+00  0.0554688    18.9584 266.044268     2.5153      5.059    -2.2209    301.093     9.1506 -9.990e-29
      4.963    18.9587 264.751249     0.0317 1.0000e-12     0.9313    79.2286 9.4505e-01 1.9691e+00  0.0550530    18.9583 265.952945     2.5165      5.061    -2.1737    301.105     9.1557 -9.990e-29
      4.966    18.9591 264.799457     0.0244 1.0000e-12     0.9326    79.2025 9.3773e-01 1.9691e+00  0.0550530    18.9587 265.892066     2.5153      5.064    -2.2114    301.157     9.1493 -9.990e-29
      4.969    18.9594 264.775351     0.0293 1.0000e-12     0.9326    79.2025 9.5604e-01 1.9691e+00  0.0554688    18.9591 265.892063     2.5153      5.067    -2.1845    301.128     9.1489 -9.990e-29
      4.972    18.9596 264.787406     0.0281 1.0000e-12     0.9221    79.4116 9.4139e-01 1.9691e+00  0.0554688    18.9587 265.892067     2.5165      5.070    -2.1949    301.140     9.1541 -9.990e-29
      4.974    18.9598 264.799455     0.0256 1.0000e-12     0.9168    79.5162 9.0110e-01 1.9691e+00  0.0554688    18.9589 265.892064     2.5165      5.072    -2.2007    301.152     9.1533 -9.990e-29
      4.975    18.9594 264.811509     0.0305 1.0000e-12     0.9168    79.5162 8.4615e-01 1.9691e+00  0.0550530    18.9589 265.922506     2.5153      5.073    -2.1842    301.169     9.1471 -9.990e-29
      4.975    18.9598 264.823560     0.0232 1.0000e-12     0.9168    79.5162 8.3150e-01 1.9691e+00  0.0554688    18.9589 266.044268     2.5165      5.073    -2.2119    301.180     9.1518 -9.990e-29
      4.975    18.9598 264.775351     0.0330 1.0000e-12     0.9182    79.4900 8.1319e-01 1.9691e+00  0.0554688    18.9587 265.922505     2.5165      5.073    -2.1721    301.125     9.1516 -9.990e-29
      4.975    18.9596 264.751250     0.0208 1.0000e-12     0.9168    79.5162 7.8755e-01 1.9691e+00  0.0550530    18.9587 266.044268     2.5165      5.073    -2.2226    301.099     9.1509 -9.990e-29
      4.975    18.9596 264.751250     0.0342 1.0000e-12     0.9168    79.5162 8.0586e-01 1.9691e+00  0.0550530    18.9589 265.922506     2.5165      5.073    -2.1651    301.099     9.1502 -9.990e-29
      4.974    18.9598 264.799455     0.0195 1.0000e-12     0.9168    79.5162 8.3883e-01 1.9691e+00  0.0550530    18.9589 265.800743     2.5153      5.072    -2.2288    301.152     9.1446 -9.990e-29
      4.973    18.9599 264.799456     0.0354 1.0000e-12     0.9168    79.5162 8.5714e-01 1.9691e+00  0.0554688    18.9589 265.892066     2.5165      5.071    -2.1585    301.152     9.1494 -9.990e-29
      4.973    18.9599 264.811507     0.0195 1.0000e-12     0.9182    79.4900 8.3150e-01 1.9691e+00  0.0554688    18.9589 265.952945     2.5153      5.071    -2.2295    301.165     9.1438 -9.990e-29
      4.973    18.9601 264.775353     0.0354 1.0000e-12     0.9168    79.5162 7.9853e-01 1.9691e+00  0.0550530    18.9592 265.983387     2.5165      5.071    -2.1569    301.123     9.1487 -9.990e-29
      4.972    18.9603 264.787404     0.0195 1.0000e-12     0.9168    79.5162 7.8388e-01 1.9691e+00  0.0554688    18.9590 265.800745     2.5153      5.070    -2.2303    301.135     9.1428 -9.990e-29
      4.971    18.9601 264.763299     0.0342 1.0000e-12     0.9168    79.5162 8.0586e-01 1.9691e+00  0.0558845    18.9596 265.892064     2.5165      5.069    -2.1619    301.109     9.1477 -9.990e-29
      4.969    18.9603 264.751249     0.0220 1.0000e-12     0.9182    79.4900 8.3150e-01 1.9691e+00  0.0558845    18.9594 265.952946     2.5153      5.067    -2.2204    301.094     9.1422 -9.990e-29
      4.967    18.9604 264.799455     0.0317 1.0000e-12     0.9168    79.5162 8.2051e-01 1.9691e+00  0.0554688    18.9592 265.952945     2.5153      5.065    -2.1728    301.148     9.1414 -9.990e-29
      4.966    18.9604 264.775351     0.0244 1.0000e-12     0.9182    79.4900 8.4249e-01 1.9691e+00  0.0550530    18.9587 266.013826     2.5153      5.064    -2.2105    301.121     9.1416 -9.990e-29
      4.965    18.9608 264.763300     0.0281 1.0000e-12     0.9168    79.5162 8.3883e-01 1.9691e+00  0.0550530    18.9590 265.952946     2.5153      5.063    -2.1890    301.105     9.1412 -9.990e-29
      4.962    18.9608 264.835611     0.0281 1.0000e-12     0.9182    79.4900 8.1685e-01 1.9691e+00  0.0554688    18.9587 265.892066     2.5153      5.060    -2.1944    301.187     9.1410 -9.990e-29
      4.958    18.9606 264.811506     0.0256 1.0000e-12     0.9168    79.5162 8.2051e-01 1.9691e+00  0.0550530    18.9587 265.922505     2.5153      5.056    -2.2004    301.161     9.1404 -9.990e-29
      4.955    18.9604 264.739196     0.0293 1.0000e-12     0.9168    79.5162 8.0220e-01 1.9691e+00  0.0550530    18.9582 265.952946     2.5153      5.053    -2.1892    301.080     9.1403 -9.990e-29
      4.952    18.9608 264.775351     0.0220 1.0000e-12     0.9208    79.4378 8.4982e-01 1.9691e+00  0.0550530    18.9583 265.831184     2.5153      5.050    -2.2170    301.118     9.1397 -9.990e-29
      4.950    18.9604 264.799456     0.0317 1.0000e-12     0.9234    79.3855 8.7546e-01 1.9691e+00  0.0554688    18.9578 265.892067     2.5153      5.048    -2.1778    301.148     9.1393 -9.990e-29
      4.946    18.9608 264.799454     0.0195 1.0000e-12     0.9234    79.3855 8.4615e-01 1.9691e+00  0.0554688    18.9579 265.952946     2.5140      5.044    -2.2288    301.146     9.1333 -9.990e-29
      4.942    18.9608 264.811506     0.0342 1.0000e-12     0.9234    79.3855 8.0586e-01 1.9691e+00  0.0554688    18.9576 265.831185     2.5153      5.039    -2.1655    301.159     9.1388 -9.990e-29
      4.938    18.9606 264.775351     0.0195 1.0000e-12     0.9234    79.3855 7.8388e-01 1.9691e+00  0.0550530    18.9580 265.861625     2.5140      5.035    -2.2293    301.120     9.1324 -9.990e-29
      4.935    18.9608 264.835610     0.0354 1.0000e-12     0.9247    79.3593 7.8388e-01 1.9691e+00  0.0550530    18.9573 265.983387     2.5140      5.032    -2.1587    301.187     9.1326 -9.990e-29
      4.931    18.9608 264.787402     0.0183 1.0000e-12     0.9234    79.3855 8.0952e-01 1.9691e+00  0.0558845    18.9575 265.952946     2.5140      5.028    -2.2352    301.132     9.1327 -9.990e-29
      4.927    18.9608 264.787401     0.0354 1.0000e-12     0.9234    79.3855 8.4982e-01 1.9691e+00  0.0554688    18.9573 265.952945     2.5140      5.024    -2.1572    301.132     9.1325 -9.990e-29
      4.925    18.9611 264.835610     0.0195 1.0000e-12     0.9234    79.3855 8.6081e-01 1.9691e+00  0.0554688    18.9579 265.831185     2.5140      5.022    -2.2303    301.185     9.1326 -9.990e-29
      4.922    18.9611 264.811506     0.0342 1.0000e-12     0.9234    79.3855 8.1319e-01 1.9691e+00  0.0554688    18.9578 266.013827     2.5140      5.019    -2.1615    301.157     9.1329 -9.990e-29
      4.917    18.9611 264.811506     0.0220 1.0000e-12     0.9234    79.3855 7.8022e-01 1.9691e+00  0.0554688    18.9576 265.861625     2.5140      5.014    -2.2196    301.157     9.1338 0.0000e+00
      4.912    18.9610 264.811504     0.0317 1.0000e-12     0.9234    79.3855 7.5824e-01 1.9691e+00  0.0554688    18.9577 265.983385     2.5140      5.009    -2.1720    301.158     9.1341 0.0000e+00
      4.907    18.9610 264.847660     0.0244 1.0000e-12     0.9234    79.3855 7.8022e-01 1.9691e+00  0.0550530    18.9580 266.044266     2.5140      5.004    -2.2093    301.199     9.1345 -9.990e-29
      4.904    18.9610 264.811506     0.0293 1.0000e-12     0.9234    79.3855 7.9853e-01 1.9691e+00  0.0554688    18.9581 266.044267     2.5140      5.001    -2.1825    301.158     9.1354 -9.990e-29
      4.900    18.9606 264.811505     0.0281 1.0000e-12     0.9234    79.3855 8.3150e-01 1.9691e+00  0.0554688    18.9580 265.922504     2.5128      4.997    -2.1929    301.161     9.1304 -9.990e-29
      4.896    18.9601 264.727143     0.0256 1.0000e-12     0.9234    79.3855 9.4872e-01 1.9691e+00  0.0554688    18.9585 265.922503     2.5140      4.993    -2.1988    301.068     9.1367 -9.990e-29
      4.894    18.9589 264.739196     0.0305 1.0000e-12     0.9234    79.3855 9.8535e-01 1.9691e+00  0.0550530    18.9581 266.013825     2.5140      4.990    -2.1824    301.090     9.1374 -9.990e-29
      4.891    18.9578 264.727146     0.0232 1.0000e-12     0.9234    79.3855 9.4505e-01 1.9691e+00  0.0554688    18.9585 265.800744     2.5140      4.987    -2.2102    301.084     9.1383 -9.990e-29
      4.887    18.9570 264.727146     0.0330 1.0000e-12     0.9234    79.3855 9.4139e-01 1.9691e+00  0.0554688    18.9586 265.892063     2.5128      4.983    -2.1705    301.089     9.1334 -9.990e-29
      4.882    18.9563 264.775353     0.0208 1.0000e-12     0.9247    79.3593 1.0147e+00 1.9691e+00  0.0554688    18.9583 266.013825     2.5140      4.978    -2.2215    301.149     9.1395 0.0000e+00
      4.877    18.9561 264.775353     0.0342 1.0000e-12     0.9234    79.3855 1.0916e+00 1.9691e+00  0.0554688    18.9583 265.922504     2.5128      4.973    -2.1641    301.150     9.1347 -9.990e-29
      4.873    18.9560 264.787404     0.0195 1.0000e-12     0.9208    79.4378 1.0440e+00 1.9691e+00  0.0550530    18.9580 265.922502     2.5128      4.969    -2.2282    301.165     9.1354 -9.990e-29
      4.870    18.9558 264.811509     0.0354 1.0000e-12     0.9208    79.4378 9.4505e-01 1.9691e+00  0.0554688    18.9580 265.983385     2.5128      4.966    -2.1573    301.194     9.1361 -9.990e-29
      4.867    18.9560 264.823559     0.0183 1.0000e-12     0.9195    79.4639 8.8645e-01 1.9691e+00  0.0554688    18.9580 266.013824     2.5128      4.963    -2.2337    301.206     9.1368 -9.990e-29
      4.866    18.9563 264.775353     0.0354 1.0000e-12     0.9195    79.4639 8.7912e-01 1.9691e+00  0.0550530    18.9584 265.800742     2.5128      4.962    -2.1562    301.149     9.1374 -9.990e-29
      4.864    18.9566 264.787405     0.0195 1.0000e-12     0.9195    79.4639 8.9744e-01 1.9691e+00  0.0550530    18.9583 266.013825     2.5128      4.960    -2.2293    301.161     9.1382 -9.990e-29
      4.862    18.9566 264.763299     0.0342 1.0000e-12     0.9208    79.4378 8.9744e-01 1.9691e+00  0.0550530    18.9580 265.922502     2.5128      4.958    -2.1610    301.133     9.1390 -9.990e-29
      4.860    18.9567 264.763301     0.0220 1.0000e-12     0.9195    79.4639 8.8645e-01 1.9691e+00  0.0554688    18.9580 265.892064     2.5128      4.956    -2.2196    301.133     9.1393 -9.990e-29
      4.859    18.9573 264.751249     0.0317 1.0000e-12     0.9208    79.4378 8.8645e-01 1.9691e+00  0.0554688    18.9587 265.892063     2.5128      4.955    -2.1721    301.115     9.1399 -9.990e-29
