data/05_metadata_exports/SeabirdData/202310_SeabirdData/88833_STN8-2.cnv
* Sea-Bird SBE 9 Data File:
* FileName = C:\Users\rosette\Rosette Data\2023\Ontario lower food web csmi\STN8-2.hex
* Software Version Seasave V 7.26.6.26
* Temperature SN = 5270
* Conductivity SN = 1168
* Number of Bytes Per Scan = 40
* Number of Voltage Words = 5
* Number of Scans Averaged by the Deck Unit = 1
* NMEA Latitude = 43 37.29 N
* NMEA Longitude = 079 27.27 W
* NMEA UTC (Time) = Sep 28 2023  00:27:27
* NMEA baud rate = 4800
** Ship: Lake Guardian
** Cruise: Ontario Lower Food Web 2023
** Station:  STN8-2
# nquan = 18                                
# nvalues = 2451                        
# units = specified
# name 0 = prDM: Pressure, Digiquartz [db]
# name 1 = t090C: Temperature [ITS-90, deg C]
# name 2 = c0uS/cm: Conductivity [uS/cm]
# name 3 = sbeox0V: Oxygen raw, SBE 43 [V]
# name 4 = par: PAR/Irradiance, Biospherical/Licor
# name 5 = bat: Beam Attenuation, Chelsea/Seatech [1/m]
# name 6 = xmiss: Beam Transmission, Chelsea/Seatech [%]
# name 7 = flSP: Fluorescence, Seapoint
# name 8 = spar: SPAR, Biospherical/Licor
# name 9 = upoly0: Upoly 0, Suna Nitrate
# name 10 = t190C: Temperature, 2 [ITS-90, deg C]
# name 11 = c1uS/cm: Conductivity, 2 [uS/cm]
# name 12 = sbeox1V: Oxygen raw, SBE 43, 2 [V]
# name 13 = depFM: Depth [fresh water, m], lat = 43.6215
# name 14 = sbeox0Mg/L: Oxygen, SBE 43 [mg/l], WS = 2
# name 15 = specc: Specific Conductance [uS/cm]
# name 16 = sbeox1Mg/L: Oxygen, SBE 43, 2 [mg/l], WS = 2
# name 17 = flag: flag
# span 0 =     -0.085,      5.067       
# span 1 =   -98.9762,    99.0000       
# span 2 =  11.565931, 264.871764       
# span 3 =     0.0171,     0.0366       
# span 4 = 1.0000e-12, 2.7362e+00       
# span 5 =     0.1738,     3.8340       
# span 6 =    38.3466,    95.7488       
# span 7 = 9.1575e-02, 1.7619e+00       
# span 8 = 0.0000e+00, 1.9691e+00       
# span 9 =  0.0413330,  0.0625367       
# span 10 =    13.7175,    18.9615      
# span 11 =   6.052919, 266.074708      
# span 12 =     2.1758,     2.8645      
# span 13 =     -0.087,      5.167      
# span 14 =   -13.2699,   232.9630      
# span 15 =  -1831.848,    395.701      
# span 16 =     7.5026,    10.9300      
# span 17 = 0.0000e+00, 0.0000e+00      
# interval = seconds: 0.0416667
# start_time = Sep 28 2023 00:27:27 [NMEA time, header]
# bad_flag = -9.990e-29
*END*
[from data line 1367]
      4.371    18.9598 264.678924     0.0293 1.0000e-12     0.9419    79.0195 6.8864e-01 1.9691e+00  0.0546373    18.9585 265.770289     2.5104      4.457    -2.1891    301.015     9.1307 0.0000e+00
      4.386    18.9599 264.739182     0.0244 1.0000e-12     0.9419    79.0195 7.2894e-01 1.9691e+00  0.0546373    18.9585 265.831169     2.5104      4.472    -2.2057    301.083     9.1309 0.0000e+00
      4.401    18.9601 264.763287     0.0317 1.0000e-12     0.9432    78.9934 7.3993e-01 1.9691e+00  0.0550530    18.9586 265.922492     2.5104      4.488    -2.1776    301.109     9.1306 0.0000e+00
      4.415    18.9598 264.715080     0.0208 1.0000e-12     0.9419    79.0195 7.2527e-01 1.9691e+00  0.0550530    18.9581 265.831171     2.5104      4.502    -2.2223    301.057     9.1304 0.0000e+00
      4.429    18.9598 264.715080     0.0342 1.0000e-12     0.9419    79.0195 7.1062e-01 1.9691e+00  0.0546373    18.9587 265.983373     2.5104      4.516    -2.1657    301.057     9.1304 0.0000e+00
      4.442    18.9599 264.751235     0.0195 1.0000e-12     0.9432    78.9934 7.1429e-01 1.9691e+00  0.0546373    18.9582 265.922492     2.5104      4.530    -2.2286    301.097     9.1307 0.0000e+00
      4.457    18.9598 264.787391     0.0354 1.0000e-12     0.9406    79.0457 7.1795e-01 0.0000e+00  0.0550530    18.9583 265.892052     2.5104      4.545    -2.1584    301.139     9.1308 0.0000e+00
      4.472    18.9598 264.739185     0.0183 1.0000e-12     0.9393    79.0718 7.1429e-01 1.9691e+00  0.0554688    18.9576 265.770293     2.5104      4.560    -2.2344    301.084     9.1306 0.0000e+00
      4.487    18.9594 264.727133     0.0354 1.0000e-12     0.9393    79.0718 7.1429e-01 1.9691e+00  0.0550530    18.9577 265.770293     2.5104      4.575    -2.1573    301.073     9.1303 0.0000e+00
      4.501    18.9596 264.666877     0.0195 1.0000e-12     0.9379    79.0979 7.2527e-01 0.0000e+00  0.0550530    18.9580 265.892055     2.5104      4.590    -2.2304    301.003     9.1303 0.0000e+00
      4.514    18.9596 264.690978     0.0342 1.0000e-12     0.9366    79.1241 7.2894e-01 1.9691e+00  0.0550530    18.9581 265.892053     2.5104      4.603    -2.1616    301.030     9.1299 0.0000e+00
      4.527    18.9596 264.715083     0.0220 1.0000e-12     0.9379    79.0979 7.2894e-01 1.9691e+00  0.0550530    18.9575 265.892055     2.5104      4.616    -2.2200    301.058     9.1296 0.0000e+00
      4.540    18.9596 264.727135     0.0317 1.0000e-12     0.9393    79.0718 7.1795e-01 1.9691e+00  0.0550530    18.9578 265.770294     2.5116      4.630    -2.1725    301.072     9.1355 0.0000e+00
      4.553    18.9596 264.727135     0.0244 1.0000e-12     0.9379    79.0979 7.1795e-01 0.0000e+00  0.0546373    18.9573 265.831175     2.5104      4.643    -2.2102    301.072     9.1297 0.0000e+00
      4.566    18.9596 264.703033     0.0281 1.0000e-12     0.9379    79.0979 7.1062e-01 1.9691e+00  0.0546373    18.9572 265.892057     2.5104      4.656    -2.1888    301.044     9.1301 0.0000e+00
      4.579    18.9598 264.703031     0.0281 1.0000e-12     0.9379    79.0979 7.0696e-01 1.9691e+00  0.0550530    18.9569 265.892056     2.5104      4.669    -2.1946    301.043     9.1306 0.0000e+00
      4.592    18.9599 264.666878     0.0256 1.0000e-12     0.9393    79.0718 7.0696e-01 0.0000e+00  0.0550530    18.9576 265.800736     2.5104      4.683    -2.2005    301.001     9.1309 0.0000e+00
      4.606    18.9601 264.678929     0.0305 1.0000e-12     0.9379    79.0979 7.1795e-01 0.0000e+00  0.0550530    18.9576 265.861616     2.5104      4.697    -2.1840    301.013     9.1308 0.0000e+00
      4.619    18.9601 264.739189     0.0220 1.0000e-12     0.9379    79.0979 7.2527e-01 0.0000e+00  0.0550530    18.9577 265.892058     2.5104      4.710    -2.2172    301.082     9.1306 0.0000e+00
      4.632    18.9601 264.690981     0.0330 1.0000e-12     0.9379    79.0979 7.4725e-01 0.0000e+00  0.0550530    18.9580 265.892057     2.5104      4.723    -2.1718    301.027     9.1309 0.0000e+00
      4.644    18.9603 264.739189     0.0195 1.0000e-12     0.9379    79.0979 7.5092e-01 0.0000e+00  0.0550530    18.9580 265.800737     2.5104      4.736    -2.2290    301.081     9.1312 0.0000e+00
      4.656    18.9601 264.727137     0.0342 1.0000e-12     0.9379    79.0979 7.5824e-01 0.0000e+00  0.0546373    18.9579 265.861617     2.5104      4.748    -2.1653    301.068     9.1315 0.0000e+00
      4.668    18.9601 264.727137     0.0183 1.0000e-12     0.9393    79.0718 7.4725e-01 0.0000e+00  0.0546373    18.9580 265.922498     2.5104      4.760    -2.2352    301.068     9.1317 0.0000e+00
      4.681    18.9599 264.703035     0.0354 1.0000e-12     0.9379    79.0979 7.2894e-01 1.9691e+00  0.0550530    18.9578 265.892059     2.5104      4.773    -2.1585    301.042     9.1320 0.0000e+00
      4.693    18.9598 264.654828     0.0195 1.0000e-12     0.9379    79.0979 7.8388e-01 1.9691e+00  0.0550530    18.9579 265.922498     2.5104      4.786    -2.2307    300.988     9.1322 0.0000e+00
      4.706    18.9596 264.678933     0.0354 1.0000e-12     0.9379    79.0979 8.7179e-01 1.9691e+00  0.0546373    18.9581 265.831179     2.5104      4.799    -2.1577    301.017     9.1323 0.0000e+00
      4.720    18.9596 264.739191     0.0208 1.0000e-12     0.9393    79.0718 8.5714e-01 1.9691e+00  0.0546373    18.9580 265.892059     2.5104      4.813    -2.2257    301.085     9.1325 0.0000e+00
      4.733    18.9594 264.715089     0.0330 1.0000e-12     0.9393    79.0718 8.3150e-01 1.9691e+00  0.0550530    18.9584 265.770299     2.5104      4.826    -2.1677    301.059     9.1326 0.0000e+00
      4.745    18.9592 264.775346     0.0232 1.0000e-12     0.9393    79.0718 7.9121e-01 1.9691e+00  0.0550530    18.9583 265.831178     2.5104      4.839    -2.2162    301.129     9.1328 0.0000e+00
      4.758    18.9589 264.727141     0.0305 1.0000e-12     0.9393    79.0718 7.6190e-01 1.9691e+00  0.0550530    18.9585 265.983381     2.5104      4.852    -2.1786    301.076     9.1328 0.0000e+00
      4.771    18.9591 264.703038     0.0269 1.0000e-12     0.9406    79.0457 7.4359e-01 1.9691e+00  0.0546373    18.9584 265.861620     2.5104      4.865    -2.2001    301.048     9.1330 0.0000e+00
      4.783    18.9591 264.715091     0.0269 1.0000e-12     0.9406    79.0457 7.3260e-01 1.9691e+00  0.0550530    18.9583 265.861621     2.5104      4.877    -2.1947    301.061     9.1331 0.0000e+00
      4.793    18.9589 264.751245     0.0293 1.0000e-12     0.9393    79.0718 7.2527e-01 1.9691e+00  0.0550530    18.9583 265.983382     2.5104      4.887    -2.1893    301.104     9.1331 0.0000e+00
      4.804    18.9587 264.715090     0.0232 1.0000e-12     0.9393    79.0718 7.1062e-01 1.9691e+00  0.0550530    18.9585 265.952941     2.5116      4.899    -2.2117    301.064     9.1386 0.0000e+00
      4.815    18.9587 264.666884     0.0330 1.0000e-12     0.9393    79.0718 7.2894e-01 0.0000e+00  0.0550530    18.9582 265.831181     2.5104      4.910    -2.1724    301.009     9.1332 0.0000e+00
      4.828    18.9587 264.703039     0.0208 1.0000e-12     0.9406    79.0457 7.6190e-01 1.9691e+00  0.0550530    18.9583 265.800741     2.5104      4.923    -2.2229    301.050     9.1332 0.0000e+00
      4.840    18.9587 264.678936     0.0342 1.0000e-12     0.9393    79.0718 7.5092e-01 1.9691e+00  0.0550530    18.9581 265.861622     2.5116      4.935    -2.1654    301.023     9.1387 0.0000e+00
      4.853    18.9585 264.690989     0.0195 1.0000e-12     0.9393    79.0718 7.4359e-01 1.9691e+00  0.0550530    18.9582 265.892063     2.5104      4.949    -2.2288    301.038     9.1332 0.0000e+00
      4.864    18.9589 264.703041     0.0354 1.0000e-12     0.9393    79.0718 7.3993e-01 1.9691e+00  0.0550530    18.9580 265.922504     2.5116      4.960    -2.1585    301.049     9.1383 0.0000e+00
      4.874    18.9587 264.715093     0.0183 1.0000e-12     0.9406    79.0457 7.3993e-01 1.9691e+00  0.0554688    18.9578 265.952945     2.5116      4.970    -2.2350    301.064     9.1379 0.0000e+00
      4.884    18.9587 264.751246     0.0354 1.0000e-12     0.9393    79.0718 7.2894e-01 1.9691e+00  0.0550530    18.9577 265.892062     2.5116      4.980    -2.1570    301.105     9.1375 0.0000e+00
      4.896    18.9589 264.763301     0.0195 1.0000e-12     0.9406    79.0457 7.3260e-01 1.9691e+00  0.0546373    18.9575 265.983387     2.5116      4.993    -2.2301    301.118     9.1371 0.0000e+00
      4.907    18.9592 264.727144     0.0342 1.0000e-12     0.9406    79.0457 7.4725e-01 0.0000e+00  0.0546373    18.9571 265.861624     2.5116      5.004    -2.1617    301.074     9.1363 0.0000e+00
      4.918    18.9591 264.690990     0.0220 1.0000e-12     0.9406    79.0457 7.5092e-01 1.9691e+00  0.0546373    18.9570 265.800745     2.5116      5.015    -2.2202    301.034     9.1355 0.0000e+00
      4.929    18.9592 264.715093     0.0305 1.0000e-12     0.9393    79.0718 7.2161e-01 1.9691e+00  0.0546373    18.9571 265.892066     2.5116      5.026    -2.1779    301.061     9.1346 0.0000e+00
      4.939    18.9592 264.751249     0.0244 1.0000e-12     0.9393    79.0718 6.8864e-01 1.9691e+00  0.0550530    18.9569 265.770305     2.5116      5.036    -2.2107    301.102     9.1338 0.0000e+00
      4.949    18.9592 264.727144     0.0281 1.0000e-12     0.9340    79.1764 6.8498e-01 1.9691e+00  0.0550530    18.9568 265.952946     2.5116      5.047    -2.1892    301.074     9.1330 0.0000e+00
      4.961    18.9589 264.751250     0.0281 1.0000e-12     0.9247    79.3593 6.8864e-01 1.9691e+00  0.0554688    18.9573 265.952948     2.5116      5.059    -2.1946    301.104     9.1322 0.0000e+00
      4.972    18.9591 264.690990     0.0244 1.0000e-12     0.9221    79.4116 6.8132e-01 0.0000e+00  0.0550530    18.9571 265.952947     2.5116      5.070    -2.2059    301.034     9.1314 0.0000e+00
      4.983    18.9591 264.690992     0.0305 1.0000e-12     0.9221    79.4116 6.8864e-01 1.9691e+00  0.0546373    18.9572 265.892067     2.5116      5.081    -2.1836    301.034     9.1307 0.0000e+00
      4.995    18.9592 264.703043     0.0220 1.0000e-12     0.9221    79.4116 7.0330e-01 1.9691e+00  0.0546373    18.9573 265.800746     2.5116      5.093    -2.2168    301.047     9.1299 0.0000e+00
      5.005    18.9589 264.715095     0.0330 1.0000e-12     0.9208    79.4378 6.9597e-01 1.9691e+00  0.0550530    18.9571 265.739866     2.5116      5.104    -2.1713    301.063     9.1293 0.0000e+00
      5.015    18.9592 264.715096     0.0195 1.0000e-12     0.9221    79.4116 6.8864e-01 1.9691e+00  0.0550530    18.9573 265.831188     2.5116      5.114    -2.2285    301.061     9.1285 0.0000e+00
      5.024    18.9587 264.715095     0.0354 1.0000e-12     0.9221    79.4116 6.8864e-01 1.9691e+00  0.0550530    18.9573 265.922508     2.5116      5.123    -2.1591    301.064     9.1278 0.0000e+00
      5.033    18.9585 264.703045     0.0183 1.0000e-12     0.9221    79.4116 6.9963e-01 1.9691e+00  0.0550530    18.9573 265.892069     2.5116      5.132    -2.2344    301.052     9.1272 0.0000e+00
      5.039    18.9587 264.666892     0.0354 1.0000e-12     0.9221    79.4116 7.2527e-01 1.9691e+00  0.0550530    18.9575 265.892070     2.5116      5.138    -2.1576    301.009     9.1260 -9.990e-29
      5.043    18.9585 264.703044     0.0195 1.0000e-12     0.9221    79.4116 7.5824e-01 1.9691e+00  0.0546373    18.9573 265.800746     2.5116      5.142    -2.2299    301.052     9.1255 -9.990e-29
      5.048    18.9587 264.751252     0.0342 1.0000e-12     0.9208    79.4378 7.8388e-01 1.9691e+00  0.0546373    18.9575 265.800748     2.5116      5.148    -2.1623    301.105     9.1244 0.0000e+00
      5.053    18.9587 264.690994     0.0208 1.0000e-12     0.9221    79.4116 7.7656e-01 1.9691e+00  0.0546373    18.9571 265.800748     2.5116      5.153    -2.2254    301.037     9.1243 -9.990e-29
      5.057    18.9589 264.666890     0.0330 1.0000e-12     0.9221    79.4116 7.4725e-01 0.0000e+00  0.0550530    18.9554 265.892070     2.5116      5.157    -2.1669    301.008     9.1241 -9.990e-29
      5.061    18.9587 264.703046     0.0244 1.0000e-12     0.9221    79.4116 7.2161e-01 1.9691e+00  0.0550530    18.9543 266.013833     2.5116      5.161    -2.2100    301.050     9.1234 -9.990e-29
      5.064    18.9585 264.666892     0.0305 1.0000e-12     0.9221    79.4116 7.2161e-01 1.9691e+00  0.0550530    18.9550 265.952953     2.5104      5.164    -2.1778    301.011     9.1173 -9.990e-29
      5.066    18.9585 264.690992     0.0269 1.0000e-12     0.9221    79.4116 7.3993e-01 1.9691e+00  0.0550530    18.9554 265.892069     2.5104      5.166    -2.1993    301.038     9.1168 -9.990e-29
      5.066    18.9584 264.715101     0.0269 1.0000e-12     0.9221    79.4116 7.5458e-01 1.9691e+00  0.0546373    18.9562 266.044276     2.5104      5.166    -2.1940    301.066     9.1167 -9.990e-29
      5.063    18.9582 264.678939     0.0305 1.0000e-12     0.9221    79.4116 7.7289e-01 1.9691e+00  0.0546373    18.9566 265.983387     2.5104      5.163    -2.1832    301.026     9.1167 -9.990e-29
      5.062    18.9580 264.739202     0.0232 1.0000e-12     0.9221    79.4116 8.1319e-01 1.9691e+00  0.0550530    18.9563 265.892071     2.5104      5.162    -2.2110    301.096     9.1169 -9.990e-29
      5.062    18.9578 264.727148     0.0317 1.0000e-12     0.9247    79.3593 8.9377e-01 1.9691e+00  0.0550530    18.9564 265.922508     2.5092      5.162    -2.1775    301.084     9.1116 -9.990e-29
      5.063    18.9578 264.727151     0.0208 1.0000e-12     0.9287    79.2809 9.1209e-01 1.9691e+00  0.0542215    18.9559 265.709430     2.5092      5.163    -2.2222    301.084     9.1119 -9.990e-29
      5.064    18.9578 264.703045     0.0342 1.0000e-12     0.9313    79.2286 9.0842e-01 1.9691e+00  0.0542215    18.9560 265.831188     2.5092      5.164    -2.1647    301.057     9.1121 -9.990e-29
      5.066    18.9577 264.703047     0.0183 1.0000e-12     0.9313    79.2286 8.5714e-01 1.9691e+00  0.0554688    18.9559 265.800750     2.5092      5.166    -2.2343    301.057     9.1124 -9.990e-29
      5.067    18.9573 264.703048     0.0354 1.0000e-12     0.9300    79.2548 7.9853e-01 1.9691e+00  0.0554688    18.9554 265.861631     2.5092      5.167    -2.1587    301.060     9.1128 -9.990e-29
      5.067    18.9571 264.666890     0.0195 1.0000e-12     0.9300    79.2548 7.5824e-01 1.9691e+00  0.0550530    18.9553 265.892069     2.5092      5.167    -2.2302    301.020     9.1132 -9.990e-29
      5.067    18.9570 264.666893     0.0354 1.0000e-12     0.9300    79.2548 7.4359e-01 1.9691e+00  0.0546373    18.9554 265.892072     2.5092      5.167    -2.1576    301.021     9.1135 -9.990e-29
      5.067    18.9566 264.739202     0.0195 1.0000e-12     0.9300    79.2548 8.1319e-01 1.9691e+00  0.0546373    18.9552 265.800750     2.5092      5.167    -2.2311    301.106     9.1140 -9.990e-29
      5.066    18.9566 264.715100     0.0342 1.0000e-12     0.9300    79.2548 9.2308e-01 0.0000e+00  0.0550530    18.9553 265.800751     2.5092      5.166    -2.1627    301.078     9.1144 -9.990e-29
      5.064    18.9565 264.715098     0.0220 1.0000e-12     0.9300    79.2548 9.7070e-01 1.9691e+00  0.0550530    18.9556 265.892069     2.5092      5.164    -2.2216    301.079     9.1149 -9.990e-29
      5.063    18.9566 264.703048     0.0317 1.0000e-12     0.9313    79.2286 9.4139e-01 0.0000e+00  0.0546373    18.9559 265.892071     2.5092      5.163    -2.1740    301.065     9.1154 -9.990e-29
      5.061    18.9568 264.703045     0.0256 1.0000e-12     0.9300    79.2548 9.1575e-01 1.9691e+00  0.0546373    18.9558 265.892068     2.5092      5.161    -2.2063    301.063     9.1159 -9.990e-29
      5.062    18.9571 264.690995     0.0281 1.0000e-12     0.9313    79.2286 9.0842e-01 1.9691e+00  0.0550530    18.9566 265.800748     2.5092      5.162    -2.1898    301.048     9.1164 -9.990e-29
      5.064    18.9571 264.654840     0.0281 1.0000e-12     0.9300    79.2548 9.0110e-01 1.9691e+00  0.0554688    18.9557 265.861630     2.5079      5.164    -2.1956    301.006     9.1113 -9.990e-29
