data/05_metadata_exports/SeabirdData/202310_SeabirdData/88833_STN8-2.cnv
* Sea-Bird SBE 9 Data File:
* FileName = C:\Users\rosette\Rosette Data\2023\Ontario lower food web csmi\STN8-2.hex
* Software Version Seasave V 7.26.6.26
* Temperature SN = 5270
* Conductivity SN = 1168
* Number of Bytes Per Scan = 40
* Number of Voltage Words = 5
* Number of Scans Averaged by the Deck Unit = 1
* NMEA Latitude = 43 37.29 N
* NMEA Longitude = 079 27.27 W
* NMEA UTC (Time) = Sep 28 2023  00:27:27
* NMEA baud rate = 4800
** Ship: Lake Guardian
** Cruise: Ontario Lower Food Web 2023
** Station:  STN8-2
# nquan = 18                                
# nvalues = 2451                        
# units = specified
# name 0 = prDM: Pressure, Digiquartz [db]
# name 1 = t090C: Temperature [ITS-90, deg C]
# name 2 = c0uS/cm: Conductivity [uS/cm]
# name 3 = sbeox0V: Oxygen raw, SBE 43 [V]
# name 4 = par: PAR/Irradiance, Biospherical/Licor
# name 5 = bat: Beam Attenuation, Chelsea/Seatech [1/m]
# name 6 = xmiss: Beam Transmission, Chelsea/Seatech [%]
# name 7 = flSP: Fluorescence, Seapoint
# name 8 = spar: SPAR, Biospherical/Licor
# name 9 = upoly0: Upoly 0, Suna Nitrate
# name 10 = t190C: Temperature, 2 [ITS-90, deg C]
# name 11 = c1uS/cm: Conductivity, 2 [uS/cm]
# name 12 = sbeox1V: Oxygen raw, SBE 43, 2 [V]
# name 13 = depFM: Depth [fresh water, m], lat = 43.6215
# name 14 = sbeox0Mg/L: Oxygen, SBE 43 [mg/l], WS = 2
# name 15 = specc: Specific Conductance [uS/cm]
# name 16 = sbeox1Mg/L: Oxygen, SBE 43, 2 [mg/l], WS = 2
# name 17 = flag: flag
# span 0 =     -0.085,      5.067       
# span 1 =   -98.9762,    99.0000       
# span 2 =  11.565931, 264.871764       
# span 3 =     0.0171,     0.0366       
# span 4 = 1.0000e-12, 2.7362e+00       
# span 5 =     0.1738,     3.8340       
# span 6 =    38.3466,    95.7488       
# span 7 = 9.1575e-02, 1.7619e+00       
# span 8 = 0.0000e+00, 1.9691e+00       
# span 9 =  0.0413330,  0.0625367       
# span 10 =    13.7175,    18.9615      
# span 11 =   6.052919, 266.074708      
# span 12 =     2.1758,     2.8645      
# span 13 =     -0.087,      5.167      
# span 14 =   -13.2699,   232.9630      
# span 15 =  -1831.848,    395.701      
# span 16 =     7.5026,    10.9300      
# span 17 = 0.0000e+00, 0.0000e+00      
# interval = seconds: 0.0416667
# start_time = Sep 28 2023 00:27:27 [NMEA time, header]
# bad_flag = -9.990e-29
*END*
[from data line 483]
      0.019    13.5119  32.112262     0.0330 2.0153e+00     0.1858    95.4612 9.5238e-02 0.0000e+00  0.0413330    13.7918   7.616737     2.5995      0.019    -2.4357     41.688    10.6681 -9.990e-29
      0.014    13.5113  32.604873     0.0232 1.9739e+00     0.1891    95.3828 9.5238e-02 0.0000e+00  0.0413330    13.7922   7.526514     2.5995      0.014    -2.4915     42.328    10.6678 -9.990e-29
      0.010    13.5111  33.156162     0.0305 1.9681e+00     0.1891    95.3828 9.5238e-02 0.0000e+00  0.0413330    13.7923   7.526514     2.5995      0.010    -2.4479     43.044    10.6676 -9.990e-29
      0.005    13.5108  34.141536     0.0269 1.4816e+00     0.1902    95.3567 9.5238e-02 0.0000e+00  0.0413330    13.7925   7.586663     2.5995      0.005    -2.4736     44.323    10.6674 -9.990e-29
     -0.001    13.5104  35.033166     0.0256 1.2387e+00     0.1891    95.3828 9.5238e-02 0.0000e+00  0.0413330    13.7926   7.706961     2.5995     -0.001    -2.4728     45.482    10.6672 -9.990e-29
     -0.005    13.5096  35.091829     0.0293 1.2125e+00     0.1891    95.3828 9.5238e-02 0.0000e+00  0.0413330    13.7928   7.797185     2.5995     -0.005    -2.4618     45.559    10.6670 -9.990e-29
     -0.007    13.5091  34.446557     0.0232 1.1868e+00     0.1891    95.3828 9.5238e-02 0.0000e+00  0.0413330    13.7924   8.007710     2.5995     -0.007    -2.4852     44.721    10.6670 -9.990e-29
     -0.008    13.5085  33.472877     0.0317 1.1615e+00     0.1891    95.3828 9.5238e-02 0.0000e+00  0.0413330    13.7915   7.797185     2.6007     -0.008    -2.4483     43.458    10.6732 -9.990e-29
     -0.009    13.5078  32.616602     0.0195 1.1544e+00     0.1891    95.3828 9.5238e-02 0.0000e+00  0.0413330    13.7910   7.706961     2.6007     -0.009    -2.5037     42.347    10.6737 -9.990e-29
     -0.010    13.5071  32.147448     0.0342 8.3717e-01     0.1891    95.3828 9.5238e-02 0.0000e+00  0.0413330    13.7901   7.676886     2.5995     -0.010    -2.4333     41.739    10.6677 -9.990e-29
     -0.008    13.5064  31.619681     0.0183 5.6857e-01     0.1891    95.3828 9.5238e-02 0.0000e+00  0.0413330    13.7901   7.737036     2.5995     -0.008    -2.5101     41.054    10.6675 -9.990e-29
     -0.005    13.5057  30.634605     0.0354 5.2092e-01     0.1902    95.3567 9.5238e-02 0.0000e+00  0.0413330    13.7892   7.917485     2.6007     -0.005    -2.4247     39.776    10.6736 -9.990e-29
      0.001    13.5052  29.297904     0.0183 2.9783e-01     0.1891    95.3828 9.5238e-02 0.0000e+00  0.0413330    13.7888   7.797185     2.5995      0.001    -2.5110     38.041    10.6674 -9.990e-29
      0.008    13.5042  28.090367     0.0354 9.5510e-02     0.1891    95.3828 9.5238e-02 0.0000e+00  0.0413330    13.7886   7.767111     2.6007      0.008    -2.4228     36.474    10.6735 -9.990e-29
      0.016    13.5038  27.269811     0.0195 6.2569e-02     0.1891    95.3828 9.5238e-02 0.0000e+00  0.0413330    13.7878   7.767111     2.5995      0.016    -2.5066     35.409    10.6673 -9.990e-29
      0.022    13.5034  27.363585     0.0330 6.1141e-02     0.1891    95.3828 9.5238e-02 0.0000e+00  0.0413330    13.7882   7.496440     2.5995      0.022    -2.4341     35.531    10.6671 -9.990e-29
      0.026    13.5028  28.219319     0.0232 5.3274e-02     0.1891    95.3828 9.5238e-02 0.0000e+00  0.0413330    13.7883   7.376142     2.5995      0.027    -2.4895     36.643    10.6669 -9.990e-29
      0.028    13.5024  29.591022     0.0305 5.0586e-02     0.1891    95.3828 9.8901e-02 0.0000e+00  0.0413330    13.7891   7.376142     2.5995      0.029    -2.4466     38.424    10.6671 -9.990e-29
      0.030    13.5022  30.646332     0.0256 4.0276e-02     0.1902    95.3567 9.8901e-02 0.0000e+00  0.0413330    13.7889   7.406217     2.5995      0.031    -2.4790     39.795    10.6670 -9.990e-29
      0.031    13.5016  31.232674     0.0269 1.1192e-02     0.1902    95.3567 9.8901e-02 0.0000e+00  0.0413330    13.7891   7.556588     2.5995      0.032    -2.4652     40.557    10.6667 -9.990e-29
      0.029    13.5010  31.678321     0.0293 1.5973e-03     0.1902    95.3567 9.5238e-02 0.0000e+00  0.0413330    13.7892   7.676887     2.5995      0.030    -2.4609     41.136    10.6665 -9.990e-29
      0.026    13.5006  32.382023     0.0244 1.0000e-12     0.1935    95.2783 9.5238e-02 0.0000e+00  0.0413330    13.7890   7.586663     2.5995      0.027    -2.4783     42.050    10.6663 -9.990e-29
      0.022    13.5002  33.660566     0.0317 1.0000e-12     0.1946    95.2521 9.5238e-02 0.0000e+00  0.0413330    13.7891   7.376142     2.5995      0.022    -2.4481     43.711    10.6661 -9.990e-29
      0.017    13.4995  34.927574     0.0208 1.0000e-12     0.1946    95.2521 9.8901e-02 0.0000e+00  0.0413330    13.7891   7.165624     2.5995      0.017    -2.4971     45.357    10.6665 -9.990e-29
      0.012    13.4989  36.499870     0.0342 3.4520e-03     0.1946    95.2521 9.5238e-02 0.0000e+00  0.0413330    13.7892   7.225772     2.5995      0.012    -2.4345     47.400    10.6670 -9.990e-29
      0.007    13.4987  37.696892     0.0183 1.3549e-02     0.1946    95.2521 9.5238e-02 0.0000e+00  0.0413330    13.7891   7.285920     2.5995      0.007    -2.5108     48.955    10.6674 -9.990e-29
      0.001    13.4981  38.987990     0.0354 1.6649e-02     0.1946    95.2521 9.5238e-02 0.0000e+00  0.0413330    13.7887   7.526514     2.5995      0.001    -2.4256     50.632    10.6673 -9.990e-29
     -0.005    13.4974  39.668831     0.0183 1.8052e-02     0.1946    95.2521 9.5238e-02 1.9691e+00  0.0413330    13.7885   7.767111     2.5995     -0.005    -2.5115     51.517    10.6678 -9.990e-29
     -0.011    13.4969  39.281449     0.0354 2.2358e-02     0.1946    95.2521 9.5238e-02 0.0000e+00  0.0413330    13.7881   7.737036     2.5995     -0.011    -2.4234     51.015    10.6677 -9.990e-29
     -0.016    13.4962  38.635853     0.0195 2.4195e-02     0.1946    95.2521 9.5238e-02 0.0000e+00  0.0413330    13.7872   7.586663     2.5995     -0.016    -2.5073     50.177    10.6677 -9.990e-29
     -0.018    13.4953  37.485641     0.0342 2.7568e-02     0.1946    95.2521 9.8901e-02 0.0000e+00  0.0413330    13.7866   7.466365     2.5995     -0.018    -2.4295     48.684    10.6676 -9.990e-29
     -0.020    13.4947  36.229978     0.0220 5.6930e-02     0.1946    95.2521 9.8901e-02 0.0000e+00  0.0413330    13.7859   7.346068     2.5995     -0.020    -2.4971     47.054    10.6676 -9.990e-29
     -0.019    13.4937  34.188463     0.0317 7.2402e-02     0.1946    95.2521 9.5238e-02 0.0000e+00  0.0413330    13.7844   7.496440     2.6007     -0.019    -2.4428     44.404    10.6746 -9.990e-29
     -0.016    13.4928  32.194364     0.0256 7.8050e-02     0.1946    95.2521 9.5238e-02 0.0000e+00  0.0413330    13.7838   7.646812     2.5995     -0.016    -2.4813     41.815    10.6690 -9.990e-29
     -0.013    13.4920  30.833958     0.0281 2.3977e-01     0.1946    95.2521 9.5238e-02 0.0000e+00  0.0413330    13.7837   7.586663     2.5995     -0.013    -2.4622     40.049    10.6689 -9.990e-29
     -0.011    13.4913  30.142113     0.0293 3.8736e-01     0.1946    95.2521 9.5238e-02 0.0000e+00  0.0413330    13.7835   7.586663     2.5995     -0.011    -2.4645     39.151    10.6688 -9.990e-29
     -0.009    13.4905  29.954504     0.0244 4.0722e-01     0.1946    95.2521 9.5238e-02 0.0000e+00  0.0413330    13.7836   7.706961     2.5995     -0.009    -2.4820     38.908    10.6693 -9.990e-29
     -0.006    13.4900  29.637923     0.0317 1.3145e-01     0.1946    95.2521 9.5238e-02 0.0000e+00  0.0413330    13.7833   7.496440     2.5995     -0.006    -2.4523     38.498    10.6698 -9.990e-29
     -0.005    13.4893  29.239283     0.0208 3.0251e-02     0.1946    95.2521 9.5238e-02 0.0000e+00  0.0413330    13.7834   7.436291     2.5995     -0.005    -2.5013     37.980    10.6703 -9.990e-29
     -0.006    13.4887  28.746871     0.0342 1.9471e-02     0.1946    95.2521 9.5238e-02 0.0000e+00  0.0413330    13.7833   7.255846     2.5995     -0.006    -2.4386     37.341    10.6702 -9.990e-29
     -0.007    13.4878  28.735148     0.0195 1.7349e-02     0.1957    95.2260 9.5238e-02 0.0000e+00  0.0413330    13.7831   7.466365     2.5995     -0.007    -2.5090     37.327    10.6701 -9.990e-29
     -0.009    13.4869  28.770319     0.0354 1.3549e-02     0.1869    95.4351 9.8901e-02 0.0000e+00  0.0413330    13.7828   7.646812     2.6007     -0.009    -2.4309     37.374    10.6762 -9.990e-29
     -0.012    13.4865  28.699977     0.0183 1.2533e-02     0.1803    95.5919 9.8901e-02 0.0000e+00  0.0413330    13.7824   7.706961     2.5995     -0.012    -2.5168     37.283    10.6700 -9.990e-29
     -0.014    13.4857  28.313105     0.0354 2.3457e-02     0.1803    95.5919 9.8901e-02 0.0000e+00  0.0413330    13.7821   7.586663     2.5995     -0.014    -2.4298     36.781    10.6700 -9.990e-29
     -0.014    13.4851  27.515971     0.0195 3.9861e-02     0.1792    95.6181 9.5238e-02 0.0000e+00  0.0413330    13.7815   7.526514     2.5995     -0.014    -2.5124     35.746    10.6700 -9.990e-29
     -0.014    13.4843  26.672029     0.0342 3.9448e-02     0.1803    95.5919 9.8901e-02 0.0000e+00  0.0413330    13.7810   7.436291     2.5995     -0.014    -2.4346     34.650    10.6700 -9.990e-29
     -0.013    13.4835  25.875053     0.0220 9.8651e-03     0.1803    95.5919 9.5238e-02 0.0000e+00  0.0413330    13.7805   7.225772     2.5995     -0.013    -2.5010     33.616    10.6700 -9.990e-29
     -0.012    13.4826  25.617224     0.0317 1.0000e-12     0.1803    95.5919 9.5238e-02 0.0000e+00  0.0413330    13.7801   7.376142     2.5995     -0.012    -2.4466     33.281    10.6699 -9.990e-29
     -0.010    13.4825  25.675820     0.0244 1.0000e-12     0.1803    95.5919 9.5238e-02 0.0000e+00  0.0413330    13.7799   7.406217     2.5995     -0.010    -2.4904     33.358    10.6705 -9.990e-29
     -0.008    13.4816  25.886773     0.0293 2.1268e-02     0.1803    95.5919 9.5238e-02 0.0000e+00  0.0413330    13.7796   7.436291     2.6007     -0.008    -2.4585     33.632    10.6765 -9.990e-29
     -0.007    13.4811  26.027410     0.0293 4.9700e-02     0.1803    95.5919 9.5238e-02 0.0000e+00  0.0413330    13.7793   7.406217     2.5995     -0.007    -2.4662     33.816    10.6703 -9.990e-29
     -0.006    13.4803  26.273532     0.0244 5.6008e-02     0.1803    95.5919 9.5238e-02 0.0000e+00  0.0413330    13.7786   7.376143     2.6007     -0.006    -2.4837     34.136    10.6765 -9.990e-29
     -0.005    13.4796  26.613426     0.0317 3.8624e-02     0.1803    95.5919 9.5238e-02 0.0000e+00  0.0413330    13.7783   7.105476     2.5995     -0.005    -2.4540     34.578    10.6703 -9.990e-29
     -0.004    13.4792  26.765797     0.0208 1.8052e-02     0.1803    95.5919 9.5238e-02 0.0000e+00  0.0413330    13.7782   7.075403     2.5995     -0.004    -2.5023     34.777    10.6708 -9.990e-29
     -0.003    13.4788  27.000219     0.0330 1.2196e-02     0.1803    95.5919 9.5238e-02 0.0000e+00  0.0413330    13.7782   7.165624     2.5995     -0.003    -2.4456     35.082    10.6706 -9.990e-29
     -0.003    13.4779  27.199483     0.0183 2.5207e-03     0.1792    95.6181 9.5238e-02 0.0000e+00  0.0413330    13.7781   7.285920     2.5995     -0.003    -2.5154     35.341    10.6704 -9.990e-29
     -0.004    13.4774  27.433918     0.0342 1.0000e-12     0.1792    95.6181 9.5238e-02 0.0000e+00  0.0413330    13.7774   7.406217     2.5995     -0.004    -2.4378     35.646    10.6704 -9.990e-29
     -0.004    13.4764  27.715248     0.0183 1.0000e-12     0.1803    95.5919 9.5238e-02 0.0000e+00  0.0413330    13.7775   7.255846     2.5995     -0.004    -2.5165     36.013    10.6708 -9.990e-29
     -0.004    13.4759  27.750415     0.0342 9.8651e-03     0.1792    95.6181 9.5238e-02 0.0000e+00  0.0413330    13.7776   7.135550     2.5995     -0.004    -2.4355     36.059    10.6707 -9.990e-29
     -0.005    13.4752  28.359998     0.0183 2.2723e-02     0.1792    95.6181 9.5238e-02 0.0000e+00  0.0413330    13.7777   6.864887     2.5995     -0.005    -2.5176     36.852    10.6705 -9.990e-29
     -0.006    13.4747  30.493893     0.0342 2.5310e-02     0.1803    95.5919 9.5238e-02 0.0000e+00  0.0413330    13.7771   6.864887     2.5995     -0.006    -2.4336     39.625    10.6705 -9.990e-29
     -0.007    13.4737  30.962954     0.0208 1.5607e-02     0.1770    95.6703 9.5238e-02 0.0000e+00  0.0413330    13.7768   6.985181     2.6007     -0.007    -2.5060     40.236    10.6765 -9.990e-29
     -0.010    13.4731  29.977956     0.0317 3.7642e-03     0.1749    95.7226 9.8901e-02 0.0000e+00  0.0413330    13.7759   7.075403     2.5995     -0.010    -2.4455     38.956    10.6705 -9.990e-29
     -0.011    13.4722  29.379979     0.0244 3.7813e-04     0.1738    95.7488 9.8901e-02 0.0000e+00  0.0413330    13.7755   7.195698     2.5995     -0.011    -2.4894     38.180    10.6704 -9.990e-29
     -0.012    13.4717  29.333081     0.0293 1.0000e-12     0.1738    95.7488 9.8901e-02 0.0000e+00  0.0413330    13.7750   7.075403     2.5995     -0.012    -2.4573     38.120    10.6704 -9.990e-29
     -0.013    13.4709  29.720000     0.0269 1.0000e-12     0.1738    95.7488 9.5238e-02 0.0000e+00  0.0413330    13.7750   6.834814     2.5995     -0.013    -2.4771     38.623    10.6702 -9.990e-29
     -0.014    13.4706  29.485501     0.0244 1.0000e-12     0.1749    95.7226 9.8901e-02 0.0000e+00  0.0413330    13.7749   6.624301     2.5995     -0.014    -2.4823     38.319    10.6707 -9.990e-29
     -0.013    13.4696  29.180663     0.0305 1.2196e-02     0.1749    95.7226 9.8901e-02 0.0000e+00  0.0413330    13.7740   6.654374     2.5995     -0.013    -2.4586     37.924    10.6708 -9.990e-29
     -0.010    13.4689  29.192387     0.0220 2.8712e-02     0.1738    95.7488 9.5238e-02 0.0000e+00  0.0413330    13.7740   6.594228     2.5995     -0.010    -2.4948     37.940    10.6707 -9.990e-29
     -0.007    13.4684  28.828940     0.0330 3.2200e-02     0.1749    95.7226 9.8901e-02 0.0000e+00  0.0413330    13.7739   6.864887     2.5995     -0.007    -2.4446     37.468    10.6706 -9.990e-29
     -0.004    13.4679  28.477232     0.0195 2.7948e-02     0.1749    95.7226 9.5238e-02 0.0000e+00  0.0413330    13.7733   6.894961     2.5995     -0.004    -2.5077     37.011    10.6706 -9.990e-29
     -0.000    13.4670  27.996588     0.0342 2.1630e-02     0.1749    95.7226 9.5238e-02 0.0000e+00  0.0413330    13.7732   6.714520     2.5995     -0.000    -2.4360     36.387    10.6705 -9.990e-29
      0.004    13.4664  28.242768     0.0183 2.0546e-02     0.1738    95.7488 9.5238e-02 0.0000e+00  0.0413330    13.7735   6.594228     2.6007      0.004    -2.5141     36.708    10.6765 -9.990e-29
      0.008    13.4659  28.911008     0.0354 2.9865e-02     0.1749    95.7226 9.5238e-02 0.0000e+00  0.0413330    13.7740   6.684447     2.5995      0.008    -2.4280     37.577    10.6701 -9.990e-29
      0.012    13.4655  27.996588     0.0195 5.3274e-02     0.1749    95.7226 9.8901e-02 0.0000e+00  0.0413330    13.7740   6.624301     2.5995      0.012    -2.5090     36.389    10.6706 -9.990e-29
      0.016    13.4650  27.750416     0.0342 6.1141e-02     0.1749    95.7226 9.8901e-02 0.0000e+00  0.0413330    13.7742   6.864887     2.5995      0.016    -2.4309     36.069    10.6704 -9.990e-29
      0.020    13.4645  30.024859     0.0208 7.1393e-02     0.1760    95.6965 9.8901e-02 0.0000e+00  0.0413330    13.7754   7.015255     2.5995      0.020    -2.5026     39.026    10.6707 -9.990e-29
      0.024    13.4644  33.226547     0.0330 1.1524e-01     0.1749    95.7226 9.5238e-02 0.0000e+00  0.0413330    13.7768   7.195698     2.6007      0.024    -2.4355     43.188    10.6764 -9.990e-29
      0.028    13.4641  34.141541     0.0244 1.3415e-01     0.1749    95.7226 9.5238e-02 0.0000e+00  0.0413330    13.7781   7.015255     2.5995      0.029    -2.4858     44.377    10.6699 -9.990e-29
