data/05_metadata_exports/SeabirdData/202310_SeabirdData/88840_STN9.cnv
* Sea-Bird SBE 9 Data File:
* FileName = C:\Users\rosette\Rosette Data\2023\Ontario lower food web csmi\STN9.hex
* Software Version Seasave V 7.26.6.26
* Temperature SN = 5270
* Conductivity SN = 1168
* Number of Bytes Per Scan = 40
* Number of Voltage Words = 5
* Number of Scans Averaged by the Deck Unit = 1
* NMEA Latitude = 43 35.12 N
* NMEA Longitude = 079 23.77 W
* NMEA UTC (Time) = Sep 28 2023  01:07:45
* NMEA baud rate = 4800
** Ship: Lake Guardian
** Cruise: Ontario Lower Food Web 2023
** Station:  STN9
# nquan = 18                                
# nvalues = 11692                       
# units = specified
# name 0 = prDM: Pressure, Digiquartz [db]
# name 1 = t090C: Temperature [ITS-90, deg C]
# name 2 = c0uS/cm: Conductivity [uS/cm]
# name 3 = sbeox0V: Oxygen raw, SBE 43 [V]
# name 4 = par: PAR/Irradiance, Biospherical/Licor
# name 5 = bat: Beam Attenuation, Chelsea/Seatech [1/m]
# name 6 = xmiss: Beam Transmission, Chelsea/Seatech [%]
# name 7 = flSP: Fluorescence, Seapoint
# name 8 = spar: SPAR, Biospherical/Licor
# name 9 = upoly0: Upoly 0, Suna Nitrate
# name 10 = t190C: Temperature, 2 [ITS-90, deg C]
# name 11 = c1uS/cm: Conductivity, 2 [uS/cm]
# name 12 = sbeox1V: Oxygen raw, SBE 43, 2 [V]
# name 13 = depFM: Depth [fresh water, m], lat = 43.5853
# name 14 = sbeox0Mg/L: Oxygen, SBE 43 [mg/l], WS = 2
# name 15 = specc: Specific Conductance [uS/cm]
# name 16 = sbeox1Mg/L: Oxygen, SBE 43, 2 [mg/l], WS = 2
# name 17 = flag: flag
# span 0 =     -0.007,     56.525       
# span 1 =     7.2658,    19.0554       
# span 2 =   7.916471, 266.560100       
# span 3 =     0.0171,     0.0366       
# span 4 = 1.0000e-12, 2.7928e+00       
# span 5 =     0.1716,     6.4646       
# span 6 =    19.8660,    95.8010       
# span 7 = 9.1575e-02, 5.5275e+00       
# span 8 = 0.0000e+00, 1.9691e+00       
# span 9 =  0.0413330,  0.0625367       
# span 10 =     7.2293,    19.0538      
# span 11 =   3.196231, 267.597856      
# span 12 =     2.0427,     2.7619      
# span 13 =     -0.007,     57.639      
# span 14 =    -2.9536,    -2.1494      
# span 15 =      9.941,    324.515      
# span 16 =     6.9355,    10.4445      
# span 17 = 0.0000e+00, 0.0000e+00      
# interval = seconds: 0.0416667
# start_time = Sep 28 2023 01:07:45 [NMEA time, header]
# bad_flag = -9.990e-29
*END*
      0.124    14.6634 122.330205     0.0232 1.3046e+00     0.1738    95.7488 9.8901e-02 0.0000e+00  0.0417488    14.5290   5.240969     2.5861      0.126    -2.4242    154.197    10.4237 -9.990e-29
      0.118    14.6642 121.524108     0.0305 1.3408e+00     0.1738    95.7488 9.8901e-02 0.0000e+00  0.0413330    14.5288   5.301111     2.5861      0.120    -2.3883    153.178    10.4237 -9.990e-29
      0.114    14.6646 121.239622     0.0269 1.2771e+00     0.1738    95.7488 9.8901e-02 0.0000e+00  0.0417488    14.5295   5.240969     2.5861      0.116    -2.4060    152.817    10.4235 -9.990e-29
      0.112    14.6651 121.239623     0.0269 1.0989e+00     0.1738    95.7488 9.8901e-02 0.0000e+00  0.0413330    14.5290   5.240969     2.5861      0.114    -2.4059    152.816    10.4236 -9.990e-29
      0.111    14.6654 121.287036     0.0293 1.0459e+00     0.1738    95.7488 9.5238e-02 0.0000e+00  0.0413330    14.5297   5.271040     2.5861      0.113    -2.3941    152.874    10.4235 -9.990e-29
      0.108    14.6660 121.192208     0.0220 1.0655e+00     0.1738    95.7488 9.8901e-02 0.0000e+00  0.0417488    14.5295   5.361253     2.5861      0.110    -2.4299    152.752    10.4235 -9.990e-29
      0.107    14.6667 120.729942     0.0330 1.1723e+00     0.1738    95.7488 9.8901e-02 0.0000e+00  0.0413330    14.5298   5.361253     2.5861      0.109    -2.3759    152.167    10.4234 -9.990e-29
      0.105    14.6673 120.054365     0.0195 1.2162e+00     0.1738    95.7488 9.8901e-02 0.0000e+00  0.0413330    14.5302   5.180827     2.5861      0.107    -2.4421    151.313    10.4234 -9.990e-29
      0.103    14.6678 119.461800     0.0342 1.2237e+00     0.1738    95.7488 9.8901e-02 0.0000e+00  0.0413330    14.5303   5.240969     2.5861      0.105    -2.3700    150.564    10.4233 -9.990e-29
      0.101    14.6686 119.011477     0.0183 1.2616e+00     0.1738    95.7488 9.8901e-02 0.0000e+00  0.0417488    14.5311   5.271040     2.5861      0.103    -2.4480    149.994    10.4231 -9.990e-29
      0.100    14.6692 118.845574     0.0354 1.2849e+00     0.1738    95.7488 9.8901e-02 0.0000e+00  0.0413330    14.5306   5.481539     2.5861      0.102    -2.3640    149.782    10.4232 -9.990e-29
      0.101    14.6693 118.620427     0.0183 1.2849e+00     0.1738    95.7488 9.8901e-02 0.0000e+00  0.0413330    14.5312   5.451467     2.5861      0.103    -2.4479    149.498    10.4231 -9.990e-29
      0.101    14.6702 118.312339     0.0342 1.1264e+00     0.1738    95.7488 9.8901e-02 0.0000e+00  0.0413330    14.5311   5.421396     2.5861      0.103    -2.3699    149.107    10.4231 -9.990e-29
      0.098    14.6707 117.838379     0.0208 1.0330e+00     0.1727    95.7749 9.8901e-02 0.0000e+00  0.0417488    14.5315   5.301111     2.5861      0.100    -2.4356    148.507    10.4230 -9.990e-29
      0.097    14.6710 117.388143     0.0317 1.0234e+00     0.1738    95.7488 9.8901e-02 0.0000e+00  0.0413330    14.5322   5.361253     2.5861      0.099    -2.3821    147.939    10.4229 -9.990e-29
      0.096    14.6717 117.198577     0.0256 1.1509e+00     0.1738    95.7488 9.5238e-02 0.0000e+00  0.0413330    14.5327   5.421396     2.5861      0.098    -2.4120    147.697    10.4228 -9.990e-29
      0.095    14.6722 116.949777     0.0281 1.2655e+00     0.1727    95.7749 9.8901e-02 0.0000e+00  0.0417488    14.5325   5.511610     2.5861      0.097    -2.3997    147.382    10.4228 -9.990e-29
      0.095    14.6725 116.878693     0.0281 1.2849e+00     0.1738    95.7488 9.8901e-02 0.0000e+00  0.0413330    14.5330   5.451467     2.5861      0.097    -2.3997    147.291    10.4227 -9.990e-29
      0.095    14.6732 116.606210     0.0232 1.2539e+00     0.1738    95.7488 9.8901e-02 0.0000e+00  0.0413330    14.5336   5.391325     2.5861      0.097    -2.4237    146.945    10.4225 -9.990e-29
      0.094    14.6737 116.191577     0.0317 1.2237e+00     0.1738    95.7488 9.8901e-02 0.0000e+00  0.0413330    14.5342   5.301111     2.5861      0.096    -2.3820    146.421    10.4224 -9.990e-29
      0.093    14.6742 115.658508     0.0195 1.2162e+00     0.1727    95.7749 9.8901e-02 0.0000e+00  0.0413330    14.5347   5.361253     2.5861      0.095    -2.4418    145.747    10.4223 -9.990e-29
      0.093    14.6751 115.161008     0.0342 1.1580e+00     0.1738    95.7488 9.8901e-02 1.9691e+00  0.0413330    14.5352   5.601825     2.5861      0.095    -2.3696    145.117    10.4222 -9.990e-29
      0.093    14.6759 114.758290     0.0171 1.0589e+00     0.1727    95.7749 9.8901e-02 0.0000e+00  0.0413330    14.5354   5.661968     2.5861      0.095    -2.4535    144.607    10.4221 -9.990e-29
      0.093    14.6759 114.592471     0.0354 1.0330e+00     0.1738    95.7488 9.8901e-02 0.0000e+00  0.0413330    14.5357   5.692040     2.5861      0.095    -2.3637    144.398    10.4220 -9.990e-29
      0.092    14.6764 114.545095     0.0183 1.0989e+00     0.1738    95.7488 9.8901e-02 0.0000e+00  0.0417488    14.5357   5.661968     2.5861      0.094    -2.4502    144.336    10.4226 -9.990e-29
      0.091    14.6769 114.438498     0.0354 1.2693e+00     0.1738    95.7488 9.5238e-02 0.0000e+00  0.0413330    14.5366   5.451467     2.5861      0.093    -2.3647    144.200    10.4224 -9.990e-29
      0.089    14.6774 114.106875     0.0208 1.3246e+00     0.1738    95.7488 9.5238e-02 1.9691e+00  0.0413330    14.5371   5.391325     2.5861      0.091    -2.4389    143.781    10.4223 -9.990e-29
      0.090    14.6779 113.502882     0.0330 1.2967e+00     0.1727    95.7749 9.8901e-02 0.0000e+00  0.0413330    14.5373   5.601825     2.5861      0.092    -2.3758    143.018    10.4222 -9.990e-29
      0.090    14.6788 112.934457     0.0244 1.1868e+00     0.1738    95.7488 9.8901e-02 1.9691e+00  0.0413330    14.5386   5.752183     2.5861      0.092    -2.4210    142.298    10.4218 -9.990e-29
      0.089    14.6793 112.626575     0.0293 1.1509e+00     0.1738    95.7488 9.8901e-02 0.0000e+00  0.0413330    14.5384   5.722112     2.5861      0.091    -2.3926    141.908    10.4219 -9.990e-29
      0.088    14.6798 112.709465     0.0281 1.1438e+00     0.1738    95.7488 9.8901e-02 0.0000e+00  0.0413330    14.5390   5.752183     2.5861      0.090    -2.4027    142.011    10.4217 -9.990e-29
      0.088    14.6801 112.898930     0.0256 1.1091e+00     0.1727    95.7749 9.8901e-02 1.9691e+00  0.0413330    14.5396   5.692040     2.5861      0.090    -2.4101    142.249    10.4215 -9.990e-29
      0.089    14.6801 112.993665     0.0305 1.0922e+00     0.1727    95.7749 9.8901e-02 0.0000e+00  0.0413330    14.5398   5.601825     2.5861      0.091    -2.3903    142.368    10.4215 -9.990e-29
      0.091    14.6810 112.591051     0.0208 1.0955e+00     0.1738    95.7488 9.5238e-02 0.0000e+00  0.0413330    14.5405   5.451467     2.5861      0.093    -2.4341    141.858    10.4213 -9.990e-29
      0.091    14.6817 111.774038     0.0330 1.2387e+00     0.1727    95.7749 9.8901e-02 0.0000e+00  0.0413330    14.5406   5.511610     2.5861      0.093    -2.3774    140.826    10.4212 -9.990e-29
      0.092    14.6825 111.146532     0.0183 1.3246e+00     0.1727    95.7749 9.8901e-02 0.0000e+00  0.0413330    14.5413   5.842399     2.5861      0.094    -2.4473    140.032    10.4210 -9.990e-29
      0.092    14.6834 110.791361     0.0354 1.3367e+00     0.1727    95.7749 9.5238e-02 1.9691e+00  0.0417488    14.5420   6.022831     2.5861      0.094    -2.3650    139.582    10.4208 -9.990e-29
      0.091    14.6837 110.933427     0.0171 1.1687e+00     0.1738    95.7488 9.5238e-02 1.9691e+00  0.0413330    14.5418   5.842399     2.5861      0.093    -2.4542    139.760    10.4209 -9.990e-29
      0.091    14.6839 111.099174     0.0354 1.0622e+00     0.1738    95.7488 9.8901e-02 1.9691e+00  0.0413330    14.5423   5.752183     2.5861      0.093    -2.3638    139.968    10.4207 -9.990e-29
      0.091    14.6842 110.921588     0.0195 1.0459e+00     0.1727    95.7749 9.8901e-02 0.0000e+00  0.0413330    14.5434   5.752183     2.5861      0.093    -2.4434    139.743    10.4205 -9.990e-29
      0.090    14.6844 110.459880     0.0330 1.1091e+00     0.1727    95.7749 9.8901e-02 1.9691e+00  0.0413330    14.5440   5.692040     2.5861      0.092    -2.3740    139.161    10.4203 -9.990e-29
      0.090    14.6854 109.619399     0.0220 1.1795e+00     0.1727    95.7749 9.8901e-02 1.9691e+00  0.0413330    14.5442   6.082976     2.5861      0.092    -2.4310    138.098    10.4202 -9.990e-29
      0.090    14.6859 109.110416     0.0305 1.1904e+00     0.1738    95.7488 9.8901e-02 1.9691e+00  0.0413330    14.5446   6.173193     2.5861      0.092    -2.3850    137.455    10.4201 -9.990e-29
      0.091    14.6866 109.252454     0.0256 1.2237e+00     0.1738    95.7488 9.8901e-02 1.9691e+00  0.0413330    14.5451   6.323556     2.5861      0.093    -2.4132    137.632    10.4199 -9.990e-29
      0.092    14.6864 109.548376     0.0269 1.2732e+00     0.1738    95.7488 9.8901e-02 1.9691e+00  0.0413330    14.5457   6.263410     2.5861      0.094    -2.4020    138.005    10.4198 -9.990e-29
      0.093    14.6866 109.607561     0.0293 1.2849e+00     0.1738    95.7488 9.5238e-02 1.9691e+00  0.0413330    14.5459   6.143121     2.5861      0.095    -2.3945    138.079    10.4197 -9.990e-29
      0.094    14.6868 109.654910     0.0220 1.2088e+00     0.1738    95.7488 9.5238e-02 0.0000e+00  0.0413330    14.5461   6.233338     2.5861      0.096    -2.4261    138.138    10.4196 -9.990e-29
      0.096    14.6870 109.098579     0.0317 1.0655e+00     0.1738    95.7488 9.8901e-02 0.0000e+00  0.0413330    14.5468   6.353628     2.5861      0.098    -2.3828    137.437    10.4195 -9.990e-29
      0.099    14.6876 108.625134     0.0183 1.0266e+00     0.1738    95.7488 9.5238e-02 1.9691e+00  0.0413330    14.5474   6.413774     2.5873      0.101    -2.4459    136.838    10.4253 -9.990e-29
      0.104    14.6884 107.997862     0.0342 1.0721e+00     0.1738    95.7488 9.5238e-02 1.9691e+00  0.0413330    14.5476   6.624284     2.5861      0.106    -2.3701    136.045    10.4192 -9.990e-29
      0.109    14.6888 107.358800     0.0171 1.2125e+00     0.1727    95.7749 9.5238e-02 1.9691e+00  0.0413330    14.5488   6.564138     2.5861      0.111    -2.4529    135.239    10.4189 -9.990e-29
      0.113    14.6891 106.281975     0.0342 1.2693e+00     0.1716    95.8010 9.5238e-02 1.9691e+00  0.0413330    14.5485   6.353628     2.5861      0.115    -2.3690    133.881    10.4190 -9.990e-29
      0.114    14.6893 105.997999     0.0195 1.2274e+00     0.1727    95.7749 9.5238e-02 1.9691e+00  0.0417488    14.5489   6.383701     2.5861      0.116    -2.4422    133.523    10.4189 -9.990e-29
      0.113    14.6886 108.636970     0.0342 9.8587e-01     0.1727    95.7749 9.5238e-02 1.9691e+00  0.0417488    14.5486   6.684430     2.5861      0.115    -2.3679    136.850    10.4189 -9.990e-29
      0.111    14.6874 110.803198     0.0220 9.0027e-01     0.1727    95.7749 9.5238e-02 1.9691e+00  0.0413330    14.5478   7.015238     2.5861      0.113    -2.4309    139.583    10.4191 -9.990e-29
      0.109    14.6866 110.601941     0.0317 8.8341e-01     0.1727    95.7749 9.5238e-02 1.9691e+00  0.0417488    14.5481   7.165606     2.5861      0.111    -2.3791    139.332    10.4189 -9.990e-29
      0.105    14.6869 109.998198     0.0244 7.0869e-01     0.1727    95.7749 9.5238e-02 0.0000e+00  0.0413330    14.5495   7.225754     2.5861      0.107    -2.4185    138.570    10.4186 -9.990e-29
      0.098    14.6883 109.240616     0.0281 6.2806e-01     0.1727    95.7749 9.5238e-02 0.0000e+00  0.0413330    14.5501   7.015237     2.5861      0.100    -2.3954    137.611    10.4184 -9.990e-29
      0.093    14.6884 107.619153     0.0281 6.1984e-01     0.1727    95.7749 9.8901e-02 0.0000e+00  0.0413330    14.5503   6.774650     2.5861      0.095    -2.3996    135.568    10.4184 -9.990e-29
      0.092    14.6888 108.009696     0.0232 5.3702e-01     0.1727    95.7749 9.8901e-02 1.9691e+00  0.0417488    14.5501   6.714503     2.5861      0.094    -2.4193    136.059    10.4184 -9.990e-29
      0.092    14.6883 108.033366     0.0317 4.8824e-01     0.1727    95.7749 9.8901e-02 0.0000e+00  0.0417488    14.5508   6.564138     2.5861      0.094    -2.3818    136.090    10.4182 -9.990e-29
      0.093    14.6876 107.299631     0.0208 4.8323e-01     0.1727    95.7749 9.8901e-02 0.0000e+00  0.0413330    14.5510   6.443846     2.5861      0.095    -2.4316    135.168    10.4181 -9.990e-29
      0.095    14.6866 107.074790     0.0342 3.0126e-01     0.1727    95.7749 9.5238e-02 0.0000e+00  0.0413330    14.5508   6.714503     2.5861      0.097    -2.3691    134.888    10.4181 -9.990e-29
      0.097    14.6856 107.027455     0.0183 1.9086e-01     0.1738    95.7488 9.5238e-02 0.0000e+00  0.0413330    14.5510   6.894943     2.5861      0.099    -2.4455    134.832    10.4181 -9.990e-29
      0.103    14.6843 108.660643     0.0354 1.7535e-01     0.1738    95.7488 9.5238e-02 0.0000e+00  0.0413330    14.5510   6.564138     2.5861      0.105    -2.3622    136.894    10.4181 -9.990e-29
      0.110    14.6828 111.182051     0.0183 1.6597e-01     0.1727    95.7749 9.5238e-02 0.0000e+00  0.0413330    14.5508   6.443846     2.5861      0.112    -2.4467    140.076    10.4181 -9.990e-29
      0.117    14.6810 110.755845     0.0354 1.5321e-01     0.1727    95.7749 9.5238e-02 1.9691e+00  0.0413330    14.5506   6.263410     2.5861      0.119    -2.3618    139.545    10.4181 -9.990e-29
      0.124    14.6798 108.696153     0.0208 1.5029e-01     0.1727    95.7749 9.5238e-02 0.0000e+00  0.0417488    14.5503   6.203265     2.5861      0.126    -2.4361    136.954    10.4182 -9.990e-29
      0.127    14.6791 110.625622     0.0330 1.4456e-01     0.1727    95.7749 9.5238e-02 1.9691e+00  0.0413330    14.5500   6.263410     2.5861      0.130    -2.3731    139.388    10.4182 -9.990e-29
      0.127    14.6774 116.618054     0.0244 1.3483e-01     0.1738    95.7488 9.5238e-02 0.0000e+00  0.0413330    14.5489   6.473919     2.5861      0.130    -2.4190    146.945    10.4185 -9.990e-29
      0.129    14.6747 125.768818     0.0293 1.3212e-01     0.1727    95.7749 9.5238e-02 1.9691e+00  0.0413330    14.5468   6.353628     2.5861      0.132    -2.3907    158.486    10.4189 -9.990e-29
      0.131    14.6724 138.919513     0.0269 1.1587e-01     0.1727    95.7749 9.5238e-02 0.0000e+00  0.0413330    14.5466   6.293483     2.5861      0.134    -2.4066    175.068    10.4190 -9.990e-29
      0.131    14.6709 144.848700     0.0244 8.0147e-02     0.1727    95.7749 9.5238e-02 0.0000e+00  0.0413330    14.5464   5.842399     2.5861      0.134    -2.4147    182.547    10.4190 -9.990e-29
      0.129    14.6695 144.777383     0.0305 6.9891e-02     0.1738    95.7488 9.5238e-02 0.0000e+00  0.0413330    14.5456   5.902543     2.5861      0.132    -2.3891    182.463    10.4198 -9.990e-29
      0.128    14.6692 141.818241     0.0208 7.2908e-02     0.1738    95.7488 9.5238e-02 0.0000e+00  0.0413330    14.5446   5.812327     2.5861      0.131    -2.4331    178.735    10.4200 -9.990e-29
      0.126    14.6700 136.686738     0.0330 8.6039e-02     0.1727    95.7749 9.5238e-02 0.0000e+00  0.0413330    14.5451   5.782255     2.5861      0.128    -2.3765    172.264    10.4199 -9.990e-29
      0.126    14.6717 131.831283     0.0183 9.1555e-02     0.1727    95.7749 9.5238e-02 0.0000e+00  0.0413330    14.5457   5.872471     2.5861      0.128    -2.4470    166.138    10.4197 -9.990e-29
      0.125    14.6734 130.490288     0.0342 9.2115e-02     0.1727    95.7749 9.5238e-02 0.0000e+00  0.0413330    14.5451   5.932615     2.5861      0.127    -2.3702    164.441    10.4199 -9.990e-29
      0.122    14.6741 131.807546     0.0171 9.7805e-02     0.1727    95.7749 9.5238e-02 0.0000e+00  0.0413330    14.5447   5.722111     2.5861      0.124    -2.4541    166.098    10.4200 -9.990e-29
      0.116    14.6730 131.570188     0.0354 1.0071e-01     0.1738    95.7488 9.8901e-02 0.0000e+00  0.0413330    14.5442   5.992759     2.5861      0.118    -2.3634    165.804    10.4201 -9.990e-29
