data/05_metadata_exports/SeabirdData/202310_SeabirdData/88847_STN12.cnv
* Sea-Bird SBE 9 Data File:
* FileName = C:\Users\rosette\Rosette Data\2023\Ontario lower food web csmi\STN12.hex
* Software Version Seasave V 7.26.6.26
* Temperature SN = 5270
* Conductivity SN = 1168
* Number of Bytes Per Scan = 40
* Number of Voltage Words = 5
* Number of Scans Averaged by the Deck Unit = 1
* NMEA Latitude = 43 30.20 N
* NMEA Longitude = 079 21.22 W
* NMEA UTC (Time) = Sep 28 2023  03:23:14
* NMEA baud rate = 4800
** Ship: Lake Guardian
** Cruise: Ontario Lower Food Web 2023
** Station:  STN12
# nquan = 18                                
# nvalues = 19036                       
# units = specified
# name 0 = prDM: Pressure, Digiquartz [db]
# name 1 = t090C: Temperature [ITS-90, deg C]
# name 2 = c0uS/cm: Conductivity [uS/cm]
# name 3 = sbeox0V: Oxygen raw, SBE 43 [V]
# name 4 = par: PAR/Irradiance, Biospherical/Licor
# name 5 = bat: Beam Attenuation, Chelsea/Seatech [1/m]
# name 6 = xmiss: Beam Transmission, Chelsea/Seatech [%]
# name 7 = flSP: Fluorescence, Seapoint
# name 8 = spar: SPAR, Biospherical/Licor
# name 9 = upoly0: Upoly 0, Suna Nitrate
# name 10 = t190C: Temperature, 2 [ITS-90, deg C]
# name 11 = c1uS/cm: Conductivity, 2 [uS/cm]
# name 12 = sbeox1V: Oxygen raw, SBE 43, 2 [V]
# name 13 = depFM: Depth [fresh water, m], lat = 43.5033
# name 14 = sbeox0Mg/L: Oxygen, SBE 43 [mg/l], WS = 2
# name 15 = specc: Specific Conductance [uS/cm]
# name 16 = sbeox1Mg/L: Oxygen, SBE 43, 2 [mg/l], WS = 2
# name 17 = flag: flag
# span 0 =     -0.132,    100.457       
# span 1 =     4.1931,    18.1386       
# span 2 =   6.244353, 403.364714       
# span 3 =     0.0000,     0.0366       
# span 4 = 1.0000e-12, 2.8091e+00       
# span 5 =     0.1422,     7.6084       
# span 6 =    14.9256,    96.5068       
# span 7 = 7.3260e-02, 2.6996e+00       
# span 8 = 0.0000e+00, 0.0000e+00       
# span 9 =  0.0409173,  0.0625367       
# span 10 =     4.1933,    18.1383      
# span 11 =   3.677314, 262.514495      
# span 12 =     1.9170,     2.6801      
# span 13 =     -0.135,    102.438      
# span 14 =    -3.3084,    -2.1910      
# span 15 =      7.820,    484.036      
# span 16 =     6.5262,    11.6427      
# span 17 = 0.0000e+00, 0.0000e+00      
# interval = seconds: 0.0416667
# start_time = Sep 28 2023 03:23:14 [NMEA time, header]
# bad_flag = -9.990e-29
*END*
[from data line 18252]
     -0.016    16.7283  17.663428     0.0171 4.9837e-01     2.8482    49.0637 8.0586e-02 0.0000e+00  0.0434118    16.5338  18.596643     2.6020     -0.016    -2.3479     21.163    10.0503 -9.990e-29
     -0.012    16.7264  17.686844     0.0354 3.7229e-01     2.8503    49.0376 8.0586e-02 0.0000e+00  0.0434118    16.5323  18.777183     2.6020     -0.012    -2.2588     21.192    10.0505 -9.990e-29
     -0.008    16.7248  17.780509     0.0171 3.3973e-01     2.8482    49.0637 8.0586e-02 0.0000e+00  0.0434118    16.5299  18.987816     2.6020     -0.008    -2.3448     21.305    10.0510 -9.990e-29
     -0.003    16.7231  17.839050     0.0342 2.0723e-01     2.8503    49.0376 8.0586e-02 0.0000e+00  0.0434118    16.5285  20.372025     2.6020     -0.003    -2.2664     21.376    10.0511 -9.990e-29
      0.001    16.7214  17.885883     0.0208 1.6520e-01     2.8503    49.0376 8.0586e-02 0.0000e+00  0.0434118    16.5275  24.194116     2.6020      0.001    -2.3257     21.433    10.0511 -9.990e-29
      0.005    16.7201  17.862466     0.0293 1.7935e-01     2.8503    49.0376 8.0586e-02 0.0000e+00  0.0434118    16.5263  26.842900     2.6032      0.005    -2.2919     21.405    10.0575 -9.990e-29
      0.007    16.7187  17.663429     0.0256 4.8323e-01     2.8482    49.0637 8.0586e-02 0.0000e+00  0.0434118    16.5261  28.799602     2.6032      0.007    -2.3033     21.168    10.0574 -9.990e-29
      0.006    16.7171  17.546350     0.0244 7.3907e-01     2.8503    49.0376 8.4249e-02 0.0000e+00  0.0434118    16.5259  30.575842     2.6032      0.006    -2.3164     21.028    10.0568 -9.990e-29
      0.003    16.7158  17.347319     0.0305 7.5347e-01     2.8333    49.2467 8.4249e-02 0.0000e+00  0.0434118    16.5254  29.160859     2.6032      0.003    -2.2814     20.790    10.0569 -9.990e-29
     -0.000    16.7137  17.230245     0.0183 3.5768e-01     2.8142    49.4820 8.0586e-02 0.0000e+00  0.0434118    16.5244  24.464999     2.6032     -0.000    -2.3444     20.651    10.0567 -9.990e-29
     -0.003    16.7117  17.113172     0.0342 2.1439e-01     2.8100    49.5342 8.0586e-02 0.0000e+00  0.0434118    16.5241  20.733138     2.6032     -0.003    -2.2648     20.512    10.0568 -9.990e-29
     -0.005    16.7094  17.078051     0.0171 2.0110e-01     2.8100    49.5342 8.0586e-02 0.0000e+00  0.0434118    16.5232  18.085120     2.6032     -0.005    -2.3475     20.471    10.0576 -9.990e-29
     -0.007    16.7072  16.937566     0.0354 6.5759e-01     2.8100    49.5342 8.0586e-02 0.0000e+00  0.0434118    16.5230  16.370104     2.6020     -0.007    -2.2609     20.303    10.0519 -9.990e-29
     -0.009    16.7050  16.960980     0.0195 1.5500e+00     2.8121    49.5081 8.0586e-02 0.0000e+00  0.0434118    16.5217  15.166668     2.6032     -0.009    -2.3343     20.333    10.0585 -9.990e-29
     -0.011    16.7027  16.867325     0.0330 1.7842e+00     2.8121    49.5081 8.4249e-02 0.0000e+00  0.0434118    16.5208  14.414555     2.6020     -0.011    -2.2748     20.221    10.0529 -9.990e-29
     -0.010    16.7010  16.797084     0.0232 1.7163e+00     2.8121    49.5081 8.4249e-02 0.0000e+00  0.0434118    16.5198  13.752717     2.6020     -0.010    -2.3159     20.138    10.0531 -9.990e-29
     -0.009    16.6988  16.726844     0.0281 1.6858e+00     2.8121    49.5081 8.4249e-02 0.0000e+00  0.0434118    16.5187  13.151065     2.6020     -0.009    -2.3000     20.055    10.0534 -9.990e-29
     -0.007    16.6971  16.633192     0.0281 1.6858e+00     2.8121    49.5081 8.0586e-02 0.0000e+00  0.0434118    16.5175  12.639674     2.6020     -0.007    -2.2938     19.943    10.0536 -9.990e-29
     -0.005    16.6949  16.516128     0.0220 1.7369e+00     2.8121    49.5081 8.0586e-02 0.0000e+00  0.0434118    16.5164  12.128296     2.6020     -0.005    -2.3291     19.804    10.0543 -9.990e-29
     -0.003    16.6930  16.516128     0.0317 1.8218e+00     2.8121    49.5081 7.6923e-02 0.0000e+00  0.0434118    16.5148  12.007973     2.6032     -0.003    -2.2781     19.805    10.0609 -9.990e-29
     -0.001    16.6908  16.527834     0.0171 1.8491e+00     2.8121    49.5081 8.0586e-02 0.0000e+00  0.0434118    16.5137  12.038054     2.6020     -0.001    -2.3506     19.820    10.0559 -9.990e-29
      0.002    16.6887  16.562953     0.0342 1.9219e+00     2.8121    49.5081 8.0586e-02 0.0000e+00  0.0434118    16.5125  12.790082     2.6032      0.002    -2.2676     19.863    10.0618 -9.990e-29
      0.005    16.6870  16.621486     0.0171 2.1255e+00     2.8121    49.5081 8.0586e-02 0.0000e+00  0.0434118    16.5111  13.782801     2.6032      0.005    -2.3481     19.934    10.0620 -9.990e-29
      0.009    16.6852  16.680019     0.0342 2.2021e+00     2.8121    49.5081 8.0586e-02 0.0000e+00  0.0434118    16.5098  16.159499     2.6032      0.009    -2.2693     20.005    10.0622 -9.990e-29
      0.011    16.6833  16.715139     0.0208 1.9681e+00     2.8121    49.5081 8.0586e-02 0.0000e+00  0.0434118    16.5088  18.205478     2.6032      0.011    -2.3287     20.048    10.0618 -9.990e-29
      0.013    16.6817  16.656606     0.0317 1.2088e+00     2.8121    49.5081 8.0586e-02 0.0000e+00  0.0434118    16.5078  19.559545     2.6032      0.013    -2.2827     19.979    10.0619 -9.990e-29
      0.013    16.6804  16.609780     0.0256 9.9513e-01     2.8121    49.5081 8.0586e-02 0.0000e+00  0.0434118    16.5070  20.763232     2.6032      0.013    -2.3055     19.923    10.0615 -9.990e-29
      0.010    16.6788  16.539541     0.0256 8.6137e-01     2.8121    49.5081 8.0586e-02 0.0000e+00  0.0434118    16.5060  21.485477     2.6032      0.010    -2.3126     19.840    10.0611 -9.990e-29
      0.006    16.6771  16.387360     0.0305 2.5472e-01     2.8206    49.4035 8.0586e-02 0.0000e+00  0.0434118    16.5053  20.462304     2.6020      0.006    -2.2833     19.658    10.0555 -9.990e-29
      0.001    16.6754  16.211769     0.0195 1.2288e-01     2.8376    49.1944 8.0586e-02 0.0000e+00  0.0434118    16.5049  18.175389     2.6032      0.001    -2.3407     19.448    10.0613 -9.990e-29
     -0.005    16.6733  16.106416     0.0342 1.2288e-01     2.8418    49.1421 8.0586e-02 0.0000e+00  0.0434118    16.5038  15.948895     2.6020     -0.005    -2.2676     19.323    10.0557 -9.990e-29
     -0.009    16.6713  15.977654     0.0171 5.0695e-01     2.8418    49.1421 8.0586e-02 0.0000e+00  0.0434118    16.5029  14.444640     2.6020     -0.009    -2.3505     19.169    10.0564 -9.990e-29
     -0.012    16.6692  15.919126     0.0354 9.7669e-01     2.8418    49.1421 8.0586e-02 0.0000e+00  0.0434118    16.5022  13.391725     2.6020     -0.012    -2.2638     19.100    10.0565 -9.990e-29
     -0.014    16.6668  15.872304     0.0183 1.0459e+00     2.8418    49.1421 8.0586e-02 0.0000e+00  0.0434118    16.5007  12.699838     2.6020     -0.014    -2.3430     19.045    10.0573 -9.990e-29
     -0.016    16.6650  15.696725     0.0342 1.2162e+00     2.8418    49.1421 8.0586e-02 0.0000e+00  0.0434118    16.4987  12.338863     2.6020     -0.016    -2.2717     18.835    10.0583 -9.990e-29
     -0.017    16.6628 403.364714     0.0220 1.3821e+00     2.8418    49.1421 8.0586e-02 0.0000e+00  0.0434118    16.4962  12.068135     2.6032     -0.017    -2.3221    484.036    10.0650 -9.990e-29
     -0.017    16.6605 139.940176     0.0293 1.4117e+00     2.8418    49.1421 8.0586e-02 0.0000e+00  0.0434118    16.4940  11.887652     2.6020     -0.017    -2.2962    167.937    10.0602 -9.990e-29
     -0.016    16.6588  15.088077     0.0269 1.6558e+00     2.8418    49.1421 8.0586e-02 0.0000e+00  0.0434118    16.4911  11.466531     2.6032     -0.016    -2.3025     18.107    10.0661 -9.990e-29
     -0.013    16.6569  15.626494     0.0232 1.9623e+00     2.8418    49.1421 8.0586e-02 0.0000e+00  0.0434118    16.4878  11.255974     2.6020     -0.013    -2.3266     18.754    10.0610 -9.990e-29
     -0.010    16.6552  15.497739     0.0317 2.0333e+00     2.8418    49.1421 8.0586e-02 0.0000e+00  0.0434118    16.4851  10.804787     2.6032     -0.010    -2.2812     18.601    10.0673 -9.990e-29
     -0.007    16.6533  15.579674     0.0183 1.9449e+00     2.8418    49.1421 8.0586e-02 0.0000e+00  0.0434118    16.4818  10.834866     2.6032     -0.007    -2.3489     18.700    10.0680 -9.990e-29
     -0.003    16.6516  15.603084     0.0342 1.8381e+00     2.8418    49.1421 7.6923e-02 0.0000e+00  0.0434118    16.4791  10.895024     2.6032     -0.003    -2.2710     18.729    10.0685 -9.990e-29
     -0.000    16.6497  15.591379     0.0171 1.8110e+00     2.8418    49.1421 8.0586e-02 0.0000e+00  0.0434118    16.4761  10.834866     2.6032     -0.000    -2.3524     18.715    10.0690 -9.990e-29
      0.002    16.6481  15.614790     0.0342 1.9162e+00     2.8418    49.1421 8.0586e-02 0.0000e+00  0.0434118    16.4741  10.864945     2.6032      0.002    -2.2726     18.744    10.0693 -9.990e-29
      0.004    16.6467  15.603084     0.0195 2.1699e+00     2.8418    49.1421 8.0586e-02 0.0000e+00  0.0434118    16.4718  11.075498     2.6032      0.004    -2.3399     18.731    10.0702 -9.990e-29
      0.005    16.6450  15.638200     0.0317 2.2480e+00     2.8418    49.1421 8.0586e-02 0.0000e+00  0.0434118    16.4706  11.045419     2.6032      0.005    -2.2873     18.774    10.0698 -9.990e-29
      0.006    16.6434  15.579675     0.0244 2.2546e+00     2.8418    49.1421 8.0586e-02 0.0000e+00  0.0434118    16.4698  10.864945     2.6020      0.006    -2.3171     18.704    10.0646 -9.990e-29
      0.004    16.6417  15.474330     0.0269 2.2746e+00     2.8418    49.1421 8.0586e-02 0.0000e+00  0.0434118    16.4681  10.473923     2.6020      0.004    -2.3120     18.579    10.0654 -9.990e-29
      0.002    16.6403  15.368987     0.0293 2.2813e+00     2.8397    49.1683 8.4249e-02 0.0000e+00  0.0434118    16.4669  10.112985     2.6020      0.002    -2.2947     18.453    10.0660 -9.990e-29
     -0.000    16.6386  15.205122     0.0220 2.2414e+00     2.8227    49.3774 8.4249e-02 0.0000e+00  0.0434118    16.4655   9.752054     2.6032     -0.000    -2.3351     18.257    10.0720 -9.990e-29
     -0.003    16.6370  15.205122     0.0330 1.9623e+00     2.8164    49.4558 8.0586e-02 0.0000e+00  0.0434118    16.4633   9.541514     2.6020     -0.003    -2.2784     18.257    10.0666 -9.990e-29
     -0.006    16.6350  15.123191     0.0171 1.8546e+00     2.8185    49.4297 8.0586e-02 0.0000e+00  0.0434118    16.4610   9.842286     2.6020     -0.006    -2.3564     18.160    10.0675 -9.990e-29
     -0.008    16.6334  14.994444     0.0354 1.8546e+00     2.8185    49.4297 8.0586e-02 0.0000e+00  0.0434118    16.4585   9.962597     2.6032     -0.008    -2.2681     18.006    10.0737 -9.990e-29
     -0.010    16.6310  14.959331     0.0171 1.8936e+00     2.8185    49.4297 8.0586e-02 0.0000e+00  0.0434118    16.4550   9.992675     2.6032     -0.010    -2.3537     17.965    10.0739 -9.990e-29
     -0.010    16.6292  14.935923     0.0342 1.9105e+00     2.8185    49.4297 8.0586e-02 0.0000e+00  0.0434118    16.4511   9.631746     2.6020     -0.010    -2.2752     17.938    10.0694 -9.990e-29
     -0.009    16.6272  14.889107     0.0208 1.9105e+00     2.8185    49.4297 8.0586e-02 0.0000e+00  0.0434118    16.4468   9.601669     2.6032     -0.009    -2.3350     17.882    10.0760 -9.990e-29
     -0.007    16.6252  14.853995     0.0305 2.0093e+00     2.8185    49.4297 8.0586e-02 0.0000e+00  0.0434118    16.4418   9.571592     2.6020     -0.007    -2.2950     17.841    10.0707 -9.990e-29
     -0.006    16.6234  14.865699     0.0256 2.0820e+00     2.8164    49.4558 8.0586e-02 0.0000e+00  0.0434118    16.4384   9.391130     2.6032     -0.006    -2.3125     17.856    10.0766 -9.990e-29
     -0.004    16.6218  14.842291     0.0256 2.0943e+00     2.8185    49.4297 8.0586e-02 0.0000e+00  0.0434118    16.4346   9.361053     2.6032     -0.004    -2.3189     17.828    10.0769 -9.990e-29
     -0.003    16.6198  14.783771     0.0293 1.9623e+00     2.8164    49.4558 8.0586e-02 0.0000e+00  0.0434118    16.4320   9.361053     2.6032     -0.003    -2.2955     17.759    10.0768 -9.990e-29
     -0.002    16.6182  14.760364     0.0195 1.8546e+00     2.8164    49.4558 8.0586e-02 0.0000e+00  0.0434118    16.4297   9.150517     2.6032     -0.002    -2.3466     17.731    10.0772 -9.990e-29
     -0.003    16.6164  14.725252     0.0330 1.8327e+00     2.8164    49.4558 8.0586e-02 0.0000e+00  0.0434118    16.4268   9.180594     2.6020     -0.003    -2.2788     17.690    10.0720 -9.990e-29
     -0.005    16.6147  14.748660     0.0159 1.0491e+00     2.8164    49.4558 8.0586e-02 0.0000e+00  0.0434118    16.4251   8.939983     2.6020     -0.005    -2.3615     17.719    10.0728 -9.990e-29
     -0.006    16.6130  14.690141     0.0342 5.0179e-01     2.8164    49.4558 8.0586e-02 0.0000e+00  0.0434118    16.4232   8.729451     2.6032     -0.006    -2.2744     17.649    10.0789 -9.990e-29
     -0.007    16.6115  14.666733     0.0171 4.2190e-01     2.8164    49.4558 8.0586e-02 0.0000e+00  0.0434118    16.4218   8.609147     2.6032     -0.007    -2.3534     17.622    10.0791 -9.990e-29
     -0.008    16.6095  14.655030     0.0330 3.7908e-01     2.8164    49.4558 8.0586e-02 0.0000e+00  0.0434118    16.4199   8.579072     2.6032     -0.008    -2.2818     17.609    10.0794 -9.990e-29
     -0.009    16.6079  14.655030     0.0220 3.0241e-01     2.8185    49.4297 8.0586e-02 0.0000e+00  0.0434118    16.4175   8.669299     2.6032     -0.009    -2.3293     17.609    10.0804 -9.990e-29
     -0.010    16.6065  14.596512     0.0293 2.8328e-01     2.8164    49.4558 8.0586e-02 0.0000e+00  0.0434118    16.4151   8.789603     2.6032     -0.010    -2.3004     17.539    10.0808 -9.990e-29
     -0.013    16.6050  14.537994     0.0256 3.5899e-01     2.8164    49.4558 8.0586e-02 0.0000e+00  0.0434118    16.4118   8.849755     2.6032     -0.013    -2.3122     17.470    10.0815 -9.990e-29
     -0.017    16.6031  14.479476     0.0232 6.7719e-01     2.8227    49.3774 8.0586e-02 0.0000e+00  0.0434118    16.4093   8.639223     2.6020     -0.017    -2.3295     17.400    10.0762 -9.990e-29
     -0.020    16.6016  14.432662     0.0305 8.2923e-01     2.8227    49.3774 8.0586e-02 0.0000e+00  0.0434118    16.4055   8.488845     2.6032     -0.020    -2.2899     17.345    10.0829 -9.990e-29
     -0.020    16.6001  14.385849     0.0183 8.8341e-01     2.8206    49.4035 8.0586e-02 0.0000e+00  0.0434118    16.4016   8.368544     2.6032     -0.020    -2.3514     17.289    10.0832 -9.990e-29
     -0.020    16.5982  14.303926     0.0342 1.2387e+00     2.8206    49.4035 8.0586e-02 0.0000e+00  0.0434118    16.3971   8.428695     2.6032     -0.020    -2.2732     17.191    10.0837 -9.990e-29
     -0.019    16.5965  14.280519     0.0159 1.4203e+00     2.8206    49.4035 8.0586e-02 0.0000e+00  0.0434118    16.3933   8.699375     2.6020     -0.019    -2.3601     17.164    10.0782 -9.990e-29
     -0.018    16.5951  14.327332     0.0342 1.4375e+00     2.8227    49.3774 8.0586e-02 0.0000e+00  0.0434118    16.3899   8.939984     2.6020     -0.018    -2.2739     17.221    10.0789 -9.990e-29
     -0.015    16.5936  14.432663     0.0183 1.5973e+00     2.8227    49.3774 8.4249e-02 0.0000e+00  0.0434118    16.3870   9.000136     2.6032     -0.015    -2.3463     17.348    10.0854 -9.990e-29
     -0.012    16.5922  14.467773     0.0330 1.6858e+00     2.8227    49.3774 8.0586e-02 0.0000e+00  0.0434118    16.3848   8.939984     2.6020     -0.012    -2.2811     17.391    10.0795 -9.990e-29
     -0.010    16.5907  14.573105     0.0232 1.6959e+00     2.8206    49.4035 8.0586e-02 0.0000e+00  0.0434118    16.3827   8.759528     2.6020     -0.010    -2.3221     17.518    10.0806 -9.990e-29
     -0.010    16.5897  14.549698     0.0281 1.8657e+00     2.8227    49.3774 8.0586e-02 0.0000e+00  0.0434118    16.3808   8.609148     2.6032     -0.010    -2.3049     17.490    10.0873 -9.990e-29
