data/05_metadata_exports/SeabirdData/202310_SeabirdData/88840_STN9.cnv
* Sea-Bird SBE 9 Data File:
* FileName = C:\Users\rosette\Rosette Data\2023\Ontario lower food web csmi\STN9.hex
* Software Version Seasave V 7.26.6.26
* Temperature SN = 5270
* Conductivity SN = 1168
* Number of Bytes Per Scan = 40
* Number of Voltage Words = 5
* Number of Scans Averaged by the Deck Unit = 1
* NMEA Latitude = 43 35.12 N
* NMEA Longitude = 079 23.77 W
* NMEA UTC (Time) = Sep 28 2023  01:07:45
* NMEA baud rate = 4800
** Ship: Lake Guardian
** Cruise: Ontario Lower Food Web 2023
** Station:  STN9
# nquan = 18                                
# nvalues = 11692                       
# units = specified
# name 0 = prDM: Pressure, Digiquartz [db]
# name 1 = t090C: Temperature [ITS-90, deg C]
# name 2 = c0uS/cm: Conductivity [uS/cm]
# name 3 = sbeox0V: Oxygen raw, SBE 43 [V]
# name 4 = par: PAR/Irradiance, Biospherical/Licor
# name 5 = bat: Beam Attenuation, Chelsea/Seatech [1/m]
# name 6 = xmiss: Beam Transmission, Chelsea/Seatech [%]
# name 7 = flSP: Fluorescence, Seapoint
# name 8 = spar: SPAR, Biospherical/Licor
# name 9 = upoly0: Upoly 0, Suna Nitrate
# name 10 = t190C: Temperature, 2 [ITS-90, deg C]
# name 11 = c1uS/cm: Conductivity, 2 [uS/cm]
# name 12 = sbeox1V: Oxygen raw, SBE 43, 2 [V]
# name 13 = depFM: Depth [fresh water, m], lat = 43.5853
# name 14 = sbeox0Mg/L: Oxygen, SBE 43 [mg/l], WS = 2
# name 15 = specc: Specific Conductance [uS/cm]
# name 16 = sbeox1Mg/L: Oxygen, SBE 43, 2 [mg/l], WS = 2
# name 17 = flag: flag
# span 0 =     -0.007,     56.525       
# span 1 =     7.2658,    19.0554       
# span 2 =   7.916471, 266.560100       
# span 3 =     0.0171,     0.0366       
# span 4 = 1.0000e-12, 2.7928e+00       
# span 5 =     0.1716,     6.4646       
# span 6 =    19.8660,    95.8010       
# span 7 = 9.1575e-02, 5.5275e+00       
# span 8 = 0.0000e+00, 1.9691e+00       
# span 9 =  0.0413330,  0.0625367       
# span 10 =     7.2293,    19.0538      
# span 11 =   3.196231, 267.597856      
# span 12 =     2.0427,     2.7619      
# span 13 =     -0.007,     57.639      
# span 14 =    -2.9536,    -2.1494      
# span 15 =      9.941,    324.515      
# span 16 =     6.9355,    10.4445      
# span 17 = 0.0000e+00, 0.0000e+00      
# interval = seconds: 0.0416667
# start_time = Sep 28 2023 01:07:45 [NMEA time, header]
# bad_flag = -9.990e-29
*END*
[from data line 7719]
     56.356     7.3058 203.894204     0.0220 1.0000e-12     0.3834    90.8607 3.6996e-01 0.0000e+00  0.0558845     7.2896 205.166712     2.1526     57.467    -2.9306    315.552     9.8645 -9.990e-29
     56.359     7.3014 203.870270     0.0317 1.0000e-12     0.3845    90.8345 3.6630e-01 0.0000e+00  0.0563003     7.2987 205.439911     2.1526     57.470    -2.8656    315.558     9.8604 -9.990e-29
     56.361     7.2948 203.882244     0.0244 1.0000e-12     0.3822    90.8868 3.6996e-01 0.0000e+00  0.0558845     7.3687 205.713073     2.1526     57.472    -2.9195    315.641     9.8417 -9.990e-29
     56.362     7.2891 203.822405     0.0281 1.0000e-12     0.3834    90.8607 3.6630e-01 0.0000e+00  0.0558845     7.4133 205.986254     2.1526     57.473    -2.8873    315.604     9.8296 -9.990e-29
     56.362     7.2835 203.762567     0.0281 1.0000e-12     0.3834    90.8607 3.5531e-01 0.0000e+00  0.0558845     7.4645 206.229077     2.1526     57.473    -2.8980    315.566     9.8159 -9.990e-29
     56.364     7.2785 203.822412     0.0244 1.0000e-12     0.3834    90.8607 3.5165e-01 0.0000e+00  0.0563003     7.5268 206.502254     2.1526     57.475    -2.9104    315.708     9.8005 -9.990e-29
     56.365     7.2759 203.810446     0.0305 1.0000e-12     0.3834    90.8607 3.5531e-01 0.0000e+00  0.0558845     7.5739 206.684371     2.1526     57.476    -2.8840    315.715     9.7890 -9.990e-29
     56.365     7.2770 203.822413     0.0208 1.0000e-12     0.3834    90.8607 3.6264e-01 0.0000e+00  0.0558845     7.5780 206.623651     2.1526     57.476    -2.9333    315.722     9.7887 -9.990e-29
     56.365     7.2772 203.834381     0.0330 1.0000e-12     0.3834    90.8607 3.9560e-01 0.0000e+00  0.0554688     7.5476 206.471882     2.1526     57.476    -2.8678    315.739     9.7972 -9.990e-29
     56.366     7.2774 203.858318     0.0183 1.0000e-12     0.3834    90.8607 4.5788e-01 0.0000e+00  0.0558845     7.5060 206.532626     2.1514     57.477    -2.9506    315.774     9.8015 -9.990e-29
     56.369     7.2791 203.882253     0.0354 1.0000e-12     0.3834    90.8607 4.8352e-01 0.0000e+00  0.0558845     7.5266 206.745117     2.1514     57.480    -2.8523    315.794     9.7982 -9.990e-29
     56.371     7.2814 203.798474     0.0183 1.0000e-12     0.3822    90.8868 4.8718e-01 0.0000e+00  0.0554688     7.5691 206.866523     2.1514     57.482    -2.9526    315.642     9.7883 -9.990e-29
     56.372     7.2839 203.846346     0.0354 1.0000e-12     0.3799    90.9391 4.7253e-01 0.0000e+00  0.0554688     7.6014 206.927218     2.1514     57.483    -2.8488    315.692     9.7820 -9.990e-29
     56.372     7.2857 203.882249     0.0195 1.0000e-12     0.3788    90.9652 4.4689e-01 0.0000e+00  0.0558845     7.6261 206.714693     2.1514     57.483    -2.9465    315.730     9.7778 -9.990e-29
     56.372     7.2875 203.918153     0.0342 1.0000e-12     0.3788    90.9652 4.1758e-01 0.0000e+00  0.0558845     7.6143 206.593269     2.1514     57.483    -2.8532    315.768     9.7820 -9.990e-29
     56.372     7.2890 203.882248     0.0220 1.0000e-12     0.3788    90.9652 4.1758e-01 0.0000e+00  0.0558845     7.5356 206.411176     2.1514     57.483    -2.9327    315.698     9.8043 -9.990e-29
     56.372     7.2891 203.834373     0.0305 1.0000e-12     0.3788    90.9652 4.2125e-01 0.0000e+00  0.0554688     7.4744 206.411216     2.1502     57.483    -2.8735    315.623     9.8151 -9.990e-29
     56.371     7.2886 203.834374     0.0256 1.0000e-12     0.3788    90.9652 4.1392e-01 0.0000e+00  0.0558845     7.5195 206.441544     2.1502     57.482    -2.9118    315.627     9.8057 -9.990e-29
     56.369     7.2880 203.810437     0.0269 1.0000e-12     0.3788    90.9652 4.1026e-01 0.0000e+00  0.0563003     7.5679 206.654016     2.1502     57.480    -2.8942    315.596     9.7956 -9.990e-29
     56.368     7.2883 203.810437     0.0293 1.0000e-12     0.3788    90.9652 4.3590e-01 0.0000e+00  0.0563003     7.6095 206.775420     2.1502     57.479    -2.8902    315.593     9.7873 -9.990e-29
     56.367     7.2890 203.822406     0.0232 1.0000e-12     0.3788    90.9652 4.6154e-01 0.0000e+00  0.0558845     7.6405 207.018267     2.1502     57.478    -2.9163    315.605     9.7827 -9.990e-29
     56.365     7.2896 203.858309     0.0317 1.0000e-12     0.3788    90.9652 4.4689e-01 0.0000e+00  0.0558845     7.6626 206.896817     2.1502     57.476    -2.8744    315.655     9.7795 -9.990e-29
     56.363     7.2892 203.870278     0.0208 1.0000e-12     0.3788    90.9652 4.1758e-01 0.0000e+00  0.0558845     7.6513 206.805750     2.1502     57.474    -2.9327    315.677     9.7857 -9.990e-29
     56.361     7.2862 203.822408     0.0342 1.0000e-12     0.3788    90.9652 3.8462e-01 0.0000e+00  0.0558845     7.6141 206.745060     2.1502     57.472    -2.8584    315.632     9.7977 -9.990e-29
     56.359     7.2815 203.822408     0.0183 1.0000e-12     0.3788    90.9652 3.6630e-01 0.0000e+00  0.0558845     7.6040 206.836139     2.1502     57.470    -2.9494    315.678     9.8026 -9.990e-29
     56.358     7.2750 203.858320     0.0354 1.0000e-12     0.3788    90.9652 3.8095e-01 0.0000e+00  0.0563003     7.6201 206.987922     2.1502     57.469    -2.8489    315.798     9.8008 -9.990e-29
     56.356     7.2692 203.822418     0.0183 1.0000e-12     0.3788    90.9652 4.0293e-01 0.0000e+00  0.0558845     7.6219 207.200430     2.1514     57.467    -2.9516    315.799     9.8097 -9.990e-29
     56.353     7.2658 203.738642     0.0354 1.0000e-12     0.3788    90.9652 4.0293e-01 0.0000e+00  0.0558845     7.6162 207.018282     2.1514     57.464    -2.8472    315.702     9.8134 -9.990e-29
     56.352     7.2658 203.822419     0.0208 1.0000e-12     0.3788    90.9652 3.9560e-01 0.0000e+00  0.0563003     7.6030 206.896856     2.1514     57.463    -2.9383    315.832     9.8190 -9.990e-29
     56.351     7.2679 203.834389     0.0330 1.0000e-12     0.3776    90.9914 3.9927e-01 0.0000e+00  0.0558845     7.5933 206.927224     2.1514     57.462    -2.8589    315.830     9.8237 -9.990e-29
     56.349     7.2717 203.906193     0.0232 1.0000e-12     0.3799    90.9391 4.0659e-01 0.0000e+00  0.0558845     7.6246 207.170067     2.1514     57.460    -2.9249    315.904     9.8177 -9.990e-29
     56.347     7.2746 203.894226     0.0293 1.0000e-12     0.3811    90.9130 4.1026e-01 0.0000e+00  0.0558845     7.6382 206.896835     2.1514     57.458    -2.8797    315.857     9.8162 -9.990e-29
     56.346     7.2772 203.894223     0.0269 1.0000e-12     0.3868    90.7823 4.6520e-01 0.0000e+00  0.0558845     7.6219 206.805770     2.1514     57.457    -2.9039    315.832     9.8225 -9.990e-29
     56.343     7.2811 203.894220     0.0256 1.0000e-12     0.3891    90.7300 5.2747e-01 0.0000e+00  0.0558845     7.5788 206.684366     2.1514     57.454    -2.9014    315.793     9.8356 -9.990e-29
     56.340     7.2874 203.966026     0.0293 1.0000e-12     0.3880    90.7561 5.0916e-01 0.0000e+00  0.0558845     7.5439 206.471883     2.1526     57.451    -2.8885    315.843     9.8518 -9.990e-29
     56.339     7.2925 203.894213     0.0220 1.0000e-12     0.3880    90.7561 4.5421e-01 0.0000e+00  0.0554688     7.5183 206.259399     2.1514     57.450    -2.9216    315.682     9.8512 -9.990e-29
     56.338     7.2932 203.906181     0.0330 1.0000e-12     0.3880    90.7561 4.0659e-01 0.0000e+00  0.0554688     7.4938 206.137986     2.1526     57.449    -2.8642    315.694     9.8656 -9.990e-29
     56.336     7.2901 203.882246     0.0195 1.0000e-12     0.3868    90.7823 3.6996e-01 0.0000e+00  0.0558845     7.4877 206.168347     2.1526     57.447    -2.9382    315.687     9.8670 -9.990e-29
     56.333     7.2860 203.798470     0.0342 1.0000e-12     0.3880    90.7561 3.5165e-01 0.0000e+00  0.0558845     7.4958 206.198699     2.1514     57.444    -2.8556    315.597     9.8584 -9.990e-29
     56.329     7.2815 203.774535     0.0183 1.0000e-12     0.3880    90.7561 3.4432e-01 0.0000e+00  0.0558845     7.5028 206.198693     2.1526     57.440    -2.9476    315.604     9.8635 -9.990e-29
     56.326     7.2783 203.798475     0.0354 1.0000e-12     0.3880    90.7561 3.4066e-01 0.0000e+00  0.0558845     7.4955 206.289772     2.1526     57.437    -2.8471    315.673     9.8650 -9.990e-29
     56.324     7.2765 203.738634     0.0195 1.0000e-12     0.3880    90.7561 3.3333e-01 0.0000e+00  0.0554688     7.4891 206.137988     2.1526     57.434    -2.9443    315.597     9.8653 -9.990e-29
     56.321     7.2775 203.846349     0.0342 1.0000e-12     0.3880    90.7561 3.5165e-01 0.0000e+00  0.0554688     7.4815 206.077280     2.1526     57.431    -2.8530    315.755     9.8657 -9.990e-29
     56.319     7.2769 203.846348     0.0208 1.0000e-12     0.3880    90.7561 3.6264e-01 0.0000e+00  0.0554688     7.4888 206.168345     2.1526     57.429    -2.9390    315.760     9.8622 -9.990e-29
     56.317     7.2750 203.834382     0.0317 1.0000e-12     0.3880    90.7561 3.5531e-01 0.0000e+00  0.0558845     7.4940 206.198700     2.1538     57.427    -2.8667    315.760     9.8664 -9.990e-29
     56.314     7.2747 203.858318     0.0244 1.0000e-12     0.3880    90.7561 3.3700e-01 0.0000e+00  0.0558845     7.5029 206.259408     2.1526     57.424    -2.9193    315.800     9.8551 -9.990e-29
     56.312     7.2770 203.822411     0.0281 1.0000e-12     0.3880    90.7561 3.2601e-01 0.0000e+00  0.0563003     7.5093 206.289761     2.1538     57.422    -2.8883    315.722     9.8588 -9.990e-29
     56.311     7.2785 203.870285     0.0281 1.0000e-12     0.3880    90.7561 3.2601e-01 0.0000e+00  0.0567161     7.5093 206.380835     2.1538     57.421    -2.8975    315.782     9.8569 -9.990e-29
     56.309     7.2780 203.870284     0.0244 1.0000e-12     0.3880    90.7561 3.2967e-01 0.0000e+00  0.0563003     7.5114 206.350475     2.1538     57.419    -2.9096    315.787     9.8543 -9.990e-29
     56.307     7.2770 203.822411     0.0317 1.0000e-12     0.3880    90.7561 3.3333e-01 0.0000e+00  0.0554688     7.5075 206.411193     2.1538     57.417    -2.8759    315.722     9.8533 -9.990e-29
     56.305     7.2766 203.870286     0.0208 1.0000e-12     0.3880    90.7561 3.4066e-01 0.0000e+00  0.0558845     7.5081 206.380836     2.1538     57.415    -2.9325    315.800     9.8510 -9.990e-29
     56.303     7.2773 203.846348     0.0342 1.0000e-12     0.3880    90.7561 3.4066e-01 0.0000e+00  0.0563003     7.5133 206.350473     2.1538     57.413    -2.8599    315.756     9.8484 -9.990e-29
     56.300     7.2782 203.858316     0.0195 1.0000e-12     0.3880    90.7561 3.3333e-01 0.0000e+00  0.0563003     7.5141 206.350473     2.1538     57.410    -2.9416    315.766     9.8469 -9.990e-29
     56.297     7.2789 203.882252     0.0354 1.0000e-12     0.3880    90.7561 3.2601e-01 0.0000e+00  0.0558845     7.5020 206.289766     2.1538     57.407    -2.8496    315.796     9.8487 -9.990e-29
     56.295     7.2807 203.966030     0.0183 1.0000e-12     0.3880    90.7561 3.2601e-01 0.0000e+00  0.0554688     7.5115 206.380832     2.1538     57.405    -2.9499    315.909     9.8449 -9.990e-29
     56.294     7.2838 203.954060     0.0354 1.0000e-12     0.3880    90.7561 3.4066e-01 0.0000e+00  0.0554688     7.5276 206.441537     2.1538     57.404    -2.8470    315.860     9.8384 -9.990e-29
     56.293     7.2890 203.977993     0.0195 1.0000e-12     0.3880    90.7561 3.4799e-01 0.0000e+00  0.0558845     7.5343 206.532605     2.1538     57.403    -2.9445    315.846     9.8353 -9.990e-29
     56.292     7.2952 203.954052     0.0342 1.0000e-12     0.3880    90.7561 3.4799e-01 0.0000e+00  0.0558845     7.5328 206.471891     2.1538     57.402    -2.8510    315.748     9.8342 -9.990e-29
     56.291     7.3021 203.977985     0.0232 1.0000e-12     0.3880    90.7561 3.4799e-01 0.0000e+00  0.0558845     7.5297 206.320105     2.1526     57.401    -2.9230    315.718     9.8264 -9.990e-29
     56.291     7.3043 203.954046     0.0317 1.0000e-12     0.3880    90.7561 3.5165e-01 0.0000e+00  0.0558845     7.5348 206.320101     2.1526     57.401    -2.8647    315.659     9.8246 -9.990e-29
     56.290     7.3015 203.930111     0.0256 1.0000e-12     0.3868    90.7823 3.6630e-01 0.0000e+00  0.0558845     7.5262 206.350465     2.1538     57.400    -2.9103    315.650     9.8325 -9.990e-29
     56.289     7.3001 203.882238     0.0269 1.0000e-12     0.3880    90.7561 3.9194e-01 0.0000e+00  0.0563003     7.4992 206.168338     2.1526     57.399    -2.8930    315.589     9.8317 -9.990e-29
     56.289     7.2966 203.822398     0.0293 1.0000e-12     0.3880    90.7561 4.0293e-01 0.0000e+00  0.0558845     7.4536 206.138012     2.1538     57.399    -2.8885    315.531     9.8502 -9.990e-29
     56.288     7.2905 203.810434     0.0232 1.0000e-12     0.3868    90.7823 3.9927e-01 0.0000e+00  0.0558845     7.3971 206.229121     2.1526     57.398    -2.9163    315.572     9.8560 -9.990e-29
     56.287     7.2843 203.846343     0.0317 1.0000e-12     0.3880    90.7561 3.8462e-01 0.0000e+00  0.0554688     7.4060 206.320188     2.1526     57.397    -2.8742    315.688     9.8531 -9.990e-29
     56.285     7.2815 203.798472     0.0195 1.0000e-12     0.3880    90.7561 3.8095e-01 0.0000e+00  0.0558845     7.4544 206.471943     2.1526     57.395    -2.9397    315.641     9.8400 -9.990e-29
     56.284     7.2815 203.810440     0.0342 1.0000e-12     0.3868    90.7823 3.7363e-01 0.0000e+00  0.0558845     7.5690 206.987954     2.1526     57.394    -2.8569    315.660     9.8109 -9.990e-29
     56.282     7.2827 203.870280     0.0183 1.0000e-12     0.3868    90.7823 3.5531e-01 0.0000e+00  0.0554688     7.6786 207.503979     2.1526     57.392    -2.9485    315.741     9.7832 -9.990e-29
     56.283     7.2833 204.109652     0.0354 1.0000e-12     0.3880    90.7561 3.3700e-01 0.0000e+00  0.0558845     7.7350 207.837895     2.1526     57.393    -2.8487    316.106     9.7691 -9.990e-29
     56.284     7.3334 205.055201     0.0183 1.0000e-12     0.3868    90.7823 3.2234e-01 0.0000e+00  0.0558845     7.7233 207.928982     2.1526     57.394    -2.9472    317.078     9.7734 -9.990e-29
     56.285     7.4587 206.108545     0.0342 1.0000e-12     0.3880    90.7561 3.2234e-01 0.0000e+00  0.0558845     7.7046 207.807556     2.1526     57.395    -2.8405    317.476     9.7784 -9.990e-29
     56.285     7.5629 206.623265     0.0208 1.0000e-12     0.3880    90.7561 3.0769e-01 0.0000e+00  0.0554688     7.6940 207.503970     2.1526     57.395    -2.9171    317.250     9.7824 -9.990e-29
     56.285     7.6547 206.862650     0.0330 1.0000e-12     0.3857    90.8084 3.0037e-01 0.0000e+00  0.0554688     7.6542 207.443278     2.1526     57.395    -2.8326    316.725     9.7949 -9.990e-29
     56.284     7.7448 206.946398     0.0232 1.0000e-12     0.3822    90.8868 3.0037e-01 0.0000e+00  0.0558845     7.6600 207.625430     2.1526     57.394    -2.8923    315.981     9.7956 -9.990e-29
     56.284     7.7720 206.814680     0.0293 1.0000e-12     0.3822    90.8868 3.0403e-01 0.0000e+00  0.0558845     7.6995 207.868278     2.1526     57.394    -2.8452    315.518     9.7877 -9.990e-29
     56.284     7.7914 206.694946     0.0269 1.0000e-12     0.3822    90.8868 3.1136e-01 0.0000e+00  0.0558845     7.7649 207.837876     2.1526     57.394    -2.8677    315.148     9.7731 -9.990e-29
     56.284     7.7845 206.527338     0.0256 1.0000e-12     0.3834    90.8607 3.2601e-01 0.0000e+00  0.0558845     7.8016 207.503896     2.1526     57.394    -2.8664    314.959     9.7659 -9.990e-29
     56.285     7.7800 206.419594     0.0305 1.0000e-12     0.3822    90.8868 3.5897e-01 0.0000e+00  0.0558845     7.7909 207.594982     2.1526     57.395    -2.8463    314.838     9.7707 -9.990e-29
     56.285     7.7965 206.216063     0.0220 1.0000e-12     0.3834    90.8607 4.2491e-01 0.0000e+00  0.0558845     7.7894 207.746780     2.1526     57.395    -2.8871    314.369     9.7731 -9.990e-29
