data/05_metadata_exports/SeabirdData/202310_SeabirdData/88840_STN9.cnv
* Sea-Bird SBE 9 Data File:
* FileName = C:\Users\rosette\Rosette Data\2023\Ontario lower food web csmi\STN9.hex
* Software Version Seasave V 7.26.6.26
* Temperature SN = 5270
* Conductivity SN = 1168
* Number of Bytes Per Scan = 40
* Number of Voltage Words = 5
* Number of Scans Averaged by the Deck Unit = 1
* NMEA Latitude = 43 35.12 N
* NMEA Longitude = 079 23.77 W
* NMEA UTC (Time) = Sep 28 2023  01:07:45
* NMEA baud rate = 4800
** Ship: Lake Guardian
** Cruise: Ontario Lower Food Web 2023
** Station:  STN9
# nquan = 18                                
# nvalues = 11692                       
# units = specified
# name 0 = prDM: Pressure, Digiquartz [db]
# name 1 = t090C: Temperature [ITS-90, deg C]
# name 2 = c0uS/cm: Conductivity [uS/cm]
# name 3 = sbeox0V: Oxygen raw, SBE 43 [V]
# name 4 = par: PAR/Irradiance, Biospherical/Licor
# name 5 = bat: Beam Attenuation, Chelsea/Seatech [1/m]
# name 6 = xmiss: Beam Transmission, Chelsea/Seatech [%]
# name 7 = flSP: Fluorescence, Seapoint
# name 8 = spar: SPAR, Biospherical/Licor
# name 9 = upoly0: Upoly 0, Suna Nitrate
# name 10 = t190C: Temperature, 2 [ITS-90, deg C]
# name 11 = c1uS/cm: Conductivity, 2 [uS/cm]
# name 12 = sbeox1V: Oxygen raw, SBE 43, 2 [V]
# name 13 = depFM: Depth [fresh water, m], lat = 43.5853
# name 14 = sbeox0Mg/L: Oxygen, SBE 43 [mg/l], WS = 2
# name 15 = specc: Specific Conductance [uS/cm]
# name 16 = sbeox1Mg/L: Oxygen, SBE 43, 2 [mg/l], WS = 2
# name 17 = flag: flag
# span 0 =     -0.007,     56.525       
# span 1 =     7.2658,    19.0554       
# span 2 =   7.916471, 266.560100       
# span 3 =     0.0171,     0.0366       
# span 4 = 1.0000e-12, 2.7928e+00       
# span 5 =     0.1716,     6.4646       
# span 6 =    19.8660,    95.8010       
# span 7 = 9.1575e-02, 5.5275e+00       
# span 8 = 0.0000e+00, 1.9691e+00       
# span 9 =  0.0413330,  0.0625367       
# span 10 =     7.2293,    19.0538      
# span 11 =   3.196231, 267.597856      
# span 12 =     2.0427,     2.7619      
# span 13 =     -0.007,     57.639      
# span 14 =    -2.9536,    -2.1494      
# span 15 =      9.941,    324.515      
# span 16 =     6.9355,    10.4445      
# span 17 = 0.0000e+00, 0.0000e+00      
# interval = seconds: 0.0416667
# start_time = Sep 28 2023 01:07:45 [NMEA time, header]
# bad_flag = -9.990e-29
*END*
[from data line 3458]
      1.621    19.0353 265.642970     0.0330 1.0000e-12     0.9221    79.4116 6.9231e-01 0.0000e+00  0.0554688    19.0336 266.774702     2.5079      1.653    -2.1679    301.594     9.0944 -9.990e-29
      1.610    19.0352 265.606811     0.0195 1.0000e-12     0.9234    79.3855 6.6300e-01 0.0000e+00  0.0554688    19.0332 266.774702     2.5079      1.642    -2.2247    301.553     9.0939 -9.990e-29
      1.599    19.0353 265.630917     0.0342 1.0000e-12     0.9234    79.3855 6.8132e-01 0.0000e+00  0.0558845    19.0335 266.652936     2.5079      1.631    -2.1610    301.580     9.0937 -9.990e-29
      1.588    19.0350 265.618863     0.0183 1.0000e-12     0.9234    79.3855 6.8864e-01 0.0000e+00  0.0558845    19.0334 266.805143     2.5079      1.619    -2.2309    301.568     9.0936 -9.990e-29
      1.578    19.0352 265.582706     0.0354 1.0000e-12     0.9234    79.3855 6.8498e-01 0.0000e+00  0.0558845    19.0336 266.774702     2.5079      1.609    -2.1544    301.526     9.0935 -9.990e-29
      1.568    19.0350 265.655022     0.0195 1.0000e-12     0.9234    79.3855 7.1429e-01 0.0000e+00  0.0554688    19.0334 266.652935     2.5079      1.599    -2.2259    301.609     9.0935 -9.990e-29
      1.557    19.0350 265.630916     0.0354 1.0000e-12     0.9234    79.3855 8.0586e-01 0.0000e+00  0.0554688    19.0333 266.713818     2.5079      1.588    -2.1528    301.582     9.0934 -9.990e-29
      1.547    19.0351 265.655023     0.0208 1.0000e-12     0.9221    79.4116 8.9744e-01 0.0000e+00  0.0558845    19.0339 266.652936     2.5079      1.578    -2.2208    301.609     9.0929 -9.990e-29
      1.536    19.0350 265.703231     0.0330 1.0000e-12     0.9221    79.4116 8.4615e-01 0.0000e+00  0.0558845    19.0337 266.652932     2.5067      1.566    -2.1627    301.664     9.0870 -9.990e-29
      1.528    19.0350 265.606810     0.0232 1.0000e-12     0.9208    79.4378 7.7289e-01 0.0000e+00  0.0558845    19.0337 266.622493     2.5079      1.558    -2.2108    301.555     9.0921 -9.990e-29
      1.521    19.0347 265.606809     0.0305 1.0000e-12     0.9221    79.4116 7.2161e-01 0.0000e+00  0.0554688    19.0342 266.683375     2.5067      1.551    -2.1734    301.557     9.0862 -9.990e-29
      1.513    19.0350 265.630916     0.0269 1.0000e-12     0.9221    79.4116 6.8132e-01 0.0000e+00  0.0554688    19.0337 266.744259     2.5067      1.543    -2.1950    301.582     9.0859 -9.990e-29
      1.504    19.0350 265.667073     0.0281 1.0000e-12     0.9208    79.4378 6.6300e-01 0.0000e+00  0.0554688    19.0339 266.805141     2.5067      1.534    -2.1845    301.623     9.0856 -9.990e-29
      1.496    19.0350 265.679125     0.0293 1.0000e-12     0.9221    79.4116 6.7399e-01 0.0000e+00  0.0554688    19.0338 266.744256     2.5067      1.525    -2.1850    301.637     9.0854 -9.990e-29
      1.490    19.0350 265.606809     0.0244 1.0000e-12     0.9208    79.4378 6.6300e-01 0.0000e+00  0.0554688    19.0343 266.926907     2.5067      1.519    -2.2018    301.555     9.0851 -9.990e-29
      1.486    19.0351 265.618862     0.0317 1.0000e-12     0.9208    79.4378 6.6667e-01 0.0000e+00  0.0558845    19.0336 266.896466     2.5067      1.515    -2.1742    301.568     9.0851 -9.990e-29
      1.480    19.0350 265.618862     0.0208 1.0000e-12     0.9208    79.4378 6.5934e-01 0.0000e+00  0.0558845    19.0337 266.713816     2.5067      1.509    -2.2186    301.568     9.0849 -9.990e-29
      1.475    19.0353 265.630913     0.0342 1.0000e-12     0.9208    79.4378 6.2637e-01 0.0000e+00  0.0558845    19.0335 266.622491     2.5067      1.504    -2.1618    301.580     9.0849 -9.990e-29
      1.470    19.0352 265.642966     0.0195 1.0000e-12     0.9221    79.4116 6.0440e-01 0.0000e+00  0.0558845    19.0339 266.713814     2.5067      1.499    -2.2247    301.594     9.0847 -9.990e-29
      1.468    19.0350 265.667072     0.0354 1.0000e-12     0.9208    79.4378 5.9707e-01 0.0000e+00  0.0558845    19.0330 266.835581     2.5067      1.497    -2.1548    301.623     9.0849 -9.990e-29
      1.467    19.0352 265.667073     0.0195 1.0000e-12     0.9208    79.4378 6.0440e-01 0.0000e+00  0.0558845    19.0336 266.774699     2.5067      1.496    -2.2247    301.622     9.0848 -9.990e-29
      1.466    19.0353 265.630913     0.0354 1.0000e-12     0.9221    79.4116 5.9341e-01 0.0000e+00  0.0563003    19.0338 266.835581     2.5067      1.495    -2.1528    301.580     9.0848 -9.990e-29
      1.467    19.0354 265.618860     0.0195 3.4520e-03     0.9208    79.4378 5.9341e-01 0.0000e+00  0.0563003    19.0336 266.744256     2.5067      1.496    -2.2251    301.566     9.0849 -9.990e-29
      1.469    19.0351 265.618862     0.0342 2.4195e-02     0.9221    79.4116 5.9707e-01 0.0000e+00  0.0554688    19.0336 266.744258     2.5067      1.498    -2.1573    301.568     9.0850 -9.990e-29
      1.472    19.0350 265.655019     0.0220 3.3779e-02     0.9208    79.4378 6.1538e-01 0.0000e+00  0.0554688    19.0334 266.805140     2.5067      1.501    -2.2154    301.609     9.0852 -9.990e-29
      1.475    19.0353 265.679124     0.0330 3.4177e-02     0.9221    79.4116 6.3004e-01 0.0000e+00  0.0558845    19.0337 266.774698     2.5055      1.504    -2.1626    301.635     9.0799 -9.990e-29
      1.480    19.0350 265.679126     0.0244 3.4975e-02     0.9208    79.4378 6.8498e-01 0.0000e+00  0.0558845    19.0336 266.774699     2.5067      1.509    -2.2062    301.637     9.0856 -9.990e-29
      1.487    19.0353 265.642966     0.0293 3.5376e-02     0.9247    79.3593 7.0330e-01 0.0000e+00  0.0558845    19.0334 266.774698     2.5067      1.516    -2.1795    301.594     9.0860 -9.990e-29
      1.495    19.0354 265.715285     0.0269 2.0187e-02     0.9300    79.2548 6.5568e-01 0.0000e+00  0.0554688    19.0337 266.774699     2.5067      1.524    -2.1961    301.675     9.0862 -9.990e-29
      1.504    19.0351 265.642967     0.0269 2.2121e-03     0.9326    79.2025 6.1538e-01 0.0000e+00  0.0554688    19.0336 266.652933     2.5067      1.534    -2.1910    301.595     9.0866 -9.990e-29
      1.514    19.0354 265.630914     0.0305 1.0000e-12     0.9326    79.2025 5.8242e-01 0.0000e+00  0.0554688    19.0337 266.713816     2.5067      1.544    -2.1800    301.579     9.0870 -9.990e-29
      1.525    19.0351 265.715287     0.0232 3.4520e-03     0.9326    79.2025 5.8608e-01 0.0000e+00  0.0558845    19.0336 266.713818     2.5055      1.555    -2.2075    301.677     9.0824 -9.990e-29
      1.534    19.0354 265.642967     0.0330 3.1808e-02     0.9326    79.2025 6.2637e-01 0.0000e+00  0.0558845    19.0337 266.805141     2.5055      1.564    -2.1679    301.593     9.0832 -9.990e-29
      1.545    19.0353 265.655022     0.0208 4.6206e-02     0.9326    79.2025 6.4469e-01 0.0000e+00  0.0554688    19.0337 266.744259     2.5055      1.575    -2.2185    301.607     9.0832 -9.990e-29
      1.556    19.0354 265.630916     0.0342 2.2723e-02     0.9326    79.2025 6.8132e-01 0.0000e+00  0.0558845    19.0336 266.713818     2.5055      1.587    -2.1614    301.579     9.0837 -9.990e-29
      1.569    19.0351 265.618862     0.0183 1.9043e-03     0.9326    79.2025 6.9597e-01 0.0000e+00  0.0563003    19.0336 266.805141     2.5055      1.600    -2.2301    301.568     9.0842 -9.990e-29
      1.584    19.0354 265.618864     0.0354 1.0000e-12     0.9326    79.2025 6.8498e-01 0.0000e+00  0.0567161    19.0337 266.774702     2.5055      1.615    -2.1540    301.566     9.0847 -9.990e-29
      1.600    19.0353 265.655023     0.0183 4.7059e-03     0.9326    79.2025 6.5568e-01 0.0000e+00  0.0554688    19.0336 266.835585     2.5055      1.632    -2.2301    301.607     9.0852 -9.990e-29
      1.615    19.0355 265.630917     0.0354 2.8329e-02     0.9313    79.2286 6.3004e-01 0.0000e+00  0.0550530    19.0341 266.683378     2.5055      1.647    -2.1525    301.579     9.0856 -9.990e-29
      1.630    19.0353 265.691182     0.0195 3.7805e-02     0.9326    79.2025 6.1905e-01 0.0000e+00  0.0554688    19.0337 266.805144     2.5055      1.662    -2.2256    301.648     9.0862 -9.990e-29
      1.645    19.0354 265.606813     0.0342 3.6586e-02     0.9313    79.2286 6.1172e-01 0.0000e+00  0.0558845    19.0338 266.683379     2.5055      1.677    -2.1567    301.552     9.0867 -9.990e-29
      1.661    19.0356 265.618864     0.0232 3.0251e-02     0.9326    79.2025 6.0806e-01 0.0000e+00  0.0554688    19.0336 266.805144     2.5055      1.694    -2.2098    301.564     9.0872 -9.990e-29
      1.679    19.0354 265.691183     0.0317 2.7948e-02     0.9326    79.2025 6.0806e-01 0.0000e+00  0.0554688    19.0337 266.866028     2.5055      1.712    -2.1675    301.648     9.0881 -9.990e-29
      1.698    19.0355 265.679132     0.0256 1.3549e-02     0.9326    79.2025 6.1538e-01 0.0000e+00  0.0558845    19.0340 266.774705     2.5055      1.731    -2.2000    301.633     9.0886 -9.990e-29
      1.716    19.0357 265.679131     0.0293 9.8601e-04     0.9326    79.2025 6.1538e-01 0.0000e+00  0.0558845    19.0341 266.866030     2.5055      1.750    -2.1784    301.632     9.0890 -9.990e-29
      1.733    19.0356 265.703238     0.0281 1.0000e-12     0.9326    79.2025 6.0440e-01 0.0000e+00  0.0554688    19.0341 266.744264     2.5055      1.767    -2.1893    301.660     9.0900 -9.990e-29
      1.750    19.0357 265.655027     0.0256 1.9043e-03     0.9326    79.2025 5.8974e-01 0.0000e+00  0.0554688    19.0341 266.805148     2.5055      1.785    -2.1954    301.605     9.0909 -9.990e-29
      1.766    19.0355 265.618867     0.0305 1.0527e-02     0.9340    79.1764 6.2637e-01 0.0000e+00  0.0554688    19.0344 266.774704     2.5055      1.801    -2.1787    301.565     9.0917 -9.990e-29
      1.782    19.0357 265.630923     0.0220 1.3890e-02     0.9393    79.0718 6.4469e-01 0.0000e+00  0.0554688    19.0339 266.805149     2.5055      1.817    -2.2120    301.577     9.0926 -9.990e-29
      1.798    19.0358 265.642974     0.0330 5.9741e-03     0.9406    79.0457 6.2637e-01 0.0000e+00  0.0558845    19.0343 266.835589     2.5055      1.833    -2.1667    301.590     9.0934 -9.990e-29
      1.814    19.0359 265.642974     0.0195 7.5476e-05     0.9406    79.0457 5.9341e-01 0.0000e+00  0.0554688    19.0343 266.774706     2.5055      1.850    -2.2236    301.590     9.0938 -9.990e-29
      1.831    19.0358 265.594765     0.0354 1.0000e-12     0.9406    79.0457 5.7875e-01 0.0000e+00  0.0554688    19.0340 266.835592     2.5055      1.867    -2.1545    301.536     9.0946 -9.990e-29
      1.847    19.0359 265.582710     0.0183 1.0000e-12     0.9406    79.0457 5.8608e-01 0.0000e+00  0.0558845    19.0339 266.774707     2.5055      1.883    -2.2294    301.521     9.0954 -9.990e-29
      1.863    19.0362 265.655029     0.0354 1.0000e-12     0.9406    79.0457 5.8608e-01 0.0000e+00  0.0558845    19.0339 266.866034     2.5055      1.900    -2.1533    301.601     9.0962 -9.990e-29
      1.878    19.0359 265.679136     0.0195 1.0000e-12     0.9406    79.0457 5.8974e-01 0.0000e+00  0.0554688    19.0342 266.805151     2.5055      1.915    -2.2249    301.631     9.0969 -9.990e-29
      1.893    19.0362 265.630924     0.0354 1.0000e-12     0.9406    79.0457 6.0073e-01 0.0000e+00  0.0554688    19.0343 266.774709     2.5067      1.930    -2.1518    301.574     9.1030 -9.990e-29
      1.906    19.0359 265.655031     0.0208 1.0000e-12     0.9406    79.0457 5.9341e-01 0.0000e+00  0.0558845    19.0341 266.683386     2.5067      1.944    -2.2199    301.603     9.1033 -9.990e-29
      1.919    19.0359 265.703242     0.0342 1.0000e-12     0.9406    79.0457 5.8974e-01 0.0000e+00  0.0554688    19.0337 266.744268     2.5055      1.957    -2.1569    301.658     9.0981 -9.990e-29
      1.931    19.0360 265.679137     0.0232 1.0000e-12     0.9406    79.0457 5.9341e-01 0.0000e+00  0.0558845    19.0344 266.835594     2.5055      1.969    -2.2104    301.630     9.0982 -9.990e-29
      1.941    19.0359 265.642979     0.0317 1.0000e-12     0.9406    79.0457 6.0073e-01 0.0000e+00  0.0558845    19.0344 266.866036     2.5067      1.979    -2.1681    301.590     9.1038 -9.990e-29
      1.951    19.0358 265.667084     0.0269 1.0000e-12     0.9406    79.0457 6.1538e-01 0.0000e+00  0.0558845    19.0339 266.835594     2.5067      1.989    -2.1951    301.618     9.1040 -9.990e-29
      1.959    19.0361 265.642978     0.0281 1.0000e-12     0.9406    79.0457 6.0806e-01 0.0000e+00  0.0563003    19.0344 266.744269     2.5067      1.998    -2.1847    301.588     9.1040 -9.990e-29
      1.968    19.0358 265.642978     0.0293 1.0000e-12     0.9406    79.0457 6.1905e-01 0.0000e+00  0.0563003    19.0342 266.744269     2.5067      2.007    -2.1853    301.590     9.1040 -9.990e-29
      1.977    19.0359 265.642980     0.0244 1.0000e-12     0.9406    79.0457 6.3736e-01 0.0000e+00  0.0558845    19.0337 266.683388     2.5067      2.016    -2.2021    301.590     9.1041 -9.990e-29
      1.985    19.0358 265.642980     0.0330 1.0000e-12     0.9406    79.0457 6.5201e-01 0.0000e+00  0.0554688    19.0341 266.744270     2.5067      2.024    -2.1688    301.590     9.1040 -9.990e-29
      1.991    19.0357 265.642980     0.0220 1.0000e-12     0.9406    79.0457 6.7766e-01 0.0000e+00  0.0554688    19.0339 266.774712     2.5067      2.030    -2.2133    301.591     9.1039 -9.990e-29
      1.995    19.0358 265.618874     0.0342 5.6557e-03     0.9406    79.0457 6.9231e-01 0.0000e+00  0.0558845    19.0342 266.835595     2.5079      2.034    -2.1620    301.563     9.1092 -9.990e-29
      1.999    19.0359 265.618873     0.0195 1.1860e-02     0.9406    79.0457 6.9231e-01 0.0000e+00  0.0558845    19.0337 266.774711     2.5067      2.038    -2.2250    301.562     9.1033 -9.990e-29
      2.003    19.0358 265.655033     0.0354 1.1192e-02     0.9274    79.3071 7.0696e-01 0.0000e+00  0.0558845    19.0341 266.866037     2.5067      2.042    -2.1555    301.604     9.1026 -9.990e-29
      2.007    19.0361 265.618875     0.0183 2.5207e-03     0.9221    79.4116 7.6190e-01 0.0000e+00  0.0554688    19.0338 266.926922     2.5079      2.047    -2.2308    301.561     9.1079 -9.990e-29
      2.009    19.0360 265.679139     0.0354 1.0000e-12     0.9195    79.4639 7.5092e-01 0.0000e+00  0.0554688    19.0343 267.018246     2.5079      2.049    -2.1540    301.630     9.1072 -9.990e-29
      2.010    19.0359 265.655033     0.0195 1.0000e-12     0.9208    79.4378 7.6557e-01 0.0000e+00  0.0554688    19.0337 266.774712     2.5079      2.050    -2.2263    301.603     9.1070 -9.990e-29
      2.010    19.0362 265.691191     0.0354 1.0000e-12     0.9208    79.4378 8.0220e-01 0.0000e+00  0.0554688    19.0343 266.683387     2.5079      2.050    -2.1533    301.642     9.1062 -9.990e-29
      2.011    19.0361 265.655033     0.0208 1.0000e-12     0.9221    79.4116 7.9487e-01 0.0000e+00  0.0558845    19.0340 266.744271     2.5079      2.051    -2.2218    301.602     9.1055 -9.990e-29
      2.011    19.0363 265.667087     0.0330 6.8165e-04     0.9221    79.4116 7.6190e-01 0.0000e+00  0.0558845    19.0343 266.774714     2.5079      2.051    -2.1637    301.614     9.1051 -9.990e-29
      2.007    19.0361 265.642980     0.0244 7.9032e-03     0.9221    79.4116 7.2527e-01 0.0000e+00  0.0558845    19.0339 266.774712     2.5079      2.047    -2.2073    301.588     9.1049 -9.990e-29
      2.002    19.0362 265.618874     0.0305 1.1526e-02     0.9221    79.4116 6.8864e-01 0.0000e+00  0.0558845    19.0343 266.866037     2.5079      2.041    -2.1753    301.560     9.1044 -9.990e-29
      1.997    19.0362 265.630927     0.0269 6.9346e-03     0.9221    79.4116 6.5568e-01 0.0000e+00  0.0567161    19.0344 266.805153     2.5079      2.036    -2.1974    301.574     9.1039 -9.990e-29
      1.990    19.0362 265.667085     0.0269 6.8165e-04     0.9221    79.4116 6.3370e-01 0.0000e+00  0.0567161    19.0341 266.774712     2.5079      2.029    -2.1923    301.615     9.1035 -9.990e-29
