data/05_metadata_exports/SeabirdData/202310_SeabirdData/88840_STN9.cnv
* Sea-Bird SBE 9 Data File:
* FileName = C:\Users\rosette\Rosette Data\2023\Ontario lower food web csmi\STN9.hex
* Software Version Seasave V 7.26.6.26
* Temperature SN = 5270
* Conductivity SN = 1168
* Number of Bytes Per Scan = 40
* Number of Voltage Words = 5
* Number of Scans Averaged by the Deck Unit = 1
* NMEA Latitude = 43 35.12 N
* NMEA Longitude = 079 23.77 W
* NMEA UTC (Time) = Sep 28 2023  01:07:45
* NMEA baud rate = 4800
** Ship: Lake Guardian
** Cruise: Ontario Lower Food Web 2023
** Station:  STN9
# nquan = 18                                
# nvalues = 11692                       
# units = specified
# name 0 = prDM: Pressure, Digiquartz [db]
# name 1 = t090C: Temperature [ITS-90, deg C]
# name 2 = c0uS/cm: Conductivity [uS/cm]
# name 3 = sbeox0V: Oxygen raw, SBE 43 [V]
# name 4 = par: PAR/Irradiance, Biospherical/Licor
# name 5 = bat: Beam Attenuation, Chelsea/Seatech [1/m]
# name 6 = xmiss: Beam Transmission, Chelsea/Seatech [%]
# name 7 = flSP: Fluorescence, Seapoint
# name 8 = spar: SPAR, Biospherical/Licor
# name 9 = upoly0: Upoly 0, Suna Nitrate
# name 10 = t190C: Temperature, 2 [ITS-90, deg C]
# name 11 = c1uS/cm: Conductivity, 2 [uS/cm]
# name 12 = sbeox1V: Oxygen raw, SBE 43, 2 [V]
# name 13 = depFM: Depth [fresh water, m], lat = 43.5853
# name 14 = sbeox0Mg/L: Oxygen, SBE 43 [mg/l], WS = 2
# name 15 = specc: Specific Conductance [uS/cm]
# name 16 = sbeox1Mg/L: Oxygen, SBE 43, 2 [mg/l], WS = 2
# name 17 = flag: flag
# span 0 =     -0.007,     56.525       
# span 1 =     7.2658,    19.0554       
# span 2 =   7.916471, 266.560100       
# span 3 =     0.0171,     0.0366       
# span 4 = 1.0000e-12, 2.7928e+00       
# span 5 =     0.1716,     6.4646       
# span 6 =    19.8660,    95.8010       
# span 7 = 9.1575e-02, 5.5275e+00       
# span 8 = 0.0000e+00, 1.9691e+00       
# span 9 =  0.0413330,  0.0625367       
# span 10 =     7.2293,    19.0538      
# span 11 =   3.196231, 267.597856      
# span 12 =     2.0427,     2.7619      
# span 13 =     -0.007,     57.639      
# span 14 =    -2.9536,    -2.1494      
# span 15 =      9.941,    324.515      
# span 16 =     6.9355,    10.4445      
# span 17 = 0.0000e+00, 0.0000e+00      
# interval = seconds: 0.0416667
# start_time = Sep 28 2023 01:07:45 [NMEA time, header]
# bad_flag = -9.990e-29
*END*
[from data line 8845]
     32.247    19.0484 265.667844     0.0269 1.0000e-12     0.9591    78.6797 6.2637e-01 0.0000e+00  0.0563003    19.0457 266.866799     2.4957     32.883    -2.2003    301.532     9.0844 0.0000e+00
     32.210    19.0486 265.716054     0.0293 1.0000e-12     0.9591    78.6797 6.4469e-01 0.0000e+00  0.0554688    19.0458 266.958123     2.4969     32.845    -2.1898    301.586     9.0896 0.0000e+00
     32.174    19.0490 265.691948     0.0220 1.0000e-12     0.9605    78.6536 6.7033e-01 0.0000e+00  0.0554688    19.0458 266.745031     2.4957     32.808    -2.2219    301.556     9.0838 0.0000e+00
     32.137    19.0491 265.703999     0.0330 1.0000e-12     0.9591    78.6797 6.9597e-01 0.0000e+00  0.0554688    19.0462 266.745028     2.4969     32.771    -2.1732    301.569     9.0894 0.0000e+00
     32.101    19.0493 265.716051     0.0183 1.0000e-12     0.9591    78.6797 6.9963e-01 0.0000e+00  0.0554688    19.0463 266.836353     2.4969     32.734    -2.2390    301.581     9.0895 0.0000e+00
     32.066    19.0495 265.728103     0.0354 1.0000e-12     0.9605    78.6536 6.7766e-01 0.0000e+00  0.0554688    19.0460 266.866794     2.4969     32.698    -2.1629    301.593     9.0896 0.0000e+00
     32.032    19.0494 265.716049     0.0183 1.0000e-12     0.9591    78.6797 6.8498e-01 0.0000e+00  0.0554688    19.0458 266.836352     2.4969     32.664    -2.2399    301.580     9.0901 0.0000e+00
     31.998    19.0497 265.752207     0.0354 1.0000e-12     0.9591    78.6797 9.6703e-01 0.0000e+00  0.0554688    19.0463 266.836350     2.4969     32.629    -2.1634    301.619     9.0900 0.0000e+00
     31.965    19.0496 265.728099     0.0195 1.0000e-12     0.9605    78.6536 1.0147e+00 0.0000e+00  0.0554688    19.0462 266.897232     2.4982     32.595    -2.2350    301.592     9.0963 0.0000e+00
     31.933    19.0497 265.655782     0.0330 1.0000e-12     0.9591    78.6797 8.7546e-01 0.0000e+00  0.0558845    19.0470 266.866790     2.4969     32.563    -2.1738    301.510     9.0896 0.0000e+00
     31.903    19.0500 265.655780     0.0232 1.0000e-12     0.9605    78.6536 7.4359e-01 0.0000e+00  0.0554688    19.0468 266.775463     2.4969     32.532    -2.2176    301.508     9.0891 0.0000e+00
     31.875    19.0500 265.716045     0.0305 1.0000e-12     0.9591    78.6797 6.6300e-01 0.0000e+00  0.0554688    19.0469 266.866789     2.4982     32.503    -2.1843    301.576     9.0953 0.0000e+00
     31.846    19.0501 265.764257     0.0269 1.0000e-12     0.9591    78.6797 6.3004e-01 0.0000e+00  0.0554688    19.0472 266.988555     2.4969     32.474    -2.2007    301.630     9.0895 0.0000e+00
     31.816    19.0504 265.740149     0.0244 1.0000e-12     0.9578    78.7058 6.2271e-01 0.0000e+00  0.0554688    19.0468 266.927671     2.4982     32.443    -2.2110    301.601     9.0953 0.0000e+00
     31.787    19.0503 265.667829     0.0305 1.0000e-12     0.9591    78.6797 6.4469e-01 0.0000e+00  0.0554688    19.0469 266.927669     2.4994     32.414    -2.1839    301.519     9.1009 0.0000e+00
     31.760    19.0505 265.691934     0.0195 1.0000e-12     0.9578    78.7058 6.7033e-01 0.0000e+00  0.0558845    19.0470 266.988552     2.4969     32.386    -2.2331    301.545     9.0895 0.0000e+00
     31.735    19.0505 265.716041     0.0330 1.0000e-12     0.9591    78.6797 6.7399e-01 0.0000e+00  0.0558845    19.0470 266.897227     2.4982     32.361    -2.1728    301.573     9.0951 0.0000e+00
     31.710    19.0505 265.716040     0.0171 1.0000e-12     0.9591    78.6797 1.4505e+00 0.0000e+00  0.0554688    19.0460 266.775460     2.4982     32.335    -2.2440    301.573     9.0952 0.0000e+00
     31.685    19.0505 265.679881     0.0342 1.0000e-12     0.9565    78.7320 2.3223e+00 0.0000e+00  0.0554688    19.0461 266.866785     2.4969     32.310    -2.1675    301.532     9.0897 0.0000e+00
     31.659    19.0503 265.643721     0.0171 1.0000e-12     0.9565    78.7320 2.0549e+00 0.0000e+00  0.0558845    19.0453 266.805901     2.4982     32.283    -2.2446    301.492     9.0957 0.0000e+00
     31.634    19.0505 265.655773     0.0342 1.0000e-12     0.9552    78.7581 1.4982e+00 0.0000e+00  0.0558845    19.0449 266.866784     2.4994     32.258    -2.1681    301.504     9.1011 0.0000e+00
     31.609    19.0505 265.703984     0.0195 1.0000e-12     0.9552    78.7581 1.1209e+00 0.0000e+00  0.0554688    19.0446 266.927667     2.4969     32.232    -2.2339    301.559     9.0895 0.0000e+00
     31.584    19.0504 265.728091     0.0317 1.0000e-12     0.9552    78.7581 9.2674e-01 0.0000e+00  0.0554688    19.0446 266.745018     2.4969     32.207    -2.1786    301.587     9.0897 0.0000e+00
     31.558    19.0501 265.667824     0.0244 1.0000e-12     0.9552    78.7581 8.2418e-01 0.0000e+00  0.0558845    19.0444 266.805899     2.4982     32.180    -2.2117    301.521     9.0949 0.0000e+00
     31.531    19.0504 265.667823     0.0281 1.0000e-12     0.9565    78.7320 7.7656e-01 0.0000e+00  0.0558845    19.0447 266.775456     2.4982     32.153    -2.1941    301.519     9.0945 0.0000e+00
     31.507    19.0501 265.679876     0.0281 1.0000e-12     0.9552    78.7581 7.2894e-01 0.0000e+00  0.0558845    19.0455 266.927663     2.4969     32.128    -2.1944    301.534     9.0889 0.0000e+00
     31.483    19.0500 265.703983     0.0232 1.0000e-12     0.9565    78.7320 7.1429e-01 0.0000e+00  0.0554688    19.0454 266.927664     2.4969     32.104    -2.2159    301.562     9.0888 0.0000e+00
     31.458    19.0498 265.716033     0.0317 1.0000e-12     0.9552    78.7581 7.4725e-01 0.0000e+00  0.0558845    19.0442 266.866779     2.4982     32.078    -2.1780    301.577     9.0945 0.0000e+00
     31.435    19.0498 265.716035     0.0195 1.0000e-12     0.9565    78.7320 7.5824e-01 0.0000e+00  0.0563003    19.0432 266.775456     2.4982     32.055    -2.2326    301.577     9.0941 0.0000e+00
     31.411    19.0497 265.655767     0.0342 1.0000e-12     0.9552    78.7581 7.2894e-01 0.0000e+00  0.0563003    19.0411 266.805897     2.4982     32.030    -2.1673    301.510     9.0944 0.0000e+00
     31.389    19.0491 265.716034     0.0171 1.0000e-12     0.9565    78.7320 6.9963e-01 0.0000e+00  0.0558845    19.0374 266.653693     2.4994     32.008    -2.2439    301.582     9.1004 0.0000e+00
     31.367    19.0488 265.691927     0.0354 1.0000e-12     0.9565    78.7320 6.8132e-01 0.0000e+00  0.0554688    19.0344 266.836344     2.4982     31.985    -2.1620    301.557     9.0952 0.0000e+00
     31.345    19.0484 265.631662     0.0183 1.0000e-12     0.9552    78.7581 6.5934e-01 0.0000e+00  0.0554688    19.0303 266.745023     2.4994     31.963    -2.2390    301.491     9.1012 0.0000e+00
     31.322    19.0479 265.691927     0.0342 1.0000e-12     0.9565    78.7320 6.4469e-01 0.0000e+00  0.0558845    19.0249 266.623261     2.4969     31.940    -2.1671    301.563     9.0910 0.0000e+00
     31.299    19.0477 265.728085     0.0220 1.0000e-12     0.9565    78.7320 6.4469e-01 0.0000e+00  0.0554688    19.0182 266.714590     2.4969     31.916    -2.2220    301.605     9.0919 0.0000e+00
     31.276    19.0469 265.691925     0.0305 1.0000e-12     0.9552    78.7581 6.3370e-01 0.0000e+00  0.0554688    19.0160 266.836357     2.4994     31.893    -2.1829    301.570     9.1034 0.0000e+00
     31.254    19.0476 265.643713     0.0256 1.0000e-12     0.9565    78.7320 6.1538e-01 0.0000e+00  0.0554688    19.0153 266.623267     2.4994     31.870    -2.2047    301.510     9.1037 0.0000e+00
     31.232    19.0472 265.667819     0.0269 1.0000e-12     0.9552    78.7581 6.3736e-01 0.0000e+00  0.0558845    19.0138 266.836359     2.4982     31.848    -2.1979    301.540     9.0976 0.0000e+00
     31.212    19.0476 265.679870     0.0293 1.0000e-12     0.9498    78.8627 6.9597e-01 0.0000e+00  0.0558845    19.0127 266.684151     2.4994     31.827    -2.1877    301.551     9.1029 0.0000e+00
     31.191    19.0478 265.703977     0.0220 1.0000e-12     0.9485    78.8888 6.9963e-01 0.0000e+00  0.0558845    19.0137 266.623268     2.4994     31.806    -2.2198    301.577     9.1032 0.0000e+00
     31.169    19.0474 265.703975     0.0330 1.0000e-12     0.9485    78.8888 6.5934e-01 0.0000e+00  0.0554688    19.0135 266.714590     2.4982     31.784    -2.1715    301.580     9.0969 0.0000e+00
     31.147    19.0474 265.655764     0.0195 1.0000e-12     0.9485    78.8888 6.8132e-01 0.0000e+00  0.0558845    19.0111 266.653710     2.4994     31.761    -2.2319    301.525     9.1029 0.0000e+00
     31.125    19.0474 265.595498     0.0354 1.0000e-12     0.9485    78.8888 7.1795e-01 0.0000e+00  0.0558845    19.0064 266.623272     2.4994     31.739    -2.1612    301.457     9.1038 0.0000e+00
     31.102    19.0468 265.679868     0.0171 1.0000e-12     0.9485    78.8888 7.1062e-01 0.0000e+00  0.0558845    19.0038 266.714597     2.4994     31.715    -2.2436    301.557     9.1034 0.0000e+00
     31.082    19.0462 265.655763     0.0342 1.0000e-12     0.9472    78.9150 7.1795e-01 0.0000e+00  0.0558845    19.0034 266.714598     2.4994     31.695    -2.1671    301.534     9.1025 0.0000e+00
     31.062    19.0456 265.691922     0.0195 1.0000e-12     0.9485    78.8888 6.9597e-01 0.0000e+00  0.0554688    19.0121 266.745031     2.4994     31.674    -2.2334    301.579     9.1009 0.0000e+00
     31.042    19.0451 265.679870     0.0330 1.0000e-12     0.9472    78.9150 6.6300e-01 0.0000e+00  0.0554688    19.0179 266.714585     2.4994     31.654    -2.1727    301.569     9.0994 0.0000e+00
     31.021    19.0447 265.716027     0.0220 1.0000e-12     0.9472    78.9150 7.4725e-01 0.0000e+00  0.0550530    19.0146 266.623261     2.4982     31.633    -2.2224    301.612     9.0940 0.0000e+00
     30.999    19.0455 265.691921     0.0305 1.0000e-12     0.9485    78.8888 8.3516e-01 0.0000e+00  0.0554688    19.0098 266.684149     2.4994     31.610    -2.1829    301.579     9.0999 0.0000e+00
     30.978    19.0460 265.703972     0.0256 1.0000e-12     0.9472    78.9150 8.4982e-01 0.0000e+00  0.0563003    19.0120 266.684145     2.5018     31.589    -2.2052    301.590     9.1095 0.0000e+00
     30.957    19.0464 265.655760     0.0256 1.0000e-12     0.9485    78.8888 8.2784e-01 0.0000e+00  0.0558845    19.0174 266.745024     2.4994     31.567    -2.2039    301.532     9.0965 0.0000e+00
     30.936    19.0465 265.643706     0.0305 1.0000e-12     0.9485    78.8888 7.8388e-01 0.0000e+00  0.0554688    19.0229 266.775460     2.4994     31.546    -2.1827    301.518     9.0950 0.0000e+00
     30.915    19.0467 265.740129     0.0208 1.0000e-12     0.9485    78.8888 7.5824e-01 0.0000e+00  0.0554688    19.0262 266.714573     2.4982     31.525    -2.2257    301.626     9.0888 0.0000e+00
     30.895    19.0474 265.740128     0.0330 1.0000e-12     0.9472    78.9150 7.2527e-01 0.0000e+00  0.0554688    19.0275 266.684130     2.4994     31.504    -2.1717    301.621     9.0939 0.0000e+00
     30.874    19.0478 265.716023     0.0183 1.0000e-12     0.9472    78.9150 6.8132e-01 0.0000e+00  0.0554688    19.0286 266.927664     2.4994     31.483    -2.2376    301.591     9.0931 0.0000e+00
     30.851    19.0478 265.679860     0.0342 1.0000e-12     0.9485    78.8888 6.8498e-01 0.0000e+00  0.0554688    19.0322 266.714565     2.4994     31.459    -2.1670    301.550     9.0928 0.0000e+00
     30.829    19.0481 265.679861     0.0171 1.0000e-12     0.9485    78.8888 7.9853e-01 0.0000e+00  0.0554688    19.0351 266.684122     2.4994     31.437    -2.2436    301.548     9.0921 0.0000e+00
     30.808    19.0479 265.752178     0.0354 1.0000e-12     0.9485    78.8888 8.2784e-01 0.0000e+00  0.0554688    19.0374 266.866769     2.4994     31.415    -2.1619    301.631     9.0920 0.0000e+00
     30.788    19.0476 265.728073     0.0195 1.0000e-12     0.9379    79.0979 8.2418e-01 0.0000e+00  0.0554688    19.0391 266.866769     2.4994     31.395    -2.2336    301.606     9.0910 0.0000e+00
     30.766    19.0476 265.655753     0.0330 1.0000e-12     0.9326    79.2025 7.7289e-01 0.0000e+00  0.0554688    19.0398 266.775440     2.4994     31.373    -2.1721    301.524     9.0902 0.0000e+00
     30.745    19.0477 265.655754     0.0232 1.0000e-12     0.9313    79.2286 7.1795e-01 0.0000e+00  0.0554688    19.0402 266.866766     2.4994     31.351    -2.2168    301.523     9.0904 0.0000e+00
     30.722    19.0476 265.740124     0.0293 1.0000e-12     0.9326    79.2025 6.8498e-01 0.0000e+00  0.0554688    19.0404 266.805881     2.4982     31.328    -2.1885    301.620     9.0847 0.0000e+00
     30.700    19.0474 265.655751     0.0269 1.0000e-12     0.9326    79.2025 6.7399e-01 0.0000e+00  0.0558845    19.0393 266.836322     2.4982     31.305    -2.2000    301.525     9.0847 0.0000e+00
     30.679    19.0476 265.703963     0.0244 1.0000e-12     0.9326    79.2025 6.7399e-01 0.0000e+00  0.0558845    19.0405 266.866763     2.4994     31.284    -2.2103    301.579     9.0906 0.0000e+00
     30.660    19.0474 265.691910     0.0305 1.0000e-12     0.9326    79.2025 6.5568e-01 0.0000e+00  0.0554688    19.0408 266.775438     2.4982     31.264    -2.1836    301.566     9.0857 0.0000e+00
     30.639    19.0474 265.752176     0.0208 1.0000e-12     0.9326    79.2025 6.7766e-01 0.0000e+00  0.0558845    19.0409 266.805880     2.4994     31.243    -2.2263    301.635     9.0905 0.0000e+00
     30.618    19.0472 265.740121     0.0342 1.0000e-12     0.9326    79.2025 7.1429e-01 0.0000e+00  0.0558845    19.0412 266.775436     2.4994     31.222    -2.1669    301.623     9.0902 0.0000e+00
     30.596    19.0471 265.691909     0.0183 1.0000e-12     0.9326    79.2025 7.2161e-01 0.0000e+00  0.0554688    19.0413 266.836320     2.4982     31.199    -2.2377    301.568     9.0853 0.0000e+00
     30.574    19.0472 265.703960     0.0354 1.0000e-12     0.9326    79.2025 7.3260e-01 0.0000e+00  0.0554688    19.0412 266.775434     2.4969     31.177    -2.1617    301.581     9.0800 0.0000e+00
     30.553    19.0471 265.703960     0.0183 1.0000e-12     0.9326    79.2025 7.2527e-01 0.0000e+00  0.0554688    19.0416 266.805876     2.4982     31.155    -2.2391    301.582     9.0861 0.0000e+00
     30.532    19.0471 265.776279     0.0342 1.0000e-12     0.9326    79.2025 6.8864e-01 0.0000e+00  0.0558845    19.0420 266.744992     2.4994     31.134    -2.1673    301.664     9.0917 0.0000e+00
     30.510    19.0470 265.655748     0.0208 1.0000e-12     0.9326    79.2025 6.5568e-01 0.0000e+00  0.0554688    19.0423 266.805875     2.4994     31.112    -2.2281    301.528     9.0927 0.0000e+00
     30.488    19.0469 265.728064     0.0330 1.0000e-12     0.9326    79.2025 6.3370e-01 0.0000e+00  0.0554688    19.0427 266.836314     2.4982     31.089    -2.1724    301.611     9.0872 0.0000e+00
     30.466    19.0470 265.728065     0.0244 1.0000e-12     0.9326    79.2025 6.6300e-01 0.0000e+00  0.0554688    19.0432 266.836315     2.4969     31.067    -2.2113    301.610     9.0813 0.0000e+00
     30.444    19.0476 265.728064     0.0293 1.0000e-12     0.9326    79.2025 7.1795e-01 0.0000e+00  0.0558845    19.0433 266.866755     2.4982     31.044    -2.1884    301.606     9.0878 0.0000e+00
     30.421    19.0483 265.740116     0.0281 1.0000e-12     0.9340    79.1764 7.9121e-01 0.0000e+00  0.0558845    19.0439 266.866754     2.4994     31.021    -2.1945    301.615     9.0938 0.0000e+00
     30.399    19.0486 265.764221     0.0232 1.0000e-12     0.9313    79.2286 8.1319e-01 0.0000e+00  0.0554688    19.0436 266.775428     2.4994     30.998    -2.2156    301.640     9.0944 0.0000e+00
     30.377    19.0486 265.740114     0.0317 1.0000e-12     0.9326    79.2025 7.5458e-01 0.0000e+00  0.0554688    19.0444 266.775427     2.4994     30.976    -2.1785    301.613     9.0939 0.0000e+00
     30.356    19.0488 265.764219     0.0195 1.0000e-12     0.9287    79.2809 6.9231e-01 0.0000e+00  0.0558845    19.0439 266.866752     2.4982     30.954    -2.2327    301.639     9.0886 0.0000e+00
