data/05_metadata_exports/SeabirdData/202310_SeabirdData/88847_STN12.cnv
* Sea-Bird SBE 9 Data File:
* FileName = C:\Users\rosette\Rosette Data\2023\Ontario lower food web csmi\STN12.hex
* Software Version Seasave V 7.26.6.26
* Temperature SN = 5270
* Conductivity SN = 1168
* Number of Bytes Per Scan = 40
* Number of Voltage Words = 5
* Number of Scans Averaged by the Deck Unit = 1
* NMEA Latitude = 43 30.20 N
* NMEA Longitude = 079 21.22 W
* NMEA UTC (Time) = Sep 28 2023  03:23:14
* NMEA baud rate = 4800
** Ship: Lake Guardian
** Cruise: Ontario Lower Food Web 2023
** Station:  STN12
# nquan = 18                                
# nvalues = 19036                       
# units = specified
# name 0 = prDM: Pressure, Digiquartz [db]
# name 1 = t090C: Temperature [ITS-90, deg C]
# name 2 = c0uS/cm: Conductivity [uS/cm]
# name 3 = sbeox0V: Oxygen raw, SBE 43 [V]
# name 4 = par: PAR/Irradiance, Biospherical/Licor
# name 5 = bat: Beam Attenuation, Chelsea/Seatech [1/m]
# name 6 = xmiss: Beam Transmission, Chelsea/Seatech [%]
# name 7 = flSP: Fluorescence, Seapoint
# name 8 = spar: SPAR, Biospherical/Licor
# name 9 = upoly0: Upoly 0, Suna Nitrate
# name 10 = t190C: Temperature, 2 [ITS-90, deg C]
# name 11 = c1uS/cm: Conductivity, 2 [uS/cm]
# name 12 = sbeox1V: Oxygen raw, SBE 43, 2 [V]
# name 13 = depFM: Depth [fresh water, m], lat = 43.5033
# name 14 = sbeox0Mg/L: Oxygen, SBE 43 [mg/l], WS = 2
# name 15 = specc: Specific Conductance [uS/cm]
# name 16 = sbeox1Mg/L: Oxygen, SBE 43, 2 [mg/l], WS = 2
# name 17 = flag: flag
# span 0 =     -0.132,    100.457       
# span 1 =     4.1931,    18.1386       
# span 2 =   6.244353, 403.364714       
# span 3 =     0.0000,     0.0366       
# span 4 = 1.0000e-12, 2.8091e+00       
# span 5 =     0.1422,     7.6084       
# span 6 =    14.9256,    96.5068       
# span 7 = 7.3260e-02, 2.6996e+00       
# span 8 = 0.0000e+00, 0.0000e+00       
# span 9 =  0.0409173,  0.0625367       
# span 10 =     4.1933,    18.1383      
# span 11 =   3.677314, 262.514495      
# span 12 =     1.9170,     2.6801      
# span 13 =     -0.135,    102.438      
# span 14 =    -3.3084,    -2.1910      
# span 15 =      7.820,    484.036      
# span 16 =     6.5262,    11.6427      
# span 17 = 0.0000e+00, 0.0000e+00      
# interval = seconds: 0.0416667
# start_time = Sep 28 2023 03:23:14 [NMEA time, header]
# bad_flag = -9.990e-29
*END*
[from data line 16403]
      4.939    18.1235 260.823979     0.0122 1.0000e-12     1.1012    75.9351 1.1355e+00 0.0000e+00  0.0550530    18.1200 261.996769     2.5360      5.036    -2.3035    302.385     9.4150 -9.990e-29
      4.938    18.1235 260.823978     0.0085 1.0000e-12     1.1012    75.9351 1.1392e+00 0.0000e+00  0.0550530    18.1192 261.996768     2.5360      5.035    -2.3162    302.385     9.4152 -9.990e-29
      4.936    18.1242 260.799884     0.0342 1.0000e-12     1.1012    75.9351 1.1758e+00 0.0000e+00  0.0554688    18.1192 261.905463     2.5360      5.033    -2.2022    302.352     9.4152 -9.990e-29
      4.935    18.1244 260.763744     0.0159 1.0000e-12     1.1012    75.9351 1.2198e+00 0.0000e+00  0.0554688    18.1186 261.844593     2.5360      5.032    -2.2863    302.308     9.4153 -9.990e-29
      4.936    18.1246 260.799884     0.0049 1.0000e-12     1.1012    75.9351 1.2308e+00 0.0000e+00  0.0550530    18.1071 261.753300     2.5360      5.033    -2.3340    302.349     9.4175 -9.990e-29
      4.938    18.1247 260.872162     0.0330 1.0000e-12     1.1012    75.9351 1.2491e+00 0.0000e+00  0.0550530    18.0950 261.753310     2.5360      5.035    -2.2070    302.432     9.4198 -9.990e-29
      4.939    18.1246 260.860116     0.0195 1.0000e-12     1.1012    75.9351 1.2674e+00 0.0000e+00  0.0550530    18.0880 261.662013     2.5360      5.036    -2.2696    302.419     9.4210 -9.990e-29
      4.941    18.1246 260.860116     0.0049 1.0000e-12     1.1012    75.9351 1.2491e+00 0.0000e+00  0.0554688    18.0846 261.722885     2.5360      5.038    -2.3349    302.419     9.4215 -9.990e-29
      4.943    18.1247 260.811930     0.0293 1.0000e-12     1.1012    75.9351 1.2161e+00 0.0000e+00  0.0550530    18.0852 261.844623     2.5360      5.040    -2.2229    302.362     9.4212 -9.990e-29
      4.945    18.1228 260.751700     0.0244 1.0000e-12     1.1012    75.9351 1.1758e+00 0.0000e+00  0.0550530    18.0892 261.905489     2.5360      5.042    -2.2472    302.306     9.4206 -9.990e-29
      4.948    18.1108 260.667388     0.0061 1.0000e-12     1.1012    75.9351 1.1722e+00 0.0000e+00  0.0550530    18.0882 261.722882     2.5360      5.046    -2.3309    302.292     9.4205 -9.990e-29
      4.950    18.0981 260.643306     0.0244 1.0000e-12     1.1012    75.9351 1.2308e+00 0.0000e+00  0.0554688    18.0749 261.692458     2.5360      5.048    -2.2459    302.353     9.4228 -9.990e-29
      4.953    18.0932 260.643310     0.0281 1.0000e-12     1.1012    75.9351 1.2418e+00 0.0000e+00  0.0554688    18.0624 261.631600     2.5360      5.051    -2.2316    302.388     9.4254 -9.990e-29
      4.956    18.0893 260.667407     0.0085 1.0000e-12     1.1012    75.9351 1.2051e+00 0.0000e+00  0.0554688    18.0610 261.662037     2.5360      5.054    -2.3216    302.443     9.4258 -9.990e-29
      4.958    18.0914 260.763773     0.0171 1.0000e-12     1.1012    75.9351 1.1648e+00 0.0000e+00  0.0550530    18.0612 261.601167     2.5360      5.056    -2.2798    302.540     9.4258 -9.990e-29
      4.961    18.0935 260.703540     0.0305 1.0000e-12     1.1012    75.9351 1.1575e+00 0.0000e+00  0.0550530    18.0621 261.692469     2.5372      5.059    -2.2209    302.455     9.4308 -9.990e-29
      4.964    18.0876 260.607178     0.0110 1.0000e-12     1.1012    75.9351 1.2088e+00 0.0000e+00  0.0554688    18.0698 261.814202     2.5372      5.062    -2.3100    302.385     9.4293 -9.990e-29
      4.967    18.0829 260.655365     0.0122 1.0000e-12     1.1012    75.9351 1.2491e+00 0.0000e+00  0.0554688    18.0747 261.722893     2.5360      5.065    -2.3027    302.474     9.4228 -9.990e-29
      4.970    18.0797 260.691507     0.0330 1.0000e-12     1.0998    75.9612 1.2125e+00 0.0000e+00  0.0554688    18.0660 261.570730     2.5360      5.068    -2.2099    302.538     9.4245 -9.990e-29
      4.974    18.0771 260.607185     0.0134 1.0000e-12     1.0929    76.0919 1.1758e+00 0.0000e+00  0.0546373    18.0478 261.540309     2.5372      5.072    -2.2989    302.459     9.4336 -9.990e-29
      4.978    18.0750 260.559004     0.0073 1.0000e-12     1.0915    76.1180 1.1575e+00 0.0000e+00  0.0550530    18.0421 261.662053     2.5372      5.076    -2.3260    302.418     9.4347 -9.990e-29
      4.981    18.0726 260.595144     0.0330 1.0000e-12     1.0915    76.1180 1.1429e+00 0.0000e+00  0.0550530    18.0546 261.692477     2.5372      5.079    -2.2100    302.476     9.4321 -9.990e-29
      4.984    18.0707 260.546962     0.0171 1.0000e-12     1.0915    76.1180 1.1099e+00 0.0000e+00  0.0550530    18.0669 261.601163     2.5372      5.082    -2.2812    302.434     9.4296 -9.990e-29
      4.986    18.0690 260.571055     0.0049 1.0000e-12     1.0915    76.1180 1.0623e+00 0.0000e+00  0.0546373    18.0745 261.662026     2.5372      5.084    -2.3373    302.474     9.4280 -9.990e-29
      4.988    18.0668 260.583102     0.0317 1.0000e-12     1.0915    76.1180 1.0440e+00 0.0000e+00  0.0550530    18.0782 261.753325     2.5372      5.086    -2.2151    302.503     9.4271 -9.990e-29
      4.991    18.0648 260.583105     0.0208 1.0000e-12     1.0915    76.1180 1.0549e+00 0.0000e+00  0.0550530    18.0776 261.692457     2.5372      5.089    -2.2635    302.517     9.4271 -9.990e-29
      4.995    18.0654 260.619243     0.0049 1.0000e-12     1.0915    76.1180 1.1099e+00 0.0000e+00  0.0554688    18.0825 261.722888     2.5372      5.093    -2.3378    302.555     9.4260 -9.990e-29
      4.999    18.0678 260.619240     0.0293 1.0000e-12     1.0915    76.1180 1.1905e+00 0.0000e+00  0.0550530    18.0870 261.753319     2.5372      5.098    -2.2255    302.538     9.4249 -9.990e-29
      5.003    18.0705 260.667423     0.0232 1.0000e-12     1.0902    76.1442 1.2271e+00 0.0000e+00  0.0546373    18.0891 261.753317     2.5372      5.102    -2.2522    302.575     9.4243 -9.990e-29
      5.007    18.0719 260.607192     0.0061 1.0000e-12     1.0915    76.1180 1.2015e+00 0.0000e+00  0.0550530    18.0885 261.753319     2.5372      5.106    -2.3323    302.495     9.4242 -9.990e-29
      5.009    18.0735 260.619236     0.0244 1.0000e-12     1.0915    76.1180 1.1685e+00 0.0000e+00  0.0550530    18.0849 261.753320     2.5372      5.108    -2.2475    302.498     9.4246 -9.990e-29
      5.012    18.0729 260.571052     0.0269 1.0000e-12     1.0915    76.1180 1.1722e+00 0.0000e+00  0.0550530    18.0789 261.753325     2.5372      5.111    -2.2356    302.446     9.4255 -9.990e-29
      5.015    18.0700 260.571056     0.0085 1.0000e-12     1.0915    76.1180 1.2088e+00 0.0000e+00  0.0550530    18.0736 261.570725     2.5372      5.114    -2.3210    302.467     9.4263 -9.990e-29
      5.018    18.0681 260.619240     0.0195 1.0000e-12     1.0915    76.1180 1.2381e+00 0.0000e+00  0.0550530    18.0672 261.540294     2.5372      5.117    -2.2705    302.536     9.4273 -9.990e-29
      5.021    18.0693 260.571056     0.0305 1.0000e-12     1.0915    76.1180 1.2125e+00 0.0000e+00  0.0554688    18.0607 261.479433     2.5372      5.120    -2.2197    302.472     9.4282 -9.990e-29
      5.023    18.0621 260.486739     0.0098 1.0000e-12     1.0915    76.1180 1.2381e+00 0.0000e+00  0.0550530    18.0558 261.631607     2.5372      5.122    -2.3145    302.424     9.4289 -9.990e-29
      5.025    18.0519 260.474704     0.0134 1.0000e-12     1.0902    76.1442 1.3700e+00 0.0000e+00  0.0550530    18.0533 261.722914     2.5372      5.124    -2.2995    302.482     9.4290 -9.990e-29
      5.028    18.0456 260.462662     0.0317 1.0000e-12     1.0915    76.1180 1.4066e+00 0.0000e+00  0.0554688    18.0491 261.722917     2.5372      5.127    -2.2157    302.512     9.4294 -9.990e-29
      5.030    18.0417 260.462666     0.0122 1.0000e-12     1.0915    76.1180 1.3407e+00 0.0000e+00  0.0554688    18.0470 261.631616     2.5372      5.129    -2.3035    302.540     9.4295 -9.990e-29
      5.031    18.0412 260.390392     0.0098 1.0000e-12     1.0957    76.0396 1.2381e+00 0.0000e+00  0.0550530    18.0477 261.601181     2.5372      5.130    -2.3171    302.459     9.4289 -9.990e-29
      5.032    18.0409 260.438574     0.0330 1.0000e-12     1.0984    75.9873 1.1795e+00 0.0000e+00  0.0546373    18.0548 261.662042     2.5372      5.131    -2.2110    302.517     9.4275 -9.990e-29
      5.034    18.0405 260.510851     0.0159 1.0000e-12     1.0970    76.0135 1.2198e+00 0.0000e+00  0.0550530    18.0643 261.692470     2.5372      5.133    -2.2869    302.604     9.4257 -9.990e-29
      5.036    18.0426 260.474711     0.0061 1.0000e-12     1.0970    76.0135 1.2747e+00 0.0000e+00  0.0554688    18.0775 261.753328     2.5372      5.135    -2.3349    302.547     9.4227 -9.990e-29
      5.037    18.0461 260.534938     0.0330 1.0000e-12     1.0984    75.9873 1.2930e+00 0.0000e+00  0.0554688    18.0809 261.753325     2.5372      5.136    -2.2114    302.593     9.4215 -9.990e-29
      5.037    18.0487 260.522890     0.0183 1.0000e-12     1.0984    75.9873 1.2308e+00 0.0000e+00  0.0550530    18.0790 261.692458     2.5372      5.136    -2.2752    302.560     9.4219 -9.990e-29
      5.037    18.0517 260.522886     0.0049 1.0000e-12     1.0984    75.9873 1.1648e+00 0.0000e+00  0.0550530    18.0759 261.722893     2.5372      5.136    -2.3405    302.539     9.4225 -9.990e-29
      5.039    18.0557 260.546976     0.0317 1.0000e-12     1.0970    76.0135 1.1282e+00 0.0000e+00  0.0550530    18.0738 261.662028     2.5372      5.138    -2.2179    302.539     9.4229 -9.990e-29
      5.041    18.0605 260.571064     0.0220 1.0000e-12     1.0984    75.9873 1.1209e+00 0.0000e+00  0.0550530    18.0744 261.722896     2.5372      5.140    -2.2580    302.533     9.4228 -9.990e-29
      5.042    18.0654 260.607198     0.0061 1.0000e-12     1.0984    75.9873 1.1429e+00 0.0000e+00  0.0550530    18.0764 261.692460     2.5372      5.141    -2.3345    302.541     9.4224 -9.990e-29
      5.043    18.0688 260.655379     0.0293 1.0000e-12     1.0970    76.0135 1.1355e+00 0.0000e+00  0.0550530    18.0795 261.692457     2.5372      5.142    -2.2289    302.573     9.4218 -9.990e-29
      5.044    18.0705 260.631286     0.0244 1.0000e-12     1.0984    75.9873 1.1319e+00 0.0000e+00  0.0521427    18.0804 261.692456     2.5372      5.143    -2.2468    302.533     9.4216 -9.990e-29
      5.044    18.0733 260.619238     0.0061 1.0000e-12     1.0970    76.0135 1.2418e+00 0.0000e+00  0.0521427    18.0811 261.692456     2.5372      5.143    -2.3335    302.499     9.4215 -9.990e-29
      5.042    18.0764 260.643327     0.0244 1.0000e-12     1.0984    75.9873 1.3407e+00 0.0000e+00  0.0529742    18.0811 261.722890     2.5372      5.141    -2.2507    302.506     9.4215 -9.990e-29
      5.041    18.0773 260.643325     0.0269 1.0000e-12     1.0970    76.0135 1.3553e+00 0.0000e+00  0.0529742    18.0804 261.814193     2.5372      5.140    -2.2349    302.499     9.4216 -9.990e-29
      5.041    18.0781 260.619233     0.0085 1.0000e-12     1.0984    75.9873 1.3223e+00 0.0000e+00  0.0525585    18.0816 261.722890     2.5372      5.140    -2.3209    302.466     9.4214 -9.990e-29
      5.042    18.0790 260.631278     0.0195 1.0000e-12     1.0970    76.0135 1.3004e+00 0.0000e+00  0.0525585    18.0858 261.753321     2.5372      5.141    -2.2729    302.473     9.4206 -9.990e-29
      5.042    18.0802 260.643324     0.0293 1.0000e-12     1.0970    76.0135 1.2711e+00 0.0000e+00  0.0525585    18.0844 261.753322     2.5372      5.141    -2.2238    302.479     9.4208 -9.990e-29
      5.042    18.0817 260.571046     0.0098 1.0000e-12     1.0970    76.0135 1.2637e+00 0.0000e+00  0.0533900    18.0820 261.844628     2.5372      5.141    -2.3131    302.385     9.4213 -9.990e-29
      5.041    18.0838 260.667413     0.0147 1.0000e-12     1.0970    76.0135 1.2271e+00 0.0000e+00  0.0533900    18.0814 261.722890     2.5372      5.140    -2.2945    302.482     9.4210 -9.990e-29
      5.040    18.0862 260.727642     0.0317 1.0000e-12     1.0943    76.0658 1.1905e+00 0.0000e+00  0.0529742    18.0807 261.753325     2.5372      5.139    -2.2125    302.535     9.4211 -9.990e-29
      5.038    18.0876 260.739687     0.0110 1.0000e-12     1.0915    76.1180 1.1758e+00 0.0000e+00  0.0554688    18.0806 261.814195     2.5372      5.137    -2.3064    302.539     9.4207 -9.990e-29
      5.035    18.0883 260.739686     0.0110 1.0000e-12     1.0915    76.1180 1.1575e+00 0.0000e+00  0.0550530    18.0807 261.722891     2.5372      5.134    -2.3114    302.534     9.4203 -9.990e-29
      5.032    18.0874 260.667408     0.0330 1.0000e-12     1.0915    76.1180 1.1575e+00 0.0000e+00  0.0550530    18.0809 261.692455     2.5372      5.131    -2.2073    302.456     9.4198 -9.990e-29
      5.030    18.0864 260.643318     0.0134 1.0000e-12     1.0915    76.1180 1.1465e+00 0.0000e+00  0.0550530    18.0780 261.875066     2.5372      5.129    -2.2950    302.435     9.4200 -9.990e-29
      5.030    18.0844 260.643318     0.0073 1.0000e-12     1.0915    76.1180 1.1319e+00 0.0000e+00  0.0550530    18.0742 261.783763     2.5372      5.129    -2.3289    302.449     9.4204 -9.990e-29
      5.030    18.0816 260.667416     0.0330 1.0000e-12     1.0915    76.1180 1.1245e+00 0.0000e+00  0.0550530    18.0764 261.753330     2.5372      5.129    -2.2083    302.497     9.4196 -9.990e-29
      5.029    18.0793 260.643324     0.0159 1.0000e-12     1.0915    76.1180 1.1209e+00 0.0000e+00  0.0550530    18.0839 261.753323     2.5372      5.128    -2.2830    302.485     9.4178 -9.990e-29
      5.025    18.0797 260.643323     0.0061 1.0000e-12     1.0915    76.1180 1.1172e+00 0.0000e+00  0.0550530    18.0911 261.753315     2.5372      5.124    -2.3346    302.482     9.4161 -9.990e-29
      5.023    18.0790 260.643325     0.0330 1.0000e-12     1.0915    76.1180 1.1062e+00 0.0000e+00  0.0554688    18.0889 261.844622     2.5372      5.122    -2.2098    302.487     9.4162 -9.990e-29
      5.020    18.0780 260.619232     0.0183 1.0000e-12     1.0915    76.1180 1.1136e+00 0.0000e+00  0.0554688    18.0856 261.722885     2.5372      5.119    -2.2726    302.466     9.4166 -9.990e-29
      5.017    18.0776 260.655372     0.0049 1.0000e-12     1.0915    76.1180 1.1319e+00 0.0000e+00  0.0550530    18.0806 261.722891     2.5372      5.116    -2.3406    302.511     9.4173 -9.990e-29
      5.014    18.0781 260.631278     0.0317 1.0000e-12     1.0915    76.1180 1.1795e+00 0.0000e+00  0.0554688    18.0807 261.753324     2.5372      5.113    -2.2175    302.480     9.4171 -9.990e-29
      5.011    18.0783 260.583093     0.0208 1.0000e-12     1.0915    76.1180 1.3114e+00 0.0000e+00  0.0558845    18.0821 261.722888     2.5372      5.110    -2.2612    302.422     9.4166 -9.990e-29
      5.009    18.0783 260.619233     0.0049 1.0000e-12     1.0929    76.0919 1.3993e+00 0.0000e+00  0.0550530    18.0863 261.814190     2.5372      5.108    -2.3392    302.464     9.4156 -9.990e-29
      5.006    18.0793 260.667415     0.0293 1.0000e-12     1.0915    76.1180 1.3919e+00 0.0000e+00  0.0550530    18.0910 261.722881     2.5372      5.105    -2.2282    302.513     9.4145 -9.990e-29
      5.003    18.0816 260.775829     0.0232 1.0000e-12     1.0929    76.0919 1.3846e+00 0.0000e+00  0.0550530    18.0972 261.783744     2.5372      5.102    -2.2491    302.623     9.4131 -9.990e-29
      5.000    18.0856 260.751733     0.0061 1.0000e-12     1.0929    76.0919 1.3700e+00 0.0000e+00  0.0550530    18.1019 261.662002     2.5372      5.099    -2.3319    302.567     9.4120 -9.990e-29
      4.998    18.0893 260.799915     0.0269 1.0000e-12     1.0915    76.1180 1.3407e+00 0.0000e+00  0.0550530    18.1027 261.783740     2.5372      5.097    -2.2394    302.597     9.4122 -9.990e-29
      4.996    18.0905 260.751730     0.0256 1.0000e-12     1.0915    76.1180 1.3480e+00 0.0000e+00  0.0550530    18.1009 261.722873     2.5372      5.095    -2.2375    302.532     9.4124 -9.990e-29
