data/05_metadata_exports/SeabirdData/202310_SeabirdData/88847_STN12.cnv
* Sea-Bird SBE 9 Data File:
* FileName = C:\Users\rosette\Rosette Data\2023\Ontario lower food web csmi\STN12.hex
* Software Version Seasave V 7.26.6.26
* Temperature SN = 5270
* Conductivity SN = 1168
* Number of Bytes Per Scan = 40
* Number of Voltage Words = 5
* Number of Scans Averaged by the Deck Unit = 1
* NMEA Latitude = 43 30.20 N
* NMEA Longitude = 079 21.22 W
* NMEA UTC (Time) = Sep 28 2023  03:23:14
* NMEA baud rate = 4800
** Ship: Lake Guardian
** Cruise: Ontario Lower Food Web 2023
** Station:  STN12
# nquan = 18                                
# nvalues = 19036                       
# units = specified
# name 0 = prDM: Pressure, Digiquartz [db]
# name 1 = t090C: Temperature [ITS-90, deg C]
# name 2 = c0uS/cm: Conductivity [uS/cm]
# name 3 = sbeox0V: Oxygen raw, SBE 43 [V]
# name 4 = par: PAR/Irradiance, Biospherical/Licor
# name 5 = bat: Beam Attenuation, Chelsea/Seatech [1/m]
# name 6 = xmiss: Beam Transmission, Chelsea/Seatech [%]
# name 7 = flSP: Fluorescence, Seapoint
# name 8 = spar: SPAR, Biospherical/Licor
# name 9 = upoly0: Upoly 0, Suna Nitrate
# name 10 = t190C: Temperature, 2 [ITS-90, deg C]
# name 11 = c1uS/cm: Conductivity, 2 [uS/cm]
# name 12 = sbeox1V: Oxygen raw, SBE 43, 2 [V]
# name 13 = depFM: Depth [fresh water, m], lat = 43.5033
# name 14 = sbeox0Mg/L: Oxygen, SBE 43 [mg/l], WS = 2
# name 15 = specc: Specific Conductance [uS/cm]
# name 16 = sbeox1Mg/L: Oxygen, SBE 43, 2 [mg/l], WS = 2
# name 17 = flag: flag
# span 0 =     -0.132,    100.457       
# span 1 =     4.1931,    18.1386       
# span 2 =   6.244353, 403.364714       
# span 3 =     0.0000,     0.0366       
# span 4 = 1.0000e-12, 2.8091e+00       
# span 5 =     0.1422,     7.6084       
# span 6 =    14.9256,    96.5068       
# span 7 = 7.3260e-02, 2.6996e+00       
# span 8 = 0.0000e+00, 0.0000e+00       
# span 9 =  0.0409173,  0.0625367       
# span 10 =     4.1933,    18.1383      
# span 11 =   3.677314, 262.514495      
# span 12 =     1.9170,     2.6801      
# span 13 =     -0.135,    102.438      
# span 14 =    -3.3084,    -2.1910      
# span 15 =      7.820,    484.036      
# span 16 =     6.5262,    11.6427      
# span 17 = 0.0000e+00, 0.0000e+00      
# interval = seconds: 0.0416667
# start_time = Sep 28 2023 03:23:14 [NMEA time, header]
# bad_flag = -9.990e-29
*END*
[from data line 13749]
     51.037     4.7572 188.446240     0.0330 1.0000e-12     0.3194    92.3245 2.2711e-01 0.0000e+00  0.0554688     4.7568 189.570911     2.2418     52.043    -3.0681    316.628    11.1642 -9.990e-29
     51.042     4.7574 188.398451     0.0147 1.0000e-12     0.3194    92.3245 2.2344e-01 0.0000e+00  0.0554688     4.7573 189.510242     2.2418     52.048    -3.1922    316.545    11.1650 -9.990e-29
     51.047     4.7572 188.446239     0.0134 1.0000e-12     0.3194    92.3245 2.1978e-01 0.0000e+00  0.0558845     4.7572 189.661912     2.2418     52.053    -3.1842    316.628    11.1647 -9.990e-29
     51.052     4.7572 188.422345     0.0330 1.0000e-12     0.3194    92.3245 2.1612e-01 0.0000e+00  0.0558845     4.7572 189.540576     2.2418     52.059    -3.0714    316.587    11.1657 -9.990e-29
     51.058     4.7570 188.446240     0.0134 1.0000e-12     0.3206    92.2984 2.1245e-01 0.0000e+00  0.0563003     4.7575 189.601244     2.2418     52.065    -3.2015    316.630    11.1655 -9.990e-29
     51.064     4.7571 188.434293     0.0159 1.0000e-12     0.3206    92.2984 2.1245e-01 0.0000e+00  0.0558845     4.7578 189.540576     2.2418     52.071    -3.1693    316.609    11.1653 -9.990e-29
     51.070     4.7569 188.458187     0.0317 1.0000e-12     0.3206    92.2984 2.1612e-01 0.0000e+00  0.0558845     4.7575 189.540576     2.2430     52.077    -3.0818    316.651    11.1717 -9.990e-29
     51.076     4.7567 188.434294     0.0122 1.0000e-12     0.3206    92.2984 2.1978e-01 0.0000e+00  0.0554688     4.7578 189.601245     2.2418     52.083    -3.2091    316.613    11.1637 -9.990e-29
     51.080     4.7567 188.410400     0.0195 1.0000e-12     0.3206    92.2984 2.2344e-01 0.0000e+00  0.0554688     4.7572 189.540577     2.2430     52.087    -3.1487    316.573    11.1716 -9.990e-29
     51.082     4.7567 188.422346     0.0305 1.0000e-12     0.3206    92.2984 2.4908e-01 0.0000e+00  0.0554688     4.7570 189.601245     2.2418     52.089    -3.0937    316.593    11.1638 -9.990e-29
     51.085     4.7565 188.362610     0.0110 1.0000e-12     0.3206    92.2984 2.8205e-01 0.0000e+00  0.0554688     4.7572 189.540576     2.2418     52.092    -3.2176    316.495    11.1624 -9.990e-29
     51.089     4.7564 188.362611     0.0220 1.0000e-12     0.3217    92.2722 2.8938e-01 0.0000e+00  0.0554688     4.7564 189.540578     2.2418     52.096    -3.1336    316.496    11.1613 -9.990e-29
     51.093     4.7564 188.374558     0.0293 1.0000e-12     0.3206    92.2984 2.8205e-01 0.0000e+00  0.0554688     4.7567 189.570911     2.2418     52.100    -3.1031    316.516    11.1599 -9.990e-29
     51.097     4.7562 188.410401     0.0098 1.0000e-12     0.3206    92.2984 2.6007e-01 0.0000e+00  0.0554688     4.7559 189.570913     2.2418     52.104    -3.2235    316.578    11.1602 -9.990e-29
     51.100     4.7562 188.434292     0.0244 1.0000e-12     0.3206    92.2984 2.3443e-01 0.0000e+00  0.0554688     4.7564 189.510242     2.2418     52.107    -3.1189    316.618    11.1602 -9.990e-29
     51.104     4.7561 188.398453     0.0269 1.0000e-12     0.3206    92.2984 2.1612e-01 0.0000e+00  0.0554688     4.7559 189.540578     2.2418     52.112    -3.1198    316.559    11.1604 -9.990e-29
     51.109     4.7563 188.374560     0.0085 1.0000e-12     0.3206    92.2984 2.0879e-01 0.0000e+00  0.0558845     4.7559 189.570913     2.2418     52.117    -3.2310    316.517    11.1605 -9.990e-29
     51.111     4.7562 188.482082     0.0269 1.0000e-12     0.3206    92.2984 2.1978e-01 0.0000e+00  0.0558845     4.7557 189.570911     2.2418     52.119    -3.1046    316.698    11.1595 -9.990e-29
     51.115     4.7560 188.458189     0.0256 1.0000e-12     0.3217    92.2722 2.2711e-01 0.0000e+00  0.0558845     4.7552 189.449577     2.2418     52.123    -3.1296    316.660    11.1586 -9.990e-29
     51.118     4.7559 188.410401     0.0073 1.0000e-12     0.3217    92.2722 2.2711e-01 0.0000e+00  0.0558845     4.7551 189.570914     2.2418     52.126    -3.2369    316.581    11.1576 -9.990e-29
     51.119     4.7559 188.446242     0.0293 1.0000e-12     0.3206    92.2984 2.3443e-01 0.0000e+00  0.0554688     4.7549 189.540579     2.2418     52.127    -3.0898    316.641    11.1579 -9.990e-29
     51.119     4.7560 188.422347     0.0244 1.0000e-12     0.3217    92.2722 2.9304e-01 0.0000e+00  0.0554688     4.7552 189.510245     2.2418     52.127    -3.1375    316.600    11.1570 -9.990e-29
     51.120     4.7559 188.410400     0.0061 1.0000e-12     0.3206    92.2984 4.3223e-01 0.0000e+00  0.0554688     4.7548 189.328242     2.2418     52.128    -3.2426    316.581    11.1563 -9.990e-29
     51.121     4.7561 188.446241     0.0305 1.0000e-12     0.3206    92.2984 4.5421e-01 0.0000e+00  0.0554688     4.7546 189.449577     2.2418     52.129    -3.0825    316.639    11.1556 -9.990e-29
     51.122     4.7559 188.398453     0.0232 1.0000e-12     0.3217    92.2722 3.8828e-01 0.0000e+00  0.0558845     4.7548 189.601247     2.2418     52.130    -3.1444    316.561    11.1549 -9.990e-29
     51.124     4.7562 188.398453     0.0061 1.0000e-12     0.3206    92.2984 3.2601e-01 0.0000e+00  0.0558845     4.7546 189.540579     2.2418     52.132    -3.2406    316.558    11.1543 -9.990e-29
     51.126     4.7562 188.410401     0.0317 1.0000e-12     0.3206    92.2984 2.8205e-01 0.0000e+00  0.0558845     4.7548 189.540580     2.2405     52.134    -3.0751    316.578    11.1466 -9.990e-29
     51.125     4.7562 188.374559     0.0208 1.0000e-12     0.3206    92.2984 2.5641e-01 0.0000e+00  0.0554688     4.7552 189.570913     2.2418     52.133    -3.1598    316.518    11.1555 -9.990e-29
     51.125     4.7562 188.422347     0.0073 1.0000e-12     0.3206    92.2984 2.4176e-01 0.0000e+00  0.0554688     4.7552 189.570913     2.2418     52.133    -3.2311    316.598    11.1562 -9.990e-29
     51.124     4.7564 188.458190     0.0330 1.0000e-12     0.3194    92.3245 2.3443e-01 0.0000e+00  0.0558845     4.7552 189.570914     2.2418     52.132    -3.0682    316.656    11.1557 -9.990e-29
     51.123     4.7563 188.398452     0.0195 1.0000e-12     0.3206    92.2984 2.2344e-01 0.0000e+00  0.0554688     4.7557 189.510243     2.2405     52.131    -3.1683    316.557    11.1466 -9.990e-29
     51.121     4.7564 188.374560     0.0073 1.0000e-12     0.3194    92.3245 2.1612e-01 0.0000e+00  0.0554688     4.7557 189.540579     2.2418     52.129    -3.2303    316.516    11.1557 -9.990e-29
     51.119     4.7565 188.374558     0.0330 1.0000e-12     0.3206    92.2984 2.0513e-01 0.0000e+00  0.0554688     4.7562 189.570912     2.2418     52.127    -3.0686    316.515    11.1552 -9.990e-29
     51.118     4.7564 188.458187     0.0171 1.0000e-12     0.3206    92.2984 2.0513e-01 0.0000e+00  0.0554688     4.7560 189.510243     2.2418     52.126    -3.1816    316.656    11.1575 -9.990e-29
     51.117     4.7566 188.446242     0.0085 1.0000e-12     0.3206    92.2984 2.3077e-01 0.0000e+00  0.0554688     4.7567 189.601247     2.2405     52.125    -3.2196    316.634    11.1499 -9.990e-29
     51.115     4.7567 188.398453     0.0342 1.0000e-12     0.3217    92.2722 2.8938e-01 0.0000e+00  0.0554688     4.7572 189.570911     2.2405     52.123    -3.0611    316.553    11.1508 -9.990e-29
     51.112     4.7569 188.458188     0.0159 1.0000e-12     0.3217    92.2722 2.8571e-01 0.0000e+00  0.0554688     4.7565 189.570912     2.2405     52.120    -3.1870    316.651    11.1520 -9.990e-29
     51.108     4.7566 188.446241     0.0110 1.0000e-12     0.3206    92.2984 2.5275e-01 0.0000e+00  0.0554688     4.7568 189.570912     2.2418     52.116    -3.2004    316.634    11.1600 -9.990e-29
     51.104     4.7565 188.410400     0.0330 1.0000e-12     0.3194    92.3245 2.5275e-01 0.0000e+00  0.0554688     4.7564 189.570912     2.2418     52.112    -3.0676    316.575    11.1599 -9.990e-29
     51.100     4.7566 188.422346     0.0147 1.0000e-12     0.3206    92.2984 2.7106e-01 0.0000e+00  0.0558845     4.7565 189.510243     2.2405     52.107    -3.1913    316.594    11.1513 -9.990e-29
     51.098     4.7564 188.458188     0.0134 1.0000e-12     0.3206    92.2984 2.5641e-01 0.0000e+00  0.0558845     4.7567 189.601246     2.2418     52.105    -3.1829    316.656    11.1596 -9.990e-29
     51.095     4.7567 188.482083     0.0317 1.0000e-12     0.3194    92.3245 2.3077e-01 0.0000e+00  0.0558845     4.7567 189.570912     2.2405     52.102    -3.0758    316.693    11.1511 -9.990e-29
     51.091     4.7564 188.362610     0.0134 1.0000e-12     0.3194    92.3245 2.1612e-01 0.0000e+00  0.0554688     4.7563 189.388907     2.2405     52.098    -3.1973    316.496    11.1512 -9.990e-29
     51.088     4.7564 188.434294     0.0159 1.0000e-12     0.3206    92.2984 2.1978e-01 0.0000e+00  0.0554688     4.7561 189.449576     2.2405     52.095    -3.1648    316.616    11.1526 -9.990e-29
     51.084     4.7563 188.434294     0.0317 1.0000e-12     0.3206    92.2984 2.2344e-01 0.0000e+00  0.0558845     4.7560 189.540578     2.2405     52.091    -3.0758    316.617    11.1540 -9.990e-29
     51.079     4.7567 188.434293     0.0122 1.0000e-12     0.3206    92.2984 2.2711e-01 0.0000e+00  0.0558845     4.7565 189.449575     2.2405     52.086    -3.2027    316.613    11.1552 -9.990e-29
     51.073     4.7568 188.434293     0.0183 1.0000e-12     0.3228    92.2461 2.2344e-01 0.0000e+00  0.0554688     4.7572 189.479908     2.2405     52.080    -3.1484    316.612    11.1563 -9.990e-29
     51.069     4.7571 188.410398     0.0305 1.0000e-12     0.3228    92.2461 2.1245e-01 0.0000e+00  0.0554688     4.7572 189.540576     2.2405     52.076    -3.0855    316.568    11.1577 -9.990e-29
     51.065     4.7572 188.434294     0.0110 1.0000e-12     0.3228    92.2461 2.0513e-01 0.0000e+00  0.0558845     4.7568 189.570912     2.2405     52.072    -3.2102    316.608    11.1591 -9.990e-29
     51.060     4.7575 188.386503     0.0208 1.0000e-12     0.3217    92.2722 2.1245e-01 0.0000e+00  0.0558845     4.7572 189.601244     2.2405     52.067    -3.1335    316.524    11.1603 -9.990e-29
     51.056     4.7577 188.446239     0.0293 1.0000e-12     0.3206    92.2984 2.1612e-01 0.0000e+00  0.0558845     4.7570 189.570911     2.2418     52.063    -3.0951    316.622    11.1689 -9.990e-29
     51.052     4.7577 188.470134     0.0098 1.0000e-12     0.3228    92.2461 2.1245e-01 0.0000e+00  0.0558845     4.7563 189.601245     2.2418     52.059    -3.2176    316.662    11.1678 -9.990e-29
     51.049     4.7581 188.482081     0.0232 1.0000e-12     0.3217    92.2722 2.0879e-01 0.0000e+00  0.0558845     4.7564 189.419241     2.2418     52.055    -3.1202    316.678    11.1679 -9.990e-29
     51.044     4.7581 188.470134     0.0269 1.0000e-12     0.3217    92.2722 2.1245e-01 0.0000e+00  0.0558845     4.7551 189.510244     2.2405     52.050    -3.1122    316.658    11.1601 -9.990e-29
     51.039     4.7585 188.434291     0.0085 1.0000e-12     0.3228    92.2461 2.1978e-01 0.0000e+00  0.0558845     4.7541 189.510243     2.2405     52.045    -3.2243    316.594    11.1606 -9.990e-29
     51.035     4.7584 188.434292     0.0256 1.0000e-12     0.3228    92.2461 2.1245e-01 0.0000e+00  0.0554688     4.7536 189.388909     2.2405     52.041    -3.1048    316.595    11.1597 -9.990e-29
     51.030     4.7583 188.410398     0.0269 1.0000e-12     0.3217    92.2722 2.0147e-01 0.0000e+00  0.0554688     4.7535 189.449577     2.2405     52.036    -3.1131    316.556    11.1600 -9.990e-29
     51.024     4.7580 188.422344     0.0073 1.0000e-12     0.3217    92.2722 1.9780e-01 0.0000e+00  0.0558845     4.7536 189.540578     2.2418     52.030    -3.2307    316.579    11.1699 -9.990e-29
     51.018     4.7581 188.458185     0.0281 1.0000e-12     0.3217    92.2722 2.0879e-01 0.0000e+00  0.0563003     4.7546 189.570911     2.2418     52.024    -3.0911    316.638    11.1699 -9.990e-29
     51.013     4.7585 188.482080     0.0244 1.0000e-12     0.3228    92.2461 2.2711e-01 0.0000e+00  0.0563003     4.7548 189.570911     2.2418     52.019    -3.1323    316.674    11.1689 -9.990e-29
     51.008     4.7583 188.446238     0.0073 1.0000e-12     0.3217    92.2722 2.3443e-01 0.0000e+00  0.0554688     4.7546 189.570911     2.2418     52.014    -3.2308    316.616    11.1693 -9.990e-29
     51.004     4.7584 188.410397     0.0305 1.0000e-12     0.3217    92.2722 2.2711e-01 0.0000e+00  0.0554688     4.7551 189.510243     2.2405     52.010    -3.0782    316.555    11.1610 -9.990e-29
     51.000     4.7588 188.446238     0.0232 1.0000e-12     0.3217    92.2722 2.1978e-01 0.0000e+00  0.0558845     4.7554 189.540577     2.2405     52.006    -3.1410    316.611    11.1625 -9.990e-29
     50.995     4.7587 188.398449     0.0073 1.0000e-12     0.3228    92.2461 2.1612e-01 0.0000e+00  0.0563003     4.7552 189.570911     2.2405     52.000    -3.2308    316.531    11.1641 -9.990e-29
     50.989     4.7589 188.458185     0.0317 1.0000e-12     0.3228    92.2461 2.1978e-01 0.0000e+00  0.0558845     4.7557 189.661913     2.2405     51.994    -3.0728    316.630    11.1641 -9.990e-29
     50.984     4.7591 188.422342     0.0220 1.0000e-12     0.3240    92.2199 2.2711e-01 0.0000e+00  0.0554688     4.7562 189.510241     2.2405     51.989    -3.1498    316.567    11.1655 -9.990e-29
     50.980     4.7592 188.422343     0.0073 1.0000e-12     0.3262    92.1677 2.5275e-01 0.0000e+00  0.0554688     4.7570 189.540576     2.2405     51.985    -3.2309    316.566    11.1654 -9.990e-29
     50.976     4.7593 188.458184     0.0330 1.0000e-12     0.3274    92.1415 2.7473e-01 0.0000e+00  0.0554688     4.7583 189.449572     2.2418     51.981    -3.0658    316.625    11.1735 -9.990e-29
     50.972     4.7594 188.470132     0.0208 1.0000e-12     0.3274    92.1415 2.6374e-01 0.0000e+00  0.0558845     4.7591 189.510240     2.2418     51.977    -3.1576    316.644    11.1733 -9.990e-29
     50.968     4.7594 188.470131     0.0073 1.0000e-12     0.3274    92.1415 2.4176e-01 0.0000e+00  0.0558845     4.7583 189.510240     2.2418     51.973    -3.2289    316.644    11.1735 -9.990e-29
     50.965     4.7601 188.505972     0.0330 1.0000e-12     0.3262    92.1677 2.1978e-01 0.0000e+00  0.0554688     4.7578 189.601242     2.2418     51.970    -3.0671    316.697    11.1723 -9.990e-29
     50.962     4.7599 188.494026     0.0183 1.0000e-12     0.3274    92.1415 2.0879e-01 0.0000e+00  0.0558845     4.7583 189.540575     2.2418     51.967    -3.1736    316.679    11.1721 -9.990e-29
     50.958     4.7599 188.422342     0.0085 1.0000e-12     0.3274    92.1415 2.2344e-01 0.0000e+00  0.0558845     4.7580 189.540574     2.2418     51.963    -3.2203    316.559    11.1708 -9.990e-29
     50.954     4.7598 188.446236     0.0330 1.0000e-12     0.3274    92.1415 2.3077e-01 0.0000e+00  0.0558845     4.7581 189.510240     2.2418     51.959    -3.0684    316.600    11.1706 -9.990e-29
     50.951     4.7601 188.434289     0.0171 1.0000e-12     0.3274    92.1415 2.2344e-01 0.0000e+00  0.0558845     4.7583 189.510240     2.2405     51.956    -3.1801    316.577    11.1620 -9.990e-29
     50.948     4.7599 188.410395     0.0098 1.0000e-12     0.3274    92.1415 2.2711e-01 0.0000e+00  0.0558845     4.7584 189.510239     2.2405     51.952    -3.2098    316.539    11.1631 -9.990e-29
     50.946     4.7601 188.446236     0.0330 1.0000e-12     0.3262    92.1677 2.2711e-01 0.0000e+00  0.0554688     4.7586 189.661910     2.2405     51.950    -3.0684    316.597    11.1642 -9.990e-29
     50.944     4.7601 188.482078     0.0159 1.0000e-12     0.3262    92.1677 2.3443e-01 0.0000e+00  0.0554688     4.7584 189.631576     2.2405     51.948    -3.1856    316.657    11.1654 -9.990e-29
     50.943     4.7600 188.470130     0.0122 1.0000e-12     0.3274    92.1415 2.4176e-01 0.0000e+00  0.0558845     4.7583 189.479906     2.2405     51.947    -3.1936    316.638    11.1652 -9.990e-29
     50.941     4.7604 188.434289     0.0330 1.0000e-12     0.3274    92.1415 2.5275e-01 0.0000e+00  0.0558845     4.7580 189.570908     2.2405     51.945    -3.0707    316.573    11.1650 -9.990e-29
