data/05_metadata_exports/SeabirdData/202310_SeabirdData/88847_STN12.cnv
* Sea-Bird SBE 9 Data File:
* FileName = C:\Users\rosette\Rosette Data\2023\Ontario lower food web csmi\STN12.hex
* Software Version Seasave V 7.26.6.26
* Temperature SN = 5270
* Conductivity SN = 1168
* Number of Bytes Per Scan = 40
* Number of Voltage Words = 5
* Number of Scans Averaged by the Deck Unit = 1
* NMEA Latitude = 43 30.20 N
* NMEA Longitude = 079 21.22 W
* NMEA UTC (Time) = Sep 28 2023  03:23:14
* NMEA baud rate = 4800
** Ship: Lake Guardian
** Cruise: Ontario Lower Food Web 2023
** Station:  STN12
# nquan = 18                                
# nvalues = 19036                       
# units = specified
# name 0 = prDM: Pressure, Digiquartz [db]
# name 1 = t090C: Temperature [ITS-90, deg C]
# name 2 = c0uS/cm: Conductivity [uS/cm]
# name 3 = sbeox0V: Oxygen raw, SBE 43 [V]
# name 4 = par: PAR/Irradiance, Biospherical/Licor
# name 5 = bat: Beam Attenuation, Chelsea/Seatech [1/m]
# name 6 = xmiss: Beam Transmission, Chelsea/Seatech [%]
# name 7 = flSP: Fluorescence, Seapoint
# name 8 = spar: SPAR, Biospherical/Licor
# name 9 = upoly0: Upoly 0, Suna Nitrate
# name 10 = t190C: Temperature, 2 [ITS-90, deg C]
# name 11 = c1uS/cm: Conductivity, 2 [uS/cm]
# name 12 = sbeox1V: Oxygen raw, SBE 43, 2 [V]
# name 13 = depFM: Depth [fresh water, m], lat = 43.5033
# name 14 = sbeox0Mg/L: Oxygen, SBE 43 [mg/l], WS = 2
# name 15 = specc: Specific Conductance [uS/cm]
# name 16 = sbeox1Mg/L: Oxygen, SBE 43, 2 [mg/l], WS = 2
# name 17 = flag: flag
# span 0 =     -0.132,    100.457       
# span 1 =     4.1931,    18.1386       
# span 2 =   6.244353, 403.364714       
# span 3 =     0.0000,     0.0366       
# span 4 = 1.0000e-12, 2.8091e+00       
# span 5 =     0.1422,     7.6084       
# span 6 =    14.9256,    96.5068       
# span 7 = 7.3260e-02, 2.6996e+00       
# span 8 = 0.0000e+00, 0.0000e+00       
# span 9 =  0.0409173,  0.0625367       
# span 10 =     4.1933,    18.1383      
# span 11 =   3.677314, 262.514495      
# span 12 =     1.9170,     2.6801      
# span 13 =     -0.135,    102.438      
# span 14 =    -3.3084,    -2.1910      
# span 15 =      7.820,    484.036      
# span 16 =     6.5262,    11.6427      
# span 17 = 0.0000e+00, 0.0000e+00      
# interval = seconds: 0.0416667
# start_time = Sep 28 2023 03:23:14 [NMEA time, header]
# bad_flag = -9.990e-29
*END*
[from data line 9729]
    100.360     4.1987 185.652266     0.0305 1.0000e-12     0.2421    94.1281 9.8901e-02 0.0000e+00  0.0550530     4.2005 186.902898     2.2430    102.339    -3.1459    317.901    11.4126 0.0000e+00
    100.354     4.1989 185.711983     0.0134 1.0000e-12     0.2443    94.0758 9.5238e-02 0.0000e+00  0.0554688     4.2010 186.963558     2.2430    102.333    -3.2602    318.001    11.4128 0.0000e+00
    100.348     4.1989 185.700040     0.0342 1.0000e-12     0.2421    94.1281 9.8901e-02 0.0000e+00  0.0554688     4.2008 186.963558     2.2430    102.326    -3.1313    317.981    11.4133 0.0000e+00
    100.342     4.1987 185.676152     0.0195 1.0000e-12     0.2432    94.1020 1.0256e-01 0.0000e+00  0.0554688     4.2007 186.963558     2.2442    102.320    -3.2140    317.942    11.4217 0.0000e+00
    100.336     4.1985 185.676152     0.0232 1.0000e-12     0.2465    94.0236 1.0256e-01 0.0000e+00  0.0554688     4.2002 186.781575     2.2430    102.314    -3.2110    317.944    11.4132 0.0000e+00
    100.331     4.1984 185.652266     0.0293 1.0000e-12     0.2465    94.0236 9.8901e-02 0.0000e+00  0.0550530     4.2003 186.842236     2.2430    102.309    -3.1530    317.904    11.4137 0.0000e+00
    100.326     4.1982 185.664209     0.0134 1.0000e-12     0.2465    94.0236 9.8901e-02 0.0000e+00  0.0550530     4.1999 186.902897     2.2430    102.304    -3.2644    317.927    11.4144 0.0000e+00
    100.320     4.1980 185.652266     0.0342 1.0000e-12     0.2476    93.9974 9.5238e-02 0.0000e+00  0.0550530     4.1999 186.933228     2.2430    102.298    -3.1297    317.909    11.4150 0.0000e+00
    100.314     4.1984 185.688095     0.0171 1.0000e-12     0.2454    94.0497 9.5238e-02 0.0000e+00  0.0554688     4.2002 186.902896     2.2430    102.292    -3.2303    317.966    11.4168 -9.990e-29
    100.310     4.1987 185.700039     0.0269 1.0000e-12     0.2476    93.9974 9.5238e-02 0.0000e+00  0.0554688     4.2000 186.933228     2.2430    102.288    -3.1867    317.983    11.4176 -9.990e-29
    100.305     4.1987 185.711983     0.0269 1.0000e-12     0.2454    94.0497 9.5238e-02 0.0000e+00  0.0554688     4.1995 186.781576     2.2430    102.283    -3.1671    318.003    11.4185 0.0000e+00
    100.299     4.1990 185.747812     0.0147 1.0000e-12     0.2465    94.0236 9.1575e-02 0.0000e+00  0.0550530     4.1995 186.842235     2.2430    102.276    -3.2591    318.061    11.4193 0.0000e+00
    100.294     4.1991 185.700038     0.0342 1.0000e-12     0.2465    94.0236 9.5238e-02 0.0000e+00  0.0550530     4.1994 186.811905     2.2430    102.271    -3.1269    317.978    11.4201 0.0000e+00
    100.289     4.1991 185.688095     0.0159 1.0000e-12     0.2465    94.0236 9.5238e-02 0.0000e+00  0.0554688     4.1994 186.811906     2.2430    102.266    -3.2400    317.958    11.4210 -9.990e-29
    100.285     4.1995 185.664207     0.0293 1.0000e-12     0.2465    94.0236 9.5238e-02 0.0000e+00  0.0554688     4.1999 186.993887     2.2430    102.262    -3.1707    317.913    11.4218 -9.990e-29
    100.279     4.1993 185.664209     0.0256 1.0000e-12     0.2465    94.0236 9.5238e-02 0.0000e+00  0.0554688     4.2002 186.933228     2.2430    102.256    -3.1764    317.915    11.4240 0.0000e+00
    100.274     4.1990 185.759754     0.0171 1.0000e-12     0.2465    94.0236 9.5238e-02 0.0000e+00  0.0554688     4.2000 186.811904     2.2430    102.251    -3.2468    318.082    11.4250 -9.990e-29
    100.270     4.1991 185.723925     0.0330 1.0000e-12     0.2465    94.0236 9.5238e-02 0.0000e+00  0.0550530     4.2000 186.751244     2.2430    102.247    -3.1336    318.019    11.4248 -9.990e-29
    100.267     4.1989 185.700038     0.0147 1.0000e-12     0.2465    94.0236 9.5238e-02 0.0000e+00  0.0550530     4.2003 186.842235     2.2430    102.244    -3.2504    317.981    11.4244 -9.990e-29
    100.264     4.1982 185.723925     0.0317 1.0000e-12     0.2465    94.0236 9.5238e-02 0.0000e+00  0.0550530     4.1999 186.781575     2.2430    102.241    -3.1556    318.029    11.4243 -9.990e-29
    100.260     4.1984 185.735869     0.0232 1.0000e-12     0.2465    94.0236 9.5238e-02 0.0000e+00  0.0550530     4.2000 186.842235     2.2430    102.237    -3.1923    318.047    11.4253 -9.990e-29
    100.256     4.1979 185.711982     0.0195 1.0000e-12     0.2465    94.0236 9.5238e-02 0.0000e+00  0.0554688     4.2003 186.902896     2.2430    102.233    -3.2352    318.012    11.4263 -9.990e-29
    100.252     4.1979 185.723925     0.0317 1.0000e-12     0.2465    94.0236 1.0623e-01 0.0000e+00  0.0558845     4.2002 186.811904     2.2430    102.229    -3.1414    318.032    11.4262 -9.990e-29
    100.249     4.1982 185.711981     0.0134 1.0000e-12     0.2465    94.0236 1.2454e-01 0.0000e+00  0.0554688     4.2007 186.872564     2.2430    102.226    -3.2614    318.009    11.4271 -9.990e-29
    100.248     4.1977 185.700039     0.0330 1.0000e-12     0.2454    94.0497 1.3553e-01 0.0000e+00  0.0550530     4.2002 186.902896     2.2430    102.224    -3.1452    317.994    11.4270 -9.990e-29
    100.248     4.1975 185.664207     0.0208 1.0000e-12     0.2432    94.1020 1.3919e-01 0.0000e+00  0.0550530     4.2000 186.781573     2.2430    102.224    -3.2095    317.934    11.4269 -9.990e-29
    100.249     4.1979 185.711983     0.0220 1.0000e-12     0.2421    94.1281 1.3919e-01 0.0000e+00  0.0550530     4.1994 186.781576     2.2430    102.226    -3.2219    318.012    11.4269 -9.990e-29
    100.247     4.1977 185.711981     0.0305 1.0000e-12     0.2421    94.1281 1.3187e-01 0.0000e+00  0.0550530     4.1992 186.872565     2.2430    102.223    -3.1497    318.014    11.4267 -9.990e-29
    100.245     4.1977 185.664208     0.0122 1.0000e-12     0.2421    94.1281 1.1722e-01 0.0000e+00  0.0550530     4.2000 186.811905     2.2430    102.221    -3.2734    317.932    11.4276 -9.990e-29
    100.243     4.1977 185.652264     0.0342 1.0000e-12     0.2421    94.1281 1.1722e-01 0.0000e+00  0.0550530     4.1999 186.811904     2.2430    102.219    -3.1369    317.912    11.4275 -9.990e-29
    100.242     4.1977 185.700038     0.0195 1.0000e-12     0.2421    94.1281 1.1355e-01 0.0000e+00  0.0554688     4.2000 186.811904     2.2430    102.218    -3.2197    317.994    11.4273 -9.990e-29
    100.242     4.1974 185.664209     0.0244 1.0000e-12     0.2421    94.1281 1.1722e-01 0.0000e+00  0.0554688     4.1997 186.811905     2.2430    102.218    -3.2092    317.936    11.4272 -9.990e-29
    100.243     4.1974 185.688094     0.0293 1.0000e-12     0.2421    94.1281 1.1722e-01 0.0000e+00  0.0554688     4.2002 186.872565     2.2442    102.219    -3.1591    317.976    11.4348 -9.990e-29
    100.243     4.1973 185.676152     0.0134 1.0000e-12     0.2421    94.1281 1.1722e-01 0.0000e+00  0.0554688     4.1997 186.902896     2.2430    102.219    -3.2706    317.957    11.4269 -9.990e-29
    100.243     4.1975 185.688094     0.0342 1.0000e-12     0.2421    94.1281 1.1355e-01 0.0000e+00  0.0550530     4.2003 186.811904     2.2430    102.219    -3.1359    317.975    11.4265 -9.990e-29
    100.243     4.1974 185.747813     0.0171 1.0000e-12     0.2421    94.1281 1.0623e-01 0.0000e+00  0.0554688     4.2000 186.902896     2.2430    102.219    -3.2366    318.079    11.4265 -9.990e-29
    100.244     4.1975 185.723925     0.0269 1.0000e-12     0.2421    94.1281 1.0256e-01 0.0000e+00  0.0554688     4.2008 186.902895     2.2430    102.220    -3.1931    318.037    11.4261 -9.990e-29
    100.245     4.1979 185.711982     0.0281 1.0000e-12     0.2421    94.1281 9.8901e-02 0.0000e+00  0.0550530     4.2007 186.933226     2.2430    102.221    -3.1658    318.012    11.4259 -9.990e-29
    100.247     4.1975 185.664208     0.0147 1.0000e-12     0.2421    94.1281 9.8901e-02 0.0000e+00  0.0550530     4.2007 186.842234     2.2430    102.223    -3.2646    317.934    11.4258 -9.990e-29
    100.249     4.1975 185.616435     0.0342 1.0000e-12     0.2421    94.1281 9.8901e-02 0.0000e+00  0.0554688     4.2005 186.902896     2.2442    102.226    -3.1350    317.853    11.4336 -9.990e-29
    100.252     4.1974 185.580605     0.0159 1.0000e-12     0.2421    94.1281 1.0256e-01 0.0000e+00  0.0554688     4.2002 186.842235     2.2430    102.229    -3.2458    317.792    11.4256 -9.990e-29
    100.254     4.1974 185.628377     0.0293 1.0000e-12     0.2421    94.1281 1.0256e-01 0.0000e+00  0.0550530     4.2002 186.751243     2.2430    102.231    -3.1765    317.874    11.4255 -9.990e-29
    100.256     4.1974 185.711982     0.0256 1.0000e-12     0.2421    94.1281 1.0256e-01 0.0000e+00  0.0550530     4.2007 186.781574     2.2430    102.233    -3.1820    318.017    11.4264 -9.990e-29
    100.259     4.1973 185.711982     0.0147 1.0000e-12     0.2432    94.1020 1.0256e-01 0.0000e+00  0.0554688     4.1997 186.811905     2.2430    102.236    -3.2657    318.018    11.4265 -9.990e-29
    100.261     4.1975 185.711982     0.0342 1.0000e-12     0.2421    94.1281 9.8901e-02 0.0000e+00  0.0550530     4.1997 186.811905     2.2430    102.238    -3.1314    318.016    11.4263 -9.990e-29
    100.263     4.1974 185.700038     0.0147 1.0000e-12     0.2409    94.1543 9.8901e-02 0.0000e+00  0.0550530     4.1995 186.811904     2.2430    102.240    -3.2534    317.997    11.4262 -9.990e-29
    100.267     4.1969 185.700039     0.0305 1.0000e-12     0.2409    94.1543 9.8901e-02 0.0000e+00  0.0554688     4.1995 186.811905     2.2430    102.244    -3.1663    318.002    11.4273 -9.990e-29
    100.272     4.1969 185.676152     0.0244 1.0000e-12     0.2409    94.1543 9.5238e-02 0.0000e+00  0.0554688     4.1987 186.811906     2.2442    102.249    -3.1886    317.961    11.4352 -9.990e-29
    100.277     4.1974 185.628378     0.0171 1.0000e-12     0.2409    94.1543 9.5238e-02 0.0000e+00  0.0554688     4.1991 186.872566     2.2430    102.254    -3.2523    317.874    11.4269 -9.990e-29
    100.282     4.1971 185.700040     0.0330 1.0000e-12     0.2409    94.1543 9.5238e-02 0.0000e+00  0.0554688     4.1991 186.811906     2.2430    102.259    -3.1389    318.000    11.4266 -9.990e-29
    100.286     4.1969 185.723926     0.0134 1.0000e-12     0.2409    94.1543 9.8901e-02 0.0000e+00  0.0554688     4.1984 186.872567     2.2430    102.263    -3.2649    318.043    11.4266 -9.990e-29
    100.291     4.1968 185.711983     0.0317 1.0000e-12     0.2409    94.1543 1.0256e-01 0.0000e+00  0.0554688     4.1984 186.811906     2.2430    102.268    -3.1580    318.024    11.4263 -9.990e-29
    100.296     4.1968 185.747814     0.0232 1.0000e-12     0.2409    94.1543 1.0256e-01 0.0000e+00  0.0554688     4.1992 186.872567     2.2430    102.273    -3.1969    318.085    11.4258 -9.990e-29
    100.300     4.1969 185.652265     0.0183 1.0000e-12     0.2409    94.1543 1.0256e-01 0.0000e+00  0.0554688     4.1991 186.781575     2.2430    102.278    -3.2462    317.920    11.4256 -9.990e-29
    100.305     4.1968 185.652267     0.0317 1.0000e-12     0.2409    94.1543 1.0623e-01 0.0000e+00  0.0550530     4.1994 186.781576     2.2430    102.283    -3.1466    317.922    11.4252 -9.990e-29
    100.310     4.1969 185.700039     0.0122 1.0000e-12     0.2409    94.1543 1.0256e-01 0.0000e+00  0.0550530     4.1992 186.811905     2.2430    102.288    -3.2743    318.002    11.4250 -9.990e-29
    100.316     4.1966 185.711984     0.0330 1.0000e-12     0.2409    94.1543 9.8901e-02 0.0000e+00  0.0550530     4.1986 186.872568     2.2430    102.294    -3.1477    318.026    11.4250 -9.990e-29
    100.321     4.1969 185.664210     0.0220 1.0000e-12     0.2409    94.1543 9.8901e-02 0.0000e+00  0.0554688     4.1984 186.811907     2.2430    102.299    -3.2038    317.941    11.4261 -9.990e-29
    100.326     4.1969 185.664210     0.0208 1.0000e-12     0.2409    94.1543 9.8901e-02 0.0000e+00  0.0554688     4.1979 186.993890     2.2430    102.304    -3.2292    317.941    11.4261 -9.990e-29
    100.331     4.1966 185.676154     0.0317 1.0000e-12     0.2409    94.1543 9.5238e-02 0.0000e+00  0.0554688     4.1978 186.811907     2.2430    102.309    -3.1446    317.965    11.4259 -9.990e-29
    100.335     4.1968 185.676153     0.0122 1.0000e-12     0.2409    94.1543 9.5238e-02 0.0000e+00  0.0550530     4.1981 186.842237     2.2430    102.313    -3.2758    317.962    11.4256 -9.990e-29
    100.339     4.1969 185.688097     0.0342 1.0000e-12     0.2409    94.1543 9.1575e-02 0.0000e+00  0.0550530     4.1981 186.811908     2.2430    102.317    -3.1378    317.982    11.4254 -9.990e-29
    100.343     4.1966 185.700040     0.0195 1.0000e-12     0.2409    94.1543 9.5238e-02 0.0000e+00  0.0550530     4.1979 186.811907     2.2430    102.321    -3.2203    318.006    11.4252 -9.990e-29
    100.346     4.1969 185.711984     0.0220 1.0000e-12     0.2409    94.1543 1.0256e-01 0.0000e+00  0.0550530     4.1976 186.872568     2.2430    102.324    -3.2214    318.023    11.4251 -9.990e-29
    100.351     4.1968 185.711984     0.0305 1.0000e-12     0.2421    94.1281 1.0256e-01 0.0000e+00  0.0554688     4.1975 186.781577     2.2430    102.330    -3.1511    318.024    11.4263 -9.990e-29
    100.356     4.1969 185.711985     0.0122 1.0000e-12     0.2409    94.1543 9.8901e-02 0.0000e+00  0.0550530     4.1976 186.842239     2.2430    102.335    -3.2767    318.023    11.4261 -9.990e-29
    100.361     4.1966 185.711984     0.0342 1.0000e-12     0.2421    94.1281 9.8901e-02 0.0000e+00  0.0550530     4.1975 186.902899     2.2442    102.340    -3.1363    318.026    11.4339 -9.990e-29
    100.366     4.1966 185.723928     0.0195 1.0000e-12     0.2421    94.1281 1.0256e-01 0.0000e+00  0.0550530     4.1981 186.781578     2.2430    102.345    -3.2210    318.046    11.4256 -9.990e-29
    100.371     4.1968 185.640324     0.0244 1.0000e-12     0.2421    94.1281 1.0256e-01 0.0000e+00  0.0554688     4.1976 186.842239     2.2430    102.350    -3.2077    317.901    11.4256 -9.990e-29
    100.374     4.1966 185.688098     0.0293 1.0000e-12     0.2409    94.1543 1.0623e-01 0.0000e+00  0.0554688     4.1975 186.933230     2.2430    102.353    -3.1595    317.985    11.4255 -9.990e-29
    100.377     4.1968 185.592550     0.0122 1.0000e-12     0.2409    94.1543 1.0623e-01 0.0000e+00  0.0554688     4.1975 186.902899     2.2442    102.356    -3.2795    317.819    11.4333 -9.990e-29
    100.381     4.1966 185.628382     0.0342 1.0000e-12     0.2421    94.1281 1.0623e-01 0.0000e+00  0.0550530     4.1976 186.781579     2.2430    102.360    -3.1367    317.883    11.4252 -9.990e-29
    100.384     4.1969 185.688097     0.0171 1.0000e-12     0.2409    94.1543 1.0256e-01 0.0000e+00  0.0554688     4.1971 186.781577     2.2430    102.363    -3.2379    317.982    11.4265 -9.990e-29
    100.388     4.1969 185.664211     0.0256 1.0000e-12     0.2421    94.1281 9.8901e-02 0.0000e+00  0.0554688     4.1975 186.902900     2.2430    102.367    -3.1989    317.941    11.4263 -9.990e-29
    100.391     4.1969 185.688098     0.0281 1.0000e-12     0.2421    94.1281 9.8901e-02 0.0000e+00  0.0554688     4.1978 186.781578     2.2430    102.370    -3.1662    317.982    11.4261 -9.990e-29
    100.394     4.1968 185.664211     0.0134 1.0000e-12     0.2421    94.1281 9.8901e-02 0.0000e+00  0.0554688     4.1976 186.751248     2.2430    102.373    -3.2719    317.942    11.4261 -9.990e-29
    100.397     4.1968 185.664212     0.0342 1.0000e-12     0.2421    94.1281 1.0256e-01 0.0000e+00  0.0550530     4.1975 186.842240     2.2430    102.376    -3.1357    317.942    11.4260 -9.990e-29
    100.400     4.1969 185.688097     0.0171 1.0000e-12     0.2421    94.1281 1.0623e-01 0.0000e+00  0.0550530     4.1976 186.811907     2.2430    102.379    -3.2381    317.982    11.4259 -9.990e-29
    100.403     4.1966 185.664212     0.0269 1.0000e-12     0.2421    94.1281 1.0256e-01 0.0000e+00  0.0550530     4.1976 186.872570     2.2430    102.383    -3.1895    317.944    11.4257 -9.990e-29
    100.406     4.1968 185.711986     0.0269 1.0000e-12     0.2421    94.1281 1.0256e-01 0.0000e+00  0.0550530     4.1978 186.933231     2.2430    102.386    -3.1742    318.024    11.4256 -9.990e-29
