data/05_metadata_exports/SeabirdData/202310_SeabirdData/88854_STN12,2.cnv
* Sea-Bird SBE 9 Data File:
* FileName = C:\Users\rosette\Rosette Data\2023\Ontario lower food web csmi\STN12,2.hex
* Software Version Seasave V 7.26.6.26
* Temperature SN = 5270
* Conductivity SN = 1168
* Number of Bytes Per Scan = 40
* Number of Voltage Words = 5
* Number of Scans Averaged by the Deck Unit = 1
* NMEA Latitude = 43 30.09 N
* NMEA Longitude = 079 21.50 W
* NMEA UTC (Time) = Sep 28 2023  03:56:05
* NMEA baud rate = 4800
** Ship: Lake Guardian
** Cruise: Ontario Lower Food Web 2023
** Station:  STN12,2
# nquan = 18                                
# nvalues = 7237                        
# units = specified
# name 0 = prDM: Pressure, Digiquartz [db]
# name 1 = t090C: Temperature [ITS-90, deg C]
# name 2 = c0uS/cm: Conductivity [uS/cm]
# name 3 = sbeox0V: Oxygen raw, SBE 43 [V]
# name 4 = par: PAR/Irradiance, Biospherical/Licor
# name 5 = bat: Beam Attenuation, Chelsea/Seatech [1/m]
# name 6 = xmiss: Beam Transmission, Chelsea/Seatech [%]
# name 7 = flSP: Fluorescence, Seapoint
# name 8 = spar: SPAR, Biospherical/Licor
# name 9 = upoly0: Upoly 0, Suna Nitrate
# name 10 = t190C: Temperature, 2 [ITS-90, deg C]
# name 11 = c1uS/cm: Conductivity, 2 [uS/cm]
# name 12 = sbeox1V: Oxygen raw, SBE 43, 2 [V]
# name 13 = depFM: Depth [fresh water, m], lat = 43.5015
# name 14 = sbeox0Mg/L: Oxygen, SBE 43 [mg/l], WS = 2
# name 15 = specc: Specific Conductance [uS/cm]
# name 16 = sbeox1Mg/L: Oxygen, SBE 43, 2 [mg/l], WS = 2
# name 17 = flag: flag
# span 0 =      0.040,      5.277       
# span 1 =    14.3201,    18.1334       
# span 2 =   1.545543, 384.610202       
# span 3 =     0.0171,     0.0354       
# span 4 = 1.0000e-12, 5.0390e+00       
# span 5 =     0.9711,     3.5959       
# span 6 =    40.6991,    78.4445       
# span 7 = 8.7912e-02, 2.3333e+00       
# span 8 = 0.0000e+00, 0.0000e+00       
# span 9 =  0.0384227,  0.0388385       
# span 10 =    14.2029,    18.1378      
# span 11 =   0.249759, 262.575022      
# span 12 =     1.9280,     2.7753      
# span 13 =      0.041,      5.381      
# span 14 =    -2.4743,    -2.1912      
# span 15 =      1.964,    488.767      
# span 16 =     6.5675,    10.8090      
# span 17 = 0.0000e+00, 0.0000e+00      
# interval = seconds: 0.0416667
# start_time = Sep 28 2023 03:56:05 [NMEA time, header]
# bad_flag = -9.990e-29
*END*
[from data line 2413]
      2.462    17.3206 254.767357     0.0208 1.0000e-12     1.1081    75.8044 9.3773e-01 0.0000e+00  0.0388385    17.9254 257.401684     1.9316      2.511    -2.3006    300.967     6.7217 -9.990e-29
      2.467    17.3181 254.731244     0.0317 1.0000e-12     1.1094    75.7782 9.3040e-01 0.0000e+00  0.0388385    17.9549 257.340801     1.9316      2.516    -2.2463    300.942     6.7260 -9.990e-29
      2.475    17.3155 254.767363     0.0244 1.0000e-12     1.1094    75.7782 9.3773e-01 0.0000e+00  0.0388385    17.9744 257.432073     1.9328      2.524    -2.2852    301.004     6.7377 -9.990e-29
      2.482    17.3125 254.767364     0.0281 1.5262e-02     1.1081    75.8044 9.8535e-01 0.0000e+00  0.0388385    18.0008 257.523335     1.9341      2.531    -2.2638    301.025     6.7491 -9.990e-29
      2.490    17.3133 254.731249     0.0281 3.1808e-02     1.1094    75.7782 9.8168e-01 0.0000e+00  0.0388385    18.0332 257.553737     1.9341      2.539    -2.2691    300.977     6.7539 -9.990e-29
      2.499    17.3201 254.791434     0.0244 2.6811e-02     1.1094    75.7782 9.7436e-01 0.0000e+00  0.0388385    18.0569 257.492860     1.9353      2.548    -2.2806    300.999     6.7652 -9.990e-29
      2.509    17.3335 254.815500     0.0305 5.3382e-03     1.1081    75.8044 9.5604e-01 0.0000e+00  0.0388385    18.0730 257.523276     1.9365      2.558    -2.2571    300.932     6.7779 -9.990e-29
      2.520    17.3636 254.839551     0.0208 1.0000e-12     1.1094    75.7782 9.4139e-01 0.0000e+00  0.0388385    18.0854 257.553694     1.9365      2.570    -2.2963    300.747     6.7852 -9.990e-29
      2.532    17.3934 254.827489     0.0330 1.0000e-12     1.1094    75.7782 9.5971e-01 0.0000e+00  0.0388385    18.0922 257.614546     1.9377      2.582    -2.2420    300.521     6.7985 -9.990e-29
      2.544    17.4212 254.863582     0.0183 1.0000e-12     1.1067    75.8305 9.9634e-01 0.0000e+00  0.0388385    18.0944 257.675403     1.9389      2.594    -2.3061    300.367     6.8127 -9.990e-29
      2.555    17.4496 254.851518     0.0354 1.0000e-12     1.1081    75.8044 9.8168e-01 0.0000e+00  0.0388385    18.0975 257.766686     1.9402      2.605    -2.2271    300.152     6.8272 -9.990e-29
      2.567    17.4759 254.851498     0.0183 1.0000e-12     1.1081    75.8044 9.8901e-01 0.0000e+00  0.0388385    18.1022 257.797113     1.9414      2.618    -2.3041    299.966     6.8405 -9.990e-29
      2.579    17.4917 254.875561     0.0354 1.0000e-12     1.1081    75.8044 1.0220e+00 0.0000e+00  0.0388385    18.1085 257.949253     1.9426      2.630    -2.2236    299.883     6.8535 -9.990e-29
      2.591    17.5049 254.851474     0.0195 1.0000e-12     1.1081    75.8044 1.0366e+00 0.0000e+00  0.0388385    18.1123 258.010108     1.9438      2.642    -2.2982    299.761     6.8669 -9.990e-29
      2.603    17.5317 254.875530     0.0342 1.0000e-12     1.1081    75.8044 1.0220e+00 0.0000e+00  0.0388385    18.1151 258.101395     1.9451      2.654    -2.2261    299.600     6.8803 -9.990e-29
      2.614    17.5519 254.851435     0.0220 1.0000e-12     1.1081    75.8044 1.0440e+00 0.0000e+00  0.0388385    18.1172 258.162251     1.9463      2.666    -2.2850    299.430     6.8933 -9.990e-29
      2.627    17.5701 254.923651     0.0317 1.0000e-12     1.1081    75.8044 1.1026e+00 0.0000e+00  0.0388385    18.1201 258.162250     1.9487      2.679    -2.2351    299.387     6.9115 -9.990e-29
      2.640    17.6061 254.911583     0.0256 1.0000e-12     1.1081    75.8044 1.1795e+00 0.0000e+00  0.0388385    18.1220 258.314397     1.9499      2.692    -2.2663    299.119     6.9242 -9.990e-29
      2.652    17.6466 254.935627     0.0281 1.0000e-12     1.1053    75.8567 1.1758e+00 0.0000e+00  0.0388385    18.1236 258.557836     1.9512      2.704    -2.2477    298.864     6.9367 -9.990e-29
      2.664    17.6834 254.983749     0.0293 1.0000e-12     1.0984    75.9873 1.1795e+00 0.0000e+00  0.0388385    18.1244 258.649125     1.9536      2.717    -2.2453    298.662     6.9533 -9.990e-29
      2.674    17.7213 255.031872     0.0244 6.8165e-04     1.0970    76.0135 1.2491e+00 0.0000e+00  0.0388385    18.1248 258.618695     1.9548      2.727    -2.2613    298.454     6.9642 -9.990e-29
      2.684    17.7636 255.007760     0.0317 1.5973e-03     1.0970    76.0135 1.3077e+00 0.0000e+00  0.0388385    18.1255 258.649125     1.9573      2.737    -2.2302    298.130     6.9804 -9.990e-29
      2.693    17.8034 255.043842     0.0195 1.9043e-03     1.0970    76.0135 1.2637e+00 0.0000e+00  0.0388385    18.1256 258.770846     1.9585      2.746    -2.2802    297.895     6.9903 -9.990e-29
      2.702    17.8387 255.140121     0.0342 8.2279e-03     1.0984    75.9873 1.1685e+00 0.0000e+00  0.0388385    18.1260 258.831706     1.9609      2.755    -2.2142    297.762     7.0050 -9.990e-29
      2.711    17.8692 255.164173     0.0183 1.2871e-02     1.0984    75.9873 1.0989e+00 0.0000e+00  0.0388385    18.1256 258.922998     1.9634      2.764    -2.2836    297.578     7.0201 -9.990e-29
      2.721    17.8952 255.176191     0.0354 1.0859e-02     1.0984    75.9873 1.0733e+00 0.0000e+00  0.0388385    18.1260 258.953430     1.9658      2.775    -2.2055    297.412     7.0333 -9.990e-29
      2.729    17.9217 255.188208     0.0171 1.2912e-03     1.0970    76.0135 1.0659e+00 0.0000e+00  0.0388385    18.1260 258.922999     1.9683      2.783    -2.2881    297.242     7.0463 -9.990e-29
      2.737    17.9441 255.272459     0.0342 1.0000e-12     1.0970    76.0135 1.0659e+00 0.0000e+00  0.0388385    18.1269 258.953428     1.9707      2.791    -2.2081    297.185     7.0584 -9.990e-29
      2.746    17.9597 255.284486     0.0195 1.0000e-12     1.0970    76.0135 1.0989e+00 0.0000e+00  0.0388385    18.1274 259.075151     1.9731      2.800    -2.2768    297.091     7.0698 -9.990e-29
      2.754    17.9706 255.344672     0.0342 1.9043e-03     1.0984    75.9873 1.1136e+00 0.0000e+00  0.0388385    18.1288 259.075152     1.9756      2.808    -2.2062    297.086     7.0808 -9.990e-29
      2.760    17.9793 255.296508     0.0220 4.0772e-03     1.0970    76.0135 1.1319e+00 0.0000e+00  0.0388385    18.1293 259.105581     1.9780      2.814    -2.2658    296.970     7.0907 -9.990e-29
      2.767    17.9870 255.320580     0.0305 4.3911e-03     1.0970    76.0135 1.1245e+00 0.0000e+00  0.0388385    18.1303 259.075149     1.9792      2.822    -2.2225    296.944     7.0947 -9.990e-29
      2.773    17.9932 255.296498     0.0256 6.6135e-03     1.0984    75.9873 1.0879e+00 0.0000e+00  0.0388385    18.1300 258.983858     1.9817      2.828    -2.2497    296.874     7.1037 -9.990e-29
      2.779    17.9985 255.296494     0.0269 7.9032e-03     1.0970    76.0135 1.0989e+00 0.0000e+00  0.0388385    18.1303 258.862136     1.9841      2.834    -2.2389    296.837     7.1113 -9.990e-29
      2.783    18.0030 255.308528     0.0293 6.6135e-03     1.0984    75.9873 1.1685e+00 0.0000e+00  0.0388385    18.1300 258.649122     1.9866      2.838    -2.2333    296.820     7.1194 -9.990e-29
      2.789    18.0056 255.308526     0.0232 3.7813e-04     1.0984    75.9873 1.2967e+00 0.0000e+00  0.0388385    18.1303 258.709983     1.9878      2.844    -2.2560    296.802     7.1205 -9.990e-29
      2.796    18.0080 255.284449     0.0317 1.0000e-12     1.0970    76.0135 1.2711e+00 0.0000e+00  0.0388385    18.1305 258.649125     1.9902      2.851    -2.2209    296.757     7.1271 -9.990e-29
      2.800    18.0095 255.176098     0.0195 1.0000e-12     1.0970    76.0135 1.1612e+00 0.0000e+00  0.0388385    18.1309 258.436113     1.9927      2.855    -2.2729    296.621     7.1333 -9.990e-29
      2.802    18.0121 255.067749     0.0354 3.7813e-04     1.0984    75.9873 1.0806e+00 0.0000e+00  0.0388385    18.1305 258.253534     1.9939      2.857    -2.2023    296.477     7.1330 -9.990e-29
      2.805    18.0154 255.127939     0.0183 1.2912e-03     1.0998    75.9612 1.0476e+00 0.0000e+00  0.0388385    18.1309 258.131816     1.9963      2.860    -2.2783    296.524     7.1374 -9.990e-29
      2.808    18.0192 255.127936     0.0354 1.5973e-03     1.0984    75.9873 1.0147e+00 0.0000e+00  0.0388385    18.1312 258.010098     1.9976      2.863    -2.2005    296.498     7.1361 -9.990e-29
      2.811    18.0239 255.091816     0.0183 3.7642e-03     1.0998    75.9612 9.9267e-01 0.0000e+00  0.0388385    18.1315 257.888381     2.0000      2.866    -2.2785    296.424     7.1398 -9.990e-29
      2.814    18.0283 255.019583     0.0354 5.9741e-03     1.0984    75.9873 9.9634e-01 0.0000e+00  0.0388385    18.1309 257.797096     2.0012      2.869    -2.1986    296.310     7.1375 -9.990e-29
      2.815    18.0321 255.007540     0.0208 5.0216e-03     1.0998    75.9612 1.0147e+00 0.0000e+00  0.0388385    18.1295 257.827524     2.0012      2.871    -2.2672    296.269     7.1296 -9.990e-29
      2.815    18.0350 255.031615     0.0330 7.5476e-05     1.0984    75.9873 1.0183e+00 0.0000e+00  0.0388385    18.1262 257.736241     2.0037      2.871    -2.2076    296.277     7.1335 -9.990e-29
      2.815    18.0356 255.055691     0.0232 1.0000e-12     1.0984    75.9873 1.0037e+00 0.0000e+00  0.0388385    18.1232 257.705814     2.0049      2.871    -2.2566    296.301     7.1309 -9.990e-29
      2.816    18.0336 254.995501     0.0305 1.0000e-12     1.0984    75.9873 1.0147e+00 0.0000e+00  0.0388385    18.1201 257.644959     2.0061      2.872    -2.2187    296.245     7.1282 -9.990e-29
      2.818    18.0299 255.043657     0.0269 1.0000e-12     1.0984    75.9873 9.9634e-01 0.0000e+00  0.0388385    18.1170 257.644961     2.0073      2.874    -2.2405    296.327     7.1251 -9.990e-29
      2.819    18.0252 255.067740     0.0256 1.0000e-12     1.0998    75.9612 9.7070e-01 0.0000e+00  0.0388385    18.1136 257.553680     2.0085      2.875    -2.2416    296.387     7.1220 -9.990e-29
      2.820    18.0207 254.995511     0.0293 1.0000e-12     1.0984    75.9873 9.8535e-01 0.0000e+00  0.0388385    18.1109 257.614538     2.0085      2.876    -2.2300    296.334     7.1138 -9.990e-29
      2.820    18.0164 255.019593     0.0220 1.0000e-12     1.0984    75.9873 1.0330e+00 0.0000e+00  0.0388385    18.1081 257.523255     2.0098      2.876    -2.2589    296.392     7.1117 -9.990e-29
      2.819    18.0121 255.031632     0.0317 1.0000e-12     1.0998    75.9612 1.0476e+00 0.0000e+00  0.0388385    18.1050 257.401541     2.0110      2.875    -2.2191    296.435     7.1094 -9.990e-29
      2.819    18.0063 255.007564     0.0195 7.5476e-05     1.0984    75.9873 1.0623e+00 0.0000e+00  0.0388385    18.1027 257.462403     2.0110      2.875    -2.2722    296.447     7.1015 -9.990e-29
      2.819    17.9999 255.031644     0.0342 2.5207e-03     1.0998    75.9612 1.1209e+00 0.0000e+00  0.0388385    18.1012 257.401546     2.0122      2.875    -2.2076    296.519     7.0998 -9.990e-29
      2.818    17.9927 255.031650     0.0171 3.4520e-03     1.0984    75.9873 1.1355e+00 0.0000e+00  0.0388385    18.0995 257.340690     2.0122      2.874    -2.2844    296.569     7.0927 -9.990e-29
      2.817    17.9859 255.055734     0.0354 4.0772e-03     1.0984    75.9873 1.0989e+00 0.0000e+00  0.0388385    18.0983 257.431978     2.0134      2.873    -2.2016    296.644     7.0919 -9.990e-29
      2.816    17.9789 255.067776     0.0183 6.6135e-03     1.0984    75.9873 1.0586e+00 0.0000e+00  0.0388385    18.0977 257.310263     2.0134      2.872    -2.2810    296.706     7.0857 -9.990e-29
      2.813    17.9727 254.995551     0.0342 7.2565e-03     1.0998    75.9612 1.0330e+00 0.0000e+00  0.0388385    18.0967 257.340693     2.0134      2.868    -2.2070    296.665     7.0798 -9.990e-29
      2.812    17.9678 255.019632     0.0195 2.5207e-03     1.0984    75.9873 1.0147e+00 0.0000e+00  0.0388385    18.0963 257.340693     2.0147      2.867    -2.2774    296.727     7.0807 -9.990e-29
      2.811    17.9640 254.995558     0.0330 1.0000e-12     1.0970    76.0135 1.0220e+00 0.0000e+00  0.0388385    18.0958 257.492836     2.0147      2.866    -2.2121    296.725     7.0764 -9.990e-29
      2.810    17.9613 254.995561     0.0244 1.0000e-12     1.0957    76.0396 1.0440e+00 0.0000e+00  0.0388385    18.0951 257.553694     2.0159      2.865    -2.2558    296.744     7.0775 -9.990e-29
      2.809    17.9584 255.007601     0.0293 1.0000e-12     1.0943    76.0658 1.0256e+00 0.0000e+00  0.0388385    18.0953 257.431979     2.0159      2.864    -2.2289    296.778     7.0743 -9.990e-29
      2.808    17.9566 254.971488     0.0281 1.0000e-12     1.0957    76.0396 9.8901e-01 0.0000e+00  0.0388385    18.0950 257.614551     2.0159      2.863    -2.2400    296.748     7.0716 -9.990e-29
      2.808    17.9547 255.067797     0.0256 1.0000e-12     1.0957    76.0396 9.7436e-01 0.0000e+00  0.0388385    18.0974 257.644978     2.0159      2.863    -2.2461    296.873     7.0688 -9.990e-29
      2.808    17.9527 255.055760     0.0305 1.0000e-12     1.0957    76.0396 9.7436e-01 0.0000e+00  0.0388385    18.1007 257.553689     2.0159      2.863    -2.2289    296.873     7.0668 -9.990e-29
      2.808    17.9521 255.079837     0.0220 1.0000e-12     1.0957    76.0396 9.7802e-01 0.0000e+00  0.0388385    18.1051 257.736258     2.0159      2.863    -2.2632    296.905     7.0651 -9.990e-29
      2.807    17.9521 255.091877     0.0330 1.0000e-12     1.0957    76.0396 9.8168e-01 0.0000e+00  0.0388385    18.1095 257.675398     2.0159      2.862    -2.2163    296.919     7.0642 -9.990e-29
      2.806    17.9531 255.115951     0.0195 1.0000e-12     1.0957    76.0396 1.0037e+00 0.0000e+00  0.0388385    18.1118 257.918825     2.0171      2.861    -2.2747    296.941     7.0698 -9.990e-29
      2.805    17.9566 255.103911     0.0354 1.0000e-12     1.0957    76.0396 1.0073e+00 0.0000e+00  0.0388385    18.1132 257.888397     2.0171      2.860    -2.2031    296.902     7.0698 -9.990e-29
      2.804    17.9636 255.115943     0.0171 4.0772e-03     1.0957    76.0396 1.0183e+00 0.0000e+00  0.0388385    18.1127 257.857967     2.0171      2.859    -2.2852    296.868     7.0710 -9.990e-29
      2.803    17.9689 255.091862     0.0354 4.3212e-02     1.0943    76.0658 1.0330e+00 0.0000e+00  0.0388385    18.1118 257.949256     2.0171      2.858    -2.2010    296.803     7.0728 -9.990e-29
      2.801    17.9710 255.164091     0.0195 6.4492e-02     1.0943    76.0658 1.0147e+00 0.0000e+00  0.0388385    18.1102 258.010115     2.0171      2.856    -2.2744    296.873     7.0751 -9.990e-29
      2.800    17.9732 255.115935     0.0342 3.1808e-02     1.0957    76.0396 9.9267e-01 0.0000e+00  0.0388385    18.1118 258.010114     2.0171      2.855    -2.2046    296.802     7.0774 -9.990e-29
      2.799    17.9739 255.164089     0.0208 1.9043e-03     1.0943    76.0658 1.0220e+00 0.0000e+00  0.0388385    18.1125 257.888397     2.0183      2.854    -2.2693    296.853     7.0858 -9.990e-29
      2.797    17.9754 255.152049     0.0317 1.0000e-12     1.0943    76.0658 1.0476e+00 0.0000e+00  0.0388385    18.1133 258.040542     2.0183      2.852    -2.2156    296.828     7.0885 -9.990e-29
      2.794    17.9832 255.127965     0.0244 1.0000e-12     1.0957    76.0396 1.0403e+00 0.0000e+00  0.0388385    18.1138 258.010112     2.0183      2.849    -2.2533    296.747     7.0918 -9.990e-29
      2.792    17.9909 255.164074     0.0281 1.0000e-12     1.0957    76.0396 1.0476e+00 0.0000e+00  0.0388385    18.1147 258.070969     2.0183      2.847    -2.2314    296.735     7.0954 -9.990e-29
      2.790    17.9954 255.139994     0.0281 1.0000e-12     1.0943    76.0658 1.0769e+00 0.0000e+00  0.0388385    18.1155 258.070970     2.0195      2.845    -2.2364    296.676     7.1046 -9.990e-29
      2.789    17.9955 255.164071     0.0244 1.4574e-02     1.0957    76.0396 1.0733e+00 0.0000e+00  0.0388385    18.1161 258.253546     2.0195      2.844    -2.2487    296.704     7.1086 -9.990e-29
