data/05_metadata_exports/SeabirdData/202310_SeabirdData/88854_STN12,2.cnv
* Sea-Bird SBE 9 Data File:
* FileName = C:\Users\rosette\Rosette Data\2023\Ontario lower food web csmi\STN12,2.hex
* Software Version Seasave V 7.26.6.26
* Temperature SN = 5270
* Conductivity SN = 1168
* Number of Bytes Per Scan = 40
* Number of Voltage Words = 5
* Number of Scans Averaged by the Deck Unit = 1
* NMEA Latitude = 43 30.09 N
* NMEA Longitude = 079 21.50 W
* NMEA UTC (Time) = Sep 28 2023  03:56:05
* NMEA baud rate = 4800
** Ship: Lake Guardian
** Cruise: Ontario Lower Food Web 2023
** Station:  STN12,2
# nquan = 18                                
# nvalues = 7237                        
# units = specified
# name 0 = prDM: Pressure, Digiquartz [db]
# name 1 = t090C: Temperature [ITS-90, deg C]
# name 2 = c0uS/cm: Conductivity [uS/cm]
# name 3 = sbeox0V: Oxygen raw, SBE 43 [V]
# name 4 = par: PAR/Irradiance, Biospherical/Licor
# name 5 = bat: Beam Attenuation, Chelsea/Seatech [1/m]
# name 6 = xmiss: Beam Transmission, Chelsea/Seatech [%]
# name 7 = flSP: Fluorescence, Seapoint
# name 8 = spar: SPAR, Biospherical/Licor
# name 9 = upoly0: Upoly 0, Suna Nitrate
# name 10 = t190C: Temperature, 2 [ITS-90, deg C]
# name 11 = c1uS/cm: Conductivity, 2 [uS/cm]
# name 12 = sbeox1V: Oxygen raw, SBE 43, 2 [V]
# name 13 = depFM: Depth [fresh water, m], lat = 43.5015
# name 14 = sbeox0Mg/L: Oxygen, SBE 43 [mg/l], WS = 2
# name 15 = specc: Specific Conductance [uS/cm]
# name 16 = sbeox1Mg/L: Oxygen, SBE 43, 2 [mg/l], WS = 2
# name 17 = flag: flag
# span 0 =      0.040,      5.277       
# span 1 =    14.3201,    18.1334       
# span 2 =   1.545543, 384.610202       
# span 3 =     0.0171,     0.0354       
# span 4 = 1.0000e-12, 5.0390e+00       
# span 5 =     0.9711,     3.5959       
# span 6 =    40.6991,    78.4445       
# span 7 = 8.7912e-02, 2.3333e+00       
# span 8 = 0.0000e+00, 0.0000e+00       
# span 9 =  0.0384227,  0.0388385       
# span 10 =    14.2029,    18.1378      
# span 11 =   0.249759, 262.575022      
# span 12 =     1.9280,     2.7753      
# span 13 =      0.041,      5.381      
# span 14 =    -2.4743,    -2.1912      
# span 15 =      1.964,    488.767      
# span 16 =     6.5675,    10.8090      
# span 17 = 0.0000e+00, 0.0000e+00      
# interval = seconds: 0.0416667
# start_time = Sep 28 2023 03:56:05 [NMEA time, header]
# bad_flag = -9.990e-29
*END*
[from data line 2493]
      2.782    17.9901 255.139997     0.0208 5.3727e-02     1.0998    75.9612 1.0916e+00 0.0000e+00  0.0388385    18.1180 258.040537     2.0220      2.837    -2.2664    296.713     7.1284 -9.990e-29
      2.779    17.9881 255.164077     0.0330 3.6181e-02     1.0984    75.9873 1.0952e+00 0.0000e+00  0.0388385    18.1182 258.010109     2.0220      2.834    -2.2143    296.755     7.1327 -9.990e-29
      2.777    17.9855 255.115924     0.0183 5.9741e-03     1.0998    75.9612 1.0769e+00 0.0000e+00  0.0388385    18.1192 258.101395     2.0232      2.832    -2.2791    296.717     7.1423 -9.990e-29
      2.774    17.9826 255.115927     0.0354 1.0000e-12     1.0984    75.9873 1.0440e+00 0.0000e+00  0.0388385    18.1196 258.040537     2.0244      2.829    -2.2029    296.737     7.1520 -9.990e-29
      2.772    17.9817 255.079811     0.0183 1.0000e-12     1.0998    75.9612 1.0110e+00 0.0000e+00  0.0388385    18.1198 257.949248     2.0244      2.827    -2.2808    296.701     7.1559 -9.990e-29
      2.770    17.9817 255.067773     0.0354 1.0000e-12     1.0998    75.9612 1.0110e+00 0.0000e+00  0.0388385    18.1199 258.040536     2.0269      2.825    -2.2019    296.687     7.1714 -9.990e-29
      2.768    17.9795 255.019622     0.0183 1.0000e-12     1.0984    75.9873 1.0293e+00 0.0000e+00  0.0388385    18.1205 257.949248     2.0269      2.823    -2.2819    296.646     7.1751 -9.990e-29
      2.765    17.9741 255.043702     0.0342 1.0000e-12     1.0984    75.9873 1.0440e+00 0.0000e+00  0.0388385    18.1215 257.918817     2.0281      2.820    -2.2065    296.711     7.1837 -9.990e-29
      2.762    17.9639 255.091865     0.0208 1.0000e-12     1.0984    75.9873 1.0476e+00 0.0000e+00  0.0388385    18.1220 257.949246     2.0293      2.816    -2.2717    296.838     7.1922 -9.990e-29
      2.759    17.9512 255.103915     0.0317 1.0000e-12     1.0984    75.9873 1.0440e+00 0.0000e+00  0.0388385    18.1223 257.857959     2.0305      2.813    -2.2182    296.940     7.2001 -9.990e-29
      2.755    17.9371 255.043733     0.0256 9.2075e-03     1.0984    75.9873 1.0696e+00 0.0000e+00  0.0388385    18.1227 257.857958     2.0317      2.809    -2.2519    296.967     7.2078 -9.990e-29
      2.750    17.9239 255.031705     0.0281 1.8760e-02     1.0984    75.9873 1.0879e+00 0.0000e+00  0.0388385    18.1232 257.857957     2.0330      2.804    -2.2360    297.044     7.2154 -9.990e-29
      2.746    17.9115 255.055793     0.0293 1.5954e-02     1.0984    75.9873 1.0806e+00 0.0000e+00  0.0388385    18.1229 257.857958     2.0342      2.800    -2.2362    297.158     7.2225 -9.990e-29
      2.742    17.9010 255.140070     0.0244 2.8303e-03     1.0984    75.9873 1.0659e+00 0.0000e+00  0.0388385    18.1229 257.614525     2.0354      2.796    -2.2536    297.329     7.2294 -9.990e-29
      2.739    17.8915 255.103963     0.0317 1.0000e-12     1.0984    75.9873 1.0549e+00 0.0000e+00  0.0388385    18.1229 257.736242     2.0366      2.793    -2.2253    297.353     7.2356 -9.990e-29
      2.736    17.8825 255.055817     0.0208 1.0000e-12     1.0984    75.9873 1.0659e+00 0.0000e+00  0.0388385    18.1230 257.705813     2.0379      2.790    -2.2714    297.359     7.2416 -9.990e-29
      2.732    17.8730 255.055824     0.0342 1.0000e-12     1.0984    75.9873 1.0806e+00 0.0000e+00  0.0388385    18.1226 257.644955     2.0391      2.786    -2.2131    297.425     7.2466 -9.990e-29
      2.728    17.8625 255.067870     0.0183 1.0000e-12     1.0984    75.9873 1.0769e+00 0.0000e+00  0.0388385    18.1227 257.644954     2.0403      2.782    -2.2839    297.512     7.2509 -9.990e-29
      2.725    17.8508 255.079920     0.0354 1.0000e-12     1.0998    75.9612 1.0586e+00 0.0000e+00  0.0388385    18.1230 257.553669     2.0415      2.779    -2.2071    297.608     7.2550 -9.990e-29
      2.721    17.8386 255.019738     0.0183 1.0000e-12     1.0970    76.0135 1.0733e+00 0.0000e+00  0.0388385    18.1226 257.553669     2.0427      2.775    -2.2861    297.622     7.2586 -9.990e-29
      2.716    17.8263 255.031785     0.0354 1.0000e-12     1.0957    76.0396 1.1136e+00 0.0000e+00  0.0388385    18.1227 257.492810     2.0440      2.770    -2.2071    297.722     7.2619 -9.990e-29
      2.711    17.8132 255.055873     0.0195 2.2121e-03     1.0957    76.0396 1.1172e+00 0.0000e+00  0.0388385    18.1215 257.492812     2.0452      2.764    -2.2828    297.841     7.2644 -9.990e-29
      2.707    17.7993 255.067923     0.0330 9.8651e-03     1.0943    76.0658 1.1538e+00 0.0000e+00  0.0388385    18.1203 257.492812     2.0464      2.760    -2.2186    297.952     7.2667 -9.990e-29
      2.702    17.7846 255.067936     0.0220 1.2196e-02     1.0943    76.0658 1.2637e+00 0.0000e+00  0.0388385    18.1191 257.401529     2.0476      2.755    -2.2737    298.054     7.2684 -9.990e-29
      2.696    17.7700 255.140178     0.0305 1.3890e-02     1.0943    76.0658 1.3004e+00 0.0000e+00  0.0388385    18.1168 257.492815     2.0488      2.749    -2.2311    298.240     7.2698 -9.990e-29
      2.691    17.7569 255.116110     0.0256 2.1994e-02     1.0957    76.0396 1.2271e+00 0.0000e+00  0.0388385    18.1146 257.431959     2.0501      2.744    -2.2594    298.304     7.2715 -9.990e-29
      2.686    17.7446 255.067969     0.0269 2.5310e-02     1.0957    76.0396 1.1465e+00 0.0000e+00  0.0388385    18.1121 257.401535     2.0513      2.739    -2.2493    298.333     7.2722 -9.990e-29
      2.682    17.7320 255.080015     0.0293 2.5310e-02     1.0957    76.0396 1.1172e+00 0.0000e+00  0.0388385    18.1106 257.340677     2.0513      2.735    -2.2441    298.435     7.2666 -9.990e-29
      2.677    17.7187 255.092066     0.0220 2.4937e-02     1.0943    76.0658 1.1319e+00 0.0000e+00  0.0388385    18.1100 257.371107     2.0525      2.730    -2.2732    298.542     7.2665 -9.990e-29
      2.674    17.7050 255.104115     0.0317 2.4566e-02     1.0943    76.0658 1.1172e+00 0.0000e+00  0.0388385    18.1098 257.340678     2.0525      2.727    -2.2333    298.652     7.2602 -9.990e-29
      2.670    17.6921 255.104127     0.0195 2.4937e-02     1.0957    76.0396 1.0952e+00 0.0000e+00  0.0388385    18.1100 257.340679     2.0537      2.723    -2.2862    298.742     7.2595 -9.990e-29
      2.666    17.6798 255.068022     0.0342 1.6999e-02     1.0943    76.0658 1.0952e+00 0.0000e+00  0.0388385    18.1095 257.340679     2.0537      2.719    -2.2223    298.786     7.2529 -9.990e-29
      2.660    17.6681 255.104145     0.0183 1.2871e-02     1.0957    76.0396 1.1429e+00 0.0000e+00  0.0388385    18.1087 257.340678     2.0549      2.712    -2.2940    298.910     7.2519 -9.990e-29
      2.656    17.6566 255.128232     0.0354 7.5794e-03     1.0957    76.0396 1.1722e+00 0.0000e+00  0.0388385    18.1076 257.371108     2.0549      2.708    -2.2169    299.019     7.2451 -9.990e-29
      2.652    17.6455 255.080089     0.0171 3.7813e-04     1.0943    76.0658 1.1209e+00 0.0000e+00  0.0388385    18.1056 257.340682     2.0562      2.704    -2.3021    299.041     7.2445 -9.990e-29
      2.647    17.6331 255.080097     0.0354 1.0000e-12     1.0957    76.0396 1.0769e+00 0.0000e+00  0.0388385    18.1061 257.431966     2.0562      2.699    -2.2169    299.128     7.2376 -9.990e-29
      2.642    17.6204 255.068069     0.0195 1.0000e-12     1.0943    76.0658 1.0586e+00 0.0000e+00  0.0388385    18.1062 257.371109     2.0562      2.694    -2.2929    299.203     7.2306 -9.990e-29
      2.638    17.6078 255.044004     0.0342 1.0000e-12     1.0943    76.0658 1.0586e+00 0.0000e+00  0.0388385    18.1071 257.431966     2.0574      2.690    -2.2224    299.263     7.2291 -9.990e-29
      2.633    17.5959 255.056051     0.0232 1.0000e-12     1.0957    76.0396 1.0879e+00 0.0000e+00  0.0388385    18.1080 257.401536     2.0574      2.685    -2.2776    299.361     7.2219 -9.990e-29
      2.628    17.5859 255.080137     0.0305 6.9346e-03     1.0970    76.0135 1.0989e+00 0.0000e+00  0.0388385    18.1084 257.492821     2.0574      2.680    -2.2398    299.459     7.2149 -9.990e-29
      2.623    17.5782 255.092181     0.0269 2.8712e-02     1.0984    75.9873 1.0952e+00 0.0000e+00  0.0388385    18.1092 257.492820     2.0574      2.675    -2.2620    299.528     7.2077 -9.990e-29
      2.619    17.5799 255.007910     0.0269 3.6586e-02     1.0998    75.9612 1.0916e+00 0.0000e+00  0.0388385    18.1100 257.401533     2.0574      2.671    -2.2567    299.417     7.2008 -9.990e-29
      2.615    17.5897 255.092172     0.0305 3.4575e-02     1.0984    75.9873 1.1026e+00 0.0000e+00  0.0388385    18.1107 257.462390     2.0574      2.667    -2.2449    299.447     7.1938 -9.990e-29
      2.611    17.6012 255.056047     0.0220 2.7568e-02     1.0998    75.9612 1.1099e+00 0.0000e+00  0.0388385    18.1101 257.584105     2.0574      2.662    -2.2788    299.323     7.1873 -9.990e-29
      2.607    17.6086 255.007886     0.0330 2.5310e-02     1.0984    75.9873 1.1209e+00 0.0000e+00  0.0388385    18.1099 257.644962     2.0574      2.658    -2.2318    299.215     7.1812 -9.990e-29
      2.604    17.6145 255.043997     0.0195 1.0859e-02     1.0984    75.9873 1.1612e+00 0.0000e+00  0.0388385    18.1102 257.553676     2.0574      2.655    -2.2898    299.216     7.1749 -9.990e-29
      2.601    17.6240 255.019913     0.0342 7.5476e-05     1.0998    75.9612 1.1795e+00 0.0000e+00  0.0388385    18.1102 257.614534     2.0574      2.652    -2.2240    299.121     7.1692 -9.990e-29
      2.597    17.6365 255.068055     0.0183 1.0000e-12     1.0998    75.9612 1.1832e+00 0.0000e+00  0.0388385    18.1108 257.675390     2.0574      2.648    -2.2953    299.090     7.1638 -9.990e-29
      2.595    17.6520 255.116196     0.0354 1.5973e-03     1.0998    75.9612 1.1795e+00 0.0000e+00  0.0388385    18.1118 257.705818     2.0562      2.646    -2.2164    299.037     7.1528 -9.990e-29
      2.592    17.6686 255.104145     0.0183 8.5535e-03     1.0998    75.9612 1.1905e+00 0.0000e+00  0.0388385    18.1128 257.766676     2.0562      2.643    -2.2948    298.907     7.1479 -9.990e-29
      2.588    17.6847 255.068015     0.0342 1.0859e-02     1.0984    75.9873 1.1941e+00 0.0000e+00  0.0388385    18.1132 257.827532     2.0562      2.639    -2.2193    298.752     7.1432 -9.990e-29
      2.585    17.7012 255.104117     0.0208 9.8651e-03     1.0984    75.9873 1.1905e+00 0.0000e+00  0.0388385    18.1136 257.857961     2.0549      2.636    -2.2832    298.679     7.1330 -9.990e-29
      2.583    17.7224 255.212444     0.0330 6.6135e-03     1.0998    75.9612 1.1868e+00 0.0000e+00  0.0388385    18.1142 257.918817     2.0549      2.634    -2.2223    298.657     7.1290 -9.990e-29
      2.584    17.7469 255.200390     0.0244 5.3382e-03     1.0998    75.9612 1.1502e+00 0.0000e+00  0.0388385    18.1149 257.979680     2.0549      2.635    -2.2659    298.472     7.1255 -9.990e-29
      2.583    17.7781 255.140169     0.0293 2.2121e-03     1.0998    75.9612 1.1209e+00 0.0000e+00  0.0388385    18.1156 258.101393     2.0537      2.634    -2.2373    298.184     7.1161 -9.990e-29
      2.580    17.8080 255.140144     0.0269 1.0000e-12     1.0984    75.9873 1.1099e+00 0.0000e+00  0.0388385    18.1153 258.070964     2.0537      2.631    -2.2521    297.975     7.1131 -9.990e-29
      2.578    17.8361 255.224389     0.0256 1.0000e-12     1.0984    75.9873 1.0989e+00 0.0000e+00  0.0388385    18.1158 258.010104     2.0537      2.629    -2.2517    297.878     7.1101 -9.990e-29
      2.577    17.8602 255.200295     0.0305 1.2912e-03     1.0998    75.9612 1.1062e+00 0.0000e+00  0.0388385    18.1163 258.070965     2.0525      2.628    -2.2329    297.683     7.1022 -9.990e-29
      2.576    17.8749 255.164165     0.0208 6.2933e-03     1.0984    75.9873 1.1245e+00 0.0000e+00  0.0388385    18.1175 258.131821     2.0525      2.627    -2.2721    297.538     7.1000 -9.990e-29
      2.575    17.8841 255.200272     0.0330 7.9032e-03     1.0998    75.9612 1.1172e+00 0.0000e+00  0.0388385    18.1189 258.192678     2.0525      2.626    -2.2202    297.517     7.0984 -9.990e-29
      2.575    17.8919 255.260461     0.0195 9.2075e-03     1.1025    75.9089 1.1209e+00 0.0000e+00  0.0388385    18.1201 258.314397     2.0513      2.626    -2.2783    297.533     7.0911 -9.990e-29
      2.576    17.9007 255.284531     0.0342 1.4917e-02     1.1039    75.8828 1.1465e+00 0.0000e+00  0.0388385    18.1214 258.253536     2.0513      2.627    -2.2129    297.500     7.0895 -9.990e-29
      2.577    17.9120 255.296560     0.0183 1.6999e-02     1.1025    75.9089 1.1978e+00 0.0000e+00  0.0388385    18.1223 258.283965     2.0501      2.628    -2.2835    297.435     7.0832 -9.990e-29
      2.578    17.9229 255.260435     0.0354 7.9032e-03     1.1025    75.9089 1.2161e+00 0.0000e+00  0.0388385    18.1236 258.314394     2.0501      2.629    -2.2049    297.318     7.0826 -9.990e-29
      2.579    17.9301 255.272468     0.0183 7.5476e-05     1.1025    75.9089 1.1758e+00 0.0000e+00  0.0388385    18.1245 258.314393     2.0488      2.630    -2.2837    297.282     7.0763 -9.990e-29
      2.581    17.9335 255.236349     0.0342 1.0000e-12     1.1025    75.9089 1.0989e+00 0.0000e+00  0.0388385    18.1248 258.344823     2.0488      2.632    -2.2083    297.216     7.0764 -9.990e-29
      2.582    17.9345 255.308580     0.0208 1.0000e-12     1.1039    75.8828 1.0916e+00 0.0000e+00  0.0388385    18.1251 258.436112     2.0476      2.633    -2.2726    297.294     7.0711 -9.990e-29
      2.584    17.9323 255.272466     0.0317 1.0000e-12     1.1025    75.9089 1.0696e+00 0.0000e+00  0.0388385    18.1255 258.466541     2.0476      2.635    -2.2187    297.267     7.0717 -9.990e-29
      2.586    17.9289 255.272469     0.0244 1.0000e-12     1.1025    75.9089 1.0330e+00 0.0000e+00  0.0388385    18.1262 258.679552     2.0476      2.637    -2.2569    297.290     7.0725 -9.990e-29
      2.588    17.9296 255.296545     0.0293 1.0000e-12     1.1025    75.9089 1.0183e+00 0.0000e+00  0.0388385    18.1265 258.679551     2.0464      2.639    -2.2294    297.313     7.0680 -9.990e-29
      2.591    17.9384 255.308577     0.0281 1.0000e-12     1.1025    75.9089 1.0037e+00 0.0000e+00  0.0388385    18.1274 258.679550     2.0464      2.642    -2.2397    297.267     7.0692 -9.990e-29
      2.595    17.9483 255.284491     0.0244 1.0000e-12     1.1025    75.9089 9.6703e-01 0.0000e+00  0.0388385    18.1284 258.557829     2.0464      2.646    -2.2511    297.170     7.0707 -9.990e-29
      2.600    17.9561 255.320602     0.0305 1.0000e-12     1.1025    75.9089 9.8535e-01 0.0000e+00  0.0388385    18.1297 258.740410     2.0452      2.651    -2.2276    297.158     7.0668 -9.990e-29
      2.604    17.9607 255.356714     0.0220 1.0000e-12     1.1039    75.8828 1.0183e+00 0.0000e+00  0.0388385    18.1302 258.831700     2.0452      2.655    -2.2616    297.168     7.0680 -9.990e-29
      2.608    17.9642 255.296518     0.0330 1.0000e-12     1.1025    75.9089 1.0440e+00 0.0000e+00  0.0388385    18.1305 258.831701     2.0440      2.659    -2.2147    297.074     7.0643 -9.990e-29
      2.612    17.9718 255.320588     0.0183 1.0000e-12     1.1025    75.9089 1.0513e+00 0.0000e+00  0.0388385    18.1310 258.831699     2.0440      2.663    -2.2787    297.049     7.0663 -9.990e-29
      2.616    17.9801 255.356700     0.0354 1.0000e-12     1.1025    75.9089 1.0806e+00 0.0000e+00  0.0388385    18.1312 258.892562     2.0440      2.668    -2.2015    297.034     7.0682 -9.990e-29
      2.621    17.9877 255.344653     0.0171 1.0000e-12     1.1025    75.9089 1.0952e+00 0.0000e+00  0.0388385    18.1317 258.953421     2.0440      2.673    -2.2837    296.968     7.0702 -9.990e-29
      2.626    17.9946 255.380765     0.0354 7.5476e-05     1.1025    75.9089 1.0696e+00 0.0000e+00  0.0388385    18.1319 259.044714     2.0427      2.678    -2.1990    296.962     7.0664 -9.990e-29
