data/05_metadata_exports/SeabirdData/202310_SeabirdData/88854_STN12,2.cnv
* Sea-Bird SBE 9 Data File:
* FileName = C:\Users\rosette\Rosette Data\2023\Ontario lower food web csmi\STN12,2.hex
* Software Version Seasave V 7.26.6.26
* Temperature SN = 5270
* Conductivity SN = 1168
* Number of Bytes Per Scan = 40
* Number of Voltage Words = 5
* Number of Scans Averaged by the Deck Unit = 1
* NMEA Latitude = 43 30.09 N
* NMEA Longitude = 079 21.50 W
* NMEA UTC (Time) = Sep 28 2023  03:56:05
* NMEA baud rate = 4800
** Ship: Lake Guardian
** Cruise: Ontario Lower Food Web 2023
** Station:  STN12,2
# nquan = 18                                
# nvalues = 7237                        
# units = specified
# name 0 = prDM: Pressure, Digiquartz [db]
# name 1 = t090C: Temperature [ITS-90, deg C]
# name 2 = c0uS/cm: Conductivity [uS/cm]
# name 3 = sbeox0V: Oxygen raw, SBE 43 [V]
# name 4 = par: PAR/Irradiance, Biospherical/Licor
# name 5 = bat: Beam Attenuation, Chelsea/Seatech [1/m]
# name 6 = xmiss: Beam Transmission, Chelsea/Seatech [%]
# name 7 = flSP: Fluorescence, Seapoint
# name 8 = spar: SPAR, Biospherical/Licor
# name 9 = upoly0: Upoly 0, Suna Nitrate
# name 10 = t190C: Temperature, 2 [ITS-90, deg C]
# name 11 = c1uS/cm: Conductivity, 2 [uS/cm]
# name 12 = sbeox1V: Oxygen raw, SBE 43, 2 [V]
# name 13 = depFM: Depth [fresh water, m], lat = 43.5015
# name 14 = sbeox0Mg/L: Oxygen, SBE 43 [mg/l], WS = 2
# name 15 = specc: Specific Conductance [uS/cm]
# name 16 = sbeox1Mg/L: Oxygen, SBE 43, 2 [mg/l], WS = 2
# name 17 = flag: flag
# span 0 =      0.040,      5.277       
# span 1 =    14.3201,    18.1334       
# span 2 =   1.545543, 384.610202       
# span 3 =     0.0171,     0.0354       
# span 4 = 1.0000e-12, 5.0390e+00       
# span 5 =     0.9711,     3.5959       
# span 6 =    40.6991,    78.4445       
# span 7 = 8.7912e-02, 2.3333e+00       
# span 8 = 0.0000e+00, 0.0000e+00       
# span 9 =  0.0384227,  0.0388385       
# span 10 =    14.2029,    18.1378      
# span 11 =   0.249759, 262.575022      
# span 12 =     1.9280,     2.7753      
# span 13 =      0.041,      5.381      
# span 14 =    -2.4743,    -2.1912      
# span 15 =      1.964,    488.767      
# span 16 =     6.5675,    10.8090      
# span 17 = 0.0000e+00, 0.0000e+00      
# interval = seconds: 0.0416667
# start_time = Sep 28 2023 03:56:05 [NMEA time, header]
# bad_flag = -9.990e-29
*END*
[from data line 5709]
      4.939    18.1299 260.823973     0.0293 1.0000e-12     1.1025    75.9089 1.0037e+00 0.0000e+00  0.0388385    18.1341 262.088061     2.5360      5.036    -2.2274    302.340     9.4129 -9.990e-29
      4.942    18.1303 260.811925     0.0232 1.0000e-12     1.1025    75.9089 1.0073e+00 0.0000e+00  0.0388385    18.1345 262.057624     2.5360      5.039    -2.2496    302.323     9.4132 -9.990e-29
      4.946    18.1306 260.799879     0.0330 1.0000e-12     1.1025    75.9089 1.0183e+00 0.0000e+00  0.0388385    18.1345 261.996754     2.5360      5.044    -2.2094    302.307     9.4136 -9.990e-29
      4.951    18.1308 260.763741     0.0208 1.0000e-12     1.1025    75.9089 1.0330e+00 0.0000e+00  0.0388385    18.1345 261.996756     2.5360      5.049    -2.2607    302.264     9.4139 -9.990e-29
      4.956    18.1311 260.836016     0.0342 1.0000e-12     1.1025    75.9089 1.0293e+00 0.0000e+00  0.0388385    18.1341 262.057624     2.5372      5.054    -2.2029    302.345     9.4198 -9.990e-29
      4.962    18.1308 260.823974     0.0195 1.0000e-12     1.1025    75.9089 1.0037e+00 0.0000e+00  0.0388385    18.1345 262.118497     2.5372      5.060    -2.2673    302.333     9.4200 -9.990e-29
      4.968    18.1306 260.823971     0.0354 1.0000e-12     1.1025    75.9089 9.8535e-01 0.0000e+00  0.0388385    18.1347 262.027189     2.5372      5.066    -2.1956    302.335     9.4196 -9.990e-29
      4.973    18.1306 260.799880     0.0183 1.0000e-12     1.1025    75.9089 9.7802e-01 0.0000e+00  0.0388385    18.1347 262.148931     2.5372      5.071    -2.2735    302.307     9.4193 -9.990e-29
      4.979    18.1306 260.836019     0.0354 1.0000e-12     1.1025    75.9089 1.0183e+00 0.0000e+00  0.0388385    18.1345 262.057626     2.5372      5.077    -2.1946    302.349     9.4190 -9.990e-29
      4.985    18.1306 260.896251     0.0195 1.0000e-12     1.1025    75.9089 1.0696e+00 0.0000e+00  0.0388385    18.1347 262.027191     2.5372      5.083    -2.2695    302.419     9.4186 -9.990e-29
      4.990    18.1306 260.848067     0.0342 1.0000e-12     1.1025    75.9089 1.0696e+00 0.0000e+00  0.0388385    18.1345 261.996757     2.5372      5.088    -2.1995    302.363     9.4183 -9.990e-29
      4.993    18.1310 260.848065     0.0220 1.0000e-12     1.1025    75.9089 1.0549e+00 0.0000e+00  0.0388385    18.1347 262.027191     2.5372      5.091    -2.2592    302.360     9.4179 -9.990e-29
      4.997    18.1313 260.836018     0.0317 1.0000e-12     1.1025    75.9089 1.0586e+00 0.0000e+00  0.0388385    18.1345 262.118496     2.5372      5.096    -2.2102    302.344     9.4175 -9.990e-29
      5.000    18.1316 260.848066     0.0256 1.0000e-12     1.1025    75.9089 1.0440e+00 0.0000e+00  0.0388385    18.1343 262.088062     2.5372      5.099    -2.2434    302.356     9.4171 -9.990e-29
      5.003    18.1318 260.823972     0.0281 1.0000e-12     1.1025    75.9089 1.0476e+00 0.0000e+00  0.0388385    18.1340 262.057626     2.5372      5.102    -2.2264    302.326     9.4167 -9.990e-29
      5.007    18.1322 260.823971     0.0281 1.0000e-12     1.1025    75.9089 1.0696e+00 0.0000e+00  0.0388385    18.1333 262.057627     2.5372      5.106    -2.2326    302.324     9.4159 -9.990e-29
      5.012    18.1325 260.860112     0.0256 1.0000e-12     1.1025    75.9089 1.0769e+00 0.0000e+00  0.0388385    18.1324 262.057629     2.5372      5.111    -2.2384    302.363     9.4156 -9.990e-29
      5.016    18.1323 260.787832     0.0305 1.0000e-12     1.1012    75.9351 1.0659e+00 0.0000e+00  0.0388385    18.1322 262.057628     2.5372      5.115    -2.2215    302.281     9.4147 -9.990e-29
      5.021    18.1320 260.860112     0.0220 1.0000e-12     1.1012    75.9351 1.0476e+00 0.0000e+00  0.0388385    18.1324 261.996759     2.5385      5.120    -2.2555    302.367     9.4198 -9.990e-29
      5.025    18.1318 260.908298     0.0330 1.0000e-12     1.1012    75.9351 1.0769e+00 0.0000e+00  0.0388385    18.1317 262.027195     2.5385      5.124    -2.2094    302.424     9.4190 -9.990e-29
      5.028    18.1316 260.920345     0.0195 1.0000e-12     1.1012    75.9351 1.1392e+00 0.0000e+00  0.0388385    18.1314 262.057630     2.5385      5.127    -2.2675    302.440     9.4186 -9.990e-29
      5.030    18.1316 260.872157     0.0354 1.0000e-12     1.1012    75.9351 1.1685e+00 0.0000e+00  0.0388385    18.1310 261.966324     2.5385      5.129    -2.1966    302.384     9.4177 -9.990e-29
      5.035    18.1318 260.896252     0.0183 1.0000e-12     1.1012    75.9351 1.1612e+00 0.0000e+00  0.0388385    18.1314 262.088065     2.5372      5.134    -2.2728    302.410     9.4107 -9.990e-29
      5.039    18.1322 260.884206     0.0354 1.0000e-12     1.1012    75.9351 1.1648e+00 0.0000e+00  0.0388385    18.1307 262.179372     2.5385      5.138    -2.1947    302.393     9.4164 -9.990e-29
      5.042    18.1323 260.872157     0.0195 1.0000e-12     1.1012    75.9351 1.2088e+00 0.0000e+00  0.0388385    18.1308 262.088064     2.5372      5.141    -2.2679    302.379     9.4099 -9.990e-29
      5.045    18.1325 260.860113     0.0354 1.0000e-12     1.1012    75.9351 1.3260e+00 0.0000e+00  0.0388385    18.1305 262.057632     2.5385      5.144    -2.1937    302.363     9.4151 -9.990e-29
      5.048    18.1325 260.872158     0.0208 1.0000e-12     1.1012    75.9351 1.3883e+00 0.0000e+00  0.0388385    18.1303 262.027196     2.5385      5.148    -2.2634    302.377     9.4143 -9.990e-29
      5.050    18.1325 260.884204     0.0330 1.0000e-12     1.1012    75.9351 1.3810e+00 0.0000e+00  0.0388385    18.1304 261.996761     2.5385      5.150    -2.2039    302.391     9.4133 -9.990e-29
      5.051    18.1323 260.811928     0.0232 1.0000e-12     1.1012    75.9351 1.3480e+00 0.0000e+00  0.0388385    18.1300 261.996763     2.5385      5.151    -2.2535    302.309     9.4125 -9.990e-29
      5.052    18.1323 260.799880     0.0305 1.0000e-12     1.1012    75.9351 1.3260e+00 0.0000e+00  0.0388385    18.1293 262.088067     2.5385      5.152    -2.2155    302.295     9.4123 -9.990e-29
      5.052    18.1323 260.920344     0.0269 1.0000e-12     1.1012    75.9351 1.3077e+00 0.0000e+00  0.0388385    18.1290 261.966327     2.5372      5.152    -2.2376    302.435     9.4059 -9.990e-29
      5.052    18.1325 260.884205     0.0269 1.0000e-12     1.1012    75.9351 1.2784e+00 0.0000e+00  0.0388385    18.1288 261.905458     2.5372      5.152    -2.2320    302.391     9.4055 -9.990e-29
      5.053    18.1325 260.811926     0.0293 1.0000e-12     1.1012    75.9351 1.2601e+00 0.0000e+00  0.0388385    18.1290 261.996762     2.5372      5.153    -2.2273    302.308     9.4051 -9.990e-29
      5.054    18.1327 260.799881     0.0232 1.0000e-12     1.1012    75.9351 1.2418e+00 0.0000e+00  0.0388385    18.1288 262.057634     2.5372      5.154    -2.2494    302.292     9.4048 -9.990e-29
      5.053    18.1328 260.836019     0.0317 1.0000e-12     1.1012    75.9351 1.2308e+00 0.0000e+00  0.0388385    18.1282 261.814154     2.5372      5.153    -2.2156    302.333     9.4046 -9.990e-29
      5.052    18.1325 260.860112     0.0208 1.0000e-12     1.1012    75.9351 1.2234e+00 0.0000e+00  0.0388385    18.1283 261.935893     2.5372      5.152    -2.2605    302.363     9.4043 -9.990e-29
      5.053    18.1327 260.860111     0.0342 1.0000e-12     1.1025    75.9089 1.2308e+00 0.0000e+00  0.0388385    18.1282 262.118503     2.5372      5.153    -2.2027    302.362     9.4040 -9.990e-29
      5.053    18.1327 260.860113     0.0195 1.0000e-12     1.1025    75.9089 1.2198e+00 0.0000e+00  0.0388385    18.1282 262.179374     2.5372      5.153    -2.2667    302.362     9.4038 -9.990e-29
      5.052    18.1322 260.920344     0.0354 1.0000e-12     1.1039    75.8828 1.2161e+00 0.0000e+00  0.0388385    18.1283 262.027198     2.5372      5.152    -2.1950    302.435     9.4035 -9.990e-29
      5.050    18.1320 260.920344     0.0183 1.0000e-12     1.1039    75.8828 1.2454e+00 0.0000e+00  0.0388385    18.1279 262.088068     2.5360      5.150    -2.2728    302.437     9.3978 -9.990e-29
      5.050    18.1316 260.823973     0.0354 1.0000e-12     1.1039    75.8828 1.2308e+00 0.0000e+00  0.0388385    18.1277 262.027198     2.5372      5.150    -2.1939    302.328     9.4032 -9.990e-29
      5.048    18.1315 260.799882     0.0195 1.0000e-12     1.1039    75.8828 1.1685e+00 0.0000e+00  0.0388385    18.1277 262.027199     2.5360      5.148    -2.2680    302.301     9.3974 -9.990e-29
      5.046    18.1313 260.848066     0.0342 1.0000e-12     1.1039    75.8828 1.1209e+00 0.0000e+00  0.0388385    18.1286 261.996762     2.5360      5.145    -2.1984    302.358     9.3971 -9.990e-29
      5.042    18.1313 260.836020     0.0220 1.0000e-12     1.1039    75.8828 1.1429e+00 0.0000e+00  0.0388385    18.1286 261.935893     2.5360      5.141    -2.2580    302.344     9.3974 -9.990e-29
      5.039    18.1311 260.823974     0.0317 1.0000e-12     1.1039    75.8828 1.1355e+00 0.0000e+00  0.0388385    18.1286 261.966328     2.5360      5.138    -2.2095    302.331     9.3978 -9.990e-29
      5.036    18.1304 260.860112     0.0256 1.0000e-12     1.1039    75.8828 1.0916e+00 0.0000e+00  0.0388385    18.1286 261.905456     2.5360      5.135    -2.2427    302.378     9.3983 -9.990e-29
      5.034    18.1303 260.811928     0.0293 1.0000e-12     1.1039    75.8828 1.0330e+00 0.0000e+00  0.0388385    18.1288 261.905458     2.5360      5.133    -2.2204    302.323     9.3987 -9.990e-29
      5.033    18.1297 260.763745     0.0281 1.0000e-12     1.1039    75.8828 9.9634e-01 0.0000e+00  0.0388385    18.1289 262.088068     2.5360      5.132    -2.2320    302.271     9.3992 -9.990e-29
      5.029    18.1297 260.811927     0.0256 1.0000e-12     1.1039    75.8828 1.0183e+00 0.0000e+00  0.0388385    18.1291 261.966325     2.5360      5.128    -2.2379    302.327     9.4001 -9.990e-29
      5.027    18.1299 260.799882     0.0305 1.0000e-12     1.1025    75.9089 1.0330e+00 0.0000e+00  0.0388385    18.1288 261.844588     2.5360      5.126    -2.2209    302.312     9.4007 -9.990e-29
      5.024    18.1296 260.799882     0.0220 1.0000e-12     1.1039    75.8828 1.0256e+00 0.0000e+00  0.0388385    18.1288 262.057632     2.5360      5.123    -2.2546    302.314     9.4017 -9.990e-29
      5.020    18.1299 260.836021     0.0330 1.0000e-12     1.1039    75.8828 1.0000e+00 0.0000e+00  0.0388385    18.1285 262.148938     2.5360      5.119    -2.2085    302.354     9.4023 -9.990e-29
      5.015    18.1301 260.811927     0.0195 1.0000e-12     1.1039    75.8828 9.9267e-01 0.0000e+00  0.0388385    18.1279 262.057631     2.5360      5.114    -2.2665    302.324     9.4030 -9.990e-29
      5.011    18.1306 260.836020     0.0342 1.0000e-12     1.1039    75.8828 9.9634e-01 0.0000e+00  0.0388385    18.1281 261.996763     2.5360      5.110    -2.2019    302.349     9.4036 -9.990e-29
      5.007    18.1313 260.860111     0.0183 1.0000e-12     1.1039    75.8828 9.8901e-01 0.0000e+00  0.0388385    18.1276 262.027197     2.5360      5.106    -2.2726    302.372     9.4044 -9.990e-29
      5.002    18.1320 260.860112     0.0354 1.0000e-12     1.1039    75.8828 9.7436e-01 0.0000e+00  0.0388385    18.1274 262.057633     2.5360      5.101    -2.1945    302.367     9.4051 -9.990e-29
      4.997    18.1325 260.860110     0.0183 1.0000e-12     1.1039    75.8828 9.4505e-01 0.0000e+00  0.0388385    18.1269 261.966327     2.5360      5.096    -2.2731    302.363     9.4054 -9.990e-29
      4.992    18.1325 260.823972     0.0354 1.0000e-12     1.1053    75.8567 9.3407e-01 0.0000e+00  0.0388385    18.1262 261.966329     2.5360      5.090    -2.1934    302.322     9.4058 -9.990e-29
      4.987    18.1325 260.896249     0.0208 1.0000e-12     1.1067    75.8305 9.2674e-01 0.0000e+00  0.0388385    18.1262 261.996763     2.5360      5.085    -2.2632    302.405     9.4065 -9.990e-29
      4.983    18.1318 260.848064     0.0342 1.0000e-12     1.1067    75.8305 9.3773e-01 0.0000e+00  0.0388385    18.1257 261.905459     2.5360      5.081    -2.1987    302.354     9.4073 -9.990e-29
      4.978    18.1304 260.811926     0.0232 1.0000e-12     1.1067    75.8305 9.8168e-01 0.0000e+00  0.0388385    18.1253 262.118504     2.5360      5.076    -2.2538    302.322     9.4080 -9.990e-29
      4.974    18.1294 260.799881     0.0317 1.0000e-12     1.1067    75.8305 9.8535e-01 0.0000e+00  0.0388385    18.1253 262.148939     2.5360      5.072    -2.2100    302.315     9.4087 -9.990e-29
      4.969    18.1283 260.811928     0.0269 1.0000e-12     1.1067    75.8305 9.6337e-01 0.0000e+00  0.0388385    18.1250 262.057634     2.5360      5.067    -2.2377    302.337     9.4095 -9.990e-29
      4.963    18.1277 260.823975     0.0269 1.0000e-12     1.1067    75.8305 9.4505e-01 0.0000e+00  0.0388385    18.1248 261.996764     2.5360      5.061    -2.2322    302.355     9.4102 -9.990e-29
      4.957    18.1271 260.823974     0.0293 1.0000e-12     1.1067    75.8305 9.6703e-01 0.0000e+00  0.0388385    18.1251 261.996762     2.5360      5.055    -2.2274    302.359     9.4104 -9.990e-29
      4.951    18.1270 260.848068     0.0244 1.0000e-12     1.1067    75.8305 1.0183e+00 0.0000e+00  0.0388385    18.1252 261.996764     2.5360      5.049    -2.2442    302.388     9.4111 -9.990e-29
      4.946    18.1268 260.836021     0.0317 1.0000e-12     1.1067    75.8305 1.0403e+00 0.0000e+00  0.0388385    18.1246 261.935893     2.5360      5.044    -2.2159    302.375     9.4114 -9.990e-29
      4.940    18.1266 260.799883     0.0208 1.0000e-12     1.1067    75.8305 1.0220e+00 0.0000e+00  0.0388385    18.1243 261.966330     2.5360      5.037    -2.2612    302.335     9.4116 -9.990e-29
      4.934    18.1268 260.799880     0.0342 1.0000e-12     1.1067    75.8305 1.0073e+00 0.0000e+00  0.0388385    18.1241 261.905457     2.5360      5.031    -2.2034    302.334     9.4118 -9.990e-29
      4.929    18.1265 260.799883     0.0195 1.0000e-12     1.1067    75.8305 1.0220e+00 0.0000e+00  0.0388385    18.1232 261.966330     2.5360      5.026    -2.2678    302.336     9.4122 -9.990e-29
      4.924    18.1267 260.811927     0.0354 1.0000e-12     1.1067    75.8305 1.0183e+00 0.0000e+00  0.0388385    18.1230 261.996763     2.5360      5.021    -2.1965    302.348     9.4123 -9.990e-29
      4.920    18.1266 260.799882     0.0183 1.0000e-12     1.1067    75.8305 1.0330e+00 0.0000e+00  0.0388385    18.1226 262.118505     2.5372      5.017    -2.2739    302.335     9.4181 -9.990e-29
      4.916    18.1270 260.823974     0.0354 1.0000e-12     1.1067    75.8305 1.0549e+00 0.0000e+00  0.0388385    18.1223 261.905460     2.5372      5.013    -2.1950    302.360     9.4183 -9.990e-29
      4.911    18.1275 260.848067     0.0195 1.0000e-12     1.1067    75.8305 1.0366e+00 0.0000e+00  0.0388385    18.1223 261.935895     2.5372      5.008    -2.2689    302.385     9.4183 -9.990e-29
      4.906    18.1279 260.811927     0.0342 1.0000e-12     1.1067    75.8305 1.0330e+00 0.0000e+00  0.0388385    18.1220 261.935895     2.5372      5.003    -2.1993    302.340     9.4184 -9.990e-29
      4.900    18.1282 260.811926     0.0220 1.0000e-12     1.1081    75.8044 1.0659e+00 0.0000e+00  0.0388385    18.1225 261.966328     2.5360      4.997    -2.2589    302.338     9.4128 -9.990e-29
      4.895    18.1289 260.860110     0.0317 1.0000e-12     1.1081    75.8044 1.0696e+00 0.0000e+00  0.0388385    18.1223 261.996763     2.5360      4.992    -2.2107    302.389     9.4128 -9.990e-29
      4.891    18.1291 260.860112     0.0244 1.0000e-12     1.1067    75.8305 1.0769e+00 0.0000e+00  0.0388385    18.1220 261.996765     2.5360      4.987    -2.2493    302.387     9.4129 -9.990e-29
      4.887    18.1296 260.823971     0.0293 1.0000e-12     1.1053    75.8567 1.0733e+00 0.0000e+00  0.0388385    18.1222 261.905459     2.5360      4.983    -2.2218    302.342     9.4128 -9.990e-29
