data/05_metadata_exports/SeabirdData/202310_SeabirdData/88854_STN12,2.cnv
* Sea-Bird SBE 9 Data File:
* FileName = C:\Users\rosette\Rosette Data\2023\Ontario lower food web csmi\STN12,2.hex
* Software Version Seasave V 7.26.6.26
* Temperature SN = 5270
* Conductivity SN = 1168
* Number of Bytes Per Scan = 40
* Number of Voltage Words = 5
* Number of Scans Averaged by the Deck Unit = 1
* NMEA Latitude = 43 30.09 N
* NMEA Longitude = 079 21.50 W
* NMEA UTC (Time) = Sep 28 2023  03:56:05
* NMEA baud rate = 4800
** Ship: Lake Guardian
** Cruise: Ontario Lower Food Web 2023
** Station:  STN12,2
# nquan = 18                                
# nvalues = 7237                        
# units = specified
# name 0 = prDM: Pressure, Digiquartz [db]
# name 1 = t090C: Temperature [ITS-90, deg C]
# name 2 = c0uS/cm: Conductivity [uS/cm]
# name 3 = sbeox0V: Oxygen raw, SBE 43 [V]
# name 4 = par: PAR/Irradiance, Biospherical/Licor
# name 5 = bat: Beam Attenuation, Chelsea/Seatech [1/m]
# name 6 = xmiss: Beam Transmission, Chelsea/Seatech [%]
# name 7 = flSP: Fluorescence, Seapoint
# name 8 = spar: SPAR, Biospherical/Licor
# name 9 = upoly0: Upoly 0, Suna Nitrate
# name 10 = t190C: Temperature, 2 [ITS-90, deg C]
# name 11 = c1uS/cm: Conductivity, 2 [uS/cm]
# name 12 = sbeox1V: Oxygen raw, SBE 43, 2 [V]
# name 13 = depFM: Depth [fresh water, m], lat = 43.5015
# name 14 = sbeox0Mg/L: Oxygen, SBE 43 [mg/l], WS = 2
# name 15 = specc: Specific Conductance [uS/cm]
# name 16 = sbeox1Mg/L: Oxygen, SBE 43, 2 [mg/l], WS = 2
# name 17 = flag: flag
# span 0 =      0.040,      5.277       
# span 1 =    14.3201,    18.1334       
# span 2 =   1.545543, 384.610202       
# span 3 =     0.0171,     0.0354       
# span 4 = 1.0000e-12, 5.0390e+00       
# span 5 =     0.9711,     3.5959       
# span 6 =    40.6991,    78.4445       
# span 7 = 8.7912e-02, 2.3333e+00       
# span 8 = 0.0000e+00, 0.0000e+00       
# span 9 =  0.0384227,  0.0388385       
# span 10 =    14.2029,    18.1378      
# span 11 =   0.249759, 262.575022      
# span 12 =     1.9280,     2.7753      
# span 13 =      0.041,      5.381      
# span 14 =    -2.4743,    -2.1912      
# span 15 =      1.964,    488.767      
# span 16 =     6.5675,    10.8090      
# span 17 = 0.0000e+00, 0.0000e+00      
# interval = seconds: 0.0416667
# start_time = Sep 28 2023 03:56:05 [NMEA time, header]
# bad_flag = -9.990e-29
*END*
[from data line 2734]
      2.891    18.0412 255.717828     0.0342 7.2565e-03     1.1053    75.8567 9.5604e-01 0.0000e+00  0.0388385    18.1047 258.314418     2.0501      2.948    -2.2033    297.032     7.1637 -9.990e-29
      2.890    18.0375 255.669674     0.0195 3.7813e-04     1.1039    75.8828 9.8168e-01 0.0000e+00  0.0388385    18.1029 258.192701     2.0501      2.947    -2.2732    297.001     7.1596 -9.990e-29
      2.887    18.0335 255.717833     0.0330 1.0000e-12     1.1025    75.9089 9.9267e-01 0.0000e+00  0.0388385    18.1005 258.192702     2.0501      2.944    -2.2084    297.085     7.1561 -9.990e-29
      2.884    18.0293 255.669681     0.0232 1.0000e-12     1.1025    75.9089 9.7802e-01 0.0000e+00  0.0388385    18.0988 258.162275     2.0501      2.941    -2.2576    297.058     7.1527 -9.990e-29
      2.879    18.0251 255.681723     0.0305 1.5973e-03     1.1039    75.8828 9.5971e-01 0.0000e+00  0.0388385    18.0969 258.253564     2.0488      2.936    -2.2199    297.101     7.1437 -9.990e-29
      2.875    18.0209 255.681726     0.0269 3.4520e-03     1.1039    75.8828 9.4872e-01 0.0000e+00  0.0388385    18.0950 258.192706     2.0488      2.932    -2.2421    297.130     7.1412 -9.990e-29
      2.870    18.0161 255.645613     0.0256 1.5973e-03     1.1039    75.8828 9.3773e-01 0.0000e+00  0.0388385    18.0929 258.192709     2.0488      2.927    -2.2432    297.121     7.1386 -9.990e-29
      2.864    18.0114 255.681732     0.0293 1.0000e-12     1.1025    75.9089 9.3407e-01 0.0000e+00  0.0388385    18.0920 258.162278     2.0488      2.920    -2.2316    297.196     7.1363 -9.990e-29
      2.858    18.0068 255.633582     0.0220 1.0000e-12     1.1025    75.9089 9.3040e-01 0.0000e+00  0.0388385    18.0908 258.162282     2.0476      2.914    -2.2606    297.171     7.1284 -9.990e-29
      2.853    18.0025 255.657661     0.0317 1.0000e-12     1.1025    75.9089 9.4505e-01 0.0000e+00  0.0388385    18.0891 257.979704     2.0488      2.909    -2.2212    297.229     7.1323 -9.990e-29
      2.846    17.9990 255.717863     0.0195 1.0000e-12     1.1025    75.9089 9.7436e-01 0.0000e+00  0.0388385    18.0875 258.040567     2.0476      2.902    -2.2734    297.323     7.1254 -9.990e-29
      2.838    17.9960 255.669706     0.0342 1.0000e-12     1.1039    75.8828 9.6337e-01 0.0000e+00  0.0388385    18.0866 258.131853     2.0476      2.894    -2.2090    297.288     7.1245 -9.990e-29
      2.831    17.9935 255.681748     0.0183 1.0000e-12     1.1039    75.8828 9.5238e-01 0.0000e+00  0.0388385    18.0846 257.979708     2.0476      2.887    -2.2797    297.319     7.1238 -9.990e-29
      2.824    17.9907 255.657672     0.0354 1.0000e-12     1.1025    75.9089 9.3773e-01 0.0000e+00  0.0388385    18.0814 257.979712     2.0476      2.880    -2.2018    297.311     7.1234 -9.990e-29
      2.815    17.9875 255.717870     0.0183 1.0000e-12     1.1025    75.9089 9.3773e-01 0.0000e+00  0.0388385    18.0766 257.827569     2.0476      2.871    -2.2806    297.403     7.1232 -9.990e-29
      2.806    17.9835 255.669716     0.0354 1.0859e-02     1.1025    75.9089 9.5971e-01 0.0000e+00  0.0388385    18.0697 258.071008     2.0464      2.861    -2.2005    297.375     7.1182 -9.990e-29
      2.798    17.9795 255.645641     0.0208 2.7568e-02     1.1025    75.9089 9.4872e-01 0.0000e+00  0.0388385    18.0621 257.979727     2.0464      2.853    -2.2704    297.374     7.1190 -9.990e-29
      2.788    17.9777 255.621564     0.0330 2.7189e-02     1.1025    75.9089 9.3040e-01 0.0000e+00  0.0388385    18.0537 257.979734     2.0464      2.843    -2.2109    297.359     7.1200 -9.990e-29
      2.779    17.9756 255.681761     0.0232 6.9346e-03     1.1025    75.9089 9.5238e-01 0.0000e+00  0.0388385    18.0451 257.918881     2.0476      2.834    -2.2601    297.443     7.1271 -9.990e-29
      2.770    17.9700 255.657688     0.0293 1.0000e-12     1.1039    75.8828 9.6337e-01 0.0000e+00  0.0388385    18.0369 257.827602     2.0464      2.825    -2.2274    297.454     7.1236 -9.990e-29
      2.761    17.9583 255.669736     0.0269 1.0000e-12     1.1039    75.8828 9.5971e-01 0.0000e+00  0.0388385    18.0282 257.827608     2.0464      2.815    -2.2444    297.549     7.1252 -9.990e-29
      2.750    17.9429 255.681788     0.0256 1.0000e-12     1.1025    75.9089 9.4505e-01 0.0000e+00  0.0388385    18.0196 257.858044     2.0464      2.804    -2.2455    297.670     7.1278 -9.990e-29
      2.740    17.9269 255.681801     0.0305 1.0000e-12     1.1025    75.9089 9.3040e-01 0.0000e+00  0.0388385    18.0115 257.949338     2.0464      2.794    -2.2290    297.781     7.1305 -9.990e-29
      2.729    17.9103 255.693853     0.0220 1.0000e-12     1.1039    75.8828 9.3040e-01 0.0000e+00  0.0388385    18.0018 257.888487     2.0464      2.783    -2.2636    297.910     7.1333 -9.990e-29
      2.720    17.8915 255.705909     0.0330 1.0000e-12     1.1025    75.9089 9.4139e-01 0.0000e+00  0.0388385    17.9900 257.736353     2.0464      2.774    -2.2180    298.055     7.1371 -9.990e-29
      2.710    17.8697 255.657769     0.0195 1.0000e-12     1.1039    75.8828 9.5604e-01 0.0000e+00  0.0388385    17.9785 257.888506     2.0464      2.763    -2.2775    298.150     7.1412 -9.990e-29
      2.701    17.8499 255.669824     0.0342 2.8303e-03     1.1039    75.8828 9.7436e-01 0.0000e+00  0.0388385    17.9675 257.827657     2.0464      2.754    -2.2133    298.302     7.1454 -9.990e-29
      2.692    17.8377 255.633717     0.0183 1.3209e-02     1.1025    75.9089 9.9634e-01 0.0000e+00  0.0388385    17.9540 257.888527     2.0464      2.745    -2.2851    298.345     7.1503 -9.990e-29
      2.682    17.8245 255.705964     0.0354 1.6999e-02     1.1025    75.9089 1.0220e+00 0.0000e+00  0.0388385    17.9417 257.736392     2.0464      2.735    -2.2075    298.521     7.1556 -9.990e-29
      2.671    17.8174 255.693930     0.0183 1.9471e-02     1.1025    75.9089 1.1136e+00 0.0000e+00  0.0388385    17.9289 257.797261     2.0464      2.724    -2.2867    298.557     7.1603 -9.990e-29
      2.659    17.8204 255.645769     0.0342 3.6181e-02     1.1039    75.8828 1.4176e+00 0.0000e+00  0.0388385    17.9190 257.858126     2.0452      2.711    -2.2116    298.480     7.1594 -9.990e-29
      2.649    17.8234 255.669845     0.0208 4.4488e-02     1.1039    75.8828 1.4212e+00 0.0000e+00  0.0388385    17.9099 257.918991     2.0452      2.701    -2.2760    298.487     7.1644 -9.990e-29
      2.639    17.8304 255.681878     0.0317 4.4061e-02     1.1025    75.9089 1.2711e+00 0.0000e+00  0.0388385    17.9014 257.918999     2.0452      2.691    -2.2219    298.452     7.1698 -9.990e-29
      2.631    17.8389 255.681871     0.0232 2.7568e-02     1.1025    75.9089 1.1319e+00 0.0000e+00  0.0388385    17.8942 257.827717     2.0452      2.683    -2.2653    298.393     7.1747 -9.990e-29
      2.622    17.8475 255.717982     0.0293 1.9829e-02     1.1025    75.9089 1.0733e+00 0.0000e+00  0.0388385    17.8885 257.797293     2.0452      2.674    -2.2323    298.375     7.1803 -9.990e-29
      2.614    17.8556 255.754092     0.0269 1.8760e-02     1.1025    75.9089 1.0366e+00 0.0000e+00  0.0388385    17.8834 257.949442     2.0452      2.666    -2.2486    298.361     7.1856 -9.990e-29
      2.605    17.8722 255.717962     0.0256 2.2723e-02     1.1039    75.8828 1.0403e+00 0.0000e+00  0.0388385    17.8788 257.827731     2.0452      2.656    -2.2488    298.203     7.1911 -9.990e-29
      2.596    17.8853 255.790186     0.0305 2.5684e-02     1.1039    75.8828 1.0623e+00 0.0000e+00  0.0388385    17.8802 257.827728     2.0452      2.647    -2.2309    298.196     7.1955 -9.990e-29
      2.587    17.8904 255.850379     0.0220 1.8406e-02     1.1039    75.8828 1.0293e+00 0.0000e+00  0.0388385    17.8905 257.858148     2.0452      2.638    -2.2651    298.231     7.1988 -9.990e-29
      2.579    17.8996 255.874451     0.0330 2.5207e-03     1.1039    75.8828 1.0037e+00 0.0000e+00  0.0388385    17.9031 257.797279     2.0452      2.630    -2.2183    298.195     7.2019 -9.990e-29
      2.571    17.9093 255.922601     0.0183 1.0000e-12     1.1025    75.9089 1.0000e+00 0.0000e+00  0.0388385    17.9122 257.827701     2.0452      2.622    -2.2814    298.184     7.2053 -9.990e-29
      2.563    17.9205 255.946669     0.0354 1.0000e-12     1.0998    75.9612 1.0000e+00 0.0000e+00  0.0388385    17.9172 257.918982     2.0452      2.614    -2.2044    298.134     7.2095 -9.990e-29
      2.557    17.9348 255.970738     0.0183 1.0000e-12     1.0970    76.0135 1.0000e+00 0.0000e+00  0.0388385    17.9187 257.918983     2.0464      2.607    -2.2809    298.063     7.2200 -9.990e-29
      2.551    17.9500 256.006845     0.0354 1.0000e-12     1.0970    76.0135 1.0110e+00 0.0000e+00  0.0388385    17.9135 257.918987     2.0464      2.601    -2.2021    297.999     7.2266 -9.990e-29
      2.543    17.9660 255.982751     0.0183 3.7813e-04     1.0970    76.0135 1.0733e+00 0.0000e+00  0.0388385    17.9053 257.949422     2.0464      2.593    -2.2809    297.860     7.2333 -9.990e-29
      2.536    17.9806 256.067017     0.0354 7.5794e-03     1.0970    76.0135 1.0989e+00 0.0000e+00  0.0388385    17.9139 257.949414     2.0476      2.586    -2.1996    297.857     7.2430 -9.990e-29
      2.529    17.9932 256.103126     0.0208 9.8651e-03     1.0970    76.0135 1.0952e+00 0.0000e+00  0.0388385    17.9348 257.979826     2.0476      2.579    -2.2688    297.812     7.2453 -9.990e-29
      2.524    18.0064 256.079035     0.0330 9.8651e-03     1.0970    76.0135 1.0879e+00 0.0000e+00  0.0388385    17.9564 258.162384     2.0476      2.574    -2.2084    297.692     7.2476 -9.990e-29
      2.520    18.0202 256.079024     0.0244 8.8800e-03     1.0970    76.0135 1.0769e+00 0.0000e+00  0.0388385    17.9791 258.162365     2.0488      2.570    -2.2517    297.597     7.2553 -9.990e-29
      2.516    18.0338 256.042893     0.0293 8.8800e-03     1.0970    76.0135 1.0623e+00 0.0000e+00  0.0388385    17.9977 258.314498     2.0501      2.566    -2.2238    297.461     7.2642 -9.990e-29
      2.511    18.0452 256.042883     0.0281 8.5535e-03     1.0970    76.0135 1.0952e+00 0.0000e+00  0.0388385    18.0138 258.253625     2.0501      2.561    -2.2339    297.382     7.2673 -9.990e-29
      2.507    18.0551 256.127154     0.0256 2.8303e-03     1.0970    76.0135 1.3040e+00 0.0000e+00  0.0388385    18.0233 258.375336     2.0513      2.556    -2.2399    297.411     7.2770 -9.990e-29
      2.503    18.0629 256.115107     0.0305 1.0000e-12     1.0970    76.0135 1.4872e+00 0.0000e+00  0.0388385    18.0271 258.436192     2.0525      2.552    -2.2220    297.343     7.2876 -9.990e-29
      2.498    18.0693 256.139182     0.0220 1.0000e-12     1.0970    76.0135 1.4689e+00 0.0000e+00  0.0388385    18.0316 258.466619     2.0525      2.547    -2.2560    297.327     7.2925 -9.990e-29
      2.495    18.0757 256.139176     0.0330 2.7568e-02     1.0970    76.0135 1.3810e+00 0.0000e+00  0.0388385    18.0388 258.497041     2.0537      2.544    -2.2095    297.283     7.3028 -9.990e-29
      2.492    18.0811 256.223452     0.0195 5.2823e-02     1.0970    76.0135 1.3040e+00 0.0000e+00  0.0388385    18.0461 258.405747     2.0549      2.541    -2.2680    297.343     7.3121 -9.990e-29
      2.489    18.0857 256.211407     0.0354 5.6930e-02     1.0984    75.9873 1.2747e+00 0.0000e+00  0.0388385    18.0518 258.466600     2.0562      2.538    -2.1971    297.298     7.3220 -9.990e-29
      2.486    18.0902 256.163245     0.0183 3.2987e-02     1.0970    76.0135 1.2821e+00 0.0000e+00  0.0388385    18.0546 258.466599     2.0574      2.535    -2.2742    297.211     7.3317 -9.990e-29
      2.483    18.0944 256.259560     0.0354 1.3209e-02     1.0970    76.0135 1.3187e+00 0.0000e+00  0.0388385    18.0563 258.497027     2.0586      2.532    -2.1959    297.294     7.3414 -9.990e-29
      2.481    18.0976 256.223437     0.0183 7.9032e-03     1.0970    76.0135 1.3004e+00 0.0000e+00  0.0388385    18.0575 258.466596     2.0598      2.530    -2.2751    297.230     7.3510 -9.990e-29
      2.480    18.1002 256.235476     0.0342 6.8165e-04     1.0984    75.9873 1.2674e+00 0.0000e+00  0.0388385    18.0584 258.497025     2.0611      2.529    -2.2005    297.226     7.3609 -9.990e-29
      2.479    18.1030 256.295673     0.0208 1.0000e-12     1.0998    75.9612 1.3004e+00 0.0000e+00  0.0388385    18.0575 258.618746     2.0611      2.528    -2.2650    297.276     7.3648 -9.990e-29
      2.480    18.1052 256.295671     0.0317 1.0000e-12     1.1012    75.9351 1.2894e+00 0.0000e+00  0.0388385    18.0579 258.497025     2.0623      2.529    -2.2112    297.261     7.3734 -9.990e-29
      2.481    18.1072 256.307711     0.0244 1.0000e-12     1.1012    75.9351 1.2088e+00 0.0000e+00  0.0388385    18.0599 258.618745     2.0635      2.530    -2.2495    297.261     7.3814 -9.990e-29
      2.481    18.1090 256.331789     0.0293 1.0000e-12     1.1039    75.8828 1.1245e+00 0.0000e+00  0.0388385    18.0608 258.618743     2.0647      2.530    -2.2222    297.277     7.3889 -9.990e-29
      2.482    18.1099 256.452192     0.0281 1.0000e-12     1.1025    75.9089 1.0696e+00 0.0000e+00  0.0388385    18.0619 258.618744     2.0659      2.531    -2.2332    297.410     7.3961 -9.990e-29
      2.481    18.1112 256.464230     0.0244 1.0000e-12     1.1025    75.9089 1.0476e+00 0.0000e+00  0.0388385    18.0621 258.588312     2.0672      2.530    -2.2447    297.415     7.4036 -9.990e-29
      2.481    18.1112 256.536473     0.0305 1.0000e-12     1.1025    75.9089 1.0623e+00 0.0000e+00  0.0388385    18.0621 258.649173     2.0684      2.530    -2.2217    297.499     7.4103 -9.990e-29
      2.482    18.1120 256.632796     0.0208 1.0000e-12     1.1012    75.9351 1.0403e+00 0.0000e+00  0.0388385    18.0633 258.679601     2.0696      2.531    -2.2614    297.605     7.4161 -9.990e-29
      2.484    18.1120 256.620755     0.0342 1.0000e-12     1.1025    75.9089 1.0147e+00 0.0000e+00  0.0388385    18.0686 258.497016     2.0708      2.533    -2.2039    297.591     7.4205 -9.990e-29
      2.487    18.1116 256.596675     0.0195 1.0000e-12     1.1025    75.9089 9.9634e-01 0.0000e+00  0.0388385    18.0775 258.618729     2.0720      2.536    -2.2677    297.566     7.4244 -9.990e-29
      2.492    18.1111 256.620757     0.0354 2.5207e-03     1.1025    75.9089 1.0183e+00 0.0000e+00  0.0388385    18.0847 258.618724     2.0733      2.541    -2.1971    297.597     7.4284 -9.990e-29
      2.496    18.1100 256.741165     0.0183 2.2723e-02     1.1025    75.9089 1.0037e+00 0.0000e+00  0.0388385    18.0899 258.618720     2.0745      2.545    -2.2744    297.744     7.4314 -9.990e-29
      2.500    18.1092 256.741164     0.0354 3.2200e-02     1.1025    75.9089 9.9634e-01 0.0000e+00  0.0388385    18.0938 258.649146     2.0757      2.549    -2.1963    297.750     7.4344 -9.990e-29
      2.505    18.1073 256.741167     0.0195 3.1027e-02     1.1025    75.9089 1.0183e+00 0.0000e+00  0.0388385    18.0955 258.618715     2.0769      2.554    -2.2702    297.763     7.4375 -9.990e-29
      2.511    18.1057 256.741168     0.0342 1.8052e-02     1.1025    75.9089 1.0366e+00 0.0000e+00  0.0388385    18.0974 258.770864     2.0781      2.561    -2.2004    297.774     7.4399 -9.990e-29
      2.517    18.1035 256.813415     0.0220 1.2196e-02     1.1025    75.9089 1.0513e+00 0.0000e+00  0.0388385    18.0983 258.770864     2.0794      2.567    -2.2596    297.873     7.4426 -9.990e-29
      2.525    18.1000 256.789336     0.0317 6.6135e-03     1.1025    75.9089 1.0549e+00 0.0000e+00  0.0388385    18.0984 258.679573     2.0806      2.575    -2.2115    297.869     7.4448 -9.990e-29
      2.533    18.0961 256.789340     0.0244 1.0000e-12     1.1025    75.9089 1.0330e+00 0.0000e+00  0.0388385    18.0980 258.740434     2.0830      2.583    -2.2496    297.896     7.4520 -9.990e-29
      2.541    18.0926 256.885671     0.0281 1.0000e-12     1.1025    75.9089 1.0000e+00 0.0000e+00  0.0388385    18.0988 258.679574     2.0830      2.591    -2.2280    298.032     7.4476 -9.990e-29
