data/05_metadata_exports/SeabirdData/202310_SeabirdData/88861_STN19.cnv
* Sea-Bird SBE 9 Data File:
* FileName = C:\Users\rosette\Rosette Data\2023\Ontario lower food web csmi\STN19.hex
* Software Version Seasave V 7.26.6.26
* Temperature SN = 5270
* Conductivity SN = 1168
* Number of Bytes Per Scan = 40
* Number of Voltage Words = 5
* Number of Scans Averaged by the Deck Unit = 1
* NMEA Latitude = 43 22.97 N
* NMEA Longitude = 079 17.02 W
* NMEA UTC (Time) = Sep 28 2023  05:30:04
* NMEA baud rate = 4800
** Ship: Lake Guardian
** Cruise: Ontario Lower Food Web 2023
** Station:  STN19
# nquan = 18                                
# nvalues = 18458                       
# units = specified
# name 0 = prDM: Pressure, Digiquartz [db]
# name 1 = t090C: Temperature [ITS-90, deg C]
# name 2 = c0uS/cm: Conductivity [uS/cm]
# name 3 = sbeox0V: Oxygen raw, SBE 43 [V]
# name 4 = par: PAR/Irradiance, Biospherical/Licor
# name 5 = bat: Beam Attenuation, Chelsea/Seatech [1/m]
# name 6 = xmiss: Beam Transmission, Chelsea/Seatech [%]
# name 7 = flSP: Fluorescence, Seapoint
# name 8 = spar: SPAR, Biospherical/Licor
# name 9 = upoly0: Upoly 0, Suna Nitrate
# name 10 = t190C: Temperature, 2 [ITS-90, deg C]
# name 11 = c1uS/cm: Conductivity, 2 [uS/cm]
# name 12 = sbeox1V: Oxygen raw, SBE 43, 2 [V]
# name 13 = depFM: Depth [fresh water, m], lat = 43.3828
# name 14 = sbeox0Mg/L: Oxygen, SBE 43 [mg/l], WS = 2
# name 15 = specc: Specific Conductance [uS/cm]
# name 16 = sbeox1Mg/L: Oxygen, SBE 43, 2 [mg/l], WS = 2
# name 17 = flag: flag
# span 0 =     -0.003,    102.066       
# span 1 =     4.2489,    18.1157       
# span 2 =   8.746819, 262.667276       
# span 3 =     0.0012,     0.0366       
# span 4 = 1.0000e-12, 7.1857e+00       
# span 5 =     0.2310,     4.9893       
# span 6 =    28.7272,    94.3895       
# span 7 = 8.4249e-02, 2.1941e+00       
# span 8 = 0.0000e+00, 0.0000e+00       
# span 9 =  0.0413330,  0.0629524       
# span 10 =     4.2495,    18.1132      
# span 11 =   4.519275, 264.066391      
# span 12 =     1.9109,     2.8669      
# span 13 =     -0.003,    104.078      
# span 14 =    -3.2843,    -2.1890      
# span 15 =     11.130,    320.029      
# span 16 =     6.5802,    12.6931      
# span 17 = 0.0000e+00, 0.0000e+00      
# interval = seconds: 0.0416667
# start_time = Sep 28 2023 05:30:04 [NMEA time, header]
# bad_flag = -9.990e-29
*END*
[from data line 12141]
     85.045     4.2546 187.061392     0.0110 1.0000e-12     0.2666    93.5530 9.1575e-02 0.0000e+00  0.0554688     4.2562 188.176507     2.2234     86.722    -3.2683    319.702    11.2595 0.0000e+00
     85.023     4.2546 187.073338     0.0317 1.0000e-12     0.2654    93.5792 9.5238e-02 0.0000e+00  0.0554688     4.2564 188.206839     2.2234     86.699    -3.1276    319.722    11.2607 0.0000e+00
     85.000     4.2546 187.061392     0.0220 1.0000e-12     0.2666    93.5530 9.8901e-02 0.0000e+00  0.0554688     4.2562 188.237170     2.2222     86.676    -3.2085    319.702    11.2541 0.0000e+00
     84.977     4.2544 187.049445     0.0147 1.0000e-12     0.2666    93.5530 1.0623e-01 0.0000e+00  0.0554688     4.2561 188.267501     2.2234     86.652    -3.2383    319.683    11.2618 0.0000e+00
     84.955     4.2546 187.073337     0.0330 1.0000e-12     0.2654    93.5792 1.0623e-01 0.0000e+00  0.0558845     4.2567 188.115841     2.2234     86.630    -3.1293    319.722    11.2614 0.0000e+00
     84.931     4.2546 187.156953     0.0134 1.0000e-12     0.2654    93.5792 9.8901e-02 0.0000e+00  0.0558845     4.2568 188.146172     2.2234     86.605    -3.2593    319.865    11.2625 0.0000e+00
     84.907     4.2548 187.109172     0.0269 1.0000e-12     0.2654    93.5792 9.5238e-02 0.0000e+00  0.0554688     4.2564 188.176504     2.2234     86.581    -3.1580    319.781    11.2637 0.0000e+00
     84.883     4.2549 187.037498     0.0269 1.0000e-12     0.2666    93.5530 9.5238e-02 0.0000e+00  0.0554688     4.2567 188.267499     2.2234     86.557    -3.1775    319.658    11.2633 0.0000e+00
     84.860     4.2551 187.025553     0.0110 1.0000e-12     0.2654    93.5792 9.1575e-02 0.0000e+00  0.0558845     4.2564 188.115839     2.2234     86.533    -3.2663    319.635    11.2631 0.0000e+00
     84.837     4.2549 187.097225     0.0342 1.0000e-12     0.2643    93.6053 9.1575e-02 0.0000e+00  0.0554688     4.2567 188.176502     2.2234     86.510    -3.1187    319.760    11.2640 0.0000e+00
     84.815     4.2552 187.073333     0.0183 1.0000e-12     0.2654    93.5792 9.1575e-02 0.0000e+00  0.0554688     4.2561 188.267499     2.2234     86.487    -3.2339    319.715    11.2652 0.0000e+00
     84.793     4.2553 187.073333     0.0208 1.0000e-12     0.2643    93.6053 9.1575e-02 0.0000e+00  0.0550530     4.2565 188.085505     2.2234     86.465    -3.1992    319.714    11.2646 0.0000e+00
     84.772     4.2552 187.061388     0.0305 1.0000e-12     0.2643    93.6053 9.5238e-02 0.0000e+00  0.0550530     4.2567 188.055173     2.2234     86.443    -3.1527    319.695    11.2655 0.0000e+00
     84.748     4.2554 187.073332     0.0110 1.0000e-12     0.2654    93.5792 9.8901e-02 0.0000e+00  0.0550530     4.2564 188.146169     2.2234     86.419    -3.2705    319.713    11.2664 0.0000e+00
     84.724     4.2551 187.061386     0.0317 1.0000e-12     0.2643    93.6053 9.8901e-02 0.0000e+00  0.0554688     4.2568 188.267497     2.2234     86.394    -3.1299    319.696    11.2658 0.0000e+00
     84.699     4.2552 187.025550     0.0220 1.0000e-12     0.2643    93.6053 9.8901e-02 0.0000e+00  0.0554688     4.2567 188.237165     2.2234     86.369    -3.2109    319.634    11.2665 0.0000e+00
     84.676     4.2553 187.097221     0.0147 1.0000e-12     0.2643    93.6053 9.5238e-02 0.0000e+00  0.0554688     4.2567 188.176499     2.2234     86.345    -3.2395    319.755    11.2672 0.0000e+00
     84.653     4.2552 187.073330     0.0330 1.0000e-12     0.2643    93.6053 9.5238e-02 0.0000e+00  0.0554688     4.2568 188.267496     2.2247     86.322    -3.1294    319.715    11.2763 0.0000e+00
     84.631     4.2553 187.061385     0.0134 1.0000e-12     0.2654    93.5792 9.8901e-02 0.0000e+00  0.0550530     4.2567 188.297828     2.2247     86.300    -3.2581    319.694    11.2768 0.0000e+00
     84.608     4.2553 187.025548     0.0269 1.0000e-12     0.2654    93.5792 1.0256e-01 0.0000e+00  0.0550530     4.2568 188.237163     2.2234     86.276    -3.1569    319.633    11.2687 0.0000e+00
     84.586     4.2553 187.025548     0.0256 1.0000e-12     0.2643    93.6053 9.8901e-02 0.0000e+00  0.0550530     4.2575 188.176497     2.2247     86.254    -3.1849    319.633    11.2775 0.0000e+00
     84.563     4.2555 187.061384     0.0110 1.0000e-12     0.2654    93.5792 9.8901e-02 0.0000e+00  0.0550530     4.2575 188.267495     2.2234     86.230    -3.2630    319.692    11.2693 0.0000e+00
     84.540     4.2553 187.109164     0.0342 1.0000e-12     0.2654    93.5792 1.0256e-01 0.0000e+00  0.0550530     4.2570 188.297826     2.2234     86.207    -3.1156    319.776    11.2697 0.0000e+00
     84.516     4.2553 187.073328     0.0171 1.0000e-12     0.2643    93.6053 1.0256e-01 0.0000e+00  0.0554688     4.2567 188.237161     2.2234     86.182    -3.2375    319.714    11.2687 0.0000e+00
     84.491     4.2555 187.025546     0.0208 1.0000e-12     0.2643    93.6053 1.0256e-01 0.0000e+00  0.0554688     4.2575 188.237160     2.2234     86.157    -3.1951    319.631    11.2687 0.0000e+00
     84.467     4.2553 187.061382     0.0305 1.0000e-12     0.2643    93.6053 1.0623e-01 0.0000e+00  0.0554688     4.2572 188.237160     2.2247     86.132    -3.1486    319.694    11.2762 0.0000e+00
     84.443     4.2553 187.085272     0.0110 1.0000e-12     0.2654    93.5792 1.0989e-01 0.0000e+00  0.0550530     4.2573 188.176495     2.2247     86.108    -3.2666    319.735    11.2750 0.0000e+00
     84.420     4.2554 187.121107     0.0317 1.0000e-12     0.2654    93.5792 1.0989e-01 0.0000e+00  0.0550530     4.2572 188.206827     2.2234     86.084    -3.1260    319.795    11.2640 0.0000e+00
     84.396     4.2557 187.073326     0.0220 1.0000e-12     0.2666    93.5530 1.0623e-01 0.0000e+00  0.0554688     4.2565 188.267492     2.2234     86.060    -3.2070    319.710    11.2643 0.0000e+00
     84.373     4.2553 187.073325     0.0147 1.0000e-12     0.2666    93.5530 1.0256e-01 0.0000e+00  0.0554688     4.2573 188.237158     2.2247     86.036    -3.2358    319.714    11.2727 0.0000e+00
     84.349     4.2555 187.109161     0.0330 1.0000e-12     0.2677    93.5269 1.0256e-01 0.0000e+00  0.0550530     4.2576 188.176493     2.2247     86.012    -3.1270    319.773    11.2726 0.0000e+00
     84.326     4.2555 187.073324     0.0134 1.0000e-12     0.2666    93.5530 1.0256e-01 0.0000e+00  0.0550530     4.2576 188.206825     2.2234     85.989    -3.2559    319.712    11.2627 0.0000e+00
     84.303     4.2557 187.061378     0.0269 1.0000e-12     0.2677    93.5269 9.8901e-02 0.0000e+00  0.0554688     4.2573 188.267489     2.2234     85.965    -3.1548    319.690    11.2614 0.0000e+00
     84.281     4.2557 187.049433     0.0256 1.0000e-12     0.2666    93.5530 9.5238e-02 0.0000e+00  0.0558845     4.2576 188.237157     2.2247     85.943    -3.1829    319.669    11.2698 0.0000e+00
     84.257     4.2554 187.013596     0.0110 1.0000e-12     0.2677    93.5269 9.5238e-02 0.0000e+00  0.0554688     4.2576 188.267488     2.2247     85.918    -3.2612    319.611    11.2697 0.0000e+00
     84.234     4.2555 187.133050     0.0342 1.0000e-12     0.2688    93.5008 9.5238e-02 0.0000e+00  0.0550530     4.2576 188.297820     2.2234     85.895    -3.1127    319.814    11.2610 0.0000e+00
     84.212     4.2555 187.061377     0.0171 1.0000e-12     0.2677    93.5269 9.5238e-02 0.0000e+00  0.0554688     4.2580 188.297820     2.2247     85.872    -3.2347    319.692    11.2692 0.0000e+00
     84.189     4.2557 187.109159     0.0220 1.0000e-12     0.2677    93.5269 9.5238e-02 0.0000e+00  0.0554688     4.2580 188.206823     2.2247     85.849    -3.1846    319.771    11.2690 0.0000e+00
     84.165     4.2553 187.073321     0.0305 1.0000e-12     0.2688    93.5008 9.5238e-02 0.0000e+00  0.0550530     4.2581 188.176489     2.2247     85.824    -3.1460    319.714    11.2686 0.0000e+00
     84.141     4.2555 187.097211     0.0110 1.0000e-12     0.2677    93.5269 9.5238e-02 0.0000e+00  0.0554688     4.2580 188.328151     2.2247     85.800    -3.2640    319.753    11.2683 0.0000e+00
     84.119     4.2557 187.025540     0.0317 1.0000e-12     0.2666    93.5530 9.5238e-02 0.0000e+00  0.0554688     4.2580 188.206821     2.2247     85.777    -3.1246    319.628    11.2679 0.0000e+00
     84.096     4.2554 187.061374     0.0220 1.0000e-12     0.2666    93.5530 9.5238e-02 0.0000e+00  0.0554688     4.2581 188.267485     2.2247     85.754    -3.2058    319.693    11.2673 0.0000e+00
     84.073     4.2557 187.037485     0.0159 1.0000e-12     0.2677    93.5269 9.8901e-02 0.0000e+00  0.0554688     4.2584 188.237153     2.2247     85.731    -3.2256    319.649    11.2681 0.0000e+00
     84.049     4.2555 187.025538     0.0330 1.0000e-12     0.2677    93.5269 9.5238e-02 0.0000e+00  0.0554688     4.2580 188.176487     2.2247     85.706    -3.1257    319.631    11.2691 0.0000e+00
     84.025     4.2553 187.049428     0.0134 1.0000e-12     0.2677    93.5269 9.5238e-02 0.0000e+00  0.0554688     4.2580 188.328149     2.2247     85.682    -3.2536    319.674    11.2686 0.0000e+00
     84.002     4.2553 187.097209     0.0281 1.0000e-12     0.2677    93.5269 9.5238e-02 0.0000e+00  0.0554688     4.2588 188.267483     2.2247     85.658    -3.1473    319.755    11.2691 0.0000e+00
     83.981     4.2553 187.121100     0.0256 1.0000e-12     0.2677    93.5269 9.5238e-02 0.0000e+00  0.0554688     4.2583 188.328148     2.2247     85.637    -3.1833    319.796    11.2687 0.0000e+00
     83.959     4.2557 187.085263     0.0122 1.0000e-12     0.2677    93.5269 9.8901e-02 0.0000e+00  0.0550530     4.2589 188.267482     2.2234     85.614    -3.2528    319.730    11.2593 0.0000e+00
     83.936     4.2556 187.037482     0.0342 1.0000e-12     0.2677    93.5269 9.8901e-02 0.0000e+00  0.0550530     4.2588 188.267482     2.2247     85.591    -3.1144    319.650    11.2672 0.0000e+00
     83.913     4.2558 187.061371     0.0171 1.0000e-12     0.2654    93.5792 9.8901e-02 0.0000e+00  0.0554688     4.2584 188.115820     2.2234     85.567    -3.2376    319.688    11.2580 0.0000e+00
     83.889     4.2555 187.085262     0.0220 1.0000e-12     0.2654    93.5792 9.8901e-02 0.0000e+00  0.0554688     4.2584 188.146153     2.2234     85.543    -3.1877    319.733    11.2586 0.0000e+00
     83.866     4.2558 187.013589     0.0305 1.0000e-12     0.2654    93.5792 9.8901e-02 0.0000e+00  0.0554688     4.2586 188.267480     2.2234     85.520    -3.1502    319.607    11.2591 0.0000e+00
     83.844     4.2557 187.061370     0.0110 1.0000e-12     0.2654    93.5792 9.5238e-02 0.0000e+00  0.0554688     4.2586 188.237148     2.2247     85.497    -3.2672    319.690    11.2668 0.0000e+00
     83.821     4.2558 187.061370     0.0317 1.0000e-12     0.2654    93.5792 1.0256e-01 0.0000e+00  0.0554688     4.2584 188.297813     2.2247     85.474    -3.1279    319.688    11.2660 0.0000e+00
     83.798     4.2560 187.025533     0.0220 1.0000e-12     0.2666    93.5530 1.1722e-01 0.0000e+00  0.0554688     4.2588 188.237147     2.2247     85.450    -3.2091    319.625    11.2663 0.0000e+00
     83.775     4.2560 187.061368     0.0159 1.0000e-12     0.2654    93.5792 1.1355e-01 0.0000e+00  0.0554688     4.2588 188.176481     2.2234     85.427    -3.2291    319.686    11.2583 0.0000e+00
     83.754     4.2560 187.061369     0.0330 1.0000e-12     0.2654    93.5792 1.0256e-01 0.0000e+00  0.0554688     4.2583 188.206815     2.2234     85.405    -3.1305    319.686    11.2575 0.0000e+00
     83.733     4.2563 187.097204     0.0134 1.0000e-12     0.2654    93.5792 9.8901e-02 0.0000e+00  0.0554688     4.2588 188.237146     2.2247     85.384    -3.2583    319.744    11.2649 0.0000e+00
     83.712     4.2560 187.085259     0.0281 1.0000e-12     0.2654    93.5792 9.8901e-02 0.0000e+00  0.0554688     4.2589 188.267478     2.2247     85.362    -3.1521    319.727    11.2652 0.0000e+00
     83.690     4.2563 187.121094     0.0256 1.0000e-12     0.2654    93.5792 9.5238e-02 0.0000e+00  0.0550530     4.2584 188.237145     2.2247     85.340    -3.1892    319.785    11.2657 0.0000e+00
     83.668     4.2560 187.049422     0.0122 1.0000e-12     0.2654    93.5792 9.5238e-02 0.0000e+00  0.0550530     4.2586 188.176480     2.2247     85.318    -3.2587    319.666    11.2646 0.0000e+00
     83.647     4.2563 187.049421     0.0342 1.0000e-12     0.2654    93.5792 9.5238e-02 0.0000e+00  0.0558845     4.2584 188.176480     2.2247     85.296    -3.1204    319.663    11.2650 0.0000e+00
     83.626     4.2564 187.061367     0.0171 1.0000e-12     0.2654    93.5792 9.5238e-02 0.0000e+00  0.0558845     4.2588 188.206812     2.2247     85.275    -3.2413    319.682    11.2652 0.0000e+00
     83.603     4.2565 187.049420     0.0220 1.0000e-12     0.2666    93.5530 9.5238e-02 0.0000e+00  0.0554688     4.2588 188.267476     2.2247     85.251    -3.1925    319.660    11.2655 0.0000e+00
     83.581     4.2571 187.049419     0.0293 1.0000e-12     0.2654    93.5792 9.1575e-02 0.0000e+00  0.0550530     4.2588 188.206811     2.2247     85.229    -3.1627    319.654    11.2658 0.0000e+00
     83.558     4.2572 187.073309     0.0110 1.0000e-12     0.2654    93.5792 9.1575e-02 0.0000e+00  0.0554688     4.2591 188.206810     2.2247     85.205    -3.2718    319.694    11.2660 0.0000e+00
     83.536     4.2572 187.109146     0.0330 1.0000e-12     0.2654    93.5792 9.5238e-02 0.0000e+00  0.0554688     4.2594 188.328140     2.2247     85.183    -3.1252    319.755    11.2662 0.0000e+00
     83.513     4.2574 187.133035     0.0208 1.0000e-12     0.2666    93.5530 9.5238e-02 0.0000e+00  0.0554688     4.2594 188.206809     2.2247     85.160    -3.2213    319.793    11.2665 0.0000e+00
     83.491     4.2576 187.037472     0.0171 1.0000e-12     0.2666    93.5530 9.5238e-02 0.0000e+00  0.0550530     4.2594 188.267473     2.2247     85.137    -3.2245    319.628    11.2668 0.0000e+00
     83.470     4.2574 187.085254     0.0317 1.0000e-12     0.2666    93.5530 9.5238e-02 0.0000e+00  0.0554688     4.2593 188.237141     2.2247     85.116    -3.1419    319.712    11.2672 0.0000e+00
     83.451     4.2577 187.085252     0.0134 1.0000e-12     0.2654    93.5792 9.5238e-02 0.0000e+00  0.0554688     4.2597 188.328136     2.2247     85.096    -3.2590    319.709    11.2673 0.0000e+00
     83.433     4.2576 187.061363     0.0293 1.0000e-12     0.2666    93.5530 9.5238e-02 0.0000e+00  0.0550530     4.2594 188.388803     2.2247     85.078    -3.1450    319.669    11.2678 0.0000e+00
     83.413     4.2577 187.061362     0.0244 1.0000e-12     0.2654    93.5792 9.5238e-02 0.0000e+00  0.0550530     4.2594 188.297805     2.2247     85.058    -3.1964    319.668    11.2667 0.0000e+00
     83.392     4.2577 187.097197     0.0110 1.0000e-12     0.2654    93.5792 9.5238e-02 0.0000e+00  0.0550530     4.2591 188.206807     2.2247     85.036    -3.2646    319.729    11.2670 0.0000e+00
     83.370     4.2581 187.133033     0.0342 1.0000e-12     0.2654    93.5792 9.8901e-02 0.0000e+00  0.0554688     4.2589 188.267472     2.2247     85.014    -3.1184    319.786    11.2659 0.0000e+00
     83.348     4.2583 187.121086     0.0159 1.0000e-12     0.2654    93.5792 9.8901e-02 0.0000e+00  0.0554688     4.2594 188.237138     2.2247     84.991    -3.2458    319.763    11.2645 0.0000e+00
     83.326     4.2581 187.085250     0.0232 1.0000e-12     0.2666    93.5530 9.5238e-02 0.0000e+00  0.0550530     4.2589 188.176474     2.2247     84.969    -3.1804    319.704    11.2634 0.0000e+00
     83.305     4.2581 187.156922     0.0293 1.0000e-12     0.2666    93.5530 9.1575e-02 0.0000e+00  0.0550530     4.2593 188.267470     2.2247     84.947    -3.1584    319.827    11.2634 0.0000e+00
     83.285     4.2584 187.144977     0.0110 1.0000e-12     0.2666    93.5530 8.7912e-02 0.0000e+00  0.0558845     4.2594 188.237138     2.2247     84.927    -3.2653    319.803    11.2634 0.0000e+00
     83.265     4.2581 187.097194     0.0330 1.0000e-12     0.2666    93.5530 8.7912e-02 0.0000e+00  0.0558845     4.2594 188.328134     2.2247     84.907    -3.1188    319.725    11.2635 0.0000e+00
