data/05_metadata_exports/SeabirdData/202310_SeabirdData/88868_STN18.cnv
* Sea-Bird SBE 9 Data File:
* FileName = C:\Users\rosette\Rosette Data\2023\Ontario lower food web csmi\STN18.hex
* Software Version Seasave V 7.26.6.26
* Temperature SN = 5270
* Conductivity SN = 1168
* Number of Bytes Per Scan = 40
* Number of Voltage Words = 5
* Number of Scans Averaged by the Deck Unit = 1
* NMEA Latitude = 43 18.24 N
* NMEA Longitude = 079 16.54 W
* NMEA UTC (Time) = Sep 28 2023  06:55:12
* NMEA baud rate = 4800
** Ship: Lake Guardian
** Cruise: Ontario Lower Food Web 2023
** Station:  STN18
# nquan = 18                                
# nvalues = 16021                       
# units = specified
# name 0 = prDM: Pressure, Digiquartz [db]
# name 1 = t090C: Temperature [ITS-90, deg C]
# name 2 = c0uS/cm: Conductivity [uS/cm]
# name 3 = sbeox0V: Oxygen raw, SBE 43 [V]
# name 4 = par: PAR/Irradiance, Biospherical/Licor
# name 5 = bat: Beam Attenuation, Chelsea/Seatech [1/m]
# name 6 = xmiss: Beam Transmission, Chelsea/Seatech [%]
# name 7 = flSP: Fluorescence, Seapoint
# name 8 = spar: SPAR, Biospherical/Licor
# name 9 = upoly0: Upoly 0, Suna Nitrate
# name 10 = t190C: Temperature, 2 [ITS-90, deg C]
# name 11 = c1uS/cm: Conductivity, 2 [uS/cm]
# name 12 = sbeox1V: Oxygen raw, SBE 43, 2 [V]
# name 13 = depFM: Depth [fresh water, m], lat = 43.304
# name 14 = sbeox0Mg/L: Oxygen, SBE 43 [mg/l], WS = 2
# name 15 = specc: Specific Conductance [uS/cm]
# name 16 = sbeox1Mg/L: Oxygen, SBE 43, 2 [mg/l], WS = 2
# name 17 = flag: flag
# span 0 =      0.019,     82.145       
# span 1 =   -98.9762,    18.1659       
# span 2 =-137.993735, 264.318083       
# span 3 =     0.0012,     0.0366       
# span 4 = 1.0000e-12, 6.9636e+00       
# span 5 =     0.1836,     3.9643       
# span 6 =    37.1180,    95.5135       
# span 7 = 9.5238e-02, 3.0476e+00       
# span 8 = 0.0000e+00, 1.9691e+00       
# span 9 =  0.0413330,  0.0625367       
# span 10 =     4.6015,    18.1649      
# span 11 =   3.316521, 266.044956      
# span 12 =     1.7448,     2.8120      
# span 13 =      0.019,     83.765      
# span 14 =    -3.2336,   220.9654      
# span 15 =  -1054.042,   9280.625      
# span 16 =     5.7455,    11.1660      
# span 17 = 0.0000e+00, 0.0000e+00      
# interval = seconds: 0.0416667
# start_time = Sep 28 2023 06:55:12 [NMEA time, header]
# bad_flag = -9.990e-29
*END*
[from data line 81]
      0.148    12.9957  44.706510     0.0354 1.0665e-01     0.1869    95.4351 9.8901e-02 0.0000e+00  0.0413330    13.1816   8.549086     2.5800      0.151    -2.4566     58.826    10.7173 -9.990e-29
      0.149    12.9960  45.775486     0.0183 1.0725e-01     0.1858    95.4612 9.8901e-02 0.0000e+00  0.0413330    13.1830   8.519010     2.5812      0.152    -2.5443     60.232    10.7232 -9.990e-29
      0.149    12.9957  46.539124     0.0354 1.0725e-01     0.1869    95.4351 1.0256e-01 0.0000e+00  0.0413330    13.1836   8.428783     2.5800      0.152    -2.4571     61.238    10.7161 -9.990e-29
      0.150    12.9960  47.185334     0.0208 1.0366e-01     0.1869    95.4351 9.8901e-02 0.0000e+00  0.0413330    13.1845   8.308480     2.5800      0.153    -2.5321     62.087    10.7158 -9.990e-29
      0.148    12.9957  48.019606     0.0330 9.1555e-02     0.1869    95.4351 9.8901e-02 0.0000e+00  0.0413330    13.1846   7.917501     2.5800      0.151    -2.4686     63.186    10.7158 -9.990e-29
      0.147    12.9960  49.206531     0.0244 8.7130e-02     0.1869    95.4351 9.8901e-02 0.0000e+00  0.0413330    13.1850   7.797201     2.5788      0.150    -2.5124     64.747    10.7095 -9.990e-29
      0.146    12.9960  50.452395     0.0293 8.6584e-02     0.1869    95.4351 9.8901e-02 0.0000e+00  0.0413330    13.1857   7.887426     2.5800      0.149    -2.4867     66.386    10.7155 -9.990e-29
      0.147    12.9960  51.145929     0.0281 8.3875e-02     0.1858    95.4612 9.8901e-02 0.0000e+00  0.0413330    13.1865   8.067876     2.5812      0.150    -2.4934     67.299    10.7209 -9.990e-29
      0.149    12.9960  51.122419     0.0232 8.2269e-02     0.1858    95.4612 9.8901e-02 0.0000e+00  0.0413330    13.1870   8.218253     2.5800      0.152    -2.5177     67.268    10.7138 -9.990e-29
      0.148    12.9962  50.675730     0.0305 8.3338e-02     0.1858    95.4612 9.8901e-02 0.0000e+00  0.0413330    13.1878   8.158102     2.5788      0.151    -2.4811     66.680    10.7075 -9.990e-29
      0.147    12.9960  50.393624     0.0195 1.0188e-01     0.1858    95.4612 9.8901e-02 0.0000e+00  0.0413330    13.1877   7.887426     2.5800      0.150    -2.5365     66.309    10.7138 -9.990e-29
      0.146    12.9958  50.346607     0.0342 1.1275e-01     0.1869    95.4351 9.8901e-02 0.0000e+00  0.0413330    13.1885   7.706976     2.5812      0.149    -2.4627     66.247    10.7198 -9.990e-29
      0.146    12.9960  50.699239     0.0171 1.1399e-01     0.1869    95.4351 9.8901e-02 0.0000e+00  0.0413330    13.1890   7.586678     2.5800      0.149    -2.5504     66.711    10.7135 -9.990e-29
      0.147    12.9962  51.087153     0.0354 9.7229e-02     0.1869    95.4351 9.8901e-02 0.0000e+00  0.0413330    13.1894   7.586678     2.5800      0.150    -2.4577     67.221    10.7134 -9.990e-29
      0.147    12.9962  51.145929     0.0183 8.6584e-02     0.1869    95.4351 9.5238e-02 0.0000e+00  0.0413330    13.1903   7.827276     2.5800      0.150    -2.5455     67.298    10.7131 -9.990e-29
      0.146    12.9960  50.981356     0.0342 8.4954e-02     0.1869    95.4351 9.8901e-02 0.0000e+00  0.0413330    13.1911   7.827276     2.5812      0.149    -2.4638     67.082    10.7192 -9.990e-29
      0.145    12.9962  50.887316     0.0208 4.0867e-01     0.1869    95.4351 9.8901e-02 0.0000e+00  0.0413330    13.1912   7.827276     2.5800      0.148    -2.5321     66.958    10.7136 -9.990e-29
      0.145    12.9962  50.993112     0.0317 1.2312e+00     0.1858    95.4612 9.8901e-02 0.0000e+00  0.0413330    13.1914   7.827276     2.5800      0.148    -2.4752     67.097    10.7142 -9.990e-29
      0.144    12.9962  51.392794     0.0244 1.4906e+00     0.1858    95.4612 9.8901e-02 0.0000e+00  0.0413330    13.1917   7.526529     2.5800      0.147    -2.5124     67.623    10.7141 -9.990e-29
      0.143    12.9962  51.863032     0.0269 1.4463e+00     0.1858    95.4612 9.8901e-02 0.0000e+00  0.0413330    13.1924   7.285934     2.5800      0.146    -2.4984     68.242    10.7133 -9.990e-29
      0.142    12.9960  52.015866     0.0293 1.4419e+00     0.1858    95.4612 9.8901e-02 0.0000e+00  0.0413330    13.1929   7.346082     2.5800      0.145    -2.4867     68.444    10.7132 -9.990e-29
      0.141    12.9964  52.039379     0.0220 1.4463e+00     0.1847    95.4874 9.8901e-02 0.0000e+00  0.0413330    13.1934   7.556603     2.5800      0.144    -2.5232     68.474    10.7131 -9.990e-29
      0.141    12.9960  51.921814     0.0330 1.4332e+00     0.1858    95.4612 9.8901e-02 0.0000e+00  0.0413330    13.1939   7.706976     2.5800      0.144    -2.4677     68.320    10.7123 -9.990e-29
      0.142    12.9963  51.886545     0.0195 1.4074e+00     0.1858    95.4612 9.8901e-02 0.0000e+00  0.0413330    13.1936   7.706976     2.5788      0.145    -2.5370     68.273    10.7056 -9.990e-29
      0.141    12.9960  51.921814     0.0354 1.3989e+00     0.1858    95.4612 9.8901e-02 0.0000e+00  0.0413330    13.1942   7.586678     2.5800      0.144    -2.4571     68.320    10.7111 -9.990e-29
      0.139    12.9962  52.015866     0.0171 1.4550e+00     0.1858    95.4612 9.8901e-02 0.0000e+00  0.0413330    13.1939   7.285934     2.5812      0.142    -2.5509     68.443    10.7181 -9.990e-29
      0.138    12.9960  51.827763     0.0354 1.6508e+00     0.1858    95.4612 9.8901e-02 0.0000e+00  0.0413330    13.1947   7.135564     2.5800      0.141    -2.4575     68.196    10.7124 -9.990e-29
      0.139    12.9958  51.439816     0.0183 1.7214e+00     0.1858    95.4612 9.8901e-02 0.0000e+00  0.0413330    13.1945   7.195712     2.5800      0.142    -2.5452     67.686    10.7118 -9.990e-29
      0.140    12.9960  50.957846     0.0342 1.7163e+00     0.1858    95.4612 9.8901e-02 0.0000e+00  0.0413330    13.1954   7.346082     2.5788      0.143    -2.4634     67.051    10.7048 -9.990e-29
      0.140    12.9958  50.652221     0.0220 1.6608e+00     0.1858    95.4612 9.8901e-02 0.0000e+00  0.0413330    13.1955   7.616752     2.5800      0.143    -2.5255     66.650    10.7111 -9.990e-29
      0.140    12.9958  50.499413     0.0305 1.6459e+00     0.1869    95.4351 9.8901e-02 0.0000e+00  0.0413330    13.1954   7.586678     2.5800      0.143    -2.4808     66.448    10.7112 -9.990e-29
      0.140    12.9957  50.099773     0.0256 1.6263e+00     0.1847    95.4874 9.8901e-02 0.0000e+00  0.0413330    13.1956   7.586678     2.5800      0.143    -2.5057     65.923    10.7112 -9.990e-29
      0.140    12.9955  49.488597     0.0256 1.4594e+00     0.1869    95.4351 9.8901e-02 0.0000e+00  0.0413330    13.1957   7.195712     2.5788      0.143    -2.5043     65.119    10.7057 -9.990e-29
      0.140    12.9957  48.548413     0.0305 1.3779e+00     0.1858    95.4612 9.8901e-02 0.0000e+00  0.0413330    13.1963   7.165638     2.5788      0.143    -2.4803     63.881    10.7056 -9.990e-29
      0.139    12.9955  47.667086     0.0220 1.3737e+00     0.1858    95.4612 9.8901e-02 0.0000e+00  0.0413330    13.1963   7.346082     2.5800      0.142    -2.5235     62.722    10.7113 -9.990e-29
      0.138    12.9954  47.220583     0.0330 1.5132e+00     0.1858    95.4612 9.8901e-02 0.0000e+00  0.0413330    13.1962   7.436305     2.5812      0.141    -2.4685     62.135    10.7169 -9.990e-29
      0.139    12.9955  46.891596     0.0183 1.6069e+00     0.1858    95.4612 9.8901e-02 0.0000e+00  0.0413330    13.1959   7.646827     2.5800      0.142    -2.5433     61.702    10.7115 -9.990e-29
      0.141    12.9952  46.515627     0.0354 1.6214e+00     0.1858    95.4612 9.8901e-02 0.0000e+00  0.0413330    13.1961   7.797201     2.5800      0.144    -2.4573     61.207    10.7116 -9.990e-29
      0.140    12.9952  45.892964     0.0171 1.6808e+00     0.1847    95.4874 9.8901e-02 0.0000e+00  0.0413330    13.1962   7.556603     2.5800      0.143    -2.5510     60.388    10.7123 -9.990e-29
      0.139    12.9954  44.847467     0.0354 1.7421e+00     0.1847    95.4874 9.8901e-02 0.0000e+00  0.0413330    13.1963   7.316008     2.5800      0.142    -2.4576     59.012    10.7124 -9.990e-29
      0.138    12.9950 208.043282     0.0195 1.7525e+00     0.1847    95.4874 9.8901e-02 0.0000e+00  0.0413330    13.1961   7.255860     2.5812      0.141    -2.5375    273.755    10.7194 -9.990e-29
      0.136    12.9950  96.514495     0.0330 1.6117e+00     0.1847    95.4874 9.8901e-02 0.0000e+00  0.0413330    13.1959   7.255860     2.5800      0.139    -2.4690    126.999    10.7133 -9.990e-29
      0.136    12.9950  41.829179     0.0232 1.4594e+00     0.1858    95.4612 9.8901e-02 0.0000e+00  0.0413330    13.1956   7.526528     2.5800      0.139    -2.5194     55.041    10.7135 -9.990e-29
      0.134    12.9948  41.206867     0.0293 1.4289e+00     0.1858    95.4612 9.8901e-02 0.0000e+00  0.0413330    13.1956   7.767126     2.5788      0.137    -2.4876     54.223    10.7074 -9.990e-29
      0.134    12.9947  40.455456     0.0269 1.4463e+00     0.1847    95.4874 9.5238e-02 0.0000e+00  0.0413330    13.1952   7.827275     2.5800      0.137    -2.5003     53.234    10.7138 -9.990e-29
      0.134    12.9947  39.551506     0.0244 1.4727e+00     0.1847    95.4874 9.8901e-02 0.0000e+00  0.0413330    13.1951   7.556603     2.5800      0.137    -2.5117     52.044    10.7133 -9.990e-29
      0.135    12.9947  38.647654     0.0317 1.4771e+00     0.1847    95.4874 9.8901e-02 0.0000e+00  0.0413330    13.1949   7.346082     2.5788      0.138    -2.4756     50.855    10.7073 -9.990e-29
      0.135    12.9945  37.849528     0.0195 1.5407e+00     0.1847    95.4874 9.5238e-02 0.0000e+00  0.0413330    13.1944   7.346082     2.5788      0.138    -2.5370     49.805    10.7082 -9.990e-29
      0.135    12.9942  37.110156     0.0342 1.7163e+00     0.1847    95.4874 9.5238e-02 0.0000e+00  0.0413330    13.1942   7.436305     2.5800      0.138    -2.4626     48.833    10.7139 -9.990e-29
      0.135    12.9945  36.535135     0.0171 1.7789e+00     0.1858    95.4612 9.5238e-02 0.0000e+00  0.0413330    13.1936   7.917500     2.5812      0.138    -2.5502     48.076    10.7203 -9.990e-29
      0.135    12.9942  36.030557     0.0354 1.7473e+00     0.1847    95.4874 9.5238e-02 0.0000e+00  0.0413330    13.1930   7.887425     2.5800      0.138    -2.4579     47.412    10.7150 -9.990e-29
      0.135    12.9940  35.619876     0.0171 1.6214e+00     0.1847    95.4874 9.5238e-02 0.0000e+00  0.0413330    13.1929   8.037801     2.5788      0.138    -2.5516     46.872    10.7089 -9.990e-29
      0.133    12.9940  35.279613     0.0342 1.5782e+00     0.1847    95.4874 9.8901e-02 0.0000e+00  0.0413330    13.1927   7.947576     2.5788      0.136    -2.4643     46.424    10.7097 -9.990e-29
      0.132    12.9938  34.974562     0.0208 1.5641e+00     0.1858    95.4612 9.8901e-02 0.0000e+00  0.0413330    13.1922   7.646827     2.5800      0.135    -2.5325     46.023    10.7154 -9.990e-29
      0.132    12.9940  34.646058     0.0317 1.4419e+00     0.1847    95.4874 9.8901e-02 0.0000e+00  0.0413330    13.1914   7.466380     2.5812      0.135    -2.4760     45.590    10.7219 -9.990e-29
      0.133    12.9935  34.247177     0.0244 1.3905e+00     0.1858    95.4612 9.8901e-02 0.0000e+00  0.0413330    13.1907   7.556603     2.5800      0.136    -2.5131     45.066    10.7153 -9.990e-29
      0.135    12.9940  33.860046     0.0281 1.3905e+00     0.1858    95.4612 1.0256e-01 0.0000e+00  0.0413330    13.1900   7.827276     2.5800      0.138    -2.4935     44.556    10.7155 -9.990e-29
      0.137    12.9937  33.613700     0.0281 1.5782e+00     0.1858    95.4612 9.8901e-02 0.0000e+00  0.0413330    13.1895   8.067876     2.5800      0.140    -2.4939     44.232    10.7157 -9.990e-29
      0.137    12.9935  33.414282     0.0232 1.7010e+00     0.1858    95.4612 9.8901e-02 0.0000e+00  0.0413330    13.1890   8.128027     2.5800      0.140    -2.5181     43.970    10.7152 -9.990e-29
      0.136    12.9935  33.121028     0.0317 1.7163e+00     0.1858    95.4612 9.8901e-02 0.0000e+00  0.0413330    13.1885   8.158102     2.5788      0.139    -2.4752     43.584    10.7091 -9.990e-29
      0.136    12.9935  32.733950     0.0195 1.6959e+00     0.1858    95.4612 9.8901e-02 0.0000e+00  0.0413330    13.1877   8.128027     2.5800      0.139    -2.5378     43.075    10.7162 -9.990e-29
      0.134    12.9932  32.346890     0.0342 1.6808e+00     0.1847    95.4874 9.8901e-02 0.0000e+00  0.0413330    13.1870   7.947576     2.5800      0.137    -2.4638     42.566    10.7164 -9.990e-29
      0.133    12.9933  32.041946     0.0171 1.6808e+00     0.1858    95.4612 9.8901e-02 0.0000e+00  0.0413330    13.1867   7.737051     2.5812      0.136    -2.5513     42.164    10.7234 -9.990e-29
      0.133    12.9932  31.866022     0.0354 1.5361e+00     0.1858    95.4612 9.8901e-02 0.0000e+00  0.0413330    13.1860   7.887426     2.5800      0.136    -2.4584     41.933    10.7173 -9.990e-29
      0.133    12.9932  31.678373     0.0183 1.3989e+00     0.1847    95.4874 9.8901e-02 0.0000e+00  0.0413330    13.1852   8.248329     2.5800      0.136    -2.5453     41.686    10.7168 -9.990e-29
      0.132    12.9932  31.408636     0.0342 1.3737e+00     0.1847    95.4874 9.5238e-02 0.0000e+00  0.0413330    13.1845   8.428783     2.5800      0.135    -2.4634     41.331    10.7177 -9.990e-29
      0.131    12.9930  31.162362     0.0220 1.4683e+00     0.1858    95.4612 9.5238e-02 0.0000e+00  0.0413330    13.1843   8.368631     2.5800      0.134    -2.5254     41.007    10.7184 -9.990e-29
      0.130    12.9930  30.822281     0.0305 1.6069e+00     0.1858    95.4612 9.5238e-02 0.0000e+00  0.0413330    13.1835   8.218253     2.5800      0.133    -2.4812     40.560    10.7187 -9.990e-29
      0.130    12.9930  30.599478     0.0256 1.6459e+00     0.1858    95.4612 9.8901e-02 0.0000e+00  0.0413330    13.1826   8.007726     2.5800      0.133    -2.5060     40.267    10.7176 -9.990e-29
      0.130    12.9930  30.423584     0.0269 1.6657e+00     0.1858    95.4612 9.5238e-02 0.0000e+00  0.0413330    13.1825   8.067877     2.5788      0.133    -2.4985     40.035    10.7114 -9.990e-29
      0.130    12.9930  30.189065     0.0293 1.7163e+00     0.1858    95.4612 9.5238e-02 0.0000e+00  0.0413330    13.1818   8.067876     2.5800      0.133    -2.4867     39.727    10.7185 -9.990e-29
      0.132    12.9932  29.825573     0.0220 1.7317e+00     0.1858    95.4612 9.5238e-02 0.0000e+00  0.0413330    13.1811   8.158103     2.5812      0.135    -2.5230     39.248    10.7242 -9.990e-29
      0.133    12.9932  29.415199     0.0330 1.6608e+00     0.1858    95.4612 9.5238e-02 0.0000e+00  0.0413330    13.1806   8.248329     2.5800      0.136    -2.4680     38.708    10.7174 -9.990e-29
      0.133    12.9932  29.028293     0.0171 1.4550e+00     0.1847    95.4874 9.5238e-02 0.0000e+00  0.0413330    13.1799   8.579162     2.5800      0.136    -2.5488     38.199    10.7176 -9.990e-29
      0.132    12.9930  28.746918     0.0342 1.3821e+00     0.1847    95.4874 9.8901e-02 0.0000e+00  0.0413330    13.1796   8.519010     2.5800      0.135    -2.4626     37.829    10.7182 -9.990e-29
      0.131    12.9933  28.500723     0.0171 1.3989e+00     0.1847    95.4874 9.8901e-02 0.0000e+00  0.0413330    13.1791   8.158103     2.5800      0.134    -2.5501     37.504    10.7184 -9.990e-29
      0.132    12.9933  28.324874     0.0354 1.5132e+00     0.1869    95.4351 9.5238e-02 0.0000e+00  0.0413330    13.1789   8.037801     2.5812      0.135    -2.4572     37.273    10.7239 -9.990e-29
      0.133    12.9933  28.102137     0.0195 1.5641e+00     0.1858    95.4612 9.5238e-02 0.0000e+00  0.0413330    13.1788   7.947576     2.5800      0.136    -2.5386     36.980    10.7164 -9.990e-29
      0.133    12.9933  27.773903     0.0330 1.5735e+00     0.1858    95.4612 9.8901e-02 0.0000e+00  0.0413330    13.1786   8.188178     2.5800      0.136    -2.4690     36.548    10.7164 -9.990e-29
