data/05_metadata_exports/SeabirdData/202310_SeabirdData/88868_STN18.cnv
* Sea-Bird SBE 9 Data File:
* FileName = C:\Users\rosette\Rosette Data\2023\Ontario lower food web csmi\STN18.hex
* Software Version Seasave V 7.26.6.26
* Temperature SN = 5270
* Conductivity SN = 1168
* Number of Bytes Per Scan = 40
* Number of Voltage Words = 5
* Number of Scans Averaged by the Deck Unit = 1
* NMEA Latitude = 43 18.24 N
* NMEA Longitude = 079 16.54 W
* NMEA UTC (Time) = Sep 28 2023  06:55:12
* NMEA baud rate = 4800
** Ship: Lake Guardian
** Cruise: Ontario Lower Food Web 2023
** Station:  STN18
# nquan = 18                                
# nvalues = 16021                       
# units = specified
# name 0 = prDM: Pressure, Digiquartz [db]
# name 1 = t090C: Temperature [ITS-90, deg C]
# name 2 = c0uS/cm: Conductivity [uS/cm]
# name 3 = sbeox0V: Oxygen raw, SBE 43 [V]
# name 4 = par: PAR/Irradiance, Biospherical/Licor
# name 5 = bat: Beam Attenuation, Chelsea/Seatech [1/m]
# name 6 = xmiss: Beam Transmission, Chelsea/Seatech [%]
# name 7 = flSP: Fluorescence, Seapoint
# name 8 = spar: SPAR, Biospherical/Licor
# name 9 = upoly0: Upoly 0, Suna Nitrate
# name 10 = t190C: Temperature, 2 [ITS-90, deg C]
# name 11 = c1uS/cm: Conductivity, 2 [uS/cm]
# name 12 = sbeox1V: Oxygen raw, SBE 43, 2 [V]
# name 13 = depFM: Depth [fresh water, m], lat = 43.304
# name 14 = sbeox0Mg/L: Oxygen, SBE 43 [mg/l], WS = 2
# name 15 = specc: Specific Conductance [uS/cm]
# name 16 = sbeox1Mg/L: Oxygen, SBE 43, 2 [mg/l], WS = 2
# name 17 = flag: flag
# span 0 =      0.019,     82.145       
# span 1 =   -98.9762,    18.1659       
# span 2 =-137.993735, 264.318083       
# span 3 =     0.0012,     0.0366       
# span 4 = 1.0000e-12, 6.9636e+00       
# span 5 =     0.1836,     3.9643       
# span 6 =    37.1180,    95.5135       
# span 7 = 9.5238e-02, 3.0476e+00       
# span 8 = 0.0000e+00, 1.9691e+00       
# span 9 =  0.0413330,  0.0625367       
# span 10 =     4.6015,    18.1649      
# span 11 =   3.316521, 266.044956      
# span 12 =     1.7448,     2.8120      
# span 13 =      0.019,     83.765      
# span 14 =    -3.2336,   220.9654      
# span 15 =  -1054.042,   9280.625      
# span 16 =     5.7455,    11.1660      
# span 17 = 0.0000e+00, 0.0000e+00      
# interval = seconds: 0.0416667
# start_time = Sep 28 2023 06:55:12 [NMEA time, header]
# bad_flag = -9.990e-29
*END*
[from data line 14232]
     16.128    17.5671 260.029703     0.0061 1.0000e-12     0.7394    83.1234 9.7436e-01 0.0000e+00  0.0550530    17.4546 261.115017     2.5324     16.446    -2.3638    305.405     9.6103 0.0000e+00
     16.104    17.5441 260.005631     0.0342 1.0000e-12     0.7394    83.1234 9.9267e-01 0.0000e+00  0.0550530    17.4260 260.962872     2.5324     16.422    -2.2294    305.542     9.6119 0.0000e+00
     16.081    17.5312 259.933370     0.0171 1.0000e-12     0.7394    83.1234 9.7070e-01 0.0000e+00  0.0554688    17.3933 260.567266     2.5348     16.398    -2.3028    305.549     9.6263 0.0000e+00
     16.058    17.5094 259.861117     0.0037 1.0000e-12     0.7394    83.1234 9.6337e-01 0.0000e+00  0.0554688    17.3691 260.567286     2.5348     16.375    -2.3727    305.621     9.6277 0.0000e+00
     16.035    17.4956 259.981581     0.0232 1.0000e-12     0.7394    83.1234 9.6337e-01 0.0000e+00  0.0550530    17.3218 260.445595     2.5348     16.351    -2.2898    305.862     9.6337 0.0000e+00
     16.011    17.4985 259.873169     0.0281 1.0000e-12     0.7381    83.1496 9.8535e-01 0.0000e+00  0.0550530    17.3094 260.323871     2.5360     16.327    -2.2559    305.714     9.6382 0.0000e+00
     15.989    17.4869 259.680461     0.0085 1.0000e-12     0.7394    83.1234 9.4872e-01 0.0000e+00  0.0550530    17.3102 260.384737     2.5360     16.304    -2.3480    305.570     9.6347 0.0000e+00
     15.967    17.4596 259.475723     0.0049 1.0000e-12     0.7381    83.1496 9.2308e-01 0.0000e+00  0.0550530    17.3254 260.506454     2.5360     16.282    -2.3765    305.526     9.6284 0.0000e+00
     15.945    17.4313 259.379390     0.0330 1.0000e-12     0.7394    83.1234 9.0476e-01 0.0000e+00  0.0554688    17.3476 260.658600     2.5360     16.259    -2.2434    305.616     9.6200 0.0000e+00
     15.925    17.4057 259.379412     0.0171 1.0000e-12     0.7406    83.0973 9.2308e-01 0.0000e+00  0.0554688    17.3197 260.415161     2.5372     16.239    -2.3112    305.801     9.6279 0.0000e+00
     15.903    17.3824 259.391475     0.0037 1.0000e-12     0.7419    83.0711 9.6703e-01 0.0000e+00  0.0554688    17.2883 260.141292     2.5372     16.217    -2.3806    305.983     9.6312 0.0000e+00
     15.882    17.3633 259.391491     0.0220 1.0000e-12     0.7419    83.0711 1.0037e+00 0.0000e+00  0.0554688    17.2871 259.989132     2.5372     16.195    -2.3042    306.121     9.6280 0.0000e+00
     15.860    17.3530 259.295144     0.0281 1.0000e-12     0.7394    83.1234 1.0037e+00 0.0000e+00  0.0554688    17.2131 259.776169     2.5372     16.173    -2.2653    306.082     9.6393 0.0000e+00
     15.839    17.3459 259.222884     0.0098 1.0000e-12     0.7419    83.0711 1.0147e+00 0.0000e+00  0.0550530    17.1787 259.867494     2.5360     16.151    -2.3500    306.048     9.6370 0.0000e+00
     15.818    17.3383 259.138582     0.0049 1.0000e-12     0.7406    83.0973 1.0476e+00 0.0000e+00  0.0550530    17.1676 259.837071     2.5372     16.130    -2.3830    306.003     9.6412 0.0000e+00
     15.796    17.3279 259.090412     0.0330 1.0000e-12     0.7419    83.0711 1.1245e+00 0.0000e+00  0.0550530    17.1775 259.745765     2.5372     16.107    -2.2500    306.022     9.6348 0.0000e+00
     15.775    17.3282 259.246986     0.0183 1.0000e-12     0.7394    83.1234 1.1795e+00 0.0000e+00  0.0550530    17.2043 259.654447     2.5372     16.086    -2.3092    306.204     9.6252 0.0000e+00
     15.755    17.3521 259.596255     0.0037 1.0000e-12     0.7406    83.0973 1.1758e+00 0.0000e+00  0.0550530    17.2171 259.624005     2.5360     16.066    -2.3816    306.444     9.6123 0.0000e+00
     15.734    17.3752 259.921448     0.0208 1.0000e-12     0.7406    83.0973 1.1355e+00 0.0000e+00  0.0550530    17.2082 259.593579     2.5372     16.044    -2.3100    306.660     9.6152 0.0000e+00
     15.714    17.3994 260.318925     0.0293 1.0000e-12     0.7406    83.0973 1.1136e+00 0.0000e+00  0.0550530    17.1737 259.471881     2.5372     16.024    -2.2579    306.954     9.6176 0.0000e+00
     15.695    17.4443 260.788683     0.0098 1.0000e-12     0.7406    83.0973 1.0879e+00 0.0000e+00  0.0550530    17.0945 258.954619     2.5372     16.004    -2.3443    307.183     9.6292 0.0000e+00
     15.675    17.4948 261.137990     0.0049 1.0000e-12     0.7406    83.0973 1.0476e+00 0.0000e+00  0.0550530    17.0147 258.559089     2.5372     15.984    -2.3737    307.228     9.6408 0.0000e+00
     15.656    17.5553 261.463208     0.0330 1.0000e-12     0.7406    83.0973 1.1026e+00 0.0000e+00  0.0550530    16.9887 258.376529     2.5372     15.965    -2.2400    307.174     9.6420 0.0000e+00
     15.637    17.6208 261.643864     0.0195 1.0000e-12     0.7406    83.0973 1.1502e+00 0.0000e+00  0.0550530    16.9983 258.193943     2.5372     15.945    -2.2895    306.913     9.6358 0.0000e+00
     15.617    17.6855 261.896809     0.0049 1.0000e-12     0.7406    83.0973 1.1868e+00 0.0000e+00  0.0554688    16.9854 258.163523     2.5372     15.925    -2.3581    306.744     9.6338 0.0000e+00
     15.597    17.7456 262.210007     0.0195 1.0000e-12     0.7406    83.0973 1.1538e+00 0.0000e+00  0.0554688    16.9763 258.315679     2.5372     15.905    -2.2970    306.679     9.6317 0.0000e+00
     15.577    17.8078 262.511165     0.0293 1.0000e-12     0.7406    83.0973 1.1026e+00 0.0000e+00  0.0550530    16.9722 258.437401     2.5372     15.884    -2.2390    306.585     9.6286 0.0000e+00
     15.558    17.8658 262.703897     0.0098 1.0000e-12     0.7406    83.0973 1.1905e+00 0.0000e+00  0.0550530    16.9740 258.498260     2.5372     15.865    -2.3232    306.395     9.6254 0.0000e+00
     15.539    17.9041 262.715913     0.0037 1.0000e-12     0.7419    83.0711 1.2930e+00 0.0000e+00  0.0550530    16.9789 258.528686     2.5360     15.845    -2.3579    306.136     9.6160 0.0000e+00
     15.520    17.9227 262.667701     0.0330 1.0000e-12     0.7381    83.1496 1.2454e+00 0.0000e+00  0.0550530    16.9760 258.528687     2.5360     15.826    -2.2234    305.947     9.6141 0.0000e+00
     15.500    17.9279 262.547207     0.0195 1.0000e-12     0.7356    83.2018 1.1575e+00 0.0000e+00  0.0550530    16.9863 258.589538     2.5360     15.806    -2.2755    305.770     9.6101 0.0000e+00
     15.481    17.9132 262.342394     0.0037 1.0000e-12     0.7343    83.2280 1.0842e+00 0.0000e+00  0.0550530    16.9921 258.711255     2.5360     15.786    -2.3524    305.636     9.6071 0.0000e+00
     15.462    17.8941 262.173732     0.0183 1.0000e-12     0.7356    83.2018 1.0403e+00 0.0000e+00  0.0554688    16.9962 258.741681     2.5348     15.767    -2.2957    305.575     9.5989 0.0000e+00
     15.444    17.8709 261.908694     0.0293 1.0000e-12     0.7343    83.2280 1.0842e+00 0.0000e+00  0.0567161    17.0250 258.924240     2.5348     15.748    -2.2381    305.432     9.5916 0.0000e+00
     15.426    17.8358 261.571391     0.0110 1.0000e-12     0.7356    83.2018 1.1282e+00 0.0000e+00  0.0571318    17.0336 258.924233     2.5348     15.730    -2.3202    305.288     9.5891 0.0000e+00
     15.408    17.7500 261.246190     0.0037 1.0000e-12     0.7356    83.2018 1.1062e+00 0.0000e+00  0.0563003    17.0386 259.076383     2.5348     15.712    -2.3660    305.521     9.5879 0.0000e+00
     15.388    17.6841 260.981216     0.0317 1.0000e-12     0.7356    83.2018 1.0916e+00 0.0000e+00  0.0550530    17.0596 259.167657     2.5336     15.691    -2.2428    305.682     9.5775 0.0000e+00
     15.368    17.6502 260.981242     0.0208 1.0000e-12     0.7343    83.2280 1.1136e+00 0.0000e+00  0.0546373    17.0816 259.471949     2.5336     15.671    -2.2848    305.925     9.5732 0.0000e+00
     15.349    17.6148 260.933088     0.0049 1.0000e-12     0.7343    83.2280 1.0842e+00 0.0000e+00  0.0550530    17.1208 259.471918     2.5336     15.652    -2.3623    306.123     9.5651 0.0000e+00
     15.329    17.6067 260.921046     0.0159 1.0000e-12     0.7356    83.2018 1.0549e+00 0.0000e+00  0.0554688    17.1716 259.654463     2.5324     15.631    -2.3210    306.167     9.5496 0.0000e+00
     15.309    17.6091 260.848765     0.0317 1.0000e-12     0.7356    83.2018 1.0659e+00 0.0000e+00  0.0550530    17.1942 259.441423     2.5324     15.611    -2.2413    306.065     9.5456 0.0000e+00
     15.289    17.6072 260.716256     0.0110 1.0000e-12     0.7343    83.2280 1.0733e+00 0.0000e+00  0.0546373    17.1788 259.350140     2.5311     15.590    -2.3319    305.923     9.5438 0.0000e+00
     15.271    17.5968 260.210338     0.0024 1.0000e-12     0.7356    83.2018 1.0769e+00 0.0000e+00  0.0550530    17.1497 259.289302     2.5299     15.572    -2.3794    305.404     9.5448 0.0000e+00
     15.252    17.5883 259.800807     0.0317 1.0000e-12     0.7356    83.2018 1.0989e+00 0.0000e+00  0.0554688    17.1282 259.319753     2.5299     15.553    -2.2484    304.984     9.5506 0.0000e+00
     15.232    17.5512 259.403360     0.0220 1.0000e-12     0.7356    83.2018 1.0769e+00 0.0000e+00  0.0554688    17.1375 259.411037     2.5299     15.532    -2.2850    304.783     9.5503 0.0000e+00
     15.211    17.4922 259.114348     0.0061 1.0000e-12     0.7356    83.2018 1.0806e+00 0.0000e+00  0.0550530    17.1575 259.684904     2.5287     15.511    -2.3624    304.866     9.5422 0.0000e+00
     15.191    17.4242 258.777179     0.0122 1.0000e-12     0.7356    83.2018 1.1429e+00 0.0000e+00  0.0550530    17.1718 259.684892     2.5287     15.491    -2.3463    304.958     9.5416 0.0000e+00
     15.171    17.3612 258.596578     0.0330 1.0000e-12     0.7343    83.2280 1.1282e+00 0.0000e+00  0.0550530    17.1986 259.867459     2.5287     15.470    -2.2478    305.198     9.5387 0.0000e+00
     15.151    17.3044 258.524366     0.0134 1.0000e-12     0.7356    83.2018 1.0806e+00 0.0000e+00  0.0550530    17.2042 259.837023     2.5275     15.450    -2.3350    305.523     9.5343 0.0000e+00
     15.132    17.2565 258.765275     0.0024 1.0000e-12     0.7343    83.2280 1.0256e+00 0.0000e+00  0.0550530    17.2057 259.867454     2.5275     15.430    -2.3945    306.154     9.5372 0.0000e+00
     15.112    17.2317 259.235006     0.0281 1.0000e-12     0.7306    83.3064 1.0183e+00 0.0000e+00  0.0554688    17.2125 259.867446     2.5275     15.410    -2.2805    306.890     9.5391 0.0000e+00
     15.093    17.2373 259.584291     0.0244 1.0000e-12     0.7293    83.3325 1.0549e+00 0.0000e+00  0.0558845    17.2251 260.202191     2.5275     15.391    -2.2882    307.263     9.5403 0.0000e+00
     15.072    17.2674 259.873343     0.0061 1.0000e-12     0.7293    83.3325 1.0513e+00 0.0000e+00  0.0558845    17.2950 260.719490     2.5275     15.369    -2.3715    307.386     9.5300 0.0000e+00
     15.050    17.3189 259.981704     0.0085 1.0000e-12     0.7306    83.3064 1.0147e+00 0.0000e+00  0.0554688    17.3824 260.962882     2.5275     15.347    -2.3666    307.140     9.5158 0.0000e+00
     15.029    17.3564 259.933492     0.0330 1.0000e-12     0.7293    83.3325 9.6703e-01 0.0000e+00  0.0554688    17.4229 260.932414     2.5275     15.325    -2.2477    306.811     9.5110 0.0000e+00
     15.007    17.3726 259.584175     0.0147 1.0000e-12     0.7306    83.3064 9.2308e-01 0.0000e+00  0.0550530    17.4284 261.054144     2.5275     15.303    -2.3248    306.281     9.5139 0.0000e+00
     14.985    17.3571 259.295119     0.0024 1.0000e-12     0.7293    83.3325 9.0842e-01 0.0000e+00  0.0550530    17.4170 261.084586     2.5275     15.280    -2.3881    306.052     9.5201 0.0000e+00
     14.963    17.3229 259.307191     0.0244 1.0000e-12     0.7306    83.3064 9.3773e-01 0.0000e+00  0.0550530    17.4212 261.297618     2.5275     15.258    -2.2925    306.314     9.5227 0.0000e+00
     14.943    17.2923 259.536062     0.0269 1.0000e-12     0.7306    83.3064 9.5604e-01 0.0000e+00  0.0550530    17.4241 261.267182     2.5275     15.238    -2.2745    306.806     9.5256 0.0000e+00
     14.923    17.2911 259.764915     0.0073 1.0000e-12     0.7293    83.3325 9.8168e-01 0.0000e+00  0.0550530    17.4346 261.206306     2.5287     15.217    -2.3639    307.085     9.5326 0.0000e+00
     14.901    17.3144 259.933523     0.0049 1.0000e-12     0.7306    83.3064 1.0330e+00 0.0000e+00  0.0554688    17.4210 261.054146     2.5275     15.195    -2.3822    307.115     9.5336 0.0000e+00
     14.880    17.3495 259.993719     0.0330 1.0000e-12     0.7306    83.3064 1.0476e+00 0.0000e+00  0.0554688    17.4184 260.901980     2.5287     15.173    -2.2486    306.932     9.5428 0.0000e+00
     14.859    17.3750 259.788932     0.0171 1.0000e-12     0.7293    83.3325 1.0110e+00 0.0000e+00  0.0550530    17.4112 260.780254     2.5287     15.152    -2.3132    306.505     9.5472 0.0000e+00
     14.837    17.3772 259.560076     0.0037 1.0000e-12     0.7306    83.3064 9.4505e-01 0.0000e+00  0.0554688    17.4050 260.780257     2.5287     15.130    -2.3794    306.220     9.5518 0.0000e+00
     14.816    17.3595 259.439645     0.0195 1.0000e-12     0.7293    83.3325 9.2308e-01 0.0000e+00  0.0558845    17.4170 260.901980     2.5287     15.108    -2.3126    306.205     9.5522 0.0000e+00
     14.795    17.3364 259.283088     0.0293 1.0000e-12     0.7293    83.3325 9.4505e-01 0.0000e+00  0.0558845    17.4148 260.810682     2.5299     15.087    -2.2613    306.188     9.5611 0.0000e+00
     14.774    17.3156 259.198795     0.0098 1.0000e-12     0.7306    83.3064 9.6337e-01 0.0000e+00  0.0554688    17.4053 260.597656     2.5299     15.065    -2.3502    306.239     9.5648 0.0000e+00
     14.752    17.2990 259.403562     0.0024 1.0000e-12     0.7293    83.3325 9.8168e-01 0.0000e+00  0.0550530    17.3970 260.597663     2.5299     15.043    -2.3933    306.601     9.5681 0.0000e+00
     14.730    17.3117 259.813072     0.0317 1.0000e-12     0.7306    83.3064 9.4872e-01 0.0000e+00  0.0550530    17.3763 260.536814     2.5299     15.020    -2.2560    306.993     9.5738 0.0000e+00
     14.708    17.3900 260.644149     0.0208 1.0000e-12     0.7318    83.2803 9.6703e-01 0.0000e+00  0.0554688    17.3556 260.445532     2.5299     14.998    -2.2948    307.406     9.5795 0.0000e+00
     14.686    17.4994 261.318666     0.0049 1.0000e-12     0.7331    83.2541 1.0220e+00 0.0000e+00  0.0554688    17.3618 260.567258     2.5311     14.976    -2.3660    307.408     9.5847 0.0000e+00
     14.665    17.5906 261.667959     0.0147 1.0000e-12     0.7331    83.2541 1.0952e+00 0.0000e+00  0.0550530    17.3629 260.688988     2.5311     14.954    -2.3226    307.159     9.5852 0.0000e+00
     14.645    17.6595 261.812473     0.0317 1.0000e-12     0.7343    83.2280 1.0842e+00 0.0000e+00  0.0554688    17.3836 260.719405     2.5311     14.934    -2.2354    306.833     9.5815 0.0000e+00
     14.622    17.7107 261.764238     0.0122 1.0000e-12     0.7331    83.2541 1.0549e+00 0.0000e+00  0.0554688    17.4167 260.841109     2.5324     14.910    -2.3185    306.408     9.5808 0.0000e+00
     14.599    17.7360 261.547360     0.0024 1.0000e-12     0.7343    83.2280 1.0183e+00 0.0000e+00  0.0554688    17.4464 260.962817     2.5324     14.887    -2.3692    305.973     9.5745 0.0000e+00
     14.575    17.7327 261.402795     0.0293 1.0000e-12     0.7343    83.2280 1.0073e+00 0.0000e+00  0.0550530    17.4344 261.023694     2.5336     14.862    -2.2466    305.828     9.5823 0.0000e+00
     14.551    17.7150 261.282337     0.0244 1.0000e-12     0.7343    83.2280 9.8901e-01 0.0000e+00  0.0550530    17.4239 260.932400     2.5336     14.838    -2.2623    305.813     9.5839 0.0000e+00
     14.528    17.6880 261.089612     0.0061 1.0000e-12     0.7331    83.2541 9.4872e-01 0.0000e+00  0.0550530    17.4281 261.023699     2.5336     14.814    -2.3493    305.781     9.5824 0.0000e+00
     14.504    17.6655 260.969161     0.0098 1.0000e-12     0.7331    83.2541 9.4505e-01 0.0000e+00  0.0550530    17.4312 260.962826     2.5336     14.790    -2.3406    305.801     9.5810 0.0000e+00
