data/05_metadata_exports/SeabirdData/202310_SeabirdData/88868_STN18.cnv
* Sea-Bird SBE 9 Data File:
* FileName = C:\Users\rosette\Rosette Data\2023\Ontario lower food web csmi\STN18.hex
* Software Version Seasave V 7.26.6.26
* Temperature SN = 5270
* Conductivity SN = 1168
* Number of Bytes Per Scan = 40
* Number of Voltage Words = 5
* Number of Scans Averaged by the Deck Unit = 1
* NMEA Latitude = 43 18.24 N
* NMEA Longitude = 079 16.54 W
* NMEA UTC (Time) = Sep 28 2023  06:55:12
* NMEA baud rate = 4800
** Ship: Lake Guardian
** Cruise: Ontario Lower Food Web 2023
** Station:  STN18
# nquan = 18                                
# nvalues = 16021                       
# units = specified
# name 0 = prDM: Pressure, Digiquartz [db]
# name 1 = t090C: Temperature [ITS-90, deg C]
# name 2 = c0uS/cm: Conductivity [uS/cm]
# name 3 = sbeox0V: Oxygen raw, SBE 43 [V]
# name 4 = par: PAR/Irradiance, Biospherical/Licor
# name 5 = bat: Beam Attenuation, Chelsea/Seatech [1/m]
# name 6 = xmiss: Beam Transmission, Chelsea/Seatech [%]
# name 7 = flSP: Fluorescence, Seapoint
# name 8 = spar: SPAR, Biospherical/Licor
# name 9 = upoly0: Upoly 0, Suna Nitrate
# name 10 = t190C: Temperature, 2 [ITS-90, deg C]
# name 11 = c1uS/cm: Conductivity, 2 [uS/cm]
# name 12 = sbeox1V: Oxygen raw, SBE 43, 2 [V]
# name 13 = depFM: Depth [fresh water, m], lat = 43.304
# name 14 = sbeox0Mg/L: Oxygen, SBE 43 [mg/l], WS = 2
# name 15 = specc: Specific Conductance [uS/cm]
# name 16 = sbeox1Mg/L: Oxygen, SBE 43, 2 [mg/l], WS = 2
# name 17 = flag: flag
# span 0 =      0.019,     82.145       
# span 1 =   -98.9762,    18.1659       
# span 2 =-137.993735, 264.318083       
# span 3 =     0.0012,     0.0366       
# span 4 = 1.0000e-12, 6.9636e+00       
# span 5 =     0.1836,     3.9643       
# span 6 =    37.1180,    95.5135       
# span 7 = 9.5238e-02, 3.0476e+00       
# span 8 = 0.0000e+00, 1.9691e+00       
# span 9 =  0.0413330,  0.0625367       
# span 10 =     4.6015,    18.1649      
# span 11 =   3.316521, 266.044956      
# span 12 =     1.7448,     2.8120      
# span 13 =      0.019,     83.765      
# span 14 =    -3.2336,   220.9654      
# span 15 =  -1054.042,   9280.625      
# span 16 =     5.7455,    11.1660      
# span 17 = 0.0000e+00, 0.0000e+00      
# interval = seconds: 0.0416667
# start_time = Sep 28 2023 06:55:12 [NMEA time, header]
# bad_flag = -9.990e-29
*END*
[from data line 11418]
     56.237     4.6066 189.031857     0.0195 1.0000e-12     0.2733    93.3962 1.6117e-01 0.0000e+00  0.0554688     4.6078 190.208122     2.1905     57.346    -3.1649    319.227    10.8963 0.0000e+00
     56.222     4.6065 189.043805     0.0317 1.0000e-12     0.2733    93.3962 1.5385e-01 0.0000e+00  0.0554688     4.6075 190.268792     2.1905     57.330    -3.1004    319.249    10.8967 0.0000e+00
     56.206     4.6066 189.091597     0.0122 1.0000e-12     0.2733    93.3962 1.5385e-01 0.0000e+00  0.0550530     4.6075 190.238457     2.1905     57.314    -3.2211    319.328    10.8983 0.0000e+00
     56.189     4.6068 189.103544     0.0305 1.0000e-12     0.2733    93.3962 1.5385e-01 0.0000e+00  0.0550530     4.6075 190.177786     2.1905     57.297    -3.0954    319.346    10.8986 0.0000e+00
     56.172     4.6068 189.103544     0.0232 1.0000e-12     0.2722    93.4224 1.5385e-01 0.0000e+00  0.0554688     4.6075 190.208121     2.1905     57.279    -3.1583    319.346    10.8976 0.0000e+00
     56.155     4.6066 189.079647     0.0134 1.0000e-12     0.2733    93.3962 1.5018e-01 0.0000e+00  0.0554688     4.6079 190.238455     2.1905     57.262    -3.2048    319.308    10.8964 0.0000e+00
     56.139     4.6066 189.067700     0.0342 1.0000e-12     0.2722    93.4224 1.5018e-01 0.0000e+00  0.0554688     4.6078 190.238456     2.1905     57.246    -3.0776    319.288    10.8977 0.0000e+00
     56.123     4.6066 189.043803     0.0147 1.0000e-12     0.2733    93.3962 1.4652e-01 0.0000e+00  0.0554688     4.6078 190.177785     2.1905     57.230    -3.2083    319.248    10.8978 0.0000e+00
     56.106     4.6066 189.079646     0.0244 1.0000e-12     0.2722    93.4224 1.4652e-01 0.0000e+00  0.0554688     4.6077 190.268789     2.1905     57.212    -3.1316    319.308    10.8991 0.0000e+00
     56.091     4.6070 189.067699     0.0281 1.0000e-12     0.2733    93.3962 1.5385e-01 0.0000e+00  0.0550530     4.6078 190.238455     2.1905     57.197    -3.1245    319.284    10.9004 0.0000e+00
     56.076     4.6071 189.067698     0.0110 1.0000e-12     0.2733    93.3962 1.5751e-01 0.0000e+00  0.0550530     4.6084 190.117114     2.1905     57.182    -3.2220    319.283    10.9014 0.0000e+00
     56.060     4.6070 189.067699     0.0330 1.0000e-12     0.2722    93.4224 1.5385e-01 0.0000e+00  0.0550530     4.6084 190.208120     2.1905     57.165    -3.0794    319.284    10.9013 0.0000e+00
     56.042     4.6070 189.103541     0.0195 1.0000e-12     0.2722    93.4224 1.4652e-01 0.0000e+00  0.0550530     4.6084 190.238453     2.1905     57.147    -3.1795    319.344    10.9012 0.0000e+00
     56.026     4.6070 189.103541     0.0183 1.0000e-12     0.2733    93.3962 1.4652e-01 0.0000e+00  0.0554688     4.6089 190.268787     2.1905     57.131    -3.1701    319.344    10.9020 0.0000e+00
     56.009     4.6070 189.067698     0.0317 1.0000e-12     0.2744    93.3701 1.3919e-01 0.0000e+00  0.0554688     4.6088 190.238453     2.1905     57.113    -3.0968    319.284    10.9018 0.0000e+00
     55.993     4.6073 189.043800     0.0122 1.0000e-12     0.2744    93.3701 1.3553e-01 0.0000e+00  0.0554688     4.6092 190.238451     2.1905     57.097    -3.2196    319.240    10.9001 0.0000e+00
     55.976     4.6066 189.103541     0.0293 1.0000e-12     0.2733    93.3962 1.3553e-01 0.0000e+00  0.0554688     4.6086 190.329458     2.1905     57.080    -3.1026    319.349    10.8998 0.0000e+00
     55.960     4.6071 189.127436     0.0232 1.0000e-12     0.2744    93.3701 1.4652e-01 0.0000e+00  0.0554688     4.6092 190.208116     2.1905     57.063    -3.1591    319.383    10.8991 0.0000e+00
     55.944     4.6068 189.103540     0.0122 1.0000e-12     0.2744    93.3701 1.6117e-01 0.0000e+00  0.0558845     4.6104 190.359791     2.1905     57.047    -3.2144    319.346    10.8994 0.0000e+00
     55.928     4.6075 189.079644     0.0330 1.0000e-12     0.2744    93.3701 1.7216e-01 0.0000e+00  0.0554688     4.6115 190.329455     2.1905     57.031    -3.0871    319.298    10.8984 0.0000e+00
     55.911     4.6075 189.067696     0.0147 1.0000e-12     0.2733    93.3962 1.7949e-01 0.0000e+00  0.0554688     4.6134 190.359789     2.1905     57.013    -3.2112    319.278    10.8983 0.0000e+00
     55.893     4.6076 189.067695     0.0244 1.0000e-12     0.2755    93.3439 1.7949e-01 0.0000e+00  0.0550530     4.6140 190.208112     2.1905     56.995    -3.1345    319.277    10.8985 0.0000e+00
     55.875     4.6081 189.103538     0.0281 1.0000e-12     0.2755    93.3439 1.7582e-01 0.0000e+00  0.0550530     4.6153 190.329451     2.1905     56.977    -3.1273    319.332    10.8985 0.0000e+00
     55.858     4.6082 189.103538     0.0098 1.0000e-12     0.2733    93.3962 1.6850e-01 0.0000e+00  0.0554688     4.6164 190.299116     2.1905     56.959    -3.2336    319.331    10.8985 0.0000e+00
     55.841     4.6087 189.103537     0.0330 1.0000e-12     0.2744    93.3701 1.6484e-01 0.0000e+00  0.0558845     4.6163 190.268780     2.1917     56.942    -3.0822    319.326    10.9054 0.0000e+00
     55.823     4.6092 189.103537     0.0195 1.0000e-12     0.2744    93.3701 1.6117e-01 0.0000e+00  0.0558845     4.6167 190.359785     2.1905     56.924    -3.1812    319.320    10.8977 0.0000e+00
     55.805     4.6101 189.079640     0.0171 1.0000e-12     0.2744    93.3701 1.6484e-01 0.0000e+00  0.0550530     4.6172 190.268779     2.1917     56.905    -3.1783    319.270    10.9056 0.0000e+00
     55.785     4.6106 189.115483     0.0317 1.0000e-12     0.2744    93.3701 1.6117e-01 0.0000e+00  0.0546373     4.6179 190.268778     2.1917     56.885    -3.0950    319.326    10.9056 0.0000e+00
     55.766     4.6114 189.151327     0.0122 1.0000e-12     0.2744    93.3701 1.7216e-01 0.0000e+00  0.0550530     4.6180 190.299113     2.1905     56.865    -3.2188    319.377    10.8979 0.0000e+00
     55.747     4.6118 189.127429     0.0293 1.0000e-12     0.2744    93.3701 1.8315e-01 0.0000e+00  0.0554688     4.6175 190.299112     2.1905     56.846    -3.0994    319.333    10.8981 0.0000e+00
     55.729     4.6122 189.127430     0.0244 1.0000e-12     0.2744    93.3701 1.8681e-01 0.0000e+00  0.0554688     4.6167 190.238443     2.1917     56.828    -3.1458    319.328    10.9062 0.0000e+00
     55.709     4.6128 189.163273     0.0122 1.0000e-12     0.2744    93.3701 1.8315e-01 0.0000e+00  0.0554688     4.6167 190.238442     2.1905     56.807    -3.2087    319.382    10.8983 0.0000e+00
     55.689     4.6132 189.115479     0.0342 1.0000e-12     0.2744    93.3701 1.7949e-01 0.0000e+00  0.0554688     4.6170 190.268776     2.1917     56.787    -3.0716    319.297    10.9060 0.0000e+00
     55.670     4.6138 189.103531     0.0159 1.0000e-12     0.2744    93.3701 1.7582e-01 0.0000e+00  0.0554688     4.6177 190.359781     2.1917     56.768    -3.1967    319.271    10.9056 0.0000e+00
     55.651     4.6151 189.163271     0.0232 1.0000e-12     0.2744    93.3701 1.7582e-01 0.0000e+00  0.0550530     4.6199 190.390115     2.1917     56.748    -3.1341    319.358    10.9048 0.0000e+00
     55.632     4.6159 189.163270     0.0293 1.0000e-12     0.2733    93.3962 1.7582e-01 0.0000e+00  0.0554688     4.6209 190.299109     2.1905     56.729    -3.1095    319.349    10.8964 0.0000e+00
     55.611     4.6167 189.199113     0.0098 1.0000e-12     0.2733    93.3962 1.7949e-01 0.0000e+00  0.0554688     4.6225 190.208102     2.1917     56.707    -3.2266    319.401    10.9035 0.0000e+00
     55.590     4.6173 189.151320     0.0330 1.0000e-12     0.2733    93.3962 1.7949e-01 0.0000e+00  0.0554688     4.6234 190.390112     2.1917     56.686    -3.0742    319.314    10.9028 0.0000e+00
     55.570     4.6184 189.151318     0.0208 1.0000e-12     0.2733    93.3962 1.7582e-01 0.0000e+00  0.0554688     4.6233 190.390111     2.1917     56.666    -3.1659    319.302    10.9025 0.0000e+00
     55.550     4.6188 189.163267     0.0159 1.0000e-12     0.2733    93.3962 1.6850e-01 0.0000e+00  0.0554688     4.6239 190.299106     2.1905     56.645    -3.1812    319.318    10.8941 0.0000e+00
     55.528     4.6194 189.139369     0.0317 1.0000e-12     0.2744    93.3701 1.6117e-01 0.0000e+00  0.0554688     4.6250 190.359773     2.1917     56.623    -3.0892    319.271    10.9010 0.0000e+00
     55.507     4.6197 189.151318     0.0122 1.0000e-12     0.2733    93.3962 1.6850e-01 0.0000e+00  0.0554688     4.6257 190.481115     2.1917     56.601    -3.2153    319.288    10.9003 0.0000e+00
     55.486     4.6205 189.175212     0.0281 1.0000e-12     0.2733    93.3962 1.9048e-01 0.0000e+00  0.0554688     4.6263 190.450778     2.1917     56.580    -3.1025    319.320    10.9007 0.0000e+00
     55.464     4.6210 189.211056     0.0244 1.0000e-12     0.2733    93.3962 1.9414e-01 0.0000e+00  0.0554688     4.6263 190.450777     2.1917     56.558    -3.1424    319.375    10.9000 0.0000e+00
     55.443     4.6215 189.187160     0.0110 1.0000e-12     0.2733    93.3962 1.8681e-01 0.0000e+00  0.0550530     4.6263 190.359773     2.1917     56.536    -3.2163    319.329    10.9005 0.0000e+00
     55.421     4.6219 189.163262     0.0342 1.0000e-12     0.2733    93.3962 1.7216e-01 0.0000e+00  0.0554688     4.6262 190.238431     2.1917     56.514    -3.0706    319.284    10.9009 0.0000e+00
     55.399     4.6224 189.175209     0.0171 1.0000e-12     0.2744    93.3701 1.6117e-01 0.0000e+00  0.0554688     4.6258 190.177760     2.1917     56.491    -3.1892    319.299    10.9013 0.0000e+00
     55.377     4.6231 189.223002     0.0220 1.0000e-12     0.2744    93.3701 1.5385e-01 0.0000e+00  0.0550530     4.6262 190.208095     2.1917     56.469    -3.1431    319.372    10.9002 0.0000e+00
     55.356     4.6237 189.199105     0.0293 1.0000e-12     0.2733    93.3962 1.4652e-01 0.0000e+00  0.0554688     4.6258 190.450777     2.1905     56.447    -3.1108    319.325    10.8926 0.0000e+00
     55.334     4.6240 189.187155     0.0110 1.0000e-12     0.2744    93.3701 1.4652e-01 0.0000e+00  0.0554688     4.6258 190.420440     2.1917     56.425    -3.2237    319.302    10.9005 0.0000e+00
     55.312     4.6243 189.211053     0.0330 1.0000e-12     0.2744    93.3701 1.5385e-01 0.0000e+00  0.0550530     4.6257 190.390106     2.1917     56.403    -3.0778    319.339    10.8993 0.0000e+00
     55.289     4.6247 189.187154     0.0220 1.0000e-12     0.2744    93.3701 1.5751e-01 0.0000e+00  0.0554688     4.6253 190.329434     2.1917     56.379    -3.1620    319.294    10.8995 0.0000e+00
     55.265     4.6246 189.163258     0.0147 1.0000e-12     0.2744    93.3701 1.5385e-01 0.0000e+00  0.0554688     4.6252 190.299099     2.1917     56.355    -3.1949    319.255    10.9007 0.0000e+00
     55.243     4.6245 189.199102     0.0330 1.0000e-12     0.2744    93.3701 1.5018e-01 0.0000e+00  0.0558845     4.6251 190.390104     2.1917     56.332    -3.0849    319.317    10.9007 0.0000e+00
     55.220     4.6245 189.246894     0.0147 1.0000e-12     0.2733    93.3962 1.5018e-01 0.0000e+00  0.0558845     4.6260 190.390103     2.1917     56.309    -3.2045    319.397    10.9002 0.0000e+00
     55.198     4.6247 189.187153     0.0269 1.0000e-12     0.2733    93.3962 1.5751e-01 0.0000e+00  0.0550530     4.6263 190.299097     2.1917     56.286    -3.1142    319.294    10.9011 0.0000e+00
     55.175     4.6251 189.127412     0.0269 1.0000e-12     0.2733    93.3962 1.5751e-01 0.0000e+00  0.0546373     4.6266 190.299097     2.1917     56.263    -3.1285    319.189    10.9007 0.0000e+00
     55.152     4.6250 189.199100     0.0110 1.0000e-12     0.2733    93.3962 1.5385e-01 0.0000e+00  0.0546373     4.6269 190.390101     2.1917     56.239    -3.2195    319.311    10.9002 0.0000e+00
     55.128     4.6251 189.222996     0.0342 1.0000e-12     0.2733    93.3962 1.5385e-01 0.0000e+00  0.0554688     4.6268 190.329431     2.1917     56.215    -3.0705    319.351    10.9010 0.0000e+00
     55.104     4.6258 189.175202     0.0183 1.0000e-12     0.2733    93.3962 1.5751e-01 0.0000e+00  0.0558845     4.6261 190.481107     2.1917     56.190    -3.1814    319.262    10.9020 0.0000e+00
     55.081     4.6256 189.222995     0.0195 1.0000e-12     0.2733    93.3962 1.6484e-01 0.0000e+00  0.0554688     4.6266 190.420436     2.1917     56.167    -3.1591    319.345    10.9013 0.0000e+00
     55.057     4.6261 189.199098     0.0305 1.0000e-12     0.2733    93.3962 1.7216e-01 0.0000e+00  0.0550530     4.6265 190.390100     2.1917     56.143    -3.1011    319.300    10.9020 0.0000e+00
     55.034     4.6258 189.175200     0.0110 1.0000e-12     0.2733    93.3962 1.7216e-01 0.0000e+00  0.0554688     4.6261 190.390099     2.1917     56.119    -3.2240    319.262    10.9027 0.0000e+00
     55.011     4.6262 189.175202     0.0305 1.0000e-12     0.2733    93.3962 1.6484e-01 0.0000e+00  0.0558845     4.6257 190.390101     2.1917     56.096    -3.0916    319.258    10.9033 0.0000e+00
     54.987     4.6258 189.187148     0.0232 1.0000e-12     0.2733    93.3962 1.6117e-01 0.0000e+00  0.0554688     4.6260 190.268758     2.1917     56.071    -3.1512    319.283    10.9012 0.0000e+00
     54.963     4.6261 189.163251     0.0134 1.0000e-12     0.2733    93.3962 1.6117e-01 0.0000e+00  0.0550530     4.6258 190.268758     2.1917     56.047    -3.2023    319.239    10.9017 0.0000e+00
     54.938     4.6261 189.127406     0.0342 1.0000e-12     0.2733    93.3962 1.6850e-01 0.0000e+00  0.0550530     4.6258 190.359763     2.1929     56.021    -3.0753    319.179    10.9099 0.0000e+00
     54.915     4.6260 189.163251     0.0147 1.0000e-12     0.2722    93.4224 1.7582e-01 0.0000e+00  0.0554688     4.6266 190.420433     2.1917     55.998    -3.2059    319.240    10.9021 0.0000e+00
     54.892     4.6263 189.187147     0.0244 1.0000e-12     0.2722    93.4224 1.6484e-01 0.0000e+00  0.0554688     4.6263 190.238422     2.1929     55.974    -3.1316    319.277    10.9103 0.0000e+00
     54.868     4.6261 189.222990     0.0281 1.0000e-12     0.2722    93.4224 1.6117e-01 0.0000e+00  0.0554688     4.6263 190.329426     2.1929     55.950    -3.1214    319.340    10.9105 0.0000e+00
     54.844     4.6259 189.222991     0.0098 1.0000e-12     0.2722    93.4224 1.6117e-01 0.0000e+00  0.0550530     4.6266 190.177750     2.1929     55.925    -3.2322    319.342    10.9106 0.0000e+00
     54.821     4.6260 189.234938     0.0330 1.0000e-12     0.2733    93.3962 1.6484e-01 0.0000e+00  0.0554688     4.6266 190.208084     2.1917     55.902    -3.0810    319.361    10.9029 0.0000e+00
     54.799     4.6254 189.199093     0.0195 1.0000e-12     0.2733    93.3962 1.7949e-01 0.0000e+00  0.0554688     4.6260 190.329425     2.1929     55.879    -3.1768    319.307    10.9110 0.0000e+00
     54.777     4.6256 189.258835     0.0159 1.0000e-12     0.2722    93.4224 1.7949e-01 0.0000e+00  0.0554688     4.6252 190.299090     2.1917     55.857    -3.1872    319.406    10.9022 0.0000e+00
     54.754     4.6254 189.187144     0.0317 1.0000e-12     0.2733    93.3962 1.7216e-01 0.0000e+00  0.0550530     4.6245 190.299090     2.1917     55.834    -3.0955    319.287    10.9023 0.0000e+00
     54.732     4.6255 189.175196     0.0122 1.0000e-12     0.2744    93.3701 1.7582e-01 0.0000e+00  0.0550530     4.6239 190.359761     2.1917     55.811    -3.2194    319.266    10.9024 0.0000e+00
     54.710     4.6253 189.175195     0.0281 1.0000e-12     0.2744    93.3701 1.9048e-01 0.0000e+00  0.0554688     4.6237 190.299089     2.1929     55.789    -3.1079    319.268    10.9100 0.0000e+00
     54.687     4.6256 189.163248     0.0256 1.0000e-12     0.2733    93.3962 1.9780e-01 0.0000e+00  0.0554688     4.6233 190.238420     2.1929     55.765    -3.1358    319.244    10.9099 0.0000e+00
     54.664     4.6253 189.222987     0.0122 1.0000e-12     0.2744    93.3701 1.9414e-01 0.0000e+00  0.0554688     4.6225 190.238419     2.1929     55.742    -3.2120    319.348    10.9099 0.0000e+00
