data/05_metadata_exports/SeabirdData/202310_SeabirdData/88861_STN19.cnv
* Sea-Bird SBE 9 Data File:
* FileName = C:\Users\rosette\Rosette Data\2023\Ontario lower food web csmi\STN19.hex
* Software Version Seasave V 7.26.6.26
* Temperature SN = 5270
* Conductivity SN = 1168
* Number of Bytes Per Scan = 40
* Number of Voltage Words = 5
* Number of Scans Averaged by the Deck Unit = 1
* NMEA Latitude = 43 22.97 N
* NMEA Longitude = 079 17.02 W
* NMEA UTC (Time) = Sep 28 2023  05:30:04
* NMEA baud rate = 4800
** Ship: Lake Guardian
** Cruise: Ontario Lower Food Web 2023
** Station:  STN19
# nquan = 18                                
# nvalues = 18458                       
# units = specified
# name 0 = prDM: Pressure, Digiquartz [db]
# name 1 = t090C: Temperature [ITS-90, deg C]
# name 2 = c0uS/cm: Conductivity [uS/cm]
# name 3 = sbeox0V: Oxygen raw, SBE 43 [V]
# name 4 = par: PAR/Irradiance, Biospherical/Licor
# name 5 = bat: Beam Attenuation, Chelsea/Seatech [1/m]
# name 6 = xmiss: Beam Transmission, Chelsea/Seatech [%]
# name 7 = flSP: Fluorescence, Seapoint
# name 8 = spar: SPAR, Biospherical/Licor
# name 9 = upoly0: Upoly 0, Suna Nitrate
# name 10 = t190C: Temperature, 2 [ITS-90, deg C]
# name 11 = c1uS/cm: Conductivity, 2 [uS/cm]
# name 12 = sbeox1V: Oxygen raw, SBE 43, 2 [V]
# name 13 = depFM: Depth [fresh water, m], lat = 43.3828
# name 14 = sbeox0Mg/L: Oxygen, SBE 43 [mg/l], WS = 2
# name 15 = specc: Specific Conductance [uS/cm]
# name 16 = sbeox1Mg/L: Oxygen, SBE 43, 2 [mg/l], WS = 2
# name 17 = flag: flag
# span 0 =     -0.003,    102.066       
# span 1 =     4.2489,    18.1157       
# span 2 =   8.746819, 262.667276       
# span 3 =     0.0012,     0.0366       
# span 4 = 1.0000e-12, 7.1857e+00       
# span 5 =     0.2310,     4.9893       
# span 6 =    28.7272,    94.3895       
# span 7 = 8.4249e-02, 2.1941e+00       
# span 8 = 0.0000e+00, 0.0000e+00       
# span 9 =  0.0413330,  0.0629524       
# span 10 =     4.2495,    18.1132      
# span 11 =   4.519275, 264.066391      
# span 12 =     1.9109,     2.8669      
# span 13 =     -0.003,    104.078      
# span 14 =    -3.2843,    -2.1890      
# span 15 =     11.130,    320.029      
# span 16 =     6.5802,    12.6931      
# span 17 = 0.0000e+00, 0.0000e+00      
# interval = seconds: 0.0416667
# start_time = Sep 28 2023 05:30:04 [NMEA time, header]
# bad_flag = -9.990e-29
*END*
[from data line 13186]
     62.246     4.3014 186.881778     0.0330 1.0000e-12     0.2733    93.3962 1.2088e-01 0.0000e+00  0.0558845     4.3001 188.115405     2.2662     63.473    -3.1116    318.884    11.5186 0.0000e+00
     62.224     4.3016 186.881778     0.0147 1.0000e-12     0.2722    93.4224 1.2821e-01 0.0000e+00  0.0558845     4.2997 188.085073     2.2674     63.451    -3.2261    318.882    11.5264 0.0000e+00
     62.203     4.3011 186.881777     0.0232 1.0000e-12     0.2733    93.3962 1.4652e-01 0.0000e+00  0.0554688     4.2994 188.145736     2.2674     63.429    -3.1738    318.888    11.5262 0.0000e+00
     62.182     4.3013 186.881778     0.0281 1.0000e-12     0.2722    93.4224 1.6117e-01 0.0000e+00  0.0554688     4.2991 188.176069     2.2674     63.408    -3.1391    318.886    11.5259 0.0000e+00
     62.161     4.3016 186.893721     0.0098 1.0000e-12     0.2733    93.3962 1.5751e-01 0.0000e+00  0.0554688     4.2993 188.085071     2.2674     63.387    -3.2613    318.903    11.5252 0.0000e+00
     62.141     4.3017 186.881777     0.0317 1.0000e-12     0.2733    93.3962 1.5018e-01 0.0000e+00  0.0558845     4.2990 188.024408     2.2674     63.366    -3.1217    318.881    11.5246 0.0000e+00
     62.120     4.3013 186.845941     0.0208 1.0000e-12     0.2722    93.4224 1.4286e-01 0.0000e+00  0.0558845     4.2985 187.933412     2.2674     63.345    -3.1865    318.824    11.5238 0.0000e+00
     62.099     4.3013 186.822051     0.0134 1.0000e-12     0.2744    93.3701 1.3553e-01 0.0000e+00  0.0554688     4.2980 188.145736     2.2674     63.323    -3.2387    318.784    11.5242 0.0000e+00
     62.077     4.3014 186.857885     0.0330 1.0000e-12     0.2722    93.4224 1.2821e-01 0.0000e+00  0.0554688     4.2978 188.115403     2.2674     63.301    -3.1129    318.844    11.5231 0.0000e+00
     62.057     4.3013 186.893720     0.0147 1.0000e-12     0.2733    93.3962 1.2088e-01 0.0000e+00  0.0554688     4.2977 188.145735     2.2674     63.281    -3.2297    318.906    11.5231 0.0000e+00
     62.036     4.3014 186.941500     0.0244 1.0000e-12     0.2733    93.3962 1.1722e-01 0.0000e+00  0.0558845     4.2980 188.054739     2.2674     63.259    -3.1684    318.986    11.5229 0.0000e+00
     62.015     4.3016 186.941499     0.0281 1.0000e-12     0.2733    93.3962 1.1355e-01 0.0000e+00  0.0558845     4.2982 188.176066     2.2674     63.238    -3.1403    318.984    11.5226 0.0000e+00
     61.994     4.3015 186.869829     0.0098 1.0000e-12     0.2733    93.3962 1.0989e-01 0.0000e+00  0.0554688     4.2978 188.054738     2.2674     63.216    -3.2626    318.863    11.5224 0.0000e+00
     61.974     4.3016 186.917609     0.0330 1.0000e-12     0.2733    93.3962 1.1355e-01 0.0000e+00  0.0558845     4.2972 188.176066     2.2674     63.196    -3.1146    318.943    11.5221 0.0000e+00
     61.952     4.3016 186.869828     0.0208 1.0000e-12     0.2722    93.4224 1.0989e-01 0.0000e+00  0.0558845     4.2977 188.176065     2.2674     63.173    -3.1877    318.862    11.5214 0.0000e+00
     61.930     4.3016 186.857883     0.0147 1.0000e-12     0.2722    93.4224 1.1722e-01 0.0000e+00  0.0554688     4.2974 188.085069     2.2674     63.151    -3.2315    318.841    11.5208 0.0000e+00
     61.909     4.3017 186.941497     0.0330 1.0000e-12     0.2722    93.4224 1.2454e-01 0.0000e+00  0.0554688     4.2972 188.085068     2.2674     63.130    -3.1141    318.983    11.5202 0.0000e+00
     61.889     4.3014 186.893717     0.0134 1.0000e-12     0.2722    93.4224 1.2821e-01 0.0000e+00  0.0558845     4.2975 188.085068     2.2674     63.109    -3.2392    318.905    11.5192 0.0000e+00
     61.869     4.3016 186.881772     0.0256 1.0000e-12     0.2722    93.4224 1.3187e-01 0.0000e+00  0.0563003     4.2970 188.145732     2.2686     63.089    -3.1619    318.882    11.5276 0.0000e+00
     61.850     4.3015 186.917606     0.0281 1.0000e-12     0.2722    93.4224 1.3187e-01 0.0000e+00  0.0558845     4.2978 188.206395     2.2674     63.069    -3.1417    318.944    11.5184 0.0000e+00
     61.830     4.3014 186.905662     0.0098 1.0000e-12     0.2722    93.4224 1.2821e-01 0.0000e+00  0.0558845     4.2977 188.176064     2.2686     63.049    -3.2640    318.925    11.5252 0.0000e+00
     61.810     4.3014 186.869825     0.0330 1.0000e-12     0.2722    93.4224 1.2454e-01 0.0000e+00  0.0554688     4.2977 188.267059     2.2686     63.029    -3.1160    318.864    11.5240 0.0000e+00
     61.791     4.3014 186.869825     0.0208 1.0000e-12     0.2722    93.4224 1.2088e-01 0.0000e+00  0.0550530     4.2974 188.115398     2.2686     63.009    -3.1902    318.864    11.5228 0.0000e+00
     61.772     4.3015 186.893716     0.0159 1.0000e-12     0.2722    93.4224 1.2454e-01 0.0000e+00  0.0554688     4.2982 188.085066     2.2686     62.990    -3.2251    318.904    11.5211 0.0000e+00
     61.752     4.3013 186.881770     0.0330 1.0000e-12     0.2722    93.4224 1.3553e-01 0.0000e+00  0.0558845     4.2978 188.024402     2.2686     62.970    -3.1154    318.885    11.5210 0.0000e+00
     61.730     4.3014 186.881769     0.0134 1.0000e-12     0.2722    93.4224 1.4652e-01 0.0000e+00  0.0558845     4.2985 188.176060     2.2686     62.947    -3.2416    318.884    11.5191 0.0000e+00
     61.709     4.3013 186.917604     0.0256 1.0000e-12     0.2722    93.4224 1.4286e-01 0.0000e+00  0.0554688     4.2986 188.176060     2.2686     62.926    -3.1632    318.947    11.5187 0.0000e+00
     61.688     4.3014 186.881769     0.0269 1.0000e-12     0.2722    93.4224 1.3553e-01 0.0000e+00  0.0554688     4.2985 188.206393     2.2686     62.904    -3.1517    318.884    11.5183 0.0000e+00
     61.667     4.3019 186.869821     0.0098 1.0000e-12     0.2722    93.4224 1.3187e-01 0.0000e+00  0.0554688     4.2990 188.054730     2.2686     62.883    -3.2673    318.859    11.5176 0.0000e+00
     61.647     4.3021 186.881768     0.0330 1.0000e-12     0.2722    93.4224 1.2454e-01 0.0000e+00  0.0554688     4.2999 187.933403     2.2686     62.862    -3.1193    318.877    11.5168 0.0000e+00
     61.627     4.3020 186.845931     0.0195 1.0000e-12     0.2722    93.4224 1.2454e-01 0.0000e+00  0.0554688     4.2994 188.024397     2.2686     62.842    -3.2019    318.817    11.5164 0.0000e+00
     61.607     4.3024 186.917601     0.0159 1.0000e-12     0.2722    93.4224 1.2454e-01 0.0000e+00  0.0554688     4.2997 187.963733     2.2686     62.822    -3.2284    318.935    11.5156 0.0000e+00
     61.588     4.3023 186.893711     0.0317 1.0000e-12     0.2722    93.4224 1.2454e-01 0.0000e+00  0.0558845     4.3005 188.024397     2.2686     62.802    -3.1272    318.895    11.5147 0.0000e+00
     61.568     4.3026 186.869821     0.0122 1.0000e-12     0.2733    93.3962 1.2454e-01 0.0000e+00  0.0563003     4.3004 187.963733     2.2686     62.782    -3.2527    318.851    11.5139 0.0000e+00
     61.547     4.3026 186.893710     0.0269 1.0000e-12     0.2778    93.2917 1.2454e-01 0.0000e+00  0.0558845     4.3007 188.024396     2.2686     62.760    -3.1582    318.892    11.5130 0.0000e+00
     61.525     4.3027 186.857875     0.0269 1.0000e-12     0.2789    93.2655 1.2821e-01 0.0000e+00  0.0550530     4.3004 187.963732     2.2686     62.738    -3.1540    318.829    11.5123 0.0000e+00
     61.503     4.3031 186.881764     0.0098 1.0000e-12     0.2789    93.2655 1.2821e-01 0.0000e+00  0.0554688     4.3004 187.994063     2.2686     62.716    -3.2684    318.866    11.5101 0.0000e+00
     61.482     4.3032 186.881764     0.0330 1.0000e-12     0.2778    93.2917 1.3187e-01 0.0000e+00  0.0558845     4.3007 188.054727     2.2686     62.694    -3.1193    318.865    11.5091 0.0000e+00
     61.462     4.3032 186.833984     0.0183 1.0000e-12     0.2778    93.2917 1.3187e-01 0.0000e+00  0.0554688     4.3007 188.085059     2.2686     62.674    -3.2085    318.783    11.5081 0.0000e+00
     61.441     4.3032 186.881763     0.0171 1.0000e-12     0.2778    93.2917 1.3553e-01 0.0000e+00  0.0554688     4.3002 188.085058     2.2686     62.652    -3.2184    318.865    11.5073 0.0000e+00
     61.420     4.3033 186.941488     0.0317 1.0000e-12     0.2789    93.2655 1.3553e-01 0.0000e+00  0.0554688     4.3009 187.963730     2.2686     62.631    -3.1236    318.966    11.5060 0.0000e+00
     61.399     4.3034 186.869817     0.0122 1.0000e-12     0.2789    93.2655 1.3553e-01 0.0000e+00  0.0558845     4.3012 187.994061     2.2686     62.610    -3.2491    318.842    11.5035 0.0000e+00
     61.378     4.3035 186.881761     0.0281 1.0000e-12     0.2789    93.2655 1.3187e-01 0.0000e+00  0.0558845     4.3012 188.024392     2.2686     62.588    -3.1470    318.862    11.5024 0.0000e+00
     61.357     4.3035 186.881761     0.0256 1.0000e-12     0.2789    93.2655 1.2821e-01 0.0000e+00  0.0558845     4.3013 188.024392     2.2686     62.567    -3.1590    318.862    11.5025 0.0000e+00
     61.336     4.3031 186.893706     0.0098 1.0000e-12     0.2778    93.2917 1.2454e-01 0.0000e+00  0.0554688     4.3018 188.024391     2.2686     62.545    -3.2640    318.886    11.4999 0.0000e+00
     61.316     4.3035 186.857870     0.0330 1.0000e-12     0.2778    93.2917 1.3187e-01 0.0000e+00  0.0558845     4.3013 188.024391     2.2686     62.525    -3.1149    318.821    11.5002 0.0000e+00
     61.297     4.3035 186.869815     0.0171 1.0000e-12     0.2778    93.2917 1.4286e-01 0.0000e+00  0.0558845     4.3017 188.054723     2.2686     62.506    -3.2129    318.841    11.5002 0.0000e+00
     61.277     4.3037 186.917595     0.0183 1.0000e-12     0.2789    93.2655 1.4286e-01 0.0000e+00  0.0554688     4.3018 188.085055     2.2686     62.485    -3.2074    318.920    11.5003 0.0000e+00
     61.256     4.3039 186.893704     0.0317 1.0000e-12     0.2789    93.2655 1.3919e-01 0.0000e+00  0.0554688     4.3017 188.085054     2.2686     62.464    -3.1203    318.878    11.4992 0.0000e+00
     61.234     4.3043 186.833979     0.0110 1.0000e-12     0.2778    93.2917 1.3553e-01 0.0000e+00  0.0554688     4.3025 188.085053     2.2686     62.441    -3.2534    318.771    11.4991 0.0000e+00
     61.212     4.3047 186.881758     0.0293 1.0000e-12     0.2778    93.2917 1.3187e-01 0.0000e+00  0.0558845     4.3020 187.963725     2.2686     62.419    -3.1346    318.848    11.4995 0.0000e+00
     61.190     4.3047 186.881758     0.0244 1.0000e-12     0.2778    93.2917 1.2454e-01 0.0000e+00  0.0558845     4.3028 188.115384     2.2686     62.396    -3.1620    318.848    11.4994 0.0000e+00
     61.169     4.3050 186.833976     0.0098 1.0000e-12     0.2778    93.2917 1.2454e-01 0.0000e+00  0.0554688     4.3025 187.994055     2.2686     62.375    -3.2603    318.764    11.4997 0.0000e+00
     61.149     4.3051 186.857867     0.0330 1.0000e-12     0.2778    93.2917 1.3553e-01 0.0000e+00  0.0558845     4.3031 188.024388     2.2686     62.355    -3.1124    318.803    11.4996 0.0000e+00
     61.127     4.3050 186.845921     0.0171 1.0000e-12     0.2755    93.3439 1.5018e-01 0.0000e+00  0.0558845     4.3028 188.085051     2.2686     62.332    -3.2114    318.784    11.4999 0.0000e+00
     61.105     4.3053 186.869810     0.0195 1.0000e-12     0.2755    93.3439 1.5385e-01 0.0000e+00  0.0558845     4.3025 188.085050     2.2686     62.310    -3.1982    318.822    11.5002 0.0000e+00
     61.084     4.3051 186.869811     0.0305 1.0000e-12     0.2744    93.3701 1.5385e-01 0.0000e+00  0.0554688     4.3025 187.963723     2.2686     62.288    -3.1265    318.824    11.5004 0.0000e+00
     61.062     4.3048 186.833974     0.0110 1.0000e-12     0.2755    93.3439 1.5018e-01 0.0000e+00  0.0554688     4.3028 188.145713     2.2686     62.266    -3.2543    318.766    11.5004 0.0000e+00
     61.039     4.3050 186.857865     0.0293 1.0000e-12     0.2766    93.3178 1.3919e-01 0.0000e+00  0.0558845     4.3017 187.963723     2.2686     62.242    -3.1367    318.804    11.5010 0.0000e+00
     61.016     4.3045 186.881755     0.0244 1.0000e-12     0.2755    93.3439 1.3553e-01 0.0000e+00  0.0558845     4.3010 187.903059     2.2686     62.219    -3.1640    318.851    11.5014 0.0000e+00
     60.993     4.3048 186.845918     0.0110 1.0000e-12     0.2755    93.3439 1.3919e-01 0.0000e+00  0.0554688     4.3010 188.024385     2.2674     62.196    -3.2535    318.786    11.4937 0.0000e+00
     60.971     4.3047 186.845918     0.0342 1.0000e-12     0.2755    93.3439 1.3553e-01 0.0000e+00  0.0554688     4.3005 188.024385     2.2686     62.173    -3.1045    318.787    11.5019 0.0000e+00
     60.950     4.3047 186.881753     0.0171 1.0000e-12     0.2755    93.3439 1.2821e-01 0.0000e+00  0.0554688     4.2997 188.054718     2.2686     62.152    -3.2113    318.848    11.5023 0.0000e+00
     60.928     4.3047 186.857863     0.0208 1.0000e-12     0.2755    93.3439 1.2454e-01 0.0000e+00  0.0554688     4.2997 188.085050     2.2686     62.129    -3.1898    318.808    11.5025 0.0000e+00
     60.905     4.3047 186.869806     0.0305 1.0000e-12     0.2755    93.3439 1.2454e-01 0.0000e+00  0.0554688     4.2997 188.085048     2.2686     62.106    -3.1266    318.828    11.5027 0.0000e+00
     60.884     4.3053 186.893697     0.0110 1.0000e-12     0.2755    93.3439 1.1722e-01 0.0000e+00  0.0554688     4.2997 188.024385     2.2674     62.084    -3.2544    318.862    11.4950 0.0000e+00
     60.862     4.3053 186.857862     0.0305 1.0000e-12     0.2755    93.3439 1.1355e-01 0.0000e+00  0.0554688     4.3002 187.933389     2.2686     62.062    -3.1291    318.801    11.5029 0.0000e+00
     60.838     4.3053 186.845916     0.0232 1.0000e-12     0.2755    93.3439 1.1355e-01 0.0000e+00  0.0554688     4.3013 187.994051     2.2686     62.037    -3.1718    318.781    11.5027 0.0000e+00
     60.813     4.3056 186.798135     0.0122 1.0000e-12     0.2755    93.3439 1.2821e-01 0.0000e+00  0.0558845     4.3023 188.024381     2.2674     62.012    -3.2471    318.696    11.4946 0.0000e+00
     60.790     4.3057 186.786190     0.0342 1.0000e-12     0.2755    93.3439 1.3553e-01 0.0000e+00  0.0558845     4.3029 188.054713     2.2686     61.989    -3.1068    318.675    11.5025 0.0000e+00
     60.766     4.3061 186.857859     0.0159 1.0000e-12     0.2755    93.3439 1.2821e-01 0.0000e+00  0.0554688     4.3031 187.963717     2.2686     61.964    -3.2212    318.792    11.5026 0.0000e+00
     60.742     4.3061 186.845913     0.0208 1.0000e-12     0.2755    93.3439 1.2088e-01 0.0000e+00  0.0554688     4.3036 188.024379     2.2686     61.940    -3.1920    318.772    11.5026 0.0000e+00
     60.717     4.3062 186.845913     0.0293 1.0000e-12     0.2755    93.3439 1.2088e-01 0.0000e+00  0.0558845     4.3039 188.024379     2.2674     61.914    -3.1355    318.771    11.4948 0.0000e+00
     60.693     4.3062 186.845912     0.0110 1.0000e-12     0.2755    93.3439 1.1722e-01 0.0000e+00  0.0563003     4.3044 187.903050     2.2686     61.890    -3.2556    318.771    11.5027 0.0000e+00
     60.668     4.3061 186.881747     0.0317 1.0000e-12     0.2766    93.3178 1.1355e-01 0.0000e+00  0.0558845     4.3050 188.024377     2.2686     61.864    -3.1226    318.833    11.5026 0.0000e+00
     60.645     4.3057 186.833967     0.0232 1.0000e-12     0.2778    93.2917 1.1355e-01 0.0000e+00  0.0550530     4.3052 188.024376     2.2686     61.841    -3.1731    318.756    11.5028 0.0000e+00
     60.622     4.3059 186.857856     0.0122 1.0000e-12     0.2778    93.2917 1.1355e-01 0.0000e+00  0.0554688     4.3055 187.933380     2.2686     61.817    -3.2484    318.795    11.5028 0.0000e+00
     60.600     4.3061 186.881746     0.0330 1.0000e-12     0.2789    93.2655 1.3919e-01 0.0000e+00  0.0558845     4.3055 187.933380     2.2686     61.795    -3.1159    318.833    11.5042 0.0000e+00
     60.577     4.3062 186.881746     0.0147 1.0000e-12     0.2789    93.2655 1.6117e-01 0.0000e+00  0.0558845     4.3060 187.872717     2.2686     61.771    -3.2317    318.832    11.5042 0.0000e+00
     60.552     4.3062 186.881744     0.0220 1.0000e-12     0.2778    93.2917 1.5751e-01 0.0000e+00  0.0554688     4.3053 187.963710     2.2686     61.746    -3.1860    318.832    11.5058 0.0000e+00
