data/05_metadata_exports/SeabirdData/202310_SeabirdData/88861_STN19.cnv
* Sea-Bird SBE 9 Data File:
* FileName = C:\Users\rosette\Rosette Data\2023\Ontario lower food web csmi\STN19.hex
* Software Version Seasave V 7.26.6.26
* Temperature SN = 5270
* Conductivity SN = 1168
* Number of Bytes Per Scan = 40
* Number of Voltage Words = 5
* Number of Scans Averaged by the Deck Unit = 1
* NMEA Latitude = 43 22.97 N
* NMEA Longitude = 079 17.02 W
* NMEA UTC (Time) = Sep 28 2023  05:30:04
* NMEA baud rate = 4800
** Ship: Lake Guardian
** Cruise: Ontario Lower Food Web 2023
** Station:  STN19
# nquan = 18                                
# nvalues = 18458                       
# units = specified
# name 0 = prDM: Pressure, Digiquartz [db]
# name 1 = t090C: Temperature [ITS-90, deg C]
# name 2 = c0uS/cm: Conductivity [uS/cm]
# name 3 = sbeox0V: Oxygen raw, SBE 43 [V]
# name 4 = par: PAR/Irradiance, Biospherical/Licor
# name 5 = bat: Beam Attenuation, Chelsea/Seatech [1/m]
# name 6 = xmiss: Beam Transmission, Chelsea/Seatech [%]
# name 7 = flSP: Fluorescence, Seapoint
# name 8 = spar: SPAR, Biospherical/Licor
# name 9 = upoly0: Upoly 0, Suna Nitrate
# name 10 = t190C: Temperature, 2 [ITS-90, deg C]
# name 11 = c1uS/cm: Conductivity, 2 [uS/cm]
# name 12 = sbeox1V: Oxygen raw, SBE 43, 2 [V]
# name 13 = depFM: Depth [fresh water, m], lat = 43.3828
# name 14 = sbeox0Mg/L: Oxygen, SBE 43 [mg/l], WS = 2
# name 15 = specc: Specific Conductance [uS/cm]
# name 16 = sbeox1Mg/L: Oxygen, SBE 43, 2 [mg/l], WS = 2
# name 17 = flag: flag
# span 0 =     -0.003,    102.066       
# span 1 =     4.2489,    18.1157       
# span 2 =   8.746819, 262.667276       
# span 3 =     0.0012,     0.0366       
# span 4 = 1.0000e-12, 7.1857e+00       
# span 5 =     0.2310,     4.9893       
# span 6 =    28.7272,    94.3895       
# span 7 = 8.4249e-02, 2.1941e+00       
# span 8 = 0.0000e+00, 0.0000e+00       
# span 9 =  0.0413330,  0.0629524       
# span 10 =     4.2495,    18.1132      
# span 11 =   4.519275, 264.066391      
# span 12 =     1.9109,     2.8669      
# span 13 =     -0.003,    104.078      
# span 14 =    -3.2843,    -2.1890      
# span 15 =     11.130,    320.029      
# span 16 =     6.5802,    12.6931      
# span 17 = 0.0000e+00, 0.0000e+00      
# interval = seconds: 0.0416667
# start_time = Sep 28 2023 05:30:04 [NMEA time, header]
# bad_flag = -9.990e-29
*END*
[from data line 9247]
     95.849     4.2496 187.001862     0.0195 1.0000e-12     0.2654    93.5792 1.0256e-01 0.0000e+00  0.0554688     4.2508 188.267701     2.2247     97.739    -3.2223    319.655    11.2720 0.0000e+00
     95.868     4.2496 187.001864     0.0342 1.0000e-12     0.2654    93.5792 1.0623e-01 0.0000e+00  0.0558845     4.2508 188.116041     2.2234     97.758    -3.1165    319.655    11.2634 0.0000e+00
     95.886     4.2495 186.966027     0.0159 1.0000e-12     0.2654    93.5792 1.0256e-01 0.0000e+00  0.0558845     4.2500 188.237370     2.2234     97.776    -3.2379    319.594    11.2622 0.0000e+00
     95.904     4.2496 187.001864     0.0354 1.0000e-12     0.2654    93.5792 1.0256e-01 0.0000e+00  0.0554688     4.2502 188.085710     2.2247     97.795    -3.1125    319.655    11.2695 0.0000e+00
     95.922     4.2495 186.977972     0.0195 1.0000e-12     0.2654    93.5792 9.8901e-02 0.0000e+00  0.0554688     4.2502 188.055376     2.2247     97.813    -3.2103    319.615    11.2682 0.0000e+00
     95.941     4.2496 186.930193     0.0330 1.0000e-12     0.2654    93.5792 9.8901e-02 0.0000e+00  0.0554688     4.2502 188.025046     2.2247     97.833    -3.1341    319.532    11.2684 0.0000e+00
     95.960     4.2496 187.025755     0.0244 1.0000e-12     0.2654    93.5792 1.0256e-01 0.0000e+00  0.0554688     4.2502 188.176707     2.2247     97.852    -3.1766    319.695    11.2671 0.0000e+00
     95.978     4.2495 186.989919     0.0269 1.0000e-12     0.2654    93.5792 1.0256e-01 0.0000e+00  0.0554688     4.2502 188.116042     2.2234     97.870    -3.1785    319.635    11.2588 0.0000e+00
     95.996     4.2495 186.966030     0.0293 1.0000e-12     0.2654    93.5792 1.0256e-01 0.0000e+00  0.0554688     4.2502 188.025047     2.2234     97.889    -3.1475    319.594    11.2578 0.0000e+00
     96.014     4.2495 186.966029     0.0208 1.0000e-12     0.2654    93.5792 1.0256e-01 0.0000e+00  0.0554688     4.2503 188.176707     2.2247     97.907    -3.2171    319.594    11.2666 0.0000e+00
     96.033     4.2496 186.966031     0.0330 1.0000e-12     0.2654    93.5792 1.0256e-01 0.0000e+00  0.0554688     4.2505 188.116044     2.2234     97.926    -3.1262    319.593    11.2572 0.0000e+00
     96.051     4.2496 187.025756     0.0171 1.0000e-12     0.2654    93.5792 1.0256e-01 0.0000e+00  0.0558845     4.2503 188.237373     2.2234     97.945    -3.2345    319.695    11.2578 0.0000e+00
     96.068     4.2496 187.013812     0.0354 1.0000e-12     0.2654    93.5792 1.0256e-01 0.0000e+00  0.0558845     4.2498 188.116045     2.2234     97.962    -3.1146    319.675    11.2572 0.0000e+00
     96.086     4.2496 187.013811     0.0171 1.0000e-12     0.2666    93.5530 9.8901e-02 0.0000e+00  0.0554688     4.2503 188.176708     2.2234     97.980    -3.2292    319.675    11.2551 0.0000e+00
     96.105     4.2500 186.954086     0.0342 1.0000e-12     0.2677    93.5269 9.5238e-02 0.0000e+00  0.0554688     4.2505 188.267706     2.2247     98.000    -3.1274    319.568    11.2631 0.0000e+00
     96.125     4.2498 186.954087     0.0220 1.0000e-12     0.2677    93.5269 9.5238e-02 0.0000e+00  0.0554688     4.2503 188.298040     2.2234     98.020    -3.1945    319.571    11.2529 0.0000e+00
     96.143     4.2495 187.037704     0.0281 1.0000e-12     0.2677    93.5269 9.5238e-02 0.0000e+00  0.0558845     4.2503 188.146378     2.2234     98.039    -3.1731    319.717    11.2539 0.0000e+00
     96.160     4.2496 187.001868     0.0281 1.0000e-12     0.2677    93.5269 9.5238e-02 0.0000e+00  0.0558845     4.2502 188.085714     2.2234     98.056    -3.1577    319.655    11.2523 0.0000e+00
     96.177     4.2496 187.037705     0.0220 1.0000e-12     0.2677    93.5269 9.1575e-02 0.0000e+00  0.0554688     4.2506 188.176711     2.2234     98.073    -3.2142    319.716    11.2521 0.0000e+00
     96.194     4.2498 187.025758     0.0317 1.0000e-12     0.2677    93.5269 9.1575e-02 0.0000e+00  0.0554688     4.2506 188.237375     2.2234     98.091    -3.1385    319.693    11.2533 0.0000e+00
     96.212     4.2496 187.001869     0.0171 1.0000e-12     0.2677    93.5269 9.5238e-02 0.0000e+00  0.0558845     4.2505 188.267709     2.2234     98.109    -3.2419    319.655    11.2534 0.0000e+00
     96.229     4.2495 187.013815     0.0354 1.0000e-12     0.2677    93.5269 1.0256e-01 0.0000e+00  0.0558845     4.2505 188.207044     2.2234     98.126    -3.1187    319.676    11.2535 0.0000e+00
     96.245     4.2498 187.049650     0.0171 1.0000e-12     0.2677    93.5269 1.2088e-01 0.0000e+00  0.0554688     4.2503 188.207043     2.2234     98.143    -3.2356    319.734    11.2538 0.0000e+00
     96.263     4.2496 187.001870     0.0342 1.0000e-12     0.2666    93.5530 1.2088e-01 0.0000e+00  0.0554688     4.2503 188.176712     2.2234     98.161    -3.1329    319.655    11.2529 0.0000e+00
     96.281     4.2495 187.013815     0.0208 1.0000e-12     0.2677    93.5269 1.1355e-01 0.0000e+00  0.0554688     4.2500 188.207045     2.2234     98.179    -3.2101    319.676    11.2535 0.0000e+00
     96.301     4.2496 186.977980     0.0293 1.0000e-12     0.2677    93.5269 1.0623e-01 0.0000e+00  0.0554688     4.2502 188.237378     2.2234     98.200    -3.1710    319.614    11.2554 0.0000e+00
     96.319     4.2496 187.001871     0.0269 1.0000e-12     0.2677    93.5269 1.0256e-01 0.0000e+00  0.0558845     4.2502 188.176714     2.2234     98.218    -3.1711    319.655    11.2546 0.0000e+00
     96.335     4.2498 187.001871     0.0232 1.0000e-12     0.2677    93.5269 9.8901e-02 0.0000e+00  0.0554688     4.2505 188.207045     2.2222     98.234    -3.2121    319.652    11.2447 0.0000e+00
     96.353     4.2496 186.989926     0.0305 1.0000e-12     0.2677    93.5269 9.8901e-02 0.0000e+00  0.0554688     4.2505 188.176713     2.2234     98.253    -3.1495    319.634    11.2534 0.0000e+00
     96.371     4.2498 187.013817     0.0183 1.0000e-12     0.2677    93.5269 9.5238e-02 0.0000e+00  0.0554688     4.2505 188.207046     2.2234     98.271    -3.2386    319.673    11.2544 0.0000e+00
     96.389     4.2498 186.977982     0.0342 1.0000e-12     0.2677    93.5269 9.5238e-02 0.0000e+00  0.0558845     4.2507 188.237380     2.2234     98.289    -3.1283    319.612    11.2541 0.0000e+00
     96.406     4.2498 186.989927     0.0159 1.0000e-12     0.2677    93.5269 9.8901e-02 0.0000e+00  0.0558845     4.2505 188.267711     2.2234     98.307    -3.2474    319.632    11.2541 0.0000e+00
     96.422     4.2498 186.966038     0.0342 1.0000e-12     0.2688    93.5008 9.8901e-02 0.0000e+00  0.0554688     4.2506 188.116051     2.2222     98.323    -3.1320    319.591    11.2462 0.0000e+00
     96.439     4.2498 186.989927     0.0195 1.0000e-12     0.2699    93.4746 9.5238e-02 0.0000e+00  0.0550530     4.2500 188.085718     2.2234     98.340    -3.2185    319.632    11.2556 0.0000e+00
     96.457     4.2500 186.942148     0.0305 1.0000e-12     0.2733    93.3962 9.5238e-02 0.0000e+00  0.0550530     4.2505 188.176716     2.2222     98.359    -3.1606    319.548    11.2477 0.0000e+00
     96.475     4.2496 187.025763     0.0256 1.0000e-12     0.2733    93.3962 9.5238e-02 0.0000e+00  0.0558845     4.2498 188.176715     2.2234     98.377    -3.1778    319.695    11.2547 0.0000e+00
     96.494     4.2496 187.025765     0.0244 1.0000e-12     0.2722    93.4224 9.8901e-02 0.0000e+00  0.0558845     4.2499 188.267715     2.2222     98.396    -3.2023    319.695    11.2458 0.0000e+00
     96.512     4.2495 186.977984     0.0305 1.0000e-12     0.2733    93.3962 1.0256e-01 0.0000e+00  0.0554688     4.2505 188.237381     2.2222     98.415    -3.1461    319.615    11.2472 0.0000e+00
     96.529     4.2493 186.966039     0.0195 1.0000e-12     0.2733    93.3962 1.0623e-01 0.0000e+00  0.0554688     4.2500 188.237382     2.2222     98.432    -3.2305    319.597    11.2478 0.0000e+00
     96.547     4.2496 186.942149     0.0342 1.0000e-12     0.2722    93.4224 1.0989e-01 0.0000e+00  0.0554688     4.2502 188.176717     2.2210     98.451    -3.1244    319.552    11.2404 0.0000e+00
     96.565     4.2496 186.954094     0.0159 1.0000e-12     0.2722    93.4224 1.0623e-01 0.0000e+00  0.0558845     4.2503 188.176717     2.2234     98.469    -3.2457    319.573    11.2556 0.0000e+00
     96.583     4.2498 187.001876     0.0342 1.0000e-12     0.2722    93.4224 1.0623e-01 0.0000e+00  0.0563003     4.2505 188.085722     2.2222     98.487    -3.1278    319.652    11.2470 0.0000e+00
     96.601     4.2498 187.025767     0.0183 1.0000e-12     0.2722    93.4224 1.0989e-01 0.0000e+00  0.0558845     4.2505 188.025057     2.2222     98.506    -3.2232    319.693    11.2466 0.0000e+00
     96.618     4.2501 187.001876     0.0317 1.0000e-12     0.2722    93.4224 1.1722e-01 0.0000e+00  0.0554688     4.2508 188.116054     2.2234     98.523    -3.1485    319.649    11.2566 0.0000e+00
     96.635     4.2501 187.001876     0.0232 1.0000e-12     0.2733    93.3962 1.1722e-01 0.0000e+00  0.0554688     4.2508 188.176719     2.2222     98.540    -3.1902    319.649    11.2496 0.0000e+00
     96.651     4.2500 187.001877     0.0269 1.0000e-12     0.2733    93.3962 1.0989e-01 0.0000e+00  0.0554688     4.2508 188.207051     2.2222     98.557    -3.1829    319.650    11.2493 0.0000e+00
     96.667     4.2502 186.966041     0.0293 1.0000e-12     0.2733    93.3962 1.0623e-01 0.0000e+00  0.0554688     4.2507 188.116055     2.2222     98.573    -3.1505    319.587    11.2504 0.0000e+00
     96.683     4.2500 186.989932     0.0195 1.0000e-12     0.2722    93.4224 1.0256e-01 0.0000e+00  0.0563003     4.2503 188.146387     2.2210     98.589    -3.2272    319.630    11.2450 0.0000e+00
     96.700     4.2500 186.954096     0.0330 1.0000e-12     0.2722    93.4224 1.0256e-01 0.0000e+00  0.0571318     4.2505 188.207052     2.2222     98.607    -3.1277    319.569    11.2540 0.0000e+00
     96.718     4.2496 187.001879     0.0159 1.0000e-12     0.2733    93.3962 1.0256e-01 0.0000e+00  0.0563003     4.2510 188.237386     2.2234     98.625    -3.2436    319.655    11.2617 0.0000e+00
     96.735     4.2498 187.001878     0.0342 1.0000e-12     0.2722    93.4224 9.8901e-02 0.0000e+00  0.0550530     4.2506 188.176720     2.2222     98.642    -3.1234    319.652    11.2539 0.0000e+00
     96.752     4.2499 186.966043     0.0183 1.0000e-12     0.2733    93.3962 9.5238e-02 0.0000e+00  0.0550530     4.2505 188.176721     2.2210     98.660    -3.2211    319.590    11.2474 0.0000e+00
     96.769     4.2500 187.025768     0.0330 1.0000e-12     0.2722    93.4224 9.8901e-02 0.0000e+00  0.0558845     4.2503 188.085724     2.2222     98.677    -3.1357    319.691    11.2555 0.0000e+00
     96.787     4.2500 187.025770     0.0220 1.0000e-12     0.2733    93.3962 1.0256e-01 0.0000e+00  0.0567161     4.2510 188.176722     2.2222     98.695    -3.1947    319.691    11.2555 0.0000e+00
     96.804     4.2500 186.954098     0.0269 1.0000e-12     0.2710    93.4485 1.0256e-01 0.0000e+00  0.0558845     4.2510 188.237386     2.2210     98.713    -3.1786    319.569    11.2478 0.0000e+00
     96.821     4.2502 186.954099     0.0269 1.0000e-12     0.2699    93.4746 9.8901e-02 0.0000e+00  0.0550530     4.2503 188.116058     2.2210     98.730    -3.1618    319.566    11.2485 0.0000e+00
     96.837     4.2501 186.966044     0.0220 1.0000e-12     0.2722    93.4224 9.5238e-02 0.0000e+00  0.0550530     4.2503 188.176722     2.2222     98.746    -3.2092    319.588    11.2569 0.0000e+00
     96.854     4.2502 186.989934     0.0317 1.0000e-12     0.2722    93.4224 9.5238e-02 0.0000e+00  0.0554688     4.2510 188.237386     2.2234     98.764    -3.1332    319.628    11.2638 0.0000e+00
     96.872     4.2504 186.989936     0.0171 1.0000e-12     0.2722    93.4224 9.1575e-02 0.0000e+00  0.0554688     4.2505 188.176723     2.2210     98.782    -3.2354    319.625    11.2514 0.0000e+00
     96.890     4.2504 187.013826     0.0342 1.0000e-12     0.2710    93.4485 9.1575e-02 0.0000e+00  0.0554688     4.2506 188.176723     2.2210     98.800    -3.1209    319.666    11.2519 0.0000e+00
     96.907     4.2507 187.025771     0.0171 1.0000e-12     0.2722    93.4224 9.1575e-02 0.0000e+00  0.0558845     4.2508 188.207056     2.2210     98.818    -3.2288    319.683    11.2525 0.0000e+00
     96.923     4.2502 186.977991     0.0342 1.0000e-12     0.2722    93.4224 9.1575e-02 0.0000e+00  0.0567161     4.2511 188.055395     2.2234     98.834    -3.1258    319.607    11.2677 0.0000e+00
     96.940     4.2502 187.049662     0.0208 1.0000e-12     0.2722    93.4224 9.5238e-02 0.0000e+00  0.0571318     4.2521 188.116058     2.2222     98.851    -3.2016    319.730    11.2590 0.0000e+00
     96.957     4.2504 187.013828     0.0293 1.0000e-12     0.2722    93.4224 9.5238e-02 0.0000e+00  0.0563003     4.2511 188.207057     2.2210     98.869    -3.1622    319.666    11.2522 0.0000e+00
     96.973     4.2501 186.966046     0.0269 1.0000e-12     0.2722    93.4224 9.8901e-02 0.0000e+00  0.0554688     4.2511 188.237389     2.2210     98.885    -3.1610    319.588    11.2529 0.0000e+00
     96.990     4.2501 186.989938     0.0232 1.0000e-12     0.2722    93.4224 9.8901e-02 0.0000e+00  0.0554688     4.2511 188.267722     2.2210     98.902    -3.2017    319.629    11.2537 0.0000e+00
     97.007     4.2501 187.001883     0.0317 1.0000e-12     0.2722    93.4224 9.8901e-02 0.0000e+00  0.0554688     4.2500 188.207058     2.2210     98.920    -3.1323    319.649    11.2536 0.0000e+00
     97.023     4.2501 187.001883     0.0171 1.0000e-12     0.2722    93.4224 9.8901e-02 0.0000e+00  0.0554688     4.2510 188.267722     2.2234     98.936    -3.2367    319.649    11.2687 0.0000e+00
     97.040     4.2500 187.037720     0.0342 1.0000e-12     0.2722    93.4224 9.8901e-02 0.0000e+00  0.0554688     4.2507 188.207059     2.2222     98.953    -3.1199    319.711    11.2631 0.0000e+00
     97.057     4.2498 187.025773     0.0171 1.0000e-12     0.2710    93.4485 9.8901e-02 0.0000e+00  0.0558845     4.2510 188.055396     2.2210     98.971    -3.2312    319.693    11.2574 0.0000e+00
     97.075     4.2496 186.989940     0.0342 1.0000e-12     0.2710    93.4485 9.8901e-02 0.0000e+00  0.0558845     4.2506 188.116063     2.2222     98.989    -3.1247    319.634    11.2663 0.0000e+00
     97.093     4.2496 187.013830     0.0208 1.0000e-12     0.2722    93.4224 1.0256e-01 0.0000e+00  0.0554688     4.2508 188.207059     2.2234     99.007    -3.2016    319.675    11.2738 0.0000e+00
     97.110     4.2500 187.061612     0.0305 1.0000e-12     0.2722    93.4224 9.8901e-02 0.0000e+00  0.0550530     4.2506 188.176727     2.2222     99.025    -3.1545    319.752    11.2644 0.0000e+00
     97.128     4.2500 186.977995     0.0256 1.0000e-12     0.2722    93.4224 9.5238e-02 0.0000e+00  0.0550530     4.2510 188.207060     2.2210     99.043    -3.1718    319.609    11.2560 0.0000e+00
     97.145     4.2499 187.001886     0.0244 1.0000e-12     0.2710    93.4485 9.1575e-02 0.0000e+00  0.0554688     4.2505 188.176729     2.2210     99.060    -3.1975    319.651    11.2598 0.0000e+00
     97.161     4.2496 186.977995     0.0305 1.0000e-12     0.2699    93.4746 9.1575e-02 0.0000e+00  0.0554688     4.2505 188.267725     2.2222     99.077    -3.1436    319.614    11.2687 0.0000e+00
     97.178     4.2498 187.001887     0.0183 1.0000e-12     0.2699    93.4746 9.1575e-02 0.0000e+00  0.0558845     4.2510 188.207061     2.2222     99.094    -3.2336    319.652    11.2670 0.0000e+00
     97.194     4.2498 187.049667     0.0342 1.0000e-12     0.2710    93.4485 9.5238e-02 0.0000e+00  0.0554688     4.2508 188.176728     2.2210     99.110    -3.1210    319.734    11.2602 0.0000e+00
     97.210     4.2498 187.025777     0.0171 1.0000e-12     0.2699    93.4746 9.8901e-02 0.0000e+00  0.0554688     4.2508 188.207061     2.2210     99.127    -3.2347    319.693    11.2625 0.0000e+00
