data/05_metadata_exports/SeabirdData/202310_SeabirdData/88868_STN18.cnv
* Sea-Bird SBE 9 Data File:
* FileName = C:\Users\rosette\Rosette Data\2023\Ontario lower food web csmi\STN18.hex
* Software Version Seasave V 7.26.6.26
* Temperature SN = 5270
* Conductivity SN = 1168
* Number of Bytes Per Scan = 40
* Number of Voltage Words = 5
* Number of Scans Averaged by the Deck Unit = 1
* NMEA Latitude = 43 18.24 N
* NMEA Longitude = 079 16.54 W
* NMEA UTC (Time) = Sep 28 2023  06:55:12
* NMEA baud rate = 4800
** Ship: Lake Guardian
** Cruise: Ontario Lower Food Web 2023
** Station:  STN18
# nquan = 18                                
# nvalues = 16021                       
# units = specified
# name 0 = prDM: Pressure, Digiquartz [db]
# name 1 = t090C: Temperature [ITS-90, deg C]
# name 2 = c0uS/cm: Conductivity [uS/cm]
# name 3 = sbeox0V: Oxygen raw, SBE 43 [V]
# name 4 = par: PAR/Irradiance, Biospherical/Licor
# name 5 = bat: Beam Attenuation, Chelsea/Seatech [1/m]
# name 6 = xmiss: Beam Transmission, Chelsea/Seatech [%]
# name 7 = flSP: Fluorescence, Seapoint
# name 8 = spar: SPAR, Biospherical/Licor
# name 9 = upoly0: Upoly 0, Suna Nitrate
# name 10 = t190C: Temperature, 2 [ITS-90, deg C]
# name 11 = c1uS/cm: Conductivity, 2 [uS/cm]
# name 12 = sbeox1V: Oxygen raw, SBE 43, 2 [V]
# name 13 = depFM: Depth [fresh water, m], lat = 43.304
# name 14 = sbeox0Mg/L: Oxygen, SBE 43 [mg/l], WS = 2
# name 15 = specc: Specific Conductance [uS/cm]
# name 16 = sbeox1Mg/L: Oxygen, SBE 43, 2 [mg/l], WS = 2
# name 17 = flag: flag
# span 0 =      0.019,     82.145       
# span 1 =   -98.9762,    18.1659       
# span 2 =-137.993735, 264.318083       
# span 3 =     0.0012,     0.0366       
# span 4 = 1.0000e-12, 6.9636e+00       
# span 5 =     0.1836,     3.9643       
# span 6 =    37.1180,    95.5135       
# span 7 = 9.5238e-02, 3.0476e+00       
# span 8 = 0.0000e+00, 1.9691e+00       
# span 9 =  0.0413330,  0.0625367       
# span 10 =     4.6015,    18.1649      
# span 11 =   3.316521, 266.044956      
# span 12 =     1.7448,     2.8120      
# span 13 =      0.019,     83.765      
# span 14 =    -3.2336,   220.9654      
# span 15 =  -1054.042,   9280.625      
# span 16 =     5.7455,    11.1660      
# span 17 = 0.0000e+00, 0.0000e+00      
# interval = seconds: 0.0416667
# start_time = Sep 28 2023 06:55:12 [NMEA time, header]
# bad_flag = -9.990e-29
*END*
[from data line 2895]
      2.330    18.1454 263.956505     0.0195 3.6586e-02     0.7406    83.0973 1.2271e+00 0.0000e+00  0.0538058    18.1470 265.070825     1.7460      2.376    -2.2648    305.861     6.4556 -9.990e-29
      2.333    18.1453 263.944452     0.0342 1.8406e-02     0.7419    83.0711 1.2564e+00 0.0000e+00  0.0554688    18.1470 265.101263     1.7460      2.379    -2.2004    305.848     6.5251 -9.990e-29
      2.335    18.1456 263.956504     0.0171 5.3382e-03     0.7406    83.0973 1.2454e+00 0.0000e+00  0.0558845    18.1465 265.131704     1.7485      2.381    -2.2770    305.860     6.6073 -9.990e-29
      2.337    18.1462 263.992656     0.0354 1.0000e-12     0.7406    83.0973 1.2564e+00 0.0000e+00  0.0554688    18.1470 265.131703     1.7509      2.383    -2.1941    305.897     6.6903 -9.990e-29
      2.338    18.1468 263.932401     0.0183 1.0000e-12     0.7406    83.0973 1.3993e+00 0.0000e+00  0.0546373    18.1472 265.131702     1.7558      2.384    -2.2724    305.823     6.7851 -9.990e-29
      2.340    18.1472 263.884200     0.0354 1.9043e-03     0.7419    83.0711 1.5678e+00 0.0000e+00  0.0550530    18.1475 265.131703     1.7607      2.386    -2.1929    305.764     6.8799 -9.990e-29
      2.341    18.1475 263.968553     0.0195 5.6557e-03     0.7406    83.0973 1.5385e+00 0.0000e+00  0.0558845    18.1475 265.223021     1.7668      2.387    -2.2674    305.860     6.9804 -9.990e-29
      2.340    18.1479 263.908300     0.0317 6.2933e-03     0.7406    83.0973 1.4432e+00 0.0000e+00  0.0554688    18.1480 265.162142     1.7753      2.386    -2.2085    305.787     7.0910 -9.990e-29
      2.339    18.1481 263.968551     0.0232 2.9479e-02     0.7432    83.0450 1.3333e+00 0.0000e+00  0.0550530    18.1485 265.131701     1.7839      2.385    -2.2509    305.856     7.2013 -9.990e-29
      2.337    18.1488 264.016755     0.0293 1.0425e-01     0.7495    82.9143 1.2271e+00 0.0000e+00  0.0546373    18.1482 265.131702     1.7949      2.383    -2.2194    305.907     7.3214 -9.990e-29
      2.335    18.1489 264.004704     0.0281 1.3212e-01     0.7507    82.8882 1.1136e+00 0.0000e+00  0.0550530    18.1484 265.192581     1.8059      2.381    -2.2295    305.892     7.4403 -9.990e-29
      2.331    18.1493 263.956500     0.0256 3.8624e-02     0.7495    82.9143 1.0403e+00 0.0000e+00  0.0550530    18.1483 265.223019     1.8181      2.377    -2.2362    305.833     7.5629 -9.990e-29
      2.328    18.1485 263.956502     0.0305 7.5476e-05     0.7495    82.9143 9.9267e-01 0.0000e+00  0.0550530    18.1482 265.223021     1.8315      2.374    -2.2182    305.839     7.6891 -9.990e-29
      2.324    18.1481 263.944450     0.0220 1.0000e-12     0.7495    82.9143 9.8901e-01 0.0000e+00  0.0550530    18.1480 265.131701     1.8449      2.370    -2.2536    305.828     7.8122 -9.990e-29
      2.320    18.1479 263.908300     0.0330 1.0000e-12     0.7495    82.9143 1.0037e+00 0.0000e+00  0.0550530    18.1477 265.192582     1.8608      2.366    -2.2065    305.787     7.9444 -9.990e-29
      2.314    18.1474 263.980603     0.0195 1.0000e-12     0.7495    82.9143 9.7436e-01 0.0000e+00  0.0550530    18.1470 265.223020     1.8755      2.360    -2.2656    305.875     8.0677 -9.990e-29
      2.307    18.1481 263.956501     0.0354 1.0000e-12     0.7495    82.9143 9.3407e-01 0.0000e+00  0.0533900    18.1465 265.253460     1.8913      2.352    -2.1945    305.842     8.1928 -9.990e-29
      2.302    18.1475 263.944451     0.0171 2.0546e-02     0.7495    82.9143 9.4505e-01 0.0000e+00  0.0533900    18.1463 265.283900     1.9072      2.347    -2.2771    305.832     8.3143 -9.990e-29
      2.296    18.1480 263.956501     0.0354 4.2367e-02     0.7495    82.9143 9.2308e-01 0.0000e+00  0.0533900    18.1461 265.101263     1.9219      2.341    -2.1933    305.843     8.4263 -9.990e-29
      2.290    18.1479 263.944450     0.0183 4.6638e-02     0.7495    82.9143 8.9744e-01 0.0000e+00  0.0533900    18.1458 265.101264     1.9389      2.335    -2.2721    305.829     8.5442 -9.990e-29
      2.283    18.1477 263.956501     0.0342 4.4488e-02     0.7507    82.8882 9.0842e-01 0.0000e+00  0.0529742    18.1459 265.192582     1.9548      2.328    -2.1977    305.845     8.6520 -9.990e-29
      2.276    18.1472 263.968551     0.0220 4.3212e-02     0.7507    82.8882 9.5604e-01 0.0000e+00  0.0525585    18.1458 265.253459     1.9707      2.321    -2.2562    305.862     8.7544 -9.990e-29
      2.269    18.1465 264.004705     0.0305 4.2789e-02     0.7495    82.9143 9.8901e-01 0.0000e+00  0.0529742    18.1463 265.283900     1.9866      2.314    -2.2137    305.909     8.8510 -9.990e-29
      2.260    18.1462 263.992653     0.0244 3.5778e-02     0.7495    82.9143 9.8168e-01 0.0000e+00  0.0533900    18.1463 265.162140     2.0024      2.305    -2.2453    305.897     8.9424 -9.990e-29
      2.252    18.1458 263.992653     0.0281 2.4566e-02     0.7495    82.9143 9.5238e-01 0.0000e+00  0.0525585    18.1461 265.223019     2.0183      2.296    -2.2243    305.900     9.0285 -9.990e-29
      2.243    18.1456 263.884198     0.0293 2.0546e-02     0.7495    82.9143 9.4872e-01 0.0000e+00  0.0525585    18.1466 265.162140     2.0330      2.287    -2.2231    305.776     9.1037 -9.990e-29
      2.235    18.1456 263.956501     0.0232 5.9741e-03     0.7495    82.9143 9.5238e-01 0.0000e+00  0.0529742    18.1468 265.192579     2.0476      2.279    -2.2468    305.860     9.1724 -9.990e-29
      2.226    18.1453 264.004704     0.0317 1.0000e-12     0.7495    82.9143 9.4139e-01 0.0000e+00  0.0538058    18.1472 265.223019     2.0635      2.270    -2.2123    305.918     9.2419 -9.990e-29
      2.217    18.1452 263.968551     0.0208 1.0000e-12     0.7495    82.9143 9.3040e-01 0.0000e+00  0.0538058    18.1477 265.101259     2.0781      2.261    -2.2587    305.876     9.2999 -9.990e-29
      2.208    18.1453 263.944450     0.0342 1.0000e-12     0.7457    82.9927 9.1209e-01 0.0000e+00  0.0533900    18.1478 265.101259     2.0916      2.252    -2.2003    305.848     9.3484 -9.990e-29
      2.200    18.1451 263.944451     0.0183 1.0000e-12     0.7444    83.0189 9.0842e-01 0.0000e+00  0.0529742    18.1483 265.283897     2.1062      2.243    -2.2711    305.849     9.3970 -9.990e-29
      2.190    18.1451 263.944450     0.0354 1.0000e-12     0.7444    83.0189 9.0110e-01 0.0000e+00  0.0529742    18.1482 265.253456     2.1197      2.233    -2.1942    305.849     9.4361 -9.990e-29
      2.179    18.1450 263.944450     0.0183 1.2196e-02     0.7444    83.0189 9.0476e-01 0.0000e+00  0.0525585    18.1483 265.253455     2.1331      2.222    -2.2726    305.850     9.4712 -9.990e-29
      2.169    18.1451 263.944448     0.0354 2.2358e-02     0.7457    82.9927 9.0842e-01 0.0000e+00  0.0529742    18.1480 265.223015     2.1465      2.212    -2.1935    305.849     9.5034 -9.990e-29
      2.160    18.1450 263.944450     0.0195 2.3457e-02     0.7444    83.0189 9.1209e-01 0.0000e+00  0.0533900    18.1477 265.253456     2.1587      2.203    -2.2681    305.850     9.5270 -9.990e-29
      2.150    18.1450 263.956500     0.0330 4.2789e-02     0.7444    83.0189 9.0110e-01 0.0000e+00  0.0529742    18.1475 265.101259     2.1709      2.192    -2.2034    305.864     9.5482 -9.990e-29
      2.139    18.1448 263.944448     0.0232 6.3528e-02     0.7457    82.9927 8.9377e-01 0.0000e+00  0.0529742    18.1471 265.223015     2.1832      2.181    -2.2514    305.851     9.5676 -9.990e-29
      2.130    18.1450 263.956499     0.0293 6.7416e-02     0.7457    82.9927 8.9744e-01 0.0000e+00  0.0533900    18.1468 265.283895     2.1941      2.172    -2.2195    305.864     9.5788 -9.990e-29
      2.121    18.1451 264.040854     0.0269 5.3274e-02     0.7444    83.0189 9.1575e-01 0.0000e+00  0.0529742    18.1465 265.223016     2.2063      2.163    -2.2343    305.961     9.5949 -9.990e-29
      2.113    18.1451 263.992651     0.0256 3.6991e-02     0.7444    83.0189 9.5238e-01 0.0000e+00  0.0529742    18.1465 265.131698     2.2161      2.155    -2.2360    305.905     9.5993 -9.990e-29
      2.104    18.1451 264.016751     0.0305 3.3779e-02     0.7444    83.0189 9.7802e-01 0.0000e+00  0.0525585    18.1466 265.223015     2.2271      2.145    -2.2176    305.933     9.6084 -9.990e-29
      2.096    18.1450 264.004700     0.0220 4.1946e-02     0.7444    83.0189 1.0110e+00 0.0000e+00  0.0525585    18.1466 265.162136     2.2381      2.137    -2.2526    305.920     9.6170 -9.990e-29
      2.089    18.1449 264.016753     0.0330 5.8322e-02     0.7444    83.0189 1.0147e+00 0.0000e+00  0.0533900    18.1466 265.192577     2.2479      2.130    -2.2060    305.934     9.6200 -9.990e-29
      2.082    18.1441 264.028800     0.0195 6.0196e-02     0.7444    83.0189 9.9634e-01 0.0000e+00  0.0550530    18.1470 265.314330     2.2576      2.123    -2.2651    305.954     9.6217 -9.990e-29
      2.078    18.1430 263.980603     0.0342 1.7349e-02     0.7444    83.0189 9.7436e-01 0.0000e+00  0.0550530    18.1466 265.253457     2.2662      2.119    -2.2004    305.906     9.6193 -9.990e-29
      2.071    18.1422 263.920348     0.0183 1.0000e-12     0.7444    83.0189 9.4872e-01 0.0000e+00  0.0550530    18.1470 265.314333     2.2747      2.112    -2.2721    305.842     9.6164 -9.990e-29
      2.063    18.1415 264.016753     0.0354 1.0000e-12     0.7444    83.0189 9.3040e-01 0.0000e+00  0.0554688    18.1465 265.283892     2.2821      2.104    -2.1939    305.958     9.6090 -9.990e-29
      2.057    18.1402 263.956502     0.0195 4.7059e-03     0.7444    83.0189 9.3773e-01 0.0000e+00  0.0554688    18.1452 265.283895     2.2918      2.098    -2.2677    305.898     9.6130 -9.990e-29
      2.052    18.1394 263.956501     0.0342 1.2533e-02     0.7444    83.0189 1.0293e+00 0.0000e+00  0.0554688    18.1440 265.314334     2.2991      2.092    -2.1992    305.903     9.6064 -9.990e-29
      2.047    18.1398 263.992654     0.0220 1.4574e-02     0.7419    83.0711 1.1502e+00 0.0000e+00  0.0554688    18.1435 265.162138     2.3077      2.087    -2.2574    305.943     9.6066 -9.990e-29
      2.042    18.1406 263.932399     0.0317 1.3549e-02     0.7394    83.1234 1.2051e+00 0.0000e+00  0.0554688    18.1435 265.131698     2.3150      2.082    -2.2095    305.867     9.6008 -9.990e-29
      2.039    18.1406 263.908298     0.0244 1.2533e-02     0.7406    83.0973 1.1722e+00 0.0000e+00  0.0554688    18.1428 265.192577     2.3223      2.079    -2.2466    305.839     9.5959 -9.990e-29
      2.037    18.1399 263.908298     0.0281 1.1860e-02     0.7406    83.0973 1.1538e+00 0.0000e+00  0.0554688    18.1421 265.131699     2.3297      2.077    -2.2256    305.844     9.5925 -9.990e-29
      2.035    18.1389 263.944452     0.0281 1.2533e-02     0.7406    83.0973 1.2125e+00 0.0000e+00  0.0550530    18.1421 265.131700     2.3370      2.075    -2.2295    305.893     9.5897 -9.990e-29
      2.032    18.1386 263.944451     0.0232 1.3890e-02     0.7406    83.0973 1.1612e+00 0.0000e+00  0.0550530    18.1412 265.131700     2.3431      2.072    -2.2478    305.895     9.5819 -9.990e-29
      2.029    18.1377 263.944452     0.0317 1.4574e-02     0.7406    83.0973 1.0806e+00 0.0000e+00  0.0550530    18.1414 265.223018     2.3492      2.069    -2.2130    305.902     9.5753 -9.990e-29
      2.029    18.1372 263.908300     0.0208 1.9829e-02     0.7406    83.0973 1.0110e+00 0.0000e+00  0.0554688    18.1420 265.223017     2.3553      2.069    -2.2594    305.863     9.5694 -9.990e-29
      2.029    18.1370 263.908301     0.0342 5.1031e-02     0.7406    83.0973 9.5971e-01 0.0000e+00  0.0558845    18.1414 265.131699     2.3626      2.069    -2.2010    305.865     9.5704 -9.990e-29
      2.030    18.1365 263.932403     0.0183 6.4976e-02     0.7406    83.0973 9.3773e-01 0.0000e+00  0.0538058    18.1420 265.283897     2.3675      2.070    -2.2719    305.896     9.5609 -9.990e-29
      2.031    18.1366 263.944454     0.0354 2.9095e-02     0.7406    83.0973 9.6337e-01 0.0000e+00  0.0521427    18.1425 265.070821     2.3736      2.071    -2.1950    305.909     9.5579 -9.990e-29
      2.031    18.1365 263.944451     0.0183 9.8601e-04     0.7406    83.0973 9.9267e-01 0.0000e+00  0.0525585    18.1428 265.192576     2.3785      2.071    -2.2734    305.910     9.5498 -9.990e-29
      2.032    18.1368 263.944454     0.0354 1.0000e-12     0.7406    83.0973 9.8535e-01 0.0000e+00  0.0538058    18.1421 265.223019     2.3834      2.072    -2.1943    305.908     9.5432 -9.990e-29
      2.034    18.1374 263.956503     0.0208 1.0000e-12     0.7406    83.0973 9.9634e-01 0.0000e+00  0.0538058    18.1418 265.131699     2.3895      2.074    -2.2629    305.918     9.5427 -9.990e-29
      2.036    18.1378 263.968553     0.0330 1.0000e-12     0.7406    83.0973 9.7070e-01 0.0000e+00  0.0529742    18.1418 265.223017     2.3944      2.076    -2.2044    305.929     9.5381 -9.990e-29
      2.040    18.1385 263.920350     0.0232 1.0000e-12     0.7406    83.0973 9.2674e-01 0.0000e+00  0.0521427    18.1416 265.162139     2.3993      2.080    -2.2525    305.868     9.5340 -9.990e-29
      2.045    18.1392 263.908301     0.0293 1.0000e-12     0.7394    83.1234 9.3773e-01 0.0000e+00  0.0521427    18.1416 265.192580     2.4029      2.085    -2.2205    305.849     9.5247 -9.990e-29
      2.049    18.1398 263.980602     0.0269 1.0000e-12     0.7406    83.0973 9.3773e-01 0.0000e+00  0.0525585    18.1414 265.314336     2.4078      2.089    -2.2357    305.929     9.5228 -9.990e-29
      2.053    18.1403 264.016755     0.0256 1.0000e-12     0.7394    83.1234 9.2674e-01 0.0000e+00  0.0529742    18.1411 265.283898     2.4115      2.093    -2.2374    305.967     9.5158 -9.990e-29
      2.059    18.1406 263.980601     0.0293 1.2533e-02     0.7406    83.0973 9.3407e-01 0.0000e+00  0.0533900    18.1412 265.162139     2.4164      2.100    -2.2244    305.923     9.5155 -9.990e-29
      2.065    18.1411 263.992653     0.0220 2.4195e-02     0.7469    82.9666 9.3040e-01 0.0000e+00  0.0529742    18.1416 265.283898     2.4200      2.106    -2.2544    305.933     9.5095 -9.990e-29
      2.072    18.1413 263.968552     0.0330 1.9471e-02     0.7520    82.8620 9.1575e-01 0.0000e+00  0.0525585    18.1412 265.283898     2.4237      2.113    -2.2073    305.904     9.5049 -9.990e-29
      2.080    18.1418 263.932399     0.0195 3.1407e-03     0.7532    82.8359 9.0110e-01 0.0000e+00  0.0525585    18.1416 265.314338     2.4274      2.121    -2.2663    305.859     9.5002 -9.990e-29
      2.087    18.1422 263.956501     0.0342 1.0000e-12     0.7532    82.8359 8.9377e-01 0.0000e+00  0.0525585    18.1418 265.283898     2.4310      2.128    -2.2011    305.884     9.4962 -9.990e-29
      2.094    18.1420 264.040855     0.0183 1.0000e-12     0.7532    82.8359 8.6447e-01 0.0000e+00  0.0525585    18.1420 265.223019     2.4347      2.135    -2.2728    305.983     9.4929 -9.990e-29
      2.102    18.1426 264.016755     0.0354 7.5794e-03     0.7520    82.8620 8.4249e-01 0.0000e+00  0.0525585    18.1418 265.223020     2.4371      2.143    -2.1945    305.951     9.4846 -9.990e-29
      2.110    18.1427 264.040855     0.0195 1.1860e-02     0.7520    82.8620 8.2051e-01 0.0000e+00  0.0525585    18.1425 265.314337     2.4408      2.152    -2.2682    305.978     9.4830 -9.990e-29
      2.118    18.1432 264.016754     0.0342 1.2533e-02     0.7532    82.8359 8.5714e-01 0.0000e+00  0.0529742    18.1428 265.283898     2.4432      2.160    -2.1996    305.946     9.4760 -9.990e-29
      2.127    18.1434 264.004703     0.0220 1.0527e-02     0.7532    82.8359 8.8278e-01 0.0000e+00  0.0529742    18.1432 265.283898     2.4469      2.169    -2.2577    305.931     9.4757 -9.990e-29
      2.136    18.1436 264.004703     0.0317 9.2075e-03     0.7532    82.8359 8.7912e-01 0.0000e+00  0.0529742    18.1437 265.314337     2.4493      2.178    -2.2102    305.930     9.4701 -9.990e-29
