data/05_metadata_exports/SeabirdData/202310_SeabirdData/88861_STN19.cnv
* Sea-Bird SBE 9 Data File:
* FileName = C:\Users\rosette\Rosette Data\2023\Ontario lower food web csmi\STN19.hex
* Software Version Seasave V 7.26.6.26
* Temperature SN = 5270
* Conductivity SN = 1168
* Number of Bytes Per Scan = 40
* Number of Voltage Words = 5
* Number of Scans Averaged by the Deck Unit = 1
* NMEA Latitude = 43 22.97 N
* NMEA Longitude = 079 17.02 W
* NMEA UTC (Time) = Sep 28 2023  05:30:04
* NMEA baud rate = 4800
** Ship: Lake Guardian
** Cruise: Ontario Lower Food Web 2023
** Station:  STN19
# nquan = 18                                
# nvalues = 18458                       
# units = specified
# name 0 = prDM: Pressure, Digiquartz [db]
# name 1 = t090C: Temperature [ITS-90, deg C]
# name 2 = c0uS/cm: Conductivity [uS/cm]
# name 3 = sbeox0V: Oxygen raw, SBE 43 [V]
# name 4 = par: PAR/Irradiance, Biospherical/Licor
# name 5 = bat: Beam Attenuation, Chelsea/Seatech [1/m]
# name 6 = xmiss: Beam Transmission, Chelsea/Seatech [%]
# name 7 = flSP: Fluorescence, Seapoint
# name 8 = spar: SPAR, Biospherical/Licor
# name 9 = upoly0: Upoly 0, Suna Nitrate
# name 10 = t190C: Temperature, 2 [ITS-90, deg C]
# name 11 = c1uS/cm: Conductivity, 2 [uS/cm]
# name 12 = sbeox1V: Oxygen raw, SBE 43, 2 [V]
# name 13 = depFM: Depth [fresh water, m], lat = 43.3828
# name 14 = sbeox0Mg/L: Oxygen, SBE 43 [mg/l], WS = 2
# name 15 = specc: Specific Conductance [uS/cm]
# name 16 = sbeox1Mg/L: Oxygen, SBE 43, 2 [mg/l], WS = 2
# name 17 = flag: flag
# span 0 =     -0.003,    102.066       
# span 1 =     4.2489,    18.1157       
# span 2 =   8.746819, 262.667276       
# span 3 =     0.0012,     0.0366       
# span 4 = 1.0000e-12, 7.1857e+00       
# span 5 =     0.2310,     4.9893       
# span 6 =    28.7272,    94.3895       
# span 7 = 8.4249e-02, 2.1941e+00       
# span 8 = 0.0000e+00, 0.0000e+00       
# span 9 =  0.0413330,  0.0629524       
# span 10 =     4.2495,    18.1132      
# span 11 =   4.519275, 264.066391      
# span 12 =     1.9109,     2.8669      
# span 13 =     -0.003,    104.078      
# span 14 =    -3.2843,    -2.1890      
# span 15 =     11.130,    320.029      
# span 16 =     6.5802,    12.6931      
# span 17 = 0.0000e+00, 0.0000e+00      
# interval = seconds: 0.0416667
# start_time = Sep 28 2023 05:30:04 [NMEA time, header]
# bad_flag = -9.990e-29
*END*
[from data line 14714]
     52.229     4.4263 187.251826     0.0281 1.0000e-12     0.3047    92.6643 1.5751e-01 0.0000e+00  0.0563003     4.4274 188.388136     2.2625     53.259    -3.1250    318.159    11.3985 -9.990e-29
     52.230     4.4266 187.215990     0.0098 1.0000e-12     0.3047    92.6643 1.6484e-01 0.0000e+00  0.0563003     4.4273 188.297140     2.2625     53.260    -3.2487    318.095    11.3987 -9.990e-29
     52.231     4.4265 187.204046     0.0330 1.0000e-12     0.3059    92.6382 1.7582e-01 0.0000e+00  0.0558845     4.4267 188.297141     2.2637     53.261    -3.1024    318.076    11.4070 -9.990e-29
     52.230     4.4266 187.204045     0.0208 1.0000e-12     0.3059    92.6382 1.7582e-01 0.0000e+00  0.0554688     4.4272 188.357805     2.2625     53.260    -3.1705    318.075    11.3993 -9.990e-29
     52.229     4.4267 187.239881     0.0134 1.0000e-12     0.3047    92.6643 1.6850e-01 0.0000e+00  0.0554688     4.4268 188.297140     2.2637     53.259    -3.2290    318.135    11.4064 -9.990e-29
     52.227     4.4266 187.239881     0.0330 1.0000e-12     0.3059    92.6382 1.6117e-01 0.0000e+00  0.0554688     4.4269 188.357805     2.2625     53.257    -3.0979    318.136    11.3989 -9.990e-29
     52.226     4.4266 187.251827     0.0134 1.0000e-12     0.3047    92.6643 1.5385e-01 0.0000e+00  0.0558845     4.4268 188.297140     2.2625     53.256    -3.2201    318.156    11.3993 -9.990e-29
     52.225     4.4271 187.263772     0.0244 1.0000e-12     0.3047    92.6643 1.6117e-01 0.0000e+00  0.0558845     4.4264 188.388137     2.2625     53.255    -3.1586    318.171    11.3999 -9.990e-29
     52.224     4.4268 187.239881     0.0281 1.0000e-12     0.3059    92.6382 1.6117e-01 0.0000e+00  0.0558845     4.4264 188.448802     2.2637     53.254    -3.1239    318.134    11.4082 -9.990e-29
     52.223     4.4268 187.275718     0.0098 1.0000e-12     0.3036    92.6904 1.5751e-01 0.0000e+00  0.0558845     4.4267 188.357805     2.2625     53.253    -3.2476    318.195    11.3996 -9.990e-29
     52.222     4.4269 187.299609     0.0317 1.0000e-12     0.3059    92.6382 1.5751e-01 0.0000e+00  0.0558845     4.4267 188.357805     2.2625     53.252    -3.1108    318.234    11.4001 -9.990e-29
     52.220     4.4268 187.251827     0.0208 1.0000e-12     0.3047    92.6643 1.6117e-01 0.0000e+00  0.0554688     4.4267 188.266808     2.2625     53.250    -3.1695    318.154    11.4008 -9.990e-29
     52.218     4.4270 187.251827     0.0134 1.0000e-12     0.3047    92.6643 1.5751e-01 0.0000e+00  0.0558845     4.4269 188.327472     2.2625     53.248    -3.2290    318.152    11.4013 -9.990e-29
     52.216     4.4269 187.287663     0.0330 1.0000e-12     0.3047    92.6643 1.5018e-01 0.0000e+00  0.0563003     4.4273 188.388137     2.2625     53.245    -3.0980    318.214    11.4006 -9.990e-29
     52.213     4.4274 187.263772     0.0147 1.0000e-12     0.3059    92.6382 1.4286e-01 0.0000e+00  0.0563003     4.4268 188.388137     2.2625     53.242    -3.2118    318.168    11.4027 -9.990e-29
     52.209     4.4271 187.287662     0.0232 1.0000e-12     0.3059    92.6382 1.4652e-01 0.0000e+00  0.0558845     4.4269 188.418469     2.2625     53.238    -3.1663    318.212    11.4034 -9.990e-29
     52.207     4.4271 187.204045     0.0293 1.0000e-12     0.3047    92.6643 1.4652e-01 0.0000e+00  0.0558845     4.4267 188.327472     2.2625     53.236    -3.1163    318.070    11.4043 -9.990e-29
     52.205     4.4270 187.215990     0.0098 1.0000e-12     0.3047    92.6643 1.4652e-01 0.0000e+00  0.0558845     4.4267 188.357805     2.2625     53.234    -3.2477    318.091    11.4038 -9.990e-29
     52.201     4.4271 187.275718     0.0317 1.0000e-12     0.3047    92.6643 1.4652e-01 0.0000e+00  0.0558845     4.4265 188.418470     2.2637     53.230    -3.1108    318.191    11.4125 -9.990e-29
     52.196     4.4271 187.204044     0.0220 1.0000e-12     0.3047    92.6643 1.5385e-01 0.0000e+00  0.0558845     4.4270 188.327471     2.2625     53.225    -3.1619    318.070    11.4041 -9.990e-29
     52.191     4.4270 187.192099     0.0122 1.0000e-12     0.3059    92.6382 1.5385e-01 0.0000e+00  0.0558845     4.4270 188.388137     2.2625     53.220    -3.2368    318.050    11.4062 -9.990e-29
     52.185     4.4274 187.204043     0.0342 1.0000e-12     0.3081    92.5859 1.5018e-01 0.0000e+00  0.0558845     4.4268 188.388136     2.2625     53.214    -3.0915    318.066    11.4071 -9.990e-29
     52.179     4.4272 187.204044     0.0147 1.0000e-12     0.3093    92.5598 1.3919e-01 0.0000e+00  0.0558845     4.4270 188.297140     2.2625     53.208    -3.2119    318.068    11.4080 -9.990e-29
     52.171     4.4273 187.239880     0.0220 1.0000e-12     0.3093    92.5598 1.3187e-01 0.0000e+00  0.0558845     4.4273 188.357803     2.2625     53.200    -3.1752    318.128    11.4075 -9.990e-29
     52.161     4.4277 187.239881     0.0293 1.0000e-12     0.3093    92.5598 1.3553e-01 0.0000e+00  0.0558845     4.4280 188.388137     2.2625     53.189    -3.1185    318.124    11.4070 -9.990e-29
     52.148     4.4278 187.239880     0.0098 1.0000e-12     0.3093    92.5598 1.3919e-01 0.0000e+00  0.0558845     4.4275 188.479133     2.2625     53.176    -3.2488    318.123    11.4068 -9.990e-29
     52.133     4.4279 187.239878     0.0317 1.0000e-12     0.3093    92.5598 1.3919e-01 0.0000e+00  0.0558845     4.4276 188.418467     2.2625     53.161    -3.1130    318.122    11.4065 -9.990e-29
     52.119     4.4282 187.239879     0.0220 1.0000e-12     0.3093    92.5598 1.4652e-01 0.0000e+00  0.0558845     4.4278 188.388136     2.2625     53.147    -3.1628    318.119    11.4073 -9.990e-29
     52.103     4.4278 187.275714     0.0122 1.0000e-12     0.3093    92.5598 1.5018e-01 0.0000e+00  0.0554688     4.4281 188.297136     2.2625     53.130    -3.2365    318.184    11.4070 -9.990e-29
     52.089     4.4280 187.251823     0.0342 1.0000e-12     0.3081    92.5859 1.7216e-01 0.0000e+00  0.0558845     4.4286 188.388133     2.2625     53.116    -3.0934    318.141    11.4078 -9.990e-29
     52.077     4.4280 187.239878     0.0159 1.0000e-12     0.3081    92.5859 1.9414e-01 0.0000e+00  0.0558845     4.4286 188.327469     2.2625     53.104    -3.2049    318.121    11.4076 -9.990e-29
     52.065     4.4280 187.239877     0.0220 1.0000e-12     0.3093    92.5598 1.9780e-01 0.0000e+00  0.0558845     4.4281 188.509463     2.2625     53.092    -3.1769    318.121    11.4075 -9.990e-29
     52.052     4.4280 187.239877     0.0293 1.0000e-12     0.3093    92.5598 1.8681e-01 0.0000e+00  0.0563003     4.4283 188.539796     2.2625     53.078    -3.1191    318.121    11.4072 -9.990e-29
     52.040     4.4283 187.204041     0.0098 1.0000e-12     0.3093    92.5598 1.7949e-01 0.0000e+00  0.0558845     4.4284 188.418466     2.2625     53.066    -3.2482    318.057    11.4083 -9.990e-29
     52.027     4.4284 187.227931     0.0305 1.0000e-12     0.3093    92.5598 1.7216e-01 0.0000e+00  0.0558845     4.4286 188.297135     2.2625     53.053    -3.1212    318.096    11.4080 -9.990e-29
     52.015     4.4284 187.239877     0.0232 1.0000e-12     0.3093    92.5598 1.6850e-01 0.0000e+00  0.0558845     4.4289 188.297136     2.2625     53.041    -3.1568    318.116    11.4078 -9.990e-29
     52.002     4.4285 187.239876     0.0110 1.0000e-12     0.3093    92.5598 1.6117e-01 0.0000e+00  0.0558845     4.4288 188.236470     2.2625     53.027    -3.2469    318.115    11.4076 -9.990e-29
     51.988     4.4287 187.251822     0.0342 1.0000e-12     0.3093    92.5598 1.6117e-01 0.0000e+00  0.0558845     4.4291 188.327467     2.2625     53.013    -3.0950    318.133    11.4074 -9.990e-29
     51.973     4.4289 187.263767     0.0159 1.0000e-12     0.3081    92.5859 1.6484e-01 0.0000e+00  0.0558845     4.4294 188.479129     2.2637     52.998    -3.2054    318.152    11.4149 -9.990e-29
     51.957     4.4290 187.263766     0.0208 1.0000e-12     0.3093    92.5598 1.6484e-01 0.0000e+00  0.0558845     4.4294 188.418463     2.2625     52.981    -3.1851    318.150    11.4069 0.0000e+00
     51.941     4.4289 187.263766     0.0305 1.0000e-12     0.3093    92.5598 1.5751e-01 0.0000e+00  0.0558845     4.4292 188.297133     2.2625     52.965    -3.1129    318.152    11.4068 0.0000e+00
     51.926     4.4290 187.287657     0.0098 1.0000e-12     0.3070    92.6120 1.6117e-01 0.0000e+00  0.0563003     4.4297 188.297133     2.2625     52.950    -3.2475    318.191    11.4065 0.0000e+00
     51.911     4.4290 187.251820     0.0305 1.0000e-12     0.3070    92.6120 1.5751e-01 0.0000e+00  0.0558845     4.4294 188.357798     2.2625     52.934    -3.1205    318.130    11.4064 0.0000e+00
     51.894     4.4292 187.204037     0.0232 1.0000e-12     0.3059    92.6382 1.5385e-01 0.0000e+00  0.0554688     4.4294 188.479127     2.2625     52.917    -3.1551    318.047    11.4075 0.0000e+00
     51.877     4.4292 187.204037     0.0110 1.0000e-12     0.3059    92.6382 1.5018e-01 0.0000e+00  0.0558845     4.4293 188.357797     2.2637     52.900    -3.2441    318.047    11.4152 0.0000e+00
     51.860     4.4290 187.227928     0.0342 1.0000e-12     0.3070    92.6120 1.5018e-01 0.0000e+00  0.0558845     4.4292 188.357797     2.2625     52.882    -3.0933    318.090    11.4073 0.0000e+00
     51.842     4.4292 187.239873     0.0159 1.0000e-12     0.3059    92.6382 1.5751e-01 0.0000e+00  0.0558845     4.4299 188.388128     2.2625     52.864    -3.2026    318.108    11.4069 0.0000e+00
     51.824     4.4292 187.204036     0.0195 1.0000e-12     0.3059    92.6382 1.6484e-01 0.0000e+00  0.0558845     4.4294 188.388128     2.2625     52.846    -3.1906    318.047    11.4070 0.0000e+00
     51.806     4.4291 187.227927     0.0305 1.0000e-12     0.3070    92.6120 1.5751e-01 0.0000e+00  0.0563003     4.4299 188.388128     2.2625     52.827    -3.1113    318.088    11.4067 0.0000e+00
     51.787     4.4292 187.275708     0.0098 1.0000e-12     0.3059    92.6382 1.5018e-01 0.0000e+00  0.0563003     4.4294 188.418460     2.2625     52.808    -3.2459    318.169    11.4067 0.0000e+00
     51.769     4.4290 187.227926     0.0293 1.0000e-12     0.3070    92.6120 1.5018e-01 0.0000e+00  0.0558845     4.4295 188.448792     2.2625     52.790    -3.1277    318.090    11.4065 0.0000e+00
     51.751     4.4290 187.239872     0.0244 1.0000e-12     0.3059    92.6382 1.5751e-01 0.0000e+00  0.0554688     4.4299 188.448792     2.2625     52.771    -3.1457    318.110    11.4063 0.0000e+00
     51.732     4.4290 187.239872     0.0110 1.0000e-12     0.3070    92.6120 1.6117e-01 0.0000e+00  0.0554688     4.4295 188.388127     2.2625     52.752    -3.2425    318.110    11.4063 0.0000e+00
     51.713     4.4292 187.239869     0.0330 1.0000e-12     0.3059    92.6382 1.6484e-01 0.0000e+00  0.0558845     4.4296 188.388125     2.2625     52.733    -3.1005    318.108    11.4061 0.0000e+00
     51.695     4.4291 187.251816     0.0171 1.0000e-12     0.3059    92.6382 1.6850e-01 0.0000e+00  0.0558845     4.4297 188.479124     2.2625     52.714    -3.1934    318.129    11.4059 0.0000e+00
     51.678     4.4295 187.215979     0.0183 1.0000e-12     0.3070    92.6120 1.6484e-01 0.0000e+00  0.0558845     4.4292 188.539789     2.2625     52.697    -3.1967    318.064    11.4060 0.0000e+00
     51.659     4.4292 187.180142     0.0317 1.0000e-12     0.3070    92.6120 1.6484e-01 0.0000e+00  0.0558845     4.4293 188.448790     2.2625     52.678    -3.1020    318.006    11.4058 0.0000e+00
     51.640     4.4293 187.239869     0.0110 1.0000e-12     0.3059    92.6382 1.6850e-01 0.0000e+00  0.0563003     4.4291 188.388125     2.2625     52.658    -3.2366    318.107    11.4058 0.0000e+00
     51.621     4.4296 187.192086     0.0281 1.0000e-12     0.3059    92.6382 1.6484e-01 0.0000e+00  0.0563003     4.4293 188.297127     2.2625     52.639    -3.1348    318.022    11.4056 0.0000e+00
     51.603     4.4295 187.192086     0.0244 1.0000e-12     0.3059    92.6382 1.5751e-01 0.0000e+00  0.0563003     4.4294 188.357792     2.2625     52.620    -3.1462    318.023    11.4054 0.0000e+00
     51.586     4.4291 187.275705     0.0098 1.0000e-12     0.3059    92.6382 1.5385e-01 0.0000e+00  0.0558845     4.4288 188.388125     2.2625     52.603    -3.2495    318.170    11.4055 0.0000e+00
     51.568     4.4295 187.227923     0.0342 1.0000e-12     0.3070    92.6120 1.6117e-01 0.0000e+00  0.0554688     4.4288 188.297128     2.2625     52.585    -3.0932    318.084    11.4053 0.0000e+00
     51.550     4.4292 187.227922     0.0183 1.0000e-12     0.3059    92.6382 1.6850e-01 0.0000e+00  0.0558845     4.4286 188.236462     2.2625     52.566    -3.1860    318.087    11.4053 0.0000e+00
     51.532     4.4291 187.239867     0.0171 1.0000e-12     0.3059    92.6382 1.6484e-01 0.0000e+00  0.0563003     4.4286 188.327459     2.2625     52.548    -3.2058    318.109    11.4064 0.0000e+00
     51.514     4.4294 187.204030     0.0317 1.0000e-12     0.3070    92.6120 1.6117e-01 0.0000e+00  0.0563003     4.4288 188.418455     2.2625     52.530    -3.1044    318.045    11.4063 0.0000e+00
     51.497     4.4292 187.156249     0.0122 1.0000e-12     0.3070    92.6120 1.5018e-01 0.0000e+00  0.0563003     4.4285 188.388124     2.2625     52.512    -3.2290    317.966    11.4063 0.0000e+00
     51.479     4.4294 187.215975     0.0281 1.0000e-12     0.3059    92.6382 1.4286e-01 0.0000e+00  0.0563003     4.4283 188.418455     2.2625     52.494    -3.1360    318.065    11.4063 0.0000e+00
     51.460     4.4290 187.239866     0.0256 1.0000e-12     0.3070    92.6120 1.4652e-01 0.0000e+00  0.0558845     4.4291 188.327458     2.2625     52.475    -3.1396    318.110    11.4060 0.0000e+00
     51.441     4.4290 187.251811     0.0098 1.0000e-12     0.3070    92.6120 1.4652e-01 0.0000e+00  0.0558845     4.4286 188.297125     2.2625     52.455    -3.2505    318.130    11.4060 0.0000e+00
     51.422     4.4288 187.263757     0.0342 1.0000e-12     0.3070    92.6120 1.4652e-01 0.0000e+00  0.0558845     4.4286 188.388122     2.2625     52.436    -3.0953    318.153    11.4072 0.0000e+00
     51.403     4.4292 187.192083     0.0183 1.0000e-12     0.3059    92.6382 1.5385e-01 0.0000e+00  0.0563003     4.4294 188.327456     2.2625     52.416    -3.1868    318.027    11.4070 0.0000e+00
     51.384     4.4289 187.192083     0.0171 1.0000e-12     0.3059    92.6382 1.5385e-01 0.0000e+00  0.0563003     4.4286 188.297124     2.2625     52.397    -3.2076    318.030    11.4072 0.0000e+00
     51.366     4.4290 187.204028     0.0317 1.0000e-12     0.3059    92.6382 1.5018e-01 0.0000e+00  0.0558845     4.4289 188.297123     2.2625     52.379    -3.1061    318.049    11.4071 0.0000e+00
     51.347     4.4287 187.204028     0.0122 1.0000e-12     0.3070    92.6120 1.5018e-01 0.0000e+00  0.0558845     4.4288 188.357788     2.2625     52.359    -3.2307    318.052    11.4071 0.0000e+00
     51.328     4.4287 187.180136     0.0269 1.0000e-12     0.3070    92.6120 1.5751e-01 0.0000e+00  0.0563003     4.4288 188.297122     2.2625     52.340    -3.1454    318.012    11.4070 0.0000e+00
     51.310     4.4288 187.180136     0.0269 1.0000e-12     0.3070    92.6120 1.6484e-01 0.0000e+00  0.0563003     4.4286 188.388120     2.2625     52.322    -3.1330    318.011    11.4071 0.0000e+00
     51.292     4.4284 187.215973     0.0098 1.0000e-12     0.3059    92.6382 1.6484e-01 0.0000e+00  0.0558845     4.4281 188.266790     2.2625     52.303    -3.2511    318.076    11.4072 0.0000e+00
     51.274     4.4285 187.144299     0.0330 1.0000e-12     0.3070    92.6120 1.6117e-01 0.0000e+00  0.0558845     4.4283 188.236457     2.2625     52.285    -3.1035    317.953    11.4059 0.0000e+00
     51.256     4.4282 187.180136     0.0195 1.0000e-12     0.3059    92.6382 1.6117e-01 0.0000e+00  0.0558845     4.4278 188.388119     2.2625     52.267    -3.1809    318.017    11.4061 0.0000e+00
